2
3
4
5
6
7
8
9
10
11
12
13
14
15
16
17
18
19
20
21
22
23
24
25
26
27
28
29
30
31
32
33
34
35
36
37
38
39
40
41
42
43
44
45
46
47
48
49
50
51
52
53
54
55
56
57
58
59
60
61
62
63
64
65
66
67
68
69
70
71
72
73
74
75
76
77
78
79
80
81
82
83
84
85
86
87
88
89
90
91
92
93
94
95
96
97
98
99
100
101
102
103
104
105
106
107
108
109
110
111
112
113
114
115
116
117
118
119
120
121
122
123
124
125
126
128
129
130
131
132
133
134
135
136
137
138
139
140
141
142
143
144
145
146
147
148
149
150
151
152
153
154
155
156
157
159
160
161
162
163
164
165
166
167
168
169
170
171
172
173
174
175
176
177
178
179
180
181
182
183
184
185
186
187
188
189
190
191
192
193
194
195
196
197
198
199
200
201
202
203
204
205
206
207
208
209
210
211
212
213
214
215
216
217
218
219
220
221
222
223
224
225
226
227
228
229
230
231
232
233
234
235
236
237
238
239
240
241
242
243
244
245
246
247
248
249
250
251
252
253
256
257
258
259
260
261
262
263
264
265
266
267
268
269
270
271
272
273
274
275
276
277
278
279
280
281
282
283
284
285
286
287
288
289
290
291
292
293
294
295
296
297
298
299
300
301
303
304
305
306
307
308
309
310
312
313
314
315
316
317
318
319
320
321
322
323
324
325
326
328
329
330
331
332
333
334
335
336
337
338
339
340
341
342
343
344
345
346
347
348
349
352
353
354
355
356
357
358
359
360
361
362
363
364
365
366
367
368
369
370
371
372
374
375
376
377
378
379
380
384
385
386
387
388
389
390
391
392
393
394
395
396
397
398
399
400
401
402
403
404
405
406
407
408
409
410
411
412
413
414
416
417
418
419
420
421
422
423
424
425
426
427
428
429
430
431
432
433
435
436
437
438
439
440
441
442
443
444
445
446
447
448
449
450
451
452
453
454
455
456
457
458
459
460
461
462
463
464
465
466
468
469
470
471
472
473
474
475
476
477
478
480
481
482
484
485
486
488
489
490
491
492
493
494
497
498
500
501
502
505
506
512
513
514
515
516
517
518
519
520
521
522
523
524
525
526
527
528
529
530
531
532
533
534
536
537
538
540
541
542
544
545
546
547
548
549
550
551
552
553
554
555
556
557
560
561
562
563
564
565
566
567
569
570
572
573
576
577
578
579
580
581
582
584
585
586
587
588
589
592
593
594
595
596
597
598
600
601
602
605
608
609
610
612
613
614
615
616
617
618
621
623
624
625
626
628
629
630
631
633
634
637
640
641
642
643
644
645
646
647
648
649
650
651
652
653
655
656
657
658
659
660
661
662
664
665
666
668
669
672
673
674
675
676
677
678
679
680
681
682
683
684
685
686
687
688
689
690
691
692
693
694
695
696
697
698
699
700
701
704
705
706
707
708
709
710
711
712
713
714
715
716
717
720
721
722
723
724
725
726
727
728
729
730
731
732
736
737
739
740
742
743
744
747
748
749
750
751
752
753
754
756
758
768
769
770
771
772
773
774
775
776
777
778
779
780
781
782
783
784
785
786
787
788
789
790
791
792
793
795
796
800
801
802
803
804
805
808
809
810
811
812
813
816
817
818
819
820
821
823
824
826
828
829
832
833
834
835
836
837
840
841
842
843
844
845
846
847
848
849
850
851
852
853
854
855
856
857
858
859
860
861
864
865
867
868
870
871
872
873
874
875
876
877
878
879
880
881
884
885
887
888
890
896
897
898
899
900
901
902
903
904
907
908
910
911
912
913
914
918
919
920
921
922
923
924
925
926
928
929
930
932
935
936
937
938
939
940
941
942
943
944
945
946
948
949
950
951
952
953
954
955
956
957
960
961
962
963
964
966
967
968
969
970
973
975
976
977
978
980
981
982
983
984
985
986
988
989
1024
1025
1026
1027
1028
1029
1030
1031
1032
1033
1034
1035
1036
1037
1038
1039
1040
1041
1042
1043
1044
1045
1046
1047
1048
1049
1050
1051
1052
1053
1054
1056
1057
1058
1059
1060
1061
1062
1064
1065
1066
1067
1068
1069
1070
1071
1072
1073
1074
1075
1076
1077
1078
1079
1080
1081
1082
1083
1084
1085
1088
1089
1090
1091
1092
1093
1094
1095
1096
1097
1098
1099
1100
1101
1102
1104
1105
1106
1107
1108
1109
1110
1111
1112
1113
1114
1115
1116
1120
1121
1122
1123
1124
1125
1126
1127
1128
1129
1130
1131
1132
1133
1134
1135
1136
1137
1140
1141
1144
1146
1152
1153
1154
1155
1156
1157
1158
1160
1161
1162
1163
1164
1165
1168
1169
1170
1171
1172
1173
1174
1176
1177
1178
1184
1185
1186
1187
1188
1189
1190
1192
1193
1194
1195
1196
1197
1200
1201
1202
1203
1204
1205
1216
1217
1218
1219
1220
1221
1224
1225
1226
1227
1228
1229
1230
1232
1233
1234
1235
1236
1237
1242
1245
1246
1248
1249
1250
1256
1258
1261
1262
1280
1281
1282
1283
1284
1285
1286
1288
1289
1290
1291
1292
1293
1294
1296
1297
1298
1299
1300
1301
1302
1304
1305
1306
1309
1310
1312
1313
1314
1315
1316
1317
1318
1320
1321
1322
1323
1324
1325
1328
1329
1330
1331
1332
1333
1336
1338
1344
1345
1346
1347
1348
1349
1350
1352
1353
1354
1355
1356
1357
1358
1360
1361
1362
1363
1364
1365
1366
1367
1368
1369
1370
1371
1372
1376
1377
1378
1379
1380
1381
1382
1383
1384
1385
1386
1387
1388
1390
1391
1392
1393
1408
1409
1410
1411
1412
1413
1414
1415
1416
1417
1418
1419
1420
1422
1423
1424
1425
1426
1428
1429
1430
1431
1432
1433
1434
1435
1436
1440
1441
1442
1444
1445
1446
1448
1449
1450
1451
1452
1454
1455
1456
1457
1462
1463
1464
1465
1467
1468
1472
1473
1475
1476
1478
1479
1536
1537
1538
1539
1540
1541
1542
1543
1544
1545
1546
1547
1548
1550
1551
1552
1553
1554
1556
1557
1558
1559
1560
1561
1562
1563
1564
1568
1569
1570
1572
1573
1574
1576
1577
1578
1579
1580
1582
1583
1584
1585
1590
1591
1592
1593
1595
1596
1600
1601
1602
1603
1604
1605
1606
1607
1608
1609
1610
1616
1617
1618
1620
1621
1622
1623
1624
1625
1626
1627
1628
1632
1633
1634
1635
1636
1637
1638
1639
1640
1641
1642
1643
1644
1645
1646
1647
1648
1649
1652
1653
1656
1658
1664
1665
1666
1668
1669
1670
1672
1673
1674
1680
1681
1682
1684
1685
1686
1688
1689
1690
1693
1694
1696
1697
1698
1700
1701
1702
1704
1705
1706
1709
1710
1716
1717
1720
1722
1741
1742
1744
1745
1746
1748
1749
1754
1757
1758
1760
1761
1762
1768
1770
1773
1774
1844
1845
1848
1850
1856
1857
1858
1860
1861
1864
1869
1870
1872
1873
1874
1876
1877
1896
1898
1901
1902
1908
1909
1912
1914
1920
1921
1922
1924
1925
1928
1946
1949
1950
1952
1953
1954
1960
1962
1965
1966
1972
1973
1976
1978
2048
2049
2050
2051
2052
2053
2054
2056
2057
2058
2059
2060
2061
2064
2065
2066
2067
2068
2069
2070
2072
2073
2074
2080
2081
2082
2083
2084
2085
2086
2088
2089
2090
2091
2092
2093
2096
2097
2098
2099
2100
2101
2112
2113
2114
2115
2116
2117
2118
2120
2121
2122
2123
2124
2125
2128
2129
2130
2131
2132
2133
2134
2136
2137
2138
2144
2145
2146
2148
2149
2150
2152
2153
2154
2176
2177
2178
2179
2180
2181
2182
2184
2185
2186
2187
2188
2189
2192
2193
2194
2195
2196
2197
2198
2200
2201
2202
2208
2209
2210
2211
2212
2213
2214
2216
2217
2218
2219
2220
2221
2224
2225
2226
2227
2228
2229
2240
2241
2242
2243
2244
2245
2248
2249
2250
2251
2252
2253
2256
2257
2258
2259
2260
2261
2304
2305
2306
2307
2308
2309
2310
2312
2313
2314
2315
2316
2317
2320
2321
2322
2323
2324
2325
2326
2328
2329
2330
2336
2337
2338
2339
2340
2341
2342
2344
2345
2346
2347
2348
2349
2352
2353
2354
2355
2356
2357
2368
2369
2370
2371
2372
2373
2374
2376
2377
2378
2379
2380
2381
2384
2385
2386
2387
2388
2389
2390
2392
2393
2394
2400
2401
2402
2404
2405
2406
2408
2409
2410
2432
2433
2434
2436
2437
2438
2440
2441
2442
2448
2449
2450
2452
2453
2454
2456
2457
2458
2464
2465
2466
2468
2469
2470
2472
2473
2474
2560
2561
2562
2563
2564
2565
2566
2568
2569
2570
2571
2572
2573
2576
2577
2578
2579
2580
2581
2582
2584
2585
2586
2592
2593
2594
2595
2596
2597
2598
2600
2601
2602
2603
2604
2605
2608
2609
2610
2611
2612
2613
2624
2625
2626
2627
2628
2629
2630
2632
2633
2634
2635
2636
2637
2640
2641
2642
2643
2644
2645
2646
2648
2649
2650
2656
2657
2658
2660
2661
2662
2664
2665
2666
2688
2689
2690
2691
2692
2693
2694
2696
2697
2698
2699
2700
2701
2704
2705
2706
2707
2708
2709
2710
2712
2713
2714
2720
2721
2722
2723
2724
2725
2726
2728
2729
2730
2731
2732
2733
2736
2737
2738
2739
2740
2741
2752
2753
2754
2755
2756
2757
2760
2761
2762
2763
2764
2765
2768
2769
2770
2771
2772
2773
2816
2817
2818
2819
2820
2821
2824
2825
2826
2827
2828
2829
2832
2833
2834
2835
2836
2837
2848
2849
2850
2851
2852
2853
2856
2857
2858
2859
2860
2861
2864
2865
2866
2867
2868
2869
2880
2881
2882
2883
2884
2885
2888
2889
2890
2891
2892
2893
2896
2897
2898
2899
2900
2901
3072
3073
3074
3075
3076
3077
3080
3081
3082
3083
3084
3085
3088
3089
3090
3091
3092
3093
3104
3105
3106
3107
3108
3109
3112
3113
3114
3115
3116
3117
3120
3121
3122
3123
3124
3125
3136
3137
3138
3139
3140
3141
3144
3145
3146
3147
3148
3149
3152
3153
3154
3155
3156
3157
3200
3201
3202
3203
3204
3205
3208
3209
3210
3211
3212
3213
3216
3217
3218
3219
3220
3221
3232
3233
3234
3235
3236
3237
3240
3241
3242
3243
3244
3245
3248
3249
3250
3251
3252
3253
3264
3265
3266
3267
3268
3269
3272
3273
3274
3275
3276
3277
3280
3281
3282
3283
3284
3285
3328
3329
3330
3331
3332
3333
3336
3337
3338
3339
3340
3341
3344
3345
3346
3347
3348
3349
3360
3361
3362
3363
3364
3365
3368
3369
3370
3371
3372
3373
3376
3377
3378
3379
3380
3381
3392
3393
3394
3395
3396
3397
3400
3401
3402
3403
3404
3405
3408
3409
3410
3411
3412
3413
4096
4097
4098
4099
4100
4101
4102
4104
4105
4106
4107
4108
4109
4112
4113
4114
4115
4116
4117
4118
4120
4121
4122
4128
4129
4130
4131
4132
4133
4134
4136
4137
4138
4139
4140
4141
4144
4145
4146
4147
4148
4149
4160
4161
4162
4163
4164
4165
4166
4168
4169
4170
4171
4172
4173
4176
4177
4178
4179
4180
4181
4182
4184
4185
4186
4192
4193
4194
4196
4197
4198
4200
4201
4202
4224
4225
4226
4227
4228
4229
4230
4232
4233
4234
4235
4236
4237
4240
4241
4242
4243
4244
4245
4246
4248
4249
4250
4256
4257
4258
4259
4260
4261
4262
4264
4265
4266
4267
4268
4269
4272
4273
4274
4275
4276
4277
4288
4289
4290
4291
4292
4293
4296
4297
4298
4299
4300
4301
4304
4305
4306
4307
4308
4309
4352
4353
4354
4355
4356
4357
4358
4360
4361
4362
4363
4364
4365
4368
4369
4370
4371
4372
4373
4374
4376
4377
4378
4384
4385
4386
4387
4388
4389
4390
4392
4393
4394
4395
4396
4397
4400
4401
4402
4403
4404
4405
4416
4417
4418
4419
4420
4421
4422
4424
4425
4426
4427
4428
4429
4432
4433
4434
4435
4436
4437
4438
4440
4441
4442
4448
4449
4450
4452
4453
4454
4456
4457
4458
4480
4481
4482
4484
4485
4486
4488
4489
4490
4496
4497
4498
4500
4501
4502
4504
4505
4506
4512
4513
4514
4516
4517
4518
4520
4521
4522
4608
4609
4610
4611
4612
4613
4614
4616
4617
4618
4619
4620
4621
4624
4625
4626
4627
4628
4629
4630
4632
4633
4634
4640
4641
4642
4643
4644
4645
4646
4648
4649
4650
4651
4652
4653
4656
4657
4658
4659
4660
4661
4672
4673
4674
4675
4676
4677
4678
4680
4681
4682
4683
4684
4685
4688
4689
4690
4691
4692
4693
4694
4696
4697
4698
4704
4705
4706
4708
4709
4710
4712
4713
4714
4736
4737
4738
4739
4740
4741
4742
4744
4745
4746
4747
4748
4749
4752
4753
4754
4755
4756
4757
4758
4760
4761
4762
4768
4769
4770
4771
4772
4773
4774
4776
4777
4778
4779
4780
4781
4784
4785
4786
4787
4788
4789
4800
4801
4802
4803
4804
4805
4808
4809
4810
4811
4812
4813
4816
4817
4818
4819
4820
4821
4864
4865
4866
4867
4868
4869
4872
4873
4874
4875
4876
4877
4880
4881
4882
4883
4884
4885
4896
4897
4898
4899
4900
4901
4904
4905
4906
4907
4908
4909
4912
4913
4914
4915
4916
4917
4928
4929
4930
4931
4932
4933
4936
4937
4938
4939
4940
4941
4944
4945
4946
4947
4948
4949
5120
5121
5122
5124
5125
5126
5128
5129
5130
5136
5137
5138
5140
5141
5142
5144
5145
5146
5152
5153
5154
5156
5157
5158
5160
5161
5162
5184
5185
5186
5188
5189
5190
5192
5193
5194
5200
5201
5202
5204
5205
5206
5208
5209
5210
5216
5217
5218
5220
5221
5222
5224
5225
5226
5248
5249
5250
5252
5253
5254
5256
5257
5258
5264
5265
5266
5268
5269
5270
5272
5273
5274
5280
5281
5282
5284
5285
5286
5288
5289
5290
5376
5377
5378
5380
5381
5382
5384
5385
5386
5392
5393
5394
5396
5397
5398
5400
5401
5402
5408
5409
5410
5412
5413
5414
5416
5417
5418
5440
5441
5442
5444
5445
5446
5448
5449
5450
5456
5457
5458
5460
5461
5462
5464
5465
5466
5472
5473
5474
5476
5477
5478
5480
5481
5482
5504
5505
5506
5508
5509
5510
5512
5513
5514
5520
5521
5522
5524
5525
5526
5528
5529
5530
5536
5537
5538
5540
5541
5542
5544
5545
5546
5632
5633
5634
5636
5637
5638
5640
5641
5642
5648
5649
5650
5652
5653
5654
5656
5657
5658
5664
5665
5666
5668
5669
5670
5672
5673
5674
5696
5697
5698
5700
5701
5702
5704
5705
5706
5712
5713
5714
5716
5717
5718
5720
5721
5722
5728
5729
5730
5732
5733
5734
5736
5737
5738
5760
5761
5762
5764
5765
5766
5768
5769
5770
5776
5777
5778
5780
5781
5782
5784
5785
5786
5792
5793
5794
5796
5797
5798
5800
5801
5802
6144
6145
6146
6148
6149
6150
6152
6153
6154
6160
6161
6162
6164
6165
6166
6168
6169
6170
6176
6177
6178
6180
6181
6182
6184
6185
6186
6208
6209
6210
6212
6213
6214
6216
6217
6218
6224
6225
6226
6228
6229
6230
6232
6233
6234
6240
6241
6242
6244
6245
6246
6248
6249
6250
6272
6273
6274
6276
6277
6278
6280
6281
6282
6288
6289
6290
6292
6293
6294
6296
6297
6298
6304
6305
6306
6308
6309
6310
6312
6313
6314
6400
6401
6402
6404
6405
6406
6408
6409
6410
6416
6417
6418
6420
6421
6422
6424
6425
6426
6432
6433
6434
6436
6437
6438
6440
6441
6442
6464
6465
6466
6468
6469
6470
6472
6473
6474
6480
6481
6482
6484
6485
6486
6488
6489
6490
6496
6497
6498
6500
6501
6502
6504
6505
6506
6528
6529
6530
6532
6533
6534
6536
6537
6538
6544
6545
6546
6548
6549
6550
6552
6553
6554
6560
6561
6562
6564
6565
6566
6568
6569
6570
6656
6657
6658
6660
6661
6662
6664
6665
6666
6672
6673
6674
6676
6677
6678
6680
6681
6682
6688
6689
6690
6692
6693
6694
6696
6697
6698
6720
6721
6722
6724
6725
6726
6728
6729
6730
6736
6737
6738
6740
6741
6742
6744
6745
6746
6752
6753
6754
6756
6757
6758
6760
6761
6762
6784
6785
6786
6788
6789
6790
6792
6793
6794
6800
6801
6802
6804
6805
6806
6808
6809
6810
6816
6817
6818
6820
6821
6822
6824
6825
6826
8192
8193
8194
8196
8197
8198
8200
8201
8202
8208
8209
8210
8212
8213
8214
8216
8217
8218
8224
8225
8226
8228
8229
8230
8232
8233
8234
8256
8257
8258
8260
8261
8262
8264
8265
8266
8272
8273
8274
8276
8277
8278
8280
8281
8282
8288
8289
8290
8292
8293
8294
8296
8297
8298
8320
8321
8322
8324
8325
8326
8328
8329
8330
8336
8337
8338
8340
8341
8342
8344
8345
8346
8352
8353
8354
8356
8357
8358
8360
8361
8362
8448
8449
8450
8452
8453
8454
8456
8457
8458
8464
8465
8466
8468
8469
8470
8472
8473
8474
8480
8481
8482
8484
8485
8486
8488
8489
8490
8512
8513
8514
8516
8517
8518
8520
8521
8522
8528
8529
8530
8532
8533
8534
8536
8537
8538
8544
8545
8546
8548
8549
8550
8552
8553
8554
8576
8577
8578
8580
8581
8582
8584
8585
8586
8592
8593
8594
8596
8597
8598
8600
8601
8602
8608
8609
8610
8612
8613
8614
8616
8617
8618
8704
8705
8706
8708
8709
8710
8712
8713
8714
8720
8721
8722
8724
8725
8726
8728
8729
8730
8736
8737
8738
8740
8741
8742
8744
8745
8746
8768
8769
8770
8772
8773
8774
8776
8777
8778
8784
8785
8786
8788
8789
8790
8792
8793
8794
8800
8801
8802
8804
8805
8806
8808
8809
8810
8832
8833
8834
8836
8837
8838
8840
8841
8842
8848
8849
8850
8852
8853
8854
8856
8857
8858
8864
8865
8866
8868
8869
8870
8872
8873
8874
9216
9217
9218
9220
9221
9222
9224
9225
9226
9232
9233
9234
9236
9237
9238
9240
9241
9242
9248
9249
9250
9252
9253
9254
9256
9257
9258
9280
9281
9282
9284
9285
9286
9288
9289
9290
9296
9297
9298
9300
9301
9302
9304
9305
9306
9312
9313
9314
9316
9317
9318
9320
9321
9322
9344
9345
9346
9348
9349
9350
9352
9353
9354
9360
9361
9362
9364
9365
9366
9368
9369
9370
9376
9377
9378
9380
9381
9382
9384
9385
9386
9472
9473
9474
9476
9477
9478
9480
9481
9482
9488
9489
9490
9492
9493
9494
9496
9497
9498
9504
9505
9506
9508
9509
9510
9512
9513
9514
9536
9537
9538
9540
9541
9542
9544
9545
9546
9552
9553
9554
9556
9557
9558
9560
9561
9562
9568
9569
9570
9572
9573
9574
9576
9577
9578
9600
9601
9602
9604
9605
9606
9608
9609
9610
9616
9617
9618
9620
9621
9622
9624
9625
9626
9632
9633
9634
9636
9637
9638
9640
9641
9642
9728
9729
9730
9732
9733
9734
9736
9737
9738
9744
9745
9746
9748
9749
9750
9752
9753
9754
9760
9761
9762
9764
9765
9766
9768
9769
9770
9792
9793
9794
9796
9797
9798
9800
9801
9802
9808
9809
9810
9812
9813
9814
9816
9817
9818
9824
9825
9826
9828
9829
9830
9832
9833
9834
9856
9857
9858
9860
9861
9862
9864
9865
9866
9872
9873
9874
9876
9877
9878
9880
9881
9882
9888
9889
9890
9892
9893
9894
9896
9897
9898
