2
3
5
6
7
8
10
11
12
13
15
16
18
21
23
25
26
27
28
30
31
32
33
35
36
37
40
41
42
43
46
47
48
50
51
52
55
56
57
60
61
63
65
66
67
68
71
72
75
76
78
80
81
82
83
86
90
91
92
93
96
97
101
105
106
107
108
111
112
113
116
117
118
121
122
123
125
126
127
128
130
131
133
135
136
138
140
141
143
150
151
152
153
155
156
158
165
166
168
171
175
176
180
181
182
185
186
192
193
196
198
200
201
203
205
206
208
210
211
215
216
217
218
221
222
230
231
235
236
238
240
246
248
250
251
252
255
256
258
260
261
263
275
276
277
280
281
282
285
287
291
296
300
301
303
305
313
315
318
323
325
326
328
335
336
338
340
341
342
346
347
351
360
361
366
375
376
378
380
381
383
388
390
391
393
396
400
401
402
403
405
406
407
408
410
415
416
418
441
447
450
451
453
455
456
458
465
466
468
471
472
480
485
496
516
521
525
526
527
528
530
532
536
542
543
546
555
586
588
590
591
596
611
615
625
626
627
628
630
631
633
635
636
638
640
641
643
646
650
651
652
653
655
656
658
661
665
666
667
668
672
675
676
677
680
681
682
688
690
692
693
697
700
701
703
705
706
708
715
716
718
750
751
752
753
755
756
758
760
761
765
766
768
775
776
777
778
780
781
783
790
791
793
825
826
828
830
831
833
836
838
840
841
843
846
855
861
868
896
900
901
903
911
1000
1001
1003
1005
1006
1008
1015
1016
1018
1025
1026
1028
1030
1031
1033
1040
1041
1042
1043
1047
1050
1051
1052
1055
1056
1067
1072
1075
1076
1078
1080
1081
1083
1085
1086
1090
1091
1092
1093
1097
1110
1111
1167
1172
1175
1176
1177
1180
1181
1182
1191
1192
1197
1221
1222
1230
1250
1251
1252
1255
1256
1260
1261
1275
1276
1277
1280
1281
1292
1297
1300
1301
1302
1305
1306
1317
1322
1375
1376
1377
1380
1381
1385
1386
1400
1401
1402
1405
1406
1563
1565
1568
1575
1576
1578
1586
1588
1590
1596
1625
1626
1628
1630
1638
1640
1667
1672
1675
1676
1677
1680
1681
1692
1697
1710
1711
1717
1722
1735
1736
1792
1797
1800
1801
1802
1805
1806
1817
1822
1875
1876
1878
1880
1881
1883
1890
1891
1893
1900
1901
1903
1905
1906
1908
1915
1916
1918
1950
1951
1953
1955
1956
1958
1965
1966
1968
2000
2001
2003
2005
2006
2008
2015
2016
2018
2025
2026
2028
2030
2031
2033
2040
2041
2043
2075
2076
2078
2080
2081
2083
2090
2091
2093
2250
2251
2253
2255
2256
2258
2265
2266
2268
2275
2276
2278
2280
2281
2283
2290
2291
2293
2325
2326
2328
2330
2331
2333
2340
2341
2343
3125
3126
3127
3128
3130
3131
3133
3135
3136
3140
3141
3143
3150
3151
3152
3153
3155
3156
3158
3165
3166
3167
3168
3172
3175
3176
3177
3180
3181
3192
3197
3200
3201
3203
3205
3206
3208
3215
3216
3218
3250
3251
3252
3253
3255
3256
3258
3260
3261
3265
3266
3268
3275
3276
3277
3278
3280
3281
3283
3290
3291
3293
3325
3326
3328
3330
3331
3333
3340
3341
3343
3500
3501
3503
3505
3506
3508
3515
3516
3518
3525
3526
3528
3530
3531
3533
3540
3541
3543
3575
3576
3578
3580
3581
3583
3590
3591
3593
3750
3751
3753
3755
3756
3758
3765
3766
3768
3775
3776
3778
3780
3781
3783
3790
3791
3793
3825
3826
3828
3830
3831
3833
3840
3841
3843
3875
3876
3878
3880
3881
3883
3890
3891
3893
3900
3901
3903
3905
3906
3908
3915
3916
3918
3950
3951
3953
3955
3956
3958
3965
3966
3968
4125
4126
4128
4130
4131
4133
4140
4141
4143
4150
4151
4153
4155
4156
4158
4165
4166
4168
4200
4201
4203
4205
4206
4208
4215
4216
4218
5000
5001
5003
5005
5006
5008
5015
5016
5018
5025
5026
5028
5030
5031
5033
5040
5041
5043
5075
5076
5078
5080
5081
5083
5090
5091
5093
5125
5126
5128
5130
5131
5133
5140
5141
5143
5150
5151
5153
5155
5156
5158
5165
5166
5168
5200
5201
5203
5205
5206
5208
5215
5216
5218
5375
5376
5378
5380
5381
5383
5390
5391
5393
5400
5401
5403
5405
5406
5408
5415
5416
5418
5450
5451
5453
5455
5456
5458
5465
5466
5468
9375
9376
9378
9380
9381
9383
9390
9391
9393
9400
9401
9403
9405
9406
9408
9415
9416
9418
9450
9451
9453
9455
9456
9458
9465
9466
9468
9500
9501
9503
9505
9506
9508
9515
9516
9518
9525
9526
9528
9530
9531
9533
9540
9541
9543
9575
9576
9578
9580
9581
9583
9590
9591
9593
9750
9751
9753
9755
9756
9758
9765
9766
9768
9775
9776
9778
9780
9781
9783
9790
9791
9793
9825
9826
9828
9830
9831
9833
9840
9841
9843
10000
