2
3
4
5
6
7
8
9
10
11
12
13
14
15
16
17
18
19
20
21
22
23
24
25
26
27
28
29
30
31
32
33
34
35
36
37
38
39
40
41
42
43
44
45
46
47
48
49
50
51
52
53
54
55
56
57
58
59
60
61
62
63
64
65
66
67
68
69
70
71
72
73
74
75
76
77
78
79
80
81
82
83
84
85
86
87
88
89
90
91
92
93
94
95
96
97
98
99
100
101
102
103
104
105
106
107
108
109
110
111
112
113
114
115
116
117
118
119
120
121
122
123
124
125
126
127
128
129
130
131
132
133
134
135
136
137
138
139
140
141
142
143
144
145
146
147
148
149
150
151
152
153
154
155
156
157
158
159
160
161
162
163
164
165
166
167
168
169
170
171
172
173
174
175
176
177
178
179
180
181
182
183
184
185
186
187
188
189
190
191
192
193
194
195
196
197
198
199
200
201
202
203
204
205
206
207
208
210
211
212
213
214
215
216
217
218
219
220
221
222
223
224
225
226
227
228
229
230
231
232
234
235
236
237
238
239
240
241
244
245
246
247
249
250
251
252
255
256
257
259
260
261
262
263
265
271
273
274
275
276
277
280
281
282
284
285
286
287
288
289
291
293
294
295
296
297
298
299
300
301
302
304
305
306
307
309
310
311
312
313
315
316
317
318
323
325
326
327
328
329
330
331
332
333
335
336
337
338
340
341
342
343
344
345
346
347
348
350
351
352
353
354
355
356
357
358
359
360
361
362
363
364
365
366
367
368
369
370
371
372
373
374
375
376
378
379
380
381
383
384
385
386
387
388
389
390
391
392
393
394
395
396
397
398
399
400
401
402
403
404
405
406
407
408
410
411
412
413
415
418
419
420
421
422
423
424
425
426
427
428
429
430
431
432
433
434
435
436
437
438
439
440
441
442
443
444
445
446
447
448
449
450
451
452
453
454
455
456
457
458
459
460
461
462
463
464
465
466
467
468
469
470
471
472
473
475
476
477
478
479
480
481
482
483
484
485
486
487
488
489
490
491
492
493
494
497
498
500
501
503
504
505
506
507
508
509
510
511
512
513
514
515
516
517
518
519
520
521
522
523
524
525
526
527
528
529
530
531
532
533
534
535
536
537
538
539
540
541
542
543
544
545
546
547
548
549
550
551
552
553
554
555
556
557
558
559
560
561
562
563
564
565
566
567
568
569
570
571
572
573
574
575
576
577
578
579
580
581
582
583
584
585
586
587
588
589
590
591
592
593
597
598
600
601
602
603
604
605
606
607
608
609
610
611
612
613
614
615
616
617
618
620
621
622
623
624
625
626
627
628
629
630
631
632
633
634
635
636
637
638
640
641
642
643
645
646
647
648
649
650
651
652
653
654
655
656
657
658
659
660
661
662
663
664
665
666
667
668
669
670
671
672
673
674
675
676
677
678
679
680
681
682
684
685
686
687
688
690
691
692
693
694
696
698
699
700
701
702
703
704
705
706
707
708
709
710
711
712
713
714
715
716
717
718
719
720
721
722
723
724
725
726
727
728
729
730
731
732
733
734
735
736
737
738
739
740
741
742
743
745
746
747
748
749
750
751
752
753
754
755
756
757
758
759
760
761
762
763
765
766
767
768
769
770
771
772
773
774
775
776
777
778
779
780
781
782
783
784
785
786
787
788
789
790
791
793
794
795
796
797
798
799
800
801
802
804
805
806
807
809
810
811
812
813
814
815
816
817
818
819
820
821
822
823
824
825
826
829
830
831
833
834
838
839
840
841
844
845
846
847
849
850
851
852
854
855
856
857
858
859
860
861
862
863
864
865
866
868
869
870
871
872
873
874
875
876
877
880
881
882
884
885
886
887
900
901
902
905
906
907
909
910
911
912
914
918
919
920
921
922
923
924
925
926
927
930
931
932
934
935
936
937
938
939
940
941
943
944
945
946
947
948
949
950
951
954
955
956
958
959
963
964
965
966
969
970
971
972
974
975
976
977
979
980
981
982
983
984
985
986
987
988
989
990
991
993
994
995
996
997
998
999
1000
1001
1004
1005
1006
1008
1018
1020
1021
1023
1024
1025
1026
1029
1030
1031
1033
1034
1038
1039
1040
1041
1064
1069
1070
1071
1072
1074
1089
1094
1095
1096
1097
1099
1100
1101
1102
1105
1106
1107
1109
1110
1111
1112
1114
1119
1120
1121
1122
1124
1125
1126
1127
1130
1131
1132
1134
1135
1136
1137
1150
1151
1152
1155
1156
1157
1159
1160
1161
1162
1164
1169
1170
1171
1172
1174
1175
1176
1177
1180
1181
1182
1184
1185
1186
1187
1189
1194
1195
1196
1197
1199
1214
1219
1220
1221
1222
1224
1225
1226
1227
1230
1231
1232
1234
1235
1236
1237
1239
1244
1245
1246
1247
1249
1250
1251
1252
1255
1256
1257
1259
1260
1261
1262
1275
1276
1277
1280
1281
1282
1284
1285
1286
1287
1289
1294
1295
1296
1297
1299
1300
1301
1302
1305
1306
1307
1309
1310
1311
1312
1375
1376
1377
1380
1381
1382
1384
1385
1386
1387
1400
1401
1402
1405
1406
1407
1409
1410
1411
1412
1414
1419
1420
1421
1422
1424
1425
1426
1427
1430
1431
1432
1434
1435
1436
1437
1439
1444
1445
1446
1447
1449
1464
1469
1470
1471
1472
1474
1475
1476
1477
1480
1481
1482
1484
1485
1486
1487
1489
1494
1495
1496
1497
1499
1500
1501
1502
1505
1506
1507
1509
1510
1511
1512
1525
1526
1527
1530
1531
1532
1534
1535
1536
1537
1539
1544
1545
1546
1547
1549
1550
1551
1552
1555
1556
1557
1559
1560
1561
1562
1563
1565
1566
1567
1568
1575
1576
1578
1580
1581
1582
1585
1586
1587
1588
1590
1591
1592
1593
1625
1626
1628
1630
1631
1638
1640
1641
1642
1643
1647
1648
1650
1651
1653
1655
1656
1657
1660
1661
1662
1672
1673
1675
1676
1678
1680
1681
1682
1685
1686
1687
1688
1690
1691
1692
1693
1700
1701
1703
1705
1706
1707
1710
1711
1712
1713
1715
1716
1717
1718
1875
1876
1878
1880
1881
1888
1890
1891
1892
1893
1897
1898
1900
1901
1903
1905
1906
1938
1940
1941
1942
1943
1950
1951
1953
1955
1956
1957
1960
1961
1962
1963
1965
1966
1967
1968
1972
1973
1982
1985
1986
1987
1988
1990
1991
1992
1993
1997
1998
2000
2001
2003
2005
2006
2013
2015
2016
2017
2018
2022
2023
2025
2026
2028
2030
2031
2032
2035
2036
2037
2047
2048
2050
2051
2053
2055
2056
2057
2060
2061
2062
2084
2088
2089
2090
2091
2097
2098
2100
2101
2104
2105
2106
2107
2108
2109
2110
2111
2112
2113
2114
2115
2116
2117
2118
2120
2121
2122
2123
2124
2125
2126
2128
2130
2131
2138
2140
2141
2142
2143
2147
2148
2150
2151
2153
2155
2156
2157
2160
2161
2162
2168
2170
2171
2172
2173
2174
2175
2176
2178
2180
2181
2182
2184
2185
2186
2187
2188
2189
2190
2191
2192
2193
2195
2196
2198
2199
2200
2201
2203
2204
2205
2206
2207
2208
2209
2210
2211
2212
2213
2214
2215
2216
2217
2218
2225
2226
2229
2230
2231
2233
2234
2238
2239
2240
2241
2243
2245
2246
2248
2249
2250
2251
2253
2254
2255
2256
2258
2263
2265
2266
2267
2268
2270
2271
2272
2273
2274
2275
2276
2278
2279
2280
2281
2282
2283
2284
2285
2286
2287
2288
2289
2290
2291
2297
2298
2300
2301
2303
2305
2306
2307
2310
2311
2312
2313
2315
2316
2317
2318
2325
2326
2328
2330
2331
2332
2335
2336
2337
2338
2340
2341
2342
2343
2347
2348
2357
2360
2361
2362
2363
2365
2366
2367
2368
2372
2373
2407
2410
2411
2412
2422
2423
2425
2426
2428
2430
2431
2432
2435
2436
2437
2438
2440
2441
2442
2443
2450
2451
2453
2455
2456
2457
2460
2461
2462
2463
2465
2466
2467
2468
2472
2473
2482
2485
2486
2487
2488
2490
2491
2492
2493
2497
2498
2500
2501
2504
2505
2506
2508
2518
2520
2521
2523
2524
2525
2526
2529
2530
2531
2533
2534
2538
2539
2540
2541
2584
2588
2589
2590
2591
2600
2601
2604
2605
2606
2608
2609
2613
2614
2615
2616
2618
2620
2621
2623
2624
2625
2626
2629
2630
2631
2633
2643
2645
2646
2648
2649
2650
2651
2654
2655
2656
2658
2659
2663
2664
2665
2666
2668
2670
2671
2673
2674
2684
2688
2689
2690
2691
2693
2695
2696
2698
2699
2700
2701
2704
2705
2706
2708
2709
2713
2714
2715
2716
2725
2726
2729
2730
2731
2733
2734
2738
2739
2740
2741
2743
2745
2746
2748
2749
2793
2795
2796
2798
2799
2809
2813
2814
2815
2816
2818
2820
2821
2823
2824
2825
2826
2829
2830
2831
2833
2834
2838
2839
2840
2841
2850
2851
2854
2855
2856
2858
2859
2863
2864
2865
2866
2868
2870
2871
2873
2874
2875
2876
2879
2880
2881
2883
2893
2895
2896
2898
2899
2900
2901
2904
2905
2906
2908
2909
2913
2914
2915
2916
2918
2920
2921
2923
2924
2934
2938
2939
2940
2941
2943
2945
2946
2948
2949
2950
2951
2954
2955
2956
2958
3000
3001
3004
3005
3006
3008
3018
3020
3021
3023
3024
3025
3026
3029
3030
3031
3033
3034
3038
3039
3040
3041
3043
3045
3046
3048
3049
3059
3063
3064
3065
3066
3068
3070
3071
3073
3074
3075
3076
3079
3080
3081
3083
3084
3088
3089
3090
3091
3100
3101
3104
3105
3106
3108
3109
3113
3114
3115
3116
3118
3120
3121
3123
3124
3125
3126
3127
3129
3130
3131
3132
3133
3134
3135
3136
3137
3143
3145
3146
3148
3149
3150
3151
3152
3154
3155
3156
3157
3158
3159
3160
3161
3162
3163
3164
3165
3166
3169
3170
3171
3172
3174
3175
3176
3177
3180
3181
3182
3184
3185
3186
3187
3209
3213
3214
3215
3216
3225
3226
3229
3230
3231
3233
3234
3238
3239
3240
3241
3243
3245
3246
3248
3249
3250
3251
3252
3254
3255
3256
3257
3258
3259
3260
3261
3262
3268
3270
3271
3273
3274
3275
3276
3277
3279
3280
3281
3282
3283
3284
3285
3286
3287
3288
3289
3290
3291
3293
3294
3295
3296
3297
3298
3299
3300
3301
3302
3305
3306
3307
3309
3310
3311
3312
3313
3314
3315
3316
3318
3319
3320
3321
3322
3323
3324
3325
3326
3329
3330
3331
3333
3339
3344
3345
3346
3347
3349
3350
3351
3352
3355
3356
3357
3359
3360
3361
3362
3364
3369
3370
3371
3372
3374
3375
3376
3377
3380
3381
3382
3384
3385
3386
3387
3400
3401
3402
3405
3406
3407
3409
3410
3411
3412
3414
3419
3420
3421
3422
3424
3425
3426
3427
3430
3431
3432
3434
3435
3436
3437
3750
3751
3752
3755
3756
3757
3759
3760
3761
3762
3775
3776
3777
3780
3781
3782
3784
3785
3786
3787
3789
3794
3795
3796
3797
3799
3800
3801
3802
3805
3806
3807
3809
3810
3811
3812
3875
3876
3877
3880
3881
3882
3884
3885
3886
3887
3900
3901
3902
3905
3906
3907
3909
3910
3911
3912
3914
3919
3920
3921
3922
3924
3925
3926
3927
3930
3931
3932
3934
3935
3936
3937
3939
3944
3945
3946
3947
3949
3964
3969
3970
3971
3972
3974
3975
3976
3977
3980
3981
3982
3984
3985
3986
3987
3989
3994
3995
3996
3997
3999
4000
4001
4002
4005
4006
4007
4009
4010
4011
4012
4025
4026
4027
4030
4031
4032
4034
4035
4036
4037
4039
4044
4045
4046
4047
4049
4050
4051
4052
4055
4056
4057
4059
4060
4061
4062
4064
4069
4070
4071
4072
4074
4089
4094
4095
4096
4097
4099
4100
4101
4102
4105
4106
4107
4109
4110
4111
4112
4114
4119
4120
4121
4122
4124
4189
4194
4195
4196
4197
4199
4214
4219
4220
4221
4222
4224
4225
4226
4227
4230
4231
4232
4234
4235
4236
4237
4239
4244
4245
4246
4247
4249
4250
4251
4252
4255
4256
4257
4259
4260
4261
4262
4275
4276
4277
4280
4281
4282
4284
4285
4286
4287
4289
4294
4295
4296
4297
4299
4300
4301
4302
4305
4306
4307
4309
4310
4311
4312
4314
4319
4320
4321
4322
4324
4339
4344
4345
4346
4347
4349
4350
4351
4352
4355
4356
4357
4359
4360
4361
4362
4364
4369
4370
4371
4372
4374
4375
4376
4377
4380
4381
4382
4384
4385
4386
4387
4400
4401
4402
4405
4406
4407
4409
4410
4411
4412
4414
4419
4420
4421
4422
4424
4425
4426
4427
4430
4431
4432
4434
4435
4436
4437
4500
4501
4502
4505
4506
4507
4509
4510
4511
4512
4525
4526
4527
4530
4531
4532
4534
4535
4536
4537
4539
4544
4545
4546
4547
4549
4550
4551
4552
4555
4556
4557
4559
4560
4561
4562
4564
4569
4570
4571
4572
4574
4589
4594
4595
4596
4597
4599
4600
4601
4602
4605
4606
4607
4609
4610
4611
4612
4614
4619
4620
4621
4622
4624
4625
4626
4627
4630
4631
4632
4634
4635
4636
4637
4650
4651
4652
4655
4656
4657
4659
4660
4661
4662
4664
4669
4670
4671
4672
4674
4675
4676
4677
4680
4681
4682
4684
4685
4686
4687
4689
4694
4695
4696
4697
4699
4714
4719
4720
4721
4722
4724
4725
4726
4727
4730
4731
4732
4734
4735
4736
4737
4739
4744
4745
4746
4747
4749
4814
4819
4820
4821
4822
4824
4839
4844
4845
4846
4847
4849
4850
4851
4852
4855
4856
4857
4859
4860
4861
4862
4864
4869
4870
4871
4872
4874
4875
4876
4877
4880
4881
4882
4884
4885
4886
4887
4900
4901
4902
4905
4906
4907
4909
4910
4911
4912
4914
4919
4920
4921
4922
4924
4925
4926
4927
4930
4931
4932
4934
4935
4936
4937
4939
4944
4945
4946
4947
4949
4964
4969
4970
4971
4972
4974
4975
4976
4977
4980
4981
4982
4984
4985
4986
4987
4989
4994
4995
4996
4997
4999
