2
3
5
6
7
8
10
11
12
13
15
16
17
18
21
22
23
25
26
27
28
30
31
32
35
36
37
40
41
42
43
46
47
50
51
52
53
55
56
57
60
61
62
63
65
66
68
71
73
75
76
78
80
81
82
85
88
90
91
93
98
105
106
108
110
111
115
116
125
126
127
128
130
131
132
133
135
136
137
138
140
141
143
146
147
150
151
152
153
155
156
157
160
161
162
175
176
177
180
181
182
185
186
187
250
251
252
255
256
257
260
261
262
275
276
277
280
281
282
285
286
287
300
301
302
305
306
307
310
311
312
313
315
316
318
325
326
328
330
331
338
340
341
343
375
376
378
380
381
388
390
391
393
400
401
403
405
406
438
440
441
443
450
451
453
455
456
463
465
466
468
625
626
627
630
631
632
635
636
637
650
651
652
655
656
657
660
661
662
675
676
677
680
681
682
685
686
687
750
751
752
755
756
757
760
761
762
775
776
777
780
781
782
785
786
787
800
801
802
805
806
807
810
811
812
875
876
877
880
881
882
885
886
887
900
901
902
905
906
907
910
911
912
925
926
927
930
931
932
935
936
937
