2
3
5
6
7
8
10
11
12
13
15
16
17
18
21
22
23
25
26
27
28
30
31
32
33
35
36
37
38
40
41
42
43
46
47
48
50
51
52
53
55
56
57
58
60
61
62
63
65
66
67
68
71
72
73
75
76
77
78
80
81
82
83
85
86
87
88
90
91
92
93
96
97
98
101
102
103
105
106
107
108
110
111
112
113
115
116
117
118
121
122
123
125
126
127
128
130
131
132
133
135
136
137
138
140
141
142
143
146
147
148
150
151
152
153
155
156
157
160
161
162
163
166
167
168
171
172
173
175
176
177
178
180
181
182
183
185
186
187
188
190
191
192
193
196
197
198
200
201
202
203
205
206
207
208
210
211
212
213
215
216
217
218
221
222
223
226
227
228
230
231
232
235
236
237
238
240
241
242
243
246
247
248
250
251
252
253
255
256
257
260
261
262
263
265
266
267
271
272
273
275
276
277
278
280
281
282
285
286
287
288
290
291
292
293
296
297
300
301
302
303
305
306
307
308
310
311
312
313
315
316
317
318
321
323
325
326
327
328
330
331
332
333
335
336
337
338
340
341
342
343
346
347
348
351
352
353
355
356
357
360
363
365
366
367
371
373
375
376
377
378
380
381
382
383
385
386
387
388
390
391
393
396
398
400
401
402
403
405
406
408
410
411
412
421
423
425
426
430
432
433
435
436
437
438
440
441
442
443
446
448
450
451
452
453
455
456
457
460
461
462
463
465
466
467
468
471
473
476
481
483
486
487
488
490
491
493
498
501
502
503
505
506
508
510
511
515
516
517
521
522
523
525
526
527
528
530
531
532
533
535
536
537
540
541
542
543
546
547
548
550
551
552
555
556
557
558
560
561
565
566
567
571
572
573
575
576
578
580
581
582
585
586
587
588
590
591
592
593
596
598
601
602
603
605
606
607
608
610
611
612
613
615
616
617
618
621
622
623
625
626
627
628
630
631
632
633
635
636
637
638
640
641
642
643
646
647
648
650
651
652
653
655
656
657
658
660
661
662
665
666
667
668
671
672
675
676
677
678
680
681
682
683
685
686
687
688
690
691
692
693
696
697
700
701
702
703
705
706
707
708
710
711
713
715
716
717
718
723
726
727
728
730
731
732
735
736
738
740
741
743
746
747
750
751
752
753
755
756
757
760
761
762
763
765
766
768
771
772
775
776
777
778
780
781
782
785
786
787
800
801
802
805
806
807
810
811
812
815
816
838
840
843
846
848
851
852
853
863
865
866
868
875
876
877
880
881
882
885
886
887
893
898
900
901
902
905
906
907
910
911
912
915
916
918
925
926
927
930
931
932
933
935
936
937
946
950
951
953
955
960
962
963
971
976
980
983
986
990
991
998
1000
1001
1005
1008
1010
1015
1016
1017
1018
1021
1023
1025
1026
1030
1038
1042
1046
1047
1048
1050
1051
1052
1055
1060
1066
1067
1071
1072
1073
1075
1076
1080
1083
1085
1090
1091
1092
1093
1098
1108
1110
1111
1115
1116
1117
1118
1123
1130
1131
1135
1146
1147
1150
1151
1152
1155
1156
1163
1167
1168
1171
1172
1173
1175
1176
1177
1180
1181
1190
1191
1192
1193
1196
1197
1200
1201
1202
1205
1206
1207
1210
1211
1212
1213
1215
1216
1226
1227
1230
1231
1232
1235
1236
1237
1250
1251
1252
1255
1256
1257
1260
1261
1262
1263
1265
1271
1272
1273
1275
1276
1277
1278
1280
1281
1282
1285
1286
1287
1291
1292
1296
1297
1300
1301
1302
1303
1305
1306
1307
1310
1311
1312
1313
1315
1321
1323
1325
1326
1327
1328
1330
1331
1332
1335
1337
1351
1352
1355
1356
1357
1361
1363
1365
1371
1373
1375
1376
1377
1378
1380
1381
1382
1385
1386
1387
1390
1391
1393
1396
1398
1400
1401
1402
1405
1406
1407
1410
1411
1412
1413
1418
1421
1422
1425
1426
1427
1428
1430
1431
1432
1435
1436
1437
1440
1441
1446
1448
1450
1451
1452
1456
1467
1476
1477
1480
1482
1483
1491
1492
1500
1501
1502
1503
1505
1506
1507
1510
1511
1512
1513
1515
1518
1521
1523
1525
1526
1527
1530
1531
1532
1535
1536
1537
1541
1542
1546
1550
1551
1552
1555
1556
1557
1560
1561
1562
1563
1565
1566
1568
1573
1575
1576
1578
1580
1581
1586
1588
1590
1591
1593
1601
1606
1611
1615
1625
1626
1628
1630
1631
1636
1638
1640
1641
1643
1648
1650
1651
1653
1655
1656
1657
1658
1660
1661
1671
1675
1677
1678
1680
1682
1685
1688
1690
1691
1693
1697
1700
1701
1702
1703
1705
1706
1707
1710
1711
1713
1715
1716
1717
1718
1721
1726
1730
1731
1732
1735
1742
1746
1755
1762
1766
1767
1775
1776
1785
1787
1803
1806
1815
1816
1818
1821
1823
1825
1826
1828
1830
1832
1835
1836
1838
1841
1842
1846
1848
1851
1856
1863
1866
1868
1875
1876
1878
1880
1881
1886
1888
1890
1891
1893
1896
1898
1900
1901
1902
1903
1905
1906
1912
1925
1927
1928
1930
1938
1940
1941
1943
1948
1950
1951
1953
1955
1956
1963
1965
1966
1968
1991
1992
2000
2001
2003
2005
2006
2012
2013
2015
2016
2017
2018
2025
2026
2028
2030
2031
2046
2050
2051
2057
2060
2062
2071
2105
2107
2113
2115
2116
2117
2125
2126
2130
2136
2146
2150
2153
2171
2175
2188
2190
2191
2192
2193
2196
2200
2201
2203
2205
2206
2210
2212
2213
2215
2216
2218
2221
2230
2233
2236
2238
2240
2241
2250
2251
2253
2255
2256
2257
2258
2262
2263
2265
2266
2268
2273
2275
2276
2278
2280
2281
2282
2288
2292
2296
2298
2300
2301
2305
2313
2315
2316
2318
2321
2323
2325
2326
2328
2330
2331
2338
2340
2341
2343
2348
2351
2358
2361
2362
2365
2366
2380
2382
2387
2411
2415
2416
2418
2430
2433
2436
2443
2448
2450
2451
2455
2461
2465
2466
2486
2490
2521
2522
2525
2526
2530
2538
2540
2541
2542
2543
2546
2548
2550
2551
2555
2568
2571
2575
2576
2580
2583
2586
2605
2606
2610
2612
2615
2621
2622
2623
2625
2626
2627
2628
2630
2631
2635
2636
2640
2641
2642
2646
2647
2650
2651
2652
2653
2655
2656
2658
2661
2665
2666
2667
2671
2676
2678
2680
2683
2686
2691
2692
2696
2698
2700
2701
2705
2710
2711
2712
2713
2715
2716
2717
2718
2721
2722
2723
2726
2727
2730
2731
2735
2742
2746
2747
2750
2751
2752
2755
2756
2760
2767
2768
2771
2772
2773
2775
2776
2786
2790
2791
2793
2805
2808
2811
2817
2821
2822
2835
2841
2842
2846
2855
2856
2857
2858
2860
2861
2865
2866
2867
2875
2876
2878
2880
2883
2886
2888
2890
2893
2898
2900
2901
2903
2905
2910
2912
2918
2921
2925
2926
2928
2930
2938
2940
2941
2950
2951
2955
2957
2958
2960
2966
2967
2971
2973
2980
2982
2990
3005
3006
3007
3010
3011
3012
3015
3016
3025
3026
3030
3031
3033
3035
3036
3038
3043
3046
3048
3050
3051
3055
3056
3060
3065
3066
3068
3075
3076
3125
3126
3127
3128
3130
3131
3132
3133
3135
3136
3137
3138
3140
3141
3142
3143
3146
3147
3148
3150
3151
3152
3153
3155
3156
3157
3160
3161
3162
3165
3166
3167
3168
3171
3172
3175
3176
3177
3178
3180
3181
3182
3185
3186
3187
3188
3190
3191
3193
3196
3198
3200
3201
3203
3205
3206
3207
3210
3213
3215
3216
3218
3223
3230
3231
3233
3235
3236
3240
3241
3242
3250
3251
3252
3253
3255
3256
3257
3258
3260
3261
3262
3263
3265
3266
3267
3268
3271
3272
3275
3276
3277
3278
3280
3281
3282
3285
3286
3287
3300
3301
3302
3305
3306
3307
3308
3310
3311
3312
3323
3325
3326
3330
3335
3340
3341
3342
3343
3348
3355
3356
3360
3375
3376
3377
3380
3381
3382
3385
3386
3387
3400
3401
3402
3405
3406
3407
3410
3411
3412
3421
3425
3426
3427
3430
3431
3432
3435
3436
3437
3438
3440
3441
3443
3450
3451
3453
3455
3456
3463
3465
3466
3467
3468
3471
3478
3480
3482
3491
3492
3500
3501
3503
3505
3506
3513
3515
3516
3518
3525
3526
3528
3530
3531
3535
3537
3546
3550
3551
3563
3565
3566
3568
3575
3576
3578
3580
3581
3588
3590
3591
3593
3606
3607
3611
3612
3613
3616
3618
3630
3631
3632
3635
3636
3637
3640
3641
3646
3647
3650
3651
3652
3655
3656
3660
3661
3667
3671
3672
3675
3676
3677
3692
3696
3697
3726
3727
3731
3732
3736
3737
3750
3751
3752
3753
3755
3756
3757
3760
3761
3762
3763
3765
3766
3768
3771
3772
3775
3776
3777
3778
3780
3781
3782
3785
3786
3787
3792
3796
3797
3800
3801
3802
3805
3806
3807
3810
3811
3812
3813
3815
3816
3818
3825
3826
3828
3830
3831
3838
3840
3841
3843
3855
3856
3860
3875
3876
3877
3878
3880
3881
3882
3885
3886
3887
3888
3890
3891
3893
3896
3897
3900
3901
3902
3903
3905
3906
3907
3910
3911
3912
3925
3926
3927
3930
3931
3932
3935
3936
3937
4000
4001
4002
4005
4006
4007
4010
4011
4012
4025
4026
4027
4030
4031
4032
4035
4036
4037
4050
4051
4052
4055
4056
4057
4060
4061
4062
4375
4376
4377
4380
4381
4382
4385
4386
4387
4400
4401
4402
4405
4406
4407
4410
4411
4412
4425
4426
4427
4430
4431
4432
4435
4436
4437
4465
4466
4468
4473
4483
4486
4490
4491
4500
4501
4502
4505
4506
4507
4508
4510
4511
4512
4525
4526
4527
4530
4531
4532
4535
4536
4537
4550
4551
4552
4555
4556
4557
4558
4560
4561
4562
4573
4575
4576
4580
4590
4591
4593
4598
4625
4626
4627
4630
4631
4632
4635
4636
4637
4643
4648
4650
4651
4652
4655
4656
4657
4660
4661
4662
4665
4666
4668
4675
4676
4677
4680
4681
4682
4683
4685
4686
4687
4911
4915
4916
4918
4930
4933
4936
4948
4950
4951
4955
5000
5001
5005
5008
5018
5023
5025
5026
5036
5040
5041
5043
5090
5091
5093
5098
5108
5111
5115
5116
5125
5126
5130
5133
5210
5217
5230
5231
5235
5250
5251
5252
5255
5256
5260
5317
5321
5322
5335
5342
5355
5356
5358
5360
5361
5365
5366
5375
5376
5380
5383
5393
5398
5400
5401
5417
5421
5422
5425
5426
5427
5442
5446
5447
5448
5450
5451
5455
5460
5465
5466
5467
5468
5473
5483
5486
5490
5491
5536
5540
5541
5543
5555
5558
5561
5573
5575
5576
5580
5730
5731
5735
5750
5751
5752
5755
5756
5760
5771
5772
5775
5776
5777
5780
5781
5835
5842
5855
5856
5860
5875
5876
5877
5880
5881
5885
5942
5946
5947
5960
5967
5980
5981
5985
6250
6251
6252
6255
6256
6257
6260
6261
6262
6271
6272
6275
6276
6277
6280
6281
6282
6285
6286
6287
6292
6296
6297
6300
6301
6302
6305
6306
6307
6310
6311
6312
6355
6356
6360
6375
6376
6377
6380
6381
6382
6385
6386
6387
6396
6397
6400
6401
6402
6405
6406
6407
6410
6411
6412
6425
6426
6427
6430
6431
6432
6435
6436
6437
6460
6467
6480
6481
6485
6500
6501
6502
6505
6506
6507
6510
6511
6512
6513
6515
6521
6523
6525
6526
6527
6530
6531
6532
6535
6536
6537
6550
6551
6552
6555
6556
6557
6560
6561
6562
6563
6565
6573
6575
6576
6578
6586
6588
6615
6625
6626
6628
6630
6636
6638
6640
6771
6773
6775
6776
6786
6796
6823
6825
6826
6828
6836
6838
6846
6848
6875
6876
6877
6878
6880
6881
6882
6885
6886
6887
6888
6890
6896
6898
6900
6901
6902
6905
6906
6907
6910
6911
6912
6925
6926
6927
6930
6931
6932
6935
6936
6937
7000
7001
7002
7005
7006
7007
7010
7011
7012
7025
7026
7027
7030
7031
7032
7035
7036
7037
7046
7050
7051
7052
7053
7055
7056
7057
7060
7061
7062
7086
7088
7096
7098
7105
7107
7116
7117
7125
7126
7127
7130
7131
7132
7135
7136
7137
7138
7140
7146
7148
7150
7151
7152
7155
7156
7157
7160
7161
7162
7171
7175
7176
7177
7180
7181
7182
7185
7186
7187
7216
7217
7221
7230
7232
7241
7242
7387
7391
7392
7400
7401
7410
7412
7446
7455
7457
7460
7466
7467
7471
7500
7501
7502
7505
7506
7507
7510
7511
7512
7516
7517
7525
7526
7527
7530
7531
7532
7535
7536
7537
7550
7551
7552
7555
7556
7557
7560
7561
7562
7625
7626
7627
7630
7631
7632
7635
7636
7637
7650
7651
7652
7655
7656
7657
7660
7661
7662
7671
7675
7676
7677
7680
7681
7682
7685
7686
7687
7696
7730
7732
7741
7742
7750
7751
7752
7755
7756
7757
7760
7761
7762
7775
7776
7777
7780
7781
7782
7785
7786
7787
7796
7800
7801
7802
7805
7806
7807
7810
7811
7812
7813
7815
7816
7818
7823
7825
7826
7828
7830
7831
7836
7838
7840
7841
7843
7865
7875
7876
7878
7880
7881
7886
7888
7890
7891
7893
7900
7901
7903
7905
7906
7921
7928
7930
7938
7940
7941
7943
7950
7951
7953
7955
7956
7963
7965
7966
7968
8073
8075
8076
8078
8086
8088
8096
8098
8125
8126
8128
8130
8131
8136
8138
8140
8141
8143
8146
8148
8150
8151
8153
8155
8156
8178
8180
8188
8190
8191
8193
8198
8200
8201
8203
8205
8206
8213
8215
8216
8218
8250
8251
8253
8255
8256
8263
8265
8266
8268
8275
8276
8278
8280
8281
8438
8440
8441
8443
8450
8451
8453
8455
8456
8463
8465
8466
8468
8500
8501
8503
8505
8506
8513
8515
8516
8518
8525
8526
8528
8530
8531
8535
8537
8546
8550
8551
8563
8565
8566
8568
8575
8576
8578
8580
8581
8582
8585
8588
8590
8591
8592
8593
8596
8605
8607
8637
8641
8642
8650
8651
8660
8662
8807
8810
8812
8821
8830
8832
8835
8866
8867
8875
8876
8880
8887
8891
8892
8921
8925
8926
8932
8935
8937
8946
9375
9376
9378
9380
9381
9388
9390
9391
9393
9400
9401
9403
9405
9406
9438
9440
9441
9443
9450
9451
9453
9455
9456
9463
9465
9466
9468
9500
9501
9503
9505
9506
9513
9515
9516
9518
9525
9526
9528
9530
9531
9688
9690
9691
9693
9700
9701
9703
9705
9706
9713
9715
9716
9718
9750
9751
9753
9755
9756
9763
9765
9766
9768
9775
9776
9778
9780
9781
9813
9815
9816
9818
9825
9826
9828
9830
9831
9838
9840
9841
9843
10000
10001
10003
10005
10006
10013
10015
10016
10018
10025
10026
10028
10030
10031
10063
10065
10066
10068
10075
10076
10078
10080
10081
10088
10090
10091
10093
10125
10126
10128
10130
10131
10138
10140
10141
10143
10150
10151
10153
10155
10156
10938
10940
10941
10943
10950
10951
10953
10955
10956
10963
10965
10966
10968
11000
11001
11003
11005
11006
11013
11015
11016
11018
11025
11026
11028
11030
11031
11063
11065
11066
11068
11075
11076
11078
11080
11081
11088
11090
11091
11093
11161
11165
11166
11168
11180
11183
11186
11198
11200
11201
11205
11250
11251
11253
11255
11256
11258
11263
11265
11266
11268
11273
11275
11276
11278
11280
11281
11286
11290
11291
11293
11313
11315
11316
11318
11325
11326
11328
11330
11331
11338
11340
11341
11343
11348
11358
11361
11365
11366
11375
11376
11378
11380
11381
11383
11388
11390
11391
11393
11400
11401
11403
11405
11406
11563
11565
11566
11568
11575
11576
11578
11580
11581
11588
11590
11591
11593
11608
11611
11615
11616
11625
11626
11628
11630
11631
11633
11638
11640
11641
11643
11648
11650
11651
11653
11655
11656
11688
11690
11691
11693
11698
11700
11701
11703
11705
11706
11713
11715
11716
11718
11723
11733
11736
11740
11741
11786
11790
11791
11793
11805
11808
11811
11823
11825
11826
11830
12055
12058
12061
12073
12075
12076
12080
12090
12091
12093
12098
12143
12148
12150
12151
12161
12165
12166
12168
12180
12183
12186
12233
12236
12240
12241
12250
12251
12255
12258
12268
12273
12275
12276
13021
13022
13025
13026
13027
13030
13031
13042
13046
13047
13050
13051
13052
13067
13071
13072
13125
13126
13127
13130
13131
13135
13146
13147
13150
13151
13152
13155
13156
13167
13171
13172
13175
13176
13177
13230
13231
13235
13250
13251
13252
13255
13256
13260
13271
13272
13275
13276
13277
13280
13281
13393
13398
13400
13401
13411
13415
13416
13418
13430
13433
13436
13483
13486
13490
13491
13500
13501
13505
13508
13518
13523
13525
13526
13542
13546
13547
13550
13551
13552
13567
13571
13572
13573
13575
13576
13580
13585
13590
13591
13592
13593
13598
13608
13611
13615
13616
13646
13647
13650
13651
13652
13655
13656
13667
13671
13672
13675
13676
13677
13692
13696
13697
13750
13751
13752
13755
13756
13760
13771
13772
13775
13776
13777
13780
13781
13792
13796
13797
13800
13801
13802
13840
13841
13843
13848
13858
13861
13865
13866
13875
13876
13880
13883
13930
13933
13936
13948
13950
13951
13955
13965
13966
13968
13973
14018
14023
14025
14026
14036
14040
14041
14043
14055
14058
14061
14067
14071
14072
14085
14092
14105
14106
14110
14167
14171
14172
14175
14176
14177
14192
14196
14197
14210
14217
14271
14272
14275
14276
14277
14280
14281
14292
14296
14297
14300
14301
14302
14317
14321
14322
15625
15626
15627
15628
15630
15631
15632
15635
15636
15637
15638
15640
15641
15643
15646
15647
15650
15651
15652
15653
15655
15656
15657
15660
15661
15662
15667
15671
15672
15675
15676
15677
15680
15681
15682
15685
15686
15687
15688
15690
15691
15693
15700
15701
15703
15705
15706
15713
15715
15716
15718
15730
15731
15735
15750
15751
15752
15753
15755
15756
15757
15760
15761
15762
15763
15765
15766
15768
15771
15772
15775
15776
15777
15778
15780
15781
15782
15785
15786
15787
15800
15801
15802
15805
15806
15807
15810
15811
15812
15835
15842
15855
15856
15860
15875
15876
15877
15880
15881
15882
15885
15886
15887
15900
15901
15902
15905
15906
15907
15910
15911
15912
15925
15926
15927
15930
15931
15932
15935
15936
15937
15938
15940
15941
15943
15950
15951
15953
15955
15956
15963
15965
15966
15968
16000
16001
16003
16005
16006
16013
16015
16016
16018
16025
16026
16028
16030
16031
16063
16065
16066
16068
16075
16076
16078
16080
16081
16088
16090
16091
16093
16146
16147
16150
16151
16152
16155
16156
16167
16171
16172
16175
16176
16177
16192
16196
16197
16250
16251
16252
16253
16255
16256
16257
16260
16261
16262
16263
16265
16266
16268
16271
16272
16275
16276
16277
16278
16280
16281
16282
16285
16286
16287
16292
16296
16297
16300
16301
16302
16305
16306
16307
16310
16311
16312
16313
16315
16316
16318
16325
16326
16328
16330
16331
16338
16340
16341
16343
16355
16356
16360
16375
16376
16377
16378
16380
16381
16382
16385
16386
16387
16388
16390
16391
16393
16396
16397
16400
16401
16402
16403
16405
16406
16407
16410
16411
16412
16425
16426
16427
16430
16431
16432
16435
16436
16437
16500
16501
16502
16505
16506
16507
16510
16511
16512
16525
16526
16527
16530
16531
16532
16535
16536
16537
16550
16551
16552
16555
16556
16557
16560
16561
16562
16875
16876
16877
16880
16881
16882
16885
16886
16887
16900
16901
16902
16905
16906
16907
16910
16911
16912
16925
16926
16927
16930
16931
16932
16935
16936
16937
17000
17001
17002
17005
17006
17007
17010
17011
17012
17025
17026
17027
17030
17031
17032
17035
17036
17037
17050
17051
17052
17055
17056
17057
17060
17061
17062
17125
17126
17127
17130
17131
17132
17135
17136
17137
17150
17151
17152
17155
17156
17157
17160
17161
17162
17175
17176
17177
17180
17181
17182
17185
17186
17187
17188
17190
17191
17193
17200
17201
17203
17205
17206
17213
17215
17216
17218
17250
17251
17253
17255
17256
17263
17265
17266
17268
17275
17276
17278
17280
17281
17313
17315
17316
17318
17325
17326
17328
17330
17331
17338
17340
17341
17343
17500
17501
17503
17505
17506
17513
17515
17516
17518
17525
17526
17528
17530
17531
17563
17565
17566
17568
17575
17576
17578
17580
17581
17588
17590
17591
17593
17625
17626
17628
17630
17631
17638
17640
17641
17643
17650
17651
17653
17655
17656
17813
17815
17816
17818
17825
17826
17828
17830
17831
17838
17840
17841
17843
17875
17876
17878
17880
17881
17888
17890
17891
17893
17900
17901
17903
17905
17906
17938
17940
17941
17943
17950
17951
17953
17955
17956
17963
17965
17966
17968
18750
18751
18752
18753
18755
18756
18757
18760
18761
18762
18763
18765
18766
18768
18775
18776
18777
18778
18780
18781
18782
18785
18786
18787
18800
18801
18802
18805
18806
18807
18810
18811
18812
18813
18815
18816
18818
18825
18826
18828
18830
18831
18838
18840
18841
18843
18875
18876
18877
18878
18880
18881
18882
18885
18886
18887
18888
18890
18891
18893
18900
18901
18902
18903
18905
18906
18907
18910
18911
18912
18925
18926
18927
18930
18931
18932
18935
18936
18937
19000
19001
19002
19005
19006
19007
19010
19011
19012
19025
19026
19027
19030
19031
19032
19035
19036
19037
19050
19051
19052
19055
19056
19057
19060
19061
19062
19063
19065
19066
19068
19075
19076
19078
19080
19081
19088
19090
19091
19093
19125
19126
19128
19130
19131
19138
19140
19141
19143
19150
19151
19153
19155
19156
19188
19190
19191
19193
19200
19201
19203
19205
19206
19213
19215
19216
19218
19375
19376
19377
19378
19380
19381
19382
19385
19386
19387
19388
19390
19391
19393
19400
19401
19402
19403
19405
19406
19407
19410
19411
19412
19425
19426
19427
19430
19431
19432
19435
19436
19437
19438
19440
19441
19443
19450
19451
19453
19455
19456
19463
19465
19466
19468
19500
19501
19502
19503
19505
19506
19507
19510
19511
19512
19513
19515
19516
19518
19525
19526
19527
19528
19530
19531
19532
19535
19536
19537
19550
19551
19552
19555
19556
19557
19560
19561
19562
19625
19626
19627
19630
19631
19632
19635
19636
19637
19650
19651
19652
19655
19656
19657
19660
19661
19662
19675
19676
19677
19680
19681
19682
19685
19686
19687
20000
20001
20002
20005
20006
20007
20010
20011
20012
20025
20026
20027
20030
20031
20032
20035
20036
20037
20050
20051
20052
20055
20056
20057
20060
20061
20062
20125
20126
20127
20130
20131
20132
20135
20136
20137
20150
20151
20152
20155
20156
20157
20160
20161
20162
20175
20176
20177
20180
20181
20182
20185
20186
20187
20250
20251
20252
20255
20256
20257
20260
20261
20262
20275
20276
20277
20280
20281
20282
20285
20286
20287
20300
20301
20302
20305
20306
20307
20310
20311
20312
21875
21876
21877
21880
21881
21882
21885
21886
21887
21900
21901
21902
21905
21906
21907
21910
21911
21912
21925
21926
21927
21930
21931
21932
21935
21936
21937
22000
22001
22002
22005
22006
22007
22010
22011
22012
22025
22026
22027
22030
22031
22032
22035
22036
22037
22050
22051
22052
22055
22056
22057
22060
22061
22062
22125
22126
22127
22130
22131
22132
22135
22136
22137
22150
22151
22152
22155
22156
22157
22160
22161
22162
22175
22176
22177
22180
22181
22182
22185
22186
22187
22500
22501
22502
22505
22506
22507
22510
22511
22512
22525
22526
22527
22530
22531
22532
22535
22536
22537
22550
22551
22552
22555
22556
22557
22560
22561
22562
22625
22626
22627
22630
22631
22632
22635
22636
22637
22650
22651
22652
22655
22656
22657
22660
22661
22662
22675
22676
22677
22680
22681
22682
22685
22686
22687
22750
22751
22752
22755
22756
22757
22760
22761
22762
22775
22776
22777
22780
22781
22782
22785
22786
22787
22800
22801
22802
22805
22806
22807
22810
22811
22812
23125
23126
23127
23130
23131
23132
23135
23136
23137
23150
23151
23152
23155
23156
23157
23160
23161
23162
23175
23176
23177
23180
23181
23182
23185
23186
23187
23250
23251
23252
23255
23256
23257
23260
23261
23262
23275
23276
23277
23280
23281
23282
23285
23286
23287
23300
23301
23302
23305
23306
23307
23310
23311
23312
23375
23376
23377
23380
23381
23382
23385
23386
23387
23400
23401
23402
23405
23406
23407
23410
23411
23412
23425
23426
23427
23430
23431
23432
23435
23436
23437
31250
31251
31252
31255
31256
31257
31260
31261
31262
31275
31276
31277
31280
31281
31282
31285
31286
31287
31300
31301
31302
31305
31306
31307
31310
31311
31312
31375
31376
31377
31380
31381
31382
31385
31386
31387
31400
31401
31402
31405
31406
31407
31410
31411
31412
31425
31426
31427
31430
31431
31432
31435
31436
31437
31500
31501
31502
31505
31506
31507
31510
31511
31512
31525
31526
31527
31530
31531
31532
31535
31536
31537
31550
31551
31552
31555
31556
31557
31560
31561
31562
31875
31876
31877
31880
31881
31882
31885
31886
31887
31900
31901
31902
31905
31906
31907
31910
31911
31912
31925
31926
31927
31930
31931
31932
31935
31936
31937
32000
32001
32002
32005
32006
32007
32010
32011
32012
32025
32026
32027
32030
32031
32032
32035
32036
32037
32050
32051
32052
32055
32056
32057
32060
32061
32062
32125
32126
32127
32130
32131
32132
32135
32136
32137
32150
32151
32152
32155
32156
32157
32160
32161
32162
32175
32176
32177
32180
32181
32182
32185
32186
32187
32500
32501
32502
32505
32506
32507
32510
32511
32512
32525
32526
32527
32530
32531
32532
32535
32536
32537
32550
32551
32552
32555
32556
32557
32560
32561
32562
32625
32626
32627
32630
32631
32632
32635
32636
32637
32650
32651
32652
32655
32656
32657
32660
32661
32662
32675
32676
32677
32680
32681
32682
32685
32686
32687
32750
32751
32752
32755
32756
32757
32760
32761
32762
32775
32776
32777
32780
32781
32782
32785
32786
32787
32800
32801
32802
32805
32806
32807
32810
32811
32812
34375
34376
34377
34380
34381
34382
34385
34386
34387
34400
34401
34402
34405
34406
34407
34410
34411
34412
34425
34426
34427
34430
34431
34432
34435
34436
34437
34500
34501
34502
34505
34506
34507
34510
34511
34512
34525
34526
34527
34530
34531
34532
34535
34536
34537
34550
34551
34552
34555
34556
34557
34560
34561
34562
34625
34626
34627
34630
34631
34632
34635
34636
34637
34650
34651
34652
34655
34656
34657
34660
34661
34662
34675
34676
34677
34680
34681
34682
34685
34686
34687
35000
35001
35002
35005
35006
35007
35010
35011
35012
35025
35026
35027
35030
35031
35032
35035
35036
35037
35050
35051
35052
35055
35056
35057
35060
35061
35062
35125
35126
35127
35130
35131
35132
35135
35136
35137
35150
35151
35152
35155
35156
35157
35160
35161
35162
35175
35176
35177
35180
35181
35182
35185
35186
35187
35250
35251
35252
35255
35256
35257
35260
35261
35262
35275
35276
35277
35280
35281
35282
35285
35286
35287
35300
35301
35302
35305
35306
35307
35310
35311
35312
35625
35626
35627
35630
35631
35632
35635
35636
35637
35650
35651
35652
35655
35656
35657
35660
35661
35662
35675
35676
35677
35680
35681
35682
35685
35686
35687
35750
35751
35752
35755
35756
35757
35760
35761
35762
35775
35776
35777
35780
35781
35782
35785
35786
35787
35800
35801
35802
35805
35806
35807
35810
35811
35812
35875
35876
35877
35880
35881
35882
35885
35886
35887
35900
35901
35902
35905
35906
35907
35910
35911
35912
35925
35926
35927
35930
35931
35932
35935
35936
35937
37500
37501
37502
37505
37506
37507
37510
37511
37512
37525
37526
37527
37530
37531
37532
37535
37536
37537
37550
37551
37552
37555
37556
37557
37560
37561
37562
37625
37626
37627
37630
37631
37632
37635
37636
37637
37650
37651
37652
37655
37656
37657
37660
37661
37662
37675
37676
37677
37680
37681
37682
37685
37686
37687
37750
37751
37752
37755
37756
37757
37760
37761
37762
37775
37776
37777
37780
37781
37782
37785
37786
37787
37800
37801
37802
37805
37806
37807
37810
37811
37812
38125
38126
38127
38130
38131
38132
38135
38136
38137
38150
38151
38152
38155
38156
38157
38160
38161
38162
38175
38176
38177
38180
38181
38182
38185
38186
38187
38250
38251
38252
38255
38256
38257
38260
38261
38262
38275
38276
38277
38280
38281
38282
38285
38286
38287
38300
38301
38302
38305
38306
38307
38310
38311
38312
38375
38376
38377
38380
38381
38382
38385
38386
38387
38400
38401
38402
38405
38406
38407
38410
38411
38412
38425
38426
38427
38430
38431
38432
38435
38436
38437
38750
38751
38752
38755
38756
38757
38760
38761
38762
38775
38776
38777
38780
38781
38782
38785
38786
38787
38800
38801
38802
38805
38806
38807
38810
38811
38812
38875
38876
38877
38880
38881
38882
38885
38886
38887
38900
38901
38902
38905
38906
38907
38910
38911
38912
38925
38926
38927
38930
38931
38932
38935
38936
38937
39000
39001
39002
39005
39006
39007
39010
39011
39012
39025
39026
39027
39030
39031
39032
39035
39036
39037
39050
39051
39052
39055
39056
39057
39060
39061
39062
39063
39065
39066
39068
39075
39076
39078
39080
39081
39088
39090
39091
39093
39125
39126
39128
39130
39131
39138
39140
39141
39143
39150
39151
39153
39155
39156
39188
39190
39191
39193
39200
39201
39203
39205
39206
39213
39215
39216
39218
39375
39376
39378
39380
39381
39388
39390
39391
39393
39400
39401
39403
39405
39406
39438
39440
39441
39443
39450
39451
39453
39455
39456
39463
39465
39466
39468
39500
39501
39503
39505
39506
39513
39515
39516
39518
39525
39526
39528
39530
39531
39688
39690
39691
39693
39700
39701
39703
39705
39706
39713
39715
39716
39718
39750
39751
39753
39755
39756
39763
39765
39766
39768
39775
39776
39778
39780
39781
39813
39815
39816
39818
39825
39826
39828
39830
39831
39838
39840
39841
39843
40625
40626
40628
40630
40631
40638
40640
40641
40643
40650
40651
40653
40655
40656
40688
40690
40691
40693
40700
40701
40703
40705
40706
40713
40715
40716
40718
40750
40751
40753
40755
40756
40763
40765
40766
40768
40775
40776
40778
40780
40781
40938
40940
40941
40943
40950
40951
40953
40955
40956
40963
40965
40966
40968
41000
41001
41003
41005
41006
41013
41015
41016
41018
41025
41026
41028
41030
41031
41063
41065
41066
41068
41075
41076
41078
41080
41081
41088
41090
41091
41093
41250
41251
41253
41255
41256
41263
41265
41266
41268
41275
41276
41278
41280
41281
41313
41315
41316
41318
41325
41326
41328
41330
41331
41338
41340
41341
41343
41375
41376
41378
41380
41381
41388
41390
41391
41393
41400
41401
41403
41405
41406
42188
42190
42191
42193
42200
42201
42203
42205
42206
42213
42215
42216
42218
42250
42251
42253
42255
42256
42263
42265
42266
42268
42275
42276
42278
42280
42281
42313
42315
42316
42318
42325
42326
42328
42330
42331
42338
42340
42341
42343
42500
42501
42503
42505
42506
42513
42515
42516
42518
42525
42526
42528
42530
42531
42563
42565
42566
42568
42575
42576
42578
42580
42581
42588
42590
42591
42593
42625
42626
42628
42630
42631
42638
42640
42641
42643
42650
42651
42653
42655
42656
42813
42815
42816
42818
42825
42826
42828
42830
42831
42838
42840
42841
42843
42875
42876
42878
42880
42881
42888
42890
42891
42893
42900
42901
42903
42905
42906
42938
42940
42941
42943
42950
42951
42953
42955
42956
42963
42965
42966
42968
46875
46876
46878
46880
46881
46888
46890
46891
46893
46900
46901
46903
46905
46906
46938
46940
46941
46943
46950
46951
46953
46955
46956
46963
46965
46966
46968
47000
47001
47003
47005
47006
47013
47015
47016
47018
47025
47026
47028
47030
47031
47188
47190
47191
47193
47200
47201
47203
47205
47206
47213
47215
47216
47218
47250
47251
47253
47255
47256
47263
47265
47266
47268
47275
47276
47278
47280
47281
47313
47315
47316
47318
47325
47326
47328
47330
47331
47338
47340
47341
47343
47500
47501
47503
47505
47506
47513
47515
47516
47518
47525
47526
47528
47530
47531
47563
47565
47566
47568
47575
47576
47578
47580
47581
47588
47590
47591
47593
47625
47626
47628
47630
47631
47638
47640
47641
47643
47650
47651
47653
47655
47656
48438
48440
48441
48443
48450
48451
48453
48455
48456
48463
48465
48466
48468
48500
48501
48503
48505
48506
48513
48515
48516
48518
48525
48526
48528
48530
48531
48563
48565
48566
48568
48575
48576
48578
48580
48581
48588
48590
48591
48593
48750
48751
48753
48755
48756
48763
48765
48766
48768
48775
48776
48778
48780
48781
48813
48815
48816
48818
48825
48826
48828
48830
48831
48838
48840
48841
48843
48875
48876
48878
48880
48881
48888
48890
48891
48893
48900
48901
48903
48905
48906
49063
49065
49066
49068
49075
49076
49078
49080
49081
49088
49090
49091
49093
49125
49126
49128
49130
49131
49138
49140
49141
49143
49150
49151
49153
49155
49156
49188
49190
49191
49193
49200
49201
49203
49205
49206
49213
49215
49216
49218
50000
78125
78126
78127
78130
78131
78132
78135
78136
78137
78150
78151
78152
78155
78156
78157
78160
78161
78162
78175
78176
78177
78180
78181
78182
78185
78186
78187
78250
78251
78252
78255
78256
78257
78260
78261
78262
78275
78276
78277
78280
78281
78282
78285
78286
78287
78300
78301
78302
78305
78306
78307
78310
78311
78312
78375
78376
78377
78380
78381
78382
78385
78386
78387
78400
78401
78402
78405
78406
78407
78410
78411
78412
78425
78426
78427
78430
78431
78432
78435
78436
78437
78750
78751
78752
78755
78756
78757
78760
78761
78762
78775
78776
78777
78780
78781
78782
78785
78786
78787
78800
78801
78802
78805
78806
78807
78810
78811
78812
78875
78876
78877
78880
78881
78882
78885
78886
78887
78900
78901
78902
78905
78906
78907
78910
78911
78912
78925
78926
78927
78930
78931
78932
78935
78936
78937
79000
79001
79002
79005
79006
79007
79010
79011
79012
79025
79026
79027
79030
79031
79032
79035
79036
79037
79050
79051
79052
79055
79056
79057
79060
79061
79062
79375
79376
79377
79380
79381
79382
79385
79386
79387
79400
79401
79402
79405
79406
79407
79410
79411
79412
79425
79426
79427
79430
79431
79432
79435
79436
79437
79500
79501
79502
79505
79506
79507
79510
79511
79512
79525
79526
79527
79530
79531
79532
79535
79536
79537
79550
79551
79552
79555
79556
79557
79560
79561
79562
79625
79626
79627
79630
79631
79632
79635
79636
79637
79650
79651
79652
79655
79656
79657
79660
79661
79662
79675
79676
79677
79680
79681
79682
79685
79686
79687
81250
81251
81252
81255
81256
81257
81260
81261
81262
81275
81276
81277
81280
81281
81282
81285
81286
81287
81300
81301
81302
81305
81306
81307
81310
81311
81312
81375
81376
81377
81380
81381
81382
81385
81386
81387
81400
81401
81402
81405
81406
81407
81410
81411
81412
81425
81426
81427
81430
81431
81432
81435
81436
81437
81500
81501
81502
81505
81506
81507
81510
81511
81512
81525
81526
81527
81530
81531
81532
81535
81536
81537
81550
81551
81552
81555
81556
81557
81560
81561
81562
81875
81876
81877
81880
81881
81882
81885
81886
81887
81900
81901
81902
81905
81906
81907
81910
81911
81912
81925
81926
81927
81930
81931
81932
81935
81936
81937
82000
82001
82002
82005
82006
82007
82010
82011
82012
82025
82026
82027
82030
82031
82032
82035
82036
82037
82050
82051
82052
82055
82056
82057
82060
82061
82062
82125
82126
82127
82130
82131
82132
82135
82136
82137
82150
82151
82152
82155
82156
82157
82160
82161
82162
82175
82176
82177
82180
82181
82182
82185
82186
82187
82500
82501
82502
82505
82506
82507
82510
82511
82512
82525
82526
82527
82530
82531
82532
82535
82536
82537
82550
82551
82552
82555
82556
82557
82560
82561
82562
82625
82626
82627
82630
82631
82632
82635
82636
82637
82650
82651
82652
82655
82656
82657
82660
82661
82662
82675
82676
82677
82680
82681
82682
82685
82686
82687
82750
82751
82752
82755
82756
82757
82760
82761
82762
82775
82776
82777
82780
82781
82782
82785
82786
82787
82800
82801
82802
82805
82806
82807
82810
82811
82812
84375
84376
84377
84380
84381
84382
84385
84386
84387
84400
84401
84402
84405
84406
84407
84410
84411
84412
84425
84426
84427
84430
84431
84432
84435
84436
84437
84500
84501
84502
84505
84506
84507
84510
84511
84512
84525
84526
84527
84530
84531
84532
84535
84536
84537
84550
84551
84552
84555
84556
84557
84560
84561
84562
84625
84626
84627
84630
84631
84632
84635
84636
84637
84650
84651
84652
84655
84656
84657
84660
84661
84662
84675
84676
84677
84680
84681
84682
84685
84686
84687
85000
85001
85002
85005
85006
85007
85010
85011
85012
85025
85026
85027
85030
85031
85032
85035
85036
85037
85050
85051
85052
85055
85056
85057
85060
85061
85062
85125
85126
85127
85130
85131
85132
85135
85136
85137
85150
85151
85152
85155
85156
85157
85160
85161
85162
85175
85176
85177
85180
85181
85182
85185
85186
85187
85250
85251
85252
85255
85256
85257
85260
85261
85262
85275
85276
85277
85280
85281
85282
85285
85286
85287
85300
85301
85302
85305
85306
85307
85310
85311
85312
85625
85626
85627
85630
85631
85632
85635
85636
85637
85650
85651
85652
85655
85656
85657
85660
85661
85662
85675
85676
85677
85680
85681
85682
85685
85686
85687
85750
85751
85752
85755
85756
85757
85760
85761
85762
85775
85776
85777
85780
85781
85782
85785
85786
85787
85800
85801
85802
85805
85806
85807
85810
85811
85812
85875
85876
85877
85880
85881
85882
85885
85886
85887
85900
85901
85902
85905
85906
85907
85910
85911
85912
85925
85926
85927
85930
85931
85932
85935
85936
85937
93750
93751
93752
93755
93756
93757
93760
93761
93762
93775
93776
93777
93780
93781
93782
93785
93786
93787
93800
93801
93802
93805
93806
93807
93810
93811
93812
93875
93876
93877
93880
93881
93882
93885
93886
93887
93900
93901
93902
93905
93906
93907
93910
93911
93912
93925
93926
93927
93930
93931
93932
93935
93936
93937
94000
94001
94002
94005
94006
94007
94010
94011
94012
94025
94026
94027
94030
94031
94032
94035
94036
94037
94050
94051
94052
94055
94056
94057
94060
94061
94062
94375
94376
94377
94380
94381
94382
94385
94386
94387
94400
94401
94402
94405
94406
94407
94410
94411
94412
94425
94426
94427
94430
94431
94432
94435
94436
94437
94500
94501
94502
94505
94506
94507
94510
94511
94512
94525
94526
94527
94530
94531
94532
94535
94536
94537
94550
94551
94552
94555
94556
94557
94560
94561
94562
94625
94626
94627
94630
94631
94632
94635
94636
94637
94650
94651
94652
94655
94656
94657
94660
94661
94662
94675
94676
94677
94680
94681
94682
94685
94686
94687
95000
95001
95002
95005
95006
95007
95010
95011
95012
95025
95026
95027
95030
95031
95032
95035
95036
95037
95050
95051
95052
95055
95056
95057
95060
95061
95062
95125
95126
95127
95130
95131
95132
95135
95136
95137
95150
95151
95152
95155
95156
95157
95160
95161
95162
95175
95176
95177
95180
95181
95182
95185
95186
95187
95250
95251
95252
95255
95256
95257
95260
95261
95262
95275
95276
95277
95280
95281
95282
95285
95286
95287
95300
95301
95302
95305
95306
95307
95310
95311
95312
96875
96876
96877
96880
96881
96882
96885
96886
96887
96900
96901
96902
96905
96906
96907
96910
96911
96912
96925
96926
96927
96930
96931
96932
96935
96936
96937
97000
97001
97002
97005
97006
97007
97010
97011
97012
97025
97026
97027
97030
97031
97032
97035
97036
97037
97050
97051
97052
97055
97056
97057
97060
97061
97062
97125
97126
97127
97130
97131
97132
97135
97136
97137
97150
97151
97152
97155
97156
97157
97160
97161
97162
97175
97176
97177
97180
97181
97182
97185
97186
97187
97500
97501
97502
97505
97506
97507
97510
97511
97512
97525
97526
97527
97530
97531
97532
97535
97536
97537
97550
97551
97552
97555
97556
97557
97560
97561
97562
97625
97626
97627
97630
97631
97632
97635
97636
97637
97650
97651
97652
97655
97656
97657
97660
97661
97662
97675
97676
97677
97680
97681
97682
97685
97686
97687
97750
97751
97752
97755
97756
97757
97760
97761
97762
97775
97776
97777
97780
97781
97782
97785
97786
97787
97800
97801
97802
97805
97806
97807
97810
97811
97812
98125
98126
98127
98130
98131
98132
98135
98136
98137
98150
98151
98152
98155
98156
98157
98160
98161
98162
98175
98176
98177
98180
98181
98182
98185
98186
98187
98250
98251
98252
98255
98256
98257
98260
98261
98262
98275
98276
98277
98280
98281
98282
98285
98286
98287
98300
98301
98302
98305
98306
98307
98310
98311
98312
98375
98376
98377
98380
98381
98382
98385
98386
98387
98400
98401
98402
98405
98406
98407
98410
98411
98412
98425
98426
98427
98430
98431
98432
98435
98436
98437
100000
