4
5
6
9
11
14
16
19
20
21
24
25
26
29
30
31
34
36
39
41
44
45
46
49
51
54
55
56
59
61
64
66
69
70
71
74
76
79
80
81
84
86
89
91
94
95
96
99
100
101
104
105
106
109
111
114
116
119
120
121
124
125
126
129
130
131
134
136
139
141
144
145
146
149
150
151
154
155
156
159
161
164
166
169
170
171
174
176
179
180
181
184
186
189
191
194
195
196
199
201
204
205
206
211
214
216
219
221
224
225
226
229
230
231
234
241
244
245
246
249
254
255
259
264
266
269
270
271
274
275
276
279
280
281
284
286
289
294
295
296
305
319
321
326
329
330
331
334
336
339
341
344
345
349
350
351
354
355
356
359
361
364
366
369
370
374
379
380
381
386
389
394
395
396
399
400
401
404
405
406
409
411
414
419
420
421
424
426
429
430
431
434
436
439
441
444
445
446
449
454
455
456
459
461
464
470
471
474
475
476
479
481
484
486
489
494
495
500
501
504
505
506
509
511
519
520
521
524
525
526
529
530
531
534
536
539
541
544
545
546
549
551
554
555
556
559
561
564
569
570
574
579
581
584
586
589
591
594
595
596
599
600
601
604
605
606
609
611
614
616
620
621
624
625
626
629
630
631
634
636
639
641
644
645
646
649
650
651
654
655
656
659
664
666
669
670
671
674
676
679
681
684
686
689
691
694
695
699
701
705
706
709
714
716
719
720
721
725
726
729
730
731
734
744
745
746
749
750
751
754
755
756
759
766
769
770
771
774
775
776
779
780
781
784
789
791
795
796
799
801
804
805
806
814
819
820
821
824
826
829
830
831
834
839
845
850
851
854
855
856
859
861
866
869
870
871
874
879
880
884
889
891
894
895
896
899
900
901
904
905
909
914
919
920
921
924
929
930
939
941
944
945
946
949
954
955
956
959
964
966
969
970
971
974
975
976
979
980
981
984
989
994
995
996
999
1005
1019
1020
1021
1025
1026
1029
1036
1039
1041
1064
1069
1070
1071
1074
1089
1101
1105
1106
1125
1126
1129
1130
1131
1134
1145
1146
1149
1150
1151
1154
1155
1156
1159
1170
1171
1174
1179
1184
1194
1199
1201
1204
1205
1219
1220
1225
1226
1229
1230
1231
1234
1245
1246
1249
1276
1279
1291
1299
1301
1329
1330
1344
1345
1350
1351
1355
1361
1369
1370
1374
1375
1376
1380
1389
1391
1394
1395
1400
1401
1405
1406
1414
1424
1429
1430
1439
1444
1445
1446
1449
1456
1459
1461
1464
1470
1475
1476
1481
1484
1486
1514
1519
1525
1526
1539
1541
1544
1546
1554
1594
1595
1599
1605
1631
1644
1645
1646
1649
1650
1655
1669
1670
1671
1674
1676
1680
1681
1684
1686
1694
1699
1701
1720
1725
1726
1734
1736
1739
1750
1751
1755
1756
1769
1770
1780
1794
1795
1805
1806
1809
1811
1819
1820
1824
1826
1831
1839
1845
1850
1856
1861
1864
1901
1904
1916
1919
1924
1926
1929
1930
1931
1934
1945
1964
1969
1975
1980
1981
1986
1995
2000
2001
2005
2011
2014
2019
2020
2021
2025
2026
2029
2030
2031
2036
2039
2041
2049
2054
2055
2070
2081
2084
2086
2089
2091
2095
2100
2101
2104
2105
2106
2109
2111
2114
2120
2121
2131
2134
2139
2141
2144
2145
2150
2151
2154
2155
2156
2161
2164
2169
2170
2171
2174
2176
2180
2181
2184
2189
2191
2194
2195
2201
2205
2206
2209
2211
2214
2216
2220
2225
2226
2229
2231
2239
2245
2246
2264
2271
2275
2276
2279
2280
2281
2284
2289
2291
2295
2301
2305
2306
2320
2331
2334
2350
2355
2364
2370
2375
2376
2380
2389
2394
2404
2405
2409
2419
2420
2424
2426
2429
2430
2434
2439
2441
2445
2449
2451
2459
2464
2470
2481
2500
2501
2504
2505
2506
2509
2520
2521
2524
2525
2526
2529
2530
2531
2534
2539
2541
2545
2546
2549
2554
2584
2589
2591
2594
2600
2601
2604
2605
2606
2609
2620
2621
2624
2625
2626
2629
2630
2631
2634
2641
2645
2646
2649
2650
2651
2654
2655
2656
2659
2669
2670
2671
2674
2676
2681
2684
2689
2691
2694
2695
2699
2705
2709
2714
2716
2719
2720
2721
2724
2725
2726
2729
2730
2731
2734
2739
2741
2744
2745
2746
2749
2755
2761
2764
2766
2770
2775
2776
2780
2781
2794
2795
2796
2799
2801
2806
2809
2819
2820
2824
2831
2834
2836
2844
2845
2850
2856
2864
2869
2886
2889
2896
2904
2905
2906
2909
2926
2929
2930
2941
2945
2951
2981
3000
3001
3004
3005
3006
3009
3011
3020
3021
3024
3025
3026
3029
3030
3031
3034
3039
3041
3045
3046
3049
3059
3064
3100
3101
3104
3105
3106
3109
3120
3121
3124
3125
3126
3129
3130
3131
3134
3136
3139
3144
3145
3146
3149
3150
3151
3154
3155
3156
3159
3161
3164
3166
3170
3171
3174
3179
3180
3181
3184
3186
3194
3195
3206
3209
3211
3214
3216
3219
3220
3225
3226
3229
3230
3231
3234
3245
3246
3249
3250
3251
3254
3255
3256
3259
3269
3270
3271
3274
3275
3276
3279
3280
3281
3284
3289
3291
3295
3296
3299
3304
3314
3316
3319
3320
3321
3324
3330
3339
3344
3345
3346
3349
3350
3351
3354
3355
3356
3359
3366
3369
3370
3371
3374
3380
3381
3391
3395
3405
3406
3414
3416
3419
3420
3421
3430
3431
3444
3445
3459
3461
3470
3491
3494
3495
3496
3499
3505
3506
3509
3529
3530
3545
3546
3559
3564
3566
3570
3579
3580
3600
3601
3605
3606
3625
3626
3629
3630
3631
3634
3645
3646
3649
3650
3651
3654
3655
3656
3659
3670
3671
3674
3706
3720
3725
3726
3729
3730
3731
3734
3745
3746
3749
3750
3751
3754
3755
3756
3759
3761
3770
3771
3774
3775
3776
3779
3780
3781
3784
3789
3795
3796
3799
3804
3824
3826
3831
3845
3846
3850
3851
3854
3855
3856
3859
3869
3870
3871
3874
3875
3876
3879
3880
3881
3884
3894
3895
3896
3899
3900
3901
3904
3905
3906
3909
3914
3916
3920
3921
3924
3929
3939
3944
3945
3946
3949
3954
3955
3964
3975
3976
3979
3980
3981
3984
3994
3995
3996
3999
4016
4020
4039
4041
4046
4064
4069
4070
4071
4074
4089
4094
4095
4096
4099
4100
4101
4105
4106
4119
4120
4121
4124
4141
4145
4146
4150
4151
4166
4189
4194
4195
4196
4199
4214
4250
4251
4254
4255
4256
4259
4270
4271
4274
4275
4276
4279
4280
4281
4284
4295
4296
4299
4345
4350
4351
4354
4355
4356
4359
4370
4371
4374
4436
4470
4475
4476
4494
4495
4499
4500
4501
4505
4519
4520
4539
4564
4569
4570
4571
4574
4589
4595
4619
4620
4624
4644
4645
4649
4650
4651
4654
4664
4669
4689
4691
4694
4695
4696
4699
4705
4709
4714
4716
4719
4720
4721
4724
4725
4726
4729
4730
4731
4744
4745
4746
4749
4756
4761
4771
4775
4776
4779
4789
4791
4795
4796
4809
4814
4816
4819
4820
4821
4824
4830
4839
4844
4845
4846
4849
4850
4851
4855
4856
4869
4870
4871
4874
4875
4876
4879
4880
4881
4895
4900
4901
4905
4906
4969
4970
4971
4974
4975
4976
4980
4981
4994
4995
4996
4999
5105
5109
5121
5125
5126
5129
5130
5145
5189
5191
5195
5205
5314
5319
5320
5321
5324
5339
5344
5345
5346
5349
5350
5351
5355
5356
5369
5370
5371
5374
5439
5444
5445
5446
5449
5464
5625
5626
5629
5630
5631
5634
5645
5646
5649
5650
5651
5654
5655
5656
5659
5670
5671
5674
5725
5726
5729
5730
5731
5734
5745
5746
5749
5750
5751
5754
5755
5756
5759
5770
5771
5774
5775
5776
5779
5780
5781
5784
5795
5796
5799
5850
5851
5854
5855
5856
5859
5870
5871
5874
6125
6126
6129
6130
6131
6134
6145
6146
6149
6150
6151
6154
6155
6156
6159
6170
6171
6174
6225
6226
6229
6230
6231
6234
6245
6246
6249
6945
6956
6959
6961
6970
7000
7001
7005
7014
7019
7025
7026
7030
7031
7039
7064
7069
7070
7071
7074
7081
7089
7164
7189
7194
7195
7196
7199
7214
7219
7220
7221
7224
7225
7226
7230
7231
7234
7236
7239
7244
7245
7246
7249
7280
7281
7289
7294
7295
7305
7306
7309
7311
7314
7319
7320
7321
7324
7339
7350
7351
7359
7361
7364
7375
7376
7380
7419
7420
7430
7570
7581
7584
7586
7595
7625
7626
7630
7664
7689
7694
7695
7696
7699
7714
7789
8334
8336
8345
8350
8351
8359
8361
8389
8394
8400
8401
8405
8406
8414
8419
8420
8430
8459
8461
8470
8614
8625
8626
8630
8669
8670
8680
8681
8684
8686
8694
8695
8706
8739
8750
8751
8755
8764
8769
8775
8776
8806
8809
8811
8819
8959
8961
8970
8975
8976
8984
8986
9014
9019
9025
9026
9030
9031
9039
9044
9045
9055
9084
9086
9095
9100
9101
9109
9111
9114
9155
9156
9164
9306
9309
9311
9319
9320
9331
9364
10070
10081
10084
10086
10095
10125
10126
10130
10139
10144
10150
10151
10155
10156
10164
10195
10206
10350
10351
10359
10361
10364
10405
10406
10414
10419
10420
10421
10430
10431
10434
10436
10439
10441
10444
10445
10455
10475
10476
10484
10486
10489
10500
10501
10504
10505
10520
10521
10525
10526
10529
10539
10541
10544
10545
10546
10555
10559
10605
10609
10621
10695
10706
10709
10711
10720
10750
10751
10755
10764
10769
10775
10776
10780
10781
10789
10820
10831
10834
10836
10839
10841
10845
10850
10851
10854
10855
10859
10861
10871
10889
10894
10900
10901
10920
10921
10934
10939
10941
10945
10955
10959
10964
10966
10975
10976
10979
11021
11025
11026
11029
11039
11041
11044
11045
11046
11055
11056
11059
11061
11064
11066
11069
11070
11080
11100
11101
11109
11111
11125
11126
11129
11130
11145
11355
11359
11371
11375
11376
11379
11380
11395
11439
11441
11445
11455
12500
12501
12504
12505
12506
12509
12520
12521
12524
12525
12526
12529
12530
12531
12534
12539
12541
12545
12546
12549
12584
12589
12591
12600
12601
12604
12605
12606
12609
12620
12621
12624
12625
12626
12629
12630
12631
12634
12645
12646
12649
12650
12651
12654
12655
12656
12659
12670
12671
12674
12689
12691
12695
12705
12725
12726
12729
12730
12731
12734
12745
12746
12749
12920
12921
12934
12939
12941
12945
12955
13000
13001
13004
13005
13006
13009
13020
13021
13024
13025
13026
13029
13030
13031
13034
13039
13041
13045
13046
13049
13059
13100
13101
13104
13105
13106
13109
13120
13121
13124
13125
13126
13129
13130
13131
13134
13145
13146
13149
13150
13151
13154
13155
13156
13159
13164
13166
13170
13171
13174
13209
13214
13216
13225
13226
13229
13230
13231
13234
13245
13246
13249
13250
13251
13254
13255
13256
13259
13270
13271
13274
13275
13276
13279
13280
13281
13284
13295
13296
13299
13350
13351
13354
13355
13356
13359
13370
13371
13374
13439
13441
13445
13455
13459
13464
13466
13475
13476
13479
13521
13525
13526
13529
13539
13541
13545
13546
13559
13564
13566
13570
13580
13625
13626
13629
13630
13631
13634
13645
13646
13649
13650
13651
13654
13655
13656
13659
13664
13666
13670
13671
13674
13684
13725
13726
13729
13730
13731
13734
13745
13746
13749
13959
13964
13966
13975
13976
13979
13980
13984
13996
14045
14046
14059
15000
15001
15004
15005
15006
15009
15020
15021
15024
15025
15026
15029
15030
15031
15034
15045
15046
15049
15100
15101
15104
15105
15106
15109
15120
15121
15124
15125
15126
15129
15130
15131
15134
15145
15146
15149
15150
15151
15154
15155
15156
15159
15170
15171
15174
15189
15191
15195
15205
15209
15214
15216
15225
15226
15229
15230
15231
15234
15245
15246
15249
15295
15296
15309
15500
15501
15504
15505
15506
15509
15520
15521
15524
15525
15526
15529
15530
15531
15534
15539
15541
15545
15546
15549
15559
15600
15601
15604
15605
15606
15609
15620
15621
15624
15625
15626
15629
15630
15631
15634
15645
15646
15649
15650
15651
15654
15655
15656
15659
15664
15666
15670
15671
15674
15709
15714
15716
15725
15726
15729
15730
15731
15734
15745
15746
15749
15750
15751
15754
15755
15756
15759
15770
15771
15774
15775
15776
15779
15780
15781
15784
15789
15795
15796
15799
15814
15816
15819
15820
15821
15824
15830
15839
15850
15851
15854
15855
15856
15859
15870
15871
15874
15914
16045
16046
16059
16064
16066
16070
16080
16125
16126
16129
16130
16131
16134
16145
16146
16149
16150
16151
16154
16155
16156
16159
16164
16166
16170
16171
16174
16184
16225
16226
16229
16230
16231
16234
16245
16246
16249
16250
16251
16254
16255
16256
16259
16270
16271
16274
16275
16276
16279
16280
16281
16284
16289
16291
16295
16296
16299
16334
16339
16341
16350
16351
16354
16355
16356
16359
16370
16371
16374
16375
16376
16379
16380
16381
16384
16395
16396
16399
16400
16401
16404
16405
16406
16409
16414
16420
16421
16424
16439
16444
16445
16446
16449
16464
16475
16476
16479
16480
16481
16484
16495
16496
16499
16539
16564
16566
16569
16570
16571
16574
16580
16584
16589
16591
16594
16595
16596
16599
16600
16601
16604
16605
16606
16619
16620
16621
16624
16646
16650
16651
16654
16664
16666
16689
16694
16695
16696
16699
16714
16750
16751
16754
16755
16756
16759
16770
16771
16774
16775
16776
16779
16780
16781
16784
16795
16796
16799
16850
16851
16854
16855
16856
16859
16870
16871
16874
17039
17064
17069
17070
17071
17074
17089
17164
18125
18126
18129
18130
18131
18134
18145
18146
18149
18150
18151
18154
18155
18156
18159
18170
18171
18174
18225
18226
18229
18230
18231
18234
18245
18246
18249
18250
18251
18254
18255
18256
18259
18270
18271
18274
18275
18276
18279
18280
18281
18284
18295
18296
18299
18350
18351
18354
18355
18356
18359
18370
18371
18374
18625
18626
18629
18630
18631
18634
18645
18646
18649
18650
18651
18654
18655
18656
18659
18670
18671
18674
18725
18726
18729
18730
18731
18734
18745
18746
18749
18750
18751
18754
18755
18756
18759
18770
18771
18774
18775
18776
18779
18780
18781
18784
18789
18795
18796
18799
18850
18851
18854
18855
18856
18859
18870
18871
18874
18875
18876
18879
18880
18881
18884
18895
18896
18899
18900
18901
18904
18905
18906
18909
18914
18920
18921
18924
18939
18944
18945
18946
18949
18964
18975
18976
18979
18980
18981
18984
18995
18996
18999
19039
19250
19251
19254
19255
19256
19259
19270
19271
19274
19275
19276
19279
19280
19281
19284
19295
19296
19299
19350
19351
19354
19355
19356
19359
19370
19371
19374
19375
19376
19379
19380
19381
19384
19395
19396
19399
19400
19401
19404
19405
19406
19409
19414
19420
19421
19424
19475
19476
19479
19480
19481
19484
19495
19496
19499
19500
19501
19504
19505
19506
19509
19520
19521
19524
19525
19526
19529
19530
19531
19534
19539
19545
19546
19549
19564
19569
19570
19571
19574
19589
19600
19601
19604
19605
19606
19609
19620
19621
19624
19664
19689
19694
19695
19696
19699
19714
19719
19720
19721
19724
19725
19726
19730
19731
19744
19745
19746
19749
19814
19819
19820
19821
19824
19839
19875
19876
19879
19880
19881
19884
19895
19896
19899
19900
19901
19904
19905
19906
19909
19920
19921
19924
19975
19976
19979
19980
19981
19984
19995
19996
19999
20164
20189
20194
20195
20196
20199
20214
20289
20314
20319
20320
20321
20324
20339
20344
20345
20346
20349
20350
20351
20355
20356
20369
20370
20371
20374
20439
20444
20445
20446
20449
20464
20469
20470
20471
20474
20475
20476
20480
20481
20494
20495
20496
20499
20500
20501
20505
20506
20525
20526
20530
20531
20594
20595
20596
20599
20600
20601
20605
20606
20619
20620
20621
20624
20939
20944
20945
20946
20949
20964
20969
20970
20971
20974
20975
20976
20980
20981
20994
20995
20996
20999
21064
21069
21070
21071
21074
21089
21250
21251
21254
21255
21256
21259
21270
21271
21274
21275
21276
21279
21280
21281
21284
21295
21296
21299
21350
21351
21354
21355
21356
21359
21370
21371
21374
21375
21376
21379
21380
21381
21384
21395
21396
21399
21400
21401
21404
21405
21406
21409
21420
21421
21424
21475
21476
21479
21480
21481
21484
21495
21496
21499
21750
21751
21754
21755
21756
21759
21770
21771
21774
21775
21776
21779
21780
21781
21784
21795
21796
21799
21850
21851
21854
21855
21856
21859
21870
21871
21874
22664
22689
22694
22695
22696
22699
22714
22789
22814
22819
22820
22821
22824
22839
22844
22845
22846
22849
22850
22851
22855
22856
22869
22870
22871
22874
22939
22944
22945
22946
22949
22964
23289
23314
23319
23320
23321
23324
23339
23414
23439
23444
23445
23446
23449
23464
23469
23470
23471
23474
23475
23476
23480
23481
23494
23495
23496
23499
23564
23569
23570
23571
23574
23589
23594
23595
23596
23599
23600
23601
23605
23606
23619
23620
23621
23624
23625
23626
23630
23631
23650
23651
23655
23656
23719
23720
23721
23724
23725
23726
23730
23731
23744
23745
23746
23749
24064
24069
24070
24071
24074
24089
24094
24095
24096
24099
24100
24101
24105
24106
24119
24120
24121
24124
24189
24194
24195
24196
24199
24214
24219
24220
24221
24224
24225
24226
24230
24231
24244
24245
24246
24249
24250
24251
24255
24256
24275
24276
24280
24281
24344
24345
24346
24349
24350
24351
24355
24356
24369
24370
24371
24374
24375
24376
24380
24381
24400
24401
24405
24406
24414
24500
24501
24505
24506
24525
24526
24530
24531
24844
24845
24846
24849
24850
24851
24855
24856
24869
24870
24871
24874
24875
24876
24880
24881
24900
24901
24905
24906
24969
24970
24971
24974
24975
24976
24980
24981
24994
24995
24996
24999
28125
28126
28129
28130
28131
28134
28145
28146
28149
28150
28151
28154
28155
28156
28159
28170
28171
28174
28225
28226
28229
28230
28231
28234
28245
28246
28249
28250
28251
28254
28255
28256
28259
28270
28271
28274
28275
28276
28279
28280
28281
28284
28295
28296
28299
28350
28351
28354
28355
28356
28359
28370
28371
28374
28625
28626
28629
28630
28631
28634
28645
28646
28649
28650
28651
28654
28655
28656
28659
28670
28671
28674
28725
28726
28729
28730
28731
28734
28745
28746
28749
28750
28751
28754
28755
28756
28759
28770
28771
28774
28775
28776
28779
28780
28781
28784
28795
28796
28799
28850
28851
28854
28855
28856
28859
28870
28871
28874
28875
28876
28879
28880
28881
28884
28895
28896
28899
28900
28901
28904
28905
28906
28909
28920
28921
28924
28975
28976
28979
28980
28981
28984
28995
28996
28999
29250
29251
29254
29255
29256
29259
29270
29271
29274
29275
29276
29279
29280
29281
29284
29295
29296
29299
29350
29351
29354
29355
29356
29359
29370
29371
29374
30625
30626
30629
30630
30631
30634
30645
30646
30649
30650
30651
30654
30655
30656
30659
30670
30671
30674
30725
30726
30729
30730
30731
30734
30745
30746
30749
30750
30751
30754
30755
30756
30759
30770
30771
30774
30775
30776
30779
30780
30781
30784
30795
30796
30799
30850
30851
30854
30855
30856
30859
30870
30871
30874
31125
31126
31129
31130
31131
31134
31145
31146
31149
31150
31151
31154
31155
31156
31159
31170
31171
31174
31225
31226
31229
31230
31231
31234
31245
31246
31249
62500
62501
62504
62505
62506
62509
62520
62521
62524
62525
62526
62529
62530
62531
62534
62545
62546
62549
62600
62601
62604
62605
62606
62609
62620
62621
62624
62625
62626
62629
62630
62631
62634
62645
62646
62649
62650
62651
62654
62655
62656
62659
62670
62671
62674
62725
62726
62729
62730
62731
62734
62745
62746
62749
63000
63001
63004
63005
63006
63009
63020
63021
63024
63025
63026
63029
63030
63031
63034
63045
63046
63049
63100
63101
63104
63105
63106
63109
63120
63121
63124
63125
63126
63129
63130
63131
63134
63145
63146
63149
63150
63151
63154
63155
63156
63159
63170
63171
63174
63225
63226
63229
63230
63231
63234
63245
63246
63249
63250
63251
63254
63255
63256
63259
63270
63271
63274
63275
63276
63279
63280
63281
63284
63295
63296
63299
63350
63351
63354
63355
63356
63359
63370
63371
63374
63625
63626
63629
63630
63631
63634
63645
63646
63649
63650
63651
63654
63655
63656
63659
63670
63671
63674
63725
63726
63729
63730
63731
63734
63745
63746
63749
65000
65001
65004
65005
65006
65009
65020
65021
65024
65025
65026
65029
65030
65031
65034
65045
65046
65049
65100
65101
65104
65105
65106
65109
65120
65121
65124
65125
65126
65129
65130
65131
65134
65145
65146
65149
65150
65151
65154
65155
65156
65159
65170
65171
65174
65225
65226
65229
65230
65231
65234
65245
65246
65249
65500
65501
65504
65505
65506
65509
65520
65521
65524
65525
65526
65529
65530
65531
65534
65545
65546
65549
65600
65601
65604
65605
65606
65609
65620
65621
65624
65625
65626
65629
65630
65631
65634
65645
65646
65649
65650
65651
65654
65655
65656
65659
65670
65671
65674
65725
65726
65729
65730
65731
65734
65745
65746
65749
65750
65751
65754
65755
65756
65759
65770
65771
65774
65775
65776
65779
65780
65781
65784
65795
65796
65799
65850
65851
65854
65855
65856
65859
65870
65871
65874
66125
66126
66129
66130
66131
66134
66145
66146
66149
66150
66151
66154
66155
66156
66159
66170
66171
66174
66225
66226
66229
66230
66231
66234
66245
66246
66249
66250
66251
66254
66255
66256
66259
66270
66271
66274
66275
66276
66279
66280
66281
66284
66295
66296
66299
66350
66351
66354
66355
66356
66359
66370
66371
66374
66375
66376
66379
66380
66381
66384
66395
66396
66399
66400
66401
66404
66405
66406
66409
66420
66421
66424
66475
66476
66479
66480
66481
66484
66495
66496
66499
66750
66751
66754
66755
66756
66759
66770
66771
66774
66775
66776
66779
66780
66781
66784
66795
66796
66799
66850
66851
66854
66855
66856
66859
66870
66871
66874
68125
68126
68129
68130
68131
68134
68145
68146
68149
68150
68151
68154
68155
68156
68159
68170
68171
68174
68225
68226
68229
68230
68231
68234
68245
68246
68249
68250
68251
68254
68255
68256
68259
68270
68271
68274
68275
68276
68279
68280
68281
68284
68295
68296
68299
68350
68351
68354
68355
68356
68359
68370
68371
68374
68625
68626
68629
68630
68631
68634
68645
68646
68649
68650
68651
68654
68655
68656
68659
68670
68671
68674
68725
68726
68729
68730
68731
68734
68745
68746
68749
75000
75001
75004
75005
75006
75009
75020
75021
75024
75025
75026
75029
75030
75031
75034
75045
75046
75049
75100
75101
75104
75105
75106
75109
75120
75121
75124
75125
75126
75129
75130
75131
75134
75145
75146
75149
75150
75151
75154
75155
75156
75159
75170
75171
75174
75225
75226
75229
75230
75231
75234
75245
75246
75249
75500
75501
75504
75505
75506
75509
75520
75521
75524
75525
75526
75529
75530
75531
75534
75545
75546
75549
75600
75601
75604
75605
75606
75609
75620
75621
75624
75625
75626
75629
75630
75631
75634
75645
75646
75649
75650
75651
75654
75655
75656
75659
75670
75671
75674
75725
75726
75729
75730
75731
75734
75745
75746
75749
75750
75751
75754
75755
75756
75759
75770
75771
75774
75775
75776
75779
75780
75781
75784
75795
75796
75799
75850
75851
75854
75855
75856
75859
75870
75871
75874
76125
76126
76129
76130
76131
76134
76145
76146
76149
76150
76151
76154
76155
76156
76159
76170
76171
76174
76225
76226
76229
76230
76231
76234
76245
76246
76249
77500
77501
77504
77505
77506
77509
77520
77521
77524
77525
77526
77529
77530
77531
77534
77545
77546
77549
77600
77601
77604
77605
77606
77609
77620
77621
77624
77625
77626
77629
77630
77631
77634
77645
77646
77649
77650
77651
77654
77655
77656
77659
77670
77671
77674
77725
77726
77729
77730
77731
77734
77745
77746
77749
78000
78001
78004
78005
78006
78009
78020
78021
78024
78025
78026
78029
78030
78031
78034
78045
78046
78049
78100
78101
78104
78105
78106
78109
78120
78121
78124
78125
78126
78129
78130
78131
78134
78145
78146
78149
78150
78151
78154
78155
78156
78159
78170
78171
78174
78225
78226
78229
78230
78231
78234
78245
78246
78249
78250
78251
78254
78255
78256
78259
78270
78271
78274
78275
78276
78279
78280
78281
78284
78295
78296
78299
78350
78351
78354
78355
78356
78359
78370
78371
78374
78625
78626
78629
78630
78631
78634
78645
78646
78649
78650
78651
78654
78655
78656
78659
78670
78671
78674
78725
78726
78729
78730
78731
78734
78745
78746
78749
78750
78751
78754
78755
78756
78759
78770
78771
78774
78775
78776
78779
78780
78781
78784
78795
78796
78799
78850
78851
78854
78855
78856
78859
78870
78871
78874
78875
78876
78879
78880
78881
78884
78895
78896
78899
78900
78901
78904
78905
78906
78909
78920
78921
78924
78975
78976
78979
78980
78981
78984
78995
78996
78999
79250
79251
79254
79255
79256
79259
79270
79271
79274
79275
79276
79279
79280
79281
79284
79295
79296
79299
79350
79351
79354
79355
79356
79359
79370
79371
79374
80625
80626
80629
80630
80631
80634
80645
80646
80649
80650
80651
80654
80655
80656
80659
80670
80671
80674
80725
80726
80729
80730
80731
80734
80745
80746
80749
80750
80751
80754
80755
80756
80759
80770
80771
80774
80775
80776
80779
80780
80781
80784
80795
80796
80799
80850
80851
80854
80855
80856
80859
80870
80871
80874
81125
81126
81129
81130
81131
81134
81145
81146
81149
81150
81151
81154
81155
81156
81159
81170
81171
81174
81225
81226
81229
81230
81231
81234
81245
81246
81249
81250
81251
81254
81255
81256
81259
81270
81271
81274
81275
81276
81279
81280
81281
81284
81295
81296
81299
81350
81351
81354
81355
81356
81359
81370
81371
81374
81375
81376
81379
81380
81381
81384
81395
81396
81399
81400
81401
81404
81405
81406
81409
81420
81421
81424
81475
81476
81479
81480
81481
81484
81495
81496
81499
81750
81751
81754
81755
81756
81759
81770
81771
81774
81775
81776
81779
81780
81781
81784
81795
81796
81799
81850
81851
81854
81855
81856
81859
81870
81871
81874
81875
81876
81879
81880
81881
81884
81895
81896
81899
81900
81901
81904
81905
81906
81909
81920
81921
81924
81975
81976
81979
81980
81981
81984
81995
81996
81999
82000
82001
82004
82005
82006
82009
82020
82021
82024
82025
82026
82029
82030
82031
82034
82045
82046
82049
82100
82101
82104
82105
82106
82109
82120
82121
82124
82375
82376
82379
82380
82381
82384
82395
82396
82399
82400
82401
82404
82405
82406
82409
82420
82421
82424
82475
82476
82479
82480
82481
82484
82495
82496
82499
83750
83751
83754
83755
83756
83759
83770
83771
83774
83775
83776
83779
83780
83781
83784
83795
83796
83799
83850
83851
83854
83855
83856
83859
83870
83871
83874
83875
83876
83879
83880
83881
83884
83895
83896
83899
83900
83901
83904
83905
83906
83909
83920
83921
83924
83975
83976
83979
83980
83981
83984
83995
83996
83999
84250
84251
84254
84255
84256
84259
84270
84271
84274
84275
84276
84279
84280
84281
84284
84295
84296
84299
84350
84351
84354
84355
84356
84359
84370
84371
84374
90625
90626
90629
90630
90631
90634
90645
90646
90649
90650
90651
90654
90655
90656
90659
90670
90671
90674
90725
90726
90729
90730
90731
90734
90745
90746
90749
90750
90751
90754
90755
90756
90759
90770
90771
90774
90775
90776
90779
90780
90781
90784
90795
90796
90799
90850
90851
90854
90855
90856
90859
90870
90871
90874
91125
91126
91129
91130
91131
91134
91145
91146
91149
91150
91151
91154
91155
91156
91159
91170
91171
91174
91225
91226
91229
91230
91231
91234
91245
91246
91249
91250
91251
91254
91255
91256
91259
91270
91271
91274
91275
91276
91279
91280
91281
91284
91295
91296
91299
91350
91351
91354
91355
91356
91359
91370
91371
91374
91375
91376
91379
91380
91381
91384
91395
91396
91399
91400
91401
91404
91405
91406
91409
91420
91421
91424
91475
91476
91479
91480
91481
91484
91495
91496
91499
91750
91751
91754
91755
91756
91759
91770
91771
91774
91775
91776
91779
91780
91781
91784
91795
91796
91799
91850
91851
91854
91855
91856
91859
91870
91871
91874
93125
93126
93129
93130
93131
93134
93145
93146
93149
93150
93151
93154
93155
93156
93159
93170
93171
93174
93225
93226
93229
93230
93231
93234
93245
93246
93249
93250
93251
93254
93255
93256
93259
93270
93271
93274
93275
93276
93279
93280
93281
93284
93295
93296
93299
93350
93351
93354
93355
93356
93359
93370
93371
93374
93625
93626
93629
93630
93631
93634
93645
93646
93649
93650
93651
93654
93655
93656
93659
93670
93671
93674
93725
93726
93729
93730
93731
93734
93745
93746
93749
93750
93751
93754
93755
93756
93759
93770
93771
93774
93775
93776
93779
93780
93781
93784
93795
93796
93799
93850
93851
93854
93855
93856
93859
93870
93871
93874
93875
93876
93879
93880
93881
93884
93895
93896
93899
93900
93901
93904
93905
93906
93909
93920
93921
93924
93975
93976
93979
93980
93981
93984
93995
93996
93999
94250
94251
94254
94255
94256
94259
94270
94271
94274
94275
94276
94279
94280
94281
94284
94295
94296
94299
94350
94351
94354
94355
94356
94359
94370
94371
94374
94375
94376
94379
94380
94381
94384
94395
94396
94399
94400
94401
94404
94405
94406
94409
94420
94421
94424
94475
94476
94479
94480
94481
94484
94495
94496
94499
94500
94501
94504
94505
94506
94509
94520
94521
94524
94525
94526
94529
94530
94531
94534
94545
94546
94549
94600
94601
94604
94605
94606
94609
94620
94621
94624
94875
94876
94879
94880
94881
94884
94895
94896
94899
94900
94901
94904
94905
94906
94909
94920
94921
94924
94975
94976
94979
94980
94981
94984
94995
94996
94999
96250
96251
96254
96255
96256
96259
96270
96271
96274
96275
96276
96279
96280
96281
96284
96295
96296
96299
96350
96351
96354
96355
96356
96359
96370
96371
96374
96375
96376
96379
96380
96381
96384
96395
96396
96399
96400
96401
96404
96405
96406
96409
96420
96421
96424
96475
96476
96479
96480
96481
96484
96495
96496
96499
96750
96751
96754
96755
96756
96759
96770
96771
96774
96775
96776
96779
96780
96781
96784
96795
96796
96799
96850
96851
96854
96855
96856
96859
96870
96871
96874
96875
96876
96879
96880
96881
96884
96895
96896
96899
96900
96901
96904
96905
96906
96909
96920
96921
96924
96975
96976
96979
96980
96981
96984
96995
96996
96999
97000
97001
97004
97005
97006
97009
97020
97021
97024
97025
97026
97029
97030
97031
97034
97045
97046
97049
97100
97101
97104
97105
97106
97109
97120
97121
97124
97375
97376
97379
97380
97381
97384
97395
97396
97399
97400
97401
97404
97405
97406
97409
97420
97421
97424
97475
97476
97479
97480
97481
97484
97495
97496
97499
97500
97501
97504
97505
97506
97509
97520
97521
97524
97525
97526
97529
97530
97531
97534
97545
97546
97549
97600
97601
97604
97605
97606
97609
97620
97621
97624
97625
97626
97629
97630
97631
97634
97645
97646
97649
97650
97651
97654
97655
97656
97659
97670
97671
97674
97725
97726
97729
97730
97731
97734
97745
97746
97749
98000
98001
98004
98005
98006
98009
98020
98021
98024
98025
98026
98029
98030
98031
98034
98045
98046
98049
98100
98101
98104
98105
98106
98109
98120
98121
98124
99375
99376
99379
99380
99381
99384
99395
99396
99399
99400
99401
99404
99405
99406
99409
99420
99421
99424
99475
99476
99479
99480
99481
99484
99495
99496
99499
99500
99501
99504
99505
99506
99509
99520
99521
99524
99525
99526
99529
99530
99531
99534
99545
99546
99549
99600
99601
99604
99605
99606
99609
99620
99621
99624
99875
99876
99879
99880
99881
99884
99895
99896
99899
99900
99901
99904
99905
99906
99909
99920
99921
99924
99975
99976
99979
99980
99981
99984
99995
99996
99999
