4
5
6
9
14
19
20
21
24
25
26
29
30
31
34
36
39
44
45
46
70
74
76
79
81
84
86
89
91
94
95
100
101
104
105
106
109
111
114
116
119
120
121
124
125
126
129
130
131
134
136
139
141
145
146
149
150
151
154
155
156
159
164
169
170
171
174
179
180
184
189
194
195
196
214
219
220
221
225
226
230
231
234
350
351
364
366
369
371
386
395
420
421
434
439
441
445
446
455
456
459
461
464
466
469
470
475
476
479
481
486
500
501
504
505
506
511
520
521
525
526
529
530
531
539
545
546
549
555
556
559
564
570
571
579
581
584
600
601
606
611
625
626
629
630
631
634
645
646
649
650
651
654
655
656
659
661
664
669
670
671
699
705
709
714
716
725
726
729
730
731
734
739
745
750
751
754
755
756
759
770
771
775
776
779
780
781
784
789
794
795
796
814
819
820
821
839
844
845
846
850
851
855
856
859
939
944
945
946
964
969
970
971
975
976
980
981
984
1064
1069
1070
1071
1089
1094
1095
1096
1100
1101
1105
1106
1109
1125
1126
1130
1131
1134
1150
1151
1155
1156
1159
1164
1169
1170
1171
2084
2089
2100
2101
2104
2105
2106
2109
2114
2170
2171
2184
2189
2195
2196
2209
2214
2225
2226
2229
2230
2231
2234
2239
2500
2501
2504
2505
2506
2520
2521
2525
2526
2529
2530
2531
2584
2589
2600
2601
2604
2605
2606
2609
2614
2625
2626
2629
2630
2631
2645
2646
2650
2651
2654
2655
2656
2709
2714
2725
2726
2729
2730
2731
2734
2739
2795
2796
2809
2814
2820
2821
2834
2839
2850
2851
2854
2855
2856
2859
2864
3125
3126
3129
3130
3131
3134
3145
3146
3150
3151
3154
3155
3156
3159
3164
3169
3170
3171
3209
3214
3225
3226
3229
3230
3231
3234
3239
3250
3251
3254
3255
3256
3259
3270
3271
3275
3276
3279
3280
3281
3284
3289
3294
3295
3296
3314
3319
3320
3321
3339
3344
3345
3346
3350
3351
3355
3356
3359
3750
3751
3755
3756
3759
3775
3776
3780
3781
3784
3789
3794
3795
3796
3875
3876
3880
3881
3884
3900
3901
3905
3906
3909
3914
3919
3920
3921
3939
3944
3945
3946
3964
3969
3970
3971
3975
3976
3980
3981
3984
4064
4069
4070
4071
4089
4094
4095
4096
4100
4101
4105
4106
4109
4189
4194
4195
4196
4214
4219
4220
4221
4225
4226
4230
4231
4234
4250
4251
4255
4256
4259
4275
4276
4280
4281
4284
4289
4294
4295
4296
4689
4694
4695
4696
4714
4719
4720
4721
4725
4726
4730
4731
4734
4814
4819
4820
4821
4839
4844
4845
4846
4850
4851
4855
4856
4859
4875
4876
4880
4881
4884
4900
4901
4905
4906
4909
4914
4919
4920
4921
