2
3
4
5
6
7
8
9
10
11
12
13
14
15
16
17
18
19
20
21
22
23
24
25
26
27
28
29
30
31
32
33
34
35
36
37
38
39
40
41
42
43
44
45
46
47
48
49
50
51
52
55
56
57
59
60
61
62
63
65
66
67
68
75
76
78
80
81
82
84
85
86
87
88
89
90
91
92
93
97
98
100
101
104
105
106
107
108
109
110
111
112
113
114
115
116
117
118
120
121
122
123
124
125
126
127
128
129
130
131
132
133
134
135
136
137
138
140
141
142
143
145
146
147
148
149
150
151
152
153
154
155
156
157
158
159
160
161
162
163
164
165
166
168
169
170
171
172
173
174
175
176
177
180
181
182
184
185
186
187
188
189
190
191
193
194
195
196
197
198
199
200
201
204
205
206
208
214
219
220
221
222
224
225
226
227
230
231
232
234
235
236
237
239
244
245
246
247
249
250
251
252
255
256
257
259
260
261
262
275
276
277
280
281
282
284
285
286
287
289
294
295
296
297
299
300
301
302
305
306
307
309
310
311
312
