5
6
21
25
26
30
31
101
105
121
125
126
130
131
150
151
155
156
505
521
525
526
546
601
605
606
625
626
630
631
646
650
651
655
656
726
750
751
755
756
775
776
780
781
2605
2625
2626
2630
2730
3125
3126
3130
3131
3146
3150
3151
3155
3156
3230
3250
3251
3255
3256
3275
3276
3280
3281
3750
3751
3755
3756
3775
3776
3780
3781
3875
3876
3880
3881
3900
3901
3905
3906
15625
15626
15630
15631
15650
15651
15655
15656
15750
15751
15755
15756
15775
15776
15780
15781
16250
16251
16255
16256
16275
16276
16280
16281
16375
16376
16380
16381
16400
16401
16405
16406
18750
18751
18755
18756
18775
18776
18780
18781
18875
18876
18880
18881
18900
18901
18905
18906
19375
19376
19380
19381
19400
19401
19405
19406
19500
19501
19505
19506
19525
19526
19530
19531
