5
6
8
16
17
21
22
23
25
26
27
28
30
31
33
38
40
41
76
80
81
82
83
85
86
91
96
97
98
101
103
105
106
107
108
110
111
112
113
115
116
117
118
121
122
123
125
126
128
130
131
133
136
137
140
142
146
150
151
153
155
156
158
161
162
163
165
166
168
171
173
182
187
190
191
193
197
198
200
201
205
206
208
382
386
397
400
402
407
410
411
413
428
430
456
461
472
476
477
480
482
485
490
492
497
498
503
505
511
513
515
516
521
525
526
533
536
538
541
542
543
546
547
548
550
551
553
555
560
565
566
567
568
572
575
576
578
580
581
582
585
586
587
592
597
598
601
605
606
608
611
612
613
616
617
625
626
630
631
633
636
637
638
640
641
646
647
650
651
653
655
656
658
661
662
663
665
666
673
678
685
686
691
692
693
697
698
700
701
703
710
717
721
723
726
727
728
730
731
732
733
736
737
742
746
750
751
755
756
758
762
763
765
771
775
776
778
780
781
783
787
790
791
793
796
798
801
803
805
808
810
816
817
818
821
822
823
825
826
830
831
833
840
841
855
861
865
866
868
873
910
911
923
935
955
956
957
965
966
968
981
982
986
987
990
991
993
998
1000
1001
1005
1006
1008
1025
1026
1030
1031
1033
1040
1041
1957
1972
2032
2035
2047
2050
2051
2052
2055
2056
2057
2065
2077
2082
2123
2136
2140
2141
2150
2151
2173
2347
2360
2367
2422
2425
2426
2427
2442
2446
2447
2450
2451
2452
2457
2460
2461
2462
2463
2466
2467
2472
2487
2491
2492
2528
2548
2553
2555
2556
2557
2566
2567
2571
2572
2575
2576
2577
2580
2582
2586
2591
2592
2597
2598
2603
2605
2611
2625
2626
2630
2633
2680
2690
2691
2702
2707
2711
2713
2715
2716
2730
2736
2738
2740
2743
2765
2771
2775
2776
2803
2816
2817
2825
2826
2830
2832
2835
2836
2837
2842
2848
2853
2907
2910
2911
2912
2925
2926
2930
2931
2932
2935
2936
2937
2942
2957
2960
2961
2962
2966
2967
2985
2987
2991
2992
3060
3067
3077
3080
3082
3085
3086
3087
3091
3092
3097
3112
3116
3117
3125
3126
3130
3131
3133
3146
3150
3151
3153
3155
3156
3158
3165
3166
3207
3211
3222
3223
3228
3230
3236
3238
3242
3250
3251
3255
3256
3258
3261
3262
3265
3266
3275
3276
3278
3280
3281
3283
3286
3287
3288
3290
3291
3293
3296
3298
3303
3305
3310
3316
3317
3318
3321
3322
3323
3325
3326
3330
3331
3333
3363
3365
3373
3386
3390
3391
3403
3408
3412
3421
3422
3425
3426
3428
3430
3436
3441
3442
3443
3446
3447
3465
3471
3478
3500
3501
3505
3583
3603
3605
3611
3617
3618
3633
3640
3692
3707
3710
3711
3712
3717
3742
3750
3751
3755
3756
3758
3775
3776
3780
3781
3783
3787
3790
3791
3810
3867
3875
3876
3880
3881
3883
3887
3900
3901
3905
3906
3908
3912
3915
3916
3918
3921
3923
3935
3941
3942
3943
3946
3947
3948
3950
3951
3955
3956
3958
3965
3966
3972
3980
3990
3991
3993
3998
4015
4021
4025
4026
4047
4050
4051
4066
4067
4071
4072
4080
4085
4090
4091
4103
4105
4110
4115
4116
4118
4123
4125
4126
4130
4131
4133
4150
4151
4153
4155
4156
4158
4161
4165
4166
4168
4171
4173
4193
4198
4200
4201
4205
4206
4208
4271
4275
4276
4293
4296
4298
4303
4305
4311
4318
4323
4325
4326
4330
4331
4333
4340
4341
4365
4366
4368
4373
4793
4798
4818
4823
4825
4826
4830
4831
4833
4918
4923
4943
4948
4950
4951
4955
4956
4958
4965
4966
4990
4991
4993
4998
5000
5001
5005
5006
5008
5025
5026
5030
5031
5033
5040
5041
5125
5126
5130
5131
5133
5150
5151
5155
5156
5158
5165
5166
5168
5173
5193
5198
5200
5201
5205
5206
5208
11742
11817
11832
11835
11836
11837
11842
11867
12192
12207
12210
12211
12212
12217
12282
12285
12286
12287
12300
12301
12305
12306
12307
12310
12311
12312
12317
12332
12335
12336
12337
12342
12367
12442
12457
12460
12461
12462
12467
12492
14067
14082
14085
14086
14087
14092
14157
14160
14161
14162
14175
14176
14180
14181
14182
14185
14186
14187
14192
14207
14210
14211
14212
14217
14532
14535
14536
14537
14550
14551
14555
14556
14557
14560
14561
14562
14625
14626
14630
14631
14650
14651
14655
14656
14657
14660
14661
14662
14675
14676
14680
14681
14682
14685
14686
14687
14692
14707
14710
14711
14712
14717
14782
14785
14786
14787
14800
14801
14805
14806
14807
14810
14811
14812
14817
14832
14835
14836
14837
14842
14867
14942
14957
14960
14961
14962
14967
14992
15317
15332
15335
15336
15337
15342
15407
15410
15411
15412
15425
15426
15430
15431
15432
15435
15436
15437
15442
15457
15460
15461
15462
15467
15492
15567
15582
15585
15586
15587
15592
15617
15625
15626
15630
15631
15633
15650
15651
15655
15656
15658
15665
15666
15742
15750
15751
15755
15756
15758
15775
15776
15780
15781
15783
15790
15791
15793
15798
15818
15823
15825
15826
15830
15831
15833
16117
16192
16207
16210
16211
16212
16217
16242
16250
16251
16255
16256
16258
16275
16276
16280
16281
16283
16290
16291
16367
16375
16376
16380
16381
16383
16400
16401
16405
16406
16408
16415
16416
16418
16423
16443
16448
16450
16451
16455
16456
16458
16465
16466
16490
16491
16493
16498
16590
16591
16615
16616
16618
16623
16625
16626
16630
16631
16633
16650
16651
16655
16656
16658
16665
16666
17992
18067
18082
18085
18086
18087
18092
18117
18442
18457
18460
18461
18462
18467
18532
18535
18536
18537
18550
18551
18555
18556
18557
18560
18561
18562
18567
18582
18585
18586
18587
18592
18617
18692
18707
18710
18711
18712
18717
18742
18750
18751
18755
18756
18758
18775
18776
18780
18781
18783
18790
18791
18867
18875
18876
18880
18881
18883
18900
18901
18905
18906
18908
18915
18916
18918
18923
18943
18948
18950
18951
18955
18956
18958
19242
19317
19332
19335
19336
19337
19342
19367
19375
19376
19380
19381
19383
19400
19401
19405
19406
19408
19415
19416
19492
19500
19501
19505
19506
19508
19525
19526
19530
19531
19533
19540
19541
19543
19548
19568
19573
19575
19576
19580
19581
19583
19590
19591
19615
19616
19618
19623
19715
19716
19740
19741
19743
19748
19750
19751
19755
19756
19758
19775
19776
19780
19781
19783
19790
19791
19793
19798
19818
19823
19825
19826
19830
19831
19833
19918
19923
19943
19948
19950
19951
19955
19956
19958
19965
19966
19990
19991
19993
19998
20418
20423
20443
20448
20450
20451
20455
20456
20458
20543
20548
20568
20573
20575
20576
20580
20581
20583
20590
20591
20615
20616
20618
20623
20625
20626
20630
20631
20633
20650
20651
20655
20656
20658
20665
20666
20750
20751
20755
20756
20758
20775
20776
20780
20781
20783
20790
20791
20793
20798
20818
20823
20825
20826
20830
20831
20833
20840
20841
20865
20866
20868
20873
20965
20966
20990
20991
20993
20998
21000
21001
21005
21006
21008
21025
21026
21030
21031
21033
21040
21041
21465
21466
21490
21491
21493
21498
21590
21591
21615
21616
21618
21623
21625
21626
21630
21631
21633
21650
21651
21655
21656
21658
21665
21666
21668
21673
21693
21698
21700
21701
21705
21706
21708
21793
21798
21818
21823
21825
21826
21830
21831
21833
21840
21841
21865
21866
21868
21873
23965
23966
23990
23991
23993
23998
24090
24091
24115
24116
24118
24123
24125
24126
24130
24131
24133
24150
24151
24155
24156
24158
24165
24166
24590
24591
24615
24616
24618
24623
24715
24716
24740
24741
24743
24748
24750
24751
24755
24756
24758
24775
24776
24780
24781
24783
24790
24791
24793
24798
24818
24823
24825
24826
24830
24831
24833
24918
24923
24943
24948
24950
24951
24955
24956
24958
24965
24966
24990
24991
24993
24998
25000
25001
25005
25006
25008
25025
25026
25030
25031
25033
25040
25041
25125
25126
25130
25131
25133
25150
25151
25155
25156
25158
25165
25166
25168
25173
25193
25198
25200
25201
25205
25206
25208
25625
25626
25630
25631
25633
25650
25651
25655
25656
25658
25665
25666
25750
25751
25755
25756
25758
25775
25776
25780
25781
25783
25790
25791
25793
25798
25818
25823
25825
25826
25830
25831
25833
25840
25841
25865
25866
25868
25873
25965
25966
25990
25991
25993
25998
26000
26001
26005
26006
26008
26025
26026
26030
26031
26033
26040
26041
