2
3
4
5
6
7
9
12
13
14
15
17
18
19
21
24
25
26
28
29
30
31
33
34
36
37
38
39
42
43
44
45
46
49
50
51
52
53
54
55
57
61
62
63
67
69
72
73
74
75
76
77
78
79
84
85
86
87
89
90
91
92
93
94
97
98
99
100
101
102
103
105
108
109
110
111
114
115
117
121
122
124
126
127
129
139
141
144
145
146
147
148
149
150
156
157
158
163
165
168
169
170
171
172
173
174
178
180
181
182
183
185
186
187
188
190
193
198
199
201
202
204
205
206
207
209
211
213
214
216
217
218
219
220
221
222
223
225
226
228
229
230
231
233
234
235
237
241
242
245
247
249
252
253
254
255
258
259
260
261
262
264
265
269
270
271
273
274
276
277
279
283
284
286
289
291
294
295
300
301
302
306
312
314
315
317
318
319
324
325
326
327
330
331
333
342
343
345
362
367
372
373
378
381
386
397
399
401
402
403
410
412
414
415
417
421
422
423
427
432
433
434
435
436
437
438
439
441
444
445
446
447
450
451
453
456
457
458
460
461
462
463
465
468
469
470
471
474
475
482
489
495
504
505
506
507
508
509
510
511
516
517
518
519
521
522
523
524
526
533
534
540
541
542
543
546
547
548
550
552
553
558
561
562
564
566
571
573
578
579
582
588
589
594
600
601
603
604
605
606
607
610
612
615
618
620
622
631
633
637
638
639
648
649
650
651
654
655
657
660
661
662
663
666
667
669
684
685
686
687
690
691
693
698
699
702
703
705
715
739
756
757
759
762
763
765
774
775
777
823
830
842
846
847
849
853
864
865
866
868
869
870
876
877
878
888
889
890
892
893
894
900
901
902
919
921
925
936
937
938
940
941
942
948
949
950
955
957
961
967
978
990
991
1008
1009
1010
1012
1013
1014
1020
1021
1022
1026
1027
1029
1032
1033
1034
1036
1037
1038
1042
1044
1045
1046
1052
1054
1065
1066
1068
1073
1080
1081
1082
1084
1085
1086
1092
1093
1094
1101
1111
1113
1116
1117
1119
1122
1123
1124
1126
1128
1129
1138
1140
1142
1143
1147
1158
1173
1178
1183
1185
1188
1189
1191
1202
1203
1206
1209
1210
1212
1213
1214
1217
1219
1224
1225
1230
1231
1236
1238
1241
1242
1244
1245
1246
1249
1253
1254
1255
1261
1262
1263
1266
1267
1279
1281
1285
1296
1297
1298
1299
1300
1301
1302
1303
1305
1308
1309
1310
1311
1313
1314
1315
1317
1320
1321
1322
1324
1325
1326
1327
1329
1332
1333
1334
1335
1338
1339
1341
1345
1350
1351
1353
1357
1359
1368
1369
1370
1371
1372
1373
1374
1375
1380
1381
1382
1383
1386
1387
1389
1395
1399
1404
1405
1406
1407
1410
1411
1413
1422
1423
1425
1429
1430
1435
1446
1447
1467
1477
1501
1502
1512
1513
1514
1515
1518
1519
1521
1524
1525
1526
1527
1530
1531
1533
1548
1549
1550
1551
1554
1555
1556
1557
1558
1560
1561
1566
1567
1569
1570
1572
1584
1585
1589
1590
1601
1620
1621
1623
1626
1627
1629
1633
1638
1639
1641
1642
1644
1649
1656
1657
1659
1669
1674
1683
1698
1705
1713
1719
1723
1734
1759
1764
1765
1767
1777
1795
1800
1801
1803
1812
1814
1831
1836
1893
1897
1903
1909
1911
1914
1927
1944
1945
1947
1950
1951
1953
1962
1963
1965
1980
1981
1983
1986
1987
1989
1998
1999
2001
2017
2052
2053
2055
2058
2059
2061
2070
2071
2073
2222
2227
2232
2233
2234
2238
2253
2258
2286
2289
2294
2299
2316
2317
2407
2409
2412
2413
2418
2419
2438
2443
2467
2469
2473
2490
2526
2538
2541
2559
2592
2593
2594
2595
2596
2597
2598
2599
2604
2605
2606
2607
2610
2611
2616
2617
2618
2620
2621
2622
2623
2625
2628
2629
2630
2631
2634
2635
2654
2659
2664
2665
2666
2667
2668
2669
2670
2671
2676
2677
2678
2679
2682
2683
2685
2690
2700
2701
2702
2703
2706
2707
2736
2737
2738
2740
2741
2742
2748
2749
2750
2760
2761
2762
2764
2765
2766
2772
2773
2774
2778
2779
2790
2793
2808
2809
2810
2811
2812
2813
2814
2815
2820
2821
2822
2823
2826
2827
2844
2845
2846
2847
2850
2851
2865
2871
2883
2899
2901
2905
2934
2935
2970
2973
3024
3025
3026
3027
3028
3029
3030
3031
3036
3037
3038
3039
3042
3043
3048
3049
3050
3052
3053
3054
3060
3061
3062
3063
3066
3067
3081
3087
3096
3097
3098
3099
3100
3101
3102
3103
3108
3109
3110
3111
3114
3115
3132
3133
3134
3135
3138
3139
3240
3241
3242
3243
3246
3247
3252
3253
3254
3255
3258
3259
3276
3277
3278
3279
3282
3283
3333
3338
3339
3343
3345
3348
3349
3351
3366
3369
3379
3396
3397
3405
3410
3426
3427
3433
3441
3518
3519
3523
3528
3529
3530
3534
3549
3554
3555
3564
3565
3567
3613
3618
3627
3690
3697
3763
3765
3769
3786
3888
3889
3890
3891
3894
3895
3897
3900
3901
3902
3903
3906
3907
3909
3919
3924
3925
3926
3927
3930
3931
3933
3937
3942
3943
3945
3960
3961
3962
3963
3966
3967
3972
3973
3974
3975
3978
3979
3981
3987
3996
3997
3998
3999
4002
4003
4005
4014
4015
4017
4104
4105
4106
4107
4110
4111
4113
4116
4117
4118
4119
4122
4123
4125
4140
4141
4142
4143
4146
4147
4149
4158
4159
4161
4212
4213
4215
4218
4219
4221
4230
4231
4233
4536
4537
4539
4542
4543
4545
4554
4555
4557
4572
4573
4575
4578
4579
4581
4590
4591
4593
4644
4645
4647
4650
4651
4653
4662
4663
4665
5184
5185
5186
5188
5189
5190
5196
5197
5198
5208
5209
5210
5212
5213
5214
5220
5221
5222
5256
5257
5258
5260
5261
5262
5268
5269
5270
5328
5329
5330
5332
5333
5334
5340
5341
5342
5352
5353
5354
5356
5357
5358
5364
5365
5366
5400
5401
5402
5404
5405
5406
5412
5413
5414
5616
5617
5618
5620
5621
5622
5628
5629
5630
5640
5641
5642
5644
5645
5646
5652
5653
5654
5688
5689
5690
5692
5693
5694
5700
5701
5702
6048
6049
6050
6052
6053
6054
6060
6061
6062
6072
6073
6074
6076
6077
6078
6084
6085
6086
6120
6121
6122
6124
6125
6126
6132
6133
6134
6192
6193
6194
6196
6197
6198
6204
6205
6206
6216
6217
6218
6220
6221
6222
6228
6229
6230
6264
6265
6266
6268
6269
6270
6276
6277
6278
6480
6481
6482
6484
6485
6486
6492
6493
6494
6504
6505
6506
6508
6509
6510
6516
6517
6518
6552
6553
6554
6556
6557
6558
6564
6565
6566
6666
6673
6681
6696
6697
6699
6702
6714
6759
6763
6774
6853
6858
6867
6882
6889
6897
6943
6948
6949
6951
6961
7221
7227
7236
7237
7239
7254
7257
7267
7314
7321
7329
7776
7777
7778
7779
7780
7781
7782
7783
7785
7788
7789
7790
7791
7794
7795
7797
7800
7801
7802
7804
7805
7806
7807
7812
7813
7814
7815
7818
7819
7821
7825
7830
7831
7833
7848
7849
7850
7851
7852
7853
7854
7855
7860
7861
7862
7863
7866
7867
7869
7875
7884
7885
7886
7887
7890
7891
7893
7902
7903
7905
7920
7921
7922
7924
7925
7926
7932
7933
7934
7944
7945
7946
7948
7949
7950
7956
7957
7958
7962
7969
7977
7992
7993
7994
7995
7996
7997
7998
7999
8001
8004
8005
8006
8007
8010
8011
8013
8028
8029
8030
8031
8034
8035
8037
8046
8047
8049
8055
8059
8070
8100
8101
8103
8106
8107
8109
8118
8119
8121
8208
8209
8210
8211
8212
8213
8214
8215
8220
8221
8222
8223
8226
8227
8232
8233
8234
8236
8237
8238
8244
8245
8246
8247
8250
8251
8280
8281
8282
8283
8284
8285
8286
8287
8292
8293
8294
8295
8298
8299
8316
8317
8318
8319
8322
8323
8334
8337
8347
8365
8370
8379
8424
8425
8426
8427
8430
8431
8433
8436
8437
8438
8439
8442
8443
8445
8460
8461
8462
8463
8466
8467
8469
8478
8479
8481
8532
8533
8535
8538
8539
8541
8550
8551
8553
9072
9073
9074
9075
9078
9079
9081
9084
9085
9086
9087
9090
9091
9093
9108
9109
9110
9111
9114
9115
9117
9126
9127
9129
9144
9145
9146
9147
9150
9151
9156
9157
9158
9159
9162
9163
9180
9181
9182
9183
9186
9187
9189
9198
9199
9201
9288
9289
9290
9291
9294
9295
9297
9300
9301
9302
9303
9306
9307
9309
9324
9325
9326
9327
9330
9331
9333
9342
9343
9345
9396
9397
9399
9402
9403
9405
9414
9415
9417
9720
9721
9723
9726
9727
9729
9738
9739
9741
9756
9757
9759
9762
9763
9765
9774
9775
9777
9828
9829
9831
9834
9835
9837
9846
9847
9849
9999
10003
10014
10029
10035
10044
10045
10047
10093
10098
10107
10183
10188
10189
10191
10201
10215
10219
10230
10278
10281
10291
10554
10561
10569
10584
10585
10587
10590
10602
10647
10651
10662
11664
11665
11667
11670
11671
11673
11682
11683
11685
11700
11701
11703
11706
11707
11709
11718
11719
11721
11772
11773
11775
11778
11779
11781
11790
11791
11793
11880
11881
11883
11886
11887
11889
11898
11899
11901
11916
11917
11919
11922
11923
11925
11934
11935
11937
11988
11989
11991
11994
11995
11997
12006
12007
12009
12312
12313
12315
12318
12319
12321
12330
12331
12333
12348
12349
12351
12354
12355
12357
12366
12367
12369
12420
12421
12423
12426
12427
12429
12438
12439
12441
15552
15553
15554
15555
15558
15559
15564
15565
15566
15567
15570
15571
15588
15589
15590
15591
15594
15595
15624
15625
15626
15627
15630
15631
15636
15637
15638
15639
15642
15643
15660
15661
15662
15663
15666
15667
15768
15769
15770
15771
15774
15775
15780
15781
15782
15783
15786
15787
15804
15805
15806
15807
15810
15811
15984
15985
15986
15987
15990
15991
15996
15997
15998
15999
16002
16003
16020
16021
16022
16023
16026
16027
16056
16057
16058
16059
16062
16063
16068
16069
16070
16071
16074
16075
16092
16093
16094
16095
16098
16099
16200
16201
16202
16203
16206
16207
16212
16213
16214
16215
16218
16219
16236
16237
16238
16239
16242
16243
16848
16849
16850
16851
16854
16855
16860
16861
16862
16863
16866
16867
16884
16885
16886
16887
16890
16891
16920
16921
16922
16923
16926
16927
16932
16933
16934
16935
16938
16939
16956
16957
16958
16959
16962
16963
17064
17065
17066
17067
17070
17071
17076
17077
17078
17079
17082
17083
17100
17101
17102
17103
17106
17107
18144
18145
18146
18147
18150
18151
18156
18157
18158
18159
18162
18163
18180
18181
18182
18183
18186
18187
18216
18217
18218
18219
18222
18223
18228
18229
18230
18231
18234
18235
18252
18253
18254
18255
18258
18259
18360
18361
18362
18363
18366
18367
18372
18373
18374
18375
18378
18379
18396
18397
18398
18399
18402
18403
18576
18577
18578
18579
18582
18583
18588
18589
18590
18591
18594
18595
18612
18613
18614
18615
18618
18619
18648
18649
18650
18651
18654
18655
18660
18661
18662
18663
18666
18667
18684
18685
18686
18687
18690
18691
18792
18793
18794
18795
18798
18799
18804
18805
18806
18807
18810
18811
18828
18829
18830
18831
18834
18835
19440
19441
19442
19443
19446
19447
19452
19453
19454
19455
19458
19459
19476
19477
19478
19479
19482
19483
19512
19513
19514
19515
19518
19519
19524
19525
19526
19527
19530
19531
19548
19549
19550
19551
19554
19555
19656
19657
19658
19659
19662
19663
19668
19669
19670
19671
19674
19675
19692
19693
19694
19695
19698
19699
23328
23329
23330
23331
23334
23335
23337
23340
23341
23342
23343
23346
23347
23349
23364
23365
23366
23367
23370
23371
23373
23382
23383
23385
23400
23401
23402
23403
23406
23407
23412
23413
23414
23415
23418
23419
23436
23437
23438
23439
23442
23443
23445
23454
23455
23457
23544
23545
23546
23547
23550
23551
23553
23556
23557
23558
23559
23562
23563
23565
23580
23581
23582
23583
23586
23587
23589
23598
23599
23601
23652
23653
23655
23658
23659
23661
23670
23671
23673
23760
23761
23762
23763
23766
23767
23772
23773
23774
23775
23778
23779
23796
23797
23798
23799
23802
23803
23832
23833
23834
23835
23838
23839
23844
23845
23846
23847
23850
23851
23868
23869
23870
23871
23874
23875
23976
23977
23978
23979
23982
23983
23985
23988
23989
23990
23991
23994
23995
23997
24012
24013
24014
24015
24018
24019
24021
24030
24031
24033
24084
24085
24087
24090
24091
24093
24102
24103
24105
24624
24625
24626
24627
24630
24631
24633
24636
24637
24638
24639
24642
24643
24645
24660
24661
24662
24663
24666
24667
24669
24678
24679
24681
24696
24697
24698
24699
24702
24703
24708
24709
24710
24711
24714
24715
24732
24733
24734
24735
24738
24739
24741
24750
24751
24753
24840
24841
24842
24843
24846
24847
24849
24852
24853
24854
24855
24858
24859
24861
24876
24877
24878
24879
24882
24883
24885
24894
24895
24897
24948
24949
24951
24954
24955
24957
24966
24967
24969
25272
25273
25275
25278
25279
25281
25290
25291
25293
25308
25309
25311
25314
25315
25317
25326
25327
25329
25380
25381
25383
25386
25387
25389
25398
25399
25401
27216
27217
27219
27222
27223
27225
27234
27235
27237
27252
27253
27255
27258
27259
27261
27270
27271
27273
27324
27325
27327
27330
27331
27333
27342
27343
27345
27432
27433
27435
27438
27439
27441
27450
27451
27453
27468
27469
27471
27474
27475
27477
27486
27487
27489
27540
27541
27543
27546
27547
27549
27558
27559
27561
27864
27865
27867
27870
27871
27873
27882
27883
27885
27900
27901
27903
27906
27907
27909
27918
27919
27921
27972
27973
27975
27978
27979
27981
27990
27991
27993
46656
46657
46659
46662
46663
46665
46674
46675
46677
46692
46693
46695
46698
46699
46701
46710
46711
46713
46764
46765
46767
46770
46771
46773
46782
46783
46785
46872
46873
46875
46878
46879
46881
46890
46891
46893
46908
46909
46911
46914
46915
46917
46926
46927
46929
46980
46981
46983
46986
46987
46989
46998
46999
47001
47304
47305
47307
47310
47311
47313
47322
47323
47325
47340
47341
47343
47346
47347
47349
47358
47359
47361
47412
47413
47415
47418
47419
47421
47430
47431
47433
47952
47953
47955
47958
47959
47961
47970
47971
47973
47988
47989
47991
47994
47995
47997
48006
48007
48009
48060
48061
48063
48066
48067
48069
48078
48079
48081
48168
48169
48171
48174
48175
48177
48186
48187
48189
48204
48205
48207
48210
48211
48213
48222
48223
48225
48276
48277
48279
48282
48283
48285
48294
48295
48297
48600
48601
48603
48606
48607
48609
48618
48619
48621
48636
48637
48639
48642
48643
48645
48654
48655
48657
48708
48709
48711
48714
48715
48717
48726
48727
48729
50544
50545
50547
50550
50551
50553
50562
50563
50565
50580
50581
50583
50586
50587
50589
50598
50599
50601
50652
50653
50655
50658
50659
50661
50670
50671
50673
50760
50761
50763
50766
50767
50769
50778
50779
50781
50796
50797
50799
50802
50803
50805
50814
50815
50817
50868
50869
50871
50874
50875
50877
50886
50887
50889
51192
51193
51195
51198
51199
51201
51210
51211
51213
51228
51229
51231
51234
51235
51237
51246
51247
51249
51300
51301
51303
51306
51307
51309
51318
51319
51321
54432
54433
54435
54438
54439
54441
54450
54451
54453
54468
54469
54471
54474
54475
54477
54486
54487
54489
54540
54541
54543
54546
54547
54549
54558
54559
54561
54648
54649
54651
54654
54655
54657
54666
54667
54669
54684
54685
54687
54690
54691
54693
54702
54703
54705
54756
54757
54759
54762
54763
54765
54774
54775
54777
55080
55081
55083
55086
55087
55089
55098
55099
55101
55116
55117
55119
55122
55123
55125
55134
55135
55137
55188
55189
55191
55194
55195
55197
55206
55207
55209
55728
55729
55731
55734
55735
55737
55746
55747
55749
55764
55765
55767
55770
55771
55773
55782
55783
55785
55836
55837
55839
55842
55843
55845
55854
55855
55857
55944
55945
55947
55950
55951
55953
55962
55963
55965
55980
55981
55983
55986
55987
55989
55998
55999
56001
56052
56053
56055
56058
56059
56061
56070
56071
56073
56376
56377
56379
56382
56383
56385
56394
56395
56397
56412
56413
56415
56418
56419
56421
56430
56431
56433
56484
56485
56487
56490
56491
56493
56502
56503
56505
58320
58321
58323
58326
58327
58329
58338
58339
58341
58356
58357
58359
58362
58363
58365
58374
58375
58377
58428
58429
58431
58434
58435
58437
58446
58447
58449
58536
58537
58539
58542
58543
58545
58554
58555
58557
58572
58573
58575
58578
58579
58581
58590
58591
58593
58644
58645
58647
58650
58651
58653
58662
58663
58665
58968
58969
58971
58974
58975
58977
58986
58987
58989
59004
59005
59007
59010
59011
59013
59022
59023
59025
59076
59077
59079
59082
59083
59085
59094
59095
59097
69984
69985
69987
69990
69991
69993
70002
70003
70005
70020
70021
70023
70026
70027
70029
70038
70039
70041
70092
70093
70095
70098
70099
70101
70110
70111
70113
70200
70201
70203
70206
70207
70209
70218
70219
70221
70236
70237
70239
70242
70243
70245
70254
70255
70257
70308
70309
70311
70314
70315
70317
70326
70327
70329
70632
70633
70635
70638
70639
70641
70650
70651
70653
70668
70669
70671
70674
70675
70677
70686
70687
70689
70740
70741
70743
70746
70747
70749
70758
70759
70761
71280
71281
71283
71286
71287
71289
71298
71299
71301
71316
71317
71319
71322
71323
71325
71334
71335
71337
71388
71389
71391
71394
71395
71397
71406
71407
71409
71496
71497
71499
71502
71503
71505
71514
71515
71517
71532
71533
71535
71538
71539
71541
71550
71551
71553
71604
71605
71607
71610
71611
71613
71622
71623
71625
71928
71929
71931
71934
71935
71937
71946
71947
71949
71964
71965
71967
71970
71971
71973
71982
71983
71985
72036
72037
72039
72042
72043
72045
72054
72055
72057
73872
73873
73875
73878
73879
73881
73890
73891
73893
73908
73909
73911
73914
73915
73917
73926
73927
73929
73980
73981
73983
73986
73987
73989
73998
73999
74001
74088
74089
74091
74094
74095
74097
74106
74107
74109
74124
74125
74127
74130
74131
74133
74142
74143
74145
74196
74197
74199
74202
74203
74205
74214
74215
74217
74520
74521
74523
74526
74527
74529
74538
74539
74541
74556
74557
74559
74562
74563
74565
74574
74575
74577
74628
74629
74631
74634
74635
74637
74646
74647
74649
