2
3
4
5
6
7
8
9
10
11
12
13
14
15
16
17
18
19
20
21
22
23
24
25
26
27
28
29
30
31
32
33
34
35
36
37
38
39
40
41
42
43
44
46
47
48
49
50
51
52
53
54
55
58
59
60
61
62
63
64
66
67
68
71
72
73
74
77
78
79
80
82
83
84
85
86
88
89
90
91
92
93
94
95
96
97
100
101
102
103
104
105
106
107
108
109
111
112
114
115
123
124
125
126
127
129
130
132
133
141
142
144
145
147
148
150
151
159
160
180
181
182
185
186
187
188
191
192
193
194
197
198
199
201
202
204
205
210
211
212
213
214
215
216
217
218
219
220
221
222
223
224
227
228
229
230
231
232
233
234
235
237
238
240
241
246
247
248
249
250
251
252
253
254
255
256
257
258
259
260
263
264
265
266
267
268
269
282
283
284
287
288
289
290
293
294
295
296
299
300
301
302
305
306
307
309
310
312
313
318
319
320
321
322
323
396
397
398
401
402
403
404
407
408
409
410
413
426
427
428
431
432
433
434
437
438
439
440
443
444
445
446
449
462
463
464
467
468
469
470
473
474
475
476
479
480
481
482
485
498
499
500
503
504
505
506
509
510
511
512
515
516
517
518
521
534
535
536
539
612
613
614
617
618
619
620
623
624
625
626
629
642
643
644
647
