6
7
10
11
22
23
26
29
31
33
36
37
39
41
42
43
46
47
51
53
55
58
60
61
66
67
70
71
122
138
143
156
157
177
186
197
198
216
217
222
223
226
227
230
233
238
246
252
253
258
259
262
263
276
277
282
283
286
287
291
310
318
330
341
346
348
349
360
361
366
367
370
371
396
397
402
403
406
407
420
421
426
427
430
431
933
1296
1297
1302
1303
1306
1307
1332
1333
1338
1339
1342
1343
1356
1357
1362
1363
1366
1367
1512
1513
1518
1519
1522
1523
1548
1549
1554
1555
1558
1559
1572
1573
1578
1579
1582
1583
1656
1657
1662
1663
1666
1667
1692
1693
1698
1699
1702
1703
1716
1717
1722
1723
1726
1727
2160
2161
2166
2167
2170
2171
2196
2197
2202
2203
2206
2207
2220
2221
2226
2227
2230
2231
2376
2377
2382
2383
2386
2387
2412
2413
2418
2419
2422
2423
2436
2437
2442
2443
2446
2447
2520
2521
2526
2527
2530
2531
2556
2557
2562
2563
2566
2567
2580
2581
2586
2587
2590
2591
