2
3
4
6
7
8
9
10
12
13
14
16
18
19
20
21
22
24
25
26
27
28
31
32
33
34
36
37
38
39
40
42
43
44
48
49
50
52
54
55
56
57
60
61
62
63
64
67
68
69
70
72
73
74
75
76
78
79
80
81
82
84
85
86
91
92
93
96
97
98
99
100
103
104
106
108
109
110
111
112
114
115
117
120
121
122
124
126
127
128
129
130
132
133
134
135
136
139
144
145
146
147
148
150
151
156
157
160
162
163
164
165
168
169
171
172
177
181
182
183
184
186
187
189
190
192
194
195
196
198
199
200
201
204
205
206
207
208
211
212
213
214
216
217
218
219
220
222
223
224
225
226
228
229
230
234
235
236
237
238
240
241
242
247
248
252
253
254
255
256
258
259
260
264
265
266
273
274
288
289
290
294
295
296
300
301
302
312
319
324
325
330
333
334
337
342
343
344
349
350
351
352
357
360
361
362
363
367
372
373
378
379
380
384
387
388
392
393
397
398
402
403
408
414
415
417
421
422
423
424
427
428
432
433
434
438
439
440
444
445
446
450
451
456
457
468
469
470
474
475
476
480
481
482
489
490
504
505
506
510
511
512
516
517
518
543
546
552
554
556
558
559
561
565
571
574
576
577
582
586
589
592
600
601
602
603
607
608
613
618
621
622
624
631
632
634
637
638
648
649
651
652
654
655
660
661
664
666
667
669
670
672
673
679
682
684
685
687
688
690
691
698
704
715
720
721
732
734
741
744
756
757
759
760
762
763
772
774
775
777
778
780
781
792
793
795
796
798
799
804
817
818
834
864
865
867
868
870
871
882
883
885
886
888
889
900
901
903
904
906
907
934
939
942
960
961
962
972
973
978
981
982
984
985
990
991
999
1000
1005
1008
1009
1014
1026
1027
1032
1035
1036
1062
1071
1072
1086
1087
1090
1092
1095
1111
1112
1114
1116
1117
1118
1122
1123
1125
1126
1129
1131
1132
1134
1135
1140
1142
1143
1144
1147
1148
1152
1153
1154
1161
1162
1167
1170
1171
1178
1183
1184
1188
1189
1194
1197
1198
1200
1202
1204
1206
1207
1209
1213
1214
1219
1222
1224
1225
1228
1230
1236
1237
1240
1261
1262
1263
1264
1267
1268
1273
1274
1296
1297
1298
1299
1300
1302
1303
1304
1305
1306
1308
1309
1310
1312
1314
1315
1316
1317
1318
1320
1321
1323
1324
1327
1328
1329
1330
1332
1333
1334
1335
1336
1338
1339
1340
1344
1345
1346
1350
1351
1356
1358
1359
1360
1363
1364
1368
1369
1370
1374
1375
1376
1380
1381
1382
1399
1404
1405
1407
1408
1410
1411
1416
1418
1422
1423
1425
1426
1428
1429
1430
1435
1440
1441
1443
1444
1446
1447
1482
1483
1488
1512
1513
1514
1515
1516
1518
1519
1520
1524
1525
1526
1530
1531
1533
1534
1536
1537
1543
1544
1548
1549
1550
1551
1552
1554
1555
1556
1560
1561
1562
1584
1585
1586
1590
1591
1592
1596
1597
1598
1728
1729
1730
1734
1735
1736
1740
1741
1742
1764
1765
1766
1770
1771
1772
1776
1777
1778
1800
1801
1802
1806
1807
1808
1812
1813
1814
1944
1945
1950
1953
1954
1971
1972
1977
1980
1981
1998
1999
2004
2007
2008
2106
2107
2112
2115
2116
2133
2134
2139
2142
2143
2160
2161
2166
2169
2170
2222
2227
2228
2232
2233
2234
2258
2263
2264
2268
2269
2274
2277
2278
2294
2295
2296
2301
2304
2305
2322
2323
2328
2331
2332
2407
2408
2412
2413
2414
2418
2419
2438
2443
2444
2448
2449
2450
2474
2479
2480
2592
2593
2594
2598
2599
2600
2604
2605
2606
2623
2624
2628
2629
2630
2634
2635
2636
2640
2641
2642
2654
2659
2660
2664
2665
2666
2670
2671
2672
2676
2677
2678
2808
2809
2810
2814
2815
2816
2820
2821
2822
2844
2845
2846
2850
2851
2852
2856
2857
2858
2880
2881
2882
2886
2887
2888
2892
2893
2894
3024
3025
3026
3030
3031
3032
3036
3037
3038
3060
3061
3062
3066
3067
3068
3072
3073
3074
3096
3097
3098
3102
3103
3104
3108
3109
3110
3333
3336
3348
3349
3351
3354
3364
3366
3367
3369
3426
3441
3444
3456
3457
3459
3462
3523
3534
3549
3552
3589
3590
3595
3606
3612
3625
3626
3692
3708
3709
3722
3728
3792
3794
3805
3806
3811
3822
3828
3888
3889
3891
3892
3894
3895
3906
3907
3909
3910
3912
3913
3924
3925
3927
3928
3930
3931
3996
3997
3999
4000
4002
4003
4014
4015
4017
4018
4020
4021
4032
4033
4035
4036
4038
4039
4104
4105
4107
4108
4110
4111
4122
4123
4125
4126
4128
4129
4140
4141
4143
4144
4146
4147
4536
4537
4539
4540
4542
4543
4554
4555
4557
4558
4560
4561
4572
4573
4575
4576
4578
4579
4644
4645
4647
4648
4650
4651
4662
4663
4665
4666
4668
4669
4680
4681
4683
4684
4686
4687
4752
4753
4755
4756
4758
4759
4770
4771
4773
4774
4776
4777
4788
4789
4791
4792
4794
4795
5184
5185
5187
5188
5190
5191
5202
5203
5205
5206
5208
5209
5220
5221
5223
5224
5226
5227
5292
5293
5295
5296
5298
5299
5310
5311
5313
5314
5316
5317
5328
5329
5331
5332
5334
5335
5400
5401
5403
5404
5406
5407
5418
5419
5421
5422
5424
5425
5436
5437
5439
5440
5442
5443
5832
5833
5838
5841
5842
5859
5860
5865
5868
5869
5886
5887
5892
5895
5896
5994
5995
6000
6003
6004
6021
6022
6027
6030
6031
6048
6049
6054
6057
6058
6156
6157
6162
6165
6166
6183
6184
6189
6192
6193
6210
6211
6216
6219
6220
6666
6667
6672
6696
6697
6698
6702
6703
6708
6727
6728
6732
6733
6734
6738
6739
6852
6882
6883
6888
6912
6913
6914
6918
6919
6924
7046
7068
7098
7099
7104
7776
7777
7778
7779
7780
7782
7783
7784
7788
7789
7790
7794
7795
7797
7798
7800
7801
7812
7813
7814
7815
7816
7818
7819
7820
7824
7825
7826
7848
7849
7850
7854
7855
7856
7860
7861
7862
7884
7885
7887
7888
7890
7891
7902
7903
7905
7906
7908
7909
7920
7921
7923
7924
7926
7927
7992
7993
7994
7995
7996
7998
7999
8000
8004
8005
8006
8010
8011
8013
8014
8016
8017
8028
8029
8030
8031
8032
8034
8035
8036
8040
8041
8042
8064
8065
8066
8070
8071
8072
8076
8077
8078
8208
8209
8210
8214
8215
8216
8220
8221
8222
8244
8245
8246
8250
8251
8252
8256
8257
8258
8280
8281
8282
8286
8287
8288
8292
8293
8294
8424
8425
8427
8428
8430
8431
8442
8443
8445
8446
8448
8449
8460
8461
8463
8464
8466
8467
8532
8533
8535
8536
8538
8539
8550
8551
8553
8554
8556
8557
8568
8569
8571
8572
8574
8575
8640
8641
8643
8644
8646
8647
8658
8659
8661
8662
8664
8665
8676
8677
8679
8680
8682
8683
9072
9073
9074
9075
9076
9078
9079
9080
9084
9085
9086
9090
9091
9093
9094
9096
9097
9108
9109
9110
9111
9112
9114
9115
9116
9120
9121
9122
9144
9145
9146
9150
9151
9152
9156
9157
9158
9180
9181
9183
9184
9186
9187
9198
9199
9201
9202
9204
9205
9216
9217
9219
9220
9222
9223
9288
9289
9290
9291
9292
9294
9295
9296
9300
9301
9302
9306
9307
9309
9310
9312
9313
9324
9325
9326
9327
9328
9330
9331
9332
9336
9337
9338
9360
9361
9362
9366
9367
9368
9372
9373
9374
9504
9505
9506
9510
9511
9512
9516
9517
9518
9540
9541
9542
9546
9547
9548
9552
9553
9554
9576
9577
9578
9582
9583
9584
9588
9589
9590
10368
10369
10370
10374
10375
10376
10380
10381
10382
10404
10405
10406
10410
10411
10412
10416
10417
10418
10440
10441
10442
10446
10447
10448
10452
10453
10454
10584
10585
10586
10590
10591
10592
10596
10597
10598
10620
10621
10622
10626
10627
10628
10632
10633
10634
10656
10657
10658
10662
10663
10664
10668
10669
10670
10800
10801
10802
10806
10807
10808
10812
10813
10814
10836
10837
10838
10842
10843
10844
10848
10849
10850
10872
10873
10874
10878
10879
10880
10884
10885
10886
15552
15553
15554
15558
15559
15560
15564
15565
15566
15588
15589
15590
15594
15595
15596
15600
15601
15602
15624
15625
15626
15630
15631
15632
15636
15637
15638
15768
15769
15770
15774
15775
15776
15780
15781
15782
15804
15805
15806
15810
15811
15812
15816
15817
15818
15840
15841
15842
15846
15847
15848
15852
15853
15854
15984
15985
15986
15990
15991
15992
15996
15997
15998
16020
16021
16022
16026
16027
16028
16032
16033
16034
16056
16057
16058
16062
16063
16064
16068
16069
16070
16848
16849
16850
16854
16855
16856
16860
16861
16862
16884
16885
16886
16890
16891
16892
16896
16897
16898
16920
16921
16922
16926
16927
16928
16932
16933
16934
17064
17065
17066
17070
17071
17072
17076
17077
17078
17100
17101
17102
17106
17107
17108
17112
17113
17114
17136
17137
17138
17142
17143
17144
17148
17149
17150
17280
17281
17282
17286
17287
17288
17292
17293
17294
17316
17317
17318
17322
17323
17324
17328
17329
17330
17352
17353
17354
17358
17359
17360
17364
17365
17366
18144
18145
18146
18150
18151
18152
18156
18157
18158
18180
18181
18182
18186
18187
18188
18192
18193
18194
18216
18217
18218
18222
18223
18224
18228
18229
18230
18360
18361
18362
18366
18367
18368
18372
18373
18374
18396
18397
18398
18402
18403
18404
18408
18409
18410
18432
18433
18434
18438
18439
18440
18444
18445
18446
18576
18577
18578
18582
18583
18584
18588
18589
18590
18612
18613
18614
18618
18619
18620
18624
18625
18626
18648
18649
18650
18654
18655
18656
18660
18661
18662
23328
23329
23331
23332
23334
23335
23346
23347
23349
23350
23352
23353
23364
23365
23367
23368
23370
23371
23436
23437
23439
23440
23442
23443
23454
23455
23457
23458
23460
23461
23472
23473
23475
23476
23478
23479
23544
23545
23547
23548
23550
23551
23562
23563
23565
23566
23568
23569
23580
23581
23583
23584
23586
23587
23976
23977
23979
23980
23982
23983
23994
23995
23997
23998
24000
24001
24012
24013
24015
24016
24018
24019
24084
24085
24087
24088
24090
24091
24102
24103
24105
24106
24108
24109
24120
24121
24123
24124
24126
24127
24192
24193
24195
24196
24198
24199
24210
24211
24213
24214
24216
24217
24228
24229
24231
24232
24234
24235
24624
24625
24627
24628
24630
24631
24642
24643
24645
24646
24648
24649
24660
24661
24663
24664
24666
24667
24732
24733
24735
24736
24738
24739
24750
24751
24753
24754
24756
24757
24768
24769
24771
24772
24774
24775
24840
24841
24843
24844
24846
24847
24858
24859
24861
24862
24864
24865
24876
24877
24879
24880
24882
24883
46656
46657
46658
46662
46663
46664
46668
46669
46670
46692
46693
46694
46698
46699
46700
46704
46705
46706
46728
46729
46730
46734
46735
46736
46740
46741
46742
46872
46873
46874
46878
46879
46880
46884
46885
46886
46908
46909
46910
46914
46915
46916
46920
46921
46922
46944
46945
46946
46950
46951
46952
46956
46957
46958
47088
47089
47090
47094
47095
47096
47100
47101
47102
47124
47125
47126
47130
47131
47132
47136
47137
47138
47160
47161
47162
47166
47167
47168
47172
47173
47174
47952
47953
47954
47958
47959
47960
47964
47965
47966
47988
47989
47990
47994
47995
47996
48000
48001
48002
48024
48025
48026
48030
48031
48032
48036
48037
48038
48168
48169
48170
48174
48175
48176
48180
48181
48182
48204
48205
48206
48210
48211
48212
48216
48217
48218
48240
48241
48242
48246
48247
48248
48252
48253
48254
48384
48385
48386
48390
48391
48392
48396
48397
48398
48420
48421
48422
48426
48427
48428
48432
48433
48434
48456
48457
48458
48462
48463
48464
48468
48469
48470
49248
49249
49250
49254
49255
49256
49260
49261
49262
49284
49285
49286
49290
49291
49292
49296
49297
49298
49320
49321
49322
49326
49327
49328
49332
49333
49334
49464
49465
49466
49470
49471
49472
49476
49477
49478
49500
49501
49502
49506
49507
49508
49512
49513
49514
49536
49537
49538
49542
49543
49544
49548
49549
49550
49680
49681
49682
49686
49687
49688
49692
49693
49694
49716
49717
49718
49722
49723
49724
49728
49729
49730
49752
49753
49754
49758
49759
49760
49764
49765
49766
