6
7
31
32
33
34
36
37
42
43
45
46
51
52
178
181
183
184
186
192
193
196
198
204
211
216
217
222
223
226
229
231
238
247
252
253
255
256
258
259
261
262
267
268
270
271
276
277
306
307
312
313
315
316
321
322
921
952
1068
1098
1099
1104
1111
1116
1117
1137
1138
1147
1149
1156
1174
1176
1244
1296
1297
1302
1303
1327
1332
1333
1335
1338
1339
1341
1342
1347
1348
1366
1371
1372
1374
1381
1386
1387
1395
1396
1426
1428
1512
1513
1518
1519
1548
1549
1554
1555
1557
1558
1563
1564
1566
1567
1572
1573
1579
1581
1602
1603
1608
1609
1611
1612
1617
1618
1620
1621
1626
1627
1651
1656
1657
1662
1663
1665
1666
1671
1672
1836
1837
1842
1843
1872
1873
1878
1879
1881
1882
1887
1888
1890
1891
1896
1897
1926
1927
1932
1933
1935
1936
1941
1942
6428
7292
7436
7460
7464
7465
7466
7472
7508
7724
7776
7777
7782
7783
7812
7813
7818
7819
7821
7822
7827
7828
7992
7993
7998
7999
8028
8029
8034
8035
8037
8038
8043
8044
8046
8047
8052
8053
8082
8083
8088
8089
8091
8092
8097
8098
9020
9072
9073
9078
9079
9108
9109
9114
9115
9117
9118
9123
9124
9288
9289
9294
9295
9324
9325
9330
9331
9333
9334
9339
9340
9342
9343
9348
9349
9378
9379
9384
9385
9387
9388
9393
9394
9396
9397
9402
9403
9432
9433
9438
9439
9441
9442
9447
9448
9612
9613
9618
9619
9648
9649
9654
9655
9657
9658
9663
9664
9666
9667
9672
9673
9702
9703
9708
9709
9711
9712
9717
9718
9720
9721
9726
9727
9756
9757
9762
9763
9765
9766
9771
9772
9936
9937
9942
9943
9972
9973
9978
9979
9981
9982
9987
9988
9990
9991
9996
9997
10026
10027
10032
10033
10035
10036
10041
10042
11016
11017
11022
11023
11052
11053
11058
11059
11061
11062
11067
11068
11232
11233
11238
11239
11268
11269
11274
11275
11277
11278
11283
11284
11286
11287
11292
11293
11322
11323
11328
11329
11331
11332
11337
11338
11340
11341
11346
11347
11376
11377
11382
11383
11385
11386
11391
11392
11556
11557
11562
11563
11592
11593
11598
11599
11601
11602
11607
11608
11610
11611
11616
11617
11646
11647
11652
11653
11655
11656
11661
11662
