4
5
6
7
8
9
10
11
19
20
22
23
24
25
26
27
28
29
30
31
32
33
34
35
36
37
38
39
40
41
42
43
44
45
46
47
48
49
50
51
52
53
54
55
56
57
58
59
60
61
63
64
65
66
67
68
69
70
71
114
115
116
117
118
120
121
122
123
124
127
132
133
134
135
136
137
138
139
140
141
142
143
144
145
146
147
148
149
150
151
152
153
154
155
156
157
158
159
160
161
162
163
164
165
166
167
168
169
170
171
172
173
174
175
176
177
178
180
181
182
183
184
185
186
187
188
189
190
191
192
193
194
195
196
197
198
199
200
201
202
203
204
205
206
207
208
209
210
211
212
213
214
216
217
218
219
220
221
222
223
224
225
226
227
228
229
230
231
232
233
234
235
236
237
238
239
240
241
242
243
244
245
246
247
248
249
250
252
253
254
255
256
257
258
259
260
261
262
263
264
265
266
267
268
269
270
271
272
273
274
275
276
277
278
279
280
281
282
283
284
285
286
287
288
289
290
291
292
293
294
295
296
297
298
299
300
301
302
303
304
305
306
307
308
309
310
311
312
313
314
315
316
317
318
319
320
321
322
323
324
325
326
327
328
329
330
331
332
333
334
335
336
337
338
339
340
341
342
343
344
345
346
347
348
349
350
351
352
353
354
355
356
357
358
359
360
361
366
367
368
369
370
371
380
386
393
395
396
397
402
403
404
405
406
407
408
409
411
412
414
415
416
417
418
419
420
421
426
427
428
429
430
431
686
687
690
691
692
696
697
698
702
706
707
709
711
712
713
718
723
724
731
732
733
734
737
738
743
744
745
746
782
783
800
801
804
805
806
807
810
811
812
813
818
819
826
828
829
830
831
832
834
835
837
838
840
843
844
845
846
848
849
851
855
856
857
858
861
862
863
864
865
868
869
870
871
876
877
879
880
882
883
887
888
889
890
891
892
893
894
896
897
900
901
902
903
904
905
906
907
908
909
910
912
913
914
918
919
921
923
927
928
929
930
933
934
935
936
937
939
940
941
942
943
944
945
947
948
949
950
951
952
954
955
956
957
961
962
963
966
967
968
969
972
973
974
975
976
978
979
980
984
985
986
987
990
991
992
993
996
998
999
1000
1003
1004
1005
1006
1008
1009
1010
1012
1013
1014
1015
1016
1017
1018
1020
1021
1022
1023
1024
1026
1027
1028
1029
1030
1032
1033
1034
1035
1036
1037
1038
1040
1041
1044
1045
1046
1048
1049
1050
1051
1052
1053
1054
1056
1057
1058
1059
1060
1061
1062
1063
1064
1065
1066
1068
1069
1070
1071
1072
1077
1080
1081
1084
1085
1086
1087
1088
1089
1090
1091
1092
1093
1094
1095
1096
1097
1098
1099
1100
1101
1102
1103
1104
1105
1106
1107
1108
1109
1110
1111
1112
1116
1117
1119
1120
1121
1125
1128
1129
1130
1131
1132
1133
1134
1135
1136
1137
1138
1139
1140
1141
1142
1143
1144
1145
1147
1148
1149
1150
1152
1153
1156
1157
1158
1159
1160
1161
1162
1163
1164
1165
1166
1167
1168
1169
1170
1171
1172
1173
1174
1175
1176
1177
1178
1179
1180
1181
1182
1184
1185
1186
1188
1189
1190
1191
1192
1193
1194
1195
1196
1197
1198
1200
1201
1202
1203
1204
1205
1206
1207
1208
1209
1211
1213
1214
1215
1216
1217
1219
1221
1222
1224
1225
1226
1227
1230
1231
1232
1233
1234
1236
1237
1238
1239
1240
1242
1243
1244
1245
1248
1249
1250
1251
1255
1256
1257
1258
1263
1264
1268
1269
1270
1273
1274
1275
1276
1278
1279
1280
1281
1282
1284
1285
1286
1287
1288
1293
1294
1296
1297
1300
1301
1302
1303
1304
1305
1306
1307
1319
1320
1321
1322
1323
1324
1325
1326
1327
1328
1329
1330
1332
1333
1334
1335
1336
1337
1338
1339
1340
1341
1342
1343
1344
1345
1347
1348
1349
1350
1351
1352
1353
1354
1355
1356
1357
1358
1359
1360
1361
1362
1363
1364
1365
1366
1367
1368
1369
1370
1371
1372
1373
1374
1375
1376
1377
1378
1379
1380
1381
1382
1383
1384
1385
1386
1387
1388
1389
1390
1392
1393
1395
1396
1397
1398
1399
1400
1402
1404
1405
1406
1407
1408
1409
1410
1413
1414
1416
1417
1419
1420
1421
1422
1423
1424
1425
1426
1428
1429
1430
1431
1432
1433
1436
1437
1438
1440
1441
1444
1445
1446
1448
1449
1450
1452
1453
1454
1455
1457
1458
1459
1460
1461
1462
1464
1465
1466
1467
1468
1469
1470
1471
1472
1473
1476
1477
1478
1479
1480
1481
1482
1484
1485
1486
1488
1489
1491
1492
1494
1495
1496
1497
1500
1501
1502
1503
1504
1509
1510
1512
1513
1518
1519
1520
1521
1522
1523
1524
1527
1529
1530
1531
1532
1534
1538
1539
1540
1541
1542
1543
1545
1546
1548
1549
1550
1551
1554
1555
1556
1557
1558
1559
1560
1561
1563
1564
1566
1567
1568
1569
1570
1571
1572
1573
1574
1578
1579
1580
1581
1582
1583
1584
1585
1587
1588
1589
1590
1591
1592
1593
1594
1595
1597
1599
1600
1602
1603
1608
1609
1611
1612
1613
1614
1615
1616
1617
1618
1620
1621
1622
1623
1624
1625
1626
1627
1628
1629
1630
1631
1632
1633
1634
1635
1636
1637
1638
1639
1640
1641
1642
1643
1644
1645
1647
1648
1650
1651
1652
1653
1654
1655
1656
1657
1659
1660
1661
1662
1663
1664
1665
1666
1667
1668
1669
1670
1671
1672
1673
1674
1675
1676
1677
1678
1680
1681
1682
1684
1685
1686
1687
1689
1690
1692
1693
1695
1698
1699
1700
1701
1702
1703
1704
1705
1707
1708
1709
1710
1711
1712
1713
1714
1715
1716
1717
1718
1719
1720
1721
1722
1723
1724
1725
1726
1727
1728
1729
1734
1735
1736
1737
1738
1739
1743
1744
1746
1747
1749
1755
1756
1759
1760
1764
1765
1767
1769
1770
1771
1772
1773
1774
1775
1776
1777
1779
1781
1782
1783
1784
1785
1786
1787
1788
1789
1791
1794
1795
1796
1797
1798
1799
1803
1806
1809
1810
1813
1815
1816
1818
1819
1822
1824
1825
1827
1828
1829
1830
1831
1832
1833
1834
1836
1837
1839
1841
1842
1843
1848
1849
1851
1853
1858
1860
1861
1863
1864
1867
1869
1870
1872
1873
1878
1879
1881
1882
1887
1888
1889
1890
1891
1892
1894
1896
1897
1898
1899
1901
1902
1903
1904
1905
1908
1909
1911
1913
1914
1916
1917
1918
1922
1923
1924
1926
1927
1932
1933
1935
1936
1941
1942
1944
1945
1950
1951
1952
1953
1954
1955
1959
1962
1963
1964
1969
1970
1975
1977
1980
1981
1983
1986
1987
1988
1989
1990
1991
1992
1993
1998
1999
2000
2001
2002
2003
2004
2005
2006
2008
2010
2011
2012
2013
2014
2015
2016
2017
2019
2022
2023
2024
2025
2026
2027
2028
2038
2040
2043
2045
2046
2050
2052
2053
2058
2059
2060
2061
2062
2063
2064
2065
2068
2069
2070
2071
2072
2073
2074
2075
2076
2077
2079
2082
2083
2084
2085
2086
2087
2088
2089
2094
2095
2096
2097
2098
2099
2101
2105
2106
2107
2108
2109
2112
2116
2119
2124
2125
2130
2131
2132
2133
2134
2135
2136
2137
2139
2141
2142
2143
2144
2145
2146
2147
2148
2149
2151
2154
2155
2156
2157
2158
2159
2160
2161
2166
2167
2168
2169
2170
2171
2191
2192
2196
2197
2199
2201
2202
2203
2204
2205
2206
2207
2208
2209
2211
2213
2214
2215
2216
2217
2218
2219
2220
2221
2226
2227
2228
2229
2230
2231
2376
2377
2382
2383
2384
2385
2386
2387
2412
2413
2418
2419
2420
2421
2422
2423
2424
2425
2430
2431
2432
2433
2434
2435
2436
2437
2442
2443
2444
2445
2446
2447
2448
2449
2454
2455
2456
2457
2458
2459
2484
2485
2490
2491
2492
2493
2494
2495
2496
2497
2502
2503
2504
2505
2506
2507
2508
2509
2514
2515
2516
2517
2518
2519
2520
2521
2526
2527
2528
2529
2530
2531
2556
2557
2562
2563
2564
2565
2566
2567
2568
2569
2574
2575
2576
2577
2578
2579
2580
2581
2586
2587
2588
2589
2590
2591
4670
4671
4688
4692
4693
4694
4695
4698
4699
4700
4701
4706
4707
4796
4800
4801
4802
4821
4824
4825
4830
4831
4832
4836
4837
4838
4839
4842
4843
4844
4845
4860
4861
4866
4867
4868
4872
4873
4874
4875
4878
4879
4880
4881
4886
4887
4904
4908
4909
4910
4911
4914
4915
4916
4917
4922
4923
5444
5448
5449
5450
5469
5472
5473
5478
5479
5480
5484
5485
5486
5577
5595
5598
5599
5600
5601
5606
5607
5613
5616
5617
5622
5623
5642
5643
5649
5652
5653
5658
5659
5660
5664
5665
5666
5685
5688
5689
5694
5695
5696
5700
5701
5702
5703
5706
5707
5708
5709
5724
5725
5730
5731
5732
5736
5737
5738
5739
5742
5743
5744
5745
5832
5833
5838
5839
5858
5859
5860
5865
5866
5868
5869
5874
5875
5876
5877
5878
5880
5881
5882
5883
5884
5901
5904
5905
5910
5911
5912
5916
5917
5918
5919
5922
5923
5924
5925
5940
5941
5946
5947
5948
5952
5953
5954
5955
5958
5959
5960
5961
5966
5967
5984
5988
5989
5990
5991
5994
5995
5996
5997
6000
6001
6002
6003
6021
6022
6027
6028
6030
6031
6036
6037
6039
6040
6045
6046
6048
6049
6054
6055
6075
6076
6081
6082
6084
6085
6090
6091
6092
6093
6094
6096
6097
6098
6099
6100
6102
6103
6108
6109
6117
6120
6121
6126
6127
6128
6129
6130
6132
6133
6134
6135
6136
6138
6139
6140
6141
6144
6145
6147
6148
6153
6154
6156
6157
6162
6163
6164
6168
6169
6170
6171
6174
6175
6176
6177
6182
6183
6200
6204
6205
6206
6207
6210
6211
6212
6213
6218
6219
6225
6243
6246
6247
6248
6249
6254
6255
6261
6351
6354
6355
6356
6357
6372
6373
6378
6379
6380
6384
6385
6386
6387
6390
6391
6392
6393
6398
6399
6416
6420
6421
6422
6423
6426
6427
6428
6429
6434
6435
6441
6459
6462
6463
6464
6465
6470
6471
6477
6804
6805
6810
6811
6831
6832
6837
6838
6840
6841
6846
6847
6849
6850
6855
6856
6966
6967
6972
6973
6993
6994
6999
7000
7002
7003
7004
7005
7008
7009
7011
7012
7017
7018
7020
7021
7026
7027
7028
7032
7033
7034
7035
7038
7039
7040
7041
7047
7048
7053
7054
7056
7057
7062
7063
7065
7066
7071
7072
7074
7075
7080
7081
7101
7102
7107
7108
7110
7111
7116
7117
7119
7120
7125
7126
7128
7129
7134
7135
7154
7155
7156
7161
7162
7164
7165
7170
7171
7172
7173
7174
7176
7177
7178
7179
7180
7197
7200
7201
7206
7207
7208
7212
7213
7214
7215
7218
7219
7220
7221
7236
7237
7242
7243
7244
7248
7249
7250
7251
7254
7255
7256
7257
7262
7263
7280
7284
7285
7286
7287
7290
7291
7292
7293
7296
7297
7298
7299
7317
7318
7323
7324
7326
7327
7332
7333
7335
7336
7341
7342
7344
7345
7350
7351
7371
7372
7377
7378
7380
7381
7386
7387
7388
7389
7390
7392
7393
7394
7395
7396
7398
7399
7404
7405
7413
7416
7417
7422
7423
7424
7425
7426
7428
7429
7430
7431
7432
7434
7435
7436
7437
7440
7441
7443
7444
7449
7450
7452
7453
7458
7459
7460
7464
7465
7466
7467
7470
7471
7472
7473
7478
7479
7480
7485
7486
7488
7489
7494
7495
7496
7497
7498
7500
7501
7502
7503
7504
7506
7507
7508
7509
7514
7515
7521
7539
7542
7543
7544
7545
7550
7551
7557
7614
7615
7620
7621
7641
7642
7647
7648
7650
7651
7652
7653
7656
7657
7659
7660
7665
7666
7668
7669
7674
7675
7676
7680
7681
7682
7683
7686
7687
7688
7689
7694
7695
7696
7701
7702
7704
7705
7710
7711
7712
7713
7714
7716
7717
7718
7719
7720
7722
7723
7724
7725
7728
7729
7730
7731
7737
7749
7750
7755
7756
7758
7759
7760
7761
7764
7765
7766
7767
7768
7773
7774
7776
7777
7782
7783
7784
7785
7786
7787
7802
7803
7804
7809
7810
7812
7813
7818
7819
7820
7821
7822
7823
7824
7825
7827
7828
7830
7831
7832
7833
7834
7835
7836
7837
7842
7843
7844
7845
7846
7847
7910
7911
7928
7932
7933
7934
7935
7938
7939
7940
7941
7944
7945
7946
7947
7953
7965
7966
7971
7972
7974
7975
7976
7977
7980
7981
7982
7983
7984
7989
7990
7992
7993
7998
7999
8000
8001
8002
8003
8018
8019
8020
8025
8026
8028
8029
8034
8035
8036
8037
8038
8039
8040
8041
8043
8044
8046
8047
8048
8049
8050
8051
8052
8053
8058
8059
8060
8061
8062
8063
8064
8065
8070
8071
8072
8073
8074
8075
8079
8080
8082
8083
8088
8089
8091
8092
8097
8098
8100
8101
8106
8107
8108
8109
8110
8111
8112
8113
8118
8119
8120
8121
8122
8123
8124
8125
8130
8131
8132
8133
8134
8135
8136
8137
8142
8143
8144
8145
8146
8147
8172
8173
8178
8179
8180
8181
8182
8183
8184
8185
8190
8191
8192
8193
8194
8195
8196
8197
8202
8203
8204
8205
8206
8207
8558
8559
8576
8580
8581
8582
8583
8586
8587
8588
8589
8594
8595
8684
8688
8689
8690
8709
8712
8713
8718
8719
8720
8724
8725
8726
8727
8730
8731
8732
8733
8748
8749
8754
8755
8756
8760
8761
8762
8763
8766
8767
8768
8769
8774
8775
8776
8781
8782
8784
8785
8790
8791
8792
8793
8794
8796
8797
8798
8799
8800
8802
8803
8804
8805
8810
8811
8817
8835
8838
8839
8840
8841
8846
8847
8853
8910
8911
8916
8917
8937
8938
8943
8944
8946
8947
8948
8949
8952
8953
8955
8956
8961
8962
8964
8965
8970
8971
8972
8976
8977
8978
8979
8982
8983
8984
8985
8990
8991
8992
8997
8998
9000
9001
9006
9007
9008
9009
9010
9012
9013
9014
9015
9016
9018
9019
9020
9021
9024
9025
9026
9027
9033
9045
9046
9051
9052
9054
9055
9056
9057
9060
9061
9062
9063
9064
9069
9070
9072
9073
9078
9079
9080
9081
9082
9083
9098
9099
9100
9105
9106
9108
9109
9114
9115
9116
9117
9118
9119
9120
9121
9123
9124
9126
9127
9128
9129
9130
9131
9132
9133
9138
9139
9140
9141
9142
9143
9206
9207
9224
9228
9229
9230
9231
9234
9235
9236
9237
9240
9241
9242
9243
9249
9261
9262
9267
9268
9270
9271
9272
9273
9276
9277
9278
9279
9280
9285
9286
9288
9289
9294
9295
9296
9297
9298
9299
9314
9315
9316
9321
9322
9324
9325
9330
9331
9332
9333
9334
9335
9336
9337
9339
9340
9342
9343
9344
9345
9346
9347
9348
9349
9354
9355
9356
9357
9358
9359
9360
9361
9366
9367
9368
9369
9370
9371
9375
9376
9378
9379
9384
9385
9387
9388
9393
9394
9396
9397
9402
9403
9404
9405
9406
9407
9408
9409
9414
9415
9416
9417
9418
9419
9420
9421
9423
9424
9426
9427
9428
9429
9430
9431
9432
9433
9438
9439
9440
9441
9442
9443
9447
9448
9468
9469
9474
9475
9476
9477
9478
9479
9480
9481
9486
9487
9488
9489
9490
9491
9492
9493
9498
9499
9500
9501
9502
9503
9504
9505
9510
9511
9512
9513
9514
9515
9540
9541
9546
9547
9548
9549
9550
9551
9552
9553
9558
9559
9560
9561
9562
9563
9564
9565
9570
9571
9572
9573
9574
9575
9585
9586
9591
9592
9594
9595
9600
9601
9603
9604
9609
9610
9612
9613
9618
9619
9639
9640
9645
9646
9648
9649
9654
9655
9657
9658
9663
9664
9666
9667
9672
9673
9693
9694
9699
9700
9702
9703
9708
9709
9711
9712
9717
9718
9720
9721
9726
9727
9728
9729
9730
9731
9747
9748
9753
9754
9756
9757
9762
9763
9764
9765
9766
9767
9768
9769
9771
9772
9774
9775
9776
9777
9778
9779
9780
9781
9786
9787
9788
9789
9790
9791
9792
9793
9798
9799
9800
9801
9802
9803
9828
9829
9834
9835
9836
9837
9838
9839
9840
9841
9846
9847
9848
9849
9850
9851
9852
9853
9858
9859
9860
9861
9862
9863
9864
9865
9870
9871
9872
9873
9874
9875
9882
9883
9888
9889
9900
9901
9906
9907
9908
9909
9910
9911
9912
9913
9915
9916
9918
9919
9920
9921
9922
9923
9924
9925
9927
9928
9930
9931
9932
9933
9934
9935
9936
9937
9942
9943
9944
9945
9946
9947
9963
9964
9969
9970
9972
9973
9978
9979
9980
9981
9982
9983
9984
9985
9987
9988
9990
9991
9992
9993
9994
9995
9996
9997
10002
10003
10004
10005
10006
10007
10017
10018
10023
10024
10026
10027
10032
10033
10035
10036
10041
10042
10152
10153
10158
10159
10160
10161
10162
10163
10188
10189
10194
10195
10196
10197
10198
10199
10200
10201
10206
10207
10208
10209
10210
10211
10212
10213
10218
10219
10220
10221
10222
10223
10224
10225
10230
10231
10232
10233
10234
10235
10260
10261
10266
10267
10268
10269
10270
10271
10272
10273
10278
10279
10280
10281
10282
10283
10284
10285
10290
10291
10292
10293
10294
10295
10296
10297
10302
10303
10304
10305
10306
10307
10332
10333
10338
10339
10340
10341
10342
10343
10344
10345
10350
10351
10352
10353
10354
10355
10356
10357
10362
10363
10364
10365
10366
10367
10368
10369
10374
10375
10376
10377
10378
10379
10404
10405
10410
10411
10412
10413
10414
10415
10416
10417
10422
10423
10424
10425
10426
10427
10428
10429
10434
10435
10436
10437
10438
10439
10584
10585
10590
10591
10592
10593
10594
10595
10620
10621
10626
10627
10628
10629
10630
10631
10632
10633
10638
10639
10640
10641
10642
10643
10644
10645
10650
10651
10652
10653
10654
10655
10656
10657
10662
10663
10664
10665
10666
10667
10692
10693
10698
10699
10700
10701
10702
10703
10704
10705
10710
10711
10712
10713
10714
10715
10716
10717
10719
10720
10722
10723
10724
10725
10726
10727
10728
10729
10734
10735
10736
10737
10738
10739
10743
10744
10764
10765
10770
10771
10772
10773
10774
10775
10776
10777
10782
10783
10784
10785
10786
10787
10788
10789
10794
10795
10796
10797
10798
10799
10854
10855
10860
10861
10881
10882
10887
10888
10890
10891
10896
10897
10899
10900
10905
10906
10908
10909
10914
10915
10935
10936
10941
10942
10944
10945
10950
10951
10953
10954
10959
10960
10962
10963
10968
10969
10989
10990
10995
10996
10998
10999
11004
11005
11007
11008
11013
11014
11016
11017
11022
11023
11043
11044
11049
11050
11052
11053
11058
11059
11061
11062
11067
11068
11178
11179
11184
11185
11205
11206
11211
11212
11214
11215
11220
11221
11223
11224
11229
11230
11232
11233
11238
11239
11259
11260
11265
11266
11268
11269
11274
11275
11277
11278
11283
11284
11286
11287
11292
11293
11313
11314
11319
11320
11322
11323
11328
11329
11331
11332
11337
11338
11340
11341
11346
11347
11367
11368
11373
11374
11376
11377
11382
11383
11385
11386
11391
11392
11502
11503
11508
11509
11529
11530
11535
11536
11538
11539
11544
11545
11547
11548
11553
11554
11556
11557
11562
11563
11583
11584
11589
11590
11592
11593
11598
11599
11601
11602
11607
11608
11610
11611
11616
11617
11637
11638
11643
11644
11646
11647
11652
11653
11655
11656
11661
11662
11664
11665
11670
11671
11672
11673
11674
11675
11700
11701
11706
11707
11708
11709
11710
11711
11712
11713
11718
11719
11720
11721
11722
11723
11724
11725
11730
11731
11732
11733
11734
11735
11880
11881
11886
11887
11888
11889
11890
11891
11916
11917
11922
11923
11924
11925
11926
11927
11928
11929
11934
11935
11936
11937
11938
11939
11940
11941
11946
11947
11948
11949
11950
11951
11952
11953
11958
11959
11960
11961
11962
11963
11988
11989
11994
11995
11996
11997
11998
11999
12000
12001
12006
12007
12008
12009
12010
12011
12012
12013
12018
12019
12020
12021
12022
12023
12024
12025
12030
12031
12032
12033
12034
12035
12060
12061
12066
12067
12068
12069
12070
12071
12072
12073
12078
12079
12080
12081
12082
12083
12084
12085
12090
12091
12092
12093
12094
12095
12096
12097
12102
12103
12104
12105
12106
12107
12132
12133
12138
12139
12140
12141
12142
12143
12144
12145
12150
12151
12152
12153
12154
12155
12156
12157
12162
12163
12164
12165
12166
12167
12312
12313
12318
12319
12320
12321
12322
12323
12348
12349
12354
12355
12356
12357
12358
12359
12360
12361
12366
12367
12368
12369
12370
12371
12372
12373
12378
12379
12380
12381
12382
12383
12384
12385
12390
12391
12392
12393
12394
12395
12420
12421
12426
12427
12428
12429
12430
12431
12432
12433
12438
12439
12440
12441
12442
12443
12444
12445
12450
12451
12452
12453
12454
12455
12456
12457
12462
12463
12464
12465
12466
12467
12492
12493
12498
12499
12500
12501
12502
12503
12504
12505
12510
12511
12512
12513
12514
12515
12516
12517
12522
12523
12524
12525
12526
12527
12528
12529
12534
12535
12536
12537
12538
12539
12564
12565
12570
12571
12572
12573
12574
12575
12576
12577
12582
12583
12584
12585
12586
12587
12588
12589
12594
12595
12596
12597
12598
12599
12744
12745
12750
12751
12752
12753
12754
12755
12780
12781
12786
12787
12788
12789
12790
12791
12792
12793
12798
12799
12800
12801
12802
12803
12804
12805
12810
12811
12812
12813
12814
12815
12816
12817
12822
12823
12824
12825
12826
12827
12852
12853
12858
12859
12860
12861
12862
12863
12864
12865
12870
12871
12872
12873
12874
12875
12876
12877
12882
12883
12884
12885
12886
12887
12888
12889
12894
12895
12896
12897
12898
12899
12924
12925
12930
12931
12932
12933
12934
12935
12936
12937
12942
12943
12944
12945
12946
12947
12948
12949
12954
12955
12956
12957
12958
12959
12960
12961
12966
12967
12968
12969
12970
12971
12996
12997
13002
13003
13004
13005
13006
13007
13008
13009
13014
13015
13016
13017
13018
13019
13020
13021
13026
13027
13028
13029
13030
13031
13176
13177
13182
13183
13184
13185
13186
13187
13212
13213
13218
13219
13220
13221
13222
13223
13224
13225
13230
13231
13232
13233
13234
13235
13236
13237
13242
13243
13244
13245
13246
13247
13248
13249
13254
13255
13256
13257
13258
13259
13284
13285
13290
13291
13292
13293
13294
13295
13296
13297
13302
13303
13304
13305
13306
13307
13308
13309
13314
13315
13316
13317
13318
13319
13320
13321
13326
13327
13328
13329
13330
13331
13356
13357
13362
13363
13364
13365
13366
13367
13368
13369
13374
13375
13376
13377
13378
13379
13380
13381
13386
13387
13388
13389
13390
13391
14256
14257
14262
14263
14264
14265
14266
14267
14292
14293
14298
14299
14300
14301
14302
14303
14304
14305
14310
14311
14312
14313
14314
14315
14316
14317
14322
14323
14324
14325
14326
14327
14472
14473
14478
14479
14480
14481
14482
14483
14508
14509
14514
14515
14516
14517
14518
14519
14520
14521
14526
14527
14528
14529
14530
14531
14532
14533
14538
14539
14540
14541
14542
14543
14544
14545
14550
14551
14552
14553
14554
14555
14580
14581
14586
14587
14588
14589
14590
14591
14592
14593
14598
14599
14600
14601
14602
14603
14604
14605
14610
14611
14612
14613
14614
14615
14616
14617
14622
14623
14624
14625
14626
14627
14652
14653
14658
14659
14660
14661
14662
14663
14664
14665
14670
14671
14672
14673
14674
14675
14676
14677
14682
14683
14684
14685
14686
14687
14688
14689
14694
14695
14696
14697
14698
14699
14724
14725
14730
14731
14732
14733
14734
14735
14736
14737
14742
14743
14744
14745
14746
14747
14748
14749
14754
14755
14756
14757
14758
14759
14904
14905
14910
14911
14912
14913
14914
14915
14940
14941
14946
14947
14948
14949
14950
14951
14952
14953
14958
14959
14960
14961
14962
14963
14964
14965
14970
14971
14972
14973
14974
14975
14976
14977
14982
14983
14984
14985
14986
14987
15012
15013
15018
15019
15020
15021
15022
15023
15024
15025
15030
15031
15032
15033
15034
15035
15036
15037
15042
15043
15044
15045
15046
15047
15048
15049
15054
15055
15056
15057
15058
15059
15084
15085
15090
15091
15092
15093
15094
15095
15096
15097
15102
15103
15104
15105
15106
15107
15108
15109
15114
15115
15116
15117
15118
15119
15120
15121
15126
15127
15128
15129
15130
15131
15156
15157
15162
15163
15164
15165
15166
15167
15168
15169
15174
15175
15176
15177
15178
15179
15180
15181
15186
15187
15188
15189
15190
15191
15336
15337
15342
15343
15344
15345
15346
15347
15372
15373
15378
15379
15380
15381
15382
15383
15384
15385
15390
15391
15392
15393
15394
15395
15396
15397
15402
15403
15404
15405
15406
15407
15408
15409
15414
15415
15416
15417
15418
15419
15444
15445
15450
15451
15452
15453
15454
15455
15456
15457
15462
15463
15464
15465
15466
15467
15468
15469
15474
15475
15476
15477
15478
15479
15480
15481
15486
15487
15488
15489
15490
15491
15516
15517
15522
15523
15524
15525
15526
15527
15528
15529
15534
15535
15536
15537
15538
15539
15540
15541
15546
15547
15548
15549
15550
15551
