2
3
4
5
6
7
8
9
10
11
12
13
14
15
16
17
18
19
20
21
22
23
24
25
26
27
28
29
30
31
32
33
34
35
36
37
38
39
40
41
42
43
44
45
46
47
48
49
50
51
52
53
54
55
56
57
58
59
60
61
62
63
64
65
66
67
68
69
70
71
72
73
74
75
76
77
78
79
80
81
82
83
84
85
86
87
88
89
90
91
92
93
94
95
96
97
98
99
100
101
102
103
104
105
106
107
108
109
110
111
112
113
114
115
116
117
118
119
120
121
122
123
124
125
126
127
128
129
130
131
132
133
134
135
136
137
138
139
140
141
142
143
144
145
146
147
148
149
150
151
153
154
155
156
157
158
159
160
161
162
163
165
166
167
168
169
170
171
172
173
174
175
177
178
179
180
181
182
183
184
185
186
187
188
189
190
191
192
193
194
195
197
198
199
200
201
202
203
204
205
206
207
208
209
210
211
212
213
214
215
216
217
218
219
220
221
222
223
224
225
226
227
228
229
230
231
232
233
234
235
236
237
238
239
240
241
242
243
244
245
246
247
248
249
250
251
252
253
254
255
256
257
258
259
260
261
262
263
264
265
266
267
268
269
270
271
272
273
274
275
276
277
278
279
280
281
282
283
284
285
286
287
288
289
290
291
293
294
295
296
297
299
300
301
302
303
305
306
307
308
309
310
311
312
313
315
316
318
319
320
321
322
323
324
325
326
327
328
329
330
331
332
333
334
335
336
337
338
339
340
341
342
343
344
345
346
347
348
349
351
352
354
355
356
357
358
359
360
361
363
364
366
367
369
370
375
376
378
379
381
382
384
385
387
388
393
394
396
397
398
399
401
402
403
404
405
407
408
409
410
411
413
414
415
416
417
418
419
420
421
423
424
426
427
428
429
430
431
432
433
434
435
437
438
439
440
441
443
444
445
446
447
449
450
451
452
453
455
462
463
464
465
467
468
469
470
471
473
474
475
476
477
479
480
481
482
483
485
486
487
488
489
491
498
499
500
501
503
504
505
506
507
509
510
511
512
513
515
516
517
518
519
521
522
523
524
525
527
534
535
536
537
539
540
541
542
543
545
546
547
548
549
551
552
553
554
555
557
558
559
560
561
563
570
571
572
573
575
612
613
614
615
617
618
619
620
621
623
624
625
626
627
629
630
631
632
633
635
642
643
644
645
647
648
649
650
651
653
654
655
656
657
659
660
661
662
663
665
666
667
668
669
671
678
679
680
681
683
684
685
686
687
689
690
691
692
693
695
696
697
698
699
701
702
703
704
705
707
714
715
716
717
719
720
721
722
723
725
726
727
728
729
731
732
733
734
735
737
738
739
740
741
743
750
751
752
753
755
756
757
758
759
761
762
763
764
765
767
768
769
770
771
773
774
775
776
777
779
786
787
788
789
791
828
829
830
831
833
834
835
836
837
839
840
841
842
843
845
846
847
848
849
851
858
859
860
861
863
