2
3
4
5
6
7
8
9
10
11
12
13
14
15
16
17
18
19
20
21
22
23
24
25
26
27
28
29
30
31
32
33
34
35
36
37
38
39
40
41
42
43
44
45
46
47
48
49
50
51
52
53
54
55
56
57
58
59
60
61
62
63
64
65
66
67
68
69
70
71
72
73
74
75
76
77
78
79
80
81
82
84
85
86
87
88
89
90
91
92
93
94
95
96
97
98
99
100
101
102
103
104
105
106
108
109
110
111
112
113
114
115
116
117
118
119
120
121
122
123
124
125
126
127
128
129
130
131
132
133
134
135
136
137
138
139
140
141
142
143
144
145
146
147
148
149
150
151
152
153
154
155
156
157
158
159
160
161
162
163
164
165
166
167
168
169
170
171
172
173
174
175
176
177
178
179
180
181
182
183
184
185
186
187
188
189
190
191
192
193
194
195
196
197
198
199
200
201
202
203
204
205
206
207
208
209
210
211
212
213
215
216
217
218
219
220
221
222
223
224
225
226
227
228
229
230
231
232
233
234
235
236
237
238
239
240
241
242
244
246
247
248
249
250
252
253
254
255
256
257
258
259
260
262
263
264
265
266
267
268
269
270
271
272
273
274
275
276
277
278
279
280
281
282
283
285
286
287
288
289
290
291
292
293
294
295
296
298
300
301
302
303
304
305
306
307
308
309
310
311
312
313
314
316
317
318
319
320
324
325
326
327
328
329
330
331
332
333
334
335
336
337
338
339
340
341
342
343
344
345
346
347
348
349
350
351
352
353
354
355
356
357
359
360
361
362
363
364
366
367
368
369
370
371
372
373
374
376
378
379
380
381
382
383
384
385
386
387
388
389
390
391
392
393
394
396
397
398
399
400
402
403
404
407
408
410
412
414
415
416
417
418
420
421
422
424
427
432
433
434
435
436
437
438
439
440
441
442
443
444
445
446
447
448
450
451
452
453
454
455
456
457
458
460
462
463
464
466
468
469
470
471
472
473
474
475
476
478
480
481
482
484
486
487
489
490
491
492
493
494
495
496
499
500
501
502
504
505
506
507
508
509
510
511
512
513
514
516
517
518
519
520
521
522
523
526
527
528
529
530
532
533
534
540
541
542
543
544
545
546
547
548
549
550
551
552
553
555
556
557
558
559
560
561
562
563
564
565
566
567
568
569
570
571
572
573
574
576
577
578
579
580
581
582
583
584
585
586
587
588
589
590
591
592
594
595
597
598
599
600
601
602
603
604
605
606
609
610
611
612
613
616
618
619
620
621
622
623
624
625
626
628
632
636
637
638
643
648
649
650
651
652
653
654
655
656
657
658
659
660
661
662
663
664
666
667
668
669
670
671
672
673
674
675
676
677
678
679
680
681
682
683
684
685
686
687
688
689
690
691
692
693
694
695
696
697
698
700
702
703
704
705
706
707
708
709
710
711
712
713
714
715
717
718
720
721
722
723
724
725
726
727
728
732
733
734
736
738
739
740
741
742
744
745
746
748
751
752
756
757
758
759
760
761
762
763
764
765
766
767
768
769
770
771
772
774
775
776
777
778
779
780
781
782
784
785
786
787
788
792
793
794
795
796
797
798
799
800
802
803
804
805
806
807
808
809
811
814
815
816
821
822
823
824
825
826
827
828
829
830
831
832
833
834
835
836
838
840
841
842
864
865
866
867
868
869
870
871
872
873
874
875
876
877
878
879
880
881
882
883
884
885
886
887
888
889
890
892
894
895
896
900
901
902
903
904
905
906
907
908
910
911
912
913
914
915
916
917
922
923
924
925
926
928
929
930
933
934
935
936
937
938
939
940
941
942
943
944
946
948
949
950
951
952
953
954
955
958
959
960
961
962
964
965
966
972
973
974
975
977
978
980
981
982
983
984
990
991
992
993
994
995
996
998
999
1000
1001
1002
1004
1005
1007
1008
1009
1010
1011
1012
1014
1015
1016
1017
1018
1019
1020
1021
1022
1024
1026
1027
1028
1029
1031
1032
1033
1034
1035
1036
1037
1038
1044
1045
1046
1047
1080
1081
1082
1083
1084
1085
1086
1087
1088
1089
1090
1091
1092
1093
1094
1098
1099
1100
1101
1102
1103
1104
1105
1106
1110
1111
1112
1116
1117
1118
1119
1120
1121
1122
1123
1124
1128
1129
1130
1132
1134
1135
1136
1137
1139
1140
1142
1143
1144
1145
1146
1147
1148
1152
1153
1154
1155
1156
1157
1158
1159
1160
1161
1162
1163
1164
1165
1166
1167
1169
1170
1171
1172
1173
1174
1176
1178
1179
1180
1181
1182
1183
1184
1188
1189
1190
1191
1193
1194
1195
1196
1197
1198
1199
1200
1206
1207
1208
1209
1236
1238
1240
1242
1243
1244
1245
1246
1247
1248
1250
1255
1256
1296
1297
1298
1299
1300
1301
1302
1303
1304
1305
1306
1307
1308
1309
1310
1311
1312
1314
1315
1316
1317
1318
1319
1320
1321
1322
1324
1326
1327
1328
1332
1333
1334
1335
1336
1337
1338
1339
1340
1342
1344
1345
1346
1348
1350
1351
1352
1353
1354
1356
1357
1358
1359
1360
1361
1362
1363
1364
1365
1366
1368
1369
1370
1371
1372
1373
1374
1375
1376
1378
1380
1381
1382
1384
1386
1387
1388
1389
1390
1392
1393
1394
1396
1404
1405
1406
1407
1408
1409
1410
1411
1412
1413
1414
1415
1416
1417
1418
1419
1420
1422
1423
1424
1425
1426
1427
1428
1429
1430
1434
1435
1436
1440
1441
1442
1443
1444
1445
1446
1447
1448
1450
1452
1453
1454
1456
1464
1465
1466
1468
1476
1477
1478
1479
1480
1481
1482
1483
1484
1488
1489
1490
1512
1513
1514
1515
1516
1517
1518
1519
1520
1521
1522
1523
1524
1525
1526
1527
1528
1530
1531
1532
1533
1534
1535
1536
1537
1538
1540
1542
1543
1544
1548
1549
1550
1551
1552
1553
1554
1555
1556
1558
1560
1561
1562
1564
1572
1573
1574
1576
1584
1585
1586
1587
1588
1589
1590
1591
1592
1594
1596
1597
1598
1600
1608
1609
1610
1612
1656
1657
1658
1660
1662
1663
1664
1666
1668
1669
1670
1672
1680
1681
1682
1684
1728
1729
1730
1731
1732
1733
1734
1735
1736
1738
1740
1741
1742
1744
1746
1747
1748
1749
1750
1751
1752
1753
1754
1756
1758
1759
1760
1764
1765
1766
1767
1768
1769
1770
1771
1772
1774
1776
1777
1778
1780
1788
1789
1790
1792
1800
1801
1802
1803
1804
1805
1806
1807
1808
1810
1812
1813
1814
1816
1824
1825
1826
1828
1872
1873
1874
1876
1878
1879
1880
1882
1884
1885
1886
1888
1896
1897
1898
1900
1944
1945
1946
1947
1948
1950
1951
1953
1954
1955
1956
1957
1959
1960
1962
1963
1964
1965
1966
1968
1969
1980
1981
1982
1983
1984
1986
1987
1998
1999
2000
2001
2002
2004
2005
2007
2008
2009
2010
2011
2013
2014
2016
2017
2018
2019
2020
2022
2023
2034
2035
2036
2037
2038
2040
2041
2052
2053
2054
2055
2056
2058
2059
2061
2062
2063
2064
2065
2067
2068
2070
2071
2072
2073
2074
2076
2077
2088
2089
2090
2091
2092
2094
2095
2160
2161
2162
2163
2164
2166
2167
2168
2169
2170
2171
2172
2173
2174
2175
2176
2178
2179
2180
2181
2182
2184
2185
2186
2188
2196
2197
2198
2199
2200
2202
2203
2204
2206
2208
2209
2210
2212
2220
2221
2222
2224
2232
2233
2234
2236
2238
2239
2240
2242
2244
2245
2246
2248
2256
2257
2258
2260
2268
2269
2270
2271
2272
2274
2275
2277
2278
2279
2280
2281
2283
2284
2286
2287
2288
2289
2290
2292
2293
2304
2305
2306
2307
2308
2310
2311
2312
2314
2316
2317
2318
2320
2322
2323
2324
2325
2326
2328
2329
2330
2331
2332
2333
2334
2335
2337
2338
2340
2341
2342
2343
2344
2346
2347
2358
2359
2360
2361
2362
2364
2365
2376
2377
2378
2379
2380
2382
2383
2385
2386
2387
2388
2389
2391
2392
2394
2395
2396
2397
2398
2400
2401
2412
2413
2414
2415
2416
2418
2419
2484
2485
2486
2487
2488
2490
2491
2493
2494
2495
2496
2497
2499
2500
2592
2593
2594
2595
2596
2597
2598
2599
2600
2602
2604
2605
2606
2608
2610
2611
2612
2613
2614
2615
2616
2617
2618
2620
2622
2623
2624
2628
2629
2630
2631
2632
2633
2634
2635
2636
2638
2640
2641
2642
2644
2652
2653
2654
2656
2664
2665
2666
2667
2668
2669
2670
2671
2672
2674
2676
2677
2678
2680
2688
2689
2690
2692
2700
2701
2702
2703
2704
2705
2706
2707
2708
2712
2713
2714
2718
2719
2720
2721
2722
2723
2724
2725
2726
2730
2731
2732
2736
2737
2738
2739
2740
2741
2742
2743
2744
2746
2748
2749
2750
2752
2760
2761
2762
2764
2772
2773
2774
2775
2776
2777
2778
2779
2780
2784
2785
2786
2808
2809
2810
2811
2812
2813
2814
2815
2816
2818
2820
2821
2822
2824
2826
2827
2828
2829
2830
2831
2832
2833
2834
2836
2838
2839
2840
2844
2845
2846
2847
2848
2849
2850
2851
2852
2854
2856
2857
2858
2860
2868
2869
2870
2872
2880
2881
2882
2883
2884
2885
2886
2887
2888
2890
2892
2893
2894
2896
2904
2905
2906
2908
2952
2953
2954
2956
2958
2959
2960
2962
2964
2965
2966
2968
2976
2977
2978
2980
3024
3025
3026
3027
3028
3029
3030
3031
3032
3034
3036
3037
3038
3040
3042
3043
3044
3045
3046
3047
3048
3049
3050
3052
3054
3055
3056
3060
3061
3062
3063
3064
3065
3066
3067
3068
3070
3072
3073
3074
3076
3084
3085
3086
3088
3096
3097
3098
3099
3100
3101
3102
3103
3104
3106
3108
3109
3110
3112
3120
3121
3122
3124
3168
3169
3170
3172
3174
3175
3176
3178
3180
3181
3182
3184
3192
3193
3194
3196
3456
3457
3458
3460
3462
3463
3464
3466
3468
3469
3470
3472
3480
3481
3482
3484
3492
3493
3494
3496
3498
3499
3500
3502
3504
3505
3506
3508
3516
3517
3518
3520
3528
3529
3530
3532
3534
3535
3536
3538
3540
3541
3542
3544
3552
3553
3554
3556
3600
3601
3602
3604
3606
3607
3608
3610
3612
3613
3614
3616
3624
3625
3626
3628
3888
3889
3890
3891
3892
3893
3894
3895
3896
3900
3901
3902
3906
3907
3908
3909
3910
3911
3912
3913
3914
3918
3919
3920
3924
3925
3926
3927
3928
3929
3930
3931
3932
3936
3937
3938
3960
3961
3962
3963
3964
3965
3966
3967
3968
3972
3973
3974
3996
3997
3998
3999
4000
4001
4002
4003
4004
4008
4009
4010
4014
4015
4016
4017
4018
4019
4020
4021
4022
4026
4027
4028
4032
4033
4034
4035
4036
4037
4038
4039
4040
4044
4045
4046
4068
4069
4070
4071
4072
4073
4074
4075
4076
4080
4081
4082
4104
4105
4106
4107
4108
4109
4110
4111
4112
4116
4117
4118
4122
4123
4124
4125
4126
4127
4128
4129
4130
4134
4135
4136
4140
4141
4142
4143
4144
4145
4146
4147
4148
4152
4153
4154
4176
4177
4178
4179
4180
4181
4182
4183
4184
4188
4189
4190
4320
4321
4322
4323
4324
4325
4326
4327
4328
4332
4333
4334
4338
4339
4340
4341
4342
4343
4344
4345
4346
4350
4351
4352
4356
4357
4358
4359
4360
4361
4362
4363
4364
4368
4369
4370
4392
4393
4394
4395
4396
4397
4398
4399
4400
4404
4405
4406
4536
4537
4538
4539
4540
4541
4542
4543
4544
4548
4549
4550
4554
4555
4556
4557
4558
4559
4560
4561
4562
4566
4567
4568
4572
4573
4574
4575
4576
4577
4578
4579
4580
4584
4585
4586
4608
4609
4610
4611
4612
4613
4614
4615
4616
4620
4621
4622
4644
4645
4646
4647
4648
4649
4650
4651
4652
4656
4657
4658
4662
4663
4664
4665
4666
4667
4668
4669
4670
4674
4675
4676
4680
4681
4682
4683
4684
4685
4686
4687
4688
4692
4693
4694
4716
4717
4718
4719
4720
4721
4722
4723
4724
4728
4729
4730
4752
4753
4754
4755
4756
4757
4758
4759
4760
4764
4765
4766
4770
4771
4772
4773
4774
4775
4776
4777
4778
4782
4783
4784
4788
4789
4790
4791
4792
4793
4794
4795
4796
4800
4801
4802
4824
4825
4826
4827
4828
4829
4830
4831
4832
4836
4837
4838
4968
4969
4970
4971
4972
4973
4974
4975
4976
4980
4981
4982
4986
4987
4988
4989
4990
4991
4992
4993
4994
4998
4999
5000
5184
5185
5186
5188
5190
5191
5192
5194
5196
5197
5198
5200
5208
5209
5210
5212
5220
5221
5222
5224
5226
5227
5228
5230
5232
5233
5234
5236
5244
5245
5246
5248
5256
5257
5258
5260
5262
5263
5264
5266
5268
5269
5270
5272
5280
5281
5282
5284
5328
5329
5330
5332
5334
5335
5336
5338
5340
5341
5342
5344
5352
5353
5354
5356
5400
5401
5402
5404
5406
5407
5408
5410
5412
5413
5414
5416
5424
5425
5426
5428
5436
5437
5438
5440
5442
5443
5444
5446
5448
5449
5450
5452
5460
5461
5462
5464
5472
5473
5474
5476
5478
5479
5480
5482
5484
5485
5486
5488
5496
5497
5498
5500
5544
5545
5546
5548
5550
5551
5552
5554
5556
5557
5558
5560
5568
5569
5570
5572
5616
5617
5618
5620
5622
5623
5624
5626
5628
5629
5630
5632
5640
5641
5642
5644
5652
5653
5654
5656
5658
5659
5660
5662
5664
5665
5666
5668
5676
5677
5678
5680
5688
5689
5690
5692
5694
5695
5696
5698
5700
5701
5702
5704
5712
5713
5714
5716
5760
5761
5762
5764
5766
5767
5768
5770
5772
5773
5774
5776
5784
5785
5786
5788
6048
6049
6050
6052
6054
6055
6056
6058
6060
6061
6062
6064
6072
6073
6074
6076
6084
6085
6086
6088
6090
6091
6092
6094
6096
6097
6098
6100
6108
6109
6110
6112
6120
6121
6122
6124
6126
6127
6128
6130
6132
6133
6134
6136
6144
6145
6146
6148
6192
6193
6194
6196
6198
6199
6200
6202
6204
6205
6206
6208
6216
6217
6218
6220
7776
7777
7778
7780
7782
7783
7784
7786
7788
7789
7790
7792
7800
7801
7802
7804
7812
7813
7814
7816
7818
7819
7820
7822
7824
7825
7826
7828
7836
7837
7838
7840
7848
7849
7850
7852
7854
7855
7856
7858
7860
7861
7862
7864
7872
7873
7874
7876
7920
7921
7922
7924
7926
7927
7928
7930
7932
7933
7934
7936
7944
7945
7946
7948
7992
7993
7994
7996
7998
7999
8000
8002
8004
8005
8006
8008
8016
8017
8018
8020
8028
8029
8030
8032
8034
8035
8036
8038
8040
8041
8042
8044
8052
8053
8054
8056
8064
8065
8066
8068
8070
8071
8072
8074
8076
8077
8078
8080
8088
8089
8090
8092
8136
8137
8138
8140
8142
8143
8144
8146
8148
8149
8150
8152
8160
8161
8162
8164
8208
8209
8210
8212
8214
8215
8216
8218
8220
8221
8222
8224
8232
8233
8234
8236
8244
8245
8246
8248
8250
8251
8252
8254
8256
8257
8258
8260
8268
8269
8270
8272
8280
8281
8282
8284
8286
8287
8288
8290
8292
8293
8294
8296
8304
8305
8306
8308
8352
8353
8354
8356
8358
8359
8360
8362
8364
8365
8366
8368
8376
8377
8378
8380
8640
8641
8642
8644
8646
8647
8648
8650
8652
8653
8654
8656
8664
8665
8666
8668
8676
8677
8678
8680
8682
8683
8684
8686
8688
8689
8690
8692
8700
8701
8702
8704
8712
8713
8714
8716
8718
8719
8720
8722
8724
8725
8726
8728
8736
8737
8738
8740
8784
8785
8786
8788
8790
8791
8792
8794
8796
8797
8798
8800
8808
8809
8810
8812
9072
9073
9074
9076
9078
9079
9080
9082
9084
9085
9086
9088
9096
9097
9098
9100
9108
9109
9110
9112
9114
9115
9116
9118
9120
9121
9122
9124
9132
9133
9134
9136
9144
9145
9146
9148
9150
9151
9152
9154
9156
9157
9158
9160
9168
9169
9170
9172
9216
9217
9218
9220
9222
9223
9224
9226
9228
9229
9230
9232
9240
9241
9242
9244
9288
9289
9290
9292
9294
9295
9296
9298
9300
9301
9302
9304
9312
9313
9314
9316
9324
9325
9326
9328
9330
9331
9332
9334
9336
9337
9338
9340
9348
9349
9350
9352
9360
9361
9362
9364
9366
9367
9368
9370
9372
9373
9374
9376
9384
9385
9386
9388
9432
9433
9434
9436
9438
9439
9440
9442
9444
9445
9446
9448
9456
9457
9458
9460
9504
9505
9506
9508
9510
9511
9512
9514
9516
9517
9518
9520
9528
9529
9530
9532
9540
9541
9542
9544
9546
9547
9548
9550
9552
9553
9554
9556
9564
9565
9566
9568
9576
9577
9578
9580
9582
9583
9584
9586
9588
9589
9590
9592
9600
9601
9602
9604
9648
9649
9650
9652
9654
9655
9656
9658
9660
9661
9662
9664
9672
9673
9674
9676
9936
9937
9938
9940
9942
9943
9944
9946
9948
9949
9950
9952
9960
9961
9962
9964
9972
9973
9974
9976
9978
9979
9980
9982
9984
9985
9986
9988
9996
9997
9998
10000
