2
3
4
5
6
7
8
9
10
11
12
13
14
15
16
17
18
19
20
21
22
24
25
26
27
28
29
30
31
32
33
34
36
37
38
39
40
41
42
43
44
45
46
48
49
50
51
52
54
55
56
57
58
60
61
63
64
67
69
70
72
73
74
75
76
77
78
79
80
81
82
84
85
86
87
88
89
90
91
92
93
94
96
97
98
99
100
101
102
103
108
109
110
111
112
114
115
116
117
118
120
121
122
123
124
126
127
128
129
130
132
133
135
136
139
142
144
145
147
148
150
151
153
154
162
163
165
166
168
169
171
172
177
178
189
190
195
196
198
199
204
205
216
217
218
219
220
222
223
224
225
226
228
229
230
231
232
234
235
236
237
238
240
241
243
244
249
250
252
253
254
255
256
258
259
260
261
262
264
265
266
267
270
271
272
273
274
276
277
279
280
288
289
290
291
294
295
296
297
300
301
302
303
306
307
308
309
324
325
326
327
328
330
331
332
333
334
342
343
345
346
348
349
351
352
360
361
363
364
366
367
369
370
378
379
381
382
384
385
387
388
648
649
651
652
654
655
657
658
666
667
669
670
672
673
675
676
684
685
687
688
690
691
693
694
702
703
705
706
708
709
711
712
756
757
759
760
762
763
765
766
774
775
777
778
780
781
783
784
792
793
795
796
798
799
801
802
810
811
813
814
816
817
819
820
864
865
867
868
870
871
873
874
882
883
885
886
888
889
891
892
900
901
903
904
906
907
909
910
918
919
921
922
924
925
927
928
972
973
975
976
978
979
981
982
990
991
993
994
996
997
999
1000
