2
3
4
5
6
7
8
9
10
11
12
13
14
15
16
17
18
19
20
21
22
23
24
25
26
27
28
29
30
31
32
33
34
35
36
37
38
39
40
41
42
43
44
45
46
47
48
49
50
51
52
53
54
55
56
57
58
59
60
61
62
63
64
65
66
67
68
69
70
72
73
74
75
76
77
78
79
80
82
84
85
86
87
88
89
90
91
92
93
94
95
96
97
98
100
108
109
110
111
112
113
114
115
116
117
118
119
120
121
122
123
124
126
127
128
129
130
131
132
133
134
136
138
139
140
144
145
146
147
148
149
150
151
152
154
156
157
158
160
168
169
170
172
180
181
182
183
184
185
186
187
188
192
193
194
216
217
218
219
220
221
222
223
224
225
226
227
228
229
230
231
232
234
235
236
237
238
239
240
241
242
244
246
247
248
252
253
254
255
256
257
258
259
260
262
264
265
266
268
276
277
278
280
288
289
290
291
292
293
294
295
296
298
300
301
302
304
312
313
314
316
360
361
362
364
366
367
368
370
372
373
374
376
384
385
386
388
432
433
434
435
436
437
438
439
440
442
444
445
446
448
450
451
452
453
454
455
456
457
458
460
462
463
464
468
469
470
471
472
473
474
475
476
478
480
481
482
484
492
493
494
496
504
505
506
508
510
511
512
514
516
517
518
520
528
529
530
532
576
577
578
580
582
583
584
586
588
589
590
592
600
601
602
604
864
865
866
868
870
871
872
874
876
877
878
880
888
889
890
892
900
901
902
904
906
907
908
910
912
913
914
916
924
925
926
928
936
937
938
940
942
943
944
946
948
949
950
952
960
961
962
964
