2
3
4
5
6
7
9
12
13
14
15
17
18
19
21
24
25
26
28
29
30
31
33
34
36
37
38
39
42
43
44
45
46
49
50
51
54
55
57
62
63
67
69
72
73
74
75
76
77
78
79
84
85
86
87
89
90
91
92
93
94
98
99
101
102
103
108
109
110
111
114
115
117
126
127
129
141
144
145
146
148
149
150
156
157
158
163
165
168
169
170
171
172
173
174
178
180
181
182
186
187
188
190
193
198
201
202
204
205
206
207
209
211
216
217
218
219
220
221
222
223
225
228
229
230
231
234
235
237
241
252
253
254
255
258
259
261
270
271
273
279
283
294
324
325
327
330
331
333
342
343
345
372
373
381
386
402
403
415
421
423
432
433
434
435
436
437
438
439
444
445
446
447
450
451
456
457
458
460
461
462
463
465
468
469
470
471
474
475
489
495
504
505
506
507
508
509
510
511
516
517
518
519
522
523
540
541
542
543
546
547
558
561
571
589
594
603
648
649
650
651
654
655
657
660
661
662
663
666
667
669
684
685
686
687
690
691
693
702
703
705
756
757
759
762
763
765
774
775
777
864
865
866
868
869
870
876
877
878
888
889
890
892
893
894
900
901
902
936
937
938
940
941
942
948
949
950
1008
1009
1010
1012
1013
1014
1020
1021
1022
1032
1033
1034
1036
1037
1038
1044
1045
1046
1080
1081
1082
1084
1085
1086
1092
1093
1094
1111
1116
1117
1119
1129
1143
1147
1158
1206
1209
1219
1296
1297
1298
1299
1302
1303
1305
1308
1309
1310
1311
1314
1315
1317
1327
1332
1333
1334
1335
1338
1339
1341
1345
1350
1351
1353
1368
1369
1370
1371
1374
1375
1380
1381
1382
1383
1386
1387
1389
1395
1404
1405
1406
1407
1410
1411
1413
1422
1423
1425
1512
1513
1514
1515
1518
1519
1521
1524
1525
1526
1527
1530
1531
1533
1548
1549
1550
1551
1554
1555
1557
1566
1567
1569
1620
1621
1623
1626
1627
1629
1638
1639
1641
1944
1945
1947
1950
1951
1953
1962
1963
1965
1980
1981
1983
1986
1987
1989
1998
1999
2001
2052
2053
2055
2058
2059
2061
2070
2071
2073
2592
2593
2594
2595
2598
2599
2604
2605
2606
2607
2610
2611
2628
2629
2630
2631
2634
2635
2664
2665
2666
2667
2670
2671
2676
2677
2678
2679
2682
2683
2700
2701
2702
2703
2706
2707
2808
2809
2810
2811
2814
2815
2820
2821
2822
2823
2826
2827
2844
2845
2846
2847
2850
2851
3024
3025
3026
3027
3030
3031
3036
3037
3038
3039
3042
3043
3060
3061
3062
3063
3066
3067
3096
3097
3098
3099
3102
3103
3108
3109
3110
3111
3114
3115
3132
3133
3134
3135
3138
3139
3240
3241
3242
3243
3246
3247
3252
3253
3254
3255
3258
3259
3276
3277
3278
3279
3282
3283
3888
3889
3891
3894
3895
3897
3906
3907
3909
3924
3925
3927
3930
3931
3933
3942
3943
3945
3996
3997
3999
4002
4003
4005
4014
4015
4017
4104
4105
4107
4110
4111
4113
4122
4123
4125
4140
4141
4143
4146
4147
4149
4158
4159
4161
4212
4213
4215
4218
4219
4221
4230
4231
4233
4536
4537
4539
4542
4543
4545
4554
4555
4557
4572
4573
4575
4578
4579
4581
4590
4591
4593
4644
4645
4647
4650
4651
4653
4662
4663
4665
7776
7777
7779
7782
7783
7785
7794
7795
7797
7812
7813
7815
7818
7819
7821
7830
7831
7833
7884
7885
7887
7890
7891
7893
7902
7903
7905
7992
7993
7995
7998
7999
8001
8010
8011
8013
8028
8029
8031
8034
8035
8037
8046
8047
8049
8100
8101
8103
8106
8107
8109
8118
8119
8121
8424
8425
8427
8430
8431
8433
8442
8443
8445
8460
8461
8463
8466
8467
8469
8478
8479
8481
8532
8533
8535
8538
8539
8541
8550
8551
8553
9072
9073
9075
9078
9079
9081
9090
9091
9093
9108
9109
9111
9114
9115
9117
9126
9127
9129
9180
9181
9183
9186
9187
9189
9198
9199
9201
9288
9289
9291
9294
9295
9297
9306
9307
9309
9324
9325
9327
9330
9331
9333
9342
9343
9345
9396
9397
9399
9402
9403
9405
9414
9415
9417
9720
9721
9723
9726
9727
9729
9738
9739
9741
9756
9757
9759
9762
9763
9765
9774
9775
9777
9828
9829
9831
9834
9835
9837
9846
9847
9849
