6
7
31
36
37
42
43
181
186
211
216
217
222
223
252
253
258
259
1086
1111
1116
1117
1147
1261
1267
1296
1297
1302
1303
1327
1332
1333
1338
1339
1512
1513
1518
1519
1548
1549
1554
1555
6666
6696
6697
6702
6882
7776
7777
7782
7783
7812
7813
7818
7819
7992
7993
7998
7999
8028
8029
8034
8035
9072
9073
9078
9079
9108
9109
9114
9115
9288
9289
9294
9295
9324
9325
9330
9331
46656
46657
46662
46663
46692
46693
46698
46699
46872
46873
46878
46879
46908
46909
46914
46915
47952
47953
47958
47959
47988
47989
47994
47995
48168
48169
48174
48175
48204
48205
48210
48211
