5
6
7
11
13
17
23
29
30
31
35
36
37
41
42
43
47
49
59
61
66
67
71
77
78
97
101
102
107
113
115
121
137
138
155
157
161
174
180
181
185
186
187
191
193
197
210
211
215
216
217
221
222
223
227
233
245
246
247
251
252
253
257
258
259
263
282
283
287
293
294
301
311
341
349
366
396
397
401
402
403
407
426
427
431
593
606
612
613
690
691
707
713
726
727
733
743
809
822
828
829
845
930
931
953
961
966
983
1080
1081
1085
1086
1087
1091
1110
1111
1115
1116
1117
1121
1122
1123
1127
1141
1146
1147
1151
1169
1260
1261
1265
1266
1267
1271
1290
1291
1295
1296
1297
1301
1302
1303
1307
1326
1327
1331
1332
1333
1337
1338
1339
1343
1357
1362
1363
1367
1476
1477
1481
1482
1483
1487
1506
1507
1511
1512
1513
1517
1518
1519
1523
1542
1543
1547
1548
1549
1553
1554
1555
1559
1578
1579
1583
1607
1692
1693
1697
1698
1699
1703
1722
1723
1727
1823
1859
1865
1866
1867
1871
1895
2376
2377
2381
2382
2383
2387
2406
2407
2411
2412
2413
2417
2418
2419
2423
2442
2443
2447
2556
2557
2561
2562
2563
2567
2586
2587
2591
6480
6481
6485
6486
6487
6491
6510
6511
6515
6516
6517
6521
6522
6523
6527
6546
6547
6551
6660
6661
6665
6666
6667
6671
6690
6691
6695
6696
6697
6701
6702
6703
6707
6726
6727
6731
6732
6733
6737
6738
6739
6743
6762
6763
6767
6876
6877
6881
6882
6883
6887
6906
6907
6911
7560
7561
7565
7566
7567
7571
7590
7591
7595
7596
7597
7601
7602
7603
7607
7626
7627
7631
7740
7741
7745
7746
7747
7751
7770
7771
7775
7776
7777
7781
7782
7783
7787
7806
7807
7811
7812
7813
7817
7818
7819
7823
7842
7843
7847
7956
7957
7961
7962
7963
7967
7986
7987
7991
7992
7993
7997
7998
7999
8003
8022
8023
8027
8028
8029
8033
8034
8035
8039
8058
8059
8063
8172
8173
8177
8178
8179
8183
8202
8203
8207
8856
8857
8861
8862
8863
8867
8886
8887
8891
8892
8893
8897
8898
8899
8903
8922
8923
8927
9036
9037
9041
9042
9043
9047
9066
9067
9071
9072
9073
9077
9078
9079
9083
9102
9103
9107
9108
9109
9113
9114
9115
9119
9138
9139
9143
9252
9253
9257
9258
9259
9263
9282
9283
9287
9288
9289
9293
9294
9295
9299
9318
9319
9323
9324
9325
9329
9330
9331
9335
9354
9355
9359
9468
9469
9473
9474
9475
9479
9498
9499
9503
