4
5
6
7
8
9
10
22
24
25
27
28
29
30
31
33
35
36
37
40
41
42
43
44
45
46
48
49
52
53
54
55
60
61
63
64
124
127
135
136
144
145
148
149
150
151
155
160
162
163
168
169
172
173
174
175
179
180
181
184
185
186
187
191
193
195
198
199
203
209
210
211
216
217
220
221
222
223
224
225
226
231
238
240
241
244
245
246
247
252
253
256
257
258
259
260
261
262
264
265
270
271
276
277
279
280
283
288
289
293
294
296
308
310
311
315
324
325
330
331
333
334
360
361
366
367
369
370
378
379
384
385
387
388
864
865
868
869
870
871
888
889
892
893
894
895
900
901
904
905
906
907
1008
1009
1012
1013
1014
1015
1032
1033
1036
1037
1038
1039
1044
1045
1048
1049
1050
1051
1080
1081
1084
1085
1086
1087
1104
1105
1108
1109
1110
1111
1116
1117
1120
1121
1122
1123
1296
1297
1300
1301
1302
1303
1305
1306
1320
1321
1324
1325
1326
1327
1332
1333
1336
1337
1338
1339
1341
1342
1350
1351
1356
1357
1359
1360
1440
1441
1444
1445
1446
1447
1464
1465
1468
1469
1470
1471
1476
1477
1480
1481
1482
1483
1512
1513
1516
1517
1518
1519
1521
1522
1536
1537
1540
1541
1542
1543
1548
1549
1552
1553
1554
1555
1557
1558
1566
1567
1572
1573
1575
1576
1620
1621
1626
1627
1629
1630
1656
1657
1662
1663
1665
1666
1674
1675
1680
1681
1683
1684
1944
1945
1950
1951
1953
1954
1980
1981
1986
1987
1989
1990
1998
1999
2004
2005
2007
2008
2160
2161
2166
2167
2169
2170
2196
2197
2202
2203
2205
2206
2214
2215
2220
2221
2223
2224
2268
2269
2274
2275
2277
2278
2304
2305
2310
2311
2313
2314
2322
2323
2328
2329
2331
2332
