2
3
4
5
6
7
8
9
10
11
12
13
14
15
16
17
18
19
20
21
22
23
24
25
26
27
28
29
30
31
32
33
34
35
36
37
38
39
40
41
42
43
44
45
46
47
48
49
50
51
52
53
54
55
56
57
58
59
60
61
62
63
64
65
66
67
68
69
70
71
72
73
74
75
76
77
78
79
80
81
82
83
84
85
86
87
88
89
90
91
92
93
94
95
96
97
98
99
100
101
102
103
104
105
106
107
108
109
110
111
112
113
114
115
116
117
118
119
120
121
122
123
124
125
126
127
128
129
130
131
132
133
134
135
136
137
138
139
140
141
142
143
144
145
146
147
148
149
150
151
152
153
154
155
156
157
158
159
160
161
162
163
164
165
166
167
168
169
170
171
172
173
174
175
176
177
178
179
180
181
182
183
184
185
186
187
188
189
190
191
192
193
194
195
196
197
199
200
201
202
203
204
205
206
207
208
209
210
211
212
213
214
215
216
217
218
219
220
221
222
223
224
225
226
227
228
229
230
231
232
233
234
235
236
237
238
239
240
241
242
243
245
246
247
248
249
250
252
253
254
255
256
257
258
259
260
261
262
263
264
265
266
267
268
269
271
272
273
274
275
276
277
278
279
280
281
282
283
284
285
287
288
289
290
291
292
293
294
295
296
297
298
299
300
301
302
303
304
305
306
307
308
309
310
311
312
313
314
315
316
317
318
319
320
321
322
323
324
325
326
327
328
329
330
331
332
333
334
335
336
337
338
339
340
341
342
343
344
345
346
347
348
349
350
351
352
353
354
355
356
357
358
359
360
361
362
363
364
365
366
367
368
369
370
371
372
373
374
375
376
377
378
379
380
381
382
383
384
385
386
387
388
389
390
391
392
393
394
395
396
397
398
399
400
401
402
403
404
405
406
407
408
409
410
411
412
413
414
415
416
417
418
419
420
421
422
423
424
425
426
427
428
429
430
431
432
433
434
435
436
437
438
439
440
441
442
443
444
445
446
447
448
449
450
451
452
453
454
455
456
457
458
459
460
461
462
463
464
465
466
467
468
469
470
471
472
473
474
475
476
477
478
479
480
481
482
483
484
485
486
488
489
490
491
492
493
494
495
496
497
498
499
500
501
502
503
504
505
506
507
508
509
510
511
512
513
514
515
516
517
518
519
520
521
522
523
524
525
526
527
528
529
530
531
532
533
534
535
536
537
538
539
540
542
543
544
546
547
548
549
550
551
552
553
554
555
556
558
559
560
561
563
564
565
566
567
568
569
570
571
572
573
574
575
576
577
578
579
580
581
582
583
584
585
586
587
588
589
590
591
592
593
595
596
597
598
599
600
601
602
603
605
606
607
608
609
610
612
614
615
616
617
618
619
620
621
622
623
624
625
626
627
628
629
630
631
634
635
637
638
639
640
641
642
643
644
645
646
647
648
649
650
651
652
653
654
655
656
657
658
659
660
661
662
663
664
665
666
667
668
669
670
672
673
675
679
680
681
682
683
684
685
686
687
688
689
691
692
693
694
695
696
698
699
700
701
702
703
705
706
707
708
709
710
713
714
716
717
718
719
720
721
722
723
724
725
726
727
728
729
730
731
733
734
735
736
737
738
740
741
742
743
744
745
746
747
748
749
750
751
752
753
754
755
756
757
758
759
760
761
762
763
764
765
766
767
768
769
770
771
772
773
774
775
777
778
779
780
781
783
784
785
786
787
789
790
791
792
793
794
795
796
797
798
799
800
801
802
803
804
805
806
807
808
809
810
811
812
813
815
816
817
818
819
820
821
822
824
825
826
827
828
829
831
832
833
834
835
836
838
839
840
841
842
843
844
845
846
847
848
849
850
851
852
853
854
855
856
857
858
859
860
861
862
863
864
865
866
867
868
869
870
871
872
873
874
875
876
877
878
879
881
882
883
885
886
887
889
890
893
894
895
896
897
899
901
902
903
904
905
906
907
908
909
910
911
912
913
914
915
916
917
918
919
920
921
922
923
924
925
927
928
929
930
931
932
933
934
935
936
938
939
940
941
942
943
944
945
946
947
948
949
950
951
952
953
954
955
957
958
960
961
962
964
965
966
967
968
969
971
972
973
974
978
979
980
981
982
983
984
986
987
988
989
990
991
992
993
994
995
996
997
998
999
1000
1001
1002
1003
1004
1007
1010
1013
1015
1016
1017
1018
1020
1021
1022
1023
1024
1025
1027
1028
1029
1030
1031
1032
1033
1034
1035
1036
1037
1038
1039
1040
1041
1042
1043
1044
1045
1046
1047
1048
1049
1050
1051
1052
1053
1054
1055
1056
1057
1058
1060
1061
1062
1064
1065
1066
1067
1069
1071
1072
1073
1074
1075
1076
1077
1078
1079
1080
1081
1082
1083
1084
1085
1086
1087
1088
1089
1090
1091
1092
1093
1094
1095
1098
1099
1100
1101
1102
1103
1104
1105
1106
1107
1109
1110
1111
1113
1114
1116
1120
1121
1122
1123
1124
1125
1126
1127
1128
1129
1130
1132
1133
1134
1135
1136
1137
1140
1141
1142
1143
1144
1145
1146
1147
1148
1149
1150
1151
1152
1153
1154
1155
1156
1158
1159
1160
1161
1162
1163
1164
1165
1167
1168
1169
1170
1171
1172
1174
1175
1176
1177
1178
1179
1180
1181
1182
1183
1184
1185
1186
1187
1188
1189
1190
1191
1192
1193
1194
1195
1196
1197
1198
1199
1200
1201
1202
1203
1204
1205
1207
1208
1209
1210
1211
1212
1214
1216
1217
1218
1219
1220
1221
1222
1223
1224
1225
1226
1228
1229
1230
1232
1233
1235
1236
1237
1242
1244
1246
1247
1248
1249
1250
1251
1252
1253
1254
1256
1257
1258
1259
1260
1261
1263
1265
1266
1267
1268
1271
1272
1273
1274
1275
1277
1278
1279
1281
1282
1284
1285
1286
1295
1296
1298
1307
1308
1309
1310
1314
1315
1316
1317
1322
1323
1324
1325
1326
1327
1329
1330
1331
1332
1333
1334
1335
1336
1337
1338
1339
1340
1341
1342
1343
1344
1345
1346
1347
1348
1349
1350
1351
1352
1354
1355
1356
1358
1359
1361
1364
1365
1366
1367
1368
1369
1370
1371
1372
1373
1375
1376
1377
1379
1380
1382
1383
1384
1390
1391
1392
1393
1394
1396
1397
1398
1399
1400
1401
1403
1404
1405
1407
1408
1410
1418
1419
1421
1422
1424
1425
1426
1428
1429
1431
1432
1433
1442
1443
1445
1446
1447
1449
1450
1452
1453
1454
1456
1457
1459
1467
1468
1487
1489
1491
1492
1493
1494
1501
1503
1505
1506
1507
1508
1510
1517
1519
1520
1521
1522
1523
1524
1526
1527
1528
1529
1530
1531
1533
1534
1535
1536
1538
1540
1541
1542
1543
1544
1545
1546
1547
1548
1550
1551
1552
1553
1554
1555
1557
1559
1560
1561
1562
1565
1566
1567
1568
1569
1571
1572
1573
1575
1576
1578
1579
1580
1585
1587
1589
1590
1591
1592
1593
1594
1595
1596
1597
1599
1600
1601
1603
1604
1605
1606
1608
1614
1615
1617
1618
1619
1620
1621
1622
1624
1625
1626
1627
1628
1629
1631
1632
1633
1634
1636
1638
1639
1640
1641
1648
1650
1652
1653
1654
1655
1657
1664
1691
1692
1694
1695
1697
1698
1699
1701
1702
1703
1704
1706
1712
1713
1715
1716
1717
1718
1719
1720
1722
1723
1724
1725
1726
1727
1729
1730
1731
1732
1734
1736
1737
1738
1739
1740
1741
1743
1744
1746
1747
1748
1750
1751
1752
1753
1755
1761
1762
1764
1765
1766
1767
1768
1769
1771
1772
1773
1774
1775
1776
1778
1779
1780
1785
1786
1788
1789
1790
1792
1793
1795
1796
1797
1799
1800
1802
1810
1811
1813
1814
1815
1816
1818
1820
1821
1822
1827
1828
1829
1830
1832
1834
1835
1836
1837
1844
1846
1848
1849
1850
1851
1853
1860
1862
1863
1864
1865
1866
1867
1869
1870
1871
1872
1873
1874
1876
1877
1878
1879
1881
1883
1884
1885
1886
1893
1928
1930
1932
1933
1934
1935
1942
1944
1946
1947
1948
1949
1951
1958
1960
1961
1962
1963
1965
1967
1968
1969
1974
1975
1976
1977
1979
1981
1982
1983
1984
1991
1993
1995
1996
1997
1998
2000
2007
2042
2044
2045
2046
2047
2049
2056
2058
2059
2060
2061
2064
2065
2066
2067
2068
2071
2072
2073
2074
2075
2078
2079
2080
2081
2082
2085
2100
2101
2102
2103
2106
2107
2108
2109
2110
2113
2114
2115
2116
2117
2120
2121
2122
2123
2124
2127
2128
2129
2130
2131
2134
2149
2150
2151
2152
2155
2156
2157
2158
2159
2162
2163
2164
2165
2166
2169
2170
2171
2172
2173
2176
2177
2178
2179
2180
2183
2198
2199
2200
2201
2204
2205
2206
2207
2208
2211
2212
2213
2214
2215
2218
2219
2220
2221
2222
2225
2226
2227
2228
2229
2230
2231
2232
2233
2234
2236
2237
2238
2240
2241
2243
2247
2248
2249
2250
2251
2252
2253
2254
2255
2257
2258
2259
2261
2262
2264
2265
2266
2275
2276
2278
2279
2280
2282
2283
2285
2286
2287
2289
2290
2291
2292
2294
2300
2301
2303
2304
2305
2306
2307
2308
2310
2311
2312
2313
2314
2315
2317
2318
2319
2320
2322
2324
2325
2326
2327
2334
2336
2338
2339
2340
2341
2343
2350
2352
2353
2354
2355
2358
2359
2360
2361
2362
2365
2366
2367
2368
2369
2372
2373
2374
2375
2376
2377
2378
2379
2380
2381
2383
2384
2385
2387
2388
2389
2390
2392
2394
2395
2396
2397
2398
2399
2400
2401
2402
2403
2404
2405
2406
2407
2408
2409
2410
2411
2412
2413
2414
2415
2416
2417
2418
2420
2421
2422
2423
2424
2425
2426
2427
2428
2429
2430
2432
2433
2434
2436
2437
2438
2439
2441
2443
2444
2445
2446
2447
2448
2449
2450
2451
2452
2453
2454
2455
2456
2457
2458
2459
2460
2461
2462
2463
2464
2465
2466
2467
2470
2471
2472
2473
2474
2475
2476
2477
2478
2479
2481
2482
2483
2485
2486
2488
2492
2493
2494
2495
2496
2497
2498
2499
2500
2501
2502
2504
2505
2506
2507
2508
2509
2512
2513
2514
2515
2516
2518
2519
2520
2521
2522
2523
2526
2530
2532
2534
2535
2536
2537
2539
2541
2542
2543
2544
2546
2547
2548
2549
2550
2551
2552
2553
2554
2555
2556
2557
2558
2559
2560
2561
2562
2563
2564
2565
2567
2568
2569
2570
2571
2572
2573
2574
2575
2576
2577
2579
2580
2581
2583
2584
2586
2590
2591
2592
2593
2594
2595
2596
2597
2598
2600
2601
2602
2604
2605
2607
2608
2609
2614
2616
2618
2619
2620
2621
2622
2623
2625
2626
2628
2629
2630
2632
2633
2634
2635
2637
2643
2644
2646
2647
2648
2649
2650
2651
2653
2654
2655
2656
2657
2658
2660
2661
2662
2663
2665
2667
2668
2669
2670
2677
2679
2681
2682
2683
2684
2686
2693
2695
2696
2697
2698
2701
2702
2703
2704
2705
2708
2709
2710
2711
2712
2715
2716
2717
2718
2719
2720
2721
2722
2723
2724
2726
2727
2728
2730
2731
2732
2733
2735
2737
2738
2739
2740
2741
2742
2743
2744
2745
2746
2747
2748
2749
2750
2751
2752
2753
2754
2755
2756
2757
2758
2759
2760
2761
2763
2764
2765
2766
2767
2768
2769
2770
2771
2772
2773
2775
2776
2777
2779
2780
2781
2782
2784
2786
2787
2788
2789
2790
2791
2792
2793
2794
2795
2796
2797
2798
2799
2800
2801
2802
2803
2804
2805
2806
2807
2808
2809
2810
2813
2814
2815
2816
2817
2818
2819
2820
2821
2822
2824
2825
2826
2828
2829
2831
2835
2836
2837
2838
2839
2840
2841
2842
2843
2844
2845
2847
2848
2849
2850
2851
2852
2855
2856
2857
2858
2859
2862
2863
2864
2865
2866
2869
2884
2885
2886
2887
2890
2891
2892
2893
2894
2895
2896
2897
2898
2899
2900
2901
2902
2903
2904
2905
2906
2907
2908
2911
2912
2913
2914
2915
2916
2917
2918
2919
2920
2922
2923
2924
2926
2927
2929
2933
2934
2935
2936
2937
2938
2939
2940
2941
2943
2944
2945
2947
2948
2950
2951
2952
2961
2962
2964
2965
2966
2968
2969
2971
2972
2973
2975
2976
2978
2986
2987
2989
2990
2992
2993
2994
2996
2997
2999
3000
3001
3010
3011
3013
3038
3039
3040
3041
3044
3045
3046
3047
3048
3051
3052
3053
3054
3055
3058
3059
3060
3061
3062
3063
3064
3065
3066
3067
3069
3070
3071
3073
3074
3076
3080
3081
3082
3083
3084
3085
3086
3087
3088
3089
3090
3092
3093
3094
3095
3096
3097
3100
3101
3102
3103
3104
3106
3107
3108
3109
3110
3111
3114
3118
3120
3122
3123
3124
3125
3127
3129
3130
3131
3132
3134
3135
3136
3137
3138
3139
3141
3142
3143
3144
3145
3146
3149
3150
3151
3152
3153
3156
3157
3158
3159
3160
3163
3178
3179
3180
3181
3184
3185
3186
3187
3188
3190
3191
3192
3193
3194
3195
3198
3199
3200
3201
3202
3205
3206
3207
3208
3209
3212
3227
3228
3229
3230
3233
3234
3235
3236
3237
3240
3241
3242
3243
3244
3247
3248
3249
3250
3251
3254
3255
3256
3257
3258
3261
3276
3277
3278
3279
3282
3381
3382
3383
3384
3387
3388
3389
3390
3391
3394
3395
3396
3397
3398
3401
3402
3403
3404
3405
3408
3423
3424
3425
3426
3429
3430
3431
3432
3433
3434
3435
3436
3437
3438
3439
3440
3441
3442
3443
3444
3445
3446
3447
3450
3451
3452
3453
3454
3455
3456
3457
3458
3459
3461
3462
3463
3465
3466
3468
3472
3473
3474
3475
3476
3477
3478
3479
3480
3481
3482
3483
3484
3485
3486
3487
3488
3489
3490
3491
3492
3493
3494
3495
3496
3499
3500
3501
3502
3503
3504
3505
3506
3507
3508
3510
3511
3512
3514
3515
3517
3521
3522
3523
3524
3525
3526
3527
3528
3529
3530
3531
3534
3535
3536
3537
3538
3541
3542
3543
3544
3545
3548
3549
3550
3551
3552
3555
3570
3571
3572
3573
3576
3577
3578
3579
3580
3581
3582
3583
3584
3585
3586
3587
3588
3589
3590
3591
3592
3593
3594
3597
3598
3599
3600
3601
3602
3603
3604
3605
3606
3608
3609
3610
3612
3613
3615
3619
3620
3621
3622
3623
3624
3625
3626
3627
3629
3630
3631
3633
3634
3636
3637
3638
3647
3648
3650
3651
3652
3654
3655
3657
3658
3659
3661
3662
3664
3672
3673
3675
3676
3678
3679
3680
3682
3683
3685
3686
3687
3696
3697
3699
3724
3725
3726
3727
3730
3731
3732
3733
3734
3737
3738
3739
3740
3741
3744
3745
3746
3747
3748
3749
3750
3751
3752
3753
3755
3756
3757
3759
3760
3762
3766
3767
3768
3769
3770
3771
3772
3773
3774
3776
3777
3778
3780
3781
3783
3784
3785
3794
3795
3797
3798
3799
3801
3802
3804
3805
3806
3808
3809
3811
3819
3820
3822
3823
3825
3826
3827
3829
3830
3832
3833
3834
3843
3844
3846
3847
3848
3850
3851
3853
3854
3855
3857
3858
3860
3868
3869
3920
3921
3923
3924
3925
3927
3928
3930
3931
3932
3941
3942
3944
3945
3946
3948
3949
3951
3952
3953
3955
3956
3958
3966
3967
3969
3970
3972
3973
3974
3976
3977
3979
3980
3981
3990
3991
3993
3994
3995
3997
3998
4000
4001
4002
4004
4005
4007
4015
4016
4018
4019
4021
4022
4023
4025
4026
4028
4029
4030
4039
4040
4042
4092
4093
4095
4096
4098
4099
4100
4102
4103
4105
4113
4114
4116
4117
4119
4120
4121
4123
4124
4126
4127
4128
4137
4138
4140
4141
4142
4144
4145
4147
4148
4149
4151
4152
4154
4162
4163
4165
4166
4168
4169
4170
4172
4173
4175
4176
4177
4186
4187
4189
4190
4191
4193
4194
4196
4197
4198
4200
4201
4203
4211
4212
4263
4264
4266
4267
4268
4270
4271
4273
4274
4275
4284
4285
4287
4459
4460
4461
4462
4465
4466
4467
4468
4469
4472
4473
4474
4475
4476
4479
4480
4481
4482
4483
4486
4501
4502
4503
4504
4507
4508
4509
4510
4511
4514
4515
4516
4517
4518
4521
4522
4523
4524
4525
4528
4529
4530
4531
4532
4535
4550
4551
4552
4553
4556
4557
4558
4559
4560
4563
4564
4565
4566
4567
4570
4571
4572
4573
4574
4577
4578
4579
4580
4581
4584
4599
4600
4601
4602
4605
4606
4607
4608
4609
4612
4613
4614
4615
4616
4619
4620
4621
4622
4623
4626
4627
4628
4629
4630
4631
4632
4633
4634
4635
4637
4638
4639
4641
4642
4644
4648
4649
4650
4651
4652
4653
4654
4655
4656
4658
4659
4660
4662
4663
4665
4666
4667
4676
4677
4679
4680
4681
4683
4684
4686
4687
4688
4690
4691
4693
4701
4702
4704
4705
4707
4708
4709
4711
4712
4714
4715
4716
4725
4726
4728
4753
4754
4755
4756
4759
4760
4761
4762
4763
4766
4767
4768
4769
4770
4773
4774
4775
4776
4777
4778
4779
4780
4781
4782
4784
4785
4786
4788
4789
4791
4795
4796
4797
4798
4799
4800
4801
4802
4803
4804
4805
4808
4809
4810
4811
4812
4815
4816
4817
4818
4819
4822
4823
4824
4825
4826
4829
4844
4845
4846
4847
4850
4851
4852
4853
4854
4857
4858
4859
4860
4861
4864
4865
4866
4867
4868
4871
4872
4873
4874
4875
4878
4893
4894
4895
4896
4899
4900
4901
4902
4903
4906
4907
4908
4909
4910
4913
4914
4915
4916
4917
4920
4921
4922
4923
4924
4927
4942
4943
4944
4945
4948
4949
4950
4951
4952
4955
4956
4957
4958
4959
4962
4963
4964
4965
4966
4969
4970
4971
4972
4973
4976
4991
4992
4993
4994
4997
5096
5097
5098
5099
5102
5103
5104
5105
5106
5109
5110
5111
5112
5113
5116
5117
5118
5119
5120
5123
5138
5139
5140
5141
5144
5145
5146
5147
5148
5151
5152
5153
5154
5155
5158
5159
5160
5161
5162
5165
5166
5167
5168
5169
5172
5187
5188
5189
5190
5193
5194
5195
5196
5197
5200
5201
5202
5203
5204
5207
5208
5209
5210
5211
5214
5215
5216
5217
5218
5221
5236
5237
5238
5239
5242
5243
5244
5245
5246
5249
5250
5251
5252
5253
5256
5257
5258
5259
5260
5263
5264
5265
5266
5267
5270
5285
5286
5287
5288
5291
5292
5293
5294
5295
5298
5299
5300
5301
5302
5305
5306
5307
5308
5309
5312
5313
5314
5315
5316
5319
5334
5335
5336
5337
5340
5439
5440
5441
5442
5445
5446
5447
5448
5449
5452
5453
5454
5455
5456
5459
5460
5461
5462
5463
5466
5481
5482
5483
5484
5487
5488
5489
5490
5491
5494
5495
5496
5497
5498
5501
5502
5503
5504
5505
5508
5509
5510
5511
5512
5515
5530
5531
5532
5533
5536
5537
5538
5539
5540
5543
5544
5545
5546
5547
5550
5551
5552
5553
5554
5557
5558
5559
5560
5561
5564
5579
5580
5581
5582
5585
5586
5587
5588
5589
5592
5593
5594
5595
5596
5599
5600
5601
5602
5603
5606
5607
5608
5609
5610
5613
5628
5629
5630
5631
5634
5635
5636
5637
5638
5641
5642
5643
5644
5645
5648
5649
5650
5651
5652
5655
5656
5657
5658
5659
5662
5677
5678
5679
5680
5683
5782
5783
5784
5785
5788
5789
5790
5791
5792
5795
5796
5797
5798
5799
5802
5803
5804
5805
5806
5809
5824
5825
5826
5827
5830
5831
5832
5833
5834
5837
5838
5839
5840
5841
5844
5845
5846
5847
5848
5851
5852
5853
5854
5855
5858
5873
5874
5875
5876
5879
5880
5881
5882
5883
5886
5887
5888
5889
5890
5893
5894
5895
5896
5897
5900
5901
5902
5903
5904
5907
5922
5923
5924
5925
5928
5929
5930
5931
5932
5935
5936
5937
5938
5939
5942
5943
5944
5945
5946
5949
5950
5951
5952
5953
5956
5971
5972
5973
5974
5977
5978
5979
5980
5981
5984
5985
5986
5987
5988
5991
5992
5993
5994
5995
5998
5999
6000
6001
6002
6005
6020
6021
6022
6023
6026
6125
6126
6127
6128
6131
6132
6133
6134
6135
6138
6139
6140
6141
6142
6145
6146
6147
6148
6149
6152
6167
6168
6169
6170
6173
6860
6861
6862
6863
6866
6867
6868
6869
6870
6873
6874
6875
6876
6877
6880
6881
6882
6883
6884
6887
6902
6903
6904
6905
6908
6909
6910
6911
6912
6915
6916
6917
6918
6919
6922
6923
6924
6925
6926
6929
6930
6931
6932
6933
6936
6951
6952
6953
6954
6957
6958
6959
6960
6961
6964
6965
6966
6967
6968
6971
6972
6973
6974
6975
6978
6979
6980
6981
6982
6985
7000
7001
7002
7003
7006
7007
7008
7009
7010
7013
7014
7015
7016
7017
7020
7021
7022
7023
7024
7027
7028
7029
7030
7031
7034
7049
7050
7051
7052
7055
7154
7155
7156
7157
7160
7161
7162
7163
7164
7167
7168
7169
7170
7171
7174
7175
7176
7177
7178
7181
7196
7197
7198
7199
7202
7203
7204
7205
7206
7209
7210
7211
7212
7213
7216
7217
7218
7219
7220
7223
7224
7225
7226
7227
7230
7245
7246
7247
7248
7251
7252
7253
7254
7255
7258
7259
7260
7261
7262
7265
7266
7267
7268
7269
7272
7273
7274
7275
7276
7279
7294
7295
7296
7297
7300
7301
7302
7303
7304
7307
7308
7309
7310
7311
7314
7315
7316
7317
7318
7321
7322
7323
7324
7325
7328
7343
7344
7345
7346
7349
7350
7351
7352
7353
7356
7357
7358
7359
7360
7363
7364
7365
7366
7367
7370
7371
7372
7373
7374
7377
7392
7393
7394
7395
7398
7497
7498
7499
7500
7503
7504
7505
7506
7507
7510
7511
7512
7513
7514
7517
7518
7519
7520
7521
7524
7539
7540
7541
7542
7545
7546
7547
7548
7549
7552
7553
7554
7555
7556
7559
7560
7561
7562
7563
7566
7567
7568
7569
7570
7573
7588
7589
7590
7591
7594
7595
7596
7597
7598
7601
7602
7603
7604
7605
7608
7609
7610
7611
7612
7615
7616
7617
7618
7619
7622
7637
7638
7639
7640
7643
7644
7645
7646
7647
7650
7651
7652
7653
7654
7657
7658
7659
7660
7661
7664
7665
7666
7667
7668
7671
7686
7687
7688
7689
7692
7693
7694
7695
7696
7699
7700
7701
7702
7703
7706
7707
7708
7709
7710
7713
7714
7715
7716
7717
7720
7735
7736
7737
7738
7741
7840
7841
7842
7843
7846
7847
7848
7849
7850
7853
7854
7855
7856
7857
7860
7861
7862
7863
7864
7867
7882
7883
7884
7885
7888
7889
7890
7891
7892
7895
7896
7897
7898
7899
7902
7903
7904
7905
7906
7909
7910
7911
7912
7913
7916
7931
7932
7933
7934
7937
7938
7939
7940
7941
7944
7945
7946
7947
7948
7951
7952
7953
7954
7955
7958
7959
7960
7961
7962
7965
7980
7981
7982
7983
7986
7987
7988
7989
7990
7993
7994
7995
7996
7997
8000
8001
8002
8003
8004
8007
8008
8009
8010
8011
8014
8029
8030
8031
8032
8035
8036
8037
8038
8039
8042
8043
8044
8045
8046
8049
8050
8051
8052
8053
8056
8057
8058
8059
8060
8063
8078
8079
8080
8081
8084
8183
8184
8185
8186
8189
8190
8191
8192
8193
8196
8197
8198
8199
8200
8203
8204
8205
8206
8207
8210
8225
8226
8227
8228
8231
8232
8233
8234
8235
8238
8239
8240
8241
8242
8245
8246
8247
8248
8249
8252
8253
8254
8255
8256
8259
8274
8275
8276
8277
8280
8281
8282
8283
8284
8287
8288
8289
8290
8291
8294
8295
8296
8297
8298
8301
8302
8303
8304
8305
8308
8323
8324
8325
8326
8329
8330
8331
8332
8333
8336
8337
8338
8339
8340
8343
8344
8345
8346
8347
8350
8351
8352
8353
8354
8357
8372
8373
8374
8375
8378
8379
8380
8381
8382
8385
8386
8387
8388
8389
8392
8393
8394
8395
8396
8399
8400
8401
8402
8403
8406
8421
8422
8423
8424
8427
8526
8527
8528
8529
8532
8533
8534
8535
8536
8539
8540
8541
8542
8543
8546
8547
8548
8549
8550
8553
8568
8569
8570
8571
8574
9261
9262
9263
9264
9267
9268
9269
9270
9271
9274
9275
9276
9277
9278
9281
9282
9283
9284
9285
9288
9303
9304
9305
9306
9309
9310
9311
9312
9313
9316
9317
9318
9319
9320
9323
9324
9325
9326
9327
9330
9331
9332
9333
9334
9337
9352
9353
9354
9355
9358
9359
9360
9361
9362
9365
9366
9367
9368
9369
9372
9373
9374
9375
9376
9379
9380
9381
9382
9383
9386
9401
9402
9403
9404
9407
9408
9409
9410
9411
9414
9415
9416
9417
9418
9421
9422
9423
9424
9425
9428
9429
9430
9431
9432
9435
9450
9451
9452
9453
9456
9555
9556
9557
9558
9561
9562
9563
9564
9565
9568
9569
9570
9571
9572
9575
9576
9577
9578
9579
9582
9597
9598
9599
9600
9603
