2
4
7
8
9
11
14
15
16
18
22
23
25
28
29
30
32
36
37
39
43
44
46
49
50
51
53
56
57
58
60
63
64
65
67
71
72
74
77
78
79
81
85
86
88
92
93
98
99
100
102
105
106
107
109
112
113
114
116
126
127
128
130
135
137
142
172
175
176
177
179
184
186
191
196
197
198
200
203
204
205
207
210
211
212
214
221
224
225
226
228
235
270
273
274
275
277
284
343
344
345
347
350
351
352
354
357
358
359
361
368
371
372
373
375
382
392
393
394
396
399
400
401
403
406
407
408
410
420
421
422
424
441
442
443
445
448
449
450
452
455
456
457
459
469
470
471
473
539
540
541
543
546
547
548
550
553
554
555
557
567
568
569
571
686
687
688
690
693
694
695
697
700
701
702
704
714
715
716
718
735
736
737
739
742
743
744
746
749
750
751
753
763
764
765
767
784
785
786
788
791
792
793
795
798
799
800
802
812
813
814
816
882
883
884
886
889
890
891
893
896
897
898
900
910
911
912
914
