2
4
5
6
7
8
9
10
11
12
13
14
15
16
22
23
25
26
27
28
29
30
31
32
33
34
35
36
37
38
39
40
41
42
43
44
45
46
47
48
49
50
51
52
53
54
55
56
57
58
59
60
61
62
63
64
65
66
67
68
69
70
71
72
73
74
75
76
77
78
79
82
83
84
85
86
88
89
90
91
92
93
96
97
98
99
100
102
105
106
107
111
112
113
114
148
151
152
153
154
155
157
158
159
161
162
169
170
172
174
175
176
177
179
180
181
182
183
184
186
187
188
189
190
193
195
196
197
198
200
202
203
204
206
208
209
210
211
212
213
215
217
219
220
221
222
223
224
225
227
228
229
230
231
232
234
236
237
238
239
240
241
243
244
245
246
247
248
251
252
253
254
255
256
258
259
260
262
264
265
266
267
268
269
270
272
273
274
275
276
278
279
281
283
285
286
287
291
294
295
296
297
298
299
300
301
302
303
305
306
307
308
309
310
312
313
314
315
316
317
318
322
323
324
325
326
327
328
329
330
332
333
335
336
337
338
339
340
342
343
344
345
346
347
348
349
350
351
352
353
354
355
356
357
358
359
361
362
363
364
365
366
367
368
369
370
371
372
373
375
377
378
379
380
381
383
384
385
386
387
388
390
391
392
393
394
395
396
397
398
399
400
401
402
404
406
407
408
413
414
416
418
419
420
424
425
426
427
428
431
433
434
435
439
440
441
442
443
444
446
447
448
449
450
452
454
455
456
457
459
460
461
465
468
469
470
471
475
476
479
482
483
484
488
490
491
493
496
497
498
499
502
503
504
505
509
510
511
516
517
520
523
524
525
526
531
532
533
534
535
538
539
540
542
546
551
552
555
558
559
565
566
572
574
575
578
586
588
589
591
594
595
596
600
602
610
616
617
630
631
637
638
643
644
645
651
667
671
672
686
687
688
693
694
695
700
701
702
735
736
737
742
743
744
749
750
751
762
784
785
786
791
792
793
798
799
800
1051
1054
1057
1072
1075
1078
1079
1100
1119
1121
1125
1126
1127
1128
1133
1150
1156
1170
1201
1204
1205
1208
1222
1225
1226
1229
1232
1233
1247
1250
1253
1254
1257
1258
1260
1277
1279
1280
1281
1282
1288
1289
1298
1304
1309
1310
1311
1315
1316
1328
1330
1331
1338
1339
1351
1357
1364
1365
1371
1372
1373
1376
1379
1380
1385
1394
1397
1400
1401
1404
1410
1413
1414
1421
1422
1425
1428
1429
1436
1443
1444
1455
1459
1461
1462
1464
1466
1467
1468
1470
1471
1476
1488
1492
1493
1499
1510
1511
1519
1520
1522
1525
1529
1530
1532
1544
1547
1548
1550
1551
1568
1569
1572
1575
1576
1581
1583
1586
1593
1596
1597
1600
1606
1608
1615
1617
1618
1622
1623
1624
1625
1632
1633
1634
1637
1638
1639
1641
1646
1650
1652
1655
1658
1659
1666
1667
1671
1674
1681
1682
1689
1693
1695
1700
1701
1702
1707
1708
1714
1715
1716
1720
1722
1726
1730
1731
1733
1736
1738
1744
1745
1757
1758
1761
1764
1765
1771
1772
1775
1779
1798
1802
1804
1805
1806
1807
1809
1810
1811
1812
1819
1820
1830
1831
1833
1834
1835
1837
1839
1840
1842
1846
1848
1849
1850
1853
1855
1856
1858
1859
1861
1862
1863
1866
1869
1870
1873
1875
1879
1880
1881
1882
1883
1884
1886
1903
1904
1908
1909
1911
1912
1914
1918
1924
1926
1931
1933
1942
1946
1947
1949
1950
1957
1968
1975
1976
1977
1978
1980
1981
1982
1984
1987
1998
2009
2010
2012
2017
2019
2024
2027
2036
2038
2045
2058
2059
2064
2065
2066
2070
2071
2073
2078
2091
2092
2099
2100
2101
2102
2106
2107
2108
2109
2112
2113
2114
2115
2119
2130
2133
2134
2135
2136
2137
2140
2141
2142
2143
2144
2146
2149
2150
2151
2154
2155
2156
2157
2158
2163
2164
2165
2170
2174
2176
2178
2179
2182
2184
2185
2189
2191
2192
2193
2194
2195
2198
2199
2200
2204
2212
2213
2214
2216
2218
2219
2220
2223
2224
2225
2226
2229
2234
2236
2246
2251
2254
2255
2261
2265
2275
2282
2283
2285
2286
2300
2306
2310
2311
2316
2318
2321
2322
2323
2327
2332
2336
2352
2353
2358
2359
2360
2364
2365
2367
2371
2372
2379
2394
2395
2400
2401
2402
2403
2405
2407
2408
2409
2410
2411
2412
2413
2414
2415
2416
2417
2426
2429
2430
2432
2433
2434
2435
2437
2439
2440
2442
2443
2444
2445
2447
2449
2450
2451
2452
2453
2454
2455
2456
2457
2458
2459
2460
2462
2463
2464
2465
2466
2468
2469
2470
2471
2473
2476
2477
2478
2479
2480
2483
2484
2485
2486
2487
2489
2491
2492
2493
2494
2497
2499
2500
2501
2502
2506
2507
2508
2513
2514
2515
2519
2522
2529
2533
2537
2542
2548
2549
2554
2555
2561
2573
2576
2577
2580
2584
2588
2590
2595
2596
2597
2598
2601
2602
2604
2605
2622
2623
2625
2626
2629
2635
2639
2644
2646
2647
2654
2659
2661
2663
2665
2666
2667
2668
2670
2673
2684
2688
2689
2695
2696
2701
2702
2703
2707
2708
2709
2710
2714
2715
2737
2738
2743
2744
2745
2746
2748
2750
2751
2752
2753
2756
2757
2758
2759
2760
2765
2769
2772
2773
2776
2779
2782
2785
2786
2787
2788
2792
2793
2794
2795
2796
2797
2799
2800
2801
2802
2803
2805
2807
2808
2809
2814
2815
2819
2820
2826
2828
2829
2842
2843
2844
2845
2849
2850
2851
2852
2853
2856
2857
2858
2869
2872
2885
2891
2892
2897
2898
2902
2909
2917
2918
2922
2923
2924
2925
2926
2927
2929
2930
2932
2933
2934
2935
2939
2953
2959
2960
2966
2967
2973
2975
2976
2987
2989
2990
2995
2996
2997
3001
3031
3032
3038
3039
3044
3045
3069
3070
3073
3076
3080
3081
3086
3087
3088
3089
3094
3095
3096
3101
3102
3103
3108
3122
3128
3129
3130
3135
3136
3137
3138
3141
3143
3144
3145
3150
3151
3152
3163
3166
3172
3185
3186
3187
3192
3193
3194
3199
3200
3201
3212
3215
3261
3268
3271
3275
3276
3277
3278
3282
3289
3297
3310
3330
3332
3333
3411
3415
3460
3466
3467
3471
3472
3555
3603
3604
3610
3611
3612
3613
3618
3619
3620
3621
3625
3639
3645
3646
3652
3653
3659
3660
3661
3662
3667
3668
3669
3670
3674
3675
3676
3681
3682
3683
3687
3709
3716
3717
3718
3719
3723
3724
3725
3726
3731
3732
3733
3738
3739
3740
3758
3765
3766
3767
3768
3772
3864
3865
3870
3897
3898
3904
3906
3907
3913
3914
3919
3933
3939
3940
3946
3947
3953
3954
3955
3956
3961
3962
3963
3964
3968
3982
3988
3989
3995
3996
4002
4004
4005
4018
4019
4024
4025
4026
4030
4116
4117
4122
4123
4124
4128
4158
4159
4164
4165
4166
4171
4172
4173
4177
4191
4198
4200
4201
4802
4803
4804
4809
4810
4811
4816
4817
4818
4851
4852
4853
4858
4859
4860
4865
4866
4867
4878
4900
4901
4902
4907
4908
4909
4914
4915
4916
5145
5146
5147
5152
5153
5154
5159
5160
5161
5194
5195
5196
5201
5202
5203
5208
5209
5210
5221
5243
5244
5245
5250
5251
5252
5257
5258
5259
5270
5319
5326
5333
5334
5335
5336
5340
5368
5488
5489
5490
5495
5496
5497
5502
5503
5504
5537
5538
5539
5544
5545
5546
5551
5552
5553
5564
5586
5587
5588
5593
5594
5595
5600
5601
5602
8404
8407
8408
8411
8428
8429
8432
8435
8436
8453
8456
8457
8460
8575
8576
8579
8582
8583
8600
8603
8604
8607
8613
8624
8625
8628
8631
8632
8662
8669
8670
8747
8750
8751
8754
8771
8772
8775
8778
8779
8796
8799
8800
8803
9604
9605
9608
9611
9612
9629
9632
9633
9636
9642
9653
9654
9657
9660
9661
9776
9779
9780
9783
9800
9801
9804
9807
9808
9825
9828
9829
9832
9838
9866
9870
9871
9873
9887
9947
9948
9951
9954
9955
9972
9975
9976
9979
9985
9996
9997
10000
10003
10004
10034
10041
10042
10181
10209
10213
10214
10216
10230
10237
10238
10258
10262
10263
10265
10266
10269
10270
10273
10286
10287
10377
10384
10385
10805
10808
10809
10812
10829
10830
10833
10836
10837
10854
10857
10858
10861
10976
10977
10980
10983
10984
11001
11004
11005
11008
11014
11025
11026
11029
11032
11033
11063
11070
11071
11148
11151
11152
11155
11172
11173
11176
11179
11180
11197
11200
11201
11204
11210
11238
11242
11243
11245
11259
11406
11413
11414
11434
11438
11439
11441
11462
11463
11466
11467
11470
11473
11474
11483
11487
11488
11490
11553
11581
11585
11586
11588
11602
12435
12442
12443
12582
12606
12610
12612
12613
12614
12615
12617
12631
12638
12639
12642
12643
12648
12649
12650
12654
12655
12659
12661
12662
12663
12664
12666
12667
12670
12671
12674
12684
12685
12687
12688
12690
12778
12785
12786
12806
12810
12811
12813
12834
12835
12838
12839
12842
12845
12846
12855
12859
12860
12862
12864
12871
12873
12874
12900
12906
12907
12913
12920
12922
12923
12936
12937
12942
12943
12944
12948
12949
12955
12956
12981
12982
12985
12986
12991
12992
12993
12997
12998
13002
13004
13005
13006
13007
13009
13010
13013
13014
13017
13027
13028
13030
13031
13033
13034
13035
13038
13041
13042
13059
13062
13063
13066
13072
13083
13084
13087
13090
13091
13125
13126
13131
13149
13153
13154
13156
13158
13165
13167
13168
13174
13175
13177
13178
13180
13181
13182
13185
13188
13189
13194
13198
13200
13201
13202
13203
13205
13611
13639
13643
13644
13646
13660
13807
13814
13815
13835
13839
13840
13842
13863
13864
13867
13868
13871
13874
13875
13884
13888
13889
13891
13954
13982
13986
13987
13989
14003
14406
14407
14412
14413
14414
14418
14448
14449
14454
14455
14456
14461
14462
14463
14467
14481
14488
14490
14491
14664
14670
14671
14700
14701
14706
14707
14708
14712
14713
14719
14720
14742
14743
14748
14749
14750
14755
14756
14757
14761
14791
14792
14797
14798
14799
14804
14805
14806
14810
14824
14831
14833
14834
14922
14929
14931
14932
14958
14964
14965
14971
14978
14980
14981
14994
14995
15000
15001
15002
15006
15007
15013
15014
15043
15044
15049
15050
15051
15055
15056
15062
15063
15085
15086
15091
15265
15272
15274
15275
15301
15307
15308
15314
15321
15323
15324
15337
15338
15343
15344
15345
15349
15350
15356
15357
15386
15387
15392
15393
15394
15398
15399
15405
15406
15428
15429
15434
15526
15527
15532
15559
15566
15568
15569
15575
15576
15581
15595
15601
15602
16212
16213
16218
16245
16252
16254
16255
16261
16262
16267
16281
16287
16288
16464
16465
16470
16471
16472
16476
16506
16507
16512
16513
16514
16519
16520
16521
16525
16539
16546
16548
16549
16555
16556
16561
16588
16595
16597
16598
16604
16605
16610
16624
16630
16631
16722
16728
16729
16758
16759
16764
16765
16766
16770
16771
16777
16778
16800
16801
16806
16807
16808
16809
16813
16814
16815
16816
16819
16821
16822
16823
16849
16850
16855
16856
16857
16858
16862
16863
16864
16865
16868
16870
16871
16872
16882
16883
16889
16891
16892
16905
16906
16907
16912
16913
16914
16919
16920
16921
17065
17071
17072
17101
17102
17107
17108
17109
17113
17114
17120
17121
17143
17144
17149
17150
17151
17152
17156
17157
17158
17159
17162
17164
17165
17166
17192
17193
17198
17199
17200
17201
17205
17206
17207
17208
17211
17213
17214
17215
17225
17226
17232
17234
17235
17248
17249
17250
17255
17256
17257
17262
17263
17264
17275
17323
17324
17330
17331
17332
17333
17338
17339
17340
17341
17345
17359
17365
17366
17372
17373
17379
17381
17382
17395
17396
17401
17402
17403
17407
17493
17494
17495
17500
17501
17502
17507
17508
17509
17542
17543
17544
17549
17550
17551
17556
17557
17558
17569
17591
17592
17593
17598
17599
17600
17605
17606
17607
18613
18614
18619
18646
18653
18655
18656
18662
18663
18668
18682
18688
18689
18865
18866
18871
18872
18873
18877
18907
18908
18913
18914
18915
18920
18921
18922
18926
18940
18947
18949
18950
18956
18957
18962
18989
18996
18998
18999
19005
19006
19011
19025
19031
19032
19123
19129
19130
19159
19160
19165
19166
19167
19171
19172
19178
19179
19201
19202
19207
19208
19209
19210
19214
19215
19216
19217
19220
19222
19223
19224
19250
19251
19256
19257
19258
19259
19263
19264
19265
19266
19269
19271
19272
19273
19283
19284
19290
19292
19293
19306
19307
19308
19313
19314
19315
19320
19321
19322
19466
19472
19473
19502
19503
19508
19509
19510
19514
19515
19521
19522
19544
19545
19550
19551
19552
19553
19557
19558
19559
19560
19563
19565
19566
19567
19593
19594
19599
19600
19601
19602
19606
19607
19608
19609
19612
19614
19615
19616
19626
19627
19633
19635
19636
19649
19650
19651
19656
19657
19658
19663
19664
19665
19676
19724
19725
19731
19732
19733
19734
19739
19740
19741
19742
19746
19760
19766
19767
19773
19774
19780
19782
19783
19796
19797
19802
19803
19804
19808
19894
19895
19896
19901
19902
19903
19908
19909
19910
19943
19944
19945
19950
19951
19952
19957
19958
19959
19970
19992
19993
19994
19999
20000
20001
20006
20007
20008
20019
20068
20075
20082
20083
20084
20085
20089
20117
20362
20410
20411
20417
20418
20419
20420
20425
20426
20427
20428
20432
20446
20452
20453
20459
20460
20466
20467
20468
20469
20474
20475
20476
20477
20481
20482
20483
20488
20489
20490
20494
20516
20523
20524
20525
20526
20530
20531
20532
20533
20538
20539
20540
20545
20546
20547
20565
20572
20573
20574
20575
20579
20671
20672
20677
20704
20705
20711
20713
20714
20720
20721
20726
20740
20746
20747
20753
20754
20760
20761
20762
20763
20768
20769
20770
20771
20775
20789
20795
20796
20802
20803
20809
20811
20812
20825
20826
20831
20832
20833
20837
20923
20924
20929
20930
20931
20935
20965
20966
20971
20972
20973
20978
20979
20980
20984
20998
21005
21007
21008
21609
21610
21611
21616
21617
21618
21623
21624
21625
21658
21659
21660
21665
21666
21667
21672
21673
21674
21685
21707
21708
21709
21714
21715
21716
21721
21722
21723
21952
21953
21954
21959
21960
21961
21966
21967
21968
22001
22002
22003
22008
22009
22010
22015
22016
22017
22028
22050
22051
22052
22057
22058
22059
22064
22065
22066
22077
22126
22133
22140
22141
22142
22143
22147
22175
22295
22296
22297
22302
22303
22304
22309
22310
22311
22344
22345
22346
22351
22352
22353
22358
22359
22360
22371
22393
22394
22395
22400
22401
22402
22407
22408
22409
22420
22469
22476
22483
22484
22485
22486
22490
22518
22763
22812
22819
22826
22827
22828
22829
22833
22861
22868
22875
22876
22877
22878
22882
22917
22924
22925
22926
22927
22931
22932
22933
22934
22939
22940
22941
22946
22947
22948
22966
22973
22974
22975
22976
22980
23106
23155
23162
23169
23170
23171
23172
23176
23204
24821
24870
24877
24884
24885
24886
24887
24891
24919
25164
25213
25220
25227
25228
25229
25230
25234
25262
25269
25276
25277
25278
25279
25283
25318
25325
25326
25327
25328
25332
25333
25334
25335
25340
25341
25342
25347
25348
25349
25367
25374
25375
25376
25377
25381
25507
25556
25563
25570
25571
25572
25573
25577
25605
25612
25619
25620
25621
25622
25626
25661
25668
25669
25670
25671
25675
25676
25677
25678
25683
25684
25685
25690
25691
25692
25710
25717
25718
25719
25720
25724
25955
25962
25963
25964
25965
25969
26004
26011
26012
26013
26014
26018
26019
26020
26021
26026
26027
26028
26033
26034
26035
26053
26060
26061
26062
26063
26067
26068
26069
26070
26075
26076
26077
26082
26083
26084
26117
26118
26119
26124
26125
26126
26131
26132
26133
26144
26166
26167
26168
26173
26174
26175
26180
26181
26182
26298
26305
26306
26307
26308
26312
26347
26354
26355
26356
26357
26361
26362
26363
26364
26369
26370
26371
26376
26377
26378
26396
26403
26404
26405
26406
26410
27222
27271
27278
27285
27286
27287
27288
27292
27320
27565
27614
27621
27628
27629
27630
27631
27635
27663
27670
27677
27678
27679
27680
27684
27719
27726
27727
27728
27729
27733
27734
27735
27736
27741
27742
27743
27748
27749
27750
27768
27775
27776
27777
27778
27782
27908
27957
27964
27971
27972
27973
27974
27978
28006
