2
4
5
6
7
8
9
10
11
12
13
14
15
19
20
22
23
25
27
28
29
31
32
34
35
36
38
40
41
42
43
45
46
48
49
50
51
53
55
56
57
58
59
60
61
62
66
69
70
71
73
75
77
78
81
82
83
84
85
86
89
90
91
92
93
95
97
98
99
100
105
106
108
110
111
135
138
142
161
162
170
196
197
200
202
203
204
207
209
224
225
228
230
238
239
242
244
294
295
298
300
301
302
305
307
322
323
326
328
336
337
340
342
343
344
347
349
350
351
354
356
371
372
375
377
385
386
389
391
392
393
396
398
399
400
403
405
420
421
424
426
434
435
438
440
539
540
543
545
546
547
550
552
567
568
571
573
581
582
585
587
637
638
641
643
644
645
648
650
665
666
669
671
679
680
683
685
