2
3
4
5
6
7
8
9
10
11
12
13
14
15
16
17
18
19
20
21
22
23
24
25
26
27
28
29
30
31
32
33
34
35
36
37
38
39
40
41
42
43
44
45
46
47
48
49
50
51
52
53
54
55
56
57
58
59
60
61
62
63
64
65
66
67
68
69
70
71
72
73
75
76
77
78
79
80
81
82
83
84
85
86
87
88
89
90
91
92
93
96
97
98
99
100
103
104
105
106
107
108
109
110
111
112
113
114
117
118
119
120
121
123
124
125
126
127
129
130
131
132
133
134
135
136
137
138
139
140
141
142
143
144
145
146
147
148
150
151
153
154
155
156
157
158
160
161
162
163
164
165
166
167
168
169
171
172
174
175
176
178
179
181
188
189
190
192
193
195
196
197
199
200
202
203
204
206
214
216
217
218
220
221
223
224
225
227
228
230
238
239
241
242
244
245
246
247
250
251
252
253
254
257
258
259
260
261
264
265
280
281
282
285
286
287
288
289
292
293
294
295
296
297
298
299
300
301
302
303
304
306
307
308
309
310
312
313
314
315
316
318
319
321
322
323
325
326
328
329
330
331
334
335
336
337
338
339
340
341
342
343
344
345
346
347
348
349
350
351
352
353
355
356
357
358
359
361
362
363
364
365
367
368
370
371
372
374
375
377
378
379
380
383
384
385
386
387
388
389
390
391
392
393
394
395
396
397
398
399
400
401
402
404
405
406
407
408
410
411
412
413
414
416
427
428
429
432
433
434
435
436
439
440
441
442
443
446
447
448
449
450
453
454
455
456
457
460
461
466
468
469
470
472
473
475
476
477
478
481
482
483
484
485
486
487
488
489
490
491
493
494
496
497
498
500
588
589
590
593
594
595
596
597
600
601
602
603
604
607
608
623
624
625
628
629
630
631
632
635
636
637
638
639
642
643
644
645
646
649
650
651
652
653
656
657
672
673
674
677
678
679
680
681
684
685
686
687
688
691
692
693
694
695
698
699
700
701
702
705
706
721
722
723
726
727
728
729
730
733
734
735
736
737
740
741
742
743
744
747
748
749
750
751
754
755
770
771
772
775
776
777
778
779
782
783
784
785
786
789
790
791
792
793
796
797
798
799
800
803
804
819
820
821
824
825
826
827
828
831
832
931
932
933
936
937
938
939
940
943
944
945
946
947
950
951
966
967
968
971
972
973
974
975
978
979
980
981
982
985
986
987
988
989
992
993
994
995
996
999
1000
