2
3
4
5
7
8
9
10
11
12
14
15
16
17
18
19
21
22
23
24
25
26
28
29
30
31
32
33
35
36
37
38
39
40
43
44
45
46
47
49
50
51
52
53
54
56
57
58
59
60
61
63
64
65
66
67
68
70
71
72
73
74
75
77
78
79
80
81
82
84
85
86
87
88
89
92
93
94
95
98
99
100
101
102
103
105
106
107
108
109
110
112
113
114
115
116
117
119
120
121
122
123
124
126
127
128
129
131
133
134
135
136
137
138
141
142
143
144
145
147
148
149
150
151
152
154
155
156
157
158
161
162
163
164
166
168
169
170
171
172
173
175
176
179
180
182
183
184
185
190
191
193
194
196
197
200
201
203
204
206
207
208
210
211
213
214
215
217
218
219
221
222
224
225
226
228
229
231
232
233
234
236
239
240
241
243
245
246
248
249
250
252
253
254
255
256
257
260
262
264
266
267
268
269
273
274
276
278
280
281
283
284
285
290
292
301
302
303
304
305
306
308
309
311
312
313
315
316
320
322
323
324
325
326
327
329
330
331
332
333
343
344
345
346
347
348
350
351
352
353
354
355
357
358
359
360
361
362
364
365
366
367
368
369
371
372
373
374
375
376
378
379
381
382
383
386
387
388
389
392
393
394
395
396
397
399
400
401
402
403
404
406
407
408
409
413
414
415
416
417
418
420
421
424
425
427
428
429
430
435
436
437
441
442
443
444
448
449
450
451
453
455
456
457
458
460
462
463
464
465
467
470
473
474
476
481
484
485
486
488
490
491
492
493
494
495
497
498
499
500
504
505
506
507
511
512
513
514
515
516
518
519
521
522
523
525
526
527
530
533
534
536
539
540
543
544
546
547
549
550
551
553
554
556
560
561
564
565
567
568
571
572
574
575
578
579
584
585
588
589
592
593
595
596
598
599
600
602
603
609
610
616
617
619
621
623
627
628
644
645
646
648
649
651
652
655
656
658
659
665
666
686
687
688
689
693
694
695
696
700
701
702
703
707
708
709
710
721
722
726
729
730
731
735
736
737
738
742
743
744
745
749
750
751
752
756
757
758
759
761
766
770
771
784
785
786
787
789
791
792
793
794
796
798
799
800
801
802
803
805
806
807
808
812
813
817
819
820
822
824
829
833
834
835
836
838
840
841
842
843
844
845
847
848
849
850
851
852
854
855
856
857
879
882
883
889
890
893
894
903
913
915
917
918
919
920
921
922
928
931
932
934
936
938
939
945
946
948
950
952
953
955
962
964
966
967
969
971
987
988
989
994
995
1001
1029
1030
1031
1032
1034
1036
1037
1038
1039
1043
1044
1045
1046
1048
1050
1051
1052
1053
1062
1064
1065
1067
1069
1078
1079
1080
1081
1083
1085
1086
1087
1088
1092
1093
1094
1095
1099
1100
1101
1102
1127
1128
1129
1130
1134
1135
1136
1137
1141
1142
1143
1144
1146
1148
1149
1150
1151
1160
1162
1163
1165
1167
1176
1177
1178
1179
1181
1183
1184
1185
1186
1190
1191
1192
1193
1195
1197
1198
1199
1200
1201
1202
1204
1205
1208
1209
1211
1212
1225
1226
1229
1230
1232
1233
1236
1237
1250
1251
1253
1254
1257
1258
1260
1261
1274
1275
1278
1279
1281
1282
1285
1286
1372
1373
1376
1377
1379
1380
1383
1384
1397
1398
1400
1401
1404
1405
1407
1408
1421
1422
1425
1426
1428
1429
1432
1433
1446
1447
1449
1450
1453
1454
1456
1457
1544
1545
1547
1548
1551
1552
1554
1555
1568
1569
1572
1573
1575
1576
1579
1580
1593
1594
1596
1597
1600
1601
1603
1604
1606
1608
1617
1618
1620
1621
1622
1624
1625
1628
1629
1634
1636
1638
1639
1641
1650
1652
1653
1655
1657
1715
1716
1718
1719
1720
1722
1723
1726
1727
1732
1734
1736
1737
1739
1740
1741
1743
1744
1747
1748
1750
1751
1753
1755
1764
1765
1767
1768
1769
1771
1772
1775
1776
1789
1790
1792
1793
1796
1797
1799
1800
1830
1832
1834
1835
1837
1846
1848
1849
1851
1853
1862
1863
1865
1867
1869
1870
1879
1881
1883
1884
1886
1944
1946
1947
1949
1951
1960
1961
1963
1965
1967
1968
1977
1979
1981
1982
1984
1993
1995
1996
1998
2000
2401
2402
2403
2404
2405
2406
2408
2409
2410
2411
2412
2413
2415
2416
2417
2418
2420
2422
2423
2424
2425
2426
2427
2429
2430
2433
2434
2436
2437
2439
2441
2450
2451
2452
2453
2454
2455
2457
2458
2459
2460
2461
2462
2464
2465
2466
2467
2471
2472
2473
2474
2475
2476
2478
2479
2482
2483
2485
2486
2499
2500
2501
2502
2506
2507
2508
2509
2513
2514
2515
2516
2518
2520
2521
2522
2523
2532
2534
2535
2537
2539
2548
2549
2550
2551
2553
2555
2556
2557
2558
2562
2563
2564
2565
2567
2569
2570
2571
2572
2573
2574
2576
2577
2580
2581
2583
2584
2597
2598
2601
2602
2604
2605
2608
2609
2622
2623
2625
2626
2629
2630
2632
2633
2635
2637
2646
2647
2649
2650
2651
2653
2654
2657
2658
2663
2665
2667
2668
2670
2679
2681
2682
2684
2686
2744
2745
2746
2747
2748
2749
2751
2752
2753
2754
2755
2756
2758
2759
2760
2761
2763
2765
2766
2767
2768
2769
2770
2772
2773
2776
2777
2779
2780
2782
2784
2793
2794
2795
2796
2797
2798
2800
2801
2802
2803
2804
2805
2807
2808
2809
2810
2814
2815
2816
2817
2818
2819
2821
2822
2825
2826
2828
2829
2842
2843
2844
2845
2849
2850
2851
2852
2856
2857
2858
2859
2863
2864
2865
2866
2891
2892
2893
2894
2898
2899
2900
2901
2905
2906
2907
2908
2912
2913
2914
2915
2916
2917
2919
2920
2923
2924
2926
2927
2940
2941
2944
2945
2947
2948
2951
2952
2965
2966
2968
2969
2972
2973
2975
2976
2989
2990
2993
2994
2996
2997
3000
3001
3087
3088
3089
3090
3094
3095
3096
3097
3101
3102
3103
3104
3108
3109
3110
3111
3136
3137
3138
3139
3143
3144
3145
3146
3150
3151
3152
3153
3157
3158
3159
3160
3185
3186
3187
3188
3192
3193
3194
3195
3199
3200
3201
3202
3206
3207
3208
3209
3234
3235
3236
3237
3241
3242
3243
3244
3248
3249
3250
3251
3255
3256
3257
3258
3430
3431
3432
3433
3437
3438
3439
3440
3444
3445
3446
3447
3451
3452
3453
3454
3479
3480
3481
3482
3486
3487
3488
3489
3493
3494
3495
3496
3500
3501
3502
3503
3528
3529
3530
3531
3535
3536
3537
3538
3542
3543
3544
3545
3549
3550
3551
3552
3577
3578
3579
3580
3584
3585
3586
3587
3591
3592
3593
3594
3598
3599
3600
3601
3602
3603
3605
3606
3609
3610
3612
3613
3626
3627
3630
3631
3633
3634
3637
3638
3651
3652
3654
3655
3658
3659
3661
3662
3675
3676
3679
3680
3682
3683
3686
3687
3773
3774
3777
3778
3780
3781
3784
3785
3798
3799
3801
3802
3805
3806
3808
3809
3822
3823
3826
3827
3829
3830
3833
3834
3847
3848
3850
3851
3854
3855
3857
3858
3945
3946
3948
3949
3952
3953
3955
3956
3969
3970
3973
3974
3976
3977
3980
3981
3994
3995
3997
3998
4001
4002
4004
4005
4018
4019
4022
4023
4025
4026
4029
4030
4116
4117
4120
4121
4123
4124
4127
4128
4141
4142
4144
4145
4148
4149
4151
4152
4165
4166
4169
4170
4172
4173
4176
4177
4190
4191
4193
4194
4197
4198
4200
4201
4802
4803
4804
4805
4809
4810
4811
4812
4816
4817
4818
4819
4823
4824
4825
4826
4851
4852
4853
4854
4858
4859
4860
4861
4865
4866
4867
4868
4872
4873
4874
4875
4900
4901
4902
4903
4907
4908
4909
4910
4914
4915
4916
4917
4921
4922
4923
4924
4949
4950
4951
4952
4956
4957
4958
4959
4963
4964
4965
4966
4970
4971
4972
4973
5145
5146
5147
5148
5152
5153
5154
5155
5159
5160
5161
5162
5166
5167
5168
5169
5194
5195
5196
5197
5201
5202
5203
5204
5208
5209
5210
5211
5215
5216
5217
5218
5243
5244
5245
5246
5250
5251
5252
5253
5257
5258
5259
5260
5264
5265
5266
5267
5292
5293
5294
5295
5299
5300
5301
5302
5306
5307
5308
5309
5313
5314
5315
5316
5488
5489
5490
5491
5495
5496
5497
5498
5502
5503
5504
5505
5509
5510
5511
5512
5537
5538
5539
5540
5544
5545
5546
5547
5551
5552
5553
5554
5558
5559
5560
5561
5586
5587
5588
5589
5593
5594
5595
5596
5600
5601
5602
5603
5607
5608
5609
5610
5635
5636
5637
5638
5642
5643
5644
5645
5649
5650
5651
5652
5656
5657
5658
5659
5831
5832
5833
5834
5838
5839
5840
5841
5845
5846
5847
5848
5852
5853
5854
5855
5880
5881
5882
5883
5887
5888
5889
5890
5894
5895
5896
5897
5901
5902
5903
5904
5929
5930
5931
5932
5936
5937
5938
5939
5943
5944
5945
5946
5950
5951
5952
5953
5978
5979
5980
5981
5985
5986
5987
5988
5992
5993
5994
5995
5999
6000
6001
6002
7203
7204
7205
7206
7210
7211
7212
7213
7217
7218
7219
7220
7224
7225
7226
7227
7252
7253
7254
7255
7259
7260
7261
7262
7266
7267
7268
7269
7273
7274
7275
7276
7301
7302
7303
7304
7308
7309
7310
7311
7315
7316
7317
7318
7322
7323
7324
7325
7350
7351
7352
7353
7357
7358
7359
7360
7364
7365
7366
7367
7371
7372
7373
7374
7546
7547
7548
7549
7553
7554
7555
7556
7560
7561
7562
7563
7567
7568
7569
7570
7595
7596
7597
7598
7602
7603
7604
7605
7609
7610
7611
7612
7616
7617
7618
7619
7644
7645
7646
7647
7651
7652
7653
7654
7658
7659
7660
7661
7665
7666
7667
7668
7693
7694
7695
7696
7700
7701
7702
7703
7707
7708
7709
7710
7714
7715
7716
7717
7889
7890
7891
7892
7896
7897
7898
7899
7903
7904
7905
7906
7910
7911
7912
7913
7938
7939
7940
7941
7945
7946
7947
7948
7952
7953
7954
7955
7959
7960
7961
7962
7987
7988
7989
7990
7994
7995
7996
7997
8001
8002
8003
8004
8008
8009
8010
8011
8036
8037
8038
8039
8043
8044
8045
8046
8050
8051
8052
8053
8057
8058
8059
8060
8232
8233
8234
8235
8239
8240
8241
8242
8246
8247
8248
8249
8253
8254
8255
8256
8281
8282
8283
8284
8288
8289
8290
8291
8295
8296
8297
8298
8302
8303
8304
8305
8330
8331
8332
8333
8337
8338
8339
8340
8344
8345
8346
8347
8351
8352
8353
8354
8379
8380
8381
8382
8386
8387
8388
8389
8393
8394
8395
8396
8400
8401
8402
8403
