2
4
7
8
9
11
14
15
18
23
25
28
29
30
32
36
43
49
50
51
53
56
57
60
63
71
77
78
81
86
92
93
95
98
99
100
102
105
106
121
123
126
130
135
137
142
161
169
172
175
179
183
190
196
197
198
200
203
204
207
210
211
218
219
224
225
228
239
252
254
268
281
295
301
302
303
312
317
319
326
331
333
337
338
343
344
345
347
350
351
354
357
358
365
368
371
372
375
387
392
393
394
396
399
400
403
420
421
424
441
464
473
491
497
505
527
539
540
543
546
547
550
567
568
569
571
602
603
611
618
627
634
644
645
651
652
665
676
686
687
688
693
694
700
701
735
736
737
742
743
827
847
862
870
876
882
891
900
905
911
925
945
946
959
960
968
994
995
1003
1016
1121
1127
1170
1180
1183
1201
1204
1208
1225
1226
1229
1247
1250
1253
1268
1269
1275
1276
1281
1290
1318
1324
1348
1352
1355
1372
1373
1376
1379
1380
1383
1397
1400
1401
1404
1421
1422
1425
1428
1429
1432
1449
1450
1453
1477
1528
1533
1535
1548
1562
1568
1569
1572
1575
1576
1577
1579
1596
1597
1600
1653
1660
1673
1751
1764
1765
1778
1780
1871
1876
1878
2101
2107
2108
2111
2114
2129
2144
2150
2193
2219
2276
2279
2282
2297
2321
2325
2331
2332
2401
2402
2403
2405
2408
2409
2412
2415
2416
2426
2429
2430
2433
2437
2444
2450
2451
2452
2454
2457
2458
2461
2472
2478
2479
2482
2487
2494
2499
2500
2501
2506
2507
2536
2543
2573
2576
2580
2597
2598
2601
2604
2605
2608
2625
2626
2629
2664
2668
2744
2745
2746
2748
2751
2752
2755
2758
2759
2772
2773
2776
2793
2794
2795
2797
2800
2801
2804
2821
2822
2825
2940
2941
2944
2947
2948
2951
2968
2969
2972
3305
3308
3311
3326
3354
3473
3479
3480
3483
3501
3773
3774
3777
3780
3781
3784
3801
3802
3805
3822
3823
3826
3829
3830
3833
3850
3851
3854
3969
3970
3973
3976
3977
3980
3997
3998
4001
4202
4209
4214
4215
4216
4221
4222
4251
4258
4300
4307
4545
4552
4557
4558
4559
4564
4565
4594
4601
4802
4803
4804
4809
4810
4816
4817
4851
4852
4853
4858
4859
4888
4895
4900
4901
4902
4907
4908
4937
4944
5145
5146
5147
5152
5153
5159
5160
5194
5195
5196
5201
5202
6112
6119
6132
6148
6161
6237
6239
6330
6335
6337
6364
6379
6455
6462
6475
6603
6610
6615
6616
6617
6622
6623
6652
6659
6701
6708
6946
6953
6958
6959
6960
6965
6966
6995
7002
7016
7021
7023
7112
7114
7128
8404
8407
8411
8428
8429
8432
8450
8453
8456
8471
8575
8576
8579
8582
8600
8603
8705
8729
8747
8750
8754
8771
8772
8775
8876
8901
9604
9605
9608
9611
9612
9615
9629
9632
9633
9636
9647
9653
9654
9657
9660
9661
9664
9675
9681
9682
9685
9776
9779
9783
9800
9801
9804
9807
9808
9811
9828
9829
9832
9947
9948
9951
9954
9955
9958
9975
9976
9979
9996
9997
10000
10003
10004
10007
10024
10025
10028
10143
10144
10147
10150
10151
10154
10171
10172
10175
10976
10977
10980
10983
10984
10987
11004
11005
11008
11025
11026
11029
11032
11033
11036
11053
11054
11057
11172
11173
11176
11179
11180
11183
11200
11201
11204
16807
16808
16809
16811
16814
16815
16818
16821
16822
16835
16836
16839
16856
16857
16858
16860
16863
16864
16867
16884
16885
16888
16893
16900
16905
16906
16907
16912
16913
16942
16949
17003
17004
17007
17010
17011
17014
17031
17032
17035
17150
17151
17152
17154
17157
17158
17161
17164
17165
17178
17179
17182
17199
17200
17201
17203
17206
17207
17210
17227
17228
17231
17346
17347
17350
17353
17354
17357
17374
17375
17378
17409
17410
17458
17459
17493
17494
17495
17500
17501
17507
17508
17542
17543
17544
17549
17550
17752
17753
17801
17802
18179
18180
18183
18186
18187
18190
18207
18208
18211
18228
18229
18232
18235
18236
18239
18256
18257
18260
18375
18376
18379
18382
18383
18386
18403
18404
18407
19208
19209
19210
19212
19215
19216
19219
19222
19223
19236
19237
19240
19257
19258
19259
19261
19264
19265
19268
19285
19286
19289
19294
19301
19306
19307
19308
19313
19314
19343
19350
19404
19405
19408
19411
19412
19415
19432
19433
19436
19551
19552
19553
19555
19558
19559
19562
19565
19566
19579
19580
19583
19600
19601
19602
19604
19607
19608
19611
19628
19629
19632
19747
19748
19751
19754
19755
19758
19775
19776
19779
20580
20581
20584
20587
20588
20591
20608
20609
20612
20629
20630
20633
20636
20637
20640
20657
20658
20661
20776
20777
20780
20783
20784
20787
20804
20805
20808
26411
26412
26415
26418
26419
26422
26439
26440
26443
26460
26461
26464
26467
26468
26471
26488
26489
26492
26607
26608
26611
26614
26615
26618
26635
26636
26639
26754
26755
26758
26761
26762
26765
26782
26783
26786
26803
26804
26807
26810
26811
26814
26831
26832
26835
26950
26951
26954
26957
26958
26961
26978
26979
26982
27783
27784
27787
27790
27791
27794
27811
27812
27815
27832
27833
27836
27839
27840
27843
27860
27861
27864
27979
27980
27983
27986
27987
27990
28007
28008
28011
67228
67229
67232
67235
67236
67239
67256
67257
67260
67277
67278
67281
67284
67285
67288
67305
67306
67309
67424
67425
67428
67431
67432
67435
67452
67453
67456
67571
67572
67575
67578
67579
67582
67599
67600
67603
67620
67621
67624
67627
67628
67631
67648
67649
67652
67767
67768
67771
67774
67775
67778
67795
67796
67799
68600
68601
68604
68607
68608
68611
68628
68629
68632
68649
68650
68653
68656
68657
68660
68677
68678
68681
68796
68797
68800
68803
68804
68807
68824
68825
68828
69629
69630
69633
69636
69637
69640
69657
69658
69661
69678
69679
69682
69685
69686
69689
69706
69707
69710
69825
69826
69829
69832
69833
69836
69853
69854
69857
69972
69973
69976
69979
69980
69983
70000
70001
70004
70021
70022
70025
70028
70029
70032
70049
70050
70053
70168
70169
70172
70175
70176
70179
70196
70197
70200
71001
71002
71005
71008
71009
71012
71029
71030
71033
71050
71051
71054
71057
71058
71061
71078
71079
71082
71197
71198
71201
71204
71205
71208
71225
71226
71229
76832
76833
76836
76839
76840
76843
76860
76861
76864
76881
76882
76885
76888
76889
76892
76909
76910
76913
77028
77029
77032
77035
77036
77039
77056
77057
77060
77175
77176
77179
77182
77183
77186
77203
77204
77207
77224
77225
77228
77231
77232
77235
77252
77253
77256
77371
77372
77375
77378
77379
77382
77399
77400
77403
78204
78205
78208
78211
78212
78215
78232
78233
78236
78253
78254
78257
78260
78261
78264
78281
78282
78285
78400
78401
78404
78407
78408
78411
78428
78429
78432
