2
3
4
5
7
8
9
10
11
12
14
15
16
17
18
19
21
22
23
24
25
26
28
29
30
31
32
33
35
36
37
38
39
40
43
44
45
46
47
49
50
51
52
53
54
56
57
58
59
60
61
63
64
65
66
67
68
70
71
72
73
74
75
77
78
79
80
81
82
84
85
86
87
88
89
92
93
94
95
96
98
99
100
101
102
103
105
106
107
108
109
110
112
113
114
115
116
117
119
120
121
122
123
124
126
127
128
129
130
131
133
134
135
136
137
138
141
142
143
144
145
147
148
149
150
151
152
154
155
156
157
158
159
161
162
163
164
165
166
168
169
170
171
172
173
175
176
177
178
179
180
182
183
184
185
186
187
190
191
192
193
194
196
197
198
199
200
201
203
204
205
206
207
208
210
211
213
214
215
217
218
219
220
221
222
224
225
226
227
228
229
231
232
233
234
235
236
239
240
241
242
243
245
246
247
248
249
250
252
253
254
255
256
257
259
260
262
264
266
267
268
269
270
271
273
274
275
276
277
278
280
281
283
284
285
290
291
292
295
296
297
298
299
301
302
303
304
305
306
308
309
310
311
312
313
315
316
317
318
319
320
322
323
324
325
326
327
329
330
331
332
333
334
337
338
339
340
341
343
344
345
346
347
348
350
351
352
353
354
355
357
358
359
360
361
362
364
365
366
367
368
369
371
372
373
374
375
376
378
379
380
381
382
383
386
387
388
389
392
393
394
395
396
397
399
400
401
402
403
404
406
407
408
409
411
413
414
415
416
417
418
420
421
423
424
425
427
428
429
430
432
435
436
437
439
441
442
443
444
445
446
448
449
450
451
453
455
456
457
458
460
462
463
464
465
467
469
470
471
472
473
474
476
477
478
479
480
481
484
485
486
488
490
491
492
493
494
495
497
498
499
500
501
502
504
505
506
507
509
511
512
513
514
515
516
518
519
520
521
522
523
525
526
527
528
530
533
534
535
536
537
539
540
541
542
543
544
546
547
548
549
550
551
553
554
556
558
560
561
562
563
564
565
567
568
569
570
571
572
574
575
576
577
578
579
582
584
585
588
589
590
591
592
593
595
596
597
598
599
600
602
603
607
609
610
611
612
616
617
618
619
621
623
624
626
627
628
632
633
634
635
638
639
640
641
644
645
646
648
649
651
652
654
655
656
658
659
661
662
663
665
666
669
670
673
674
675
676
677
680
681
682
683
686
687
688
689
691
693
694
695
696
698
700
701
702
703
704
705
707
708
709
710
712
714
715
716
717
719
721
722
723
724
726
729
730
731
733
735
736
737
738
740
742
743
744
745
746
749
750
751
752
753
754
756
757
758
759
760
761
763
764
765
766
767
768
770
771
774
778
780
781
782
784
785
786
787
788
789
791
792
793
794
796
798
799
800
801
802
803
805
806
807
808
809
810
812
813
814
815
816
817
819
820
822
824
827
828
829
830
831
833
834
835
836
838
840
841
842
843
844
845
847
848
849
850
851
852
854
855
856
857
861
862
863
864
865
866
868
869
870
872
873
876
878
879
880
882
883
885
887
889
890
891
892
893
894
896
897
901
903
904
905
906
908
911
912
913
915
917
918
919
920
921
922
925
927
928
929
931
932
933
934
936
938
939
940
942
943
945
946
948
950
952
953
955
957
959
960
962
964
966
967
969
970
971
974
975
976
981
982
983
985
987
988
989
990
991
992
994
995
997
1001
1002
1003
1005
1008
1009
1011
1012
1013
1015
1016
1017
1018
1023
1024
1025
1029
1030
1031
1032
1034
1036
1037
1038
1039
1043
1044
1045
1046
1047
1048
1050
1051
1052
1053
1054
1055
1057
1058
1061
1062
1064
1065
1067
1069
1072
1075
1076
1078
1079
1080
1081
1082
1083
1085
1086
1087
1088
1089
1090
1092
1093
1094
1095
1096
1097
1099
1100
1101
1102
1103
1104
1106
1107
1108
1111
1114
1116
1118
1121
1122
1123
1124
1125
1127
1128
1129
1130
1131
1132
1134
1135
1136
1137
1138
1139
1141
1142
1143
1144
1146
1148
1149
1150
1151
1152
1153
1156
1160
1162
1163
1165
1167
1170
1171
1174
1176
1177
1178
1179
1181
1183
1184
1185
1186
1190
1191
1192
1193
1195
1197
1198
1199
1200
1201
1202
1204
1205
1208
1209
1211
1212
1222
1223
1225
1226
1229
1230
1232
1233
1236
1237
1244
1247
1250
1251
1253
1254
1257
1258
1260
1261
1265
1268
1271
1272
1274
1275
1277
1278
1279
1281
1282
1284
1285
1286
1288
1291
1295
1298
1300
1304
1305
1310
1311
1312
1321
1330
1331
1333
1335
1337
1338
1351
1352
1353
1354
1355
1358
1359
1360
1372
1373
1376
1377
1379
1380
1383
1384
1394
1397
1398
1400
1401
1403
1404
1405
1407
1408
1415
1417
1418
1419
1421
1422
1425
1426
1428
1429
1432
1433
1436
1442
1444
1445
1446
1447
1449
1450
1451
1452
1453
1454
1456
1457
1459
1464
1465
1468
1470
1471
1473
1477
1480
1481
1482
1487
1491
1492
1493
1494
1496
1498
1501
1502
1503
1505
1509
1510
1513
1514
1515
1517
1519
1520
1522
1523
1526
1528
1529
1533
1534
1535
1536
1544
1545
1547
1548
1549
1550
1551
1552
1554
1555
1562
1564
1565
1566
1568
1569
1572
1573
1575
1576
1577
1578
1579
1580
1582
1583
1586
1593
1594
1596
1597
1600
1601
1603
1604
1605
1606
1608
1611
1612
1615
1617
1618
1620
1621
1622
1624
1625
1627
1628
1629
1631
1632
1634
1636
1638
1639
1640
1641
1646
1647
1648
1650
1652
1653
1654
1655
1657
1660
1669
1671
1673
1674
1675
1676
1677
1680
1681
1683
1687
1688
1689
1692
1697
1701
1705
1715
1716
1718
1719
1720
1722
1723
1725
1726
1727
1730
1732
1734
1736
1737
1739
1740
1741
1743
1744
1746
1747
1748
1750
1751
1753
1755
1760
1764
1765
1767
1768
1769
1771
1772
1775
1776
1778
1779
1780
1782
1785
1786
1789
1790
1792
1793
1794
1795
1796
1797
1799
1800
1807
1811
1820
1824
1830
1832
1834
1835
1837
1846
1848
1849
1851
1853
1856
1858
1862
1863
1865
1867
1869
1870
1871
1872
1873
1874
1876
1878
1879
1880
1881
1883
1884
1886
1891
1892
1905
1907
1908
1911
1912
1918
1919
1921
1922
1923
1926
1928
1932
1933
1937
1944
1946
1947
1949
1950
1951
1956
1957
1960
1961
1963
1965
1967
1968
1970
1972
1977
1979
1981
1982
1984
1986
1988
1989
1991
1993
1995
1996
1998
1999
2000
2005
2007
2019
2021
2024
2026
2030
2031
2035
2038
2040
2042
2044
2045
2047
2101
2102
2103
2104
2105
2107
2108
2109
2110
2111
2114
2115
2116
2119
2121
2122
2126
2128
2129
2132
2133
2135
2136
2140
2142
2143
2144
2145
2146
2147
2150
2151
2152
2153
2154
2156
2157
2158
2159
2161
2163
2164
2165
2166
2168
2171
2173
2174
2175
2177
2178
2180
2182
2184
2185
2187
2189
2191
2193
2194
2195
2196
2199
2200
2201
2203
2205
2206
2207
2208
2210
2212
2213
2216
2217
2220
2222
2223
2224
2227
2231
2234
2236
2237
2238
2240
2241
2242
2243
2244
2245
2248
2249
2250
2251
2252
2254
2255
2258
2261
2262
2264
2265
2266
2268
2269
2271
2273
2275
2276
2279
2280
2282
2283
2287
2289
2290
2291
2292
2294
2297
2298
2299
2300
2301
2303
2304
2306
2308
2310
2311
2312
2313
2314
2317
2318
2320
2322
2324
2325
2326
2327
2329
2331
2332
2334
2336
2339
2341
2342
2346
2348
2350
2401
2402
2403
2404
2405
2406
2408
2409
2410
2411
2412
2413
2415
2416
2417
2418
2419
2420
2422
2423
2424
2425
2426
2427
2429
2430
2431
2432
2433
2434
2436
2437
2439
2440
2441
2444
2445
2446
2447
2448
2450
2451
2452
2453
2454
2455
2457
2458
2459
2460
2461
2462
2464
2465
2466
2467
2469
2471
2472
2473
2474
2475
2476
2478
2479
2480
2481
2482
2483
2485
2486
2487
2488
2489
2490
2493
2494
2495
2496
2499
2500
2501
2502
2504
2506
2507
2508
2509
2510
2511
2513
2514
2515
2516
2517
2518
2520
2521
2522
2523
2525
2527
2528
2529
2530
2532
2534
2535
2536
2537
2538
2539
2542
2543
2544
2548
2549
2550
2551
2552
2553
2555
2556
2557
2558
2562
2563
2564
2565
2567
2569
2570
2571
2572
2573
2574
2576
2577
2580
2581
2583
2584
2585
2591
2592
2594
2595
2597
2598
2601
2602
2604
2605
2607
2608
2609
2611
2614
2616
2618
2619
2620
2622
2623
2625
2626
2627
2629
2630
2632
2633
2634
2635
2637
2640
2641
2642
2646
2647
2649
2650
2651
2653
2654
2655
2656
2657
2658
2663
2665
2667
2668
2669
2670
2674
2675
2679
2681
2682
2684
2685
2686
2702
2703
2704
2706
2707
2709
2710
2713
2714
2716
2717
2723
2724
2725
2726
2731
2732
2744
2745
2746
2747
2748
2749
2751
2752
2753
2754
2755
2756
2758
2759
2760
2761
2762
2763
2765
2766
2767
2768
2769
2770
2772
2773
2774
2775
2776
2777
2779
2780
2782
2783
2784
2787
2788
2789
2790
2793
2794
2795
2796
2797
2798
2800
2801
2802
2803
2804
2805
2807
2808
2809
2810
2814
2815
2816
2817
2818
2819
2821
2822
2825
2826
2828
2829
2830
2831
2836
2837
2838
2842
2843
2844
2845
2849
2850
2851
2852
2856
2857
2858
2859
2863
2864
2865
2866
2891
2892
2893
2894
2898
2899
2900
2901
2905
2906
2907
2908
2912
2913
2914
2915
2916
2917
2919
2920
2923
2924
2926
2927
2940
2941
2944
2945
2947
2948
2951
2952
2965
2966
2968
2969
2972
2973
2975
2976
2987
2989
2990
2992
2993
2994
2996
2997
3000
3001
3003
3004
3010
3013
3015
3020
3027
3036
3045
3046
3047
3052
3053
3059
3087
3088
3089
3090
3094
3095
3096
3097
3101
3102
3103
3104
3108
3109
3110
3111
3113
3116
3130
3131
3132
3134
3136
3137
3138
3139
3143
3144
3145
3146
3148
3150
3151
3152
3153
3155
3157
3158
3159
3160
3161
3162
3169
3171
3172
3174
3176
3179
3182
3183
3185
3186
3187
3188
3192
3193
3194
3195
3199
3200
3201
3202
3204
3206
3207
3208
3209
3217
3220
3225
3234
3235
3236
3237
3241
3242
3243
3244
3248
3249
3250
3251
3255
3256
3257
3258
3269
3270
3272
3290
3293
3295
3298
3302
3305
3308
3309
3311
3312
3316
3318
3319
3323
3326
3329
3330
3332
3333
3351
3354
3362
3363
3367
3368
3369
3372
3375
3377
3388
3389
3391
3393
3395
3396
3398
3402
3403
3407
3410
3411
3412
3414
3416
3417
3418
3419
3430
3431
3432
3433
3435
3437
3438
3439
3440
3442
3444
3445
3446
3447
3451
3452
3453
3454
3455
3456
3458
3459
3462
3465
3466
3470
3473
3475
3476
3477
3479
3480
3481
3482
3483
3486
3487
3488
3489
3493
3494
3495
3496
3498
3500
3501
3502
3503
3504
3505
3519
3522
3523
3525
3526
3528
3529
3530
3531
3535
3536
3537
3538
3542
3543
3544
3545
3549
3550
3551
3552
3571
3572
3577
3578
3579
3580
3584
3585
3586
3587
3591
3592
3593
3594
3598
3599
3600
3601
3602
3603
3605
3606
3608
3609
3610
3612
3613
3617
3623
3624
3626
3627
3630
3631
3633
3634
3636
3637
3638
3641
3643
3645
3647
3648
3651
3652
3654
3655
3658
3659
3661
3662
3666
3669
3671
3672
3673
3675
3676
3679
3680
3682
3683
3685
3686
3687
3689
3692
3705
3706
3710
3711
3712
3715
3720
3731
3732
3734
3735
3736
3738
3742
3743
3746
3752
3753
3754
3755
3760
3761
3773
3774
3777
3778
3780
3781
3784
3785
3791
3792
3798
3799
3801
3802
3805
3806
3808
3809
3812
3813
3819
3822
3823
3826
3827
3829
3830
3833
3834
3843
3844
3845
3846
3847
3848
3850
3851
3852
3853
3854
3855
3857
3858
3861
3862
3865
3866
3868
3871
3872
3876
3878
3881
3883
3886
3888
3892
3893
3894
3895
3911
3914
3915
3916
3920
3921
3925
3927
3945
3946
3948
3949
3951
3952
3953
3955
3956
3960
3969
3970
3973
3974
3976
3977
3980
3981
3994
3995
3997
3998
4001
4002
4004
4005
4008
4009
4015
4018
4019
4022
4023
4025
4026
4029
4030
4040
4046
4047
4051
4053
4057
4058
4078
4079
4082
4084
4085
4086
4088
4089
4093
4095
4096
4098
4116
4117
4120
4121
4123
4124
4126
4127
4128
4131
4133
4134
4135
4141
4142
4144
4145
4148
4149
4151
4152
4156
4161
4165
4166
4169
4170
4172
4173
4176
4177
4186
4187
4190
4191
4193
4194
4196
4197
4198
4200
4201
4202
4203
4208
4209
4210
4214
4215
4216
4217
4221
4222
4223
4245
4251
4252
4257
4258
4259
4263
4264
4265
4266
4270
4271
4274
4275
4281
4282
4285
4294
4300
4301
4306
4307
4308
4309
4312
4313
4319
4320
4323
4324
4333
4343
4345
4347
4349
4350
4351
4352
4358
4361
4362
4383
4389
4390
4394
4396
4400
4401
4502
4503
4504
4508
4509
4510
4511
4515
4516
4517
4522
4523
4536
4537
4541
4543
4545
4546
4547
4548
4551
4552
4553
4554
4557
4558
4559
4560
4564
4565
4566
4575
4576
4579
4585
4586
4588
4590
4592
4594
4595
4600
4601
4602
4606
4607
4608
4609
4613
4614
4617
4618
4624
4625
4628
4637
4643
4644
4649
4650
4651
4652
4655
4656
4662
4663
4666
4667
4802
4803
4804
4805
4809
4810
4811
4812
4816
4817
4818
4819
4823
4824
4825
4826
4845
4846
4847
4851
4852
4853
4854
4858
4859
4860
4861
4865
4866
4867
4868
4872
4873
4874
4875
4888
4889
4894
4895
4896
4900
4901
4902
4903
4907
4908
4909
4910
4914
4915
4916
4917
4921
4922
4923
4924
4931
4937
4938
4943
4944
4945
4949
4950
4951
4952
4956
4957
4958
4959
4963
4964
4965
4966
4970
4971
4972
4973
5043
5047
5048
5052
5054
5057
5059
5078
5082
5083
5087
5092
5103
5104
5105
5110
5111
5113
5117
5118
5122
5127
5145
5146
5147
5148
5150
5152
5153
5154
5155
5157
5159
5160
5161
5162
5166
5167
5168
5169
5188
5189
5190
5194
5195
5196
5197
5201
5202
5203
5204
5208
5209
5210
5211
5215
5216
5217
5218
5231
5232
5237
5238
5239
5243
5244
5245
5246
5250
5251
5252
5253
5257
5258
5259
5260
5264
5265
5266
5267
5283
5288
5292
5293
5294
5295
5297
5299
5300
5301
5302
5306
5307
5308
5309
5313
5314
5315
5316
5318
5323
5327
5328
5332
5351
5353
5356
5358
5362
5363
5367
5386
5390
5391
5395
5397
5400
5402
5488
5489
5490
5491
5495
5496
5497
5498
5502
5503
5504
5505
5509
5510
5511
5512
5523
5524
5528
5533
5537
5538
5539
5540
5544
5545
5546
5547
5551
5552
5553
5554
5558
5559
5560
5561
5563
5568
5572
5573
5586
5587
5588
5589
5591
5593
5594
5595
5596
5598
5600
5601
5602
5603
5604
5605
5607
5608
5609
5610
5614
5615
5619
5621
5622
5624
5626
5631
5635
5636
5637
5638
5640
5642
5643
5644
5645
5646
5647
5649
5650
5651
5652
5653
5654
5656
5657
5658
5659
5681
5684
5685
5691
5692
5695
5696
5717
5719
5720
5722
5723
5724
5730
5733
5734
5736
5738
5740
5741
5750
5752
5754
5755
5757
5764
5766
5768
5769
5771
5773
5778
5797
5799
5803
5804
5808
5813
5831
5832
5833
5834
5836
5838
5839
5840
5841
5843
5845
5846
5847
5848
5850
5852
5853
5854
5855
5864
5866
5867
5869
5870
5871
5876
5877
5880
5881
5882
5883
5885
5887
5888
5889
5890
5894
5895
5896
5897
5901
5902
5903
5904
5908
5909
5913
5915
5919
5920
5926
5929
5930
5931
5932
5936
5937
5938
5939
5943
5944
5945
5946
5947
5948
5950
5951
5952
5953
5957
5958
5962
5964
5965
5967
5969
5978
5979
5980
5981
5983
5985
5986
5987
5988
5989
5990
5992
5993
5994
5995
5996
5997
5999
6000
6001
6002
6136
6137
6143
6144
6147
6153
6154
6174
6175
6181
6182
6185
6186
6192
6193
6213
6214
6220
6223
6224
6230
6231
6251
6252
6256
6258
6262
6263
6269
6303
6309
6310
6315
6316
6317
6321
6322
6323
6324
6352
6358
6359
6364
6365
6366
6391
6401
6403
6405
6406
6407
6408
6409
6410
6416
6419
6420
6422
6424
6426
6427
6433
6434
6436
6438
6440
6441
6443
6447
6448
6450
6452
6454
6455
6457
6458
6459
6479
6480
6486
6487
6490
6496
6497
6517
6518
6520
6522
6524
6525
6528
6529
6534
6535
6536
6538
6539
6541
6550
6552
6553
6555
6557
6566
6567
6569
6571
6573
6574
6603
6604
6609
6610
6611
6615
6616
6617
6618
6622
6623
6624
6632
6634
6636
6637
6639
6646
6648
6650
6651
6652
6653
6655
6658
6659
6660
6664
6665
6666
6667
6669
6671
6672
6681
6683
6685
6686
6688
6695
6701
6702
6707
6708
6709
6734
6744
6746
6748
6749
6750
6751
6753
6762
6763
6765
6767
6769
6770
6779
6781
6783
6784
6786
6795
6797
6798
6800
6802
6903
6904
6905
6909
6910
6911
6912
6916
6917
6918
6923
6924
6946
6947
6952
6953
6954
6958
6959
6960
6961
6965
6966
6967
6989
6995
6996
7001
7002
7003
7007
7008
7009
7010
7038
7044
7045
7050
7051
7052
7203
7204
7205
7206
7208
7210
7211
7212
7213
7217
7218
7219
7220
7222
7224
7225
7226
7227
7236
7238
7239
7241
7243
7246
7247
7248
7252
7253
7254
7255
7257
7259
7260
7261
7262
7266
7267
7268
7269
7273
7274
7275
7276
7289
7290
7295
7296
7297
7301
7302
7303
7304
7308
7309
7310
7311
7315
7316
7317
7318
7320
7322
7323
7324
7325
7332
7334
7336
7337
7338
7339
7341
7344
7345
7346
7350
7351
7352
7353
7355
7357
7358
7359
7360
7364
7365
7366
7367
7369
7371
7372
7373
7374
7432
7434
7435
7437
7439
7448
7449
7451
7453
7455
7456
7465
7467
7469
7470
7472
7481
7483
7484
7486
7488
7546
7547
7548
7549
7551
7553
7554
7555
7556
7560
7561
7562
7563
7565
7567
7568
7569
7570
7579
7581
7582
7584
7586
7595
7596
7597
7598
7600
7602
7603
7604
7605
7609
7610
7611
7612
7616
7617
7618
7619
7644
7645
7646
7647
7651
7652
7653
7654
7658
7659
7660
7661
7665
7666
7667
7668
7693
7694
7695
7696
7700
7701
7702
7703
7707
7708
7709
7710
7714
7715
7716
7717
7889
7890
7891
7892
7896
7897
7898
7899
7903
7904
7905
7906
7910
7911
7912
7913
7938
7939
7940
7941
7945
7946
7947
7948
7952
7953
7954
7955
7959
7960
7961
7962
7987
7988
7989
7990
7994
7995
7996
7997
8001
8002
8003
8004
8006
8008
8009
8010
8011
8020
8022
8023
8025
8027
8036
8037
8038
8039
8041
8043
8044
8045
8046
8050
8051
8052
8053
8055
8057
8058
8059
8060
8118
8120
8121
8123
8125
8134
8135
8137
8139
8141
8142
8151
8153
8155
8156
8158
8167
8169
8170
8172
8174
8232
8233
8234
8235
8237
8239
8240
8241
8242
8246
8247
8248
8249
8251
8253
8254
8255
8256
8265
8267
8268
8270
8272
8281
8282
8283
8284
8286
8288
8289
8290
8291
8295
8296
8297
8298
8302
8303
8304
8305
8330
8331
8332
8333
8337
8338
8339
8340
8344
8345
8346
8347
8349
8351
8352
8353
8354
8363
8365
8366
8368
8370
8379
8380
8381
8382
8384
8386
8387
8388
8389
8393
8394
8395
8396
8398
8400
8401
8402
8403
8404
8405
8407
8408
8411
8412
8414
8415
8428
8429
8432
8433
8435
8436
8439
8440
8453
8454
8456
8457
8460
8461
8463
8464
8477
8478
8481
8482
8484
8485
8488
8489
8575
8576
8579
8580
8582
8583
8586
8587
8600
8601
8603
8604
8607
8608
8610
8611
8624
8625
8628
8629
8631
8632
8635
8636
8649
8650
8652
8653
8656
8657
8659
8660
8747
8748
8750
8751
8754
8755
8757
8758
8771
8772
8775
8776
8778
8779
8782
8783
8796
8797
8799
8800
8803
8804
8806
8807
8820
8821
8824
8825
8827
8828
8831
8832
8918
8919
8922
8923
8925
8926
8929
8930
8943
8944
8946
8947
8950
8951
8953
8954
8967
8968
8971
8972
8974
8975
8978
8979
8992
8993
8995
8996
8999
9000
9002
9003
9604
9605
9608
9609
9611
9612
9615
9616
9629
9630
9632
9633
9636
9637
9639
9640
9653
9654
9657
9658
9660
9661
9664
9665
9678
9679
9681
9682
9685
9686
9688
9689
9776
9777
9779
9780
9783
9784
9786
9787
9800
9801
9804
9805
9807
9808
9811
9812
9825
9826
9828
9829
9832
9833
9835
9836
9849
9850
9853
9854
9856
9857
9860
9861
9947
9948
9951
9952
9954
9955
9958
9959
9972
9973
9975
9976
9979
9980
9982
9983
9996
9997
10000
10001
10003
10004
10007
10008
10021
10022
10024
10025
10028
10029
10031
10032
10119
10120
10122
10123
10126
10127
10129
10130
10143
10144
10147
10148
10150
10151
10154
10155
10168
10169
10171
10172
10175
10176
10178
10179
10192
10193
10196
10197
10199
10200
10203
10204
10805
10806
10808
10809
10812
10813
10815
10816
10829
10830
10833
10834
10836
10837
10840
10841
10854
10855
10857
10858
10861
10862
10864
10865
10878
10879
10882
10883
10885
10886
10889
10890
10976
10977
10980
10981
10983
10984
10987
10988
11001
11002
11004
11005
11008
11009
11011
11012
11025
11026
11029
11030
11032
11033
11036
11037
11050
11051
11053
11054
11057
11058
11060
11061
11148
11149
11151
11152
11155
11156
11158
11159
11172
11173
11176
11177
11179
11180
11183
11184
11197
11198
11200
11201
11204
11205
11207
11208
11210
11212
11221
11222
11224
11225
11226
11228
11229
11232
11233
11238
11240
11242
11243
11245
11254
11256
11257
11259
11261
11319
11320
11322
11323
11324
11326
11327
11330
11331
11336
11338
11340
11341
11343
11344
11345
11347
11348
11351
11352
11354
11355
11357
11359
11368
11369
11371
11372
11373
11375
11376
11379
11380
11393
11394
11396
11397
11400
11401
11403
11404
11434
11436
11438
11439
11441
11450
11452
11453
11455
11457
11466
11467
11469
11471
11473
11474
11483
11485
11487
11488
11490
11548
11550
11551
11553
11555
11564
11565
11567
11569
11571
11572
11581
11583
11585
11586
11588
11597
11599
11600
11602
11604
12005
12006
12008
12009
12010
12012
12013
12016
12017
12022
12024
12026
12027
12029
12030
12031
12033
12034
12037
12038
12040
12041
12043
12045
12054
12055
12057
12058
12059
12061
12062
12065
12066
12079
12080
12082
12083
12086
12087
12089
12090
12120
12122
12124
12125
12127
12136
12138
12139
12141
12143
12152
12153
12155
12157
12159
12160
12169
12171
12173
12174
12176
12177
12178
12180
12181
12184
12185
12187
12188
12201
12202
12205
12206
12208
12209
12212
12213
12226
12227
12229
12230
12233
12234
12236
12237
12239
12241
12250
12251
12253
12254
12255
12257
12258
12261
12262
12267
12269
12271
12272
12274
12283
12285
12286
12288
12290
12348
12349
12351
12352
12353
12355
12356
12359
12360
12365
12367
12369
12370
12372
12373
12374
12376
12377
12380
12381
12383
12384
12386
12388
12397
12398
12400
12401
12402
12404
12405
12408
12409
12422
12423
12425
12426
12429
12430
12432
12433
12520
12521
12523
12524
12527
12528
12530
12531
12544
12545
12548
12549
12551
12552
12555
12556
12569
12570
12572
12573
12576
12577
12579
12580
12593
12594
12597
12598
12600
12601
12604
12605
12806
12808
12810
12811
12813
12822
12824
12825
12827
12829
12838
12839
12841
12843
12845
12846
12855
12857
12859
12860
12862
12920
12922
12923
12925
12927
12936
12937
12939
12941
12943
12944
12953
12955
12957
12958
12960
12969
12971
12972
12974
12976
13034
13035
13037
13039
13041
13042
13051
13053
13055
13056
13058
13067
13069
13070
13072
13074
13083
13084
13086
13088
13090
13091
13149
13151
13153
13154
13156
13165
13167
13168
13170
13172
13181
13182
13184
13186
13188
13189
13198
13200
13202
13203
13205
13606
13608
13609
13611
13613
13622
13623
13625
13627
13629
13630
13639
13641
13643
13644
13646
13655
13657
13658
13660
13662
13720
13721
13723
13725
13727
13728
13737
13739
13741
13742
13744
13753
13755
13756
13758
13760
13769
13770
13772
13774
13776
13777
13835
13837
13839
13840
13842
13851
13853
13854
13856
13858
13867
13868
13870
13872
13874
13875
13884
13886
13888
13889
13891
13949
13951
13952
13954
13956
13965
13966
13968
13970
13972
13973
13982
13984
13986
13987
13989
13998
14000
14001
14003
14005
16807
16808
16809
16810
16811
16812
16814
16815
16816
16817
16818
16819
16821
16822
16823
16824
16826
16828
16829
16830
16831
16832
16833
16835
16836
16839
16840
16842
16843
16845
16847
16856
16857
16858
16859
16860
16861
16863
16864
16865
16866
16867
16868
16870
16871
16872
16873
16877
16878
16879
16880
16881
16882
16884
16885
16888
16889
16891
16892
16905
16906
16907
16908
16912
16913
16914
16915
16919
16920
16921
16922
16924
16926
16927
16928
16929
16938
16940
16941
16943
16945
16954
16955
16956
16957
16959
16961
16962
16963
16964
16968
16969
16970
16971
16973
16975
16976
16977
16978
16979
16980
16982
16983
16986
16987
16989
16990
17003
17004
17007
17008
17010
17011
17014
17015
17028
17029
17031
17032
17035
17036
17038
17039
17041
17043
17052
17053
17055
17056
17057
17059
17060
17063
17064
17069
17071
17073
17074
17076
17085
17087
17088
17090
17092
17150
17151
17152
17153
17154
17155
17157
17158
17159
17160
17161
17162
17164
17165
17166
17167
17169
17171
17172
17173
17174
17175
17176
17178
17179
17182
17183
17185
17186
17188
17190
17199
17200
17201
17202
17203
17204
17206
17207
17208
17209
17210
17211
17213
17214
17215
17216
17220
17221
17222
17223
17224
17225
17227
17228
17231
17232
17234
17235
17248
17249
17250
17251
17255
17256
17257
17258
17262
17263
17264
17265
17269
17270
17271
17272
17297
17298
17299
17300
17304
17305
17306
17307
17311
17312
17313
17314
17318
17319
17320
17321
17322
17323
17325
17326
17329
17330
17332
17333
17346
17347
17350
17351
17353
17354
17357
17358
17371
17372
17374
17375
17378
17379
17381
17382
17395
17396
17399
17400
17402
17403
17406
17407
17493
17494
17495
17496
17500
17501
17502
17503
17507
17508
17509
17510
17514
17515
17516
17517
17542
17543
17544
17545
17549
17550
17551
17552
17556
17557
17558
17559
17563
17564
17565
17566
17591
17592
17593
17594
17598
17599
17600
17601
17605
17606
17607
17608
17610
17612
17613
17614
17615
17624
17626
17627
17629
17631
17640
17641
17642
17643
17645
17647
17648
17649
17650
17654
17655
17656
17657
17659
17661
17662
17663
17664
17722
17724
17725
17727
17729
17738
17739
17741
17743
17745
17746
17755
17757
17759
17760
17762
17771
17773
17774
17776
17778
17836
17837
17838
17839
17841
17843
17844
17845
17846
17850
17851
17852
17853
17855
17857
17858
17859
17860
17869
17871
17872
17874
17876
17885
17886
17887
17888
17890
17892
17893
17894
17895
17899
17900
17901
17902
17906
17907
17908
17909
17934
17935
17936
17937
17941
17942
17943
17944
17948
17949
17950
17951
17953
17955
17956
17957
17958
17967
17969
17970
17972
17974
17983
17984
17985
17986
17988
17990
17991
17992
17993
17997
17998
17999
18000
18002
18004
18005
18006
18007
18008
18009
18011
18012
18015
18016
18018
18019
18032
18033
18036
18037
18039
18040
18043
18044
18057
18058
18060
18061
18064
18065
18067
18068
18081
18082
18085
18086
18088
18089
18092
18093
18179
18180
18183
18184
18186
18187
18190
18191
18204
18205
18207
18208
18211
18212
18214
18215
18228
18229
18232
18233
18235
18236
18239
18240
18253
18254
18256
18257
18260
18261
18263
18264
18351
18352
18354
18355
18358
18359
18361
18362
18375
18376
18379
18380
18382
18383
18386
18387
18400
18401
18403
18404
18407
18408
18410
18411
18413
18415
18424
18425
18427
18428
18429
18431
18432
18435
18436
18441
18443
18445
18446
18448
18457
18459
18460
18462
18464
18522
18523
18525
18526
18527
18529
18530
18533
18534
18539
18541
18543
18544
18546
18547
18548
18550
18551
18554
18555
18557
18558
18560
18562
18571
18572
18574
18575
18576
18578
18579
18582
18583
18596
18597
18599
18600
18603
18604
18606
18607
18637
18639
18641
18642
18644
18653
18655
18656
18658
18660
18669
18670
18672
18674
18676
18677
18686
18688
18690
18691
18693
18751
18753
18754
18756
18758
18767
18768
18770
18772
18774
18775
18784
18786
18788
18789
18791
18800
18802
18803
18805
18807
19208
19209
19210
19211
19212
19213
19215
19216
19217
19218
19219
19220
19222
19223
19224
19225
19227
19229
19230
19231
19232
19233
19234
19236
19237
19240
19241
19243
19244
19246
19248
19257
19258
19259
19260
19261
19262
19264
19265
19266
19267
19268
19269
19271
19272
19273
19274
19278
19279
19280
19281
19282
19283
19285
19286
19289
19290
19292
19293
19306
19307
19308
19309
19313
19314
19315
19316
19320
19321
19322
19323
19325
19327
19328
19329
19330
19339
19341
19342
19344
19346
19355
19356
19357
19358
19360
19362
19363
19364
19365
19369
19370
19371
19372
19374
19376
19377
19378
19379
19380
19381
19383
19384
19387
19388
19390
19391
19404
19405
19408
19409
19411
19412
19415
19416
19429
19430
19432
19433
19436
19437
19439
19440
19442
19444
19453
19454
19456
19457
19458
19460
19461
19464
19465
19470
19472
19474
19475
19477
19486
19488
19489
19491
19493
19551
19552
19553
19554
19555
19556
19558
19559
19560
19561
19562
19563
19565
19566
19567
19568
19570
19572
19573
19574
19575
19576
19577
19579
19580
19583
19584
19586
19587
19589
19591
19600
19601
19602
19603
19604
19605
19607
19608
19609
19610
19611
19612
19614
19615
19616
19617
19621
19622
19623
19624
19625
19626
19628
19629
19632
19633
19635
19636
19649
19650
19651
19652
19656
19657
19658
19659
19663
19664
19665
19666
19670
19671
19672
19673
19698
19699
19700
19701
19705
19706
19707
19708
19712
19713
19714
19715
19719
19720
19721
19722
19723
19724
19726
19727
19730
19731
19733
19734
19747
19748
19751
19752
19754
19755
19758
19759
19772
19773
19775
19776
19779
19780
19782
19783
19796
19797
19800
19801
19803
19804
19807
19808
19894
19895
19896
19897
19901
19902
19903
19904
19908
19909
19910
19911
19915
19916
19917
19918
19943
19944
19945
19946
19950
19951
19952
19953
19957
19958
19959
19960
19964
19965
19966
19967
19992
19993
19994
19995
19999
20000
20001
20002
20006
20007
20008
20009
20013
20014
20015
20016
20041
20042
20043
20044
20048
20049
20050
20051
20055
20056
20057
20058
20062
20063
20064
20065
20237
20238
20239
20240
20244
20245
20246
20247
20251
20252
20253
20254
20258
20259
20260
20261
20286
20287
20288
20289
20293
20294
20295
20296
20300
20301
20302
20303
20307
20308
20309
20310
20335
20336
20337
20338
20342
20343
20344
20345
20349
20350
20351
20352
20356
20357
20358
20359
20384
20385
20386
20387
20391
20392
20393
20394
20398
20399
20400
20401
20405
20406
20407
20408
20409
20410
20412
20413
20416
20417
20419
20420
20433
20434
20437
20438
20440
20441
20444
20445
20458
20459
20461
20462
20465
20466
20468
20469
20482
20483
20486
20487
20489
20490
20493
20494
20580
20581
20584
20585
20587
20588
20591
20592
20605
20606
20608
20609
20612
20613
20615
20616
20629
20630
20633
20634
20636
20637
20640
20641
20654
20655
20657
20658
20661
20662
20664
20665
20752
20753
20755
20756
20759
20760
20762
20763
20776
20777
20780
20781
20783
20784
20787
20788
20801
20802
20804
20805
20808
20809
20811
20812
20825
20826
20829
20830
20832
20833
20836
20837
20923
20924
20927
20928
20930
20931
20934
20935
20948
20949
20951
20952
20955
20956
20958
20959
20972
20973
20976
20977
20979
20980
20983
20984
20997
20998
21000
21001
21004
21005
21007
21008
21609
21610
21611
21612
21616
21617
21618
21619
21623
21624
21625
21626
21630
21631
21632
21633
21658
21659
21660
21661
21665
21666
21667
21668
21672
21673
21674
21675
21679
21680
21681
21682
21707
21708
21709
21710
21714
21715
21716
21717
21721
21722
21723
21724
21728
21729
21730
21731
21756
21757
21758
21759
21763
21764
21765
21766
21770
21771
21772
21773
21777
21778
21779
21780
21952
21953
21954
21955
21959
21960
21961
21962
21966
21967
21968
21969
21973
21974
21975
21976
22001
22002
22003
22004
22008
22009
22010
22011
22015
22016
22017
22018
22022
22023
22024
22025
22050
22051
22052
22053
22057
22058
22059
22060
22064
22065
22066
22067
22071
22072
22073
22074
22099
22100
22101
22102
22106
22107
22108
22109
22113
22114
22115
22116
22120
22121
22122
22123
22295
22296
22297
22298
22302
22303
22304
22305
22309
22310
22311
22312
22316
22317
22318
22319
22344
22345
22346
22347
22351
22352
22353
22354
22358
22359
22360
22361
22365
22366
22367
22368
22393
22394
22395
22396
22400
22401
22402
22403
22407
22408
22409
22410
22414
22415
22416
22417
22442
22443
22444
22445
22449
22450
22451
22452
22456
22457
22458
22459
22463
22464
22465
22466
22638
22639
22640
22641
22645
22646
22647
22648
22652
22653
22654
22655
22659
22660
22661
22662
22687
22688
22689
22690
22694
22695
22696
22697
22701
22702
22703
22704
22708
22709
22710
22711
22736
22737
22738
22739
22743
22744
22745
22746
22750
22751
22752
22753
22757
22758
22759
22760
22785
22786
22787
22788
22792
22793
22794
22795
22799
22800
22801
22802
22806
22807
22808
22809
24010
24011
24012
24013
24017
24018
24019
24020
24024
24025
24026
24027
24031
24032
24033
24034
24059
24060
24061
24062
24066
24067
24068
24069
24073
24074
24075
24076
24080
24081
24082
24083
24108
24109
24110
24111
24115
24116
24117
24118
24122
24123
24124
24125
24129
24130
24131
24132
24157
24158
24159
24160
24164
24165
24166
24167
24171
24172
24173
24174
24178
24179
24180
24181
24353
24354
24355
24356
24360
24361
24362
24363
24367
24368
24369
24370
24374
24375
24376
24377
24402
24403
24404
24405
24409
24410
24411
24412
24416
24417
24418
24419
24423
24424
24425
24426
24451
24452
24453
24454
24458
24459
24460
24461
24465
24466
24467
24468
24472
24473
24474
24475
24500
24501
24502
24503
24507
24508
24509
24510
24514
24515
24516
24517
24521
24522
24523
24524
24696
24697
24698
24699
24703
24704
24705
24706
24710
24711
24712
24713
24717
24718
24719
24720
24745
24746
24747
24748
24752
24753
24754
24755
24759
24760
24761
24762
24766
24767
24768
24769
24794
24795
24796
24797
24801
24802
24803
24804
24808
24809
24810
24811
24815
24816
24817
24818
24843
24844
24845
24846
24850
24851
24852
24853
24857
24858
24859
24860
24864
24865
24866
24867
25039
25040
25041
25042
25046
25047
25048
25049
25053
25054
25055
25056
25060
25061
25062
25063
25088
25089
25090
25091
25095
25096
25097
25098
25102
25103
25104
25105
25109
25110
25111
25112
25137
25138
25139
25140
25144
25145
25146
25147
25151
25152
25153
25154
25158
25159
25160
25161
25186
25187
25188
25189
25193
25194
25195
25196
25200
25201
25202
25203
25207
25208
25209
25210
25211
25212
25214
25215
25218
25219
25221
25222
25235
25236
25239
25240
25242
25243
25246
25247
25260
25261
25263
25264
25267
25268
25270
25271
25284
25285
25288
25289
25291
25292
25295
25296
25382
25383
25386
25387
25389
25390
25393
25394
25407
25408
25410
25411
25414
25415
25417
25418
25431
25432
25435
25436
25438
25439
25442
25443
25456
25457
25459
25460
25463
25464
25466
25467
25554
25555
25557
25558
25561
25562
25564
25565
25578
25579
25582
25583
25585
25586
25589
25590
25603
25604
25606
25607
25610
25611
25613
25614
25627
25628
25631
25632
25634
25635
25638
25639
25725
25726
25729
25730
25732
25733
25736
25737
25750
25751
25753
25754
25757
25758
25760
25761
25774
25775
25778
25779
25781
25782
25785
25786
25799
25800
25802
25803
25806
25807
25809
25810
26411
26412
26415
26416
26418
26419
26422
26423
26436
26437
26439
26440
26443
26444
26446
26447
26460
26461
26464
26465
26467
26468
26471
26472
26485
26486
26488
26489
26492
26493
26495
26496
26583
26584
26586
26587
26590
26591
26593
26594
26607
26608
26611
26612
26614
26615
26618
26619
26632
26633
26635
26636
26639
26640
26642
26643
26656
26657
26660
26661
26663
26664
26667
26668
26754
26755
26758
26759
26761
26762
26765
26766
26779
26780
26782
26783
26786
26787
26789
26790
26803
26804
26807
26808
26810
26811
26814
26815
26828
26829
26831
26832
26835
26836
26838
26839
26926
26927
26929
26930
26933
26934
26936
26937
26950
26951
26954
26955
26957
26958
26961
26962
26975
26976
26978
26979
26982
26983
26985
26986
26999
27000
27003
27004
27006
27007
27010
27011
27612
27613
27615
27616
27619
27620
27622
27623
27636
27637
27640
27641
27643
27644
27647
27648
27661
27662
27664
27665
27668
27669
27671
27672
27685
27686
27689
27690
27692
27693
27696
27697
27783
27784
27787
27788
27790
27791
27794
27795
27808
27809
27811
27812
27815
27816
27818
27819
27832
27833
27836
27837
27839
27840
27843
27844
27857
27858
27860
27861
27864
27865
27867
27868
27955
27956
27958
27959
27962
27963
27965
27966
27979
27980
27983
27984
27986
27987
27990
27991
28004
28005
28007
28008
28011
28012
28014
28015
28028
28029
28032
28033
28035
28036
28039
28040
28126
28127
28130
28131
28133
28134
28137
28138
28151
28152
28154
28155
28158
28159
28161
28162
28175
28176
28179
28180
28182
28183
28186
28187
28200
28201
28203
28204
28207
28208
28210
28211
28812
28813
28816
28817
28819
28820
28823
28824
28837
28838
28840
28841
28844
28845
28847
28848
28861
28862
28865
28866
28868
28869
28872
28873
28886
28887
28889
28890
28893
28894
28896
28897
28984
28985
28987
28988
28991
28992
28994
28995
29008
29009
29012
29013
29015
29016
29019
29020
29033
29034
29036
29037
29040
29041
29043
29044
29057
29058
29061
29062
29064
29065
29068
29069
29155
29156
29159
29160
29162
29163
29166
29167
29180
29181
29183
29184
29187
29188
29190
29191
29204
29205
29208
29209
29211
29212
29215
29216
29229
29230
29232
29233
29236
29237
29239
29240
29327
29328
29330
29331
29334
29335
29337
29338
29351
29352
29355
29356
29358
29359
29362
29363
29376
29377
29379
29380
29383
29384
29386
29387
29400
29401
29404
29405
29407
29408
29411
29412
33614
33615
33616
33617
33621
33622
33623
33624
33628
33629
33630
33631
33635
33636
33637
33638
33663
33664
33665
33666
33670
33671
33672
33673
33677
33678
33679
33680
33684
33685
33686
33687
33712
33713
33714
33715
33719
33720
33721
33722
33726
33727
33728
33729
33733
33734
33735
33736
33761
33762
33763
33764
33768
33769
33770
33771
33775
33776
33777
33778
33782
33783
33784
33785
33957
33958
33959
33960
33964
33965
33966
33967
33971
33972
33973
33974
33978
33979
33980
33981
34006
34007
34008
34009
34013
34014
34015
34016
34020
34021
34022
34023
34027
34028
34029
34030
34055
34056
34057
34058
34062
34063
34064
34065
34069
34070
34071
34072
34076
34077
34078
34079
34104
34105
34106
34107
34111
34112
34113
34114
34118
34119
34120
34121
34125
34126
34127
34128
34300
34301
34302
34303
34307
34308
34309
34310
34314
34315
34316
34317
34321
34322
34323
34324
34349
34350
34351
34352
34356
34357
34358
34359
34363
34364
34365
34366
34370
34371
34372
34373
34398
34399
34400
34401
34405
34406
34407
34408
34412
34413
34414
34415
34419
34420
34421
34422
34447
34448
34449
34450
34454
34455
34456
34457
34461
34462
34463
34464
34468
34469
34470
34471
34643
34644
34645
34646
34650
34651
34652
34653
34657
34658
34659
34660
34664
34665
34666
34667
34692
34693
34694
34695
34699
34700
34701
34702
34706
34707
34708
34709
34713
34714
34715
34716
34741
34742
34743
34744
34748
34749
34750
34751
34755
34756
34757
34758
34762
34763
34764
34765
34790
34791
34792
34793
34797
34798
34799
34800
34804
34805
34806
34807
34811
34812
34813
34814
36015
36016
36017
36018
36022
36023
36024
36025
36029
36030
36031
36032
36036
36037
36038
36039
36064
36065
36066
36067
36071
36072
36073
36074
36078
36079
36080
36081
36085
36086
36087
36088
36113
36114
36115
36116
36120
36121
36122
36123
36127
36128
36129
36130
36134
36135
36136
36137
36162
36163
36164
36165
36169
36170
36171
36172
36176
36177
36178
36179
36183
36184
36185
36186
36358
36359
36360
36361
36365
36366
36367
36368
36372
36373
36374
36375
36379
36380
36381
36382
36407
36408
36409
36410
36414
36415
36416
36417
36421
36422
36423
36424
36428
36429
36430
36431
36456
36457
36458
36459
36463
36464
36465
36466
36470
36471
36472
36473
36477
36478
36479
36480
36505
36506
36507
36508
36512
36513
36514
36515
36519
36520
36521
36522
36526
36527
36528
36529
36701
36702
36703
36704
36708
36709
36710
36711
36715
36716
36717
36718
36722
36723
36724
36725
36750
36751
36752
36753
36757
36758
36759
36760
36764
36765
36766
36767
36771
36772
36773
36774
36799
36800
36801
36802
36806
36807
36808
36809
36813
36814
36815
36816
36820
36821
36822
36823
36848
36849
36850
36851
36855
36856
36857
36858
36862
36863
36864
36865
36869
36870
36871
36872
37044
37045
37046
37047
37051
37052
37053
37054
37058
37059
37060
37061
37065
37066
37067
37068
37093
37094
37095
37096
37100
37101
37102
37103
37107
37108
37109
37110
37114
37115
37116
37117
37142
37143
37144
37145
37149
37150
37151
37152
37156
37157
37158
37159
37163
37164
37165
37166
37191
37192
37193
37194
37198
37199
37200
37201
37205
37206
37207
37208
37212
37213
37214
37215
38416
38417
38418
38419
38423
38424
38425
38426
38430
38431
38432
38433
38437
38438
38439
38440
38465
38466
38467
38468
38472
38473
38474
38475
38479
38480
38481
38482
38486
38487
38488
38489
38514
38515
38516
38517
38521
38522
38523
38524
38528
38529
38530
38531
38535
38536
38537
38538
38563
38564
38565
38566
38570
38571
38572
38573
38577
38578
38579
38580
38584
38585
38586
38587
38759
38760
38761
38762
38766
38767
38768
38769
38773
38774
38775
38776
38780
38781
38782
38783
38808
38809
38810
38811
38815
38816
38817
38818
38822
38823
38824
38825
38829
38830
38831
38832
38857
38858
38859
38860
38864
38865
38866
38867
38871
38872
38873
38874
38878
38879
38880
38881
38906
38907
38908
38909
38913
38914
38915
38916
38920
38921
38922
38923
38927
38928
38929
38930
39102
39103
39104
39105
39109
39110
39111
39112
39116
39117
39118
39119
39123
39124
39125
39126
39151
39152
39153
39154
39158
39159
39160
39161
39165
39166
39167
39168
39172
39173
39174
39175
39200
39201
39202
39203
39207
39208
39209
39210
39214
39215
39216
39217
39221
39222
39223
39224
39249
39250
39251
39252
39256
39257
39258
39259
39263
39264
39265
39266
39270
39271
39272
39273
39445
39446
39447
39448
39452
39453
39454
39455
39459
39460
39461
39462
39466
39467
39468
39469
39494
39495
39496
39497
39501
39502
39503
39504
39508
39509
39510
39511
39515
39516
39517
39518
39543
39544
39545
39546
39550
39551
39552
39553
39557
39558
39559
39560
39564
39565
39566
39567
39592
39593
39594
39595
39599
39600
39601
39602
39606
39607
39608
39609
39613
39614
39615
39616
40817
40818
40819
40820
40824
40825
40826
40827
40831
40832
40833
40834
40838
40839
40840
40841
40866
40867
40868
40869
40873
40874
40875
40876
40880
40881
40882
40883
40887
40888
40889
40890
40915
40916
40917
40918
40922
40923
40924
40925
40929
40930
40931
40932
40936
40937
40938
40939
40964
40965
40966
40967
40971
40972
40973
40974
40978
40979
40980
40981
40985
40986
40987
40988
41160
41161
41162
41163
41167
41168
41169
41170
41174
41175
41176
41177
41181
41182
41183
41184
41209
41210
41211
41212
41216
41217
41218
41219
41223
41224
41225
41226
41230
41231
41232
41233
41258
41259
41260
41261
41265
41266
41267
41268
41272
41273
41274
41275
41279
41280
41281
41282
41307
41308
41309
41310
41314
41315
41316
41317
41321
41322
41323
41324
41328
41329
41330
41331
41503
41504
41505
41506
41510
41511
41512
41513
41517
41518
41519
41520
41524
41525
41526
41527
41552
41553
41554
41555
41559
41560
41561
41562
41566
41567
41568
41569
41573
41574
41575
41576
41601
41602
41603
41604
41608
41609
41610
41611
41615
41616
41617
41618
41622
41623
41624
41625
41650
41651
41652
41653
41657
41658
41659
41660
41664
41665
41666
41667
41671
41672
41673
41674
41846
41847
41848
41849
41853
41854
41855
41856
41860
41861
41862
41863
41867
41868
41869
41870
41895
41896
41897
41898
41902
41903
41904
41905
41909
41910
41911
41912
41916
41917
41918
41919
41944
41945
41946
41947
41951
41952
41953
41954
41958
41959
41960
41961
41965
41966
41967
41968
41993
41994
41995
41996
42000
42001
42002
42003
42007
42008
42009
42010
42014
42015
42016
42017
50421
50422
50423
50424
50428
50429
50430
50431
50435
50436
50437
50438
50442
50443
50444
50445
50470
50471
50472
50473
50477
50478
50479
50480
50484
50485
50486
50487
50491
50492
50493
50494
50519
50520
50521
50522
50526
50527
50528
50529
50533
50534
50535
50536
50540
50541
50542
50543
50568
50569
50570
50571
50575
50576
50577
50578
50582
50583
50584
50585
50589
50590
50591
50592
50764
50765
50766
50767
50771
50772
50773
50774
50778
50779
50780
50781
50785
50786
50787
50788
50813
50814
50815
50816
50820
50821
50822
50823
50827
50828
50829
50830
50834
50835
50836
50837
50862
50863
50864
50865
50869
50870
50871
50872
50876
50877
50878
50879
50883
50884
50885
50886
50911
50912
50913
50914
50918
50919
50920
50921
50925
50926
50927
50928
50932
50933
50934
50935
51107
51108
51109
51110
51114
51115
51116
51117
51121
51122
51123
51124
51128
51129
51130
51131
51156
51157
51158
51159
51163
51164
51165
51166
51170
51171
51172
51173
51177
51178
51179
51180
51205
51206
51207
51208
51212
51213
51214
51215
51219
51220
51221
51222
51226
51227
51228
51229
51254
51255
51256
51257
51261
51262
51263
51264
51268
51269
51270
51271
51275
51276
51277
51278
51450
51451
51452
51453
51457
51458
51459
51460
51464
51465
51466
51467
51471
51472
51473
51474
51499
51500
51501
51502
51506
51507
51508
51509
51513
51514
51515
51516
51520
51521
51522
51523
51548
51549
51550
51551
51555
51556
51557
51558
51562
51563
51564
51565
51569
51570
51571
51572
51597
51598
51599
51600
51604
51605
51606
51607
51611
51612
51613
51614
51618
51619
51620
51621
52822
52823
52824
52825
52829
52830
52831
52832
52836
52837
52838
52839
52843
52844
52845
52846
52871
52872
52873
52874
52878
52879
52880
52881
52885
52886
52887
52888
52892
52893
52894
52895
52920
52921
52922
52923
52927
52928
52929
52930
52934
52935
52936
52937
52941
52942
52943
52944
52969
52970
52971
52972
52976
52977
52978
52979
52983
52984
52985
52986
52990
52991
52992
52993
53165
53166
53167
53168
53172
53173
53174
53175
53179
53180
53181
53182
53186
53187
53188
53189
53214
53215
53216
53217
53221
53222
53223
53224
53228
53229
53230
53231
53235
53236
53237
53238
53263
53264
53265
53266
53270
53271
53272
53273
53277
53278
53279
53280
53284
53285
53286
53287
53312
53313
53314
53315
53319
53320
53321
53322
53326
53327
53328
53329
53333
53334
53335
53336
53508
53509
53510
53511
53515
53516
53517
53518
53522
53523
53524
53525
53529
53530
53531
53532
53557
53558
53559
53560
53564
53565
53566
53567
53571
53572
53573
53574
53578
53579
53580
53581
53606
53607
53608
53609
53613
53614
53615
53616
53620
53621
53622
53623
53627
53628
53629
53630
53655
53656
53657
53658
53662
53663
53664
53665
53669
53670
53671
53672
53676
53677
53678
53679
53851
53852
53853
53854
53858
53859
53860
53861
53865
53866
53867
53868
53872
53873
53874
53875
53900
53901
53902
53903
53907
53908
53909
53910
53914
53915
53916
53917
53921
53922
53923
53924
53949
53950
53951
53952
53956
53957
53958
53959
53963
53964
53965
53966
53970
53971
53972
53973
53998
53999
54000
54001
54005
54006
54007
54008
54012
54013
54014
54015
54019
54020
54021
54022
55223
55224
55225
55226
55230
55231
55232
55233
55237
55238
55239
55240
55244
55245
55246
55247
55272
55273
55274
55275
55279
55280
55281
55282
55286
55287
55288
55289
55293
55294
55295
55296
55321
55322
55323
55324
55328
55329
55330
55331
55335
55336
55337
55338
55342
55343
55344
55345
55370
55371
55372
55373
55377
55378
55379
55380
55384
55385
55386
55387
55391
55392
55393
55394
55566
55567
55568
55569
55573
55574
55575
55576
55580
55581
55582
55583
55587
55588
55589
55590
55615
55616
55617
55618
55622
55623
55624
55625
55629
55630
55631
55632
55636
55637
55638
55639
55664
55665
55666
55667
55671
55672
55673
55674
55678
55679
55680
55681
55685
55686
55687
55688
55713
55714
55715
55716
55720
55721
55722
55723
55727
55728
55729
55730
55734
55735
55736
55737
55909
55910
55911
55912
55916
55917
55918
55919
55923
55924
55925
55926
55930
55931
55932
55933
55958
55959
55960
55961
55965
55966
55967
55968
55972
55973
55974
55975
55979
55980
55981
55982
56007
56008
56009
56010
56014
56015
56016
56017
56021
56022
56023
56024
56028
56029
56030
56031
56056
56057
56058
56059
56063
56064
56065
56066
56070
56071
56072
56073
56077
56078
56079
56080
56252
56253
56254
56255
56259
56260
56261
56262
56266
56267
56268
56269
56273
56274
56275
56276
56301
56302
56303
56304
56308
56309
56310
56311
56315
56316
56317
56318
56322
56323
56324
56325
56350
56351
56352
56353
56357
56358
56359
56360
56364
56365
56366
56367
56371
56372
56373
56374
56399
56400
56401
56402
56406
56407
56408
56409
56413
56414
56415
56416
56420
56421
56422
56423
57624
57625
57626
57627
57631
57632
57633
57634
57638
57639
57640
57641
57645
57646
57647
57648
57673
57674
57675
57676
57680
57681
57682
57683
57687
57688
57689
57690
57694
57695
57696
57697
57722
57723
57724
57725
57729
57730
57731
57732
57736
57737
57738
57739
57743
57744
57745
57746
57771
57772
57773
57774
57778
57779
57780
57781
57785
57786
57787
57788
57792
57793
57794
57795
57967
57968
57969
57970
57974
57975
57976
57977
57981
57982
57983
57984
57988
57989
57990
57991
58016
58017
58018
58019
58023
58024
58025
58026
58030
58031
58032
58033
58037
58038
58039
58040
58065
58066
58067
58068
58072
58073
58074
58075
58079
58080
58081
58082
58086
58087
58088
58089
58114
58115
58116
58117
58121
58122
58123
58124
58128
58129
58130
58131
58135
58136
58137
58138
58310
58311
58312
58313
58317
58318
58319
58320
58324
58325
58326
58327
58331
58332
58333
58334
58359
58360
58361
58362
58366
58367
58368
58369
58373
58374
58375
58376
58380
58381
58382
58383
58408
58409
58410
58411
58415
58416
58417
58418
58422
58423
58424
58425
58429
58430
58431
58432
58457
58458
58459
58460
58464
58465
58466
58467
58471
58472
58473
58474
58478
58479
58480
58481
58653
58654
58655
58656
58660
58661
58662
58663
58667
58668
58669
58670
58674
58675
58676
58677
58702
58703
58704
58705
58709
58710
58711
58712
58716
58717
58718
58719
58723
58724
58725
58726
58751
58752
58753
58754
58758
58759
58760
58761
58765
58766
58767
58768
58772
58773
58774
58775
58800
58801
58802
58803
58807
58808
58809
58810
58814
58815
58816
58817
58821
58822
58823
58824
