2
4
5
6
7
8
9
10
11
12
13
14
15
16
17
18
19
20
22
23
24
25
26
27
28
29
30
31
32
33
34
35
36
37
38
39
40
41
42
43
44
45
46
47
48
49
50
51
52
53
54
55
56
57
58
59
60
61
62
63
64
65
66
67
68
69
70
71
72
73
74
75
76
77
78
79
80
81
82
83
84
85
86
87
88
89
90
91
92
93
94
95
96
97
98
99
100
101
102
103
104
105
106
107
108
109
110
111
113
116
118
119
120
121
122
123
124
125
126
127
128
129
130
132
133
134
135
137
138
139
140
141
142
143
145
148
152
153
154
155
157
159
160
161
162
165
166
169
170
172
174
175
176
177
178
179
180
181
182
183
185
186
187
188
189
190
191
192
193
195
196
197
198
199
200
201
202
203
204
205
206
207
208
209
210
211
213
214
215
217
218
219
220
222
223
224
225
226
227
228
230
231
232
233
234
235
237
238
239
240
242
243
244
245
246
248
250
251
252
254
255
256
257
258
259
260
262
263
264
265
266
267
268
269
272
273
276
277
278
279
280
281
282
283
284
286
287
288
293
294
295
296
297
298
300
301
302
303
305
307
308
309
311
312
314
315
316
317
318
319
322
323
324
326
327
328
329
330
331
332
333
334
335
336
337
338
339
340
342
343
344
345
347
348
349
350
351
352
353
354
355
356
357
358
359
362
364
365
366
368
369
370
371
372
373
375
377
378
379
381
384
385
386
387
389
390
391
392
393
394
395
396
397
398
399
400
401
402
403
404
405
406
407
408
409
410
411
412
413
414
415
416
418
419
420
421
422
424
425
426
427
428
430
433
434
435
436
437
438
440
441
444
446
447
448
449
451
452
454
456
458
462
463
464
465
469
470
471
473
476
477
480
482
483
484
486
490
491
493
495
496
497
498
503
504
505
507
508
510
511
512
514
516
517
519
523
525
526
527
530
531
533
534
535
536
537
539
540
541
543
544
545
546
547
548
550
552
555
558
559
561
564
565
567
568
569
571
572
573
574
575
578
580
581
582
584
585
586
587
588
589
590
594
595
596
597
598
600
602
603
604
605
608
609
611
612
614
615
616
618
621
623
624
627
628
629
630
631
632
634
636
637
638
641
643
644
645
646
648
650
651
652
657
658
660
664
665
666
667
669
671
672
674
676
677
678
679
680
681
683
685
686
687
688
691
693
694
698
700
701
708
709
713
715
718
720
722
727
728
733
734
735
736
737
740
741
742
743
745
746
747
748
752
756
757
758
759
760
761
762
763
764
766
768
769
770
771
774
776
777
778
783
787
790
791
794
797
799
813
818
820
826
827
829
831
834
838
839
840
841
843
846
847
848
856
858
860
861
862
863
865
867
868
870
876
877
882
888
889
890
891
894
896
897
900
901
903
904
905
910
911
913
914
920
921
923
924
925
926
927
931
932
934
937
938
945
946
951
953
954
957
959
960
964
965
966
967
968
974
978
980
981
985
986
987
988
989
993
994
995
999
1001
1002
1003
1004
1007
1009
1012
1014
1015
1016
1017
1020
1024
1034
1036
1037
1047
1051
1064
1065
1068
1069
1078
1079
1085
1087
1088
1090
1091
1096
1107
1109
1112
1115
1118
1119
1121
1122
1123
1124
1127
1128
1129
1133
1134
1135
1137
1139
1142
1149
1155
1158
1159
1161
1162
1164
1167
1170
1171
1180
1183
1189
1190
1191
1195
1199
1201
1204
1208
1212
1214
1217
1218
1219
1221
1224
1225
1226
1229
1231
1232
1233
1238
1240
1243
1245
1246
1247
1249
1250
1253
1266
1267
1268
1269
1270
1273
1274
1275
1276
1281
1282
1284
1286
1290
1291
1295
1300
1308
1309
1310
1311
1314
1316
1317
1318
1319
1323
1324
1328
1330
1337
1338
1339
1342
1344
1345
1346
1348
1350
1351
1352
1355
1359
1363
1366
1367
1372
1373
1376
1378
1379
1380
1383
1384
1385
1390
1395
1397
1399
1400
1401
1403
1404
1406
1408
1413
1414
1415
1417
1418
1420
1421
1422
1425
1427
1428
1429
1432
1434
1435
1436
1437
1438
1439
1440
1443
1449
1450
1452
1453
1454
1455
1456
1457
1459
1462
1463
1464
1465
1467
1468
1469
1470
1471
1474
1476
1477
1478
1480
1482
1483
1485
1488
1491
1492
1493
1495
1498
1501
1504
1505
1508
1511
1513
1519
1520
1521
1524
1526
1527
1528
1529
1531
1533
1535
1542
1548
1555
1559
1562
1563
1565
1568
1569
1570
1572
1574
1575
1576
1577
1579
1580
1581
1583
1587
1589
1590
1596
1597
1599
1600
1602
1606
1609
1610
1611
1614
1616
1624
1628
1632
1634
1638
1639
1641
1646
1651
1653
1655
1656
1657
1658
1659
1660
1661
1662
1665
1666
1667
1670
1671
1672
1673
1674
1677
1678
1679
1680
1682
1694
1695
1698
1700
1701
1702
1707
1708
1709
1712
1714
1715
1716
1717
1720
1722
1730
1734
1736
1737
1750
1751
1755
1764
1765
1773
1776
1778
1779
1780
1783
1786
1787
1789
1792
1796
1799
1800
1805
1806
1807
1808
1811
1819
1820
1824
1826
1830
1831
1834
1835
1837
1838
1840
1841
1845
1849
1854
1855
1862
1863
1869
1870
1871
1874
1876
1878
1879
1882
1883
1884
1886
1898
1902
1904
1911
1912
1934
1936
1938
1945
1947
1949
1952
1953
1954
1955
1959
1960
1961
1973
1977
1978
1980
1981
1982
1984
1989
1994
1998
2001
2002
2009
2010
2013
2015
2019
2036
2038
2045
2047
2050
2054
2058
2059
2062
2064
2065
2066
2068
2069
2071
2083
2086
2087
2090
2092
2099
2100
2101
2104
2106
2107
2108
2110
2111
2112
2113
2114
2115
2118
2120
2121
2127
2129
2135
2136
2138
2139
2141
2143
2144
2148
2149
2150
2153
2154
2155
2162
2163
2169
2174
2181
2184
2186
2190
2193
2194
2196
2197
2205
2206
2213
2215
2219
2228
2242
2254
2255
2258
2260
2261
2262
2265
2267
2274
2276
2279
2282
2283
2286
2288
2296
2297
2300
2302
2306
2309
2310
2321
2323
2325
2327
2330
2331
2332
2337
2352
2353
2356
2358
2359
2360
2363
2365
2367
2370
2380
2381
2384
2386
2388
2391
2394
2395
2398
2400
2401
2402
2403
2405
2406
2407
2408
2409
2411
2412
2413
2414
2415
2416
2420
2421
2423
2424
2426
2428
2429
2430
2432
2433
2435
2436
2437
2439
2441
2442
2443
2444
2446
2447
2449
2450
2451
2452
2454
2456
2457
2458
2459
2460
2461
2462
2463
2467
2470
2471
2472
2474
2476
2478
2479
2482
2483
2484
2485
2486
2487
2490
2491
2492
2493
2494
2496
2498
2499
2500
2501
2506
2507
2509
2511
2512
2514
2530
2534
2536
2539
2543
2553
2555
2562
2563
2571
2573
2575
2576
2577
2580
2582
2584
2591
2592
2595
2597
2598
2601
2603
2604
2605
2606
2608
2609
2610
2615
2616
2619
2623
2625
2626
2629
2631
2635
2638
2639
2640
2643
2645
2659
2661
2663
2664
2666
2667
2668
2670
2673
2680
2684
2687
2688
2695
2696
2699
2701
2702
2703
2706
2708
2722
2723
2724
2727
2729
2737
2738
2741
2743
2744
2745
2746
2748
2750
2751
2752
2754
2755
2756
2757
2758
2759
2767
2772
2773
2776
2778
2782
2786
2787
2790
2792
2793
2794
2795
2797
2799
2800
2801
2803
2804
2805
2806
2810
2814
2815
2817
2819
2821
2822
2825
2826
2827
2828
2829
2834
2835
2836
2839
2841
2842
2843
2852
2855
2856
2858
2859
2863
2864
2865
2866
2870
2874
2877
2888
2891
2892
2896
2898
2899
2908
2912
2913
2915
2917
2924
2926
2927
2928
2931
2935
2940
2941
2944
2946
2947
2948
2951
2953
2963
2966
2968
2969
2972
2973
2974
2975
2976
2982
2983
2984
2986
2988
2989
2990
2991
2996
2997
3001
3025
3029
3030
3031
3032
3033
3037
3038
3039
3042
3043
3044
3045
3046
3049
3051
3052
3054
3066
3067
3070
3072
3079
3080
3081
3084
3086
3146
3149
3153
3157
3158
3160
3177
3178
3179
3184
3195
3198
3202
3206
3207
3209
3234
3235
3241
3242
3251
3255
3256
3258
3268
3272
3293
3296
3303
3305
3308
3311
3326
3339
3345
3350
3352
3354
3373
3374
3381
3382
3385
3387
3430
3431
3437
3438
3440
3443
3464
3468
3473
3479
3480
3483
3485
3486
3487
3499
3501
3511
3515
3545
3549
3550
3552
3560
3564
3569
3570
3577
3578
3584
3585
3594
3597
3598
3599
3601
3603
3610
3612
3613
3614
3617
3621
3652
3659
3661
3662
3675
3676
3677
3682
3683
3687
3689
3690
3698
3701
3708
3710
3711
3738
3739
3747
3761
3764
3768
3773
3774
3777
3779
3780
3781
3784
3786
3801
3802
3805
3807
3815
3816
3819
3821
3822
3823
3826
3828
3829
3830
3833
3835
3850
3851
3854
3856
3864
3865
3868
3870
3903
3907
3912
3913
3927
3940
3942
3945
3946
3948
3952
3953
3955
3956
3957
3960
3964
3969
3970
3973
3975
3976
3977
3980
3982
3987
3995
3997
3998
4001
4002
4003
4004
4005
4011
4012
4015
4017
4018
4019
4020
4025
4026
4030
4067
4068
4071
4073
4074
4075
4078
4080
4085
4095
4096
4099
4101
4103
4109
4110
4113
4115
4116
4117
4118
4123
4124
4128
4130
4131
4139
4159
4165
4166
4167
4169
4171
4172
4173
4177
4185
4187
4191
4197
4198
4200
4201
4202
4205
4209
4214
4215
4216
4221
4222
4226
4251
4254
4258
4277
4278
4286
4289
4296
4298
4299
4300
4303
4307
4338
4345
4347
4348
4361
4362
4363
4368
4369
4373
4402
4403
4404
4409
4410
4411
4417
4418
4451
4452
4453
4458
4459
4460
4463
4465
4466
4467
4469
4470
4472
4487
4488
4491
4493
4497
4501
4502
4505
4507
4508
4509
4512
4514
4515
4516
4519
4521
4536
4537
4540
4542
4545
4548
4550
4551
4552
4554
4556
4557
4558
4559
4564
4565
4569
4594
4597
4601
4620
4621
4629
4640
4644
4655
4656
4659
4661
4662
4663
4665
4666
4668
4683
4684
4687
4689
4697
4698
4701
4703
4718
4719
4727
4730
4737
4739
4740
4745
4746
4747
4752
4753
4754
4757
4759
4760
4761
4764
4766
4767
4768
4776
4781
4782
4785
4787
4790
4793
4794
4795
4796
4797
4799
4801
4802
4803
4804
4809
4810
4814
4816
4817
4825
4851
4852
4853
4858
4859
4863
4877
4884
4886
4887
4888
4891
4895
4900
4901
4902
4907
4908
4912
4937
4940
4944
4963
4964
4972
5145
5146
5147
5152
5153
5157
5159
5160
5168
5172
5174
5176
5187
5190
5194
5195
5196
5200
5201
5202
5204
5206
5207
5211
5215
5216
5218
5220
5221
5223
5227
5229
5230
5235
5236
5237
5242
5253
5256
5260
5264
5265
5267
5277
5281
5284
5292
5293
5299
5300
5302
5309
5313
5314
5316
5318
5325
5327
5328
5329
5330
5332
5333
5334
5336
5337
5347
5348
5356
5362
5367
5372
5374
5376
5377
5379
5382
5383
5386
5390
5391
5392
5397
5398
5400
5402
5431
5432
5433
5438
5439
5440
5446
5447
5466
5468
5477
5480
5481
5482
5487
5515
5517
5519
5530
5533
5537
5538
5547
5550
5554
5558
5559
5561
5578
5579
5580
5585
5596
5599
5911
5914
5935
5936
5937
5939
5944
5960
6016
6019
6020
6023
6033
6034
6042
6069
6072
6084
6086
6112
6116
6119
6120
6130
6132
6139
6141
6144
6147
6148
6161
6165
6237
6239
6242
6245
6258
6266
6267
6280
6282
6287
6303
6306
6307
6310
6313
6321
6322
6326
6328
6329
6330
6331
6333
6335
6337
6357
6361
6364
6365
6379
6382
6389
6391
6392
6401
6408
6411
6440
6453
6455
6459
6461
6462
6463
6464
6473
6475
6482
6484
6517
6518
6522
6524
6536
6539
6603
6606
6610
6615
6616
6617
6622
6623
6627
6652
6655
6659
6678
6679
6687
6690
6697
6699
6700
6701
6704
6708
6739
6746
6748
6749
6762
6763
6764
6769
6770
6774
6946
6949
6953
6958
6959
6960
6965
6966
6970
6993
6995
6998
7002
7012
7014
7016
7019
7021
7022
7023
7030
7043
7047
7110
7112
7114
7117
7119
7120
7128
7131
7138
7140
7141
7168
7169
7173
7176
7177
7190
7191
7194
7198
7422
7442
7443
7448
7449
7453
7455
7457
7460
7471
7483
7546
7547
7551
7553
7565
7568
7609
7611
7614
7617
7630
7638
7639
7805
7806
7814
7817
7824
7826
7827
7854
7855
7863
7877
7880
7884
7889
7890
7891
7896
7897
7901
7903
7904
7912
7938
7939
7940
7945
7946
7950
7964
7971
7973
7974
8148
8149
8157
8160
8167
8169
8170
8197
8198
8206
8220
8223
8227
8318
8321
8325
8330
8331
8332
8337
8338
8342
8367
8370
8374
8393
8394
8402
8404
8407
8411
8415
8428
8429
8432
8434
8441
8446
8448
8450
8453
8456
8471
8484
8575
8576
8579
8581
8582
8600
8603
8616
8617
8665
8666
8667
8686
8691
8698
8701
8705
8709
8714
8715
8729
8742
8744
8747
8750
8754
8758
8771
8772
8775
8777
8784
8789
8876
8882
8887
8901
8905
8912
8961
8967
8968
8971
8973
8987
8989
8999
9003
9604
9605
9608
9610
9611
9612
9615
9617
9629
9632
9633
9636
9638
9645
9646
9647
9650
9652
9653
9654
9657
9659
9660
9661
9664
9666
9673
9675
9681
9682
9685
9687
9689
9695
9696
9699
9701
9776
9779
9783
9787
9800
9801
9804
9806
9807
9808
9811
9813
9818
9828
9829
9832
9834
9842
9843
9846
9848
9862
9867
9869
9871
9890
9891
9898
9899
9902
9904
9905
9906
9909
9911
9926
9927
9930
9932
9940
9941
9944
9946
9947
9948
9951
9953
9954
9955
9958
9960
9975
9976
9979
9981
9989
9990
9993
9995
9996
9997
10000
10002
10003
10004
10007
10009
10024
10025
10028
10030
10038
10039
10042
10044
10143
10144
10147
10149
10150
10151
10154
10156
10171
10172
10175
10177
10185
10186
10189
10191
10205
10210
10212
10214
10233
10234
10241
10242
10245
10247
10248
10249
10252
10254
10259
10269
10270
10273
10275
10277
10283
10284
10287
10289
10380
10381
10382
10401
10406
10413
10416
10462
10465
10469
10473
10486
10487
10490
10492
10499
10504
10976
10977
10980
10982
10983
10984
10987
10989
11004
11005
11008
11010
11018
11019
11022
11024
11025
11026
11029
11031
11032
11033
11036
11038
11053
11054
11057
11059
11067
11068
11071
11073
11172
11173
11176
11178
11179
11180
11183
11185
11200
11201
11204
11206
11210
11213
11214
11215
11218
11220
11238
11242
11243
11245
11255
11259
11262
11263
11264
11269
11270
11271
11274
11276
11277
11278
11281
11283
11298
11299
11302
11304
11311
11312
11313
11316
11318
11434
11438
11439
11441
11466
11467
11473
11474
11483
11487
11488
11490
11549
11553
11556
11557
11558
11563
11581
11585
11586
11588
11598
11602
11605
11606
11607
11612
11613
11614
11620
11621
11654
11655
11656
11661
11662
11663
11666
11668
11669
11670
11672
11673
11675
11690
11691
11694
11696
11700
11704
11705
11708
11710
11711
11712
11715
11717
11718
11719
11722
11724
11739
11740
11743
11745
11753
11754
11757
11759
11843
11847
11858
11859
11862
11864
11865
11866
11868
11869
11871
11886
11887
11890
11892
11900
11901
11904
11906
11948
11949
11950
11955
11956
11957
11960
11962
11963
11964
11967
11969
11984
11985
11988
11990
11997
11998
11999
12002
12004
12806
12810
12811
12813
12838
12839
12845
12846
12855
12859
12860
12862
12872
12876
12897
12900
13034
13035
13041
13042
13044
13047
13068
13072
13083
13084
13090
13091
13149
13153
13154
13156
13181
13182
13188
13189
13198
13202
13203
13205
13607
13611
13614
13615
13616
13621
13639
13643
13644
13646
13656
13660
13663
13664
13665
13670
13671
13672
13678
13679
13712
13713
13714
13719
13835
13839
13840
13842
13867
13868
13874
13875
13884
13888
13889
13891
13950
13954
13957
13958
13959
13964
13982
13986
13987
13989
13999
14003
14406
14407
14410
14412
14413
14414
14417
14419
14434
14435
14438
14440
14448
14449
14452
14454
14455
14456
14459
14461
14462
14463
14466
14468
14483
14484
14487
14489
14497
14498
14501
14503
14602
14603
14606
14608
14609
14610
14613
14615
14630
14631
14634
14636
14644
14645
14648
14650
14700
14701
14704
14706
14707
14708
14711
14713
14728
14729
14732
14734
14742
14743
14746
14748
14749
14750
14753
14755
14756
14757
14760
14762
14777
14778
14781
14783
14791
14792
14795
14797
14798
14799
14802
14804
14805
14806
14809
14811
14826
14827
14830
14832
14840
14841
14844
14846
14945
14946
14949
14951
14952
14953
14956
14958
14973
14974
14977
14979
14987
14988
14991
14993
15043
15044
15047
15049
15050
15051
15054
15056
15071
15072
15075
15077
15085
15086
15089
15091
15778
15779
15782
15784
15785
15786
15789
15791
15806
15807
15810
15812
15820
15821
15824
15826
15827
15828
15831
15833
15834
15835
15838
15840
15855
15856
15859
15861
15869
15870
15873
15875
15974
15975
15978
15980
15981
15982
15985
15987
16002
16003
16006
16008
16016
16017
16020
16022
16072
16073
16076
16078
16079
16080
16083
16085
16100
16101
16104
16106
16114
16115
16118
16120
16464
16465
16468
16470
16471
16472
16475
16477
16492
16493
16496
16498
16506
16507
16510
16512
16513
16514
16517
16519
16520
16521
16524
16526
16541
16542
16545
16547
16555
16556
16559
16561
16660
16661
16664
16666
16667
16668
16671
16673
16688
16689
16692
16694
16702
16703
16706
16708
16758
16759
16762
16764
16765
16766
16769
16771
16786
16787
16790
16792
16800
16801
16804
16806
16807
16808
16809
16811
16813
16814
16815
16818
16819
16820
16821
16822
16830
16835
16836
16839
16841
16849
16850
16853
16855
16856
16857
16858
16860
16862
16863
16864
16867
16868
16869
16882
16884
16885
16888
16889
16890
16891
16892
16893
16896
16898
16899
16900
16902
16904
16905
16906
16907
16912
16913
16917
16942
16945
16949
16968
16969
16977
17003
17004
17007
17009
17010
17011
17014
17016
17031
17032
17035
17037
17045
17046
17049
17051
17101
17102
17105
17107
17108
17109
17112
17114
17129
17130
17133
17135
17143
17144
17147
17149
17150
17151
17152
17154
17156
17157
17158
17161
17162
17163
17164
17165
17173
17178
17179
17182
17184
17192
17193
17196
17198
17199
17200
17201
17203
17205
17206
17207
17210
17211
17212
17225
17227
17228
17231
17232
17233
17234
17235
17241
17242
17245
17247
17323
17330
17332
17333
17334
17337
17341
17346
17347
17350
17352
17353
17354
17357
17359
17372
17374
17375
17378
17379
17380
17381
17382
17388
17389
17392
17394
17395
17396
17397
17402
17403
17407
17409
17410
17418
17421
17428
17430
17431
17444
17445
17448
17450
17451
17452
17455
17457
17458
17459
17467
17472
17473
17476
17478
17481
17484
17486
17487
17488
17490
17492
17493
17494
17495
17500
17501
17505
17507
17508
17516
17542
17543
17544
17549
17550
17554
17568
17575
17577
17578
17752
17753
17761
17764
17771
17773
17774
17801
17802
17810
17824
17827
17831
17922
17925
17929
17934
17935
17936
17941
17942
17946
17971
17974
17978
17997
17998
18006
18179
18180
18183
18185
18186
18187
18190
18192
18207
18208
18211
18213
18221
18222
18225
18227
18228
18229
18232
18234
18235
18236
18239
18241
18256
18257
18260
18262
18270
18271
18274
18276
18375
18376
18379
18381
18382
18383
18386
18388
18403
18404
18407
18409
18417
18418
18421
18423
18473
18474
18477
18479
18480
18481
18484
18486
18501
18502
18505
18507
18515
18516
18519
18521
18865
18866
18869
18871
18872
18873
18876
18878
18893
18894
18897
18899
18907
18908
18911
18913
18914
18915
18918
18920
18921
18922
18925
18927
18942
18943
18946
18948
18956
18957
18960
18962
19061
19062
19065
19067
19068
19069
19072
19074
19089
19090
19093
19095
19103
19104
19107
19109
19159
19160
19163
19165
19166
19167
19170
19172
19187
19188
19191
19193
19201
19202
19205
19207
19208
19209
19210
19212
19214
19215
19216
19219
19220
19221
19222
19223
19231
19236
19237
19240
19242
19250
19251
19254
19256
19257
19258
19259
19261
19263
19264
19265
19268
19269
19270
19283
19285
19286
19289
19290
19291
19292
19293
19294
19297
19299
19300
19301
19303
19305
19306
19307
19308
19313
19314
19318
19343
19346
19350
19369
19370
19378
19404
19405
19408
19410
19411
19412
19415
19417
19432
19433
19436
19438
19446
19447
19450
19452
19502
19503
19506
19508
19509
19510
19513
19515
19530
19531
19534
19536
19544
19545
19548
19550
19551
19552
19553
19555
19557
19558
19559
19562
19563
19564
19565
19566
19574
19579
19580
19583
19585
19593
19594
19597
19599
19600
19601
19602
19604
19606
19607
19608
19611
19612
19613
19626
19628
19629
19632
19633
19634
19635
19636
19642
19643
19646
19648
19724
19731
19733
19734
19735
19738
19742
19747
19748
19751
19753
19754
19755
19758
19760
19773
19775
19776
19779
19780
19781
19782
19783
19789
19790
19793
19795
19796
19797
19798
19803
19804
19808
19845
19846
19849
19851
19852
19853
19856
19858
19873
19874
19877
19879
19887
19888
19891
19893
20410
20417
20419
20420
20421
20424
20428
20459
20466
20468
20469
20482
20483
20484
20489
20490
20494
20496
20497
20505
20508
20515
20517
20518
20545
20546
20554
20568
20571
20575
20580
20581
20584
20586
20587
20588
20591
20593
20608
20609
20612
20614
20622
20623
20626
20628
20629
20630
20633
20635
20636
20637
20640
20642
20657
20658
20661
20663
20671
20672
20675
20677
20753
20760
20762
20763
20764
20767
20771
20776
20777
20780
20782
20783
20784
20787
20789
20802
20804
20805
20808
20809
20810
20811
20812
20818
20819
20822
20824
20825
20826
20827
20832
20833
20837
20874
20875
20878
20880
20881
20882
20885
20887
20902
20903
20906
20908
20916
20917
20920
20922
20923
20924
20925
20930
20931
20935
20937
20938
20946
20972
20973
20974
20979
20980
20984
20998
21005
21007
21008
21266
21267
21270
21272
21273
21274
21277
21279
21294
21295
21298
21300
21308
21309
21312
21314
21315
21316
21319
21321
21322
21323
21326
21328
21343
21344
21347
21349
21357
21358
21361
21363
21462
21463
21466
21468
21469
21470
21473
21475
21490
21491
21494
21496
21504
21505
21508
21510
21560
21561
21564
21566
21567
21568
21571
21573
21588
21589
21592
21594
21602
21603
21606
21608
26411
26412
26415
26417
26418
26419
26422
26424
26439
26440
26443
26445
26453
26454
26457
26459
26460
26461
26464
26466
26467
26468
26471
26473
26488
26489
26492
26494
26502
26503
26506
26508
26607
26608
26611
26613
26614
26615
26618
26620
26635
26636
26639
26641
26649
26650
26653
26655
26705
26706
26709
26711
26712
26713
26716
26718
26733
26734
26737
26739
26747
26748
26751
26753
26754
26755
26758
26760
26761
26762
26765
26767
26782
26783
26786
26788
26796
26797
26800
26802
26803
26804
26807
26809
26810
26811
26814
26816
26831
26832
26835
26837
26845
26846
26849
26851
26950
26951
26954
26956
26957
26958
26961
26963
26978
26979
26982
26984
26992
26993
26996
26998
27048
27049
27052
27054
27055
27056
27059
27061
27076
27077
27080
27082
27090
27091
27094
27096
27783
27784
27787
27789
27790
27791
27794
27796
27811
27812
27815
27817
27825
27826
27829
27831
27832
27833
27836
27838
27839
27840
27843
27845
27860
27861
27864
27866
27874
27875
27878
27880
27979
27980
27983
27985
27986
27987
27990
27992
28007
28008
28011
28013
28021
28022
28025
28027
28077
28078
28081
28083
28084
28085
28088
28090
28105
28106
28109
28111
28119
28120
28123
28125
28469
28470
28473
28475
28476
28477
28480
28482
28497
28498
28501
28503
28511
28512
28515
28517
28518
28519
28522
28524
28525
28526
28529
28531
28546
28547
28550
28552
28560
28561
28564
28566
28665
28666
28669
28671
28672
28673
28676
28678
28693
28694
28697
28699
28707
28708
28711
28713
28763
28764
28767
28769
28770
28771
28774
28776
28791
28792
28795
28797
28805
28806
28809
28811
31213
31214
31217
31219
31220
31221
31224
31226
31241
31242
31245
31247
31255
31256
31259
31261
31262
31263
31266
31268
31269
31270
31273
31275
31290
31291
31294
31296
31304
31305
31308
31310
31409
31410
31413
31415
31416
31417
31420
31422
31437
31438
31441
31443
31451
31452
31455
31457
31507
31508
31511
31513
31514
31515
31518
31520
31535
31536
31539
31541
31549
31550
31553
31555
31556
31557
31560
31562
31563
31564
31567
31569
31584
31585
31588
31590
31598
31599
31602
31604
31605
31606
31609
31611
31612
31613
31616
31618
31633
31634
31637
31639
31647
31648
31651
31653
31752
31753
31756
31758
31759
31760
31763
31765
31780
31781
31784
31786
31794
31795
31798
31800
31850
31851
31854
31856
31857
31858
31861
31863
31878
31879
31882
31884
31892
31893
31896
31898
32585
32586
32589
32591
32592
32593
32596
32598
32613
32614
32617
32619
32627
32628
32631
32633
32634
32635
32638
32640
32641
32642
32645
32647
32662
32663
32666
32668
32676
32677
32680
32682
32781
32782
32785
32787
32788
32789
32792
32794
32809
32810
32813
32815
32823
32824
32827
32829
32879
32880
32883
32885
32886
32887
32890
32892
32907
32908
32911
32913
32921
32922
32925
32927
33271
33272
33275
33277
33278
33279
33282
33284
33299
33300
33303
33305
33313
33314
33317
33319
33320
33321
33324
33326
33327
33328
33331
33333
33348
33349
33352
33354
33362
33363
33366
33368
33467
33468
33471
33473
33474
33475
33478
33480
33495
33496
33499
33501
33509
33510
33513
33515
33565
33566
33569
33571
33572
33573
33576
33578
33593
33594
33597
33599
33607
33608
33611
33613
67228
67229
67232
67234
67235
67236
67239
67241
67256
67257
67260
67262
67270
67271
67274
67276
67277
67278
67281
67283
67284
67285
67288
67290
67305
67306
67309
67311
67319
67320
67323
67325
67424
67425
67428
67430
67431
67432
67435
67437
67452
67453
67456
67458
67466
67467
67470
67472
67522
67523
67526
67528
67529
67530
67533
67535
67550
67551
67554
67556
67564
67565
67568
67570
67571
67572
67575
67577
67578
67579
67582
67584
67599
67600
67603
67605
67613
67614
67617
67619
67620
67621
67624
67626
67627
67628
67631
67633
67648
67649
67652
67654
67662
67663
67666
67668
67767
67768
67771
67773
67774
67775
67778
67780
67795
67796
67799
67801
67809
67810
67813
67815
67865
67866
67869
67871
67872
67873
67876
67878
67893
67894
67897
67899
67907
67908
67911
67913
68600
68601
68604
68606
68607
68608
68611
68613
68628
68629
68632
68634
68642
68643
68646
68648
68649
68650
68653
68655
68656
68657
68660
68662
68677
68678
68681
68683
68691
68692
68695
68697
68796
68797
68800
68802
68803
68804
68807
68809
68824
68825
68828
68830
68838
68839
68842
68844
68894
68895
68898
68900
68901
68902
68905
68907
68922
68923
68926
68928
68936
68937
68940
68942
69286
69287
69290
69292
69293
69294
69297
69299
69314
69315
69318
69320
69328
69329
69332
69334
69335
69336
69339
69341
69342
69343
69346
69348
69363
69364
69367
69369
69377
69378
69381
69383
69482
69483
69486
69488
69489
69490
69493
69495
69510
69511
69514
69516
69524
69525
69528
69530
69580
69581
69584
69586
69587
69588
69591
69593
69608
69609
69612
69614
69622
69623
69626
69628
69629
69630
69633
69635
69636
69637
69640
69642
69657
69658
69661
69663
69671
69672
69675
69677
69678
69679
69682
69684
69685
69686
69689
69691
69706
69707
69710
69712
69720
69721
69724
69726
69825
69826
69829
69831
69832
69833
69836
69838
69853
69854
69857
69859
69867
69868
69871
69873
69923
69924
69927
69929
69930
69931
69934
69936
69951
69952
69955
69957
69965
69966
69969
69971
69972
69973
69976
69978
69979
69980
69983
69985
70000
70001
70004
70006
70014
70015
70018
70020
70021
70022
70025
70027
70028
70029
70032
70034
70049
70050
70053
70055
70063
70064
70067
70069
70168
70169
70172
70174
70175
70176
70179
70181
70196
70197
70200
70202
70210
70211
70214
70216
70266
70267
70270
70272
70273
70274
70277
70279
70294
70295
70298
70300
70308
70309
70312
70314
71001
71002
71005
71007
71008
71009
71012
71014
71029
71030
71033
71035
71043
71044
71047
71049
71050
71051
71054
71056
71057
71058
71061
71063
71078
71079
71082
71084
71092
71093
71096
71098
71197
71198
71201
71203
71204
71205
71208
71210
71225
71226
71229
71231
71239
71240
71243
71245
71295
71296
71299
71301
71302
71303
71306
71308
71323
71324
71327
71329
71337
71338
71341
71343
71687
71688
71691
71693
71694
71695
71698
71700
71715
71716
71719
71721
71729
71730
71733
71735
71736
71737
71740
71742
71743
71744
71747
71749
71764
71765
71768
71770
71778
71779
71782
71784
71883
71884
71887
71889
71890
71891
71894
71896
71911
71912
71915
71917
71925
71926
71929
71931
71981
71982
71985
71987
71988
71989
71992
71994
72009
72010
72013
72015
72023
72024
72027
72029
76832
76833
76836
76838
76839
76840
76843
76845
76860
76861
76864
76866
76874
76875
76878
76880
76881
76882
76885
76887
76888
76889
76892
76894
76909
76910
76913
76915
76923
76924
76927
76929
77028
77029
77032
77034
77035
77036
77039
77041
77056
77057
77060
77062
77070
77071
77074
77076
77126
77127
77130
77132
77133
77134
77137
77139
77154
77155
77158
77160
77168
77169
77172
77174
77175
77176
77179
77181
77182
77183
77186
77188
77203
77204
77207
77209
77217
77218
77221
77223
77224
77225
77228
77230
77231
77232
77235
77237
77252
77253
77256
77258
77266
77267
77270
77272
77371
77372
77375
77377
77378
77379
77382
77384
77399
77400
77403
77405
77413
77414
77417
77419
77469
77470
77473
77475
77476
77477
77480
77482
77497
77498
77501
77503
77511
77512
77515
77517
78204
78205
78208
78210
78211
78212
78215
78217
78232
78233
78236
78238
78246
78247
78250
78252
78253
78254
78257
78259
78260
78261
78264
78266
78281
78282
78285
78287
78295
78296
78299
78301
78400
78401
78404
78406
78407
78408
78411
78413
78428
78429
78432
78434
78442
78443
78446
78448
78498
78499
78502
78504
78505
78506
78509
78511
78526
78527
78530
78532
78540
78541
78544
78546
78890
78891
78894
78896
78897
78898
78901
78903
78918
78919
78922
78924
78932
78933
78936
78938
78939
78940
78943
78945
78946
78947
78950
78952
78967
78968
78971
78973
78981
78982
78985
78987
79086
79087
79090
79092
79093
79094
79097
79099
79114
79115
79118
79120
79128
79129
79132
79134
79184
79185
79188
79190
79191
79192
79195
79197
79212
79213
79216
79218
79226
79227
79230
79232
81634
81635
81638
81640
81641
81642
81645
81647
81662
81663
81666
81668
81676
81677
81680
81682
81683
81684
81687
81689
81690
81691
81694
81696
81711
81712
81715
81717
81725
81726
81729
81731
81830
81831
81834
81836
81837
81838
81841
81843
81858
81859
81862
81864
81872
81873
81876
81878
81928
81929
81932
81934
81935
81936
81939
81941
81956
81957
81960
81962
81970
81971
81974
81976
81977
81978
81981
81983
81984
81985
81988
81990
82005
82006
82009
82011
82019
82020
82023
82025
82026
82027
82030
82032
82033
82034
82037
82039
82054
82055
82058
82060
82068
82069
82072
82074
82173
82174
82177
82179
82180
82181
82184
82186
82201
82202
82205
82207
82215
82216
82219
82221
82271
82272
82275
82277
82278
82279
82282
82284
82299
82300
82303
82305
82313
82314
82317
82319
83006
83007
83010
83012
83013
83014
83017
83019
83034
83035
83038
83040
83048
83049
83052
83054
83055
83056
83059
83061
83062
83063
83066
83068
83083
83084
83087
83089
83097
83098
83101
83103
83202
83203
83206
83208
83209
83210
83213
83215
83230
83231
83234
83236
83244
83245
83248
83250
83300
83301
83304
83306
83307
83308
83311
83313
83328
83329
83332
83334
83342
83343
83346
83348
83692
83693
83696
83698
83699
83700
83703
83705
83720
83721
83724
83726
83734
83735
83738
83740
83741
83742
83745
83747
83748
83749
83752
83754
83769
83770
83773
83775
83783
83784
83787
83789
83888
83889
83892
83894
83895
83896
83899
83901
83916
83917
83920
83922
83930
83931
83934
83936
83986
83987
83990
83992
83993
83994
83997
83999
84014
84015
84018
84020
84028
84029
84032
84034
