2
3
4
5
6
7
8
9
10
11
12
13
14
15
16
17
18
19
20
21
22
23
24
25
26
27
28
29
30
31
32
33
34
35
36
37
38
39
40
41
42
43
44
45
46
47
48
49
50
51
52
53
54
55
56
57
58
59
60
61
62
63
64
65
66
67
68
69
70
71
72
73
74
75
76
77
78
79
80
81
82
83
84
85
86
87
88
89
90
91
92
93
94
95
96
97
98
99
100
101
102
103
104
105
106
107
108
109
110
111
112
113
114
116
117
118
119
120
121
122
123
124
125
126
127
128
129
130
131
132
133
134
135
136
137
138
139
140
141
142
143
145
146
147
148
149
150
151
152
153
154
155
157
158
159
160
161
162
163
164
165
166
167
168
169
170
171
172
173
174
175
176
178
179
180
181
182
183
184
185
186
187
188
189
190
191
192
193
194
195
196
197
199
200
201
202
203
204
205
206
207
208
209
210
211
212
213
214
215
216
217
218
219
220
221
222
223
224
225
226
227
228
230
231
232
234
236
237
238
239
240
241
242
243
244
245
246
247
248
250
251
252
253
254
255
256
257
258
259
260
261
262
263
264
265
266
267
268
269
270
271
272
273
274
275
276
277
278
279
280
281
282
283
284
286
287
288
289
290
291
292
294
295
296
297
298
299
300
301
302
303
304
305
306
307
308
309
310
312
313
314
315
316
317
318
319
320
321
322
323
324
325
326
327
328
329
330
331
332
333
334
336
337
338
339
340
341
342
343
344
345
346
347
348
349
350
351
352
353
354
355
356
357
358
359
360
362
363
364
365
366
367
368
369
370
371
372
373
374
375
377
378
380
381
382
383
384
385
386
387
388
389
391
392
393
394
395
396
397
398
399
400
401
402
403
404
405
406
407
408
409
410
411
412
413
414
415
416
417
418
419
420
421
422
423
424
425
426
427
428
430
431
433
434
435
436
437
438
440
441
442
443
446
447
448
449
450
451
452
453
454
455
456
457
458
459
460
461
462
463
464
465
466
467
468
469
470
472
473
474
475
476
477
478
479
481
482
483
484
485
486
487
488
489
490
491
493
494
496
497
498
500
501
503
507
508
509
510
511
512
514
515
516
517
518
519
520
521
522
523
524
525
526
527
530
531
532
533
534
535
536
537
538
539
540
542
543
545
546
547
549
550
552
553
554
556
558
559
560
561
562
563
564
565
566
567
568
569
570
571
572
573
574
575
577
580
581
582
584
585
587
588
589
590
592
594
595
596
598
599
600
601
602
603
605
606
607
608
609
610
611
612
614
615
618
621
622
623
624
626
629
630
631
633
634
636
637
638
639
640
641
643
644
645
647
648
649
650
651
652
654
655
656
657
658
659
660
661
662
664
665
666
668
669
671
672
673
674
675
677
678
679
680
681
682
683
684
685
686
687
688
691
692
693
694
695
698
699
700
701
702
705
706
708
709
712
713
714
715
717
718
721
723
724
726
727
728
729
730
731
734
735
736
737
739
740
741
742
743
744
745
746
747
748
749
750
751
752
753
754
755
756
757
758
759
761
762
763
764
765
766
767
768
769
770
771
772
773
775
776
777
778
779
780
781
782
783
784
785
786
791
792
793
794
796
797
798
799
800
803
804
807
810
811
817
818
819
820
821
824
825
826
827
828
831
832
838
839
840
841
842
845
846
847
849
852
853
855
856
859
860
862
863
866
867
868
869
870
873
874
875
876
877
880
881
887
888
889
890
891
894
895
896
897
901
902
903
904
905
906
907
908
909
910
912
915
916
917
918
919
920
922
923
924
925
926
928
929
930
931
932
933
937
938
939
940
941
943
944
945
946
947
949
950
951
952
953
954
955
957
958
960
961
962
963
964
965
966
967
968
969
971
972
973
974
975
978
979
980
981
982
983
984
986
987
988
989
992
993
994
995
996
999
1000
1003
1013
1014
1015
1016
1017
1020
1021
1022
1023
1024
1027
1028
1029
1030
1032
1033
1035
1036
1037
1039
1040
1042
1049
1050
1051
1053
1054
1056
1057
1058
1060
1061
1063
1067
1070
1071
1072
1074
1075
1077
1078
1079
1081
1082
1084
1085
1086
1088
1089
1091
1093
1096
1098
1099
1100
1102
1103
1105
1106
1107
1109
1110
1112
1114
1115
1118
1120
1121
1122
1123
1124
1126
1127
1128
1129
1133
1134
1135
1139
1146
1147
1153
1154
1157
1158
1159
1160
1161
1162
1163
1164
1165
1167
1168
1169
1170
1171
1174
1175
1176
1177
1179
1180
1182
1183
1184
1186
1187
1189
1190
1191
1195
1196
1197
1198
1199
1200
1201
1202
1203
1204
1205
1207
1208
1209
1210
1211
1212
1213
1214
1216
1217
1218
1219
1220
1221
1222
1223
1224
1225
1226
1228
1229
1231
1232
1233
1235
1236
1238
1240
1243
1244
1245
1246
1247
1249
1250
1251
1252
1253
1254
1256
1257
1258
1259
1260
1261
1262
1263
1265
1266
1267
1268
1269
1270
1271
1272
1273
1274
1275
1276
1281
1282
1283
1284
1287
1288
1289
1290
1291
1292
1294
1295
1296
1298
1307
1308
1309
1310
1311
1312
1314
1315
1316
1317
1318
1321
1322
1323
1324
1325
1326
1327
1329
1330
1331
1332
1333
1334
1336
1337
1338
1339
1344
1345
1347
1348
1350
1351
1352
1354
1355
1356
1357
1358
1359
1360
1363
1364
1365
1366
1367
1368
1369
1370
1371
1372
1373
1375
1376
1378
1379
1380
1382
1383
1385
1393
1394
1396
1397
1399
1400
1401
1403
1404
1406
1410
1414
1415
1417
1418
1420
1421
1422
1424
1425
1427
1428
1429
1431
1432
1434
1438
1439
1441
1442
1443
1445
1446
1448
1449
1450
1452
1453
1455
1459
1462
1463
1464
1466
1467
1469
1480
1483
1489
1490
1496
1497
1503
1504
1505
1506
1507
1510
1511
1512
1513
1514
1517
1518
1519
1520
1522
1523
1525
1526
1527
1529
1530
1532
1538
1539
1540
1541
1543
1544
1545
1546
1547
1548
1550
1551
1552
1553
1554
1555
1556
1557
1559
1560
1561
1562
1563
1564
1565
1566
1567
1568
1569
1571
1572
1574
1575
1576
1578
1579
1581
1587
1588
1589
1590
1592
1593
1594
1595
1596
1597
1599
1600
1602
1606
1609
1610
1611
1613
1614
1616
1627
1630
1634
1635
1637
1638
1639
1641
1651
1655
1658
1659
1660
1662
1663
1665
1666
1667
1669
1670
1672
1673
1674
1676
1677
1679
1687
1688
1690
1691
1693
1694
1695
1697
1698
1700
1708
1709
1711
1712
1714
1801
1804
1806
1807
1808
1812
1813
1814
1815
1819
1820
1821
1825
1839
1840
1843
1846
1848
1849
1850
1853
1855
1856
1857
1861
1875
1876
1877
1881
1882
1885
1888
1889
1892
1895
1897
1898
1899
1902
1904
1905
1906
1910
1924
1925
1926
1930
1931
1934
1937
1938
1941
1944
1946
1947
1960
1961
1962
1966
1967
1968
1972
2058
2059
2060
2061
2062
2064
2065
2066
2068
2069
2070
2071
2072
2073
2077
2078
2079
2080
2081
2082
2083
2085
2086
2087
2089
2090
2092
2095
2098
2100
2101
2102
2103
2104
2106
2107
2108
2109
2110
2111
2113
2114
2115
2117
2118
2119
2120
2128
2129
2131
2132
2133
2134
2135
2136
2137
2138
2139
2140
2141
2142
2143
2144
2147
2149
2150
2151
2152
2153
2155
2156
2157
2158
2162
2163
2164
2168
2182
2183
2186
2189
2191
2192
2193
2196
2198
2199
2200
2204
2205
2206
2208
2209
2211
2212
2213
2215
2216
2218
2219
2220
2224
2225
2226
2227
2228
2229
2230
2232
2233
2234
2236
2237
2239
2247
2248
2250
2251
2253
2254
2255
2257
2258
2260
2261
2262
2264
2265
2267
2275
2276
2278
2279
2281
2282
2283
2285
2286
2288
2296
2297
2299
2300
2302
2316
2317
2318
2322
2323
2326
2329
2330
2333
2336
2338
2339
2352
2353
2354
2355
2356
2358
2359
2360
2362
2363
2364
2365
2366
2367
2371
2372
2373
2374
2375
2376
2377
2379
2380
2381
2383
2384
2386
2389
2392
2394
2395
2396
2397
2398
2400
2401
2402
2403
2404
2405
2407
2408
2409
2410
2411
2412
2413
2414
2415
2416
2417
2420
2421
2422
2423
2424
2425
2426
2427
2428
2429
2430
2432
2433
2435
2438
2441
2443
2444
2445
2446
2447
2449
2450
2451
2452
2453
2454
2456
2457
2458
2459
2460
2461
2462
2463
2464
2465
2466
2469
2470
2471
2472
2474
2475
2476
2477
2478
2479
2480
2481
2482
2483
2484
2485
2486
2487
2490
2492
2493
2494
2495
2496
2498
2499
2500
2501
2506
2507
2508
2513
2514
2515
2518
2519
2525
2526
2532
2533
2534
2535
2536
2539
2540
2541
2542
2543
2546
2547
2548
2549
2551
2552
2554
2555
2556
2558
2559
2561
2567
2568
2569
2570
2572
2573
2574
2575
2576
2577
2579
2580
2581
2582
2583
2584
2585
2588
2589
2590
2591
2592
2593
2594
2595
2596
2597
2598
2600
2601
2603
2604
2605
2607
2608
2610
2616
2617
2618
2619
2621
2622
2623
2624
2625
2626
2628
2629
2631
2639
2640
2642
2643
2645
2695
2696
2698
2699
2701
2702
2703
2705
2706
2708
2716
2717
2719
2720
2722
2723
2724
2726
2727
2729
2737
2738
2740
2741
2743
2744
2745
2746
2747
2748
2750
2751
2752
2753
2754
2755
2757
2758
2759
2760
2763
2764
2765
2766
2768
2769
2770
2771
2772
2773
2775
2776
2778
2786
2787
2789
2790
2792
2793
2794
2795
2796
2797
2799
2800
2801
2802
2803
2804
2806
2807
2808
2809
2812
2813
2814
2815
2817
2818
2819
2820
2821
2822
2824
2825
2827
2835
2836
2838
2839
2841
2842
2843
2844
2849
2850
2851
2856
2857
2858
2861
2862
2868
2869
2875
2876
2877
2878
2879
2882
2883
2884
2885
2886
2889
2890
2891
2892
2894
2895
2897
2898
2899
2901
2902
2904
2910
2911
2912
2913
2915
2916
2917
2918
2919
2920
2922
2923
2924
2925
2926
2927
2928
2931
2932
2933
2934
2935
2936
2937
2938
2939
2940
2941
2943
2944
2946
2947
2948
2950
2951
2953
2959
2960
2961
2962
2964
2965
2966
2967
2968
2969
2971
2972
2974
2982
2983
2985
2986
2988
3038
3039
3041
3042
3044
3045
3046
3048
3049
3051
3059
3060
3062
3063
3065
3066
3067
3069
3070
3072
3080
3081
3083
3084
3086
3087
3088
3089
3094
3095
3096
3101
3102
3103
3106
3107
3113
3114
3136
3137
3138
3143
3144
3145
3150
3151
3152
3155
3156
3162
3163
3185
3186
3187
3192
3193
3194
3199
3200
3201
3204
3205
3211
3212
3218
3219
3220
3221
3222
3225
3226
3227
3228
3229
3232
3233
3253
3254
3260
3261
3267
3268
3269
3270
3271
3274
3275
3276
3277
3278
3281
3282
3302
3303
3309
3310
3316
3317
3318
3319
3320
3323
3324
3325
3326
3327
3330
3331
3332
3333
3430
3431
3433
3434
3436
3437
3438
3440
3441
3443
3451
3452
3454
3455
3457
3458
3459
3461
3462
3464
3472
3473
3475
3476
3478
3479
3480
3482
3483
3485
3486
3487
3489
3490
3492
3500
3501
3503
3504
3506
3507
3508
3510
3511
3513
3521
3522
3524
3525
3527
3577
3578
3580
3581
3583
3584
3585
3587
3588
3590
3598
3599
3601
3602
3604
3605
3606
3608
3609
3611
3619
3620
3622
3623
3625
3626
3627
3629
3630
3632
3633
3634
3636
3637
3639
3647
3648
3650
3651
3653
3654
3655
3657
3658
3660
3668
3669
3671
3672
3674
3724
3725
3727
3728
3730
3731
3732
3734
3735
3737
3745
3746
3748
3749
3751
3752
3753
3755
3756
3758
3766
3767
3769
3770
3772
3773
3774
3776
3777
3779
3780
3781
3783
3784
3786
3794
3795
3797
3798
3800
3801
3802
3804
3805
3807
3815
3816
3818
3819
3821
3822
3823
3825
3826
3828
3829
3830
3832
3833
3835
3843
3844
3846
3847
3849
3850
3851
3853
3854
3856
3864
3865
3867
3868
3870
3920
3921
3923
3924
3926
3927
3928
3930
3931
3933
3941
3942
3944
3945
3947
3948
3949
3951
3952
3954
3962
3963
3965
3966
3968
3969
3970
3972
3973
3975
3976
3977
3979
3980
3982
3990
3991
3993
3994
3996
3997
3998
4000
4001
4003
4011
4012
4014
4015
4017
4067
4068
4070
4071
4073
4074
4075
4077
4078
4080
4088
4089
4091
4092
4094
4095
4096
4098
4099
4101
4109
4110
4112
4113
4115
4459
4460
4462
4463
4465
4466
4467
4469
4470
4472
4480
4481
4483
4484
4486
4487
4488
4490
4491
4493
4501
4502
4504
4505
4507
4508
4509
4511
4512
4514
4515
4516
4518
4519
4521
4529
4530
4532
4533
4535
4536
4537
4539
4540
4542
4550
4551
4553
4554
4556
4606
4607
4609
4610
4612
4613
4614
4616
4617
4619
4627
4628
4630
4631
4633
4634
4635
4637
4638
4640
4648
4649
4651
4652
4654
4655
4656
4658
4659
4661
4662
4663
4665
4666
4668
4676
4677
4679
4680
4682
4683
4684
4686
4687
4689
4697
4698
4700
4701
4703
4753
4754
4756
4757
4759
4760
4761
4763
4764
4766
4774
4775
4777
4778
4780
4781
4782
4784
4785
4787
4795
4796
4798
4799
4801
7203
7204
7206
7207
7209
7210
7211
7213
7214
7216
7224
7225
7227
7228
7230
7231
7232
7234
7235
7237
7245
7246
7248
7249
7251
7252
7253
7255
7256
7258
7259
7260
7262
7263
7265
7273
7274
7276
7277
7279
7280
7281
7283
7284
7286
7294
7295
7297
7298
7300
7350
7351
7353
7354
7356
7357
7358
7360
7361
7363
7371
7372
7374
7375
7377
7378
7379
7381
7382
7384
7392
7393
7395
7396
7398
7399
7400
7402
7403
7405
7406
7407
7409
7410
7412
7420
7421
7423
7424
7426
7427
7428
7430
7431
7433
7441
7442
7444
7445
7447
7497
7498
7500
7501
7503
7504
7505
7507
7508
7510
7518
7519
7521
7522
7524
7525
7526
7528
7529
7531
7539
7540
7542
7543
7545
7546
7547
7549
7550
7552
7553
7554
7556
7557
7559
7567
7568
7570
7571
7573
7574
7575
7577
7578
7580
7588
7589
7591
7592
7594
7595
7596
7598
7599
7601
7602
7603
7605
7606
7608
7616
7617
7619
7620
7622
7623
7624
7626
7627
7629
7637
7638
7640
7641
7643
7693
7694
7696
7697
7699
7700
7701
7703
7704
7706
7714
7715
7717
7718
7720
7721
7722
7724
7725
7727
7735
7736
7738
7739
7741
7742
7743
7745
7746
7748
7749
7750
7752
7753
7755
7763
7764
7766
7767
7769
7770
7771
7773
7774
7776
7784
7785
7787
7788
7790
7840
7841
7843
7844
7846
7847
7848
7850
7851
7853
7861
7862
7864
7865
7867
7868
7869
7871
7872
7874
7882
7883
7885
7886
7888
8232
8233
8235
8236
8238
8239
8240
8242
8243
8245
8253
8254
8256
8257
8259
8260
8261
8263
8264
8266
8274
8275
8277
8278
8280
8281
8282
8284
8285
8287
8288
8289
8291
8292
8294
8302
8303
8305
8306
8308
8309
8310
8312
8313
8315
8323
8324
8326
8327
8329
8379
8380
8382
8383
8385
8386
8387
8389
8390
8392
8400
8401
8403
8404
8406
8407
8408
8410
8411
8413
8421
8422
8424
8425
8427
8428
8429
8431
8432
8434
8435
8436
8438
8439
8441
8449
8450
8452
8453
8455
8456
8457
8459
8460
8462
8470
8471
8473
8474
8476
8526
8527
8529
8530
8532
8533
8534
8536
8537
8539
8547
8548
8550
8551
8553
8554
8555
8557
8558
8560
8568
8569
8571
8572
8574
8575
8576
8578
8579
8581
8582
8583
8585
8586
8588
8596
8597
8599
8600
8602
8603
8604
8606
8607
8609
8617
8618
8620
8621
8623
8624
8625
8627
8628
8630
8631
8632
8634
8635
8637
8645
8646
8648
8649
8651
8652
8653
8655
8656
8658
8666
8667
8669
8670
8672
8722
8723
8725
8726
8728
8729
8730
8732
8733
8735
8743
8744
8746
8747
8749
8750
8751
8753
8754
8756
8764
8765
8767
8768
8770
8771
8772
8774
8775
8777
8778
8779
8781
8782
8784
8792
8793
8795
8796
8798
8799
8800
8802
8803
8805
8813
8814
8816
8817
8819
8869
8870
8872
8873
8875
8876
8877
8879
8880
8882
8890
8891
8893
8894
8896
8897
8898
8900
8901
8903
8911
8912
8914
8915
8917
9261
9262
9264
9265
9267
9268
9269
9271
9272
9274
9282
9283
9285
9286
9288
9289
9290
9292
9293
9295
9303
9304
9306
9307
9309
9310
9311
9313
9314
9316
9317
9318
9320
9321
9323
9331
9332
9334
9335
9337
9338
9339
9341
9342
9344
9352
9353
9355
9356
9358
9408
9409
9411
9412
9414
9415
9416
9418
9419
9421
9429
9430
9432
9433
9435
9436
9437
9439
9440
9442
9450
9451
9453
9454
9456
9457
9458
9460
9461
9463
9464
9465
9467
9468
9470
9478
9479
9481
9482
9484
9485
9486
9488
9489
9491
9499
9500
9502
9503
9505
9555
9556
9558
9559
9561
9562
9563
9565
9566
9568
9576
9577
9579
9580
9582
9583
9584
9586
9587
9589
9597
9598
9600
9601
9603
9604
9605
9607
9608
9610
9611
9612
9614
9615
9617
9625
9626
9628
9629
9631
9632
9633
9635
9636
9638
9646
9647
9649
9650
9652
9653
9654
9656
9657
9659
9660
9661
9663
9664
9666
9674
9675
9677
9678
9680
9681
9682
9684
9685
9687
9695
9696
9698
9699
9701
9751
9752
9754
9755
9757
9758
9759
9761
9762
9764
9772
9773
9775
9776
9778
9779
9780
9782
9783
9785
9793
9794
9796
9797
9799
9800
9801
9803
9804
9806
9807
9808
9810
9811
9813
9821
9822
9824
9825
9827
9828
9829
9831
9832
9834
9842
9843
9845
9846
9848
9898
9899
9901
9902
9904
9905
9906
9908
9909
9911
9919
9920
9922
9923
9925
9926
9927
9929
9930
9932
9940
9941
9943
9944
9946
9947
9948
9950
9951
9953
9954
9955
9957
9958
9960
9968
9969
9971
9972
9974
9975
9976
9978
9979
9981
9989
9990
9992
9993
9995
9996
9997
9999
10000
