2
4
5
6
7
8
9
10
11
12
13
14
15
16
22
23
25
26
27
28
29
30
31
32
33
34
35
36
37
38
39
40
41
42
43
44
45
46
47
48
49
50
51
52
53
54
55
56
57
58
59
60
61
62
63
64
65
66
67
68
69
70
71
72
73
74
75
76
77
78
81
82
83
84
85
86
87
88
89
91
92
93
94
96
98
99
100
105
106
107
110
112
113
114
151
154
155
161
162
166
172
175
176
178
179
181
183
184
186
187
189
190
192
193
195
196
197
200
201
202
203
204
206
209
210
214
216
218
221
224
225
228
230
232
234
237
238
239
240
242
243
244
245
246
248
251
252
253
255
256
258
259
260
261
262
263
264
265
266
267
268
269
272
273
274
275
278
279
280
281
282
283
286
287
288
290
293
294
295
298
300
301
302
304
305
307
308
309
312
314
315
316
322
323
324
330
333
335
336
337
343
344
345
347
348
349
350
351
352
353
354
355
356
357
358
359
364
365
366
368
370
371
372
373
375
377
378
380
381
384
385
386
387
389
391
392
393
394
396
397
398
399
400
401
402
404
405
406
407
408
409
410
412
413
414
416
418
419
422
425
427
428
429
432
434
437
440
441
442
443
445
448
449
450
453
455
456
457
458
459
462
463
464
465
468
469
470
477
482
483
486
489
490
491
493
495
496
497
498
500
504
507
511
512
514
516
517
523
524
525
526
527
528
530
531
532
533
537
539
540
543
544
546
547
565
566
572
574
575
576
579
588
589
590
595
596
597
600
602
603
604
611
614
621
623
624
625
628
686
687
688
693
694
695
698
700
701
702
735
736
737
742
743
744
747
749
750
751
761
768
770
771
772
775
784
785
786
791
792
793
796
798
799
800
1201
1204
1205
1208
1225
1226
1229
1231
1232
1233
1238
1243
1245
1250
1253
1254
1257
1372
1373
1376
1378
1379
1380
1397
1400
1401
1404
1413
1414
1415
1421
1422
1425
1427
1428
1429
1462
1463
1464
1483
1488
1490
1495
1498
1499
1502
1511
1512
1513
1544
1547
1548
1551
1568
1569
1572
1574
1575
1576
1581
1586
1588
1593
1596
1597
1600
1602
1606
1609
1610
1611
1634
1638
1639
1641
1644
1651
1655
1658
1659
1660
1666
1667
1672
1673
1674
1676
1805
1806
1807
1826
1830
1831
1833
1834
1835
1837
1838
1840
1841
1842
1845
1854
1855
1856
1862
1863
1868
1869
1870
1872
1879
1883
1884
1886
1889
1896
1900
1903
1904
1905
1945
1949
1952
1953
1954
1973
1977
1978
1980
1981
1982
1984
1987
1994
1998
2001
2002
2003
2009
2010
2013
2015
2016
2017
2019
2022
2027
2029
2058
2059
2062
2064
2065
2066
2068
2083
2086
2087
2090
2092
2096
2099
2100
2101
2107
2108
2111
2113
2114
2115
2117
2124
2128
2129
2131
2134
2148
2149
2150
2169
2174
2176
2181
2184
2185
2188
2197
2198
2199
2401
2402
2403
2405
2407
2408
2409
2410
2411
2413
2415
2416
2417
2426
2429
2430
2433
2435
2439
2442
2443
2444
2450
2451
2452
2454
2456
2457
2458
2459
2460
2462
2464
2465
2466
2467
2471
2472
2474
2476
2477
2483
2485
2486
2487
2490
2499
2500
2501
2506
2507
2508
2511
2513
2514
2515
2631
2635
2638
2639
2640
2663
2667
2668
2670
2673
2680
2684
2687
2688
2689
2695
2696
2701
2702
2703
2705
2744
2745
2746
2750
2751
2752
2753
2754
2756
2758
2759
2760
2778
2782
2785
2786
2787
2793
2794
2795
2799
2800
2801
2802
2803
2805
2807
2808
2809
2810
2814
2815
2817
2819
2820
2826
2828
2829
2830
2833
2842
2843
2844
2849
2850
2851
2854
2856
2857
2858
2859
2863
2864
2866
2869
2891
2892
2897
2898
2899
2901
2908
2912
2913
2915
2917
2918
2924
2925
2926
2927
2928
2929
2931
2932
2933
2934
2966
2973
2975
2976
2977
2980
2989
2990
2991
2996
2997
2998
3001
3003
3004
3005
3015
3022
3024
3025
3026
3029
3087
3088
3089
3094
3095
3096
3099
3101
3102
3103
3136
3137
3138
3143
3144
3145
3148
3150
3151
3152
3162
3169
3171
3172
3173
3176
3185
3186
3187
3192
3193
3194
3197
3199
3200
3201
3202
3206
3207
3209
3212
3234
3235
3240
3241
3242
3244
3251
3255
3256
3258
3261
3268
3272
3275
3276
3277
3603
3610
3612
3613
3614
3617
3652
3659
3661
3662
3663
3666
3675
3676
3677
3682
3683
3684
3687
3689
3690
3691
3701
3708
3710
3711
3712
3715
3946
3953
3955
3956
3957
3960
3995
4002
4004
4005
4006
4009
4018
4019
4020
4025
4026
4027
4030
4032
4033
4034
4044
4051
4053
4054
4055
4058
4116
4117
4118
4123
4124
4125
4128
4130
4131
4132
4165
4166
4167
4172
4173
4174
4177
4179
4180
4181
4191
4198
4200
4201
4202
4205
4214
4215
4216
4221
4222
4223
4226
4228
4229
4230
4289
4296
4298
4299
4300
4303
4338
4345
4347
4348
4349
4352
4361
4362
4363
4368
4369
4370
4373
4375
4376
4377
4387
4394
4396
4397
4398
4401
4802
4803
4804
4809
4810
4811
4814
4816
4817
4818
4851
4852
4853
4858
4859
4860
4863
4865
4866
4867
4877
4884
4886
4887
4888
4891
4900
4901
4902
4907
4908
4909
4912
4914
4915
4916
