4
5
6
7
8
9
10
11
13
26
27
28
29
30
31
32
33
34
35
36
37
38
39
40
41
42
43
44
45
46
47
48
49
50
51
52
53
54
55
56
57
58
59
60
61
62
63
64
65
66
67
68
69
70
71
73
74
75
76
77
78
79
80
81
83
86
87
89
90
91
92
94
95
177
179
182
183
187
188
189
190
192
196
197
203
204
208
209
210
211
212
213
215
216
217
218
219
220
223
224
225
226
227
228
230
231
232
233
234
235
236
237
238
239
240
241
242
243
245
246
247
250
251
252
253
254
255
256
257
258
259
260
261
262
263
265
266
267
268
269
270
271
272
273
274
275
276
277
278
279
280
281
282
283
284
285
286
287
288
289
291
292
293
294
295
297
298
299
300
301
302
303
304
305
306
307
308
309
310
311
312
314
315
316
317
318
319
320
322
323
324
325
326
327
328
329
330
331
332
333
334
335
336
337
338
339
340
341
342
343
344
346
347
348
349
350
351
352
353
354
356
357
358
359
360
361
362
363
364
365
366
367
368
369
370
371
372
373
374
376
377
378
379
380
381
382
383
384
385
386
387
388
389
390
391
392
393
394
395
396
397
398
399
400
401
402
403
404
405
406
407
408
409
410
411
412
413
414
415
416
417
418
419
420
421
422
424
426
427
428
429
430
431
432
433
434
435
436
437
438
440
441
442
443
444
446
447
448
449
454
455
456
458
459
460
461
462
463
466
467
468
469
470
471
472
473
475
476
478
479
480
482
483
484
486
489
490
491
494
495
496
497
498
500
502
503
508
509
510
511
512
514
515
516
517
518
519
520
523
524
525
531
532
533
534
535
536
538
539
540
542
545
546
547
549
550
552
553
554
556
557
559
560
566
567
568
570
571
573
578
580
581
582
585
602
617
622
623
624
629
630
631
632
633
634
637
638
642
643
644
645
647
648
650
655
662
664
665
666
1265
1290
1293
1298
1304
1309
1323
1324
1327
1329
1334
1344
1355
1364
1369
1372
1373
1376
1378
1379
1447
1470
1471
1472
1475
1477
1478
1482
1484
1485
1486
1489
1496
1504
1505
1511
1519
1520
1523
1526
1527
1528
1531
1533
1534
1535
1540
1542
1543
1546
1548
1549
1551
1560
1566
1568
1569
1575
1577
1580
1581
1583
1587
1589
1590
1591
1608
1609
1614
1621
1623
1624
1627
1630
1632
1634
1637
1638
1641
1647
1649
1651
1652
1653
1654
1666
1667
1670
1672
1677
1679
1680
1681
1682
1685
1686
1688
1691
1692
1694
1695
1696
1701
1702
1703
1715
1716
1720
1722
1723
1729
1745
1750
1751
1752
1755
1756
1757
1759
1760
1762
1764
1765
1769
1770
1771
1772
1775
1778
1783
1786
1790
1793
1799
1802
1806
1807
1809
1810
1813
1814
1818
1819
1820
1821
1825
1827
1828
1829
1833
1834
1839
1840
1844
1847
1849
1851
1855
1856
1857
1858
1859
1862
1863
1866
1867
1868
1869
1870
1871
1872
1876
1877
1878
1882
1883
1891
1892
1897
1898
1901
1902
1904
1908
1911
1912
1915
1919
1923
1924
1925
1926
1927
1930
1934
1935
1938
1940
1942
1945
1946
1947
1948
1951
1952
1953
1955
1958
1960
1961
1962
1964
1965
1966
1967
1968
1974
1975
1976
1977
1979
1984
1986
1987
1988
1992
1993
1999
2001
2002
2003
2009
2010
2011
2014
2015
2016
2017
2021
2022
2024
2026
2028
2029
2036
2038
2044
2048
2050
2055
2058
2059
2062
2064
2065
2066
2068
2071
2073
2074
2077
2078
2079
2080
2082
2084
2086
2087
2090
2096
2100
2101
2103
2107
2108
2113
2114
2115
2117
2118
2120
2122
2127
2128
2129
2133
2134
2135
2136
2142
2145
2149
2150
2152
2153
2155
2156
2157
2161
2162
2163
2164
2170
2171
2172
2174
2176
2182
2184
2185
2187
2190
2194
2196
2197
2198
2199
2200
2201
2202
2203
2205
2206
2209
2211
2212
2213
2215
2216
2218
2220
2224
2225
2227
2230
2231
2232
2233
2235
2236
2239
2240
2241
2242
2245
2246
2249
2252
2254
2255
2256
2261
2263
2267
2268
2269
2270
2274
2275
2276
2280
2285
2288
2289
2290
2291
2292
2294
2296
2297
2298
2299
2301
2303
2304
2306
2308
2310
2311
2312
2313
2315
2316
2317
2318
2319
2322
2327
2329
2344
2345
2346
2352
2353
2354
2355
2357
2359
2360
2364
2365
2366
2367
2368
2369
2371
2373
2375
2376
2378
2379
2381
2382
2383
2385
2387
2388
2401
2402
2405
2406
2407
2408
2409
2410
2411
2412
2414
2428
2429
2431
2432
2433
2435
2436
2437
2438
2439
2440
2441
2442
2443
2444
2445
2446
2447
2448
2449
2450
2451
2453
2454
2455
2456
2457
2458
2459
2460
2461
2463
2464
2465
2467
2468
2470
2471
2472
2475
2476
2477
2478
2479
2481
2482
2484
2486
2491
2492
2493
2495
2496
2498
2505
2506
2507
2509
2510
2514
2516
2519
2520
2524
2526
2528
2535
2537
2541
2545
2547
2548
2549
2555
2556
2558
2559
2561
2563
2566
2568
2570
2575
2577
2580
2582
2583
2584
2590
2594
2595
2597
2598
2601
2604
2605
2606
2611
2612
2613
2617
2632
2633
2634
2635
2637
2640
2641
2644
2645
2646
2647
2648
2651
2653
2654
2659
2660
2661
2662
2663
2666
2667
2668
2670
2674
2676
2680
2681
2682
2683
2687
2688
2695
2696
2698
2701
2702
2703
2705
2708
2709
2710
2711
2715
2716
2717
2720
2721
2725
2726
2729
2730
2731
2732
2737
2744
2745
2749
2750
2751
2752
2754
2755
2757
2759
2764
2765
2766
2770
2771
2772
2773
2774
2779
2780
2781
2782
2784
2786
2787
2788
2789
2791
2793
2794
2798
2799
2800
2801
2802
2803
2804
2806
2807
2811
2812
2813
2814
2815
2818
2820
2821
2822
2827
2831
2834
2835
2836
2838
2839
2842
2843
2852
2857
2859
2860
2864
2867
2869
2870
2871
2873
2874
2876
2877
2880
2881
2883
2884
2885
2886
2887
2891
2892
2897
2898
2899
2901
2906
2909
2910
2911
2912
2913
2916
2917
2918
2919
2920
2924
2925
2926
2927
2932
2933
2934
2937
2940
2941
2944
2947
2948
2949
2951
2952
2953
2956
2959
2962
2963
2964
2966
2967
2969
2974
2976
2978
2981
2982
2983
2986
2988
2993
2995
2996
3002
3003
3004
3005
3006
3008
3009
3010
3011
3015
3020
3022
3023
3028
3030
3031
3032
3035
3038
3039
3041
3044
3045
3046
3048
3049
3051
3053
3054
3055
3056
3057
3058
3059
3060
3062
3063
3065
3066
3067
3069
3072
3074
3077
3080
3084
3087
3088
3094
3096
3101
3106
3107
3109
3116
3120
3122
3123
3124
3129
3135
3136
3137
3139
3140
3142
3143
3149
3151
3153
3154
3156
3161
3168
3170
3178
3179
3182
3184
3203
3210
3212
3213
3214
3233
3234
3235
3239
3241
3243
3244
3247
3249
3252
3254
3256
3259
3261
3262
3263
3265
3266
3268
3270
3273
3275
3276
3277
3280
3282
3283
3284
3285
3290
3291
3292
3294
3296
3299
3303
3304
3305
3309
3311
3314
3317
3321
3325
3326
3328
3345
3352
3353
3354
3360
3363
3366
3368
3373
3374
3380
3381
3382
3387
3388
3389
3391
3394
3401
3402
3403
3410
3412
3415
3423
3430
3431
3436
3437
3438
3440
3468
3472
3473
3475
3479
3480
3485
3486
3487
3489
3492
3499
3500
3501
3511
3513
3515
3516
3546
3550
3553
3555
3556
3557
3560
3563
3567
3569
3570
3571
3574
3582
3584
3586
3595
3602
3603
3604
3605
3606
3610
3611
3612
3618
3619
3620
3623
3626
3627
3633
3634
3637
3639
3642
3648
3652
3657
3660
3661
3662
3663
3667
3668
3669
3672
3675
3676
3677
3692
3694
3701
3702
3706
3709
3716
3717
3718
3721
3724
3725
3727
3731
3732
3735
3737
3740
3742
3743
3749
3751
3752
3753
3755
3757
3760
3761
3767
3773
3774
3780
3781
3784
3786
3788
3794
3802
3809
3812
3815
3821
3822
3823
3825
3829
3830
3833
3835
3840
3843
3847
3849
3850
3851
3853
3854
3856
3863
3864
3865
3868
3870
3884
3892
3898
3903
3910
3912
3913
3919
3920
3921
3952
3954
3956
3959
3966
3968
3969
3970
4003
4008
4010
4011
4012
4015
4046
4052
4054
4059
4060
4061
4064
4066
4067
4068
4074
4075
4078
4080
4085
4092
4094
4095
4096
4346
4353
4354
4355
4358
4395
4402
4403
4404
4407
4410
4411
4417
4418
4421
4423
4428
4435
4437
4438
4439
4459
4460
4466
4467
4470
4472
4508
4509
4515
4516
4519
4521
4526
4533
4535
4536
4537
4542
4549
4550
4551
4554
4575
4582
4584
4585
4586
4624
4631
4633
4634
4635
4640
4647
4648
4649
4652
4655
4656
4662
4663
4666
4668
10085
10089
10092
10120
10124
10129
10130
10131
10134
10138
10141
10290
10291
10295
10297
10298
10320
10325
10326
10327
10330
10334
10337
10339
10340
10344
10346
10347
10365
10388
10389
10393
10395
10396
10402
10403
10404
10414
10428
10432
10435
10463
10467
10472
10473
10474
10477
10481
10484
11529
11530
11531
11555
11559
11562
11564
11565
11569
11571
11572
11578
11579
11580
11737
11760
11761
11765
11767
11768
11774
11775
11776
11786
11800
11804
11807
11835
11839
11844
11845
11846
11849
11853
11856
11872
11873
11874
11898
11902
11905
11907
11908
11912
11914
11915
11921
11922
11923
12005
12006
12010
12012
12013
12035
12040
12041
12042
12045
12049
12052
12054
12055
12059
12061
12062
12215
12216
12217
12241
12245
12248
12250
12251
12255
12257
12258
12264
12265
12266
12280
12285
12286
12287
12313
12314
12315
12325
12329
12334
12335
12336
12348
12349
12353
12355
12356
12378
12383
12384
12385
12388
12392
12395
12397
12398
12402
12404
12405
12486
12490
12493
12521
12525
12530
12531
12532
12535
12539
12542
12606
12613
12614
12615
12642
12643
12648
12649
12650
12652
12655
12662
12663
12664
12673
12676
12691
12692
12696
12698
12699
12721
12726
12727
12728
12731
12735
12738
12740
12741
12745
12747
12748
12766
12789
12790
12794
12796
12797
12803
12804
12805
12815
12829
12833
12836
12864
12868
12869
12872
12873
12874
12875
12878
12882
12885
12900
12907
12908
12909
12918
12921
12925
12929
12930
12932
12949
12956
12957
12958
12985
12986
12991
12992
12993
12995
12998
13005
13006
13007
13016
13019
13034
13035
13040
13041
13042
13044
13072
13076
13077
13079
13083
13084
13089
13090
13091
13093
13096
13103
13104
13105
13452
13475
13476
13480
13482
13483
13489
13490
13491
13501
13652
13657
13658
13659
13685
13686
13687
13697
13701
13706
13707
13708
13720
13721
13725
13727
13728
13750
13755
13756
13757
13760
13764
13767
13769
13770
13774
13776
13777
13795
13818
13819
13823
13825
13826
13832
13833
13834
13844
14406
14407
14412
14413
14414
14416
14444
14448
14449
14451
14455
14456
14461
14462
14463
14465
14468
14475
14476
14477
14664
14671
14672
14673
14700
14701
14706
14707
14708
14710
14713
14720
14721
14722
14731
14734
14749
14750
14755
14756
14757
14759
14787
14791
14792
14794
14798
14799
14804
14805
14806
14808
14811
14818
14819
14820
14836
14840
14841
14843
14878
14881
14885
14887
14889
14890
14891
14892
14894
14896
14897
14902
14903
14904
14906
14922
14926
14931
14932
14933
14936
14940
14943
15007
15014
15015
15016
15043
15044
15049
15050
15051
15053
15056
15063
15064
15065
15074
15077
15092
15093
15097
15099
15100
15122
15127
15128
15129
15132
15136
15139
15141
15142
15146
15148
15149
15167
15190
15191
15195
15197
15198
15204
15205
15206
15216
15230
15234
15237
15265
15269
15270
15273
15274
15275
15276
15279
15283
15286
15301
15308
15309
15310
15319
15322
15326
15330
15331
15333
15350
15357
15358
15359
15367
15372
15373
15374
15386
15387
15392
15393
15394
15396
15399
15400
15401
15402
15406
15407
15408
15412
15416
15417
15420
15421
15422
15423
15435
15436
15441
15442
15443
15445
15473
15477
15478
15480
15484
15485
15490
15491
15492
15494
15497
15504
15505
15506
15573
15577
15580
15608
15612
15613
15616
15617
15618
15619
15622
15626
15629
15644
15645
15646
15647
15651
15652
15653
15662
15665
15669
15671
15673
15674
15675
15676
15678
15680
15681
15685
15687
15688
15694
15695
15696
15710
15715
15716
15717
15743
15744
15745
15755
15759
15764
15765
15766
15853
15865
15869
15870
15872
15876
15877
15881
15883
15884
15890
15891
15892
15902
15907
15910
15914
15918
15919
15921
15925
15926
15931
15932
15933
15935
15956
15959
15987
15994
15995
15996
16005
16008
16012
16016
16017
16019
16036
16043
16044
16045
16053
16058
16059
16060
16072
16073
16078
16079
16080
16082
16085
16086
16087
16088
16092
16093
16094
16098
16102
16103
16106
16107
16108
16109
16121
16122
16126
16128
16129
16151
16156
16157
16158
16161
16165
16168
16170
16171
16175
16177
16178
16196
16219
16220
16224
16226
16227
16233
16234
16235
16245
16807
16808
16812
16813
16814
16815
16817
16818
16820
16837
16842
16843
16844
16845
16847
16849
16850
16851
16852
16854
16856
16857
16861
16862
16863
16864
16866
16867
16869
16874
16876
16877
16878
16881
16883
16884
16885
16890
16897
16898
16899
16902
17017
17018
17019
17043
17047
17050
17052
17053
17057
17059
17060
17065
17066
17067
17068
17072
17073
17074
17082
17087
17088
17089
17101
17102
17107
17108
17109
17111
17114
17115
17116
17117
17121
17122
17123
17127
17131
17132
17135
17136
17137
17138
17150
17151
17155
17156
17157
17158
17160
17161
17163
17180
17185
17186
17187
17188
17190
17192
17193
17194
17195
17197
17199
17200
17204
17205
17206
17207
17209
17210
17212
17217
17219
17220
17221
17224
17226
17227
17228
17233
17237
17240
17241
17242
17244
17245
17266
17273
17275
17276
17277
17279
17282
17286
17290
17291
17293
17297
17298
17303
17304
17305
17307
17315
17322
17324
17325
17326
17331
17338
17339
17340
17343
17346
17347
17353
17354
17357
17359
17380
17387
17388
17389
17392
17429
17436
17437
17438
17441
17444
17445
17451
17452
17455
17457
17462
17469
17471
17472
17473
18254
18277
18278
18282
18284
18285
18291
18292
18293
18303
18454
18459
18460
18461
18487
18488
18489
18499
18503
18508
18509
18510
18522
18523
18527
18529
18530
18552
18557
18558
18559
18562
18566
18569
18571
18572
18576
18578
18579
18597
18609
18613
18614
18616
18620
18621
18625
18627
18628
18634
18635
18636
18646
18651
18654
18658
18662
18663
18665
18669
18670
18675
18676
18677
18679
18732
18733
18734
18758
18762
18765
18767
18768
18772
18774
18775
18781
18782
18783
18865
18866
18871
18872
18873
18875
18903
18907
18908
18910
18914
18915
18920
18921
18922
18924
18927
18934
18935
18936
18940
18952
18956
18957
18959
18963
18964
18968
18970
18971
18977
18978
18979
18989
18994
18997
19001
19003
19005
19006
19007
19008
19010
19012
19013
19018
19019
19020
19022
19038
19042
19043
19046
19047
19048
19049
19052
19056
19059
19074
19075
19076
19077
19081
19082
19083
19092
19095
19099
19101
19103
19104
19105
19106
19108
19110
19111
19115
19117
19118
19124
19125
19126
19208
19209
19213
19214
19215
19216
19218
19219
19221
19238
19243
19244
19245
19246
19248
19250
19251
19252
19253
19255
19257
19258
19262
19263
19264
19265
19267
19268
19270
19275
19277
19278
19279
19282
19284
19285
19286
19291
19298
19299
19300
19303
19418
19419
19420
19444
19448
19451
19453
19454
19458
19460
19461
19466
19467
19468
19469
19473
19474
19475
19483
19488
19489
19490
19502
19503
19508
19509
19510
19512
19515
19516
19517
19518
19522
19523
19524
19528
19532
19533
19536
19537
19538
19539
19551
19552
19556
19557
19558
19559
19561
19562
19564
19581
19586
19587
19588
19589
19591
19593
19594
19595
19596
19598
19600
19601
19605
19606
19607
19608
19610
19611
19613
19618
19620
19621
19622
19625
19627
19628
19629
19634
19638
19641
19642
19643
19645
19646
19667
19674
19676
19677
19678
19680
19683
19687
19691
19692
19694
19698
19699
19704
19705
19706
19708
19716
19723
19725
19726
19727
19732
19739
19740
19741
19744
19747
19748
19754
19755
19758
19760
19781
19788
19789
19790
19793
19809
19816
19817
19818
19830
19837
19838
19839
19842
19845
19846
19851
19852
19853
19855
19856
19858
19863
19865
19866
19867
19870
19872
19873
19874
19876
19879
20010
20017
20019
20020
20021
20059
20066
20068
20069
20070
20072
20075
20082
20083
20084
20087
20090
20091
20097
20098
20101
20103
20110
20111
20112
20121
20124
20128
20132
20133
20135
20152
20159
20160
20161
20188
20189
20194
20195
20196
20198
20201
20208
20209
20210
20219
20222
20237
20238
20243
20244
20245
20247
20275
20279
20280
20282
20286
20287
20292
20293
20294
20296
20299
20306
20307
20308
20353
20360
20362
20363
20364
20402
20409
20411
20412
20413
20418
20425
20426
20427
20430
20433
20434
20440
20441
20444
20446
20467
20474
20475
20476
20479
20516
20523
20524
20525
20528
20531
20532
20538
20539
20542
20544
20549
20556
20558
20559
20560
20580
20581
20587
20588
20591
20593
20629
20630
20636
20637
20640
20642
20647
20654
20656
20657
20658
20663
20670
20671
20672
20675
20810
20817
20818
20819
20822
20859
20866
20867
20868
20871
20874
20875
20881
20882
20885
20887
20892
20899
20901
20902
20903
21010
21014
21015
21017
21052
21055
21059
21063
21064
21066
21070
21071
21076
21077
21078
21080
21153
21160
21161
21162
21165
21202
21209
21210
21211
21214
21217
21218
21224
21225
21228
21230
21235
21242
21244
21245
21246
21266
21267
21272
21273
21274
21276
21277
21279
21304
21308
21309
21311
21315
21316
21321
21322
21323
21325
21326
21328
21333
21335
21336
21337
21340
21342
21343
21344
21349
21353
21356
21357
21358
21360
21361
21382
21389
21391
21392
21393
21395
21398
21402
21406
21407
21409
21413
21414
21419
21420
21421
21423
21431
21438
21440
21441
21442
21444
21447
21454
21455
21456
21459
21462
21463
21469
21470
21473
21475
21482
21483
21484
21493
21496
21500
21504
21505
21507
22411
22418
22420
22421
22422
22460
22467
22469
22470
22471
22476
22483
22484
22485
22488
22491
22492
22498
22499
22502
22504
22754
22761
22763
22764
22765
22803
22810
22812
22813
22814
22816
22819
22826
22827
22828
22831
22834
22835
22841
22842
22845
22847
22854
22855
22856
22865
22868
22872
22875
22876
22877
22879
22880
22917
22924
22925
22926
22929
22932
22933
22939
22940
22943
22945
22950
22957
22959
22960
22961
22981
22982
22988
22989
22992
22994
23030
23031
23037
23038
23041
23043
23048
23055
23057
23058
23059
23064
23068
23071
23072
23073
23075
23076
23110
23113
23117
23121
23122
23124
23128
23129
23134
23135
23136
23138
23159
23162
23190
23197
23198
23199
23208
23211
23215
23219
23220
23222
23239
23246
23247
23248
23275
23276
23281
23282
23283
23285
23288
23295
23296
23297
23306
23309
23411
23415
23416
23418
23453
23456
23460
23464
23465
23467
23471
23472
23477
23478
23479
23481
23667
23668
23673
23674
23675
23677
23705
23709
23710
23712
23716
23717
23722
23723
23724
23726
23729
23736
23737
23738
23754
23758
23759
23761
23796
23799
23803
23807
23808
23810
23814
23815
23820
23821
23822
23824
23845
23848
23876
23883
23884
23885
23894
23897
23901
23905
23906
23908
24010
24011
24016
24017
24018
24020
24048
24052
24053
24055
24059
24060
24065
24066
24067
24069
24072
24079
24080
24081
24268
24275
24276
24277
24304
24305
24310
24311
24312
24314
24317
24324
24325
24326
24335
24338
24353
24354
24359
24360
24361
24363
24391
24395
24396
24398
24402
24403
24408
24409
24410
24412
24415
24422
24423
24424
24440
24444
24445
24447
24482
24485
24489
24493
24494
24496
24500
24501
24506
24507
24508
24510
24812
24819
24821
24822
24823
24861
24868
24870
24871
24872
24877
24884
24885
24886
24889
24892
24893
24899
24900
24903
24905
25155
25162
25164
25165
25166
25204
25211
25213
25214
25215
25220
25227
25228
25229
25232
25235
25236
25242
25243
25246
25248
25269
25276
25277
25278
25281
25318
25325
25326
25327
25330
25333
25334
25340
25341
25344
25346
25351
25358
25360
25361
25362
25382
25383
25389
25390
25393
25395
25431
25432
25438
25439
25442
25444
25449
25456
25458
25459
25460
25465
25472
25473
25474
25477
25612
25619
25620
25621
25624
25661
25668
25669
25670
25673
25676
25677
25683
25684
25687
25689
25694
25701
25703
25704
25705
25955
25962
25963
25964
25967
26004
26011
26012
26013
26016
26019
26020
26026
26027
26030
26032
26037
26044
26046
26047
26048
26068
26069
26075
26076
26079
26081
26117
26118
26124
26125
26128
26130
26135
26142
26144
26145
26146
26151
26158
26159
26160
26163
26184
26191
26193
26194
26195
26233
26240
26242
26243
26244
26249
26256
26257
26258
26261
26264
26265
26271
26272
26275
26277
26411
26412
26418
26419
26422
26424
26460
26461
26467
26468
26471
26473
26478
26485
26487
26488
26489
26494
26501
26502
26503
26506
26754
26755
26761
26762
26765
26767
26803
26804
26810
26811
26814
26816
26821
26828
26830
26831
26832
26837
26844
26845
26846
26849
26870
26877
26879
26880
26881
26919
26926
26928
26929
26930
26935
26942
26943
26944
26947
26950
26951
26957
26958
26961
26963
26984
26991
26992
26993
26996
27033
27040
27041
27042
27045
27048
27049
27055
27056
27059
27061
27066
27073
27075
27076
27077
28013
28020
28021
28022
28025
28062
28069
28070
28071
28074
28077
28078
28084
28085
28088
28090
28095
28102
28104
28105
28106
28356
28363
28364
28365
28368
28405
28412
28413
28414
28417
28420
28421
28427
28428
28431
28433
28438
28445
28447
28448
28449
28469
28470
28476
28477
28480
28482
28518
28519
28525
28526
28529
28531
28536
28543
28545
28546
28547
28552
28559
28560
28561
28564
28585
28592
28594
28595
28596
28634
28641
28643
28644
28645
28650
28657
28658
28659
28662
28665
28666
28672
28673
28676
28678
30414
30421
30422
30423
30426
30463
30470
30471
30472
30475
30478
30479
30485
30486
30489
30491
30496
30503
30505
30506
30507
30757
30764
30765
30766
30769
30806
30813
30814
30815
30818
30821
30822
30828
30829
30832
30834
30839
30846
30848
30849
30850
30870
30871
30877
30878
30881
30883
30919
30920
30926
30927
30930
30932
30937
30944
30946
30947
30948
30953
30960
30961
30962
30965
30986
30993
30995
30996
30997
31035
31042
31044
31045
31046
31051
31058
31059
31060
31063
31066
31067
31073
31074
31077
31079
31213
31214
31220
31221
31224
31226
31262
31263
31269
31270
31273
31275
31280
31287
31289
31290
31291
31296
31303
31304
31305
31308
31556
31557
31563
31564
31567
31569
31605
31606
31612
31613
31616
31618
31623
31630
31632
31633
31634
31639
31646
31647
31648
31651
31672
31679
31681
31682
31683
31721
31728
31730
31731
31732
31737
31744
31745
31746
31749
31752
31753
31759
31760
31763
31765
31786
31793
31794
31795
31798
31835
31842
31843
31844
31847
31850
31851
31857
31858
31861
31863
31868
31875
31877
31878
31879
32015
32022
32024
32025
32026
32064
32071
32073
32074
32075
32080
32087
32088
32089
32092
32095
32096
32102
32103
32106
32108
32358
32365
32367
32368
32369
32407
32414
32416
32417
32418
32423
32430
32431
32432
32435
32438
32439
32445
32446
32449
32451
32472
32479
32480
32481
32484
32521
32528
32529
32530
32533
32536
32537
32543
32544
32547
32549
32554
32561
32563
32564
32565
32585
32586
32592
32593
32596
32598
32634
32635
32641
32642
32645
32647
32652
32659
32661
32662
32663
32668
32675
32676
32677
32680
