2
3
4
5
6
7
8
9
10
11
12
13
14
15
16
17
18
19
20
21
22
23
24
25
26
27
28
29
30
31
32
33
34
35
36
37
38
39
40
41
42
43
44
45
46
47
48
49
50
51
52
53
54
55
56
57
58
59
60
61
62
63
64
65
66
67
68
69
70
71
72
73
74
75
76
77
78
80
81
82
84
85
86
87
88
89
90
91
92
93
94
95
96
97
98
99
100
101
102
104
105
106
107
108
110
111
112
113
114
117
119
120
121
123
124
125
126
127
128
129
130
131
132
133
134
135
136
137
138
139
140
141
142
143
144
146
147
148
149
150
151
152
153
154
155
157
158
160
161
162
163
164
165
166
167
168
169
171
172
173
174
175
176
178
179
180
181
182
183
184
185
186
187
188
189
190
191
192
193
194
195
196
197
198
199
200
202
203
204
205
209
210
211
212
213
215
216
217
218
219
220
221
222
223
224
225
226
227
228
229
230
231
232
233
234
235
237
238
239
240
241
242
244
245
246
247
248
250
251
252
253
254
255
256
257
258
259
260
261
262
263
264
265
266
267
268
269
270
272
273
274
275
276
277
280
281
282
283
284
285
286
287
288
289
290
292
293
294
295
296
297
298
299
300
301
302
303
304
305
306
307
308
309
310
311
312
315
316
317
318
319
320
321
322
323
324
325
326
327
328
329
330
334
335
336
337
338
341
342
343
344
345
346
347
348
349
350
351
352
353
354
355
356
357
358
359
360
361
364
365
366
367
368
371
372
373
375
376
377
378
379
380
383
384
385
386
387
390
391
392
393
394
395
396
397
398
399
400
401
402
403
404
405
406
407
408
409
410
411
412
413
414
415
416
417
418
419
420
421
423
424
427
428
430
431
432
433
434
435
436
437
439
440
441
442
443
447
448
449
450
454
455
456
457
459
460
461
462
463
464
467
468
469
470
471
472
473
474
475
476
477
478
479
480
483
484
485
488
490
491
496
497
498
499
504
505
506
507
510
511
513
516
517
518
519
520
522
523
524
525
526
527
531
532
533
538
539
540
546
547
549
550
551
552
556
557
558
559
560
561
562
565
567
568
570
571
573
577
578
582
588
589
593
594
595
596
598
599
600
601
602
604
605
606
609
610
611
616
617
619
623
624
628
629
630
631
635
636
637
638
642
643
644
645
649
650
651
655
658
665
666
671
672
673
677
678
679
680
684
685
686
687
688
692
693
694
695
699
700
701
702
707
708
709
712
714
715
719
720
726
727
728
729
731
733
734
735
736
737
741
742
743
744
749
750
751
755
758
768
771
772
773
774
775
776
777
778
780
784
785
786
788
790
791
792
793
798
799
800
803
804
810
811
813
817
818
819
833
834
840
841
848
855
859
860
866
867
868
869
870
874
875
876
878
879
882
883
888
889
890
891
892
893
895
899
900
903
904
907
910
911
915
916
917
923
924
925
930
931
932
937
938
939
941
942
945
946
947
948
949
952
953
954
959
960
961
965
967
968
972
973
974
976
980
986
987
991
992
993
994
995
1001
1004
1005
1008
1013
1014
1021
1022
1025
1026
1029
1030
1032
1033
1036
1037
1041
1044
1050
1053
1054
1056
1057
1059
1063
1069
1070
1071
1072
1077
1078
1079
1082
1085
1086
1091
1098
1099
1101
1105
1106
1108
1110
1112
1115
1127
1128
1134
1135
1141
1142
1144
1148
1151
1153
1154
1157
1162
1172
1173
1176
1177
1179
1180
1193
1197
1200
1201
1204
1205
1208
1221
1222
1225
1226
1228
1229
1232
1233
1241
1247
1250
1253
1254
1257
1259
1262
1266
1267
1273
1288
1289
1290
1296
1297
1315
1316
1322
1323
1324
1339
1344
1345
1347
1348
1351
1360
1365
1368
1369
1372
1373
1375
1376
1379
1380
1388
1393
1394
1395
1396
1397
1399
1400
1401
1404
1408
1417
1418
1421
1422
1424
1425
1428
1429
1444
1446
1448
1450
1451
1453
1455
1457
1458
1470
1471
1475
1476
1477
1478
1482
1484
1485
1497
1500
1504
1505
1506
1507
1511
1512
1518
1524
1526
1527
1528
1532
1533
1534
1535
1538
1539
1544
1545
1547
1548
1551
1553
1554
1555
1556
1557
1558
1560
1564
1565
1567
1568
1569
1570
1571
1572
1575
1576
1577
1580
1581
1582
1583
1584
1585
1589
1593
1596
1597
1598
1599
1600
1604
1606
1607
1609
1610
1613
1614
1616
1618
1620
1621
1624
1625
1631
1632
1633
1634
1638
1639
1640
1645
1653
1658
1659
1685
1686
1692
1715
1716
1720
1721
1722
1723
1727
1728
1734
1744
1747
1750
1751
1752
1755
1756
1757
1758
1759
1762
1763
1764
1765
1767
1768
1769
1770
1771
1772
1776
1777
1778
1779
1785
1786
1788
1789
1790
1793
1795
1796
1799
1800
1801
1804
1805
1806
1807
1808
1811
1812
1813
1814
1815
1823
1824
1830
1831
1832
1833
1834
1835
1837
1838
1839
1841
1842
1848
1849
1850
1855
1875
1881
1882
1883
1884
1890
1960
1961
1965
1966
1967
1968
1972
1973
1995
1996
2000
2001
2002
2003
2007
2008
2009
2010
2011
2014
2015
2016
2017
2021
2022
2024
2043
2044
2045
2049
2050
2051
2052
2056
2057
2058
2059
2060
2063
2064
2065
2066
2067
2070
2071
2072
2073
2074
2080
2086
2087
2089
2093
2094
2098
2099
2100
2101
2102
2103
2105
2106
2107
2108
2109
2111
2112
2113
2114
2115
2117
2118
2119
2120
2133
2136
2142
2143
2145
2146
2147
2148
2149
2150
2151
2152
2154
2155
2156
2157
2160
2163
2171
2175
2176
2177
2178
2182
2185
2205
2206
2212
2219
2220
2221
2239
2240
2242
2246
2247
2248
2262
2268
2269
2280
2288
2289
2295
2296
2297
2302
2303
2304
2308
2309
2310
2311
2315
2316
2322
2323
2336
2337
2338
2339
2343
2344
2345
2346
2350
2351
2352
2353
2354
2357
2358
2359
2360
2364
2365
2368
2374
2375
2379
2382
2386
2387
2388
2392
2393
2394
2395
2399
2400
2401
2402
2403
2404
2405
2406
2407
2408
2409
2410
2411
2412
2413
2414
2415
2416
2417
2418
2419
2420
2422
2423
2424
2425
2426
2428
2429
2430
2431
2433
2436
2437
2441
2442
2443
2444
2446
2448
2449
2450
2451
2452
2453
2454
2455
2456
2457
2458
2459
2460
2461
2462
2463
2464
2465
2466
2467
2468
2471
2472
2473
2476
2478
2479
2481
2482
2485
2486
2488
2489
2490
2491
2492
2493
2497
2498
2499
2500
2501
2505
2506
2507
2508
2513
2514
2515
2520
2521
2527
2528
2530
2531
2533
2536
2537
2538
2540
2544
2545
2548
2549
2551
2552
2555
2556
2562
2563
2564
2565
2569
2572
2573
2576
2577
2580
2582
2585
2593
2594
2597
2598
2600
2601
2604
2605
2616
2617
2622
2623
2625
2626
2629
2633
2646
2647
2651
2652
2653
2654
2658
2659
2665
2666
2668
2679
2680
2681
2682
2686
2687
2688
2689
2693
2694
2695
2696
2697
2700
2701
2702
2703
2707
2708
2717
2729
2730
2731
2735
2736
2737
2738
2742
2743
2744
2745
2746
2747
2748
2749
2750
2751
2752
2753
2754
2755
2756
2757
2758
2759
2760
2761
2762
2765
2768
2769
2772
2773
2776
2779
2780
2784
2785
2786
2787
2791
2792
2793
2794
2795
2796
2797
2798
2799
2800
2801
2802
2803
2804
2805
2806
2807
2808
2809
2810
2811
2814
2815
2816
2821
2822
2824
2825
2828
2829
2831
2832
2833
2834
2835
2836
2840
2841
2842
2843
2844
2848
2849
2850
2851
2856
2857
2858
2863
2864
2865
2870
2871
2873
2874
2880
2881
2891
2892
2898
2899
2900
2905
2906
2907
2914
2940
2941
2947
2948
2950
2951
2957
2958
2961
2962
2968
2969
2989
2990
2994
2995
2996
2997
2999
3000
3001
3002
3006
3007
3010
3011
3017
3018
3024
3025
3029
3030
3031
3032
3036
3037
3038
3039
3043
3044
3045
3046
3050
3051
3073
3074
3078
3079
3080
3081
3085
3086
3087
3088
3089
3093
3094
3095
3096
3101
3102
3103
3128
3129
3130
3135
3136
3137
3138
3142
3143
3144
3145
3150
3151
3152
3159
3185
3186
3187
3191
3192
3193
3194
3199
3200
3201
3208
3234
3235
3241
3242
3243
3248
3249
3250
3257
3268
3283
3284
3290
3291
3293
3294
3300
3301
3304
3305
3306
3311
3312
3342
3343
3349
3350
3353
3354
3360
3361
3363
3364
3370
3371
3412
3413
3419
3420
3430
3431
3437
3438
3440
3441
3447
3448
3479
3480
3486
3487
3488
3489
3490
3493
3494
3495
3496
3497
3502
3528
3529
3530
3534
3535
3536
3537
3542
3543
3544
3551
3586
3591
3592
3593
3600
3603
3606
3612
3613
3633
3638
3639
3645
3646
3652
3655
3675
3676
3680
3681
3682
3687
3706
3707
3713
3714
3755
3756
3762
3763
3773
3774
3780
3781
3783
3784
3790
3791
3816
3821
3822
3823
3827
3828
3829
3830
3832
3833
3839
3840
3843
3844
3848
3850
3851
3853
3854
3857
3858
3860
3861
3864
3865
3870
3890
3891
3892
3893
3897
3899
3900
3902
3903
3906
3907
3909
3910
3913
3920
3921
3927
3928
3933
3939
3940
3946
3949
3955
3956
3969
3970
3976
3977
3981
3982
4116
4117
4121
4122
4123
4124
4128
4129
4151
4152
4156
4157
4158
4159
4163
4164
4165
4166
4170
4171
4172
4173
4177
4178
4186
4187
4191
4193
4194
4196
4197
4200
4201
4203
4204
4205
4206
4207
4208
4212
4213
4235
4236
4242
4243
4245
4246
4252
4253
4263
4264
4270
4271
4312
4313
4319
4320
4361
4362
4366
4367
4368
4369
4373
4374
4396
4397
4401
4402
4403
4404
4408
4409
4410
4411
4415
4416
4417
4418
4422
4423
4445
4446
4450
4451
4452
4453
4457
4458
4459
4460
4464
4465
4466
4467
4471
4472
4494
4495
4499
4500
4501
4502
4506
4507
4508
4509
4513
4514
4515
4516
4520
4521
4543
4544
4548
4549
4550
4551
4555
4556
4704
4705
4709
4710
4711
4712
4716
4717
4739
4740
4744
4745
4746
4747
4751
4752
4753
4754
4758
4759
4760
4761
4765
4766
4788
4789
4793
4794
4795
4796
4800
4801
4802
4803
4804
4808
4809
4810
4811
4816
4817
4818
4843
4844
4845
4850
4851
4852
4853
4857
4858
4859
4860
4865
4866
4867
4874
4900
4901
4902
4906
4907
4908
4909
4914
4915
4916
5088
5089
5090
5095
5096
5097
5098
5102
5103
5104
5130
5137
5138
5139
5144
5145
5146
5147
5151
5152
5153
5154
5159
5160
5161
5186
5187
5188
5193
5194
5195
5196
5200
5201
5202
5203
5208
5209
5210
5217
5243
5244
5245
5249
5250
5251
5252
5257
5258
5259
5266
5301
5306
5307
5308
5315
5488
5489
5490
5494
5495
5496
5497
5502
5503
5504
5529
5530
5531
5536
5537
5538
5539
5543
5544
5545
5546
5551
5552
5553
5560
5586
5587
5588
5592
5593
5594
5595
5600
5601
5602
5764
5765
5771
5772
5813
5814
5820
5821
5831
5832
5838
5839
5841
5842
5848
5849
5880
5881
5887
5888
5890
5891
5897
5898
6107
6108
6114
6115
6156
6157
6163
6164
6174
6175
6181
6182
6184
6185
6191
6192
6223
6224
6230
6231
6233
6234
6240
6241
6244
6245
6251
6252
6254
6255
6261
6262
6293
6294
6300
6301
6303
6304
6310
6311
6321
6322
6328
6329
6370
6371
6377
6378
6467
6468
6469
6484
6490
6491
6495
6498
6510
6516
6587
6588
6594
6595
6597
6598
6600
6603
6604
6605
6615
6616
6622
6623
6629
6630
6636
6637
6642
6643
6644
6645
6646
6647
6649
6652
6653
6654
6656
6664
6665
6671
6672
6678
6679
6680
6698
6701
6713
6714
6720
6721
6784
6785
6803
6804
6810
6811
6812
6827
6833
7003
7004
7007
7008
7010
7011
7024
7028
7031
7032
7035
7036
7039
7052
7053
7056
7057
7059
7060
7150
7151
7171
7175
7178
7179
7182
7199
7200
7203
7204
7206
7207
7210
7211
7224
7227
7228
7231
7232
7235
7239
7252
7253
7255
7256
7259
7260
7346
7347
7350
7351
7353
7354
7367
7371
7374
7375
7378
7379
7382
7391
7392
7395
7396
7399
7400
7402
7403
7407
7413
7414
7415
7421
7433
7436
7440
7520
7524
7527
7539
7545
7546
7547
7553
7568
7569
7573
7576
7594
7595
7596
7602
7603
7618
7622
7625
8004
8008
8011
8032
8033
8036
8037
8039
8040
8053
8057
8060
8151
8170
8179
8180
8200
8204
8207
8208
8211
8228
8229
8232
8233
8235
8236
8239
8240
8253
8256
8257
8260
10505
10506
10512
10515
10535
10536
10540
10541
10542
10547
10548
10554
10555
10578
10583
10584
10585
10589
10590
10724
10725
10730
10750
10751
10757
10760
10766
10767
10773
10793
10799
10800
10806
10809
10815
10816
10836
10841
10842
10848
10849
10855
10858
10878
10879
10883
10884
10885
10890
11019
11024
11025
11026
11030
11031
11051
11054
11060
11061
11067
11068
11073
11093
11094
11100
11103
12005
12006
12010
12011
12012
12013
12017
12018
12040
12041
12045
12046
12047
12048
12052
12053
12054
12055
12059
12060
12061
12062
12066
12067
12080
12083
12089
12090
12094
12095
12096
12097
12101
12102
12220
12221
12227
12230
12250
12251
12255
12256
12257
12258
12262
12263
12269
12270
12285
12286
12290
12291
12292
12293
12297
12298
12299
12300
12304
12305
12306
12307
12311
12312
12334
12335
12339
12340
12341
12342
12346
12347
12348
12349
12353
12354
12355
12356
12360
12361
12383
12384
12388
12389
12390
12391
12395
12396
12397
12398
12402
12403
12404
12405
12409
12410
12432
12433
12437
12438
12439
12440
12444
12445
12593
12594
12598
12599
12600
12601
12605
12606
12628
12629
12633
12634
12635
12636
12640
12641
12642
12643
12647
12648
12649
12650
12654
12655
12677
12678
12682
12683
12684
12685
12689
12690
13720
13721
13725
13726
13727
13728
13732
13733
13755
13756
13760
13761
13762
13763
13767
13768
13769
13770
13774
13775
13776
13777
13781
13782
13804
13805
13809
13810
13811
13812
13816
13817
13965
13966
13970
13971
13972
13973
13977
13978
14000
14001
14005
14006
14007
14008
14012
14013
14014
14015
14016
14019
14020
14021
14022
14026
14027
14048
14049
14050
14054
14055
14056
14057
14061
14062
14063
14064
14065
14068
14069
14070
14071
14072
14075
14076
14077
14078
14079
14098
14099
14103
14104
14105
14106
14110
14111
14112
14113
14114
14117
14118
14119
14120
14124
14125
14147
14148
14152
14153
14154
14155
14159
14160
14293
14300
14301
14302
14307
14308
14309
14313
14314
14315
14316
14320
14321
14342
14343
14344
14348
14349
14350
14351
14355
14356
14357
14358
14359
14362
14363
14364
14365
14369
14370
14391
14392
14393
14397
14398
14399
14400
14404
14405
14406
14407
14408
14411
14412
14413
14414
14415
14418
14419
14420
14421
14422
14441
14442
14446
14447
14448
14449
14453
14454
14455
14456
14457
14460
14461
14462
14463
14464
14467
14468
14469
14470
14471
14478
14490
14491
14495
14496
14497
14498
14502
14503
14504
14505
14506
14510
14511
14512
14513
14518
14519
14520
14651
14652
14656
14657
14658
14659
14663
14664
14686
14687
14691
14692
14693
14694
14698
14699
14700
14701
14702
14705
14706
14707
14708
14712
14713
14734
14735
14736
14740
14741
14742
14743
14747
14748
14749
14750
14751
14754
14755
14756
14757
14758
14761
14762
14763
14764
14765
14784
14785
14789
14790
14791
14792
14796
14797
14798
14799
14800
14803
14804
14805
14806
14810
14811
14833
14834
14838
14839
14840
14841
14845
14846
14994
14995
14999
15000
15001
15002
15006
15007
15029
15030
15034
15035
15036
15037
15041
15042
15043
15044
15048
15049
15050
15051
15055
15056
15078
15079
15083
15084
15085
15086
15090
15091
16008
16015
16016
16017
16022
16057
16064
16065
16066
16071
16072
16073
16074
16078
16079
16080
16106
16113
16114
16115
16120
16121
16122
16126
16127
16128
16129
16133
16134
16156
16157
16161
16162
16163
16164
16168
16169
16170
16171
16175
16176
16177
16178
16182
16183
16205
16206
16210
16211
16212
16213
16217
16218
16302
16340
16351
16358
16359
16360
16365
16366
16367
16371
16372
16373
16374
16378
16379
16400
16401
16402
16406
16407
16408
16409
16413
16414
16415
16416
16417
16420
16421
16422
16423
16427
16428
16449
16450
16451
16455
16456
16457
16458
16462
16463
16464
16465
16466
16469
16470
16471
16472
16473
16476
16477
16478
16479
16480
16499
16500
16504
16505
16506
16507
16511
16512
16513
16514
16515
16518
16519
16520
16521
16525
16526
16548
16549
16553
16554
16555
16556
16560
16561
16709
16710
16714
16715
16716
16717
16721
16722
16744
16745
16749
16750
16751
16752
16756
16757
16758
16759
16763
16764
16765
16766
16770
16771
16793
16794
16798
16799
16800
16801
16805
16806
16807
16808
16812
16813
16814
16815
16817
16818
16819
16820
16824
16825
16842
16843
16847
16848
16849
16850
16854
16855
16856
16857
16861
16862
16863
16864
16866
16867
16868
16869
16873
16874
16877
16878
16884
16885
16887
16888
16891
16892
16894
16895
16896
16897
16898
16899
16903
16904
16926
16927
16933
16934
16936
16937
16943
16944
17052
17053
17057
17058
17059
17060
17064
17065
17087
17088
17092
17093
17094
17095
17099
17100
17101
17102
17106
17107
17108
17109
17113
17114
17136
17137
17141
17142
17143
17144
17148
17149
17150
17151
17155
17156
17157
17158
17160
17161
17162
17163
17167
17168
17185
17186
17190
17191
17192
17193
17197
17198
17199
17200
17204
17205
17206
17207
17209
17210
17211
17212
17216
17217
17220
17221
17227
17228
17230
17231
17234
17235
17237
17238
17239
17240
17241
17242
17246
17247
17269
17270
17276
17277
17279
17280
17286
17287
17297
17298
17304
17305
17346
17347
17353
17354
17356
17357
17363
17364
17367
17368
17374
17375
17395
17396
17400
17401
17402
17403
17405
17406
17407
17408
17412
17413
17416
17417
17423
17424
17430
17431
17435
17436
17437
17438
17442
17443
17444
17445
17449
17450
17451
17452
17456
17457
17479
17480
17484
17485
17486
17487
17491
17492
17640
17641
17647
17648
17689
17690
17696
17697
17699
17700
17706
17707
17710
17711
17717
17718
17748
17749
17755
17756
17759
17760
17766
17767
18522
18523
18527
18528
18529
18530
18534
18535
18557
18558
18562
18563
18564
18565
18569
18570
18571
18572
18576
18577
18578
18579
18583
18584
18606
18607
18611
18612
18613
18614
18618
18619
18767
18768
18772
18773
18774
18775
18779
18780
18802
18803
18807
18808
18809
18810
18814
18815
18816
18817
18821
18822
18823
18824
18828
18829
18851
18852
18856
18857
18858
18859
18863
18864
18865
18866
18870
18871
18872
18873
18877
18878
18900
18901
18905
18906
18907
18908
18912
18913
18914
18915
18919
18920
18921
18922
18926
18927
18949
18950
18954
18955
18956
18957
18961
18962
19110
19111
19115
19116
19117
19118
19122
19123
19145
19146
19150
19151
19152
19153
19157
19158
19159
19160
19164
19165
19166
19167
19171
19172
19194
19195
19199
19200
19201
19202
19206
19207
19208
19209
19213
19214
19215
19216
19218
19219
19220
19221
19225
19226
19243
19244
19248
19249
19250
19251
19255
19256
19257
19258
19262
19263
19264
19265
19267
19268
19269
19270
19274
19275
19278
19279
19285
19286
19288
19289
19292
19293
19295
19296
19297
19298
19299
19300
19304
19305
19327
19328
19334
19335
19337
19338
19344
19345
19453
19454
19458
19459
19460
19461
19465
19466
19488
19489
19493
19494
19495
19496
19500
19501
19502
19503
19507
19508
19509
19510
19514
19515
19537
19538
19542
19543
19544
19545
19549
19550
19551
19552
19556
19557
19558
19559
19561
19562
19563
19564
19568
19569
19586
19587
19591
19592
19593
19594
19598
19599
19600
19601
19605
19606
19607
19608
19610
19611
19612
19613
19617
19618
19621
19622
19628
19629
19631
19632
19635
19636
19638
19639
19640
19641
19642
19643
19647
19648
19670
19671
19677
19678
19680
19681
19687
19688
19698
19699
19705
19706
19747
19748
19754
19755
19757
19758
19764
19765
19768
19769
19775
19776
19796
19797
19801
19802
19803
19804
19806
19807
19808
19809
19813
19814
19817
19818
19824
19825
19831
19832
19836
19837
19838
19839
19843
19844
19845
19846
19850
19851
19852
19853
19857
19858
19880
19881
19885
19886
19887
19888
19892
19893
20923
20924
20928
20929
20930
20931
20935
20936
20958
20959
20963
20964
20965
20966
20970
20971
20972
20973
20977
20978
20979
20980
20984
20985
21007
21008
21012
21013
21014
21015
21019
21020
21168
21169
21173
21174
21175
21176
21180
21181
21203
21204
21208
21209
21210
21211
21215
21216
21217
21218
21222
21223
21224
21225
21229
21230
21252
21253
21257
21258
21259
21260
21264
21265
21266
21267
21271
21272
21273
21274
21278
21279
21301
21302
21306
21307
21308
21309
21313
21314
21315
21316
21320
21321
21322
21323
21327
21328
21350
21351
21355
21356
21357
21358
21362
21363
21511
21512
21516
21517
21518
21519
21523
21524
21546
21547
21551
21552
21553
21554
21558
21559
21560
21561
21565
21566
21567
21568
21572
21573
21595
21596
21600
21601
21602
21603
21607
21608
28812
28813
28817
28818
28819
28820
28824
28825
28847
28848
28852
28853
28854
28855
28859
28860
28861
28862
28866
28867
28868
28869
28873
28874
28896
28897
28901
28902
28903
28904
28908
28909
29057
29058
29062
29063
29064
29065
29069
29070
29092
29093
29097
29098
29099
29100
29104
29105
29106
29107
29111
29112
29113
29114
29118
29119
29141
29142
29146
29147
29148
29149
29153
29154
29155
29156
29160
29161
29162
29163
29167
29168
29190
29191
29195
29196
29197
29198
29202
29203
29204
29205
29209
29210
29211
29212
29216
29217
29239
29240
29244
29245
29246
29247
29251
29252
29400
29401
29405
29406
29407
29408
29412
29413
29435
29436
29440
29441
29442
29443
29447
29448
29449
29450
29454
29455
29456
29457
29461
29462
29484
29485
29489
29490
29491
29492
29496
29497
30527
30528
30532
30533
30534
30535
30539
30540
30562
30563
30567
30568
30569
30570
30574
30575
30576
30577
30581
30582
30583
30584
30588
30589
30611
30612
30616
30617
30618
30619
30623
30624
30772
30773
30777
30778
30779
30780
30784
30785
30807
30808
30812
30813
30814
30815
30819
30820
30821
30822
30826
30827
30828
30829
30833
30834
30856
30857
30861
30862
30863
30864
30868
30869
30870
30871
30875
30876
30877
30878
30882
30883
30905
30906
30910
30911
30912
30913
30917
30918
30919
30920
30924
30925
30926
30927
30931
30932
30954
30955
30959
30960
30961
30962
30966
30967
31115
31116
31120
31121
31122
31123
31127
31128
31150
31151
31155
31156
31157
31158
31162
31163
31164
31165
31169
31170
31171
31172
31176
31177
31199
31200
31204
31205
31206
31207
31211
31212
31213
31214
31218
31219
31220
31221
31225
31226
31248
31249
31253
31254
31255
31256
31260
31261
31262
31263
31267
31268
31269
31270
31274
31275
31297
31298
31302
31303
31304
31305
31309
31310
31458
31459
31463
31464
31465
31466
31470
31471
31493
31494
31498
31499
31500
31501
31505
31506
31507
31508
31512
31513
31514
31515
31519
31520
31542
31543
31547
31548
31549
31550
31554
31555
31556
31557
31561
31562
31563
31564
31568
31569
31591
31592
31596
31597
31598
31599
31603
31604
31605
31606
31610
31611
31612
31613
31617
31618
31640
31641
31645
31646
31647
31648
31652
31653
31801
31802
31806
31807
31808
31809
31813
31814
31836
31837
31841
31842
31843
31844
31848
31849
31850
31851
31855
31856
31857
31858
31862
31863
31885
31886
31890
31891
31892
31893
31897
31898
32928
32929
32933
32934
32935
32936
32940
32941
32963
32964
32968
32969
32970
32971
32975
32976
32977
32978
32982
32983
32984
32985
32989
32990
33012
33013
33017
33018
33019
33020
33024
33025
33173
33174
33178
33179
33180
33181
33185
33186
33208
33209
33213
33214
33215
33216
33220
33221
33222
33223
33227
33228
33229
33230
33234
33235
33257
33258
33262
33263
33264
33265
33269
33270
33271
33272
33276
33277
33278
33279
33283
33284
33306
33307
33311
33312
33313
33314
33318
33319
33320
33321
33325
33326
33327
33328
33332
33333
33355
33356
33360
33361
33362
33363
33367
33368
33516
33517
33521
33522
33523
33524
33528
33529
33551
33552
33556
33557
33558
33559
33563
33564
33565
33566
33570
33571
33572
33573
33577
33578
33600
33601
33605
33606
33607
33608
33612
33613
84035
84036
84040
84041
84042
84043
84047
84048
84070
84071
84075
84076
84077
84078
84082
84083
84084
84085
84089
84090
84091
84092
84096
84097
84119
84120
84124
84125
84126
84127
84131
84132
84280
84281
84285
84286
84287
84288
84292
84293
84315
84316
84320
84321
84322
84323
84327
84328
84329
84330
84334
84335
84336
84337
84341
84342
84364
84365
84369
84370
84371
84372
84376
84377
84378
84379
84383
84384
84385
84386
84390
84391
84413
84414
84418
84419
84420
84421
84425
84426
84427
84428
84432
84433
84434
84435
84439
84440
84462
84463
84467
84468
84469
84470
84474
84475
84623
84624
84628
84629
84630
84631
84635
84636
84658
84659
84663
84664
84665
84666
84670
84671
84672
84673
84677
84678
84679
84680
84684
84685
84707
84708
84712
84713
84714
84715
84719
84720
85750
85751
85755
85756
85757
85758
85762
85763
85785
85786
85790
85791
85792
85793
85797
85798
85799
85800
85804
85805
85806
85807
85811
85812
85834
85835
85839
85840
85841
85842
85846
85847
85995
85996
86000
86001
86002
86003
86007
86008
86030
86031
86035
86036
86037
86038
86042
86043
86044
86045
86049
86050
86051
86052
86056
86057
86079
86080
86084
86085
86086
86087
86091
86092
86093
86094
86098
86099
86100
86101
86105
86106
86128
86129
86133
86134
86135
86136
86140
86141
86142
86143
86147
86148
86149
86150
86154
86155
86177
86178
86182
86183
86184
86185
86189
86190
86338
86339
86343
86344
86345
86346
86350
86351
86373
86374
86378
86379
86380
86381
86385
86386
86387
86388
86392
86393
86394
86395
86399
86400
86422
86423
86427
86428
86429
86430
86434
86435
86436
86437
86441
86442
86443
86444
86448
86449
86471
86472
86476
86477
86478
86479
86483
86484
86485
86486
86490
86491
86492
86493
86497
86498
86520
86521
86525
86526
86527
86528
86532
86533
86681
86682
86686
86687
86688
86689
86693
86694
86716
86717
86721
86722
86723
86724
86728
86729
86730
86731
86735
86736
86737
86738
86742
86743
86765
86766
86770
86771
86772
86773
86777
86778
86779
86780
86784
86785
86786
86787
86791
86792
86814
86815
86819
86820
86821
86822
86826
86827
86828
86829
86833
86834
86835
86836
86840
86841
86863
86864
86868
86869
86870
86871
86875
86876
87024
87025
87029
87030
87031
87032
87036
87037
87059
87060
87064
87065
87066
87067
87071
87072
87073
87074
87078
87079
87080
87081
87085
87086
87108
87109
87113
87114
87115
87116
87120
87121
88151
88152
88156
88157
88158
88159
88163
88164
88186
88187
88191
88192
88193
88194
88198
88199
88200
88201
88205
88206
88207
88208
88212
88213
88235
88236
88240
88241
88242
88243
88247
88248
88396
88397
88401
88402
88403
88404
88408
88409
88431
88432
88436
88437
88438
88439
88443
88444
88445
88446
88450
88451
88452
88453
88457
88458
88480
88481
88485
88486
88487
88488
88492
88493
88494
88495
88499
88500
88501
88502
88506
88507
88529
88530
88534
88535
88536
88537
88541
88542
88543
88544
88548
88549
88550
88551
88555
88556
88578
88579
88583
88584
88585
88586
88590
88591
88739
88740
88744
88745
88746
88747
88751
88752
88774
88775
88779
88780
88781
88782
88786
88787
88788
88789
88793
88794
88795
88796
88800
88801
88823
88824
88828
88829
88830
88831
88835
88836
96040
96041
96045
96046
96047
96048
96052
96053
96075
96076
96080
96081
96082
96083
96087
96088
96089
96090
96094
96095
96096
96097
96101
96102
96124
96125
96129
96130
96131
96132
96136
96137
96285
96286
96290
96291
96292
96293
96297
96298
96320
96321
96325
96326
96327
96328
96332
96333
96334
96335
96339
96340
96341
96342
96346
96347
96369
96370
96374
96375
96376
96377
96381
96382
96383
96384
96388
96389
96390
96391
96395
96396
96418
96419
96423
96424
96425
96426
96430
96431
96432
96433
96437
96438
96439
96440
96444
96445
96467
96468
96472
96473
96474
96475
96479
96480
96628
96629
96633
96634
96635
96636
96640
96641
96663
96664
96668
96669
96670
96671
96675
96676
96677
96678
96682
96683
96684
96685
96689
96690
96712
96713
96717
96718
96719
96720
96724
96725
97755
97756
97760
97761
97762
97763
97767
97768
97790
97791
97795
97796
97797
97798
97802
97803
97804
97805
97809
97810
97811
97812
97816
97817
97839
97840
97844
97845
97846
97847
97851
97852
98000
98001
98005
98006
98007
98008
98012
98013
98035
98036
98040
98041
98042
98043
98047
98048
98049
98050
98054
98055
98056
98057
98061
98062
98084
98085
98089
98090
98091
98092
98096
98097
98098
98099
98103
98104
98105
98106
98110
98111
98133
98134
98138
98139
98140
98141
98145
98146
98147
98148
98152
98153
98154
98155
98159
98160
98182
98183
98187
98188
98189
98190
98194
98195
98343
98344
98348
98349
98350
98351
98355
98356
98378
98379
98383
98384
98385
98386
98390
98391
98392
98393
98397
98398
98399
98400
98404
98405
98427
98428
98432
98433
98434
98435
98439
98440
98441
98442
98446
98447
98448
98449
98453
98454
98476
98477
98481
98482
98483
98484
98488
98489
98490
98491
98495
98496
98497
98498
98502
98503
98525
98526
98530
98531
98532
98533
98537
98538
98686
98687
98691
98692
98693
98694
98698
98699
98721
98722
98726
98727
98728
98729
98733
98734
98735
98736
98740
98741
98742
98743
98747
98748
98770
98771
98775
98776
98777
98778
98782
98783
98784
98785
98789
98790
98791
98792
98796
98797
98819
98820
98824
98825
98826
98827
98831
98832
98833
98834
98838
98839
98840
98841
98845
98846
98868
98869
98873
98874
98875
98876
98880
98881
99029
99030
99034
99035
99036
99037
99041
99042
99064
99065
99069
99070
99071
99072
99076
99077
99078
99079
99083
99084
99085
99086
99090
99091
99113
99114
99118
99119
99120
99121
99125
99126
