2
3
4
5
6
7
8
9
10
11
12
13
14
15
16
18
19
20
21
22
23
24
25
26
27
28
29
30
31
32
33
34
35
36
37
38
39
40
41
42
43
44
45
46
47
48
49
50
51
52
53
54
55
56
57
58
59
60
61
62
63
64
65
66
67
68
69
70
71
73
74
75
76
77
78
82
83
84
85
86
87
88
89
90
91
92
93
94
95
98
99
100
105
106
107
110
111
112
113
114
117
118
124
125
131
132
133
134
135
138
139
140
141
142
145
160
161
162
163
167
170
172
173
174
175
176
177
178
179
180
181
182
183
184
187
189
190
191
194
196
197
200
202
203
204
206
209
213
214
216
217
218
221
224
225
227
228
230
234
235
237
238
239
241
242
262
263
266
267
269
270
272
273
274
279
283
284
286
287
288
290
291
294
295
300
301
302
304
305
307
311
312
315
316
318
319
321
322
323
343
344
345
350
351
352
355
356
357
358
359
362
363
392
393
394
399
400
401
404
405
406
407
408
411
412
418
419
425
426
427
428
429
432
433
434
435
436
441
442
443
448
449
450
453
454
455
456
457
460
461
467
468
474
475
476
477
478
481
482
483
484
485
