2
3
4
5
6
7
8
9
10
11
12
13
14
15
16
17
18
19
20
21
22
23
24
25
26
27
28
29
30
31
32
33
34
35
36
37
38
39
40
41
42
43
44
45
46
47
48
49
50
51
52
53
54
55
56
57
58
59
60
61
62
63
64
65
66
67
68
69
70
71
72
73
74
75
76
77
78
79
80
81
82
83
84
85
86
87
88
89
90
91
92
93
94
95
96
97
98
99
100
101
102
103
104
105
106
107
108
109
110
111
112
113
114
115
116
117
118
119
120
121
122
123
124
125
126
127
128
129
130
131
132
133
134
135
136
137
138
139
140
141
143
144
145
146
147
148
149
150
151
152
153
154
155
156
157
158
159
160
161
162
163
164
165
166
167
168
169
170
171
172
173
174
175
176
177
178
179
180
181
182
183
184
185
186
187
188
189
190
191
192
193
194
195
196
197
198
199
200
201
202
203
204
205
206
207
208
209
210
211
212
213
214
215
216
217
218
219
220
221
222
223
224
225
226
228
229
230
231
232
233
234
235
236
237
238
239
240
241
242
243
245
246
248
249
250
251
252
253
254
255
256
257
258
259
260
262
263
264
265
266
267
268
269
270
271
272
273
274
275
276
277
278
279
280
281
282
283
284
285
286
287
288
289
290
291
292
293
294
295
296
297
298
299
300
301
302
303
304
305
306
307
308
309
310
311
312
314
315
316
317
318
319
320
321
322
323
324
327
328
329
330
331
332
333
334
335
336
337
339
340
341
342
343
344
345
346
347
348
349
350
351
352
353
354
355
356
357
358
359
360
361
362
363
364
365
366
367
368
369
370
371
372
373
374
375
376
377
378
379
380
381
382
383
384
385
386
387
388
389
390
391
392
393
394
395
396
397
398
399
400
401
402
403
404
405
406
407
408
409
410
412
413
414
415
416
417
418
419
420
421
422
423
424
425
426
427
428
429
430
431
432
433
434
435
437
438
439
440
441
442
443
445
446
447
448
449
450
452
453
455
456
457
459
460
461
462
463
464
465
466
467
469
470
471
472
473
474
476
478
479
480
482
483
484
485
489
490
491
492
493
495
496
497
498
499
500
502
503
504
505
506
508
510
511
512
513
514
515
516
517
518
519
521
524
525
526
528
530
531
532
533
534
535
537
538
539
540
541
546
547
548
549
550
551
552
553
554
555
556
557
558
559
560
561
563
564
565
566
567
568
569
572
573
574
575
576
577
578
579
580
581
582
583
585
586
587
588
589
590
591
592
593
594
595
596
597
598
599
600
601
602
603
604
605
606
609
610
612
613
614
615
616
617
620
621
622
623
624
625
626
627
628
629
630
631
632
633
634
635
636
637
638
639
640
642
643
644
645
647
648
649
650
651
653
654
655
656
658
659
661
662
663
664
665
666
667
669
670
672
673
674
675
677
678
679
680
682
683
684
685
686
687
688
689
690
692
693
694
695
696
697
698
699
700
701
702
703
704
705
707
708
709
710
711
713
714
715
716
717
718
721
723
724
725
726
727
728
729
730
732
734
735
736
737
739
741
742
743
744
745
746
747
749
750
751
752
753
754
755
756
757
758
759
760
763
764
767
768
769
770
771
772
774
775
778
779
781
782
784
785
786
787
788
790
791
792
793
794
796
798
799
800
802
803
809
812
813
814
816
817
819
820
821
824
827
828
830
831
833
834
835
838
840
841
842
848
849
851
852
854
855
857
858
861
862
863
865
877
882
883
884
886
889
890
891
892
893
894
896
897
898
899
900
901
902
903
904
906
907
908
910
911
912
914
915
917
918
919
920
921
922
924
925
926
928
929
931
932
933
934
935
936
937
938
939
940
941
942
943
944
945
946
947
948
949
950
951
952
953
955
956
959
960
962
964
965
966
967
968
971
974
977
978
979
980
981
983
985
986
998
999
1005
1008
1009
1010
1012
1013
1015
1016
1017
1020
1026
1027
1029
1030
1032
1034
1035
1036
1037
1039
1041
1042
1048
1049
1050
1051
1053
1055
1056
1060
1063
1064
1065
1067
1069
1070
1071
1072
1074
1076
1077
1078
1079
1081
1083
1084
1085
1086
1088
1090
1091
1099
1100
1102
1104
1105
1113
1114
1116
1118
1119
1120
1121
1123
1125
1126
1134
1139
1145
1146
1147
1148
1151
1152
1153
1155
1156
1157
1158
1159
1160
1161
1162
1163
1164
1165
1167
1169
1173
1174
1176
1177
1179
1181
1182
1183
1184
1186
1188
1189
1191
1193
1194
1195
1196
1197
1198
1200
1201
1202
1203
1204
1205
1206
1208
1210
1211
1212
1213
1214
1215
1216
1217
1218
1219
1221
1223
1224
1225
1226
1227
1229
1231
1232
1233
1234
1237
1239
1240
1241
1243
1244
1245
1248
1250
1253
1254
1255
1257
1259
1262
1264
1266
1267
1268
1273
1274
1275
1277
1279
1280
1281
1282
1283
1284
1286
1287
1288
1289
1290
1295
1296
1298
1299
1300
1301
1302
1303
1306
1308
1309
1310
1311
1312
1313
1314
1315
1316
1317
1319
1321
1322
1323
1324
1326
1328
1329
1330
1331
1333
1335
1336
1344
1345
1347
1349
1350
1358
1359
1361
1363
1364
1365
1366
1368
1370
1371
1372
1373
1374
1376
1378
1379
1380
1381
1384
1386
1387
1388
1390
1391
1397
1400
1401
1402
1404
1413
1414
1415
1420
1421
1422
1423
1425
1427
1428
1429
1430
1433
1435
1436
1437
1442
1443
1445
1446
1449
1450
1451
1452
1453
1454
1456
1457
1458
1459
1460
1461
1467
1468
1470
1471
1472
1474
1477
1478
1479
1482
1484
1485
1486
1488
1489
1490
1491
1492
1493
1494
1495
1498
1499
1500
1501
1502
1503
1505
1506
1507
1508
1509
1510
1511
1512
1513
1514
1516
1517
1518
1519
1520
1521
1526
1527
1528
1533
1534
1535
1537
1538
1539
1540
1541
1542
1543
1544
1547
1548
1549
1551
1553
1556
1558
1563
1568
1569
1570
1572
1574
1575
1576
1577
1580
1582
1583
1584
1586
1587
1588
1591
1593
1596
1597
1598
1600
1647
1648
1649
1654
1655
1656
1661
1676
1677
1680
1681
1683
1684
1696
1697
1698
1703
1704
1705
1710
1715
1716
1718
1720
1721
1722
1723
1725
1727
1728
1736
1737
1739
1741
1742
1750
1751
1753
1755
1756
1757
1758
1760
1762
1763
1764
1765
1767
1769
1770
1771
1772
1774
1776
1777
1785
1786
1788
1789
1790
1791
1792
1793
1794
1795
1796
1799
1800
1801
1802
1803
1804
1805
1806
1807
1809
1811
1812
1813
1814
1815
1820
1821
1822
1834
1835
1837
1838
1841
1842
1843
1844
1845
1850
1851
1852
1857
1862
1863
1864
1865
1867
1868
1869
1870
1871
1872
1874
1875
1883
1884
1886
1887
1888
1889
1890
1891
1897
1898
1900
1902
1903
1904
1905
1906
1907
1909
1910
1911
1912
1913
1918
1919
1920
1960
1961
1963
1965
1966
1967
1968
1970
1972
1973
1981
1982
1984
1986
1987
1995
1996
1998
2000
2001
2002
2003
2005
2007
2008
2009
2010
2012
2014
2015
2016
2017
2019
2021
2022
2030
2031
2033
2035
2036
2044
2045
2047
2049
2050
2051
2052
2054
2056
2057
2058
2059
2061
2063
2064
2065
2066
2068
2070
2071
2079
2080
2082
2084
2085
2093
2094
2096
2098
2099
2100
2101
2103
2105
2106
2107
2108
2110
2112
2113
2114
2115
2117
2119
2120
2128
2129
2131
2133
2134
2142
2143
2145
2147
2148
2149
2150
2152
2154
2155
2205
2206
2208
2210
2211
2212
2213
2215
2217
2218
2226
2227
2229
2231
2232
2240
2241
2243
2245
2246
2247
2248
2250
2252
2253
2303
2304
2306
2308
2309
2310
2311
2313
2315
2316
2324
2325
2327
2329
2330
2338
2339
2341
2343
2344
2345
2346
2348
2350
2351
2352
2353
2355
2357
2358
2359
2360
2362
2364
2365
2373
2374
2376
2378
2379
2387
2388
2390
2392
2393
2394
2395
2397
2399
2400
2401
2402
2403
2404
2405
2406
2407
2408
2409
2410
2411
2413
2414
2415
2416
2417
2419
2420
2422
2423
2425
2426
2427
2428
2429
2430
2431
2433
2436
2437
2439
2441
2442
2443
2444
2446
2448
2449
2450
2451
2452
2453
2454
2455
2456
2457
2458
2459
2460
2462
2463
2464
2465
2466
2471
2472
2474
2476
2477
2483
2485
2486
2487
2488
2490
2491
2492
2493
2495
2496
2497
2498
2499
2500
2501
2503
2506
2507
2508
2511
2513
2514
2515
2517
2518
2524
2527
2528
2529
2531
2532
2534
2535
2536
2539
2545
2546
2548
2549
2551
2553
2554
2555
2556
2558
2560
2561
2566
2567
2569
2570
2572
2573
2574
2575
2576
2577
2578
2580
2583
2584
2586
2588
2589
2590
2591
2593
2595
2596
2597
2598
2599
2601
2604
2605
2606
2609
2611
2612
2613
2615
2616
2622
2625
2626
2627
2629
2646
2647
2649
2651
2652
2653
2654
2656
2658
2659
2667
2668
2670
2672
2673
2681
2682
2684
2686
2687
2688
2689
2691
2693
2694
2695
2696
2698
2700
2701
2702
2703
2705
2707
2708
2716
2717
2719
2721
2722
2730
2731
2733
2735
2736
2737
2738
2740
2742
2743
2744
2745
2746
2747
2748
2749
2750
2751
2752
2753
2754
2756
2757
2758
2759
2760
2762
2763
2765
2766
2768
2769
2770
2771
2772
2773
2774
2776
2779
2780
2782
2784
2785
2786
2787
2789
2791
2792
2793
2794
2795
2796
2797
2798
2799
2800
2801
2802
2803
2805
2806
2807
2808
2809
2814
2815
2817
2819
2820
2826
2828
2829
2830
2831
2833
2834
2835
2836
2838
2839
2840
2841
2842
2843
2844
2846
2849
2850
2851
2854
2856
2857
2858
2891
2892
2894
2896
2897
2898
2899
2901
2903
2904
2912
2913
2915
2917
2918
2926
2927
2929
2931
2932
2933
2934
2936
2938
2939
2973
2975
2976
2977
2980
2986
2987
2989
2990
2991
2992
2993
2994
2995
2996
2997
2998
2999
3001
3002
3003
3004
3005
3010
3011
3013
3015
3016
3022
3024
3025
3026
3027
3029
3030
3031
3032
3034
3035
3036
3037
3038
3039
3041
3043
3044
3045
3046
3048
3050
3051
3056
3057
3059
3060
3062
3063
3064
3065
3066
3067
3068
3070
3071
3073
3074
3075
3076
3078
3079
3080
3081
3083
3084
3085
3086
3087
3088
3089
3091
3094
3095
3096
3099
3101
3102
3103
3105
3106
3112
3115
3116
3117
3119
3136
3137
3138
3140
3143
3144
3145
3148
3150
3151
3152
3169
3171
3172
3173
3176
3182
3183
3185
3186
3187
3189
3192
3193
3194
3197
3199
3200
3201
3430
3431
3433
3435
3436
3437
3438
3440
3442
3443
3451
3452
3454
3456
3457
3465
3466
3468
3470
3471
3472
3473
3475
3477
3478
3479
3480
3482
3484
3485
3486
3487
3489
3491
3492
3500
3501
3503
3505
3506
3514
3515
3517
3519
3520
3521
3522
3524
3526
3527
3577
3578
3580
3582
3583
3584
3585
3587
3589
3590
3598
3599
3601
3603
3604
3612
3613
3615
3617
3618
3619
3620
3622
3624
3625
3675
3676
3678
3680
3681
3682
3683
3685
3687
3688
3696
3697
3699
3701
3702
3710
3711
3713
3715
3716
3717
3718
3720
3722
3723
3724
3725
3727
3729
3730
3731
3732
3734
3736
3737
3745
3746
3748
3750
3751
3759
3760
3762
3764
3765
3766
3767
3769
3771
3772
4116
4117
4119
4121
4122
4123
4124
4126
4128
4129
4137
4138
4140
4142
4143
4151
4152
4154
4156
4157
4158
4159
4161
4163
4164
4165
4166
4168
4170
4171
4172
4173
4175
4177
4178
4186
4187
4189
4191
4192
4200
4201
4203
4205
4206
4207
4208
4210
4212
4213
4263
4264
4266
4268
4269
4270
4271
4273
4275
4276
4284
4285
4287
4289
4290
4298
4299
4301
4303
4304
4305
4306
4308
4310
4311
4361
4362
4364
4366
4367
4368
4369
4371
4373
4374
4382
4383
4385
4387
4388
4396
4397
4399
4401
4402
4403
4404
4406
4408
4409
4410
4411
4413
4415
4416
4417
4418
4420
4422
4423
4431
4432
4434
4436
4437
4445
4446
4448
4450
4451
4452
4453
4455
4457
4458
4459
4460
4462
4464
4465
4466
4467
4469
4471
4472
4480
4481
4483
4485
4486
4494
4495
4497
4499
4500
4501
4502
4504
4506
4507
4508
4509
4511
4513
4514
4515
4516
4518
4520
4521
4529
4530
4532
4534
4535
4543
4544
4546
4548
4549
4550
4551
4553
4555
4556
4606
4607
4609
4611
4612
4613
4614
4616
4618
4619
4627
4628
4630
4632
4633
4641
4642
4644
4646
4647
4648
4649
4651
4653
4654
4704
4705
4707
4709
4710
4711
4712
4714
4716
4717
4725
4726
4728
4730
4731
4739
4740
4742
4744
4745
4746
4747
4749
4751
4752
4753
4754
4756
4758
4759
4760
4761
4763
4765
4766
4774
4775
4777
4779
4780
4788
4789
4791
4793
4794
4795
4796
4798
4800
4801
7203
7204
7206
7208
7209
7210
7211
7213
7215
7216
7224
7225
7227
7229
7230
7238
7239
7241
7243
7244
7245
7246
7248
7250
7251
7252
7253
7255
7257
7258
7259
7260
7262
7264
7265
7273
7274
7276
7278
7279
7287
7288
7290
7292
7293
7294
7295
7297
7299
7300
7350
7351
7353
7355
7356
7357
7358
7360
7362
7363
7371
7372
7374
7376
7377
7385
7386
7388
7390
7391
7392
7393
7395
7397
7398
7448
7449
7451
7453
7454
7455
7456
7458
7460
7461
7469
7470
7472
7474
7475
7483
7484
7486
7488
7489
7490
7491
7493
7495
7496
7497
7498
7500
7502
7503
7504
7505
7507
7509
7510
7518
7519
7521
7523
7524
7532
7533
7535
7537
7538
7539
7540
7542
7544
7545
7546
7547
7549
7551
7552
7553
7554
7556
7558
7559
7567
7568
7570
7572
7573
7581
7582
7584
7586
7587
7588
7589
7591
7593
7594
7595
7596
7598
7600
7601
7602
7603
7605
7607
7608
7616
7617
7619
7621
7622
7630
7631
7633
7635
7636
7637
7638
7640
7642
7643
7693
7694
7696
7698
7699
7700
7701
7703
7705
7706
7714
7715
7717
7719
7720
7728
7729
7731
7733
7734
7735
7736
7738
7740
7741
7791
7792
7794
7796
7797
7798
7799
7801
7803
7804
7812
7813
7815
7817
7818
7826
7827
7829
7831
7832
7833
7834
7836
7838
7839
7840
7841
7843
7845
7846
7847
7848
7850
7852
7853
7861
7862
7864
7866
7867
7875
7876
7878
7880
7881
7882
7883
7885
7887
7888
8232
8233
8235
8237
8238
8239
8240
8242
8244
8245
8253
8254
8256
8258
8259
8267
8268
8270
8272
8273
8274
8275
8277
8279
8280
8281
8282
8284
8286
8287
8288
8289
8291
8293
8294
8302
8303
8305
8307
8308
8316
8317
8319
8321
8322
8323
8324
8326
8328
8329
8379
8380
8382
8384
8385
8386
8387
8389
8391
8392
8400
8401
8403
8405
8406
8414
8415
8417
8419
8420
8421
8422
8424
8426
8427
8477
8478
8480
8482
8483
8484
8485
8487
8489
8490
8498
8499
8501
8503
8504
8512
8513
8515
8517
8518
8519
8520
8522
8524
8525
8526
8527
8529
8531
8532
8533
8534
8536
8538
8539
8547
8548
8550
8552
8553
8561
8562
8564
8566
8567
8568
8569
8571
8573
8574
8918
8919
8921
8923
8924
8925
8926
8928
8930
8931
8939
8940
8942
8944
8945
8953
8954
8956
8958
8959
8960
8961
8963
8965
8966
8967
8968
8970
8972
8973
8974
8975
8977
8979
8980
8988
8989
8991
8993
8994
9002
9003
9005
9007
9008
9009
9010
9012
9014
9015
9065
9066
9068
9070
9071
9072
9073
9075
9077
9078
9086
9087
9089
9091
9092
9100
9101
9103
9105
9106
9107
9108
9110
9112
9113
9163
9164
9166
9168
9169
9170
9171
9173
9175
9176
9184
9185
9187
9189
9190
9198
9199
9201
9203
9204
9205
9206
9208
9210
9211
9212
9213
9215
9217
9218
9219
9220
9222
9224
9225
9233
9234
9236
9238
9239
9247
9248
9250
9252
9253
9254
9255
9257
9259
9260
9261
9262
9264
9266
9267
9268
9269
9271
9273
9274
9282
9283
9285
9287
9288
9296
9297
9299
9301
9302
9303
9304
9306
9308
9309
9310
9311
9313
9315
9316
9317
9318
9320
9322
9323
9331
9332
9334
9336
9337
9345
9346
9348
9350
9351
9352
9353
9355
9357
9358
9408
9409
9411
9413
9414
9415
9416
9418
9420
9421
9429
9430
9432
9434
9435
9443
9444
9446
9448
9449
9450
9451
9453
9455
9456
9506
9507
9509
9511
9512
9513
9514
9516
9518
9519
9527
9528
9530
9532
9533
9541
9542
9544
9546
9547
9548
9549
9551
9553
9554
9555
9556
9558
9560
9561
9562
9563
9565
9567
9568
9576
9577
9579
9581
9582
9590
9591
9593
9595
9596
9597
9598
9600
9602
9603
