3
5
7
8
10
15
19
21
22
24
33
35
36
40
43
45
47
49
50
52
56
57
59
61
64
70
71
73
99
103
105
110
117
120
127
129
131
133
134
136
138
145
147
148
150
154
155
157
166
168
169
171
245
246
257
280
301
309
330
343
344
346
348
350
351
353
358
362
364
365
367
381
392
393
395
399
400
402
413
414
416
430
435
448
490
491
493
497
498
500
511
512
514
721
726
735
736
757
770
803
817
819
820
824
838
840
852
903
915
917
918
920
922
931
932
938
939
946
952
962
964
966
967
971
1029
1030
1032
1036
1037
1039
1050
1051
1053
1078
1079
1081
1085
1086
1088
1099
1100
1102
1146
1160
1162
1163
1167
1176
1177
1179
1183
1184
1186
1195
1197
1198
1200
2401
2402
2404
2408
2409
2411
2420
2422
2423
2425
2450
2451
2453
2457
2458
2460
2471
2472
2474
2518
2532
2534
2535
2539
2548
2549
2551
2555
2556
2558
2567
2569
2570
2572
2744
2745
2747
2751
2752
2754
2763
2765
2766
2768
2793
2794
2796
2800
2801
2803
2814
2815
2817
2891
2892
2894
2898
2899
2901
2912
2913
2915
3430
3431
3433
3437
3438
3440
3451
3452
3454
3479
3480
3482
3486
3487
3489
3500
3501
3503
3577
3578
3580
3584
3585
3587
3598
3599
3601
7203
7204
7206
7210
7211
7213
7224
7225
7227
7252
7253
7255
7259
7260
7262
7273
7274
7276
7350
7351
7353
7357
7358
7360
7371
7372
7374
7546
7547
7549
7553
7554
7556
7567
7568
7570
7595
7596
7598
7602
7603
7605
7616
7617
7619
7693
7694
7696
7700
7701
7703
7714
7715
7717
8232
8233
8235
8239
8240
8242
8253
8254
8256
8281
8282
8284
8288
8289
8291
8302
8303
8305
8379
8380
8382
8386
8387
8389
8400
8401
8403
