2
3
4
5
7
8
9
10
11
12
14
15
16
17
18
19
21
22
23
24
25
26
28
29
30
31
32
33
35
36
38
39
40
43
44
45
46
47
49
50
51
52
53
54
56
57
58
59
60
61
63
64
65
66
70
71
72
73
74
75
77
78
80
81
82
84
85
86
87
88
89
92
93
94
95
98
99
100
101
105
106
107
108
112
113
114
115
117
119
120
121
122
131
133
134
136
138
147
148
149
150
152
154
155
156
157
161
162
163
164
166
168
169
170
171
172
173
175
176
179
180
182
183
196
197
200
201
203
204
207
208
221
222
224
225
228
229
231
232
234
236
245
246
248
249
250
252
253
256
257
262
264
266
267
269
278
280
281
283
285
343
344
345
346
347
348
350
351
352
353
354
355
357
358
359
360
364
365
366
367
368
369
371
372
375
376
378
379
392
393
394
395
396
397
399
400
401
402
403
404
406
407
408
409
413
414
415
416
417
418
420
421
424
425
427
428
441
442
443
444
448
449
450
451
455
456
457
458
462
463
464
465
490
491
492
493
497
498
499
500
504
505
506
507
511
512
513
514
686
687
688
689
693
694
695
696
700
701
702
703
707
708
709
710
735
736
737
738
742
743
744
745
749
750
751
752
756
757
758
759
784
785
786
787
791
792
793
794
798
799
800
801
805
806
807
808
833
834
835
836
840
841
842
843
847
848
849
850
854
855
856
857
