2
3
4
5
7
8
9
10
11
12
14
15
16
17
18
19
21
22
23
24
25
26
28
29
30
31
32
33
35
36
37
38
39
40
43
44
45
46
47
49
50
51
52
53
54
56
57
58
59
60
61
63
64
65
66
67
68
70
71
72
73
74
75
77
78
79
80
81
82
84
85
86
87
88
89
92
93
94
95
96
98
99
100
101
102
103
105
106
107
108
109
110
112
113
114
115
116
117
119
120
121
122
123
124
126
127
128
129
130
131
133
134
135
136
137
138
141
142
143
144
145
147
148
149
150
152
154
155
156
157
158
159
161
162
163
164
165
166
168
169
170
171
172
173
175
176
177
178
179
180
182
183
184
185
187
190
192
194
196
197
198
200
201
203
204
205
206
207
208
210
211
212
213
214
215
217
218
219
220
221
222
224
225
226
227
228
229
231
232
233
234
235
236
239
240
241
245
246
247
248
249
250
252
253
255
256
257
259
260
261
262
264
266
267
269
270
271
273
274
276
277
278
280
281
282
283
285
288
289
290
292
295
296
297
299
301
302
303
304
305
306
308
309
310
311
312
313
315
316
317
318
319
320
322
323
324
325
326
327
329
330
331
332
333
334
337
338
339
340
341
343
344
345
346
347
348
350
351
353
354
355
357
358
360
361
362
364
365
367
368
369
371
372
373
374
376
378
379
380
381
382
383
387
388
389
392
393
394
395
396
397
399
400
402
404
407
408
409
410
411
413
414
416
417
418
420
421
422
423
425
427
428
429
430
432
435
438
442
444
448
449
451
452
455
456
460
462
464
465
467
469
470
472
473
474
476
477
478
481
484
485
487
488
490
491
492
493
494
495
497
498
500
502
504
505
506
507
508
509
511
512
513
514
515
516
518
519
520
521
522
525
526
527
528
530
533
534
535
536
537
539
540
541
543
544
546
549
551
553
554
556
557
558
560
561
562
563
564
568
569
570
572
574
575
576
577
578
579
582
583
585
586
588
589
591
592
593
595
596
598
600
602
603
604
605
609
610
611
612
614
617
620
621
623
624
626
627
628
631
632
633
634
635
639
641
644
645
647
648
649
651
652
653
655
656
659
660
661
662
663
665
666
667
668
672
673
676
677
682
684
686
687
688
689
691
693
694
696
698
700
701
702
703
704
707
708
709
710
711
712
715
716
717
718
719
721
722
723
724
725
726
729
731
732
735
736
737
739
740
742
743
744
745
746
747
749
750
752
756
757
758
759
760
763
764
765
768
770
771
773
774
778
780
782
784
785
791
792
801
802
803
805
806
807
808
809
810
812
813
815
817
819
820
822
824
827
828
829
830
831
833
834
835
836
838
840
841
843
847
848
850
851
852
854
855
856
857
858
859
861
862
865
869
870
872
873
876
877
879
880
882
883
884
885
886
889
890
892
893
894
897
901
903
904
906
907
908
910
911
914
915
917
918
920
922
925
927
928
931
932
933
934
935
936
938
939
940
941
943
945
946
947
948
950
952
953
955
957
960
962
964
966
967
969
970
971
974
976
977
978
981
983
984
985
987
988
992
995
996
998
999
1001
1002
1005
1006
1008
1009
1010
1011
1015
1016
1018
1020
1023
1024
1026
1029
1030
1031
1032
1034
1036
1037
1039
1041
1043
1044
1045
1046
1047
1048
1050
1051
1053
1054
1055
1060
1061
1064
1065
1067
1069
1072
1074
1075
1078
1079
1081
1083
1085
1086
1087
1088
1090
1092
1093
1099
1100
1102
1104
1106
1107
1109
1110
1111
1113
1114
1116
1118
1121
1127
1128
1130
1131
1134
1135
1142
1144
1145
1146
1148
1150
1151
1152
1153
1155
1156
1157
1158
1160
1162
1163
1164
1165
1166
1167
1170
1172
1173
1176
1177
1178
1179
1181
1183
1184
1185
1186
1188
1191
1193
1194
1195
1197
1198
1200
1201
1202
1204
1205
1208
1209
1211
1212
1214
1215
1216
1219
1221
1222
1223
1225
1226
1229
1232
1233
1234
1236
1237
1240
1244
1247
1249
1250
1251
1253
1254
1258
1260
1261
1262
1264
1270
1272
1274
1275
1277
1279
1281
1282
1283
1284
1286
1288
1289
1290
1295
1296
1298
1300
1303
1304
1306
1307
1309
1310
1312
1314
1321
1324
1327
1328
1330
1331
1333
1334
1338
1353
1355
1358
1359
1361
1368
1372
1373
1376
1377
1379
1380
1382
1384
1386
1387
1390
1391
1394
1396
1397
1400
1401
1403
1404
1405
1408
1415
1416
1417
1419
1421
1422
1423
1424
1425
1428
1429
1430
1431
1433
1435
1436
1438
1440
1442
1443
1445
1446
1450
1451
1452
1454
1456
1457
1458
1461
1467
1468
1470
1471
1472
1473
1474
1475
1477
1478
1482
1484
1485
1487
1491
1492
1494
1495
1496
1499
1501
1503
1505
1506
1507
1508
1510
1513
1514
1515
1517
1519
1520
1521
1522
1523
1524
1526
1527
1528
1530
1534
1536
1540
1541
1543
1545
1547
1548
1550
1551
1554
1556
1562
1563
1564
1566
1568
1569
1571
1575
1576
1577
1578
1580
1589
1591
1601
1603
1604
1605
1608
1611
1612
1613
1615
1617
1618
1620
1621
1622
1624
1625
1628
1629
1631
1632
1634
1636
1638
1643
1645
1647
1648
1650
1652
1653
1654
1656
1657
1660
1661
1663
1667
1670
1674
1676
1677
1680
1681
1683
1685
1687
1688
1690
1692
1695
1696
1697
1698
1699
1702
1703
1704
1706
1709
1710
1715
1716
1718
1719
1720
1722
1723
1725
1727
1730
1734
1736
1737
1739
1740
1741
1743
1744
1746
1748
1750
1751
1753
1755
1758
1759
1764
1765
1766
1767
1769
1771
1772
1774
1776
1779
1785
1786
1788
1789
1790
1792
1793
1794
1795
1799
1800
1801
1802
1804
1813
1814
1815
1820
1821
1825
1834
1835
1837
1848
1849
1851
1853
1856
1859
1862
1863
1865
1867
1869
1870
1872
1874
1877
1880
1881
1883
1884
1886
1888
1897
1898
1900
1902
1921
1922
1923
1926
1933
1936
1939
1942
1946
1947
1949
1954
1960
1961
1962
1963
1964
1965
1967
1968
1970
1971
1972
1981
1982
1984
1986
1995
1996
1998
2000
2003
2004
2005
2011
2016
2023
2024
2030
2031
2032
2033
2041
2042
2045
2047
2049
2052
2053
2072
2074
2081
2082
2087
2093
2094
2098
2101
2102
2103
2104
2107
2108
2109
2110
2111
2112
2114
2118
2119
2122
2124
2128
2133
2136
2144
2145
2146
2147
2150
2151
2154
2156
2157
2158
2159
2163
2165
2166
2170
2171
2174
2175
2177
2184
2193
2202
2203
2205
2206
2208
2212
2213
2216
2219
2222
2223
2226
2227
2231
2234
2236
2240
2244
2245
2248
2251
2254
2255
2256
2258
2261
2262
2263
2276
2279
2280
2282
2283
2285
2286
2291
2292
2299
2303
2304
2308
2310
2311
2313
2318
2320
2322
2324
2326
2334
2336
2338
2339
2341
2346
2348
2350
2364
2367
2371
2373
2381
2383
2387
2401
2402
2403
2404
2405
2406
2408
2409
2411
2412
2413
2415
2416
2417
2418
2419
2420
2422
2423
2424
2425
2426
2427
2429
2430
2431
2432
2433
2434
2436
2437
2438
2439
2441
2444
2445
2446
2447
2448
2450
2451
2452
2453
2454
2455
2457
2458
2460
2461
2462
2465
2467
2471
2472
2473
2474
2475
2476
2479
2480
2481
2483
2485
2486
2487
2488
2490
2493
2494
2496
2499
2500
2501
2502
2504
2506
2507
2508
2509
2510
2511
2517
2518
2520
2521
2523
2524
2527
2528
2530
2531
2532
2534
2535
2537
2538
2539
2544
2545
2546
2548
2549
2550
2551
2553
2555
2556
2557
2558
2559
2560
2563
2565
2566
2567
2569
2570
2572
2573
2574
2576
2577
2580
2581
2583
2584
2586
2588
2591
2597
2598
2601
2602
2604
2605
2607
2609
2611
2612
2614
2616
2618
2619
2621
2622
2623
2626
2632
2635
2637
2641
2642
2644
2646
2647
2649
2651
2653
2654
2656
2658
2660
2661
2663
2667
2668
2670
2672
2674
2675
2679
2681
2682
2684
2686
2698
2700
2705
2710
2716
2717
2744
2745
2746
2747
2748
2749
2751
2752
2754
2756
2758
2759
2761
2762
2763
2765
2766
2768
2769
2770
2772
2773
2774
2775
2779
2780
2781
2782
2784
2793
2794
2795
2796
2797
2798
2800
2801
2803
2805
2814
2815
2817
2819
2826
2828
2829
2831
2833
2838
2839
2840
2849
2857
2861
2866
2882
2885
2887
2891
2892
2894
2896
2898
2899
2901
2903
2906
2912
2913
2915
2916
2917
2919
2923
2924
2926
2927
2929
2931
2934
2940
2941
2944
2973
2975
2976
2980
2986
2989
2990
2992
2993
2994
2996
2997
2999
3000
3001
3004
3006
3008
3010
3011
3013
3015
3020
3022
3024
3025
3027
3029
3032
3035
3045
3053
3055
3056
3057
3060
3063
3064
3066
3067
3070
3071
3076
3078
3081
3130
3136
3137
3139
3141
3151
3153
3162
3165
3216
3220
3223
3225
3234
3235
3237
3239
3242
3243
3248
3249
3251
3255
3272
3299
3300
3304
3326
3334
3339
3340
3341
3348
3362
3363
3369
3370
3375
3376
3391
3395
3396
3397
3398
3411
3412
3418
3430
3431
3432
3433
3435
3437
3438
3440
3442
3444
3445
3447
3451
3452
3454
3456
3460
3461
3465
3466
3467
3468
3470
3479
3480
3481
3482
3484
3486
3487
3489
3491
3500
3501
3503
3504
3505
3508
3510
3512
3514
3515
3517
3518
3519
3522
3526
3528
3529
3546
3549
3551
3552
3556
3559
3572
3574
3575
3577
3578
3579
3580
3582
3584
3585
3586
3587
3589
3598
3599
3601
3602
3603
3605
3606
3608
3612
3613
3615
3616
3617
3620
3621
3623
3626
3627
3633
3645
3647
3648
3651
3652
3655
3664
3666
3673
3675
3676
3678
3680
3682
3683
3685
3687
3696
3697
3699
3701
3705
3706
3710
3711
3712
3713
3715
3718
3719
3731
3734
3738
3739
3740
3741
3750
3753
3754
3755
3760
3761
3762
3764
3767
3802
3808
3812
3816
3819
3820
3822
3823
3825
3827
3832
3837
3839
3843
3844
3846
3847
3848
3851
3852
3853
3855
3859
3867
3869
3871
3872
3873
3876
3878
3879
3892
3893
3895
3900
3906
3909
3915
3920
3921
3922
3927
3928
3930
3941
3942
3944
3953
3956
3964
3976
3979
3984
3988
4002
4004
4005
4007
4008
4009
4012
4014
4015
4016
4018
4019
4022
4023
4025
4026
4030
4046
4047
4048
4049
4051
4053
4054
4055
4058
4062
4064
4074
4077
4081
4082
4084
4085
4086
4092
4095
4096
4097
4098
4104
4116
4117
4119
4120
4121
4123
4124
4126
4128
4134
4135
4137
4138
4140
4141
4142
4144
4145
4149
4151
4152
4154
4156
4163
4165
4166
4168
4169
4170
4172
4173
4175
4177
4186
4187
4189
4191
4194
4195
4196
4198
4200
4201
4202
4203
4205
4208
4209
4211
4214
4215
4216
4217
4221
4222
4223
4224
4229
4231
4233
4235
4236
4238
4243
4251
4263
4264
4266
4268
4270
4271
4273
4275
4284
4285
4287
4289
4292
4298
4299
4300
4301
4303
4308
4345
4347
4348
4349
4352
4357
4358
4361
4362
4364
4365
4366
4368
4369
4371
4373
4382
4383
4385
4387
4394
4396
4397
4399
4401
4404
4405
4406
4407
4415
4417
4420
4424
4425
4428
4429
4431
4435
4438
4439
4445
4446
4453
4454
4455
4488
4495
4502
4503
4508
4509
4510
4511
4545
4551
4552
4557
4558
4559
4560
4566
4567
4575
4576
4582
4585
4586
4590
4592
4593
4597
4603
4624
4625
4631
4634
4635
4655
4656
4659
4662
4663
4667
4802
4803
4804
4805
4809
4810
4812
4816
4817
4819
4823
4831
4832
4833
4838
4839
4845
4846
4851
4852
4853
4854
4858
4859
4872
4873
4875
4881
4882
4888
4894
4895
4900
4901
4902
4903
4907
4908
4909
4910
4921
4922
4924
4945
4949
4950
4951
4952
4958
4959
4966
5008
5012
5013
5015
5019
5020
5022
5042
5047
5048
5051
5057
5058
5059
5061
5062
5064
5069
5079
5080
5082
5101
5103
5145
5146
5147
5149
5150
5152
5153
5155
5159
5160
5162
5170
5173
5175
5176
5182
5194
5195
5196
5201
5202
5203
5204
5208
5215
5216
5219
5222
5223
5229
5231
5237
5238
5243
5244
5245
5246
5252
5253
5283
5286
5288
5292
5293
5294
5295
5297
5299
5301
5302
5307
5309
5317
5320
5324
5325
5332
5335
5341
5342
5345
5348
5350
5351
5358
5390
5391
5394
5401
5402
5412
5454
5461
5471
5472
5479
5482
5604
5605
5611
5614
5615
5619
5621
5622
5626
5632
5653
5654
5660
5663
5664
5684
5685
5688
5691
5692
5696
5717
5719
5720
5724
5730
5733
5734
5737
5740
5741
5745
5763
5764
5765
5766
5768
5769
5770
5773
5777
5779
5787
5789
5792
5796
5797
5799
5800
5801
5804
5807
5810
5811
5812
5813
5814
5815
5819
5822
5825
5831
5832
5833
5838
5839
5841
5845
5846
5848
5861
5862
5866
5868
5871
5874
5880
5881
5882
5884
5887
5888
5891
5892
5934
5936
5940
5941
5947
5948
5951
5954
5957
5958
5961
5962
5964
5965
5969
5973
5975
5978
5979
5980
5985
5986
5996
5997
5999
6000
6002
6003
6006
6007
6022
6027
6028
6031
6034
6035
6039
6106
6107
6113
6120
6135
6139
6140
6142
6155
6156
6162
6174
6175
6178
6181
6182
6186
6192
6193
6199
6202
6203
6223
6224
6227
6230
6231
6235
6245
6248
6251
6256
6258
6259
6263
6269
6277
6279
6283
6284
6294
6303
6304
6305
6307
6310
6312
6321
6322
6324
6326
6336
6338
6346
6347
6349
6350
6352
6353
6354
6356
6361
6364
6370
6371
6374
6377
6403
6405
6406
6410
6416
6419
6420
6423
6426
6427
6430
6431
6434
6436
6438
6440
6441
6450
6452
6454
6455
6459
6462
6465
6486
6487
6493
6496
6497
6517
6518
6520
6521
6522
6524
6525
6529
6535
6536
6538
6542
6545
6546
6548
6552
6566
6567
6570
6573
6574
6578
6599
6601
6602
6604
6606
6609
6612
6622
6634
6636
6646
6650
6653
6655
6664
6665
6667
6669
6679
6681
6732
6734
6739
6742
6746
6748
6749
6751
6753
6759
6762
6763
6765
6766
6767
6769
6770
6774
6795
6797
6798
6802
6808
6818
6826
6828
6829
6830
6836
6837
6839
6840
6849
6851
6976
6977
6983
6986
6987
6991
6993
6994
6998
7003
7004
7007
7008
7009
7010
7016
7017
7024
7025
7026
7032
7035
7036
7044
7052
7056
7057
7060
7063
7064
7068
7092
7093
7101
7112
7148
7149
7150
7161
7168
7203
7204
7205
7206
7208
7210
7211
7213
7215
7217
7222
7224
7225
7227
7229
7232
7234
7238
7239
7241
7243
7246
7247
7252
7253
7254
7255
7257
7259
7260
7262
7264
7267
7269
7273
7274
7276
7278
7281
7287
7288
7289
7290
7292
7295
7296
7301
7302
7303
7304
7310
7311
7332
7336
7339
7341
7346
7350
7351
7352
7353
7355
7357
7358
7359
7360
7362
7365
7367
7371
7372
7374
7376
7385
7386
7388
7390
7418
7420
7425
7428
7437
7439
7448
7449
7451
7453
7455
7456
7458
7460
7469
7470
7472
7474
7483
7484
7486
7488
7546
7547
7549
7551
7553
7554
7556
7558
7567
7568
7570
7572
7581
7582
7584
7586
7595
7596
7598
7600
7602
7603
7604
7605
7607
7609
7616
7617
7619
7621
7624
7630
7631
7632
7633
7635
7638
7639
7644
7645
7646
7647
7653
7654
7689
7693
7694
7695
7696
7698
7700
7701
7702
7703
7705
7710
7714
7715
7717
7719
7728
7729
7731
7733
7749
7751
7752
7759
7791
7792
7794
7796
7798
7799
7801
7803
7806
7808
7810
7812
7813
7815
7817
7822
7826
7827
7829
7831
7834
7847
7855
7857
7866
7869
7878
7880
7932
7938
7939
7941
7943
7953
7955
7964
7967
8004
8005
8006
8008
8012
8015
8016
8018
8020
8022
8023
8024
8025
8027
8032
8033
8036
8037
8038
8039
8041
8045
8046
8051
8053
8054
8055
8061
8064
8065
8085
8086
8089
8092
8093
8094
8095
8097
8102
8118
8120
8121
8125
8131
8134
8135
8138
8141
8142
8146
8148
8151
8167
8169
8170
8174
8180
8201
8202
8208
8211
8212
8232
8233
8235
8237
8239
8240
8242
8244
8253
8254
8256
8258
8267
8268
8270
8272
8281
8282
8284
8286
8288
8289
8291
8293
8302
8303
8305
8307
8316
8317
8319
8321
8348
8349
8355
8358
8359
8363
8365
8366
8370
8376
8379
8380
8382
8384
8386
8387
8389
8391
8397
8398
8400
8401
8403
8404
8405
8407
8408
8411
8412
8414
8415
8417
8419
8422
8428
8429
8432
8435
8436
8439
8440
8443
8453
8456
8463
8477
8478
8480
8482
8484
8485
8487
8489
8498
8499
8501
8503
8509
8510
8512
8513
8515
8517
8531
8533
8575
8576
8579
8580
8582
8583
8587
8590
8593
8594
8600
8603
8604
8624
8625
8628
8631
8632
8636
8646
8649
8652
8657
8659
8660
8664
8670
8678
8680
8684
8685
8695
8705
8706
8747
8750
8754
8755
8762
8765
8771
8772
8775
8820
8821
8824
8831
8832
8842
8918
8919
8921
8923
8925
8926
8928
8930
8939
8940
8942
8944
8953
8954
8956
8958
8967
8968
8970
8972
8974
8975
8977
8979
8988
8989
8991
8993
9002
9003
9005
9007
9065
9066
9068
9070
9072
9073
9075
9077
9086
9087
9089
9091
9100
9101
9103
9105
9125
9126
9129
9139
9142
9149
9163
9164
9166
9167
9168
9170
9171
9173
9174
9175
9184
9185
9187
9189
9198
9199
9201
9203
9227
9234
9244
9245
9252
9255
9296
9301
9304
9310
9311
9314
9321
9322
9604
9605
9608
9609
9611
9612
9616
9619
9622
9623
9629
9632
9633
9639
9644
9647
9653
9654
9657
9660
9661
9664
9665
9686
9688
9689
9693
9699
9707
9709
9713
9714
9720
9721
9724
9727
9730
9731
9734
9735
9737
9738
9742
9748
9769
9770
9776
9779
9780
9783
9784
9791
9794
9800
9801
9804
9807
9808
9812
9947
9948
9951
9954
9955
9959
9965
9966
9972
9975
9976
9996
9997
10000
10003
10004
10008
10029
10031
10032
10036
10042
10089
10094
10095
10096
10101
10102
10115
10116
10118
10138
10153
10157
10158
10160
10164
10165
10167
10176
10178
10179
10183
10187
10189
10192
10193
10196
10199
10200
10202
10204
10206
10207
10209
10225
10227
10228
10232
10238
10259
10260
10266
10269
10270
10290
10291
10292
10297
10298
10300
10304
10305
10307
10320
10321
10327
10339
10340
10341
10346
10347
10432
10437
10438
10439
10444
10445
10458
10459
10461
10481
10505
10507
10512
10515
10524
10526
10535
10536
10538
10540
10550
10552
10554
10556
10565
10566
10570
10572
10578
10579
10594
10598
10599
10601
10614
10615
10621
10633
10634
10635
10636
10638
10640
10641
10643
10647
10648
10650
10652
10654
10663
10664
10668
10670
10682
10683
10684
10689
10690
10720
10722
10725
10738
10750
10752
10775
10780
10781
10782
10787
10788
10801
10802
10804
10806
10809
10811
10815
10823
10824
10836
10848
10850
10855
10858
10867
10869
10878
10879
10881
10883
10908
10909
10915
10922
10934
10937
10941
10942
10944
10953
10956
10957
10958
10964
10965
10967
11019
11025
11026
11028
11030
11040
11042
11051
11054
11406
11408
11411
11424
11436
11438
11448
11452
11455
11457
11466
11467
11469
11471
11481
11483
11525
11529
11530
11532
11534
11536
11537
11539
11541
11544
11553
11555
11559
11564
11565
11567
11569
11574
11578
11579
11581
11594
11595
11601
11608
11620
11623
11627
11628
11630
11639
11642
11643
11644
11650
11651
11653
11732
11733
11735
11741
11742
11748
11760
11761
11762
11767
11768
11781
11782
11784
11868
11872
11873
11875
11879
11880
11882
11902
11917
11921
11922
11924
12005
12006
12008
12010
12012
12013
12015
12017
12024
12026
12027
12029
12031
12036
12040
12041
12043
12045
12048
12054
12055
12057
12059
12061
12062
12064
12066
12069
12071
12075
12076
12078
12080
12083
12089
12090
12092
12094
12134
12138
12141
12143
12152
12153
12155
12157
12159
12160
12162
12164
12167
12169
12173
12174
12176
12178
12187
12188
12190
12192
12220
12222
12227
12230
12239
12241
12250
12251
12253
12255
12257
12258
12260
12262
12271
12272
12274
12276
12285
12286
12288
12290
12348
12349
12351
12353
12355
12356
12358
12360
12369
12370
12372
12374
12383
12384
12386
12388
12397
12398
12400
12402
12404
12405
12407
12409
12418
12419
12421
12423
12432
12433
12435
12437
12490
12495
12496
12497
12498
12500
12502
12503
12505
12507
12516
12517
12519
12521
12530
12531
12533
12535
12539
12554
12558
12559
12561
12565
12566
12568
12588
12593
12594
12596
12598
12600
12601
12603
12605
12607
12608
12610
12614
12615
12617
12619
12628
12629
12631
12633
12691
12692
12693
12698
12699
12701
12705
12706
12708
12721
12722
12728
12740
12741
12742
12747
12748
12833
12838
12839
12840
12845
12846
12859
12860
12862
12882
13034
13035
13037
13039
13041
13042
13044
13046
13055
13056
13058
13060
13069
13070
13072
13074
13083
13084
13086
13088
13090
13091
13093
13095
13104
13105
13107
13109
13118
13119
13121
13123
13181
13182
13184
13186
13188
13189
13191
13193
13202
13203
13205
13207
13216
13217
13219
13221
13279
13280
13282
13284
13286
13287
13289
13291
13300
13301
13303
13305
13314
13315
13317
13319
13720
13721
13723
13725
13727
13728
13730
13732
13741
13742
13744
13746
13755
13756
13758
13760
13769
13770
13772
13774
13776
13777
13779
13781
13790
13791
13793
13795
13804
13805
13807
13809
13867
13868
13870
13872
13874
13875
13877
13879
13888
13889
13891
13893
13902
13903
13905
13907
13965
13966
13968
13970
13972
13973
13975
13977
13986
13987
13989
13991
14000
14001
14003
14005
16807
16808
16809
16810
16811
16812
16814
16815
16817
16819
16821
16822
16824
16825
16826
16828
16829
16831
16832
16833
16835
16836
16837
16838
16842
16843
16844
16845
16847
16856
16857
16858
16859
16860
16861
16863
16864
16866
16868
16877
16878
16880
16882
16886
16887
16889
16891
16892
16893
16894
16896
16902
16905
16906
16907
16912
16913
16923
16924
16926
16927
16929
16930
16933
16934
16938
16940
16941
16945
16951
16954
16955
16957
16959
16961
16962
16964
16966
16972
16973
16975
16976
16978
16979
16980
16982
16983
16989
16990
16992
16994
17003
17004
17007
17010
17011
17013
17015
17017
17018
17020
17024
17025
17027
17047
17052
17053
17055
17057
17059
17060
17062
17064
17066
17067
17069
17073
17074
17076
17078
17087
17088
17090
17092
17150
17151
17152
17153
17154
17155
17157
17158
17160
17162
17164
17165
17167
17168
17169
17171
17172
17174
17175
17176
17178
17179
17180
17181
17185
17186
17187
17188
17190
17199
17200
17201
17202
17203
17204
17206
17207
17209
17211
17220
17221
17223
17225
17232
17234
17235
17237
17239
17245
17292
17297
17298
17299
17300
17302
17304
17305
17307
17309
17318
17319
17321
17323
17332
17333
17335
17337
17341
17356
17360
17361
17363
17367
17368
17370
17379
17381
17382
17386
17390
17392
17395
17396
17398
17399
17400
17402
17403
17405
17407
17409
17410
17412
17416
17417
17419
17421
17428
17430
17431
17433
17435
17441
17462
17463
17469
17472
17473
17493
17494
17495
17500
17501
17503
17507
17508
17510
17523
17524
17530
17542
17543
17544
17549
17550
17609
17610
17616
17619
17620
17624
17626
17627
17631
17635
17637
17640
17641
17642
17647
17648
17658
17659
17661
17662
17664
17665
17668
17669
17684
17689
17690
17693
17696
17697
17701
17722
17724
17725
17729
17735
17738
17739
17742
17745
17746
17750
17771
17773
17774
17778
17784
17805
17806
17812
17815
17816
17836
17837
17839
17841
17843
17844
17846
17848
17857
17858
17860
17862
17871
17872
17874
17876
17885
17886
17888
17890
17892
17893
17895
17897
17906
17907
17909
17911
17920
17921
17923
17925
17952
17953
17959
17962
17963
17967
17969
17970
17974
17980
17983
17984
17986
17988
17990
17991
17993
17995
18001
18002
18004
18005
18007
18008
18009
18011
18012
18018
18019
18021
18023
18032
18033
18036
18039
18040
18044
18081
18082
18084
18086
18088
18089
18091
18093
18102
18103
18105
18107
18116
18117
18119
18121
18179
18180
18183
18186
18187
18191
18197
18198
18204
18207
18208
18228
18229
18232
18235
18236
18240
18249
18250
18252
18258
18259
18261
18263
18264
18265
18268
18274
18277
18278
18279
18284
18285
18298
18299
18301
18321
18326
18327
18328
18333
18334
18347
18348
18350
18370
18454
18455
18461
18468
18483
18487
18488
18490
18503
18504
18510
18522
18523
18525
18527
18529
18530
18532
18534
18543
18544
18546
18548
18557
18558
18560
18562
18571
18572
18574
18576
18578
18579
18581
18583
18592
18593
18595
18597
18601
18602
18606
18607
18608
18609
18611
18620
18621
18622
18627
18628
18641
18642
18644
18669
18670
18672
18674
18676
18677
18679
18681
18690
18691
18693
18695
18704
18705
18707
18709
18767
18768
18770
18772
18774
18775
18777
18779
18788
18789
18791
18793
18802
18803
18805
18807
19208
19209
19210
19211
19212
19213
19215
19216
19218
19220
19222
19223
19225
19226
19227
19229
19230
19232
19233
19234
19236
19237
19238
19239
19243
19244
19245
19246
19248
19257
19258
19259
19260
19261
19262
19264
19265
19267
19269
19278
19279
19281
19283
19287
19288
19290
19292
19293
19294
19295
19297
19303
19306
19307
19308
19313
19314
19324
19325
19327
19328
19330
19331
19334
19335
19339
19341
19342
19346
19352
19355
19356
19358
19360
19362
19363
19365
19367
19373
19374
19376
19377
19379
19380
19381
19383
19384
19390
19391
19393
19395
19404
19405
19408
19411
19412
19414
19416
19418
19419
19421
19425
19426
19428
19448
19453
19454
19456
19458
19460
19461
19463
19465
19467
19468
19470
19474
19475
19477
19479
19488
19489
19491
19493
19551
19552
19553
19554
19555
19556
19558
19559
19561
19563
19565
19566
19568
19569
19570
19572
19573
19575
19576
19577
19579
19580
19581
19582
19586
19587
19588
19589
19591
19600
19601
19602
19603
19604
19605
19607
19608
19610
19612
19621
19622
19624
19626
19633
19635
19636
19638
19640
19646
19698
19699
19701
19703
19705
19706
19708
19710
19719
19720
19722
19724
19733
19734
19736
19738
19780
19782
19783
19787
19793
19796
19797
19799
19800
19801
19803
19804
19806
19808
19817
19818
19820
19822
19829
19831
19832
19834
19836
19842
19863
19864
19870
19873
19874
20237
20238
20240
20242
20244
20245
20247
20249
20258
20259
20261
20263
20272
20273
20275
20277
20286
20287
20289
20291
20293
20294
20296
20298
20307
20308
20310
20312
20321
20322
20324
20326
20384
20385
20387
20389
20391
20392
20394
20396
20405
20406
20408
20410
20419
20420
20422
20424
20482
20483
20485
20487
20489
20490
20492
20494
20503
20504
20506
20508
20517
20518
20520
20522
20809
20811
20812
20816
20822
20825
20826
20829
20832
20833
20837
20858
20860
20861
20865
20871
20892
20893
20899
20902
20903
20923
20924
20926
20927
20928
20930
20931
20933
20935
20941
20942
20944
20945
20947
20948
20949
20951
20952
20958
20959
20961
20963
20972
20973
20975
20976
20977
20979
20980
20982
20984
20993
20994
20996
20998
21005
21007
21008
21010
21012
21018
21070
21071
21073
21075
21077
21078
21080
21082
21091
21092
21094
21096
21105
21106
21108
21110
21152
21154
21155
21159
21165
21168
21169
21171
21172
21173
21175
21176
21178
21180
21189
21190
21192
21194
21201
21203
21204
21206
21208
21214
21235
21236
21242
21245
21246
21382
21383
21389
21392
21393
21397
21399
21400
21404
21410
21431
21432
21438
21441
21442
21462
21463
21466
21469
21470
21474
24010
24011
24013
24015
24017
24018
24020
24022
24031
24032
24034
24036
24045
24046
24048
24050
24059
24060
24062
24064
24066
24067
24069
24071
24080
24081
24083
24085
24094
24095
24097
24099
24157
24158
24160
24162
24164
24165
24167
24169
24178
24179
24181
24183
24192
24193
24195
24197
24255
24256
24258
24260
24262
24263
24265
24267
24276
24277
24279
24281
24290
24291
24293
24295
24353
24354
24356
24358
24360
24361
24363
24365
24374
24375
24377
24379
24388
24389
24391
24393
24402
24403
24405
24407
24409
24410
24412
24414
24423
24424
24426
24428
24437
24438
24440
24442
24500
24501
24503
24505
24507
24508
24510
24512
24521
24522
24524
24526
24535
24536
24538
24540
24598
24599
24601
24603
24605
24606
24608
24610
24619
24620
24622
24624
24633
24634
24636
24638
25039
25040
25042
25044
25046
25047
25049
25051
25060
25061
25063
25065
25074
25075
25077
25079
25088
25089
25091
25093
25095
25096
25098
25100
25109
25110
25112
25114
25123
25124
25126
25128
25186
25187
25189
25191
25193
25194
25196
25198
25207
25208
25210
25212
25221
25222
25224
25226
25284
25285
25287
25289
25291
25292
25294
25296
25305
25306
25308
25310
25319
25320
25322
25324
25725
25726
25728
25730
25732
25733
25735
25737
25746
25747
25749
25751
25760
25761
25763
25765
25774
25775
25777
25779
25781
25782
25784
25786
25795
25796
25798
25800
25809
25810
25812
25814
25872
25873
25875
25877
25879
25880
25882
25884
25893
25894
25896
25898
25907
25908
25910
25912
25970
25971
25973
25975
25977
25978
25980
25982
25991
25992
25994
25996
26005
26006
26008
26010
28012
28014
28015
28019
28025
28028
28029
28032
28035
28036
28040
28061
28063
28064
28068
28074
28095
28096
28102
28105
28106
28126
28127
28130
28133
28134
28138
28144
28145
28151
28154
28155
28175
28176
28179
28182
28183
28187
28208
28210
28211
28215
28221
28355
28357
28358
28362
28368
28371
28372
28375
28378
28379
28383
28404
28406
28407
28411
28417
28438
28439
28445
28448
28449
28585
28586
28592
28595
28596
28600
28602
28603
28607
28613
28634
28635
28641
28644
28645
28665
28666
28669
28672
28673
28677
28812
28813
28815
28816
28817
28819
28820
28822
28824
28830
28831
28833
28834
28836
28837
28838
28840
28841
28847
28848
28850
28852
28861
28862
28864
28865
28866
28868
28869
28871
28873
28882
28883
28885
28887
28894
28896
28897
28899
28901
28907
28928
28929
28935
28938
28939
28943
28945
28946
28950
28956
28959
28960
28962
28964
28966
28967
28969
28971
28977
28978
28980
28981
28983
28984
28985
28987
28988
28994
28995
28997
28999
29008
29009
29012
29015
29016
29020
29057
29058
29060
29062
29064
29065
29067
29069
29078
29079
29081
29083
29092
29093
29095
29097
29155
29156
29158
29159
29160
29162
29163
29165
29167
29173
29174
29176
29177
29179
29180
29181
29183
29184
29190
29191
29193
29195
29204
29205
29207
29208
29209
29211
29212
29214
29216
29225
29226
29228
29230
29237
29239
29240
29242
29244
29250
29302
29303
29305
29307
29309
29310
29312
29314
29323
29324
29326
29328
29337
29338
29340
29342
29384
29386
29387
29391
29397
29400
29401
29403
29404
29405
29407
29408
29410
29412
29421
29422
29424
29426
29433
29435
29436
29438
29440
29446
29467
29468
29474
29477
29478
29841
29842
29844
29846
29848
29849
29851
29853
29862
29863
29865
29867
29876
29877
29879
29881
29890
29891
29893
29895
29897
29898
29900
29902
29911
29912
29914
29916
29925
29926
29928
29930
29988
29989
29991
29993
29995
29996
29998
30000
30009
30010
30012
30014
30023
30024
30026
30028
30086
30087
30089
30091
30093
30094
30096
30098
30107
30108
30110
30112
30121
30122
30124
30126
30413
30415
30416
30420
30426
30429
30430
30433
30436
30437
30441
30462
30464
30465
30469
30475
30496
30497
30503
30506
30507
30527
30528
30530
30531
30532
30534
30535
30537
30539
30545
30546
30548
30549
30551
30552
30553
30555
30556
30562
30563
30565
30567
30576
30577
30579
30580
30581
30583
30584
30586
30588
30597
30598
30600
30602
30609
30611
30612
30614
30616
30622
30674
30675
30677
30679
30681
30682
30684
30686
30695
30696
30698
30700
30709
30710
30712
30714
30756
30758
30759
30763
30769
30772
30773
30775
30776
30777
30779
30780
30782
30784
30793
30794
30796
30798
30805
30807
30808
30810
30812
30818
30839
30840
30846
30849
30850
30986
30987
30993
30996
30997
31001
31003
31004
31008
31014
31035
31036
31042
31045
31046
31066
31067
31070
31073
31074
31078
32015
32016
32022
32025
32026
32030
32032
32033
32037
32043
32064
32065
32071
32074
32075
32095
32096
32099
32102
32103
32107
32128
32130
32131
32135
32141
32144
32145
32148
32151
32152
32156
32177
32179
32180
32184
32190
32211
32212
32218
32221
32222
32358
32359
32365
32368
32369
32373
32375
32376
32380
32386
32407
32408
32414
32417
32418
32438
32439
32442
32445
32446
32450
32585
32586
32589
32592
32593
32597
32603
32604
32610
32613
32614
32634
32635
32638
32641
32642
32646
32667
32669
32670
32674
32680
50421
50422
50424
50426
50428
50429
50431
50433
50442
50443
50445
50447
50456
50457
50459
50461
50470
50471
50473
50475
50477
50478
50480
50482
50491
50492
50494
50496
50505
50506
50508
50510
50568
50569
50571
50573
50575
50576
50578
50580
50589
50590
50592
50594
50603
50604
50606
50608
50666
50667
50669
50671
50673
50674
50676
50678
50687
50688
50690
50692
50701
50702
50704
50706
50764
50765
50767
50769
50771
50772
50774
50776
50785
50786
50788
50790
50799
50800
50802
50804
50813
50814
50816
50818
50820
50821
50823
50825
50834
50835
50837
50839
50848
50849
50851
50853
50911
50912
50914
50916
50918
50919
50921
50923
50932
50933
50935
50937
50946
50947
50949
50951
51009
51010
51012
51014
51016
51017
51019
51021
51030
51031
51033
51035
51044
51045
51047
51049
51450
51451
51453
51455
51457
51458
51460
51462
51471
51472
51474
51476
51485
51486
51488
51490
51499
51500
51502
51504
51506
51507
51509
51511
51520
51521
51523
51525
51534
51535
51537
51539
51597
51598
51600
51602
51604
51605
51607
51609
51618
51619
51621
51623
51632
51633
51635
51637
51695
51696
51698
51700
51702
51703
51705
51707
51716
51717
51719
51721
51730
51731
51733
51735
52136
52137
52139
52141
52143
52144
52146
52148
52157
52158
52160
52162
52171
52172
52174
52176
52185
52186
52188
52190
52192
52193
52195
52197
52206
52207
52209
52211
52220
52221
52223
52225
52283
52284
52286
52288
52290
52291
52293
52295
52304
52305
52307
52309
52318
52319
52321
52323
52381
52382
52384
52386
52388
52389
52391
52393
52402
52403
52405
52407
52416
52417
52419
52421
52822
52823
52825
52827
52829
52830
52832
52834
52843
52844
52846
52848
52857
52858
52860
52862
52871
52872
52874
52876
52878
52879
52881
52883
52892
52893
52895
52897
52906
52907
52909
52911
52969
52970
52972
52974
52976
52977
52979
52981
52990
52991
52993
52995
53004
53005
53007
53009
53067
53068
53070
53072
53074
53075
53077
53079
53088
53089
53091
53093
53102
53103
53105
53107
53165
53166
53168
53170
53172
53173
53175
53177
53186
53187
53189
53191
53200
53201
53203
53205
53214
53215
53217
53219
53221
53222
53224
53226
53235
53236
53238
53240
53249
53250
53252
53254
53312
53313
53315
53317
53319
53320
53322
53324
53333
53334
53336
53338
53347
53348
53350
53352
53410
53411
53413
53415
53417
53418
53420
53422
53431
53432
53434
53436
53445
53446
53448
53450
53851
53852
53854
53856
53858
53859
53861
53863
53872
53873
53875
53877
53886
53887
53889
53891
53900
53901
53903
53905
53907
53908
53910
53912
53921
53922
53924
53926
53935
53936
53938
53940
53998
53999
54001
54003
54005
54006
54008
54010
54019
54020
54022
54024
54033
54034
54036
54038
54096
54097
54099
54101
54103
54104
54106
54108
54117
54118
54120
54122
54131
54132
54134
54136
54537
54538
54540
54542
54544
54545
54547
54549
54558
54559
54561
54563
54572
54573
54575
54577
54586
54587
54589
54591
54593
54594
54596
54598
54607
54608
54610
54612
54621
54622
54624
54626
54684
54685
54687
54689
54691
54692
54694
54696
54705
54706
54708
54710
54719
54720
54722
54724
54782
54783
54785
54787
54789
54790
54792
54794
54803
54804
54806
54808
54817
54818
54820
54822
57624
57625
57627
57629
57631
57632
57634
57636
57645
57646
57648
57650
57659
57660
57662
57664
57673
57674
57676
57678
57680
57681
57683
57685
57694
57695
57697
57699
57708
57709
57711
57713
57771
57772
57774
57776
57778
57779
57781
57783
57792
57793
57795
57797
57806
57807
57809
57811
57869
57870
57872
57874
57876
57877
57879
57881
57890
57891
57893
57895
57904
57905
57907
57909
57967
57968
57970
57972
57974
57975
57977
57979
57988
57989
57991
57993
58002
58003
58005
58007
58016
58017
58019
58021
58023
58024
58026
58028
58037
58038
58040
58042
58051
58052
58054
58056
58114
58115
58117
58119
58121
58122
58124
58126
58135
58136
58138
58140
58149
58150
58152
58154
58212
58213
58215
58217
58219
58220
58222
58224
58233
58234
58236
58238
58247
58248
58250
58252
58653
58654
58656
58658
58660
58661
58663
58665
58674
58675
58677
58679
58688
58689
58691
58693
58702
58703
58705
58707
58709
58710
58712
58714
58723
58724
58726
58728
58737
58738
58740
58742
58800
58801
58803
58805
58807
58808
58810
58812
58821
58822
58824
58826
58835
58836
58838
58840
58898
58899
58901
58903
58905
58906
58908
58910
58919
58920
58922
58924
58933
58934
58936
58938
59339
59340
59342
59344
59346
59347
59349
59351
59360
59361
59363
59365
59374
59375
59377
59379
59388
59389
59391
59393
59395
59396
59398
59400
59409
59410
59412
59414
59423
59424
59426
59428
59486
59487
59489
59491
59493
59494
59496
59498
59507
59508
59510
59512
59521
59522
59524
59526
59584
59585
59587
59589
59591
59592
59594
59596
59605
59606
59608
59610
59619
59620
59622
59624
62426
62427
62429
62431
62433
62434
62436
62438
62447
62448
62450
62452
62461
62462
62464
62466
62475
62476
62478
62480
62482
62483
62485
62487
62496
62497
62499
62501
62510
62511
62513
62515
62573
62574
62576
62578
62580
62581
62583
62585
62594
62595
62597
62599
62608
62609
62611
62613
62671
62672
62674
62676
62678
62679
62681
62683
62692
62693
62695
62697
62706
62707
62709
62711
62769
62770
62772
62774
62776
62777
62779
62781
62790
62791
62793
62795
62804
62805
62807
62809
62818
62819
62821
62823
62825
62826
62828
62830
62839
62840
62842
62844
62853
62854
62856
62858
62916
62917
62919
62921
62923
62924
62926
62928
62937
62938
62940
62942
62951
62952
62954
62956
63014
63015
63017
63019
63021
63022
63024
63026
63035
63036
63038
63040
63049
63050
63052
63054
63455
63456
63458
63460
63462
63463
63465
63467
63476
63477
63479
63481
63490
63491
63493
63495
63504
63505
63507
63509
63511
63512
63514
63516
63525
63526
63528
63530
63539
63540
63542
63544
63602
63603
63605
63607
63609
63610
63612
63614
63623
63624
63626
63628
63637
63638
63640
63642
63700
63701
63703
63705
63707
63708
63710
63712
63721
63722
63724
63726
63735
63736
63738
63740
64141
64142
64144
64146
64148
64149
64151
64153
64162
64163
64165
64167
64176
64177
64179
64181
64190
64191
64193
64195
64197
64198
64200
64202
64211
64212
64214
64216
64225
64226
64228
64230
64288
64289
64291
64293
64295
64296
64298
64300
64309
64310
64312
64314
64323
64324
64326
64328
64386
64387
64389
64391
64393
64394
64396
64398
64407
64408
64410
64412
64421
64422
64424
64426
84035
84036
84038
84040
84042
84043
84045
84047
84056
84057
84059
84061
84070
84071
84073
84075
84084
84085
84087
84089
84091
84092
84094
84096
84105
84106
84108
84110
84119
84120
84122
84124
84182
84183
84185
84187
84189
84190
84192
84194
84203
84204
84206
84208
84217
84218
84220
84222
84280
84281
84283
84285
84287
84288
84290
84292
84301
84302
84304
84306
84315
84316
84318
84320
84378
84379
84381
84383
84385
84386
84388
84390
84399
84400
84402
84404
84413
84414
84416
84418
84427
84428
84430
84432
84434
84435
84437
84439
84448
84449
84451
84453
84462
84463
84465
84467
84525
84526
84528
84530
84532
84533
84535
84537
84546
84547
84549
84551
84560
84561
84563
84565
84623
84624
84626
84628
84630
84631
84633
84635
84644
84645
84647
84649
84658
84659
84661
84663
85064
85065
85067
85069
85071
85072
85074
85076
85085
85086
85088
85090
85099
85100
85102
85104
85113
85114
85116
85118
85120
85121
85123
85125
85134
85135
85137
85139
85148
85149
85151
85153
85211
85212
85214
85216
85218
85219
85221
85223
85232
85233
85235
85237
85246
85247
85249
85251
85309
85310
85312
85314
85316
85317
85319
85321
85330
85331
85333
85335
85344
85345
85347
85349
85750
85751
85753
85755
85757
85758
85760
85762
85771
85772
85774
85776
85785
85786
85788
85790
85799
85800
85802
85804
85806
85807
85809
85811
85820
85821
85823
85825
85834
85835
85837
85839
85897
85898
85900
85902
85904
85905
85907
85909
85918
85919
85921
85923
85932
85933
85935
85937
85995
85996
85998
86000
86002
86003
86005
86007
86016
86017
86019
86021
86030
86031
86033
86035
86436
86437
86439
86441
86443
86444
86446
86448
86457
86458
86460
86462
86471
86472
86474
86476
86485
86486
86488
86490
86492
86493
86495
86497
86506
86507
86509
86511
86520
86521
86523
86525
86583
86584
86586
86588
86590
86591
86593
86595
86604
86605
86607
86609
86618
86619
86621
86623
86681
86682
86684
86686
86688
86689
86691
86693
86702
86703
86705
86707
86716
86717
86719
86721
86779
86780
86782
86784
86786
86787
86789
86791
86800
86801
86803
86805
86814
86815
86817
86819
86828
86829
86831
86833
86835
86836
86838
86840
86849
86850
86852
86854
86863
86864
86866
86868
86926
86927
86929
86931
86933
86934
86936
86938
86947
86948
86950
86952
86961
86962
86964
86966
87024
87025
87027
87029
87031
87032
87034
87036
87045
87046
87048
87050
87059
87060
87062
87064
87465
87466
87468
87470
87472
87473
87475
87477
87486
87487
87489
87491
87500
87501
87503
87505
87514
87515
87517
87519
87521
87522
87524
87526
87535
87536
87538
87540
87549
87550
87552
87554
87612
87613
87615
87617
87619
87620
87622
87624
87633
87634
87636
87638
87647
87648
87650
87652
87710
87711
87713
87715
87717
87718
87720
87722
87731
87732
87734
87736
87745
87746
87748
87750
88151
88152
88154
88156
88158
88159
88161
88163
88172
88173
88175
88177
88186
88187
88189
88191
88200
88201
88203
88205
88207
88208
88210
88212
88221
88222
88224
88226
88235
88236
88238
88240
88298
88299
88301
88303
88305
88306
88308
88310
88319
88320
88322
88324
88333
88334
88336
88338
88396
88397
88399
88401
88403
88404
88406
88408
88417
88418
88420
88422
88431
88432
88434
88436
91238
91239
91241
91243
91245
91246
91248
91250
91259
91260
91262
91264
91273
91274
91276
91278
91287
91288
91290
91292
91294
91295
91297
91299
91308
91309
91311
91313
91322
91323
91325
91327
91385
91386
91388
91390
91392
91393
91395
91397
91406
91407
91409
91411
91420
91421
91423
91425
91483
91484
91486
91488
91490
91491
91493
91495
91504
91505
91507
91509
91518
91519
91521
91523
91581
91582
91584
91586
91588
91589
91591
91593
91602
91603
91605
91607
91616
91617
91619
91621
91630
91631
91633
91635
91637
91638
91640
91642
91651
91652
91654
91656
91665
91666
91668
91670
91728
91729
91731
91733
91735
91736
91738
91740
91749
91750
91752
91754
91763
91764
91766
91768
91826
91827
91829
91831
91833
91834
91836
91838
91847
91848
91850
91852
91861
91862
91864
91866
92267
92268
92270
92272
92274
92275
92277
92279
92288
92289
92291
92293
92302
92303
92305
92307
92316
92317
92319
92321
92323
92324
92326
92328
92337
92338
92340
92342
92351
92352
92354
92356
92414
92415
92417
92419
92421
92422
92424
92426
92435
92436
92438
92440
92449
92450
92452
92454
92512
92513
92515
92517
92519
92520
92522
92524
92533
92534
92536
92538
92547
92548
92550
92552
92953
92954
92956
92958
92960
92961
92963
92965
92974
92975
92977
92979
92988
92989
92991
92993
93002
93003
93005
93007
93009
93010
93012
93014
93023
93024
93026
93028
93037
93038
93040
93042
93100
93101
93103
93105
93107
93108
93110
93112
93121
93122
93124
93126
93135
93136
93138
93140
93198
93199
93201
93203
93205
93206
93208
93210
93219
93220
93222
93224
93233
93234
93236
93238
96040
96041
96043
96045
96047
96048
96050
96052
96061
96062
96064
96066
96075
96076
96078
96080
96089
96090
96092
96094
96096
96097
96099
96101
96110
96111
96113
96115
96124
96125
96127
96129
96187
96188
96190
96192
96194
96195
96197
96199
96208
96209
96211
96213
96222
96223
96225
96227
96285
96286
96288
96290
96292
96293
96295
96297
96306
96307
96309
96311
96320
96321
96323
96325
96383
96384
96386
96388
96390
96391
96393
96395
96404
96405
96407
96409
96418
96419
96421
96423
96432
96433
96435
96437
96439
96440
96442
96444
96453
96454
96456
96458
96467
96468
96470
96472
96530
96531
96533
96535
96537
96538
96540
96542
96551
96552
96554
96556
96565
96566
96568
96570
96628
96629
96631
96633
96635
96636
96638
96640
96649
96650
96652
96654
96663
96664
96666
96668
97069
97070
97072
97074
97076
97077
97079
97081
97090
97091
97093
97095
97104
97105
97107
97109
97118
97119
97121
97123
97125
97126
97128
97130
97139
97140
97142
97144
97153
97154
97156
97158
97216
97217
97219
97221
97223
97224
97226
97228
97237
97238
97240
97242
97251
97252
97254
97256
97314
97315
97317
97319
97321
97322
97324
97326
97335
97336
97338
97340
97349
97350
97352
97354
97755
97756
97758
97760
97762
97763
97765
97767
97776
97777
97779
97781
97790
97791
97793
97795
97804
97805
97807
97809
97811
97812
97814
97816
97825
97826
97828
97830
97839
97840
97842
97844
97902
97903
97905
97907
97909
97910
97912
97914
97923
97924
97926
97928
97937
97938
97940
97942
98000
98001
98003
98005
98007
98008
98010
98012
98021
98022
98024
98026
98035
98036
98038
98040
