2
3
4
5
6
7
8
9
10
11
12
13
14
15
16
17
18
19
20
21
22
23
24
25
26
27
28
29
30
31
32
33
34
35
36
37
38
39
40
42
43
44
45
46
47
48
49
50
51
52
53
54
55
56
57
58
59
60
61
62
63
64
66
67
68
69
70
71
73
74
75
76
77
78
79
80
81
82
83
84
85
86
87
88
89
90
91
92
93
94
95
98
99
100
101
103
104
105
106
107
108
110
112
113
114
115
116
117
118
119
120
122
123
124
125
126
127
128
129
131
132
133
134
135
136
138
139
140
141
142
143
144
147
148
149
150
151
152
153
154
155
156
157
158
159
165
166
167
168
169
171
172
173
174
175
176
178
179
180
181
182
183
185
186
187
188
189
190
193
196
197
199
200
201
203
204
206
207
208
209
217
218
220
221
222
224
225
227
228
229
231
232
234
235
236
245
246
248
249
250
252
253
255
256
257
266
267
269
270
271
273
274
276
277
278
280
281
283
284
285
343
344
346
347
348
350
351
353
354
355
364
365
367
368
369
371
372
374
375
376
378
379
381
382
383
392
393
395
396
397
399
400
402
403
404
413
414
416
417
418
420
421
423
424
425
427
428
430
431
432
490
491
493
494
495
497
498
500
501
502
511
512
514
515
516
518
519
521
522
523
525
526
528
529
530
539
540
542
543
544
546
547
549
550
551
560
561
563
564
565
567
568
570
571
572
574
575
577
578
579
588
589
591
592
593
595
596
598
599
600
609
610
612
613
614
616
617
619
620
621
623
624
626
627
628
