2
3
4
5
6
7
8
9
10
11
12
13
14
15
16
17
18
19
20
21
22
23
24
25
26
27
28
29
30
31
32
33
34
35
36
37
38
39
40
41
42
43
44
45
46
47
48
49
50
51
52
53
54
55
56
57
58
59
60
61
62
63
64
65
66
67
68
69
70
71
72
73
74
75
76
77
78
79
80
81
82
83
84
85
86
87
88
89
90
91
92
93
94
95
96
97
98
99
100
101
102
103
104
105
106
107
108
109
110
111
112
113
114
115
116
117
118
119
120
121
122
123
124
125
126
127
128
129
130
131
132
133
134
135
136
137
138
139
140
141
142
143
144
145
146
147
148
149
150
151
152
153
154
155
156
157
158
159
160
161
162
163
164
165
166
167
168
169
170
171
172
174
175
176
177
178
179
180
181
182
183
184
187
188
189
190
191
192
193
195
196
197
199
200
202
203
204
205
206
208
209
210
211
212
214
215
216
217
218
219
220
221
222
223
224
225
226
227
228
229
230
231
232
233
234
235
236
237
238
239
240
241
242
243
244
245
246
247
248
250
251
252
253
254
255
256
257
258
259
260
261
262
263
264
265
266
267
268
269
271
272
273
274
275
276
277
278
279
280
281
282
283
284
285
286
287
288
289
291
292
293
294
295
296
297
298
299
300
301
302
303
304
305
306
307
308
309
310
311
312
313
314
315
316
317
318
319
320
321
322
323
324
325
326
327
328
329
330
331
333
334
335
336
337
338
339
340
341
342
343
344
345
346
347
348
349
350
351
352
353
354
355
356
357
358
359
360
361
362
363
364
365
366
367
368
369
370
371
372
373
374
375
376
377
378
379
380
381
383
384
385
386
387
388
389
390
391
392
393
394
395
396
397
398
399
400
401
402
403
404
405
406
407
408
409
410
411
412
413
414
415
416
418
419
420
421
422
423
424
425
426
427
428
429
430
431
432
433
434
435
436
437
438
439
440
441
442
443
445
446
447
448
449
450
453
454
455
456
457
458
459
460
461
462
463
464
465
466
467
468
469
470
472
473
474
475
476
477
478
479
480
481
482
483
484
485
486
487
488
489
490
491
493
494
496
497
498
499
500
501
502
503
504
505
506
507
508
509
510
511
512
513
514
516
517
519
520
523
524
525
526
527
528
529
530
531
532
533
534
535
537
538
539
540
542
543
545
546
547
548
549
550
551
552
553
554
556
557
558
559
560
561
562
563
564
565
566
567
568
569
570
571
572
573
574
575
577
578
580
581
582
584
587
588
589
590
593
594
595
596
597
598
599
600
601
602
603
604
605
606
607
608
609
610
611
612
614
615
616
617
618
619
620
622
623
624
625
626
627
628
629
630
631
632
635
636
637
638
639
640
641
642
643
644
645
646
647
649
650
651
652
653
656
657
660
668
669
672
673
674
675
676
677
678
679
680
681
684
685
686
687
688
691
692
693
694
695
698
699
700
701
702
705
706
709
719
721
722
723
725
726
727
728
729
730
731
733
734
735
736
737
739
740
741
742
743
744
747
748
749
750
751
752
753
754
755
756
757
758
759
761
762
763
764
767
769
770
771
772
773
774
775
776
777
778
779
782
783
784
785
786
789
790
791
792
793
794
795
796
797
798
799
800
803
804
807
810
811
817
818
819
820
821
824
825
826
827
828
831
832
833
834
836
837
840
841
842
843
844
846
847
848
849
850
851
852
853
856
858
859
860
861
862
863
864
865
866
867
868
869
870
873
874
875
876
877
878
879
880
881
882
883
885
886
888
889
890
892
893
894
895
896
899
900
901
902
903
904
905
906
907
908
909
910
911
913
914
915
916
917
918
920
921
922
923
924
925
926
927
928
929
930
931
932
933
936
937
938
939
940
941
942
943
944
945
946
947
948
949
950
951
952
953
957
958
959
960
962
963
964
965
966
967
968
969
970
971
972
973
974
975
978
979
980
981
982
983
984
985
986
987
988
989
990
992
993
994
995
996
998
999
1000
1001
1002
1004
1005
1007
1008
1009
1011
1012
1014
1015
1016
1017
1018
1019
1020
1021
1022
1023
1024
1025
1026
1027
1028
1029
1030
1032
1033
1035
1036
1037
1039
1040
1042
1046
1047
1049
1050
1051
1053
1054
1056
1057
1058
1060
1061
1063
1071
1072
1074
1075
1077
1078
1079
1081
1082
1084
1085
1086
1087
1088
1089
1091
1092
1093
1094
1095
1096
1097
1098
1099
1100
1101
1102
1104
1105
1106
1107
1109
1110
1116
1117
1119
1120
1121
1126
1127
1128
1129
1133
1134
1135
1136
1141
1142
1143
1146
1147
1148
1149
1150
1152
1153
1154
1155
1156
1158
1159
1160
1161
1162
1163
1165
1166
1167
1169
1170
1172
1173
1175
1176
1177
1179
1180
1182
1183
1184
1185
1186
1190
1191
1192
1194
1195
1196
1197
1198
1199
1200
1201
1203
1204
1205
1207
1208
1210
1218
1219
1221
1222
1224
1225
1226
1228
1229
1231
1232
1233
1235
1243
1245
1246
1247
1249
1250
1252
1253
1254
1256
1257
1259
1267
1268
1270
1271
1273
1305
1306
1312
1313
1315
1316
1317
1322
1323
1324
1326
1327
1329
1330
1331
1333
1341
1343
1344
1345
1347
1348
1350
1351
1352
1354
1355
1357
1361
1362
1364
1365
1366
1368
1369
1371
1372
1373
1375
1376
1378
1379
1380
1382
1383
1385
1389
1390
1392
1393
1394
1396
1397
1399
1400
1401
1403
1404
1406
1414
1415
1417
1418
1420
1421
1422
1424
1425
1427
1428
1429
1431
1432
1434
1438
1439
1441
1442
1443
1445
1495
1497
1498
1499
1501
1502
1504
1512
1513
1515
1516
1518
1519
1520
1522
1523
1525
1526
1527
1529
1537
1539
1540
1541
1543
1544
1546
1547
1548
1550
1551
1553
1561
1562
1564
1565
1567
1568
1569
1571
1572
1574
1575
1576
1578
1586
1588
1589
1590
1592
1593
1595
1596
1597
1599
1600
1602
1610
1611
1613
1614
1616
1666
1667
1669
1670
1672
1673
1674
1676
1684
1686
1687
1688
1690
1691
1693
1694
1695
1697
1698
1700
1708
1709
1711
1712
1714
1715
1716
1717
1720
1721
1722
1723
1724
1727
1728
1729
1730
1731
1734
1735
1750
1751
1752
1755
1756
1757
1758
1759
1762
1763
1764
1765
1766
1769
1770
1771
1772
1773
1776
1777
1778
1779
1780
1783
1784
1799
1800
1801
1804
1805
1806
1807
1808
1811
1812
1813
1814
1815
1818
1819
1820
1821
1822
1825
1826
1827
1828
1829
1832
1833
1848
1849
1850
1853
1854
1855
1856
1857
1860
1861
1960
1961
1962
1965
1966
1967
1968
1969
1972
1973
1974
1975
1976
1979
1980
1995
1996
1997
2000
2001
2002
2003
2004
2007
2008
2009
2010
2011
2014
2015
2016
2017
2018
2021
2022
2023
2024
2025
2028
2029
2044
2045
2046
2049
2050
2051
2052
2053
2056
2057
2058
2059
2060
2061
2062
2063
2064
2065
2066
2067
2068
2070
2071
2072
2073
2074
2076
2077
2078
2079
2080
2082
2083
2085
2086
2087
2089
2090
2092
2093
2094
2095
2098
2099
2100
2101
2102
2103
2104
2105
2106
2107
2108
2109
2110
2111
2112
2113
2114
2115
2116
2117
2119
2120
2121
2122
2123
2125
2126
2127
2128
2129
2131
2142
2143
2144
2147
2148
2149
2150
2151
2154
2155
2156
2157
2158
2161
2162
2163
2164
2165
2168
2169
2170
2171
2172
2175
2176
2181
2183
2184
2185
2187
2188
2190
2191
2192
2193
2196
2197
2198
2199
2200
2201
2202
2203
2204
2205
2206
2208
2209
2211
2212
2213
2215
2223
2225
2226
2227
2229
2230
2232
2233
2234
2236
2237
2239
2247
2248
2250
2251
2253
2254
2255
2257
2258
2260
2261
2262
2264
2272
2274
2275
2276
2278
2279
2281
2282
2283
2285
2286
2288
2296
2297
2299
2300
2302
2303
2304
2305
2308
2309
2310
2311
2312
2315
2316
2317
2318
2319
2322
2323
2338
2339
2340
2343
2344
2345
2346
2347
2350
2351
2352
2353
2354
2355
2356
2357
2358
2359
2360
2361
2362
2364
2365
2366
2367
2368
2370
2371
2372
2373
2374
2376
2377
2379
2380
2381
2383
2384
2386
2387
2388
2389
2392
2393
2394
2395
2396
2397
2398
2399
2400
2401
2402
2403
2404
2405
2406
2407
2408
2409
2410
2411
2413
2414
2415
2416
2417
2419
2420
2421
2422
2423
2425
2426
2428
2429
2430
2432
2433
2435
2436
2437
2438
2441
2442
2443
2444
2445
2446
2447
2448
2449
2450
2451
2452
2453
2454
2455
2456
2457
2458
2459
2460
2462
2463
2464
2465
2466
2468
2469
2470
2471
2472
2474
2485
2486
2487
2490
2491
2492
2493
2494
2497
2498
2499
2500
2501
2504
2505
2506
2507
2508
2511
2512
2513
2514
2515
2518
2519
2524
2526
2527
2528
2530
2531
2533
2534
2535
2536
2539
2540
2541
2542
2543
2544
2545
2546
2547
2548
2549
2551
2552
2554
2555
2556
2558
2566
2568
2569
2570
2572
2573
2575
2576
2577
2579
2580
2582
2590
2591
2593
2594
2596
2597
2598
2600
2601
2603
2604
2605
2607
2615
2617
2618
2619
2621
2622
2624
2625
2626
2628
2629
2631
2639
2640
2642
2643
2645
2646
2647
2648
2651
2652
2653
2654
2655
2658
2659
2660
2661
2662
2665
2666
2681
2682
2683
2686
2687
2688
2689
2690
2693
2694
2695
2696
2697
2698
2699
2700
2701
2702
2703
2704
2705
2707
2708
2709
2710
2711
2713
2714
2715
2716
2717
2719
2720
2722
2723
2724
2726
2727
2729
2730
2731
2732
2735
2736
2737
2738
2739
2740
2741
2742
2743
2744
2745
2746
2747
2748
2749
2750
2751
2752
2753
2754
2756
2757
2758
2759
2760
2762
2763
2764
2765
2766
2768
2769
2771
2772
2773
2775
2776
2778
2779
2780
2781
2784
2785
2786
2787
2788
2789
2790
2791
2792
2793
2794
2795
2796
2797
2798
2799
2800
2801
2802
2803
2805
2806
2807
2808
2809
2811
2812
2813
2814
2815
2817
2828
2829
2830
2833
2834
2835
2836
2837
2840
2841
2842
2843
2844
2847
2848
2849
2850
2851
2854
2855
2856
2857
2858
2861
2862
2867
2869
2870
2871
2873
2874
2876
2877
2878
2879
2882
2883
2884
2885
2886
2887
2888
2889
2890
2891
2892
2894
2895
2897
2898
2899
2901
2909
2911
2912
2913
2915
2989
2990
2991
2994
2995
2996
2997
2998
3001
3002
3003
3004
3005
3008
3009
3024
3025
3026
3029
3030
3031
3032
3033
3036
3037
3038
3039
3040
3043
3044
3045
3046
3047
3050
3051
3052
3053
3054
3057
3058
3073
3074
3075
3078
3079
3080
3081
3082
3085
3086
3087
3088
3089
3092
3093
3094
3095
3096
3099
3100
3101
3102
3103
3106
3107
3122
3123
3124
3127
3128
3129
3130
3131
3134
3135
3136
3137
3138
3141
3142
3143
3144
3145
3148
3149
3150
3151
3152
3155
3156
3171
3172
3173
3176
3177
3178
3179
3180
3183
3184
3185
3186
3187
3190
3191
3192
3193
3194
3197
3198
3199
3200
3201
3204
3205
3220
3221
3222
3225
3226
3227
3228
3229
3232
3233
3259
3261
3262
3263
3265
3266
3268
3276
3277
3279
3280
3282
3283
3284
3286
3287
3289
3290
3291
3293
3301
3303
3304
3305
3307
3308
3310
3311
3312
3314
3315
3317
3325
3326
3328
3329
3331
3332
3333
3334
3337
3338
3339
3340
3341
3344
3345
3346
3347
3348
3351
3352
3367
3368
3369
3372
3373
3374
3375
3376
3379
3380
3381
3382
3383
3384
3385
3386
3387
3388
3389
3390
3391
3393
3394
3395
3396
3397
3399
3400
3401
3402
3403
3405
3406
3408
3409
3410
3412
3413
3415
3416
3417
3418
3421
3422
3423
3424
3425
3426
3427
3428
3429
3430
3431
3433
3434
3436
3437
3438
3440
3448
3450
3451
3452
3454
3455
3457
3458
3459
3461
3462
3464
3472
3473
3475
3476
3478
3479
3480
3482
3483
3485
3486
3487
3489
3497
3499
3500
3501
3503
3553
3555
3556
3557
3559
3560
3562
3570
3571
3573
3574
3576
3577
3578
3580
3581
3583
3584
3585
3587
3595
3597
3598
3599
3601
4116
4117
4118
4121
4122
4123
4124
4125
4128
4129
4130
4131
4132
4135
4136
4151
4152
4153
4156
4157
4158
4159
4160
4163
4164
4165
4166
4167
4170
4171
4172
4173
4174
4177
4178
4179
4180
4181
4184
4185
4200
4201
4202
4205
4206
4207
4208
4209
4212
4213
4214
4215
4216
4219
4220
4221
4222
4223
4226
4227
4228
4229
4230
4233
4234
4249
4250
4251
4254
4255
4256
4257
4258
4261
4262
4361
4362
4363
4366
4367
4368
4369
4370
4373
4374
4375
4376
4377
4380
4381
4396
4397
4398
4401
4402
4403
4404
4405
4408
4409
4410
4411
4412
4415
4416
4417
4418
4419
4422
4423
4424
4425
4426
4429
4430
4445
4446
4447
4450
4451
4452
4453
4454
4457
4458
4459
4460
4461
4464
4465
4466
4467
4468
4471
4472
4473
4474
4475
4478
4479
4494
4495
4496
4499
4500
4501
4502
4503
4506
4507
4508
4509
4510
4513
4514
4515
4516
4517
4520
4521
4522
4523
4524
4527
4528
4543
4544
4545
4548
4549
4550
4551
4552
4555
4556
4557
4558
4559
4562
4563
4564
4565
4566
4569
4570
4571
4572
4573
4576
4577
4592
4593
4594
4597
4598
4599
4600
4601
4604
4605
4704
4705
4706
4709
4710
4711
4712
4713
4716
4717
4718
4719
4720
4723
4724
4739
4740
4741
4744
4745
4746
4747
4748
4751
4752
4753
4754
4755
4758
4759
4760
4761
4762
4765
4766
4767
4768
4769
4772
4773
4788
4789
4790
4793
4794
4795
4796
4797
4800
4801
4802
4803
4804
4807
4808
4809
4810
4811
4814
4815
4816
4817
4818
4821
4822
4837
4838
4839
4842
4843
4844
4845
4846
4849
4850
4851
4852
4853
4856
4857
4858
4859
4860
4863
4864
4865
4866
4867
4870
4871
4886
4887
4888
4891
4892
4893
4894
4895
4898
4899
4900
4901
4902
4905
4906
4907
4908
4909
4912
4913
4914
4915
4916
4919
4920
4935
4936
4937
4940
4941
4942
4943
4944
4947
4948
5047
5048
5049
5052
5053
5054
5055
5056
5059
5060
5061
5062
5063
5066
5067
5082
5083
5084
5087
5088
5089
5090
5091
5094
5095
5096
5097
5098
5101
5102
5103
5104
5105
5108
5109
5110
5111
5112
5115
5116
5131
5132
5133
5136
5137
5138
5139
5140
5143
5144
5145
5146
5147
5150
5151
5152
5153
5154
5157
5158
5159
5160
5161
5164
5165
5180
5181
5182
5185
5186
5187
5188
5189
5192
5193
5194
5195
5196
5199
5200
5201
5202
5203
5206
5207
5208
5209
5210
5213
5214
5229
5230
5231
5234
5235
5236
5237
5238
5241
5242
5243
5244
5245
5248
5249
5250
5251
5252
5255
5256
5257
5258
5259
5262
5263
5278
5279
5280
5283
5284
5285
5286
5287
5290
5291
5390
5391
5392
5395
5396
5397
5398
5399
5402
5403
5404
5405
5406
5409
5410
5425
5426
5427
5430
5431
5432
5433
5434
5437
5438
5439
5440
5441
5444
5445
5446
5447
5448
5451
5452
5453
5454
5455
5458
5459
5474
5475
5476
5479
5480
5481
5482
5483
5486
5487
5488
5489
5490
5493
5494
5495
5496
5497
5500
5501
5502
5503
5504
5507
5508
5523
5524
5525
5528
5529
5530
5531
5532
5535
5536
5537
5538
5539
5542
5543
5544
5545
5546
5549
5550
5551
5552
5553
5556
5557
5572
5573
5574
5577
5578
5579
5580
5581
5584
5585
5586
5587
5588
5591
5592
5593
5594
5595
5598
5599
5600
5601
5602
5605
5606
5621
5622
5623
5626
5627
5628
5629
5630
5633
5634
5733
5734
5735
5738
5739
5740
5741
5742
5745
5746
5747
5748
5749
5752
5753
5768
5769
5770
5773
5774
5775
5776
5777
5780
5781
5782
5783
5784
5787
5788
5789
5790
5791
5794
5795
5796
5797
5798
5801
5802
5817
5818
5819
5822
5823
5824
5825
5826
5829
5830
6517
6518
6519
6522
6523
6524
6525
6526
6529
6530
6531
6532
6533
6536
6537
6552
6553
6554
6557
6558
6559
6560
6561
6564
6565
6566
6567
6568
6571
6572
6573
6574
6575
6578
6579
6580
6581
6582
6585
6586
6601
6602
6603
6606
6607
6608
6609
6610
6613
6614
6615
6616
6617
6620
6621
6622
6623
6624
6627
6628
6629
6630
6631
6634
6635
6650
6651
6652
6655
6656
6657
6658
6659
6662
6663
6762
6763
6764
6767
6768
6769
6770
6771
6774
6775
6776
6777
6778
6781
6782
6797
6798
6799
6802
6803
6804
6805
6806
6809
6810
6811
6812
6813
6816
6817
6818
6819
6820
6823
6824
6825
6826
6827
6830
6831
6846
6847
6848
6851
6852
6853
6854
6855
6858
6859
6860
6861
6862
6865
6866
6867
6868
6869
6872
6873
6874
6875
6876
6879
6880
6895
6896
6897
6900
6901
6902
6903
6904
6907
6908
6909
6910
6911
6914
6915
6916
6917
6918
6921
6922
6923
6924
6925
6928
6929
6944
6945
6946
6949
6950
6951
6952
6953
6956
6957
6958
6959
6960
6963
6964
6965
6966
6967
6970
6971
6972
6973
6974
6977
6978
6993
6994
6995
6998
6999
7000
7001
7002
7005
7006
7105
7106
7107
7110
7111
7112
7113
7114
7117
7118
7119
7120
7121
7124
7125
7140
7141
7142
7145
7146
7147
7148
7149
7152
7153
7154
7155
7156
7159
7160
7161
7162
7163
7166
7167
7168
7169
7170
7173
7174
7189
7190
7191
7194
7195
7196
7197
7198
7201
7202
