2
3
4
5
6
7
8
9
10
11
12
13
14
15
16
17
18
19
20
21
22
23
24
25
26
27
28
29
30
31
32
33
34
35
36
37
38
39
40
41
42
43
44
45
46
47
48
49
50
51
52
53
54
55
56
57
58
59
60
61
62
63
64
65
66
67
68
69
70
71
72
73
74
75
76
77
78
79
80
81
82
83
84
85
86
87
88
89
90
91
92
93
94
95
96
97
98
99
100
101
102
103
104
105
106
107
108
109
110
111
112
113
114
115
116
117
118
119
120
121
122
123
124
125
126
127
128
129
130
131
132
133
134
135
136
137
138
139
140
141
142
143
144
145
146
147
148
149
150
151
152
153
154
155
156
157
158
159
160
161
162
163
164
165
166
167
168
169
170
171
172
173
174
175
176
177
178
179
180
181
182
183
184
185
186
187
188
189
190
191
192
193
194
195
196
197
198
199
200
201
202
203
204
205
206
207
208
209
210
211
212
213
214
215
216
217
218
219
220
221
222
223
224
225
226
227
228
229
230
231
232
233
234
235
236
237
238
239
240
241
242
243
244
245
246
247
248
249
250
251
252
253
254
255
256
257
258
259
260
261
262
263
264
265
266
267
268
269
270
271
272
273
274
275
276
277
278
279
280
281
282
283
284
285
286
287
288
289
290
291
292
293
294
295
296
297
298
299
300
301
302
303
304
305
306
307
308
309
310
311
312
313
314
315
316
317
318
319
320
321
322
323
324
325
326
327
328
329
330
331
332
333
334
335
336
337
338
339
340
341
342
343
344
345
346
347
348
349
350
351
352
353
354
355
356
357
358
359
360
361
362
363
364
365
366
367
368
369
370
371
372
373
374
375
376
377
378
379
380
381
382
383
384
385
386
387
388
389
390
391
392
393
394
395
396
397
398
399
400
401
402
403
404
405
406
407
408
409
410
411
412
413
414
415
416
417
418
419
420
421
422
423
424
425
426
427
428
429
430
431
432
433
434
435
436
437
438
439
440
441
442
443
444
445
446
447
448
449
450
451
452
453
454
455
456
457
458
459
460
461
462
463
464
465
466
467
468
469
470
471
472
473
474
475
476
477
478
479
480
481
482
483
484
485
486
487
488
489
490
491
492
493
494
495
496
497
498
499
500
501
502
503
504
505
506
507
508
509
510
511
512
513
514
515
516
517
518
519
520
521
522
523
524
525
526
527
528
529
530
531
532
533
534
535
536
537
538
539
540
541
542
543
544
545
546
547
548
549
550
551
552
553
554
555
556
557
558
559
560
561
562
563
564
565
566
567
568
569
570
571
572
573
574
575
576
577
578
579
580
581
582
583
584
585
586
587
588
589
590
591
592
593
594
595
596
597
598
599
600
601
602
603
604
605
607
608
609
610
611
612
614
615
616
617
618
619
620
621
622
623
624
625
626
627
628
629
630
631
632
633
634
635
636
637
638
639
640
641
642
643
644
645
646
647
648
649
650
651
652
653
654
655
656
657
658
659
660
661
662
663
664
665
666
667
668
669
670
671
672
673
674
675
676
677
678
679
680
681
682
683
684
686
687
688
689
691
692
693
694
695
696
698
699
700
701
702
703
704
705
706
707
708
709
710
712
713
714
715
716
717
718
719
720
721
722
723
724
726
727
728
729
730
731
732
733
734
735
736
737
738
739
740
741
742
743
744
745
746
747
748
749
750
751
752
753
754
755
756
757
758
759
760
761
762
763
764
765
766
767
768
769
770
771
772
773
774
775
776
777
778
780
782
783
784
785
786
787
788
789
790
791
792
793
794
795
796
797
798
799
800
801
802
803
805
806
807
808
809
810
811
812
813
814
815
816
817
818
819
820
822
824
825
829
830
831
832
833
834
835
836
837
838
839
840
841
842
843
844
845
847
848
849
850
851
852
854
855
856
857
858
859
860
861
865
866
867
868
869
870
872
874
875
876
877
878
879
880
881
882
883
886
887
888
889
890
891
892
893
894
895
896
897
898
899
900
901
902
903
904
905
906
907
908
909
910
911
912
913
914
915
916
917
918
919
920
921
922
923
924
925
926
927
928
929
930
931
932
934
935
936
937
938
939
940
941
942
943
945
946
947
948
950
952
953
954
955
957
958
959
960
961
962
964
965
966
967
968
969
970
971
972
973
974
975
976
977
978
979
980
981
982
983
985
986
987
988
989
990
991
992
994
995
996
997
998
999
1001
1002
1003
1004
1005
1006
1008
1009
1010
1011
1012
1013
1015
1016
1018
1019
1025
1026
1029
1030
1031
1032
1033
1034
1036
1037
1038
1039
1041
1043
1044
1045
1046
1047
1048
1050
1051
1052
1053
1054
1055
1056
1057
1058
1061
1062
1063
1064
1065
1067
1069
1070
1071
1072
1074
1075
1076
1077
1078
1079
1080
1081
1082
1083
1084
1085
1086
1087
1088
1089
1090
1091
1092
1093
1094
1095
1096
1097
1098
1099
1100
1101
1102
1103
1104
1107
1108
1111
1112
1113
1114
1115
1116
1118
1119
1120
1121
1122
1123
1124
1125
1126
1127
1128
1129
1130
1133
1134
1135
1136
1137
1139
1140
1141
1142
1143
1144
1145
1146
1147
1148
1149
1150
1151
1153
1154
1155
1156
1157
1158
1160
1161
1162
1163
1165
1166
1167
1169
1170
1171
1172
1173
1174
1176
1177
1178
1179
1180
1181
1183
1184
1185
1186
1188
1190
1191
1192
1193
1194
1195
1197
1198
1199
1200
1201
1202
1203
1204
1205
1207
1208
1209
1211
1212
1216
1218
1219
1221
1222
1223
1225
1226
1228
1229
1230
1231
1232
1233
1235
1236
1237
1238
1240
1243
1244
1245
1246
1247
1249
1250
1251
1252
1253
1254
1255
1256
1257
1258
1260
1261
1262
1263
1264
1265
1266
1267
1268
1271
1272
1273
1274
1275
1277
1278
1279
1280
1281
1282
1283
1284
1285
1286
1288
1289
1290
1291
1292
1293
1294
1295
1296
1298
1300
1301
1302
1303
1304
1305
1307
1308
1309
1310
1311
1312
1313
1314
1315
1316
1317
1318
1319
1320
1321
1322
1323
1324
1326
1328
1329
1330
1331
1332
1333
1334
1335
1337
1338
1339
1340
1341
1342
1343
1344
1345
1346
1347
1348
1350
1351
1352
1353
1354
1355
1356
1357
1358
1359
1360
1361
1364
1365
1366
1367
1368
1369
1371
1372
1373
1375
1376
1377
1378
1379
1380
1383
1384
1385
1387
1388
1389
1391
1392
1393
1394
1395
1396
1397
1398
1399
1400
1401
1402
1403
1404
1405
1406
1407
1408
1409
1410
1412
1413
1414
1415
1416
1417
1418
1419
1420
1421
1422
1424
1425
1426
1427
1428
1429
1430
1431
1432
1433
1434
1435
1436
1437
1438
1439
1440
1441
1442
1443
1444
1445
1446
1447
1448
1449
1450
1451
1452
1453
1454
1455
1456
1457
1458
1459
1460
1461
1462
1463
1464
1465
1466
1467
1468
1469
1470
1471
1472
1473
1475
1476
1477
1478
1479
1480
1481
1482
1483
1487
1488
1489
1490
1491
1492
1493
1494
1495
1496
1498
1499
1500
1501
1502
1503
1505
1506
1507
1508
1509
1510
1511
1512
1513
1514
1515
1516
1517
1518
1519
1520
1521
1522
1523
1524
1525
1526
1527
1528
1529
1530
1531
1532
1533
1534
1535
1536
1537
1538
1539
1540
1541
1542
1543
1544
1545
1547
1548
1549
1550
1551
1552
1553
1554
1555
1556
1557
1558
1559
1560
1562
1563
1564
1565
1566
1568
1569
1571
1572
1573
1574
1575
1576
1577
1578
1579
1580
1581
1582
1583
1586
1587
1588
1589
1590
1593
1594
1595
1596
1597
1598
1599
1600
1601
1602
1603
1604
1605
1606
1607
1608
1609
1610
1611
1612
1613
1614
1615
1616
1617
1618
1620
1621
1622
1623
1624
1625
1626
1627
1628
1629
1630
1631
1632
1633
1634
1635
1636
1637
1638
1639
1640
1641
1643
1644
1645
1646
1647
1648
1650
1651
1652
1653
1654
1655
1656
1657
1658
1659
1660
1661
1662
1663
1664
1665
1666
1667
1668
1669
1671
1672
1673
1674
1675
1676
1677
1678
1679
1680
1681
1682
1683
1684
1685
1687
1688
1689
1690
1691
1692
1693
1694
1695
1696
1697
1699
1700
1701
1702
1703
1704
1705
1707
1708
1709
1710
1711
1713
1714
1715
1716
1717
1718
1719
1720
1721
1722
1723
1725
1726
1727
1728
1729
1730
1731
1732
1733
1734
1735
1736
1737
1738
1739
1740
1741
1743
1744
1745
1746
1747
1748
1749
1750
1751
1752
1753
1754
1755
1756
1757
1758
1759
1760
1761
1762
1763
1764
1765
1766
1767
1768
1769
1770
1771
1772
1773
1774
1775
1776
1777
1778
1779
1780
1781
1782
1783
1785
1786
1787
1789
1790
1791
1792
1793
1794
1795
1796
1797
1798
1799
1800
1801
1802
1804
1805
1806
1807
1808
1809
1810
1811
1812
1813
1814
1815
1816
1817
1818
1819
1820
1821
1822
1823
1824
1825
1826
1827
1828
1829
1830
1831
1832
1833
1834
1835
1836
1837
1838
1839
1840
1841
1842
1843
1844
1845
1846
1848
1849
1850
1851
1853
1854
1855
1856
1857
1858
1859
1860
1861
1862
1863
1864
1865
1866
1867
1868
1869
1870
1871
1872
1873
1874
1875
1876
1877
1878
1879
1880
1881
1882
1883
1884
1885
1886
1888
1889
1891
1892
1893
1894
1896
1897
1898
1899
1900
1901
1902
1903
1904
1905
1906
1907
1908
1909
1910
1911
1912
1914
1915
1916
1918
1919
1920
1921
1922
1923
1924
1925
1926
1928
1929
1930
1931
1932
1933
1934
1935
1936
1937
1938
1940
1941
1942
1944
1945
1946
1947
1948
1949
1950
1951
1952
1953
1954
1955
1956
1957
1958
1959
1960
1961
1963
1964
1965
1966
1967
1968
1969
1970
1971
1972
1973
1974
1975
1976
1977
1978
1979
1980
1981
1982
1983
1984
1986
1987
1988
1989
1990
1991
1993
1994
1995
1996
1997
1998
1999
2000
2001
2002
2003
2004
2005
2007
2008
2009
2010
2011
2012
2013
2014
2015
2016
2017
2018
2019
2020
2021
2022
2023
2024
2025
2026
2027
2028
2029
2030
2031
2032
2035
2036
2038
2039
2040
2041
2042
2043
2044
2045
2046
2047
2048
2049
2050
2051
2052
2053
2054
2057
2058
2059
2060
2062
2063
2064
2065
2066
2067
2068
2069
2070
2071
2072
2073
2074
2075
2076
2077
2078
2079
2080
2083
2084
2086
2087
2088
2089
2090
2091
2092
2093
2094
2095
2096
2097
2098
2099
2100
2101
2102
2103
2104
2105
2106
2107
2108
2109
2110
2111
2112
2113
2114
2115
2116
2117
2118
2119
2121
2122
2123
2124
2125
2126
2127
2128
2129
2130
2131
2132
2133
2134
2135
2136
2137
2138
2139
2140
2141
2142
2143
2144
2145
2146
2147
2148
2149
2150
2151
2152
2153
2154
2155
2156
2157
2158
2159
2160
2161
2162
2163
2164
2165
2166
2167
2168
2169
2170
2171
2172
2173
2174
2175
2176
2177
2178
2179
2180
2181
2182
2183
2184
2185
2186
2187
2188
2189
2190
2191
2192
2193
2194
2195
2196
2197
2198
2199
2200
2201
2202
2204
2205
2206
2207
2208
2209
2210
2212
2213
2214
2215
2216
2217
2218
2219
2220
2222
2223
2224
2225
2226
2227
2229
2230
2231
2233
2234
2235
2236
2237
2238
2239
2240
2241
2242
2243
2244
2245
2246
2248
2249
2250
2251
2252
2254
2255
2257
2258
2259
2260
2261
2262
2264
2265
2266
2267
2268
2269
2270
2271
2272
2273
2274
2275
2276
2278
2279
2280
2281
2282
2283
2285
2286
2287
2288
2289
2290
2291
2292
2293
2294
2295
2296
2297
2298
2300
2301
2302
2303
2304
2306
2307
2309
2310
2311
2312
2313
2314
2315
2316
2317
2318
2319
2320
2321
2322
2323
2324
2325
2326
2327
2329
2330
2331
2332
2333
2334
2336
2337
2338
2339
2341
2342
2343
2344
2345
2346
2347
2348
2351
2352
2353
2354
2356
2357
2358
2359
2360
2361
2362
2363
2364
2365
2366
2367
2368
2370
2371
2372
2373
2374
2375
2379
2381
2382
2386
2388
2390
2391
2392
2393
2394
2395
2396
2397
2400
2401
2402
2403
2404
2405
2406
2407
2408
2409
2410
2411
2412
2413
2414
2415
2416
2417
2418
2419
2420
2421
2422
2423
2424
2425
2426
2427
2428
2429
2430
2431
2432
2433
2434
2435
2436
2437
2438
2439
2440
2441
2442
2443
2444
2445
2446
2447
2448
2449
2450
2451
2452
2453
2454
2455
2456
2457
2458
2459
2460
2461
2462
2463
2464
2465
2466
2467
2468
2469
2470
2471
2472
2473
2474
2475
2476
2477
2478
2479
2480
2481
2482
2483
2484
2485
2486
2487
2488
2489
2490
2491
2492
2493
2494
2495
2496
2497
2499
2500
2501
2502
2504
2505
2506
2507
2508
2509
2510
2511
2513
2514
2515
2516
2517
2518
2519
2520
2521
2522
2523
2525
2526
2527
2528
2529
2530
2531
2532
2533
2534
2535
2536
2537
2538
2539
2541
2542
2543
2544
2545
2546
2548
2549
2550
2551
2552
2553
2554
2555
2556
2557
2558
2560
2561
2562
2563
2564
2565
2566
2567
2569
2570
2571
2572
2573
2574
2576
2577
2578
2579
2580
2581
2583
2584
2585
2587
2588
2590
2591
2592
2593
2594
2595
2596
2597
2598
2600
2601
2602
2603
2604
2605
2606
2607
2608
2609
2610
2611
2613
2614
2615
2616
2617
2618
2619
2621
2622
2623
2624
2625
2626
2628
2629
2630
2631
2632
2633
2634
2635
2636
2637
2638
2639
2640
2641
2642
2643
2644
2645
2646
2647
2648
2649
2650
2651
2652
2653
2654
2656
2657
2658
2659
2660
2661
2662
2663
2664
2665
2666
2667
2668
2669
2670
2672
2673
2674
2675
2676
2677
2679
2680
2681
2682
2683
2684
2685
2686
2687
2688
2689
2690
2691
2693
2694
2695
2696
2697
2698
2699
2700
2701
2702
2703
2704
2705
2706
2707
2708
2709
2710
2711
2712
2713
2714
2715
2716
2717
2721
2723
2724
2725
2726
2727
2729
2730
2731
2732
2733
2734
2735
2736
2737
2738
2739
2743
2744
2745
2746
2747
2748
2749
2750
2751
2752
2753
2754
2755
2756
2757
2758
2759
2760
2761
2762
2763
2765
2766
2767
2768
2769
2770
2772
2773
2774
2775
2776
2777
2778
2779
2780
2782
2783
2784
2785
2786
2787
2788
2789
2790
2791
2792
2793
2794
2795
2796
2797
2798
2799
2800
2801
2802
2803
2804
2805
2806
2807
2808
2809
2810
2811
2812
2813
2814
2815
2816
2817
2818
2819
2820
2821
2822
2823
2824
2825
2826
2828
2829
2830
2831
2832
2833
2834
2835
2836
2837
2838
2839
2840
2841
2842
2843
2844
2845
2846
2848
2849
2850
2851
2852
2853
2854
2856
2857
2858
2859
2860
2861
2863
2864
2865
2866
2868
2869
2870
2871
2872
2873
2874
2875
2876
2877
2878
2879
2880
2881
2882
2883
2884
2885
2886
2887
2888
2889
2890
2891
2892
2893
2894
2895
2896
2897
2898
2899
2900
2901
2902
2903
2904
2905
2906
2907
2908
2909
2910
2912
2913
2914
2915
2916
2917
2918
2919
2920
2921
2922
2923
2924
2925
2926
2927
2928
2929
2930
2931
2932
2933
2934
2935
2936
2937
2938
2939
2940
2941
2944
2945
2946
2947
2948
2950
2951
2952
2953
2954
2955
2956
2957
2958
2959
2960
2961
2962
2963
2964
2965
2966
2967
2968
2969
2971
2972
2973
2975
2976
2977
2978
2979
2980
2982
2983
2984
2985
2986
2987
2989
2990
2991
2992
2993
2994
2995
2996
2997
2998
2999
3000
3001
3002
3003
3004
3005
3006
3007
3009
3010
3011
3012
3013
3015
3016
3017
3018
3019
3020
3022
3023
3024
3025
3026
3027
3028
3029
3030
3031
3032
3034
3035
3036
3037
3038
3039
3040
3042
3043
3044
3045
3046
3047
3048
3049
3050
3051
3052
3053
3054
3055
3056
3057
3058
3059
3060
3061
3064
3065
3066
3067
3068
3069
3070
3071
3072
3073
3074
3075
3076
3077
3078
3079
3080
3081
3085
3086
3087
3088
3089
3090
3093
3094
3095
3096
3097
3099
3100
3101
3102
3103
3104
3105
3106
3107
3108
3109
3110
3111
3113
3114
3115
3116
3119
3120
3121
3122
3123
3125
3126
3127
3128
3129
3130
3131
3132
3133
3134
3135
3136
3137
3138
3139
3140
3141
3142
3143
3144
3145
3146
3148
3149
3150
3151
3152
3153
3154
3155
3156
3157
3158
3159
3160
3162
3163
3164
3165
3166
3167
3168
3169
3171
3172
3173
3174
3176
3181
3183
3184
3185
3186
3187
3188
3189
3190
3191
3192
3193
3194
3195
3197
3199
3200
3201
3202
3203
3204
3206
3207
3208
3209
3211
3212
3213
3214
3215
3216
3218
3219
3220
3222
3223
3225
3228
3229
3230
3234
3235
3236
3237
3239
3240
3241
3242
3243
3244
3245
3246
3248
3249
3250
3251
3252
3253
3255
3256
3257
3258
3260
3261
3264
3265
3266
3267
3268
3269
3270
3271
3272
3273
3274
3275
3276
3277
3278
3279
3280
3281
3282
3283
3284
3286
3287
3288
3289
3290
3291
3292
3293
3294
3295
3296
3297
3298
3299
3300
3301
3302
3303
3304
3305
3306
3307
3309
3310
3311
3314
3315
3316
3317
3318
3319
3321
3322
3323
3324
3325
3326
3327
3328
3329
3330
3331
3332
3333
3334
3335
3336
3338
3339
3341
3342
3343
3344
3346
3347
3348
3349
3350
3351
3352
3353
3354
3360
3363
3367
3368
3370
3371
3372
3373
3374
3376
3377
3379
3380
3381
3382
3383
3384
3385
3386
3387
3388
3390
3391
3392
3393
3395
3396
3397
3398
3399
3400
3401
3402
3403
3404
3407
3408
3409
3410
3411
3412
3413
3414
3415
3419
3420
3421
3422
3423
3424
3429
3430
3431
3432
3433
3435
3436
3437
3438
3439
3440
3441
3442
3443
3444
3445
3446
3447
3450
3451
3452
3453
3454
3456
3457
3458
3459
3460
3461
3464
3465
3466
3467
3468
3470
3471
3472
3473
3474
3475
3478
3479
3480
3481
3482
3485
3486
3487
3488
3489
3491
3492
3493
3494
3495
3496
3500
3501
3502
3503
3505
3506
3508
3510
3512
3514
3515
3516
3517
3519
3521
3522
3523
3524
3526
3528
3529
3530
3531
3534
3535
3536
3537
3538
3540
3541
3542
3543
3544
3545
3549
3550
3551
3552
3555
3557
3558
3559
3563
3564
3573
3577
3578
3579
3580
3582
3583
3584
3585
3586
3587
3589
3590
3591
3592
3593
3594
3596
3598
3599
3600
3601
3602
3603
3604
3605
3606
3607
3608
3609
3610
3611
3612
3613
3614
3615
3617
3618
3619
3620
3621
3622
3624
3625
3626
3627
3629
3630
3631
3632
3633
3634
3636
3637
3638
3639
3640
3641
3643
3644
3645
3646
3647
3648
3649
3650
3651
3652
3653
3654
3655
3657
3658
3659
3660
3661
3662
3663
3664
3665
3666
3667
3668
3669
3670
3671
3672
3673
3674
3675
3676
3677
3678
3679
3680
3681
3682
3683
3684
3685
3686
3687
3689
3690
3691
3692
3695
3696
3697
3698
3699
3701
3702
3706
3708
3709
3710
3711
3712
3713
3714
3715
3716
3717
3718
3719
3720
3722
3723
3724
3725
3726
3728
3729
3730
3731
3732
3733
3734
3735
3736
3738
3739
3740
3741
3742
3743
3744
3745
3746
3750
3752
3753
3756
3757
3758
3759
3760
3761
3762
3763
3764
3765
3766
3767
3768
3771
3772
3773
3774
3777
3778
3779
3780
3781
3783
3784
3785
3788
3790
3791
3792
3793
3796
3798
3799
3800
3801
3802
3804
3805
3806
3808
3809
3812
3813
3814
3815
3816
3817
3818
3819
3821
3822
3823
3824
3825
3826
3827
3828
3829
3830
3831
3832
3833
3834
3836
3837
3839
3840
3843
3844
3845
3847
3848
3850
3851
3853
3854
3855
3856
3857
3858
3861
3862
3863
3864
3865
3867
3868
3870
3871
3872
3873
3874
3876
3878
3880
3881
3882
3883
3884
3885
3886
3887
3888
3889
3890
3891
3892
3893
3894
3895
3896
3897
3898
3899
3900
3901
3902
3903
3904
3906
3907
3909
3910
3911
3912
3913
3914
3916
3919
3920
3921
3922
3925
3926
3927
3928
3929
3930
3933
3934
3935
3936
3937
3938
3939
3940
3941
3942
3943
3944
3945
3946
3947
3948
3949
3951
3952
3953
3954
3955
3956
3957
3958
3960
3961
3962
3963
3964
3965
3967
3968
3969
3970
3972
3973
3974
3975
3976
3977
3980
3981
3982
3986
3987
3988
3989
3990
3991
3992
3993
3994
3995
3996
3997
3998
4000
4001
4002
4003
4004
4005
4006
4007
4008
4009
4010
4011
4014
4015
4016
4017
4018
4019
4020
4021
4022
4023
4024
4025
4026
4027
4028
4029
4030
4032
4033
4034
4035
4038
4039
4040
4041
4042
4044
4045
4046
4047
4048
4051
4052
4053
4054
4055
4056
4057
4058
4059
4060
4061
4062
4063
4065
4066
4067
4068
4071
4072
4076
4077
4078
4079
4082
4083
4084
4085
4086
4087
4088
4089
4090
4093
4094
4095
4096
4098
4100
4102
4103
4104
4105
4107
4114
4116
4117
4118
4119
4120
4121
4122
4123
4124
4125
4126
4127
4128
4130
4131
4132
4133
4134
4135
4136
4137
4138
4139
4140
4141
4142
4143
4144
4145
4147
4148
4149
4151
4152
4156
4157
4158
4159
4161
4164
4165
4166
4167
4168
4169
4170
4171
4172
4173
4174
4175
4176
4177
4179
4180
4181
4182
4183
4184
4185
4186
4187
4188
4189
4190
4191
4192
4193
4194
4196
4197
4198
4199
4200
4201
4202
4203
4204
4205
4208
4209
4210
4211
4212
4213
4214
4215
4216
4217
4218
4221
4222
4223
4224
4226
4228
4229
4230
4231
4235
4236
4237
4238
4243
4244
4245
4250
4251
4252
4254
4255
4256
4257
4258
4259
4260
4262
4263
4264
4265
4266
4267
4268
4270
4271
4272
4273
4274
4275
4277
4278
4279
4280
4281
4282
4284
4285
4286
4287
4289
4290
4294
4296
4298
4299
4300
4301
4303
4305
4306
4307
4308
4309
4310
4311
4312
4313
4315
4316
4318
4319
4320
4323
4324
4325
4326
4327
4328
4329
4332
4333
4334
4336
4338
4339
4341
4343
4345
4346
4347
4348
4349
4350
4351
4352
4353
4354
4358
4359
4360
4361
4362
4363
4364
4367
4368
4369
4370
4371
4373
4375
4376
4377
4378
4381
4382
4383
4384
4385
4387
4388
4389
4390
4391
4394
4395
4396
4397
4398
4399
4400
4401
4408
4419
4420
4426
4427
4430
4431
4432
4433
4436
4437
4439
4440
4443
4445
4446
4447
4448
4450
4452
4453
4457
4458
4459
4460
4461
4465
4466
4468
4469
4472
4473
4479
4501
4502
4503
4504
4507
4508
4509
4510
4511
4513
4515
4516
4517
4518
4521
4522
4523
4528
4529
4530
4531
4532
4536
4537
4538
4541
4542
4543
4545
4546
4547
4548
4551
4552
4553
4554
4555
4557
4558
4559
4560
4564
4565
4566
4567
4569
4570
4571
4573
4574
4575
4576
4578
4579
4580
4581
4583
4584
4585
4586
4587
4588
4590
4591
4592
4593
4594
4595
4597
4598
4599
4600
4601
4602
4603
4605
4606
4607
4608
4609
4610
4612
4613
4614
4617
4618
4619
4620
4621
4624
4625
4628
4632
4637
4639
4641
4642
4643
4644
4646
4648
4649
4650
4651
4652
4653
4654
4655
4656
4658
4659
4660
4662
4663
4664
4666
4667
4672
4681
4688
4690
4691
4692
4693
4695
4702
4704
4705
4706
4707
4709
4711
4712
4713
4714
4716
4718
4719
4720
4721
4725
4726
4727
4728
4730
4735
4737
4739
4740
4741
4742
4744
4747
4748
4749
4751
4758
4779
4782
4786
4788
4789
4790
4791
4793
4800
4802
4803
4804
4805
4808
4809
4810
4811
4812
4814
4815
4816
4817
4818
4819
4822
4823
4824
4825
4826
4836
4840
4843
4844
4845
4846
4847
4850
4851
4852
4853
4854
4856
4857
4858
4859
4860
4861
4863
4864
4865
4866
4867
4868
4871
4872
4873
4874
4875
4877
4878
4880
4881
4882
4884
4886
4887
4888
4889
4891
4893
4894
4895
4896
4898
4900
4901
4902
4903
4906
4907
4908
4909
4910
4912
4914
4915
4916
4917
4921
4922
4923
4924
4929
4930
4931
4936
4937
4938
4940
4942
4943
4944
4945
4949
4950
4951
4952
4956
4957
4958
4959
4961
4963
4964
4965
4966
4970
4971
4972
4973
5032
5036
5039
5040
5041
5042
5046
5064
5068
5069
5070
5071
5074
5078
5081
5085
5088
5089
5090
5091
5095
5096
5097
5098
5102
5103
5104
5105
5106
5110
5111
5112
5113
5117
5122
5130
5134
5137
5138
5139
5140
5144
5145
5146
5147
5148
5151
5152
5153
5154
5155
5157
5159
5160
5161
5162
5166
5167
5168
5169
5174
5176
5179
5180
5183
5185
5186
5187
5188
5189
5190
5193
5194
5195
5196
5197
5199
5200
5201
5202
5203
5204
5206
5208
5209
5210
5211
5215
5216
5217
5218
5220
5221
5225
5227
5229
5230
5231
5232
5234
5237
5238
5239
5241
5243
5244
5245
5246
5249
5250
5251
5252
5253
5255
5257
5258
5259
5260
5264
5265
5266
5267
5270
5274
5292
5293
5294
5295
5298
5299
5300
5301
5302
5304
5306
5307
5308
5309
5313
5314
5315
5316
5318
5319
5323
5325
5326
5327
5328
5329
5330
5332
5333
5334
5335
5336
5339
5340
5358
5362
5363
5364
5365
5367
5368
5372
5374
5376
5377
5378
5379
5381
5388
5390
5391
5392
5393
5397
5398
5399
5400
5402
5404
5405
5406
5407
5411
5412
5413
5414
5416
5423
5425
5426
5427
5428
5430
5437
5465
5472
5474
5475
5476
5477
5479
5486
5488
5489
5490
5491
5494
5495
5496
5497
5498
5500
5502
5503
5504
5505
5509
5510
5511
5512
5522
5526
5529
5530
5531
5532
5536
5537
5538
5539
5540
5543
5544
5545
5546
5547
5549
5551
5552
5553
5554
5558
5559
5560
5561
5563
5564
5568
5570
5572
5573
5574
5575
5577
5584
5586
5587
5588
5589
5592
5593
5594
5595
5596
5598
5600
5601
5602
5603
5605
5607
5608
5609
5610
5619
5621
5622
5624
5626
5631
5632
5635
5636
5637
5638
5639
5640
5642
5643
5644
5645
5647
5649
5650
5651
5652
5654
5656
5657
5658
5659
5717
5719
5720
5722
5724
5733
5734
5736
5737
5738
5740
5741
5744
5745
5750
5752
5754
5755
5757
5766
5768
5769
5771
5773
5778
5779
5793
5794
5799
5801
5803
5804
5806
5807
5810
5811
5814
5827
5828
5831
5832
5833
5834
5835
5836
5838
5839
5840
5841
5843
5845
5846
5847
5848
5850
5852
5853
5854
5855
5856
5859
5860
5863
5864
5866
5867
5869
5871
5880
5881
5882
5883
5884
5885
5887
5888
5889
5890
5892
5894
5895
5896
5897
5901
5902
5903
5904
5906
5913
5915
5916
5917
5918
5920
5927
5929
5930
5931
5932
5936
5937
5938
5939
5941
5943
5944
5945
5946
5948
5950
5951
5952
5953
5962
5964
5965
5967
5969
5974
5975
5978
5979
5980
5981
5982
5983
5985
5986
5987
5988
5990
5992
5993
5994
5995
5997
5999
6000
6001
6002
6403
6405
6406
6408
6410
6419
6420
6422
6423
6424
6426
6427
6430
6431
6436
6438
6440
6441
6443
6452
6454
6455
6457
6459
6517
6518
6520
6521
6522
6524
6525
6534
6536
6538
6539
6541
6542
6545
6546
6549
6550
6552
6553
6555
6557
6566
6567
6569
6570
6571
6573
6574
6577
6578
6591
6594
6595
6598
6599
6601
6602
6604
6606
6611
6612
6626
6627
6632
6634
6636
6637
6639
6648
6650
6651
6653
6655
6660
6661
6664
6665
6667
6668
6669
6671
6672
6681
6683
6685
6686
6688
6746
6748
6749
6751
6753
6762
6763
6765
6766
6767
6769
6770
6773
6774
6779
6781
6783
6784
6786
6795
6797
6798
6800
6802
6807
6808
6822
6823
6828
6830
6832
6833
6835
6836
6839
6840
6843
6856
6857
6920
6921
6934
6937
6938
6941
6942
6944
6945
6947
6949
6954
6955
6969
6970
6975
6977
6979
6980
6982
6991
6993
6994
6996
6998
7003
7004
7007
7008
7010
7011
7012
7014
7015
7024
7026
7028
7029
7031
7032
7035
7036
7039
7052
7053
7056
7057
7059
7060
7061
7063
7064
7067
7068
7081
7084
7085
7088
7150
7151
7165
7166
7171
7173
7175
7176
7178
7179
7182
7183
7186
7199
7200
7203
7204
7205
7206
7207
7208
7210
7211
7212
7213
7215
7217
7218
7219
7220
7222
7224
7225
7226
7227
7228
7231
7232
7235
7236
7238
7239
7241
7243
7252
7253
7254
7255
7256
7257
7259
7260
7261
7262
7264
7266
7267
7268
7269
7273
7274
7275
7276
7278
7285
7287
7288
7289
7290
7292
7299
7301
7302
7303
7304
7308
7309
7310
7311
7313
7315
7316
7317
7318
7320
7322
7323
7324
7325
7334
7336
7337
7339
7341
7346
7347
7350
7351
7352
7353
7354
7355
7357
7358
7359
7360
7362
7364
7365
7366
7367
7369
7371
7372
7373
7374
7375
7378
7379
7382
7395
7396
7399
7400
7402
7403
7404
7406
7407
7410
7411
7424
7427
7428
7431
7432
7434
7435
7437
7439
7448
7449
7451
7452
7453
7455
7456
7459
7460
7465
7467
7469
7470
7472
7481
7483
7484
7486
7488
7546
7547
7548
7549
7550
7551
7553
7554
7555
7556
7558
7560
7561
7562
7563
7565
7567
7568
7569
7570
7571
7574
7575
7578
7579
7581
7582
7584
7586
7595
7596
7597
7598
7599
7600
7602
7603
7604
7605
7607
7609
7610
7611
7612
7616
7617
7618
7619
7621
7628
7630
7631
7632
7633
7635
7642
7644
7645
7646
7647
7651
7652
7653
7654
7656
7658
7659
7660
7661
7665
7666
7667
7668
7693
7694
7695
7696
7700
7701
7702
7703
7705
7707
7708
7709
7710
7714
7715
7716
7717
7719
7726
7728
7729
7730
7731
7733
7740
7768
7775
7777
7778
7779
7780
7782
7789
7791
7792
7793
7794
7798
7799
7800
7801
7803
7805
7806
7807
7808
7812
7813
7814
7815
7817
7824
7826
7827
7828
7829
7831
7838
7866
7873
7875
7876
7877
7878
7880
7887
7889
7890
7891
7892
7896
7897
7898
7899
7901
7903
7904
7905
7906
7910
7911
7912
7913
7938
7939
7940
7941
7945
7946
7947
7948
7950
7952
7953
7954
7955
7959
7960
7961
7962
7964
7971
7973
7974
7975
7976
7978
7985
7987
7988
7989
7990
7994
7995
7996
7997
7999
8001
8002
8003
8004
8006
8008
8009
8010
8011
8020
8022
8023
8025
8027
8032
8033
8036
8037
8038
8039
8040
8041
8043
8044
8045
8046
8048
8050
8051
8052
8053
8055
8057
8058
8059
8060
8118
8120
8121
8123
8125
8134
8135
8137
8138
8139
8141
8142
8145
8146
8151
8153
8155
8156
8158
8167
8169
8170
8172
8174
8179
8180
8194
8195
8200
8202
8204
8205
8207
8208
8211
8212
8215
8228
8229
8232
8233
8234
8235
8236
8237
8239
8240
8241
8242
8244
8246
8247
8248
8249
8251
8253
8254
8255
8256
8257
8260
8261
8264
8265
8267
8268
8270
8272
8281
8282
8283
8284
8285
8286
8288
8289
8290
8291
8293
8295
8296
8297
8298
8302
8303
8304
8305
8307
8314
8316
8317
8318
8319
8321
8328
8330
8331
8332
8333
8337
8338
8339
8340
8342
8344
8345
8346
8347
8349
8351
8352
8353
8354
8363
8365
8366
8368
8370
8375
8376
8379
8380
8381
8382
8383
8384
8386
8387
8388
8389
8391
8393
8394
8395
8396
8398
8400
8401
8402
8403
8404
8405
8407
8408
8411
8412
8414
8415
8424
8425
8428
8429
8431
8432
8433
8434
8435
8436
8439
8440
8441
8446
8447
8448
8453
8454
8456
8457
8460
8461
8463
8464
8477
8478
8481
8482
8483
8484
8485
8488
8489
8522
8523
8537
8538
8543
8545
8547
8548
8550
8551
8554
8555
8558
8571
8572
8575
8576
8578
8579
8580
8581
8582
8583
8586
8587
8592
8594
8596
8597
8599
8600
8601
8603
8604
8607
8608
8610
8611
8613
8615
8616
8617
8618
8623
8624
8625
8627
8628
8629
8630
8631
8632
8635
8636
8649
8650
8652
8653
8656
8657
8659
8660
8662
8664
8665
8666
8667
8669
8670
8672
8684
8685
8686
8691
8692
8693
8698
8699
8701
8702
8705
8706
8708
8709
8714
8715
8716
8721
8735
8740
8741
8742
8747
8748
8750
8751
8754
8755
8757
8758
8767
8768
8771
8772
8774
8775
8776
8777
8778
8779
8782
8783
8784
8789
8790
8791
8796
8797
8799
8800
8803
8804
8806
8807
8820
8821
8824
8825
8826
8827
8828
8831
8832
8918
8919
8922
8923
8924
8925
8926
8929
8930
8943
8944
8946
8947
8950
8951
8953
8954
8959
8960
8961
8966
8967
8968
8971
8972
8973
8974
8975
8978
8979
8992
8993
8995
8996
8999
9000
9002
9003
9208
9209
9223
9224
9229
9231
9233
9234
9236
9237
9240
9241
9244
9257
9258
9321
9322
9335
9338
9339
9342
9343
9345
9346
9348
9350
9355
9356
9370
9371
9376
9378
9380
9381
9383
9392
9394
9395
9397
9399
9404
9405
9408
9409
9411
9412
9413
9415
9416
9425
9427
9429
9430
9432
9433
9436
9437
9440
9453
9454
9457
9458
9460
9461
9462
9464
9465
9468
9469
9482
9485
9486
9489
9551
9552
9566
9567
9572
9574
9576
9577
9579
9580
9583
9584
9587
9600
9601
9604
9605
9607
9608
9609
9610
9611
9612
9615
9616
9621
9623
9625
9626
9628
9629
9630
9632
9633
9636
9637
9639
9640
9642
9644
9645
9646
9647
9652
9653
9654
9656
9657
9658
9659
9660
9661
9664
9665
9678
9679
9681
9682
9685
9686
9688
9689
9719
9721
9723
9724
9726
9735
9737
9738
9740
9742
9747
9748
9751
9752
9754
9755
9756
9758
9759
9768
9770
9772
9773
9775
9776
9777
9779
9780
9783
9784
9786
9787
9796
9797
9800
9801
9803
9804
9805
9806
9807
9808
9811
9812
9813
9818
9819
9820
9825
9826
9828
9829
9832
9833
9835
9836
9838
9840
9849
9850
9852
9853
9854
9855
9856
9857
9860
9861
9862
9866
9867
9868
9869
9870
9871
9873
9882
9884
9885
9887
9889
9890
9891
9892
9897
9898
9899
9902
9903
9904
9905
9906
9909
9910
9911
9916
9917
9918
9939
9940
9941
9946
9947
9948
9950
9951
9952
9953
9954
9955
9958
9959
9964
9966
9968
9969
9971
9972
9973
9975
9976
9979
9980
9982
9983
9985
9987
9988
9989
9990
9995
9996
9997
9999
10000
10001
10002
10003
10004
10007
10008
10021
10022
10024
10025
10028
10029
10031
10032
10034
10036
10041
10042
10056
10057
10119
10120
10122
10123
10126
10127
10129
10130
10139
10140
10143
10144
10146
10147
10148
10149
10150
10151
10154
10155
10156
10161
10162
10163
10168
10169
10171
10172
10175
10176
10178
10179
10181
10183
10192
10193
10195
10196
10197
10198
10199
10200
10203
10204
10205
10209
10210
10211
10212
10213
10214
10216
10225
10227
10228
10230
10232
10233
10234
10235
10237
10238
10240
10241
10242
10245
10246
10247
10248
10249
10252
10253
10254
10258
10259
10260
10261
10262
10263
10265
10266
10269
10270
10273
10282
10283
10284
10286
10287
10289
10350
10351
10364
10367
10368
10371
10372
10374
10375
10377
10379
10380
10381
10382
10384
10385
10387
10399
10400
10401
10406
10407
10408
10413
10414
10416
10417
10420
10421
10423
10424
10429
10430
10431
10436
10450
10455
10456
10457
10462
10463
10465
10466
10469
10470
10472
10473
10486
10487
10490
10491
10492
10493
10494
10497
10498
10499
10504
10505
10506
10511
10512
10514
10515
10518
10519
10521
10522
10535
10536
10539
10540
10541
10542
10543
10546
10547
10548
10553
10554
10555
10576
10577
10578
10583
10584
10585
10588
10589
10590
10591
10592
10595
10596
10597
10602
10603
10604
10625
10626
10627
10632
10723
10724
10725
10730
10744
10749
10750
10751
10756
10757
10759
10760
10763
10764
10766
10767
10772
10773
10774
10779
10793
10798
10799
10800
10805
10806
10808
10809
10812
10813
10815
10816
10825
10826
10829
10830
10832
10833
10834
10835
10836
10837
10840
10841
10842
10847
10848
10849
10854
10855
10857
10858
10861
10862
10864
10865
10878
10879
10882
10883
10884
10885
10886
10889
10890
10923
10924
10938
10939
10944
10946
10948
10949
10951
10952
10955
10956
10959
10972
10973
10976
10977
10979
10980
10981
10982
10983
10984
10987
10988
10993
10995
10997
10998
11000
11001
11002
11004
11005
11008
11009
11011
11012
11014
11016
11017
11018
11019
11024
11025
11026
11028
11029
11030
11031
11032
11033
11036
11037
11050
11051
11053
11054
11057
11058
11060
11061
11063
11065
11066
11067
11068
11070
11071
11073
11085
11086
11087
11092
11093
11094
11099
11100
11102
11103
11106
11107
11109
11110
11115
11116
11117
11122
11136
11141
11142
11143
11148
11149
11151
11152
11155
11156
11158
11159
11168
11169
11172
11173
11175
11176
11177
11178
11179
11180
11183
11184
11185
11190
11191
11192
11197
11198
11200
11201
11204
11205
11206
11207
11208
11210
11212
11213
11214
11215
11216
11220
11221
11222
11224
11225
11226
11227
11228
11229
11232
11233
11238
11240
11242
11243
11244
11245
11248
11252
11254
11255
11256
11257
11259
11261
11262
11263
11264
11265
11269
11270
11271
11272
11276
11277
11278
11279
11280
11284
11285
11286
11304
11308
11311
11312
11313
11314
11318
11319
11320
11322
11323
11324
11325
11326
11327
11330
11331
11336
11338
11340
11341
11343
11344
11345
11347
11348
11351
11352
11354
11355
11357
11359
11360
11361
11362
11367
11368
11369
11371
11372
11373
11374
11375
11376
11379
11380
11393
11394
11396
11397
11400
11401
11403
11404
11406
11408
11413
11414
11428
11429
11434
11436
11438
11439
11440
11441
11444
11448
11450
11452
11453
11455
11457
11462
11463
11466
11467
11468
11469
11470
11471
11472
11473
11474
11475
11476
11480
11481
11482
11483
11485
11487
11488
11489
11490
11493
11497
11500
11504
11507
11508
11509
11510
11514
11532
11536
11537
11538
11539
11542
11546
11548
11549
11550
11551
11553
11555
11556
11557
11558
11559
11563
11564
11565
11567
11568
11569
11571
11572
11575
11576
11581
11583
11585
11586
11587
11588
11591
11595
11597
11598
11599
11600
11602
11604
11605
11606
11607
11608
11612
11613
11614
11615
11619
11620
11621
11622
11623
11627
11628
11629
11647
11651
11654
11655
11656
11657
11661
11662
11663
11664
11668
11669
11670
11671
11672
11676
11677
11678
11696
11700
11703
11704
11705
11706
11710
11711
11712
11713
11717
11718
11719
11720
11721
11725
11726
11727
11728
11732
11733
11734
11735
11738
11742
11760
11761
11762
11766
11767
11768
11769
11770
11774
11775
11776
11892
11896
11899
11900
11901
11902
11906
11924
11928
11929
11930
11931
11934
11938
11941
11945
11948
11949
11950
11951
11955
11956
11957
11958
11962
11963
11964
11965
11966
11970
11971
11972
11990
11994
11997
11998
11999
12000
12004
12005
12006
12008
12009
12010
12011
12012
12013
12016
12017
12022
12024
12026
12027
12029
12030
12031
12033
12034
12037
12038
12040
12041
12043
12045
12046
12047
12048
12053
12054
12055
12057
12058
12059
12060
12061
12062
12065
12066
12079
12080
12082
12083
12086
12087
12089
12090
12120
12122
12124
12125
12127
12136
12138
12139
12141
12143
12148
12149
12152
12153
12155
12156
12157
12159
12160
12169
12171
12173
12174
12176
12177
12178
12180
12181
12184
12185
12187
12188
12197
12198
12201
12202
12204
12205
12206
12207
12208
12209
12212
12213
12214
12219
12220
12221
12226
12227
12229
12230
12233
12234
12236
12237
12239
12241
12250
12251
12253
12254
12255
12256
12257
12258
12261
12262
12263
12267
12268
12269
12270
12271
12272
12274
12283
12285
12286
12288
12290
12291
12292
12293
12298
12299
12300
12303
12304
12305
12306
12307
12310
12311
12312
12317
12318
12319
12340
12341
12342
12347
12348
12349
12351
12352
12353
12354
12355
12356
12359
12360
12365
12367
12369
12370
12372
12373
12374
12376
12377
12380
12381
12383
12384
12386
12388
12389
12390
12391
12396
12397
12398
12400
12401
12402
12403
12404
12405
12408
12409
12422
12423
12425
12426
12429
12430
12432
12433
12435
12437
12442
12443
12457
12458
12520
12521
12523
12524
12527
12528
12530
12531
12540
12541
12544
12545
12547
12548
12549
12550
12551
12552
12555
12556
12557
12562
12563
12564
12569
12570
12572
12573
12576
12577
12579
12580
12582
12584
12593
12594
12596
12597
12598
12599
12600
12601
12604
12605
12606
12610
12611
12612
12613
12614
12615
12617
12626
12628
12629
12631
12633
12634
12635
12636
12638
12639
12641
12642
12643
12646
12647
12648
12649
12650
12653
12654
12655
12659
12660
12661
12662
12663
12664
12666
12667
12670
12671
12674
12683
12684
12685
12687
12688
12690
12751
12752
12765
12768
12769
12772
12773
12775
12776
12778
12780
12781
12782
12783
12785
12786
12788
12800
12801
12802
12806
12807
12808
12809
12810
12811
12812
12813
12814
12815
12816
12817
12818
12820
12821
12822
12824
12825
12827
12829
12830
12831
12832
12834
12835
12837
12838
12839
12840
12841
12842
12843
12844
12845
12846
12847
12848
12851
12852
12853
12854
12855
12856
12857
12858
12859
12860
12861
12862
12863
12864
12865
12866
12867
12869
12870
12871
12872
12873
12874
12876
12879
12880
12881
12882
12886
12887
12888
12891
12892
12893
12894
12895
12898
12899
12900
12904
12905
12906
12907
12908
12909
12910
12911
12912
12913
12914
12915
12916
12918
12919
12920
12922
12923
12925
12927
12936
12937
12939
12940
12941
12942
12943
12944
12947
12948
12949
12953
12954
12955
12956
12957
12958
12960
12969
12971
12972
12974
12976
12977
12978
12979
12981
12982
12984
12985
12986
12989
12990
12991
12992
12993
12996
12997
12998
13002
13003
13004
13005
13006
13007
13009
13010
13013
13014
13017
13026
13027
13028
13030
13031
13033
13034
13035
13036
13037
13038
13039
13040
13041
13042
13043
13044
13048
13049
13050
13051
13053
13055
13056
13058
13059
13062
13063
13066
13067
13068
13069
13070
13072
13074
13075
13076
13077
13078
13082
13083
13084
13085
13086
13087
13088
13089
13090
13091
13092
13093
13097
13098
13099
13100
13104
13105
13106
13107
13110
13114
13124
13125
13126
13131
13132
13133
13134
13138
13139
13140
13141
13142
13145
13146
13147
13148
13149
13150
13151
13152
13153
13154
13155
13156
13157
13158
13159
13160
13161
13163
13164
13165
13167
13168
13170
13172
13173
13174
13175
13177
13178
13180
13181
13182
13183
13184
13185
13186
13187
13188
13189
13190
13191
13194
13195
13196
13197
13198
13199
13200
13201
13202
13203
13204
13205
13208
13212
13215
13219
13222
13223
13224
13225
13229
13247
13251
13252
13253
13254
13257
13261
13264
13268
13271
13272
13273
13274
13278
13296
13300
13301
13302
13303
13306
13310
13313
13317
13320
13321
13322
13323
13327
13328
13329
13330
13334
13335
13336
13337
13338
13342
13343
13344
13362
13366
13369
13370
13371
13372
13376
13492
13496
13497
13498
13499
13502
13506
13524
13525
13526
13530
13531
13532
13533
13534
13538
13539
13540
13541
13545
13546
13547
13548
13551
13555
13558
13562
13565
13566
13567
13568
13572
13590
13594
13595
13596
13597
13600
13604
13606
13607
13608
13609
13611
13613
13614
13615
13616
13617
13621
13622
13623
13625
13626
13627
13629
13630
13633
13634
13639
13641
13643
13644
13645
13646
13649
13653
13655
13656
13657
13658
13660
13662
13663
13664
13665
13666
13670
13671
13672
13673
13677
13678
13679
13680
13681
13685
13686
13687
13705
13709
13712
13713
13714
13715
13719
13720
13721
13723
13724
13725
13727
13728
13737
13739
13741
13742
13744
13745
13748
13749
13752
13753
13755
13756
13758
13760
13769
13770
13772
13773
13774
13776
13777
13780
13781
13794
13797
13798
13801
13802
13804
13805
13807
13809
13810
13811
13812
13814
13815
13817
13829
13830
13831
13835
13836
13837
13838
13839
13840
13841
13842
13843
13844
13845
13846
13847
13849
13850
13851
13853
13854
13856
13858
13859
13860
13861
13863
13864
13866
13867
13868
13869
13870
13871
13872
13873
13874
13875
13876
13877
13880
13881
13882
13883
13884
13885
13886
13887
13888
13889
13890
13891
13894
13898
13901
13905
13908
13909
13910
13911
13915
13933
13937
13938
13939
13940
13943
13947
13949
13950
13951
13952
13954
13956
13957
13958
13959
13960
13964
13965
13966
13968
13969
13970
13972
13973
13976
13977
13978
13982
13983
13984
13985
13986
13987
13988
13989
13992
13996
13998
13999
14000
14001
14003
14005
14006
14007
14008
14009
14013
14014
14015
14016
14018
14019
14020
14021
14022
14023
14024
14025
14026
14027
14028
14029
14030
14032
14033
14034
14048
14052
14055
14056
14057
14058
14062
14063
14064
14065
14067
14068
14069
14070
14071
14072
14073
14074
14075
14077
14078
14079
14088
14089
14091
14092
14095
14096
14097
14098
14099
14101
14104
14105
14106
14107
14111
14112
14113
14114
14116
14117
14118
14119
14120
14121
14122
14123
14124
14126
14127
14128
14129
14133
14134
14135
14136
14137
14138
14139
14140
14141
14143
14144
14145
14147
14148
14153
14154
14155
14160
14161
14162
14163
14167
14168
14169
14170
14171
14174
14175
14176
14177
14179
14180
14181
14186
14187
14189
14190
14193
14194
14196
14197
14202
14203
14204
14209
14223
14228
14229
14230
14293
14297
14300
14301
14302
14303
14307
14321
14325
14326
14327
14328
14329
14330
14331
14332
14335
14339
14342
14346
14349
14350
14351
14352
14356
14357
14358
14359
14361
14362
14363
14364
14365
14366
14367
14368
14369
14370
14371
14372
14373
14375
14376
14377
14391
14395
14398
14399
14400
14401
14405
14406
14407
14408
14410
14411
14412
14413
14414
14415
14416
14417
14418
14420
14421
14422
14431
14432
14434
14435
14438
14439
14440
14441
14442
14444
14447
14448
14449
14450
14454
14455
14456
14457
14459
14460
14461
14462
14463
14464
14465
14466
14467
14469
14470
14471
14472
14476
14477
14478
14479
14480
14481
14482
14483
14484
14486
14487
14488
14490
14491
14504
14505
14506
14510
14511
14512
14513
14514
14518
14519
14520
14578
14579
14581
14582
14585
14586
14588
14589
14602
14603
14606
14607
14608
14609
14610
14613
14614
14615
14620
14621
14622
14627
14628
14630
14631
14634
14635
14636
14637
14638
14640
14643
14644
14645
14646
14650
14651
14652
14655
14656
14657
14658
14659
14662
14663
14664
14668
14669
14670
14671
14672
14673
14674
14675
14678
14682
14685
14689
14692
14693
14694
14695
14699
14700
14701
14702
14704
14705
14706
14707
14708
14709
14710
14711
14712
14713
14714
14715
14716
14718
14719
14720
14734
14738
14741
14742
14743
14744
14748
14749
14750
14751
14753
14754
14755
14756
14757
14758
14759
14760
14761
14763
14764
14765
14774
14775
14777
14778
14781
14782
14783
14784
14785
14787
14790
14791
14792
14793
14797
14798
14799
14800
14802
14803
14804
14805
14806
14807
14808
14809
14810
14812
14813
14814
14815
14819
14820
14821
14822
14823
14824
14825
14826
14827
14829
14830
14831
14833
14834
14847
14848
14849
14853
14854
14855
14856
14857
14861
14862
14863
14864
14868
14869
14870
14871
14874
14878
14896
14897
14898
14902
14903
14904
14905
14906
14910
14911
14912
14913
14917
14918
14919
14920
14921
14922
14923
14924
14925
14927
14928
14929
14930
14931
14932
14934
14937
14938
14939
14940
14944
14945
14946
14949
14950
14951
14952
14953
14956
14957
14958
14962
14963
14964
14965
14966
14967
14968
14969
14970
14971
14972
14973
14974
14976
14977
14978
14980
14981
14994
14995
14998
14999
15000
15001
15002
15005
15006
15007
15012
15013
15014
15035
15036
15037
15042
15043
15044
15047
15048
15049
15050
15051
15054
15055
15056
15061
15062
15063
15084
15085
15086
15091
15092
15093
15094
15098
15099
15100
15101
15102
15106
15107
15108
15126
15130
15133
15134
15135
15136
15140
15141
15142
15143
15147
15148
15149
15150
15151
15155
15156
15157
15158
15162
15163
15164
15165
15168
15172
15182
15183
15184
15189
15190
15191
15192
15196
15197
15198
15199
15200
15203
15204
15205
15206
15208
15209
15210
15215
15216
15218
15219
15222
15223
15225
15226
15231
15232
15233
15238
15252
15257
15258
15259
15264
15265
15267
15268
15271
15272
15274
15275
15288
15289
15292
15293
15294
15295
15296
15299
15300
15301
15306
15307
15308
15313
15314
15316
15317
15320
15321
15323
15324
15337
15338
15341
15342
15343
15344
15345
15348
15349
15350
15355
15356
15357
15378
15379
15380
15385
15386
15387
15390
15391
15392
15393
15394
15397
15398
15399
15404
15405
15406
15427
15428
15429
15434
15525
15526
15527
15532
15546
15551
15552
15553
15558
15559
15561
15562
15565
15566
15568
15569
15574
15575
15576
15581
15595
15600
15601
15602
16008
16012
16015
16016
16017
16018
16022
16040
16044
16045
16046
16047
16050
16054
16057
16061
16064
16065
16066
16067
16071
16072
16073
16074
16078
16079
16080
16081
16082
16086
16087
16088
16106
16110
16113
16114
16115
16116
16120
16211
16212
16213
16218
16232
16236
16237
16238
16239
16240
16241
16242
16243
16244
16245
16246
16247
16248
16250
16251
16252
16254
16255
16260
16261
16262
16267
16268
16269
16270
16274
16275
16276
16277
16278
16281
16282
16283
16284
16285
16286
16287
16288
16289
16290
16291
16292
16295
16299
16302
16306
16309
16310
16311
16312
16316
16334
16338
16339
16340
16341
16344
16348
16351
16355
16358
16359
16360
16361
16365
16379
16383
16384
16385
16386
16387
16388
16389
16390
16393
16397
16400
16404
16407
16408
16409
16410
16414
16415
16416
16417
16419
16420
16421
16422
16423
16424
16425
16426
16427
16428
16429
16430
16431
16433
16434
16435
16449
16453
16456
16457
16458
16459
16463
16464
16465
16466
16468
16469
16470
16471
16472
16473
16474
16475
16476
16478
16479
16480
16489
16490
16492
16493
16496
16497
16498
16499
16500
16502
16505
16506
16507
16508
16512
16513
16514
16515
16517
16518
16519
16520
16521
16522
16523
16524
16525
16527
16528
16529
16530
16534
16535
16536
16537
16538
16539
16540
16541
16542
16544
16545
16546
16548
16549
16554
16555
16556
16561
16562
16563
16564
16568
16569
16570
16571
16572
16575
16576
16577
16578
16580
16581
16582
16587
16588
16590
16591
16594
16595
16597
16598
16603
16604
16605
16610
16624
16629
16630
16631
16694
16698
16701
16702
16703
16704
16708
16722
16726
16727
16728
16729
16730
16731
16732
16733
16736
16740
16743
16747
16750
16751
16752
16753
16757
16758
16759
16760
16762
16763
16764
16765
16766
16767
16768
16769
16770
16771
16772
16773
16774
16776
16777
16778
16792
16796
16799
16800
16801
16802
16806
16807
16808
16809
16810
16811
16812
16813
16814
16815
16816
16817
16818
16819
16821
16822
16823
16824
16828
16829
16830
16831
16832
16833
16835
16836
16839
16840
16841
16842
16843
16845
16848
16849
16850
16851
16855
16856
16857
16858
16859
16860
16861
16862
16863
16864
16865
16866
16867
16868
16870
16871
16872
16873
16877
16878
16879
16880
16881
16882
16883
16884
16885
16887
16888
16889
16891
16892
16893
16894
16896
16903
16905
16906
16907
16908
16911
16912
16913
16914
16915
16917
16919
16920
16921
16922
16926
16927
16928
16929
16954
16955
16956
16957
16961
16962
16963
16964
16966
16968
16969
16970
16971
16975
16976
16977
16978
16979
16980
16982
16983
16986
16987
16989
16990
17003
17004
17007
17008
17009
17010
17011
17014
17015
17016
17021
17022
17023
17028
17029
17031
17032
17035
17036
17037
17038
17039
17041
17044
17045
17046
17047
17051
17052
17053
17056
17057
17058
17059
17060
17063
17064
17065
17069
17070
17071
17072
17073
17074
17075
17076
17079
17083
17086
17090
17093
17094
17095
17096
17100
17101
17102
17103
17105
17106
17107
17108
17109
17110
17111
17112
17113
17114
17115
17116
17117
17119
17120
17121
17135
17139
17142
17143
17144
17145
17149
17150
17151
17152
17153
17154
17155
17156
17157
17158
17159
17160
17161
17162
17164
17165
17166
17167
17171
17172
17173
17174
17175
17176
17178
17179
17182
17183
17184
17185
17186
17188
17191
17192
17193
17194
17198
17199
17200
17201
17202
17203
17204
17205
17206
17207
17208
17209
17210
17211
17213
17214
17215
17216
17220
17221
17222
17223
17224
17225
17226
17227
17228
17230
17231
17232
17234
17235
17236
17237
17239
17246
17248
17249
17250
17251
17254
17255
17256
17257
17258
17260
17262
17263
17264
17265
17269
17270
17271
17272
17275
17279
17297
17298
17299
17300
17303
17304
17305
17306
17307
17309
17311
17312
17313
17314
17318
17319
17320
17321
17322
17323
17324
17325
17326
17328
17329
17330
17331
17332
17333
17334
17335
17337
17338
17339
17340
17341
17344
17345
17346
17347
17350
17351
17352
17353
17354
17357
17358
17359
17363
17364
17365
17366
17367
17368
17369
17370
17371
17372
17373
17374
17375
17377
17378
17379
17381
17382
17383
17384
17386
17393
17395
17396
17397
17398
17399
17400
17401
17402
17403
17404
17405
17406
17407
17409
17410
17411
17412
17416
17417
17418
17419
17421
17428
17430
17431
17432
17433
17435
17442
17470
17477
17479
17480
17481
17482
17484
17491
17493
17494
17495
17496
17499
17500
17501
17502
17503
17505
17507
17508
17509
17510
17514
17515
17516
17517
17527
17531
17534
17535
17536
17537
17541
17542
17543
17544
17545
17548
17549
17550
17551
17552
17554
17556
17557
17558
17559
17563
17564
17565
17566
17568
17569
17573
17575
17577
17578
17579
17580
17582
17589
17591
17592
17593
17594
17597
17598
17599
17600
17601
17603
17605
17606
17607
17608
17612
17613
17614
17615
17640
17641
17642
17643
17647
17648
17649
17650
17652
17654
17655
17656
17657
17661
17662
17663
17664
17836
17837
17838
17839
17843
17844
17845
17846
17848
17850
17851
17852
17853
17857
17858
17859
17860
17885
17886
17887
17888
17892
17893
17894
17895
17897
17899
17900
17901
17902
17906
17907
17908
17909
17911
17918
17920
17921
17922
17923
17925
17932
17934
17935
17936
17937
17941
17942
17943
17944
17946
17948
17949
17950
17951
17955
17956
17957
17958
17983
17984
17985
17986
17990
17991
17992
17993
17995
17997
17998
17999
18000
18004
18005
18006
18007
18008
18009
18011
18012
18015
18016
18018
18019
18032
18033
18036
18037
18038
18039
18040
18043
18044
18045
18050
18051
18052
18057
18058
18060
18061
18064
18065
18067
18068
18081
18082
18085
18086
18087
18088
18089
18092
18093
18179
18180
18183
18184
18185
18186
18187
18190
18191
18204
18205
18207
18208
18211
18212
18214
18215
18220
18221
18222
18227
18228
18229
18232
18233
18234
18235
18236
18239
18240
18253
18254
18256
18257
18260
18261
18263
18264
18269
18270
18271
18276
18290
18295
18296
18297
18302
18303
18305
18306
18309
18310
18312
18313
18318
18319
18320
18325
18339
18344
18345
18346
18351
18352
18354
18355
18358
18359
18361
18362
18375
18376
18379
18380
18381
18382
18383
18386
18387
18388
18393
18394
18395
18400
18401
18403
18404
18407
18408
18409
18410
18411
18413
18416
18417
18418
18419
18423
18424
18425
18428
18429
18430
18431
18432
18435
18436
18441
18445
18446
18447
18448
18451
18455
18458
18462
18465
18466
18467
18468
18472
18473
18474
18475
18479
18480
18481
18482
18483
18487
18488
18489
18507
18511
18514
18515
18516
18517
18521
18522
18523
18526
18527
18528
18529
18530
18533
18534
18547
18548
18550
18551
18554
18555
18557
18558
18563
18564
18565
18570
18571
18572
18575
18576
18577
18578
18579
18582
18583
18596
18597
18599
18600
18603
18604
18606
18607
18612
18613
18614
18619
18633
18637
18638
18639
18640
18641
18642
18643
18644
18645
18646
18647
18648
18649
18651
18652
18653
18655
18656
18661
18662
18663
18668
18669
18670
18671
18675
18676
18677
18678
18679
18682
18683
18684
18685
18686
18687
18688
18689
18690
18691
18692
18693
18696
18700
18703
18707
18710
18711
18712
18713
18717
18735
18739
18740
18741
18742
18745
18749
18752
18756
18759
18760
18761
18762
18766
18780
18784
18785
18786
18787
18788
18789
18790
18791
18794
18798
18801
18805
18808
18809
18810
18811
18815
18816
18817
18818
18820
18821
18822
18823
18824
18825
18826
18827
18828
18829
18830
18831
18832
18834
18835
18836
18850
18854
18857
18858
18859
18860
18864
18865
18866
18867
18869
18870
18871
18872
18873
18874
18875
18876
18877
18879
18880
18881
18890
18891
18893
18894
18897
18898
18899
18900
18901
18903
18906
18907
18908
18909
18913
18914
18915
18916
18918
18919
18920
18921
18922
18923
18924
18925
18926
18928
18929
18930
18931
18935
18936
18937
18938
18939
18940
18941
18942
18943
18945
18946
18947
18949
18950
18955
18956
18957
18962
18963
18964
18965
18969
18970
18971
18972
18973
18976
18977
18978
18979
18981
18982
18983
18988
18989
18991
18992
18995
18996
18998
18999
19004
19005
19006
19011
19025
19030
19031
19032
19095
19099
19102
19103
19104
19105
19109
19123
19127
19128
19129
19130
19131
19132
19133
19134
19137
19141
19144
19148
19151
19152
19153
19154
19158
19159
19160
19161
19163
19164
19165
19166
19167
19168
19169
19170
19171
19172
19173
19174
19175
19177
19178
19179
19193
19197
19200
19201
19202
19203
19207
19208
19209
19210
19211
19212
19213
19214
19215
19216
19217
19218
19219
19220
19222
19223
19224
19225
19229
19230
19231
19232
19233
19234
19236
19237
19240
19241
19242
19243
19244
19246
19249
19250
19251
19252
19256
19257
19258
19259
19260
19261
19262
19263
19264
19265
19266
19267
19268
19269
19271
19272
19273
19274
19278
19279
19280
19281
19282
19283
19284
19285
19286
19288
19289
19290
19292
19293
19294
19295
19297
19304
19306
19307
19308
19309
19312
19313
19314
19315
19316
19318
19320
19321
19322
19323
19327
19328
19329
19330
19355
19356
19357
19358
19362
19363
19364
19365
19367
19369
19370
19371
19372
19376
19377
19378
19379
19380
19381
19383
19384
19387
19388
19390
19391
19404
19405
19408
19409
19410
19411
19412
19415
19416
19417
19422
19423
19424
19429
19430
19432
19433
19436
19437
19438
19439
19440
19442
19445
19446
19447
19448
19452
19453
19454
19457
19458
19459
19460
19461
19464
19465
19466
19470
19471
19472
19473
19474
19475
19476
19477
19480
19484
19487
19491
19494
19495
19496
19497
19501
19502
19503
19504
19506
19507
19508
19509
19510
19511
19512
19513
19514
19515
19516
19517
19518
19520
19521
19522
19536
19540
19543
19544
19545
19546
19550
19551
19552
19553
19554
19555
19556
19557
19558
19559
19560
19561
19562
19563
19565
19566
19567
19568
19572
19573
19574
19575
19576
19577
19579
19580
19583
19584
19585
19586
19587
19589
19592
19593
19594
19595
19599
19600
19601
19602
19603
19604
19605
19606
19607
19608
19609
19610
19611
19612
19614
19615
19616
19617
19621
19622
19623
19624
19625
19626
19627
19628
19629
19631
19632
19633
19635
19636
19637
19638
19640
19647
19649
19650
19651
19652
19655
19656
19657
19658
19659
19661
19663
19664
19665
19666
19670
19671
19672
19673
19676
19680
19698
19699
19700
19701
19704
19705
19706
19707
19708
19710
19712
19713
19714
19715
19719
19720
19721
19722
19723
19724
19725
19726
19727
19729
19730
19731
19732
19733
19734
19735
19736
19738
19739
19740
19741
19742
19745
19746
19747
19748
19751
19752
19753
19754
19755
19758
19759
19760
19764
19765
19766
19767
19768
19769
19770
19771
19772
19773
19774
19775
19776
19778
19779
19780
19782
19783
19784
19785
19787
19794
19796
19797
19798
19799
19800
19801
19802
19803
19804
19805
19806
19807
19808
19810
19811
19812
19813
19817
19818
19819
19820
19822
19829
19831
19832
19833
19834
19836
19843
19871
19878
19880
19881
19882
19883
19885
19892
19894
19895
19896
19897
19900
19901
19902
19903
19904
19906
19908
19909
19910
19911
19915
19916
19917
19918
19928
19932
19935
19936
19937
19938
19942
19943
19944
19945
19946
19949
19950
19951
19952
19953
19955
19957
19958
19959
19960
19964
19965
19966
19967
19969
19970
19974
19976
19978
19979
19980
19981
19983
19990
19992
19993
19994
19995
19998
19999
20000
20001
20002
20004
20006
20007
20008
20009
20013
20014
20015
20016
20019
20023
20041
20042
20043
20044
20047
20048
20049
20050
20051
20053
20055
20056
20057
20058
20062
20063
20064
20065
20068
20072
20075
20079
20082
20083
20084
20085
20089
20107
20111
20112
20113
20114
20117
20121
20237
20238
20239
20240
20243
20244
20245
20246
20247
20249
20251
20252
20253
20254
20258
20259
20260
20261
20271
20275
20278
20279
20280
20281
20285
20286
20287
20288
20289
20292
20293
20294
20295
20296
20298
20300
20301
20302
20303
20307
20308
20309
20310
20312
20313
20317
20319
20321
20322
20323
20324
20326
20333
20335
20336
20337
20338
20341
20342
20343
20344
20345
20347
20349
20350
20351
20352
20356
20357
20358
20359
20362
20366
20384
20385
20386
20387
20390
20391
20392
20393
20394
20396
20398
20399
20400
20401
20405
20406
20407
20408
20409
20410
20411
20412
20413
20415
20416
20417
20418
20419
20420
20421
20422
20424
20425
20426
20427
20428
20431
20432
20433
20434
20437
20438
20439
20440
20441
20444
20445
20446
20450
20451
20452
20453
20454
20455
20456
20457
20458
20459
20460
20461
20462
20464
20465
20466
20467
20468
20469
20470
20471
20473
20474
20475
20476
20477
20480
20481
20482
20483
20484
20485
20486
20487
20488
20489
20490
20491
20492
20493
20494
20496
20497
20498
20499
20503
20504
20505
20506
20508
20509
20513
20515
20516
20517
20518
20519
20520
20522
20523
20524
20525
20526
20529
20530
20531
20532
20533
20537
20538
20539
20540
20541
20545
20546
20547
20557
20564
20565
20566
20567
20568
20569
20571
20572
20573
20574
20575
20578
20579
20580
20581
20584
20585
20586
20587
20588
20591
20592
20605
20606
20608
20609
20612
20613
20615
20616
20621
20622
20623
20628
20629
20630
20633
20634
20635
20636
20637
20640
20641
20654
20655
20657
20658
20661
20662
20664
20665
20670
20671
20672
20677
20691
20695
20696
20697
20698
20699
20700
20701
20702
20703
20704
20705
20706
20707
20709
20710
20711
20713
20714
20719
20720
20721
20726
20727
20728
20729
20733
20734
20735
20736
20737
20740
20741
20742
20743
20744
20745
20746
20747
20748
20749
20750
20751
20752
20753
20754
20755
20756
20758
20759
20760
20761
20762
20763
20764
20765
20767
20768
20769
20770
20771
20774
20775
20776
20777
20780
20781
20782
20783
20784
20787
20788
20789
20793
20794
20795
20796
20797
20798
20799
20800
20801
20802
20803
20804
20805
20807
20808
20809
20811
20812
20813
20814
20816
20823
20825
20826
20827
20828
20829
20830
20831
20832
20833
20834
20835
20836
20837
20839
20840
20841
20842
20846
20847
20848
20849
20851
20858
20860
20861
20862
20863
20865
20872
20900
20907
20909
20910
20911
20912
20914
20921
20923
20924
20925
20926
20927
20928
20929
20930
20931
20932
20933
20934
20935
20937
20938
20939
20940
20944
20945
20946
20947
20948
20949
20951
20952
20955
20956
20958
20959
20964
20965
20966
20971
20972
20973
20974
20975
20976
20977
20978
20979
20980
20981
20982
20983
20984
20986
20987
20988
20989
20993
20994
20995
20996
20997
20998
21000
21001
21004
21005
21007
21008
21009
21010
21012
21019
21021
21022
21023
21024
21028
21029
21030
21031
21033
21035
21036
21037
21038
21042
21043
21044
21045
21070
21071
21072
21073
21077
21078
21079
21080
21082
21084
21085
21086
21087
21091
21092
21093
21094
21096
21103
21105
21106
21107
21108
21110
21117
21145
21152
21154
21155
21156
21157
21159
21166
21168
21169
21170
21171
21175
21176
21177
21178
21180
21182
21183
21184
21185
21189
21190
21191
21192
21194
21201
21203
21204
21205
21206
21208
21215
21243
21250
21252
21253
21254
21255
21257
21264
21439
21446
21448
21449
21450
21451
21453
21460
21488
21495
21497
21498
21499
21500
21502
21509
21511
21512
21513
21514
21518
21519
21520
21521
21523
21525
21526
21527
21528
21532
21533
21534
21535
21537
21544
21546
21547
21548
21549
21551
21558
21586
21593
21595
21596
21597
21598
21600
21607
21609
21610
21611
21612
21615
21616
21617
21618
21619
21621
21623
21624
21625
21626
21630
21631
21632
21633
21643
21647
21650
21651
21652
21653
21657
21658
21659
21660
21661
21664
21665
21666
21667
21668
21670
21672
21673
21674
21675
21679
21680
21681
21682
21684
21685
21689
21691
21693
21694
21695
21696
21698
21705
21707
21708
21709
21710
21713
21714
21715
21716
21717
21719
21721
21722
21723
21724
21728
21729
21730
21731
21756
21757
21758
21759
21763
21764
21765
21766
21768
21770
21771
21772
21773
21777
21778
21779
21780
21839
21843
21846
21847
21848
21849
21853
21871
21875
21876
21877
21878
21881
21885
21888
21892
21895
21896
21897
21898
21902
21903
21904
21905
21909
21910
21911
21912
21913
21917
21918
21919
21937
21941
21944
21945
21946
21947
21951
21952
21953
21954
21955
21958
21959
21960
21961
21962
21964
21966
21967
21968
21969
21973
21974
21975
21976
21986
21990
21993
21994
21995
21996
22000
22001
22002
22003
22004
22007
22008
22009
22010
22011
22013
22015
22016
22017
22018
22022
22023
22024
22025
22027
22028
22032
22034
22036
22037
22038
22039
22041
22048
22050
22051
22052
22053
22056
22057
22058
22059
22060
22062
22064
22065
22066
22067
22071
22072
22073
22074
22077
22081
22099
22100
22101
22102
22105
22106
22107
22108
22109
22111
22113
22114
22115
22116
22120
22121
22122
22123
22125
22126
22130
22132
22133
22134
22135
22136
22137
22139
22140
22141
22142
22143
22146
22147
22165
22169
22170
22171
22172
22174
22175
22179
22181
22183
22184
22185
22186
22188
22195
22197
22198
22199
22200
22204
22205
22206
22207
22209
22211
22212
22213
22214
22218
22219
22220
22221
22223
22230
22232
22233
22234
22235
22237
22244
22272
22279
22281
22282
22283
22284
22286
22293
22295
22296
22297
22298
22301
22302
22303
22304
22305
22307
22309
22310
22311
22312
22316
22317
22318
22319
22329
22333
22336
22337
22338
22339
22343
22344
22345
22346
22347
22350
22351
22352
22353
22354
22356
22358
22359
22360
22361
22365
22366
22367
22368
22370
22371
22375
22377
22379
22380
22381
22382
22384
22391
22393
22394
22395
22396
22399
22400
22401
22402
22403
22405
22407
22408
22409
22410
22414
22415
22416
22417
22420
22424
22442
22443
22444
22445
22448
22449
22450
22451
22452
22454
22456
22457
22458
22459
22463
22464
22465
22466
22469
22473
22476
22480
22483
22484
22485
22486
22490
22508
22512
22513
22514
22515
22518
22522
22638
22639
22640
22641
22644
22645
22646
22647
22648
22650
22652
22653
22654
22655
22659
22660
22661
22662
22672
22676
22679
22680
22681
22682
22686
22687
22688
22689
22690
22693
22694
22695
22696
22697
22699
22701
22702
22703
22704
22708
22709
22710
22711
22713
22714
22718
22720
22722
22723
22724
22725
22727
22734
22736
22737
22738
22739
22742
22743
22744
22745
22746
22748
22750
22751
22752
22753
22757
22758
22759
22760
22763
22767
22785
22786
22787
22788
22791
22792
22793
22794
22795
22797
22799
22800
22801
22802
22806
22807
22808
22809
22812
22816
22819
22823
22826
22827
22828
22829
22833
22851
22855
22856
22857
22858
22861
22865
22868
22872
22875
22876
22877
22878
22882
22900
22904
22905
22906
22907
22910
22914
22917
22921
22924
22925
22926
22927
22931
22932
22933
22934
22938
22939
22940
22941
22942
22946
22947
22948
22966
22970
22973
22974
22975
22976
22980
23096
23100
23101
23102
23103
23106
23110
23128
23129
23130
23134
23135
23136
23137
23138
23142
23143
23144
23145
23149
23150
23151
23152
23155
23159
23162
23166
23169
23170
23171
23172
23176
23194
23198
23199
23200
23201
23204
23208
24010
24011
24012
24013
24016
24017
24018
24019
24020
24022
24024
24025
24026
24027
24031
24032
24033
24034
24044
24048
24051
24052
24053
24054
24058
24059
24060
24061
24062
24065
24066
24067
24068
24069
24071
24073
24074
24075
24076
24080
24081
24082
24083
24085
24086
24090
24092
24094
24095
24096
24097
24099
24106
24108
24109
24110
24111
24114
24115
24116
24117
24118
24120
24122
24123
24124
24125
24129
24130
24131
24132
24157
24158
24159
24160
24164
24165
24166
24167
24169
24171
24172
24173
24174
24178
24179
24180
24181
24240
24244
24247
24248
24249
24250
24254
24272
24276
24277
24278
24279
24282
24286
24289
24293
24296
24297
24298
24299
24303
24304
24305
24306
24310
24311
24312
24313
24314
24318
24319
24320
24338
24342
24345
24346
24347
24348
24352
24353
24354
24355
24356
24359
24360
24361
24362
24363
24365
24367
24368
24369
24370
24374
24375
24376
24377
24387
24391
24394
24395
24396
24397
24401
24402
24403
24404
24405
24408
24409
24410
24411
24412
24414
24416
24417
24418
24419
24423
24424
24425
24426
24428
24429
24433
24435
24437
24438
24439
24440
24442
24449
24451
24452
24453
24454
24457
24458
24459
24460
24461
24463
24465
24466
24467
24468
24472
24473
24474
24475
24478
24482
24500
24501
24502
24503
24506
24507
24508
24509
24510
24512
24514
24515
24516
24517
24521
24522
24523
24524
24526
24527
24531
24533
24534
24535
24536
24537
24538
24540
24541
24542
24543
24544
24547
24548
24566
24570
24571
24572
24573
24575
24576
24580
24582
24584
24585
24586
24587
24589
24596
24598
24599
24600
24601
24605
24606
24607
24608
24610
24612
24613
24614
24615
24619
24620
24621
24622
24624
24631
24633
24634
24635
24636
24638
24645
24673
24680
24682
24683
24684
24685
24687
24694
24696
24697
24698
24699
24702
24703
24704
24705
24706
24708
24710
24711
24712
24713
24717
24718
24719
24720
24730
24734
24737
24738
24739
24740
24744
24745
24746
24747
24748
24751
24752
24753
24754
24755
24757
24759
24760
24761
24762
24766
24767
24768
24769
24771
24772
24776
24778
24780
24781
24782
24783
24785
24792
24794
24795
24796
24797
24800
24801
24802
24803
24804
24806
24808
24809
24810
24811
24815
24816
24817
24818
24821
24825
24843
24844
24845
24846
24849
24850
24851
24852
24853
24855
24857
24858
24859
24860
24864
24865
24866
24867
24870
24874
24877
24881
24884
24885
24886
24887
24891
24909
24913
24914
24915
24916
24919
24923
25039
25040
25041
25042
25045
25046
25047
25048
25049
25051
25053
25054
25055
25056
25060
25061
25062
25063
25073
25077
25080
25081
25082
25083
25087
25088
25089
25090
25091
25094
25095
25096
25097
25098
25100
25102
25103
25104
25105
25109
25110
25111
25112
25114
25115
25119
25121
25123
25124
25125
25126
25128
25135
25137
25138
25139
25140
25143
25144
25145
25146
25147
25149
25151
25152
25153
25154
25158
25159
25160
25161
25164
25168
25186
25187
25188
25189
25192
25193
25194
25195
25196
25198
25200
25201
25202
25203
25207
25208
25209
25210
25212
25213
25217
25219
25220
25221
25222
25223
25224
25226
25227
25228
25229
25230
25233
25234
25252
25256
25257
25258
25259
25261
25262
25266
25268
25269
25270
25271
25272
25273
25275
25276
25277
25278
25279
25282
25283
25284
25285
25286
25287
25291
25292
25293
25294
25296
25298
25299
25300
25301
25305
25306
25307
25308
25310
25311
25315
25317
25318
25319
25320
25321
25322
25324
25325
25326
25327
25328
25331
25332
25333
25334
25335
25339
25340
25341
25342
25343
25347
25348
25349
25359
25366
25367
25368
25369
25370
25371
25373
25374
25375
25376
25377
25380
25381
25497
25501
25502
25503
25504
25507
25511
25529
25530
25531
25535
25536
25537
25538
25539
25543
25544
25545
25546
25550
25551
25552
25553
25555
25556
25560
25562
25563
25564
25565
25566
25567
25569
25570
25571
25572
25573
25576
25577
25595
25599
25600
25601
25602
25604
25605
25609
25611
25612
25613
25614
25615
25616
25618
25619
25620
25621
25622
25625
25626
25627
25628
25629
25630
25634
25635
25636
25637
25639
25641
25642
25643
25644
25648
25649
25650
25651
25653
25654
25658
25660
25661
25662
25663
25664
25665
25667
25668
25669
25670
25671
25674
25675
25676
25677
25678
25682
25683
25684
25685
25686
25690
25691
25692
25702
25709
25710
25711
25712
25713
25714
25716
25717
25718
25719
25720
25723
25724
25725
25726
25727
25728
25732
25733
25734
25735
25737
25739
25740
25741
25742
25746
25747
25748
25749
25774
25775
25776
25777
25781
25782
25783
25784
25786
25788
25789
25790
25791
25795
25796
25797
25798
25800
25807
25809
25810
25811
25812
25814
25821
25823
25824
25825
25826
25830
25831
25832
25833
25835
25837
25838
25839
25840
25844
25845
25846
25847
25850
25854
25872
25873
25874
25875
25878
25879
25880
25881
25882
25884
25886
25887
25888
25889
25893
25894
25895
25896
25898
25899
25903
25905
25906
25907
25908
25909
25910
25912
25913
25914
25915
25916
25919
25920
25938
25942
25943
25944
25945
25947
25948
25952
25954
25955
25956
25957
25958
25959
25961
25962
25963
25964
25965
25968
25969
25970
25971
25972
25973
25977
25978
25979
25980
25982
25984
25985
25986
25987
25991
25992
25993
25994
25996
25997
26001
26003
26004
26005
26006
26007
26008
26010
26011
26012
26013
26014
26017
26018
26019
26020
26021
26025
26026
26027
26028
26029
26033
26034
26035
26045
26052
26053
26054
26055
26056
26057
26059
26060
26061
26062
26063
26066
26067
26068
26069
26070
26074
26075
26076
26077
26078
26082
26083
26084
26102
26106
26109
26110
26111
26112
26116
26117
26118
26119
26123
26124
26125
26126
26127
26131
26132
26133
26134
26138
26139
26140
26141
26144
26148
26166
26167
26168
26172
26173
26174
26175
26176
26180
26181
26182
26241
26248
26250
26251
26252
26253
26255
26262
26290
26297
26298
26299
26300
26301
26302
26304
26305
26306
26307
26308
26311
26312
26313
26314
26315
26316
26320
26321
26322
26323
26325
26327
26328
26329
26330
26334
26335
26336
26337
26339
26340
26344
26346
26347
26348
26349
26350
26351
26353
26354
26355
26356
26357
26360
26361
26362
26363
26364
26368
26369
26370
26371
26372
26376
26377
26378
26388
26395
26396
26397
26398
26399
26400
26402
26403
26404
26405
26406
26409
26410
27212
27216
27217
27218
27219
27222
27226
27244
27245
27246
27250
27251
27252
27253
27254
27258
27259
27260
27261
27265
27266
27267
27268
27271
27275
27278
27282
27285
27286
27287
27288
27292
27310
27314
27315
27316
27317
27320
27324
27440
27441
27442
27446
27447
27448
27449
27450
27454
27455
27456
27474
27478
27481
27482
27483
27484
27488
27489
27490
27491
27495
27496
27497
27498
27499
27503
27504
27505
27506
27510
27511
27512
27513
27516
27520
27538
27539
27540
27544
27545
27546
27547
27548
27552
27553
27554
27555
27559
27560
27561
27562
27565
27569
27587
27588
27589
27593
27594
27595
27596
27597
27601
27602
27603
27604
27608
27609
27610
27611
27613
27614
27618
27620
27621
27622
27623
27624
27625
27627
27628
27629
27630
27631
27634
27635
27653
27657
27658
27659
27660
27662
27663
27667
27669
27670
27671
27672
27673
27674
27676
27677
27678
27679
27680
27683
27684
27685
27686
27687
27688
27692
27693
27694
27695
27697
27699
27700
27701
27702
27706
27707
27708
27709
27711
27712
27716
27718
27719
27720
27721
27722
27723
27725
27726
27727
27728
27729
27732
27733
27734
27735
27736
27740
27741
27742
27743
27744
27748
27749
27750
27760
27767
27768
27769
27770
27771
27772
27774
27775
27776
27777
27778
27781
27782
27898
27902
27903
27904
27905
27908
27912
27930
27931
27932
27936
27937
27938
27939
27940
27944
27945
27946
27947
27951
27952
27953
27954
27956
27957
27961
27963
27964
27965
27966
27967
27968
27970
27971
27972
27973
27974
27977
27978
27996
28000
28001
28002
28003
28005
28006
28010
28012
28014
28015
28016
28017
28019
28026
28028
28029
28030
28031
28035
28036
28037
28038
28040
28042
28043
28044
28045
28049
28050
28051
28052
28054
28061
28063
28064
28065
28066
28068
28075
28103
28110
28112
28113
28114
28115
28117
28124
28126
28127
28128
28129
28133
28134
28135
28136
28138
28140
28141
28142
28143
28147
28148
28149
28150
28175
28176
28177
28178
28182
28183
28184
28185
28187
28189
28190
28191
28192
28196
28197
28198
28199
28201
28208
28210
28211
28212
28213
28215
28222
28224
28225
28226
28227
28231
28232
28233
28234
28236
28238
28239
28240
28241
28245
28246
28247
28248
28273
28274
28275
28276
28280
28281
28282
28283
28285
28287
28288
28289
28290
28294
28295
28296
28297
28299
28306
28308
28309
28310
28311
28313
28320
28348
28355
28357
28358
28359
28360
28362
28369
28371
28372
28373
28374
28378
28379
28380
28381
28383
28385
28386
28387
28388
28392
28393
28394
28395
28397
28404
28406
28407
28408
28409
28411
28418
28446
28453
28455
28456
28457
28458
28460
28467
28642
28649
28651
28652
28653
28654
28656
28663
28691
28698
28700
28701
28702
28703
28705
28712
28714
28715
28716
28717
28721
28722
28723
28724
28726
28728
28729
28730
28731
28735
28736
28737
28738
28740
28747
28749
28750
28751
28752
28754
28761
28789
28796
28798
28799
28800
28801
28803
28810
28812
28813
28814
28815
28819
28820
28821
28822
28824
28826
28827
28828
28829
28833
28834
28835
28836
28861
28862
28863
28864
28868
28869
28870
28871
28873
28875
28876
28877
28878
28882
28883
28884
28885
28887
28894
28896
28897
28898
28899
28901
28908
28910
28911
28912
28913
28917
28918
28919
28920
28922
28924
28925
28926
28927
28931
28932
28933
28934
28959
28960
28961
28962
28966
28967
28968
28969
28971
28973
28974
28975
28976
28980
28981
28982
28983
29155
29156
29157
29158
29162
29163
29164
29165
29167
29169
29170
29171
29172
29176
29177
29178
29179
29204
29205
29206
29207
29211
29212
29213
29214
29216
29218
29219
29220
29221
29225
29226
29227
29228
29230
29237
29239
29240
29241
29242
29244
29251
29253
29254
29255
29256
29260
29261
29262
29263
29265
29267
29268
29269
29270
29274
29275
29276
29277
29302
29303
29304
29305
29309
29310
29311
29312
29314
29316
29317
29318
29319
29323
29324
29325
29326
29328
29335
29337
29338
29339
29340
29342
29349
29377
29384
29386
29387
29388
29389
29391
29398
29400
29401
29402
29403
29407
29408
29409
29410
29412
29414
29415
29416
29417
29421
29422
29423
29424
29426
29433
29435
29436
29437
29438
29440
29447
29475
29482
29484
29485
29486
29487
29489
29496
29498
29499
29500
29501
29505
29506
29507
29508
29510
29512
29513
29514
29515
29519
29520
29521
29522
29547
29548
29549
29550
29554
29555
29556
29557
29559
29561
29562
29563
29564
29568
29569
29570
29571
29573
29580
29582
29583
29584
29585
29587
29594
29596
29597
29598
29599
29603
29604
29605
29606
29608
29610
29611
29612
29613
29617
29618
29619
29620
29645
29646
29647
29648
29652
29653
29654
29655
29657
29659
29660
29661
29662
29666
29667
29668
29669
29841
29842
29843
29844
29848
29849
29850
29851
29853
29855
29856
29857
29858
29862
29863
29864
29865
29890
29891
29892
29893
29897
29898
29899
29900
29902
29904
29905
29906
29907
29911
29912
29913
29914
29916
29923
29925
29926
29927
29928
29930
29937
29939
29940
29941
29942
29946
29947
29948
29949
29951
29953
29954
29955
29956
29960
29961
29962
29963
29988
29989
29990
29991
29995
29996
29997
29998
30000
30002
30003
30004
30005
30009
30010
30011
30012
30014
30021
30023
30024
30025
30026
30028
30035
30063
30070
30072
30073
30074
30075
30077
30084
30086
30087
30088
30089
30093
30094
30095
30096
30098
30100
30101
30102
30103
30107
30108
30109
30110
30112
30119
30121
30122
30123
30124
30126
30133
30161
30168
30170
30171
30172
30173
30175
30182
30357
30364
30366
30367
30368
30369
30371
30378
30406
30413
30415
30416
30417
30418
30420
30427
30429
30430
30431
30432
30436
30437
30438
30439
30441
30443
30444
30445
30446
30450
30451
30452
30453
30455
30462
30464
30465
30466
30467
30469
30476
30504
30511
30513
30514
30515
30516
30518
30525
30527
30528
30529
30530
30534
30535
30536
30537
30539
30541
30542
30543
30544
30548
30549
30550
30551
30576
30577
30578
30579
30583
30584
30585
30586
30588
30590
30591
30592
30593
30597
30598
30599
30600
30602
30609
30611
30612
30613
30614
30616
30623
30625
30626
30627
30628
30632
30633
30634
30635
30637
30639
30640
30641
30642
30646
30647
30648
30649
30674
30675
30676
30677
30681
30682
30683
30684
30686
30688
30689
30690
30691
30695
30696
30697
30698
30700
30707
30709
30710
30711
30712
30714
30721
30749
30756
30758
30759
30760
30761
30763
30770
30772
30773
30774
30775
30779
30780
30781
30782
30784
30786
30787
30788
30789
30793
30794
30795
30796
30798
30805
30807
30808
30809
30810
30812
30819
30847
30854
30856
30857
30858
30859
30861
30868
31043
31050
31052
31053
31054
31055
31057
31064
31092
31099
31101
31102
31103
31104
31106
31113
31115
31116
31117
31118
31122
31123
31124
31125
31127
31129
31130
31131
31132
31136
31137
31138
31139
31141
31148
31150
31151
31152
31153
31155
31162
31190
31197
31199
31200
31201
31202
31204
31211
32415
32422
32424
32425
32426
32427
32429
32436
32464
32471
32473
32474
32475
32476
32478
32485
32487
32488
32489
32490
32494
32495
32496
32497
32499
32501
32502
32503
32504
32508
32509
32510
32511
32513
32520
32522
32523
32524
32525
32527
32534
32562
32569
32571
32572
32573
32574
32576
32583
32758
32765
32767
32768
32769
32770
32772
32779
32807
32814
32816
32817
32818
32819
32821
32828
32830
32831
32832
32833
32837
32838
32839
32840
32842
32844
32845
32846
32847
32851
32852
32853
32854
32856
32863
32865
32866
32867
32868
32870
32877
32905
32912
32914
32915
32916
32917
32919
32926
32928
32929
32930
32931
32935
32936
32937
32938
32940
32942
32943
32944
32945
32949
32950
32951
32952
32977
32978
32979
32980
32984
32985
32986
32987
32989
32991
32992
32993
32994
32998
32999
33000
33001
33003
33010
33012
33013
33014
33015
33017
33024
33026
33027
33028
33029
33033
33034
33035
33036
33038
33040
33041
33042
33043
33047
33048
33049
33050
33075
33076
33077
33078
33082
33083
33084
33085
33087
33089
33090
33091
33092
33096
33097
33098
33099
33101
33108
33110
33111
33112
33113
33115
33122
33150
33157
33159
33160
33161
33162
33164
33171
33173
33174
33175
33176
33180
33181
33182
33183
33185
33187
33188
33189
33190
33194
33195
33196
33197
33199
33206
33208
33209
33210
33211
33213
33220
33248
33255
33257
33258
33259
33260
33262
33269
33444
33451
33453
33454
33455
33456
33458
33465
33493
33500
33502
33503
33504
33505
33507
33514
33516
33517
33518
33519
33523
33524
33525
33526
33528
33530
33531
33532
33533
33537
33538
33539
33540
33542
33549
33551
33552
33553
33554
33556
33563
33591
33598
33600
33601
33602
33603
33605
33612
33614
33615
33616
33617
33621
33622
33623
33624
33626
33628
33629
33630
33631
33635
33636
33637
33638
33663
33664
33665
33666
33670
33671
33672
33673
33675
33677
33678
33679
33680
33684
33685
33686
33687
33689
33696
33698
33699
33700
33701
33703
33710
33712
33713
33714
33715
33719
33720
33721
33722
33724
33726
33727
33728
33729
33733
33734
33735
33736
33761
33762
33763
33764
33768
33769
33770
33771
33773
33775
33776
33777
33778
33782
33783
33784
33785
33957
33958
33959
33960
33964
33965
33966
33967
33969
33971
33972
33973
33974
33978
33979
33980
33981
34006
34007
34008
34009
34013
34014
34015
34016
34018
34020
34021
34022
34023
34027
34028
34029
34030
34032
34039
34041
34042
34043
34044
34046
34053
34055
34056
34057
34058
34062
34063
34064
34065
34067
34069
34070
34071
34072
34076
34077
34078
34079
34104
34105
34106
34107
34111
34112
34113
34114
34116
34118
34119
34120
34121
34125
34126
34127
34128
34130
34137
34139
34140
34141
34142
34144
34151
34179
34186
34188
34189
34190
34191
34193
34200
34202
34203
34204
34205
34209
34210
34211
34212
34214
34216
34217
34218
34219
34223
34224
34225
34226
34228
34235
34237
34238
34239
34240
34242
34249
34277
34284
34286
34287
34288
34289
34291
34298
34300
34301
34302
34303
34307
34308
34309
34310
34312
34314
34315
34316
34317
34321
34322
34323
34324
34349
34350
34351
34352
34356
34357
34358
34359
34361
34363
34364
34365
34366
34370
34371
34372
34373
34375
34382
34384
34385
34386
34387
34389
34396
34398
34399
34400
34401
34405
34406
34407
34408
34410
34412
34413
34414
34415
34419
34420
34421
34422
34447
34448
34449
34450
34454
34455
34456
34457
34459
34461
34462
34463
34464
34468
34469
34470
34471
34643
34644
34645
34646
34650
34651
34652
34653
34655
34657
34658
34659
34660
34664
34665
34666
34667
34692
34693
34694
34695
34699
34700
34701
34702
34704
34706
34707
34708
34709
34713
34714
34715
34716
34718
34725
34727
34728
34729
34730
34732
34739
34741
34742
34743
34744
34748
34749
34750
34751
34753
34755
34756
34757
34758
34762
34763
34764
34765
34790
34791
34792
34793
34797
34798
34799
34800
34802
34804
34805
34806
34807
34811
34812
34813
34814
36015
36016
36017
36018
36022
36023
36024
36025
36027
36029
36030
36031
36032
36036
36037
36038
36039
36064
36065
36066
36067
36071
36072
36073
36074
36076
36078
36079
36080
36081
36085
36086
36087
36088
36090
36097
36099
36100
36101
36102
36104
36111
36113
36114
36115
36116
36120
36121
36122
36123
36125
36127
36128
36129
36130
36134
36135
36136
36137
36162
36163
36164
36165
36169
36170
36171
36172
36174
36176
36177
36178
36179
36183
36184
36185
36186
36358
36359
36360
36361
36365
36366
36367
36368
36370
36372
36373
36374
36375
36379
36380
36381
36382
36407
36408
36409
36410
36414
36415
36416
36417
36419
36421
36422
36423
36424
36428
36429
36430
36431
36433
36440
36442
36443
36444
36445
36447
36454
36456
36457
36458
36459
36463
36464
36465
36466
36468
36470
36471
36472
36473
36477
36478
36479
36480
36505
36506
36507
36508
36512
36513
36514
36515
36517
36519
36520
36521
36522
36526
36527
36528
36529
36531
36538
36540
36541
36542
36543
36545
36552
36580
36587
36589
36590
36591
36592
36594
36601
36603
36604
36605
36606
36610
36611
36612
36613
36615
36617
36618
36619
36620
36624
36625
36626
36627
36629
36636
36638
36639
36640
36641
36643
36650
36678
36685
36687
36688
36689
36690
36692
36699
36701
36702
36703
36704
36708
36709
36710
36711
36713
36715
36716
36717
36718
36722
36723
36724
36725
36750
36751
36752
36753
36757
36758
36759
36760
36762
36764
36765
36766
36767
36771
36772
36773
36774
36776
36783
36785
36786
36787
36788
36790
36797
36799
36800
36801
36802
36806
36807
36808
36809
36811
36813
36814
36815
36816
36820
36821
36822
36823
36848
36849
36850
36851
36855
36856
36857
36858
36860
36862
36863
36864
36865
36869
36870
36871
36872
37044
37045
37046
37047
37051
37052
37053
37054
37056
37058
37059
37060
37061
37065
37066
37067
37068
37093
37094
37095
37096
37100
37101
37102
37103
37105
37107
37108
37109
37110
37114
37115
37116
37117
37119
37126
37128
37129
37130
37131
37133
37140
37142
37143
37144
37145
37149
37150
37151
37152
37154
37156
37157
37158
37159
37163
37164
37165
37166
37191
37192
37193
37194
37198
37199
37200
37201
37203
37205
37206
37207
37208
37212
37213
37214
37215
37217
37224
37226
37227
37228
37229
37231
37238
37266
37273
37275
37276
37277
37278
37280
37287
37289
37290
37291
37292
37296
37297
37298
37299
37301
37303
37304
37305
37306
37310
37311
37312
37313
37315
37322
37324
37325
37326
37327
37329
37336
37364
37371
37373
37374
37375
37376
37378
37385
37560
37567
37569
37570
37571
37572
37574
37581
37609
37616
37618
37619
37620
37621
37623
37630
37632
37633
37634
37635
37639
37640
37641
37642
37644
37646
37647
37648
37649
37653
37654
37655
37656
37658
37665
37667
37668
37669
37670
37672
37679
37707
37714
37716
37717
37718
37719
37721
37728
37730
37731
37732
37733
37737
37738
37739
37740
37742
37744
37745
37746
37747
37751
37752
37753
37754
37779
37780
37781
37782
37786
37787
37788
37789
37791
37793
37794
37795
37796
37800
37801
37802
37803
37805
37812
37814
37815
37816
37817
37819
37826
37828
37829
37830
37831
37835
37836
37837
37838
37840
37842
37843
37844
37845
37849
37850
37851
37852
37877
37878
37879
37880
37884
37885
37886
37887
37889
37891
37892
37893
37894
37898
37899
37900
37901
37903
37910
37912
37913
37914
37915
37917
37924
37952
37959
37961
37962
37963
37964
37966
37973
37975
37976
37977
37978
37982
37983
37984
37985
37987
37989
37990
37991
37992
37996
37997
37998
37999
38001
38008
38010
38011
38012
38013
38015
38022
38050
38057
38059
38060
38061
38062
38064
38071
38246
38253
38255
38256
38257
38258
38260
38267
38295
38302
38304
38305
38306
38307
38309
38316
38318
38319
38320
38321
38325
38326
38327
38328
38330
38332
38333
38334
38335
38339
38340
38341
38342
38344
38351
38353
38354
38355
38356
38358
38365
38393
38400
38402
38403
38404
38405
38407
38414
38416
38417
38418
38419
38423
38424
38425
38426
38428
38430
38431
38432
38433
38437
38438
38439
38440
38465
38466
38467
38468
38472
38473
38474
38475
38477
38479
38480
38481
38482
38486
38487
38488
38489
38491
38498
38500
38501
38502
38503
38505
38512
38514
38515
38516
38517
38521
38522
38523
38524
38526
38528
38529
38530
38531
38535
38536
38537
38538
38563
38564
38565
38566
38570
38571
38572
38573
38575
38577
38578
38579
38580
38584
38585
38586
38587
38759
38760
38761
38762
38766
38767
38768
38769
38771
38773
38774
38775
38776
38780
38781
38782
38783
38808
38809
38810
38811
38815
38816
38817
38818
38820
38822
38823
38824
38825
38829
38830
38831
38832
38834
38841
38843
38844
38845
38846
38848
38855
38857
38858
38859
38860
38864
38865
38866
38867
38869
38871
38872
38873
38874
38878
38879
38880
38881
38906
38907
38908
38909
38913
38914
38915
38916
38918
38920
38921
38922
38923
38927
38928
38929
38930
38932
38939
38941
38942
38943
38944
38946
38953
38981
38988
38990
38991
38992
38993
38995
39002
39004
39005
39006
39007
39011
39012
39013
39014
39016
39018
39019
39020
39021
39025
39026
39027
39028
39030
39037
39039
39040
39041
39042
39044
39051
39079
39086
39088
39089
39090
39091
39093
39100
39102
39103
39104
39105
39109
39110
39111
39112
39114
39116
39117
39118
39119
39123
39124
39125
39126
39151
39152
39153
39154
39158
39159
39160
39161
39163
39165
39166
39167
39168
39172
39173
39174
39175
39177
39184
39186
39187
39188
39189
39191
39198
39200
39201
39202
39203
39207
39208
39209
39210
39212
39214
39215
39216
39217
39221
39222
39223
39224
39249
39250
39251
39252
39256
39257
39258
39259
39261
39263
39264
39265
39266
39270
39271
39272
39273
39445
39446
39447
39448
39452
39453
39454
39455
39457
39459
39460
39461
39462
39466
39467
39468
39469
39494
39495
39496
39497
39501
39502
39503
39504
39506
39508
39509
39510
39511
39515
39516
39517
39518
39520
39527
39529
39530
39531
39532
39534
39541
39543
39544
39545
39546
39550
39551
39552
39553
39555
39557
39558
39559
39560
39564
39565
39566
39567
39592
39593
39594
39595
39599
39600
39601
39602
39604
39606
39607
39608
39609
39613
39614
39615
39616
40817
40818
40819
40820
40824
40825
40826
40827
40829
40831
40832
40833
40834
40838
40839
40840
40841
40866
40867
40868
40869
40873
40874
40875
40876
40878
40880
40881
40882
40883
40887
40888
40889
40890
40892
40899
40901
40902
40903
40904
40906
40913
40915
40916
40917
40918
40922
40923
40924
40925
40927
40929
40930
40931
40932
40936
40937
40938
40939
40964
40965
40966
40967
40971
40972
40973
40974
40976
40978
40979
40980
40981
40985
40986
40987
40988
41160
41161
41162
41163
41167
41168
41169
41170
41172
41174
41175
41176
41177
41181
41182
41183
41184
41209
41210
41211
41212
41216
41217
41218
41219
41221
41223
41224
41225
41226
41230
41231
41232
41233
41235
41242
41244
41245
41246
41247
41249
41256
41258
41259
41260
41261
41265
41266
41267
41268
41270
41272
41273
41274
41275
41279
41280
41281
41282
41307
41308
41309
41310
41314
41315
41316
41317
41319
41321
41322
41323
41324
41328
41329
41330
41331
41333
41340
41342
41343
41344
41345
41347
41354
41382
41389
41391
41392
41393
41394
41396
41403
41405
41406
41407
41408
41412
41413
41414
41415
41417
41419
41420
41421
41422
41426
41427
41428
41429
41431
41438
41440
41441
41442
41443
41445
41452
41480
41487
41489
41490
41491
41492
41494
41501
41503
41504
41505
41506
41510
41511
41512
41513
41515
41517
41518
41519
41520
41524
41525
41526
41527
41552
41553
41554
41555
41559
41560
41561
41562
41564
41566
41567
41568
41569
41573
41574
41575
41576
41578
41585
41587
41588
41589
41590
41592
41599
41601
41602
41603
41604
41608
41609
41610
41611
41613
41615
41616
41617
41618
41622
41623
41624
41625
41650
41651
41652
41653
41657
41658
41659
41660
41662
41664
41665
41666
41667
41671
41672
41673
41674
41846
41847
41848
41849
41853
41854
41855
41856
41858
41860
41861
41862
41863
41867
41868
41869
41870
41895
41896
41897
41898
41902
41903
41904
41905
41907
41909
41910
41911
41912
41916
41917
41918
41919
41921
41928
41930
41931
41932
41933
41935
41942
41944
41945
41946
41947
41951
41952
41953
41954
41956
41958
41959
41960
41961
41965
41966
41967
41968
41993
41994
41995
41996
42000
42001
42002
42003
42005
42007
42008
42009
42010
42014
42015
42016
42017
