2
4
7
8
9
11
14
15
16
18
22
23
25
28
29
30
32
36
37
39
43
44
46
49
50
51
53
56
57
58
60
63
64
65
67
71
72
74
77
78
79
81
85
86
88
92
93
95
98
99
100
102
105
106
107
109
112
113
114
116
120
121
123
126
127
128
130
134
135
137
142
144
148
149
151
154
155
156
158
161
162
163
165
169
170
172
175
176
177
179
183
184
186
190
191
193
196
197
198
200
203
204
205
207
210
211
212
214
219
221
224
225
226
228
235
239
240
242
249
252
254
256
259
260
261
267
268
270
273
274
275
277
281
282
284
288
289
291
301
302
305
308
310
312
316
317
319
322
324
326
330
333
338
343
344
345
347
350
351
352
354
357
358
359
361
365
366
368
371
372
373
375
379
380
382
386
387
389
392
393
394
396
399
400
401
403
406
407
408
410
414
415
417
420
421
422
424
428
431
438
441
442
443
445
448
449
450
452
455
456
457
459
469
470
471
473
477
478
480
484
485
487
497
498
499
504
505
506
508
518
534
539
540
541
543
546
547
548
550
553
554
555
557
562
564
567
568
569
571
575
578
582
583
595
597
602
603
604
610
611
613
616
617
620
624
625
627
632
641
644
645
648
651
652
653
659
665
669
686
687
688
690
693
694
695
697
700
701
702
704
708
709
711
714
715
716
718
725
735
736
737
739
742
743
744
746
749
750
751
753
763
764
765
767
772
774
778
779
784
785
786
788
791
792
793
795
798
799
800
802
812
813
814
816
821
823
828
876
879
882
883
884
886
889
890
891
893
896
897
898
900
905
907
910
911
912
914
945
946
947
956
959
960
963
968
970
975
994
995
996
1068
1073
1078
1079
1080
1089
1092
1106
1107
1201
1204
1205
1206
1208
1213
1215
1220
1225
1226
1227
1229
1232
1233
1234
1239
1240
1241
1247
1250
1253
1254
1255
1257
1264
1288
1289
1290
1299
1302
1303
1304
1306
1311
1313
1318
1337
1338
1339
1372
1373
1374
1376
1379
1380
1381
1383
1386
1387
1388
1390
1397
1400
1401
1402
1404
1411
1421
1422
1423
1425
1428
1429
1430
1432
1435
1436
1437
1439
1449
1450
1451
1453
1470
1471
1472
1474
1477
1478
1479
1481
1484
1485
1486
1488
1498
1499
1500
1502
1544
1547
1548
1549
1551
1556
1558
1563
1568
1569
1570
1572
1575
1576
1577
1579
1582
1583
1584
1586
1593
1596
1597
1598
1600
1607
1642
1645
1646
1647
1649
1656
1887
1890
1891
1892
1894
1901
1911
1912
1913
1915
1918
1919
1920
1925
1926
1927
1936
1939
1940
1941
1943
1950
1985
1988
1989
1990
1992
1999
2401
2402
2403
2405
2408
2409
2410
2412
2415
2416
2417
2419
2426
2429
2430
2431
2433
2440
2450
2451
2452
2454
2457
2458
2459
2461
2464
2465
2466
2468
2478
2479
2480
2482
2487
2489
2494
2499
2500
2501
2503
2506
2507
2508
2510
2513
2514
2515
2517
2527
2528
2529
2531
2573
2576
2577
2578
2580
2587
2597
2598
2599
2601
2604
2605
2606
2608
2611
2612
2613
2615
2622
2625
2626
2627
2629
2636
2671
2674
2675
2676
2678
2685
2744
2745
2746
2748
2751
2752
2753
2755
2758
2759
2760
2762
2769
2772
2773
2774
2776
2783
2793
2794
2795
2797
2800
2801
2802
2804
2807
2808
2809
2811
2821
2822
2823
2825
2842
2843
2844
2846
2849
2850
2851
2853
2856
2857
2858
2860
2870
2871
2872
2874
2940
2941
2942
2944
2947
2948
2949
2951
2954
2955
2956
2958
2968
2969
2970
2972
3087
3088
3089
3091
3094
3095
3096
3098
3101
3102
3103
3105
3112
3115
3116
3117
3119
3126
3136
3137
3138
3140
3143
3144
3145
3147
3150
3151
3152
3154
3164
3165
3166
3168
3185
3186
3187
3189
3192
3193
3194
3196
3199
3200
3201
3203
3213
3214
3215
3217
3283
3284
3285
3287
3290
3291
3292
3294
3297
3298
3299
3301
3311
3312
3313
3315
3773
3774
3775
3777
3780
3781
3782
3784
3787
3788
3789
3791
3801
3802
3803
3805
3822
3823
3824
3826
3829
3830
3831
3833
3836
3837
3838
3840
3850
3851
3852
3854
3871
3872
3873
3875
3878
3879
3880
3882
3885
3886
3887
3889
3899
3900
3901
3903
3969
3970
3971
3973
3976
3977
3978
3980
3983
3984
3985
3987
3997
3998
3999
4001
4802
4803
4804
4806
4809
4810
4811
4813
4816
4817
4818
4820
4827
4830
4831
4832
4834
4841
4851
4852
4853
4855
4858
4859
4860
4862
4865
4866
4867
4869
4879
4880
4881
4883
4900
4901
4902
4904
4907
4908
4909
4911
4914
4915
4916
4918
4928
4929
4930
4932
4974
4977
4978
4979
4981
4988
4998
4999
5000
5002
5005
5006
5007
5009
5012
5013
5014
5016
5026
5027
5028
5030
5145
5146
5147
5149
5152
5153
5154
5156
5159
5160
5161
5163
5173
5174
5175
5177
5194
5195
5196
5198
5201
5202
5203
5205
5208
5209
5210
5212
5222
5223
5224
5226
5243
5244
5245
5247
5250
5251
5252
5254
5257
5258
5259
5261
5271
5272
5273
5275
5341
5342
5343
5345
5348
5349
5350
5352
5355
5356
5357
5359
5369
5370
5371
5373
5488
5489
5490
5492
5495
5496
5497
5499
5502
5503
5504
5506
5516
5517
5518
5520
5537
5538
5539
5541
5544
5545
5546
5548
5551
5552
5553
5555
5565
5566
5567
5569
5586
5587
5588
5590
5593
5594
5595
5597
5600
5601
5602
5604
5614
5615
5616
5618
5684
5685
5686
5688
5691
5692
5693
5695
5698
5699
5700
5702
5712
5713
5714
5716
6174
6175
6176
6178
6181
6182
6183
6185
6188
6189
6190
6192
6202
6203
6204
6206
6223
6224
6225
6227
6230
6231
6232
6234
6237
6238
6239
6241
6251
6252
6253
6255
6272
6273
6274
6276
6279
6280
6281
6283
6286
6287
6288
6290
6300
6301
6302
6304
6370
6371
6372
6374
6377
6378
6379
6381
6384
6385
6386
6388
6398
6399
6400
6402
9604
9605
9606
9608
9611
9612
9613
9615
9618
9619
9620
9622
9632
9633
9634
9636
9653
9654
9655
9657
9660
9661
9662
9664
9667
9668
9669
9671
9681
9682
9683
9685
9702
9703
9704
9706
9709
9710
9711
9713
9716
9717
9718
9720
9730
9731
9732
9734
9800
9801
9802
9804
9807
9808
9809
9811
9814
9815
9816
9818
9828
9829
9830
9832
9947
9948
9949
9951
9954
9955
9956
9958
9961
9962
9963
9965
9975
9976
9977
9979
9996
9997
9998
10000
