2
3
4
5
6
7
8
9
10
11
12
13
14
15
16
17
18
19
20
21
22
23
24
25
26
27
28
29
30
31
32
33
34
35
36
38
39
40
42
43
44
45
46
47
48
49
50
51
52
53
55
56
57
58
59
62
63
64
65
66
69
70
71
72
74
77
78
84
86
88
91
92
93
96
97
98
99
100
101
104
105
106
107
108
109
112
113
114
118
125
126
127
129
132
138
139
140
141
142
144
145
146
147
148
151
152
153
154
155
156
160
161
165
167
168
170
172
174
175
176
177
179
180
182
183
184
187
188
189
190
193
194
195
196
197
200
201
203
204
206
210
211
221
224
225
226
228
234
241
242
243
245
246
252
253
258
260
264
265
267
269
273
274
278
280
281
292
294
295
299
300
301
302
305
308
309
312
314
316
318
320
321
324
327
328
329
330
336
337
343
344
345
347
349
350
351
352
353
354
355
356
357
358
359
363
364
368
369
370
371
372
374
375
383
385
386
387
390
392
393
394
396
398
399
400
401
402
406
407
408
409
412
413
414
422
430
437
438
441
442
443
448
449
450
455
456
457
458
461
462
463
468
475
479
482
483
484
485
486
487
490
491
494
497
498
500
516
539
540
546
549
602
615
618
686
687
688
693
694
695
700
701
702
706
735
736
737
742
743
744
749
750
751
755
784
785
786
791
792
793
798
799
800
804
811
818
825
826
827
828
860
867
874
875
876
877
909
916
923
924
925
926
958
964
965
966
967
972
973
974
975
980
981
982
986
987
988
989
994
995
996
1000
1006
1007
1013
1015
1016
1098
1104
1105
1118
1120
1121
1125
1140
1147
1153
1154
1201
1204
1205
1208
1225
1226
1229
1232
1233
1235
1238
1250
1253
1254
1257
1258
1260
1261
1263
1270
1271
1274
1275
1280
1281
1282
1287
1307
1309
1310
1323
1324
1329
1330
1331
1343
1349
1350
1356
1358
1359
1372
1373
1376
1379
1380
1382
1397
1400
1401
1404
1421
1422
1425
1428
1429
1431
1438
1442
1443
1544
1547
1548
1551
1568
1569
1572
1575
1576
1578
1593
1596
1597
1600
1606
1613
1614
1634
1638
1639
1655
1662
1663
1683
1687
1688
1691
1694
1695
1698
1924
1944
1946
1947
1960
1961
1966
1967
1968
1973
2401
2402
2403
2405
2408
2409
2410
2411
2415
2416
2417
2421
2426
2429
2430
2433
2450
2451
2452
2454
2457
2458
2459
2460
2464
2465
2466
2467
2470
2471
2472
2499
2500
2501
2506
2507
2508
2513
2514
2515
2519
2526
2533
2540
2541
2542
2543
2744
2745
2746
2751
2752
2753
2758
2759
2760
2764
2793
2794
2795
2800
2801
2802
2807
2808
2809
2813
2842
2843
2844
2849
2850
2851
2856
2857
2858
2862
2869
2876
2883
2884
2885
2886
3087
3088
3089
3094
3095
3096
3101
3102
3103
3107
3136
3137
3138
3143
3144
3145
3150
3151
3152
3156
3185
3186
3187
3192
3193
3194
3199
3200
3201
3205
3212
3219
3226
3227
3228
3229
3261
3268
3275
3276
3277
3278
3310
3317
3324
3325
3326
3327
3359
3366
3373
3374
3375
3376
3381
3382
3383
3388
3389
3390
3395
3396
3397
3401
4802
4803
4804
4809
4810
4811
4816
4817
4818
4822
4851
4852
4853
4858
4859
4860
4865
4866
4867
4871
4900
4901
4902
4907
4908
4909
4914
4915
4916
4920
4927
4934
4941
4942
4943
4944
