2
3
4
5
6
7
8
9
10
11
12
13
14
15
16
17
18
19
20
21
22
23
24
25
26
27
28
29
30
31
32
33
34
35
36
37
38
39
40
41
42
43
44
45
46
47
48
49
50
51
52
53
54
55
56
57
58
59
60
61
62
63
64
65
66
67
68
69
70
71
72
73
74
75
76
77
78
79
80
81
82
83
84
85
86
87
88
89
90
91
92
93
94
95
96
97
98
99
100
101
102
103
104
105
106
107
108
109
110
111
112
113
114
115
116
117
118
119
120
121
122
123
124
125
126
127
128
129
130
131
132
133
134
135
136
137
138
139
140
141
142
143
144
145
147
148
149
150
151
152
153
154
155
156
157
158
159
161
162
163
164
165
166
168
169
170
171
172
173
174
175
176
177
178
179
181
182
183
184
185
187
188
189
190
191
192
193
194
196
197
199
200
201
202
203
204
205
206
207
208
209
210
211
212
213
214
215
216
217
218
219
220
221
222
224
225
226
227
228
229
230
231
232
233
234
235
236
237
238
239
240
241
242
243
244
245
246
247
248
249
250
251
252
253
254
255
256
257
258
262
263
264
265
266
267
268
269
271
273
274
275
276
277
278
279
280
281
283
284
285
286
287
288
290
291
292
293
294
295
296
297
298
299
300
301
302
303
305
306
307
308
309
310
311
312
315
316
317
318
319
320
321
322
323
324
325
326
327
328
329
330
332
333
334
335
336
337
338
339
340
341
342
343
344
345
346
347
348
349
350
351
352
353
354
355
356
357
358
359
360
361
362
364
365
366
367
368
369
371
372
373
374
375
376
377
378
379
381
382
383
384
385
386
388
389
390
391
392
393
394
395
396
397
398
399
400
401
402
403
404
405
406
407
408
409
410
411
413
414
415
416
418
420
421
423
424
425
426
427
428
429
430
431
432
433
434
435
436
437
438
439
440
441
442
443
444
447
448
449
450
451
452
453
454
455
456
457
458
459
460
462
463
464
465
467
469
470
471
472
473
476
477
478
479
480
481
482
483
485
486
487
488
490
491
492
493
496
497
498
499
500
501
502
503
504
505
506
507
508
509
510
511
512
513
514
515
516
518
519
521
522
523
525
526
527
528
529
530
534
535
536
537
539
540
543
544
545
546
547
549
550
551
552
556
557
558
559
560
561
564
565
567
568
571
572
573
574
575
576
577
578
579
580
581
582
583
584
585
586
587
588
589
590
591
592
593
594
595
596
597
598
599
600
601
602
603
605
606
607
609
610
611
612
614
616
617
620
621
622
623
624
627
628
629
630
631
634
635
636
637
638
639
641
642
643
644
645
648
649
650
651
652
658
659
660
661
663
665
666
667
668
669
670
671
672
673
674
675
676
677
678
679
680
681
682
683
684
685
686
687
688
689
692
693
694
695
696
698
699
700
701
702
707
708
709
710
720
724
727
728
729
734
735
736
737
738
741
742
743
744
745
747
748
749
750
751
752
756
757
758
759
761
762
763
764
765
766
767
768
769
770
771
773
774
776
777
778
783
784
785
786
790
791
792
793
794
795
796
797
798
799
800
801
802
803
805
806
808
810
812
813
815
816
817
819
820
822
823
824
829
830
831
833
834
840
841
864
865
868
869
871
872
873
876
877
878
879
880
882
883
889
890
891
892
893
894
896
898
899
900
901
903
904
905
908
910
911
931
932
938
939
941
942
943
945
946
948
949
950
952
953
954
955
957
959
960
964
966
967
994
995
1001
1002
1003
1004
1006
1013
1015
1016
1017
1018
1020
1024
1025
1027
1029
1030
1031
1032
1036
1037
1038
1039
1041
1043
1044
1050
1051
1052
1053
1078
1079
1080
1081
1085
1086
1087
1088
1090
1092
1093
1099
1100
1101
1102
1104
1111
1113
1114
1115
1116
1118
1122
1123
1125
1127
1128
1129
1130
1134
1135
1136
1137
1139
1164
1165
1167
1171
1172
1174
1176
1177
1178
1179
1183
1184
1185
1186
1188
1190
1191
1197
1198
1199
1200
1201
1202
1204
1205
1208
1211
1212
1225
1226
1229
1230
1231
1232
1236
1237
1238
1243
1244
1245
1247
1250
1372
1373
1376
1377
1378
1379
1380
1383
1384
1385
1400
1401
1404
1405
1406
1407
1408
1411
1412
1413
1414
1415
1418
1419
1420
1421
1422
1425
1426
1427
1428
1429
1432
1433
1434
1449
1450
1453
1454
1455
1456
1457
1460
1461
1462
1463
1464
1467
1468
1469
1568
1569
1572
1573
1574
1575
1576
1579
1580
1581
1596
1597
1600
1601
1602
1603
1604
1606
1607
1608
1609
1610
1611
1614
1615
1616
1617
1618
1621
1622
1623
1624
1625
1628
1629
1630
1634
1638
1639
1640
1641
1645
1646
1647
1648
1649
1650
1651
1652
1653
1655
1656
1657
1658
1659
1660
1663
1664
1665
1666
1667
1670
1671
1672
1673
1674
1677
1678
1679
1694
1695
1698
1699
1700
1701
1702
1705
1706
1707
1708
1709
1712
1713
1714
1715
1716
1719
1720
1721
1722
1723
1726
1727
1728
1743
1744
1747
1748
1749
1750
1751
1754
1755
1756
1757
1758
1761
1762
1763
1764
1765
1768
1769
1770
1771
1772
1775
1776
1777
1792
1793
1796
1797
1798
1799
1800
1803
1804
1805
1806
1807
1810
1811
1812
1911
1912
1915
1916
1917
1918
1919
1921
1922
1923
1924
1928
1929
1930
1932
1933
1937
1939
1940
1943
1944
1945
1946
1947
1950
1951
1952
1953
1954
1957
1958
1959
1960
1961
1964
1965
1966
1967
1968
1970
1971
1972
1973
1977
1978
1979
1981
1982
1986
1988
1989
1991
1992
1993
1994
1995
1996
1998
1999
2000
2001
2002
2003
2006
2007
2008
2009
2010
2013
2014
2015
2016
2017
2020
2021
2022
2037
2038
2041
2042
2043
2044
2045
2048
2049
2050
2051
2052
2055
2056
2057
2058
2059
2062
2063
2064
2065
2066
2069
2070
2071
2086
2087
2090
2091
2092
2093
2094
2097
2098
2099
2100
2101
2104
2105
2106
2107
2108
2111
2112
2113
2114
2115
2118
2119
2120
2135
2136
2139
2140
2141
2142
2143
2146
2147
2148
2149
2150
2153
2154
2155
2254
2255
2258
2259
2260
2261
2262
2265
2266
2267
2282
2283
2286
2287
2288
2289
2290
2293
2294
2295
2296
2297
2300
2301
2302
2303
2304
2307
2308
2309
2310
2311
2314
2315
2316
2331
2332
2335
2336
2337
2338
2339
2342
2343
2344
2345
2346
2349
2350
2351
2352
2353
2356
2357
2358
2359
2360
2363
2364
2365
2380
2381
2384
2385
2386
2387
2388
2391
2392
2393
2394
2395
2398
2399
2400
2401
2402
2403
2404
2405
2406
2407
2408
2409
2410
2411
2412
2413
2414
2415
2416
2422
2423
2424
2425
2429
2430
2433
2434
2435
2436
2437
2440
2441
2442
2443
2444
2447
2448
2449
2450
2451
2452
2453
2454
2455
2456
2457
2458
2459
2460
2461
2462
2463
2464
2465
2471
2472
2473
2474
2476
2478
2479
2482
2483
2484
2485
2486
2487
2488
2489
2490
2491
2492
2493
2494
2495
2496
2497
2498
2499
2500
2597
2598
2601
2602
2603
2604
2605
2608
2609
2610
2625
2626
2629
2630
2631
2632
2633
2636
2637
2638
2639
2640
2643
2644
2645
2646
2647
2650
2651
2652
2653
2654
2657
2658
2659
2674
2675
2678
2679
2680
2681
2682
2685
2686
2687
2688
2689
2692
2693
2694
2695
2696
2699
2700
2701
2702
2703
2706
2707
2708
2723
2724
2727
2728
2729
2730
2731
2734
2735
2736
2737
2738
2741
2742
2743
2744
2745
2748
2749
2750
2751
2752
2755
2756
2757
2772
2773
2776
2777
2778
2779
2780
2783
2784
2785
2786
2787
2790
2791
2792
2793
2794
2797
2798
2799
2800
2801
2804
2805
2806
2821
2822
2825
2826
2827
2828
2829
2832
2833
2834
2835
2836
2839
2840
2841
2940
2941
2944
2945
2946
2947
2948
2951
2952
2953
2968
2969
2972
2973
2974
2975
2976
2979
2980
2981
2982
2983
2986
2987
2988
2989
2990
2993
2994
2995
2996
2997
3000
3001
3002
3017
3018
3021
3022
3023
3024
3025
3028
3029
3030
3031
3032
3035
3036
3037
3038
3039
3042
3043
3044
3045
3046
3049
3050
3051
3066
3067
3070
3071
3072
3073
3074
3077
3078
3079
3080
3081
3084
3085
3086
3773
3774
3777
3778
3779
3780
3781
3784
3785
3786
3801
3802
3805
3806
3807
3808
3809
3812
3813
3814
3815
3816
3819
3820
3821
3822
3823
3826
3827
3828
3829
3830
3833
3834
3835
3850
3851
3854
3855
3856
3857
3858
3861
3862
3863
3864
3865
3868
3869
3870
3969
3970
3973
3974
3975
3976
3977
3980
3981
3982
3997
3998
4001
4002
4003
4004
4005
4008
4009
4010
4011
4012
4015
4016
4017
4018
4019
4022
4023
4024
4025
4026
4029
4030
4031
4046
4047
4050
4051
4052
4053
4054
4057
4058
4059
4060
4061
4064
4065
4066
4067
4068
4071
4072
4073
4074
4075
4078
4079
4080
4095
4096
4099
4100
4101
4102
4103
4106
4107
4108
4109
4110
4113
4114
4115
4116
4117
4120
4121
4122
4123
4124
4127
4128
4129
4144
4145
4148
4149
4150
4151
4152
4155
4156
4157
4158
4159
4162
4163
4164
4165
4166
4169
4170
4171
4172
4173
4176
4177
4178
4193
4194
4197
4198
4199
4200
4201
4204
4205
4206
4207
4208
4211
4212
4213
4312
4313
4316
4317
4318
4319
4320
4323
4324
4325
4340
4341
4344
4345
4346
4347
4348
4351
4352
4353
4354
4355
4358
4359
4360
4361
4362
4365
4366
4367
4368
4369
4372
4373
4374
4389
4390
4393
4394
4395
4396
4397
4400
4401
4402
4403
4404
4407
4408
4409
4410
4411
4414
4415
4416
4417
4418
4421
4422
4423
4438
4439
4442
4443
4444
4445
4446
4449
4450
4451
4452
4453
4456
4457
4458
4459
4460
4463
4464
4465
4466
4467
4470
4471
4472
4487
4488
4491
4492
4493
4494
4495
4498
4499
4500
4501
4502
4505
4506
4507
4508
4509
4512
4513
4514
4515
4516
4519
4520
4521
4536
4537
4540
4541
4542
4543
4544
4547
4548
4549
4550
4551
4554
4555
4556
4655
4656
4659
4660
4661
4662
4663
4666
4667
4668
4683
4684
4687
4688
4689
4690
4691
4694
4695
4696
4697
4698
4701
4702
4703
4704
4705
4708
4709
4710
4711
4712
4715
4716
4717
4732
4733
4736
4737
4738
4739
4740
4743
4744
4745
4746
4747
4750
4751
4752
4753
4754
4757
4758
4759
4760
4761
4764
4765
4766
4781
4782
4785
4786
4787
4788
4789
4792
4793
4794
4795
4796
4799
4800
4801
9604
9605
9608
9609
9610
9611
9612
9615
9616
9617
9632
9633
9636
9637
9638
9639
9640
9643
9644
9645
9646
9647
9650
9651
9652
9653
9654
9657
9658
9659
9660
9661
9664
9665
9666
9681
9682
9685
9686
9687
9688
9689
9692
9693
9694
9695
9696
9699
9700
9701
9800
9801
9804
9805
9806
9807
9808
9811
9812
9813
9828
9829
9832
9833
9834
9835
9836
9839
9840
9841
9842
9843
9846
9847
9848
9849
9850
9853
9854
9855
9856
9857
9860
9861
9862
9877
9878
9881
9882
9883
9884
9885
9888
9889
9890
9891
9892
9895
9896
9897
9898
9899
9902
9903
9904
9905
9906
9909
9910
9911
9926
9927
9930
9931
9932
9933
9934
9937
9938
9939
9940
9941
9944
9945
9946
9947
9948
9951
9952
9953
9954
9955
9958
9959
9960
9975
9976
9979
9980
9981
9982
9983
9986
9987
9988
9989
9990
9993
9994
9995
9996
9997
10000
