7
8
43
44
49
50
56
57
60
67
295
298
301
337
343
344
350
351
392
393
399
400
403
410
420
421
469
470
480
1789
1838
2080
2086
2087
2101
2107
2108
2150
2401
2402
2408
2409
2444
2450
2451
2457
2458
2461
2468
2744
2745
2751
2752
2793
2794
2800
2801
2804
2811
2821
2822
2870
2871
2881
2940
2941
2947
2948
3283
3284
3290
3291
3294
3301
3343
3350
3360
3361
16340
16807
16808
16814
16815
16856
16857
16863
16864
16867
16874
17150
17151
17157
17158
17199
17200
17206
17207
17210
17217
17227
17228
17276
17277
17287
19208
19209
19215
19216
19257
19258
19264
19265
19268
19275
19551
19552
19558
19559
19600
19601
19607
19608
19611
19618
19628
19629
19677
19678
19688
19747
19748
19754
19755
