3
5
7
8
10
15
19
21
22
24
33
35
36
40
43
45
47
49
50
52
56
57
59
61
64
70
71
73
99
103
105
110
117
120
127
129
131
133
134
136
138
141
143
145
147
148
150
154
155
157
162
166
168
169
171
231
245
246
252
257
278
280
285
295
301
309
315
329
330
332
334
337
339
343
344
346
348
350
351
353
358
362
364
365
367
374
376
379
381
392
393
395
399
400
402
407
413
414
416
427
430
435
442
448
490
491
493
497
498
500
511
512
514
691
693
715
721
726
729
735
736
740
745
757
764
770
771
780
803
813
817
819
820
824
838
840
852
855
873
885
889
892
903
904
915
917
918
920
922
927
931
932
934
938
939
946
952
962
964
966
967
971
985
995
1011
1015
1016
1018
1029
1030
1032
1036
1037
1039
1050
1051
1053
1078
1079
1081
1085
1086
1088
1099
1100
1102
1107
1111
1114
1118
1128
1146
1160
1162
1163
1167
1176
1177
1179
1183
1184
1186
1195
1197
1198
1200
1681
1688
1715
1716
1720
1722
1730
1786
1799
1923
1926
1960
1961
1972
2024
2031
2101
2107
2108
2110
2122
2145
2150
2163
2203
2236
2248
2292
2299
2310
2339
2341
2401
2402
2404
2406
2408
2409
2411
2416
2420
2422
2423
2425
2436
2441
2444
2450
2451
2453
2457
2458
2460
2465
2471
2472
2474
2504
2506
2511
2518
2521
2530
2532
2534
2535
2537
2539
2548
2549
2551
2555
2556
2558
2567
2569
2570
2572
2626
2635
2642
2667
2744
2745
2747
2751
2752
2754
2763
2765
2766
2768
2793
2794
2796
2800
2801
2803
2814
2815
2817
2891
2892
2894
2898
2899
2901
2912
2913
2915
3004
3010
3020
3045
3053
3130
3136
3137
3139
3151
3430
3431
3433
3437
3438
3440
3451
3452
3454
3479
3480
3482
3486
3487
3489
3500
3501
3503
3577
3578
3580
3584
3585
3587
3598
3599
3601
5047
5048
5059
5082
5145
5146
5150
5152
5160
5283
5297
5299
5332
5390
5391
5402
5605
5619
5621
5622
5626
5654
5717
5719
5720
5724
5733
5734
5740
5741
5766
5768
5769
5773
5797
5804
5866
5871
5880
5881
5948
5962
5964
5965
5969
5997
6303
6310
6321
6322
6324
6352
6364
6403
6405
6406
6410
6419
6420
6426
6427
6434
6440
6450
6452
6454
6455
6459
6517
6518
6524
6525
6536
6566
6567
6573
6574
6604
6609
6622
6646
6653
6664
6665
6667
6734
6746
6748
6749
6751
6753
6762
6763
6769
6770
6795
6797
6798
6802
7203
7204
7206
7210
7211
7213
7224
7225
7227
7246
7252
7253
7255
7259
7260
7262
7267
7273
7274
7276
7332
7339
7350
7351
7353
7357
7358
7360
7371
7372
7374
7546
7547
7549
7553
7554
7556
7567
7568
7570
7595
7596
7598
7602
7603
7605
7616
7617
7619
7693
7694
7696
7700
7701
7703
7714
7715
7717
8006
8020
8022
8023
8027
8055
8118
8120
8121
8125
8134
8135
8141
8142
8167
8169
8170
8174
8232
8233
8235
8239
8240
8242
8253
8254
8256
8281
8282
8284
8288
8289
8291
8302
8303
8305
8349
8363
8365
8366
8370
8379
8380
8382
8386
8387
8389
8398
8400
8401
8403
16807
16808
16810
16814
16815
16817
16826
16828
16829
16831
16856
16857
16859
16863
16864
16866
16877
16878
16880
16924
16938
16940
16941
16945
16954
16955
16957
16961
16962
16964
16973
16975
16976
16978
17150
17151
17153
17157
17158
17160
17169
17171
17172
17174
17199
17200
17202
17206
17207
17209
17220
17221
17223
17297
17298
17300
17304
17305
17307
17318
17319
17321
17610
17624
17626
17627
17631
17659
17722
17724
17725
17729
17738
17739
17745
17746
17771
17773
17774
17778
17836
17837
17839
17843
17844
17846
17857
17858
17860
17885
17886
17888
17892
17893
17895
17906
17907
17909
17953
17967
17969
17970
17974
17983
17984
17986
17990
17991
17993
18002
18004
18005
18007
19208
19209
19211
19215
19216
19218
19227
19229
19230
19232
19257
19258
19260
19264
19265
19267
19278
19279
19281
19325
19339
19341
19342
19346
19355
19356
19358
19362
19363
19365
19374
19376
19377
19379
19551
19552
19554
19558
19559
19561
19570
19572
19573
19575
19600
19601
19603
19607
19608
19610
19621
19622
19624
19698
19699
19701
19705
19706
19708
19719
19720
19722
20237
20238
20240
20244
20245
20247
20258
20259
20261
20286
20287
20289
20293
20294
20296
20307
20308
20310
20384
20385
20387
20391
20392
20394
20405
20406
20408
24010
24011
24013
24017
24018
24020
24031
24032
24034
24059
24060
24062
24066
24067
24069
24080
24081
24083
24157
24158
24160
24164
24165
24167
24178
24179
24181
24353
24354
24356
24360
24361
24363
24374
24375
24377
24402
24403
24405
24409
24410
24412
24423
24424
24426
24500
24501
24503
24507
24508
24510
24521
24522
24524
25039
25040
25042
25046
25047
25049
25060
25061
25063
25088
25089
25091
25095
25096
25098
25109
25110
25112
25186
25187
25189
25193
25194
25196
25207
25208
25210
50421
50422
50424
50428
50429
50431
50442
50443
50445
50470
50471
50473
50477
50478
50480
50491
50492
50494
50568
50569
50571
50575
50576
50578
50589
50590
50592
50764
50765
50767
50771
50772
50774
50785
50786
50788
50813
50814
50816
50820
50821
50823
50834
50835
50837
50911
50912
50914
50918
50919
50921
50932
50933
50935
51450
51451
51453
51457
51458
51460
51471
51472
51474
51499
51500
51502
51506
51507
51509
51520
51521
51523
51597
51598
51600
51604
51605
51607
51618
51619
51621
52822
52823
52825
52829
52830
52832
52843
52844
52846
52871
52872
52874
52878
52879
52881
52892
52893
52895
52969
52970
52972
52976
52977
52979
52990
52991
52993
53165
53166
53168
53172
53173
53175
53186
53187
53189
53214
53215
53217
53221
53222
53224
53235
53236
53238
53312
53313
53315
53319
53320
53322
53333
53334
53336
53851
53852
53854
53858
53859
53861
53872
53873
53875
53900
53901
53903
53907
53908
53910
53921
53922
53924
53998
53999
54001
54005
54006
54008
54019
54020
54022
57624
57625
57627
57631
57632
57634
57645
57646
57648
57673
57674
57676
57680
57681
57683
57694
57695
57697
57771
57772
57774
57778
57779
57781
57792
57793
57795
57967
57968
57970
57974
57975
57977
57988
57989
57991
58016
58017
58019
58023
58024
58026
58037
58038
58040
58114
58115
58117
58121
58122
58124
58135
58136
58138
58653
58654
58656
58660
58661
58663
58674
58675
58677
58702
58703
58705
58709
58710
58712
58723
58724
58726
58800
58801
58803
58807
58808
58810
58821
58822
58824
