4
5
6
7
8
9
10
11
13
26
27
28
29
30
31
32
33
34
35
36
37
38
39
40
41
42
43
44
45
46
47
48
49
50
51
52
53
54
55
56
57
58
59
60
62
63
64
65
66
67
69
70
71
74
75
76
77
78
80
81
83
90
91
92
95
187
189
192
196
197
210
211
212
215
217
218
219
220
224
225
227
232
234
236
238
240
242
243
245
246
247
250
251
252
253
254
257
258
259
260
261
262
265
266
267
268
269
271
272
273
275
278
280
281
282
284
286
287
288
292
294
295
297
300
301
302
304
307
308
309
310
312
314
315
316
319
320
324
325
327
328
329
330
331
336
337
343
344
348
349
350
351
352
353
354
356
358
364
365
373
376
378
379
380
381
382
383
385
386
387
388
390
391
392
393
395
397
398
399
400
402
403
405
410
412
413
414
417
419
420
421
426
430
433
434
435
437
438
459
466
468
469
470
472
475
479
483
484
486
490
491
496
497
498
500
508
515
517
518
519
524
531
532
533
536
539
540
546
547
550
552
573
580
581
582
585
622
629
630
631
634
637
638
644
645
648
650
655
662
664
665
666
1447
1470
1471
1475
1477
1478
1484
1485
1486
1496
1647
1652
1653
1654
1680
1681
1682
1692
1696
1701
1702
1703
1715
1716
1720
1722
1723
1745
1750
1751
1752
1755
1759
1762
1764
1765
1769
1771
1772
1790
1802
1806
1807
1809
1813
1814
1818
1820
1821
1827
1828
1829
1839
1844
1847
1851
1855
1856
1858
1862
1863
1868
1869
1870
1872
1925
1926
1927
1951
1955
1958
1960
1961
1965
1967
1968
1974
1975
1976
2058
2059
2064
2065
2066
2068
2096
2100
2101
2103
2107
2108
2113
2114
2115
2117
2120
2127
2128
2129
2145
2149
2150
2152
2187
2190
2194
2198
2199
2201
2205
2206
2211
2212
2213
2215
2236
2239
2267
2274
2275
2276
2285
2288
2292
2296
2297
2299
2401
2402
2407
2408
2409
2411
2412
2414
2439
2443
2444
2446
2450
2451
2456
2457
2458
2460
2461
2463
2468
2470
2471
2472
2475
2477
2478
2479
2484
2491
2492
2493
2496
2744
2745
2751
2752
2755
2757
2793
2794
2800
2801
2804
2806
2811
2818
2820
2821
2822
2827
2834
2835
2836
2839
2860
2867
2869
2870
2871
2909
2916
2918
2919
2920
2925
2932
2933
2934
2937
2940
2941
2947
2948
2951
2953
2974
2981
2982
2983
2986
3023
3030
3031
3032
3035
3038
3039
3045
3046
3049
3051
3056
3063
3065
3066
3067
3203
3210
3212
3213
3214
3252
3259
3261
3262
3263
3268
3275
3276
3277
3280
3283
3284
3290
3291
3294
3296
