2
3
4
5
6
7
8
9
10
11
12
13
14
15
16
17
18
19
20
21
22
23
24
25
26
27
28
29
30
31
32
33
34
35
36
37
38
39
40
41
42
43
44
45
46
47
48
49
50
51
52
53
54
55
56
57
58
59
60
61
62
63
64
65
66
67
68
69
70
71
72
73
74
75
76
77
78
79
80
81
82
83
84
85
86
87
88
89
90
91
92
94
95
96
97
98
99
100
102
104
105
106
107
110
112
113
114
116
117
119
120
122
123
126
127
128
129
130
131
133
134
135
136
137
138
144
145
147
148
150
152
153
154
155
157
159
160
165
166
168
169
171
172
173
174
175
176
177
179
182
183
185
187
188
189
190
192
194
195
196
197
198
200
203
204
205
208
210
211
212
214
215
221
224
225
226
228
245
246
248
250
251
252
253
255
257
258
266
267
269
271
272
280
281
283
285
286
287
288
290
292
293
294
295
297
299
300
301
302
304
306
307
315
316
318
320
321
329
330
332
334
335
336
337
339
341
342
343
344
346
348
349
350
351
353
355
356
364
365
367
369
370
378
379
381
383
384
385
386
388
390
391
392
393
395
397
398
399
400
402
404
405
413
414
416
418
419
427
428
430
432
433
434
435
437
439
440
490
491
493
495
496
497
498
500
502
503
511
512
514
516
517
525
526
528
530
531
532
533
535
537
538
588
589
591
593
594
595
596
598
600
601
609
610
612
614
615
623
624
626
628
629
630
631
633
635
636
637
638
640
642
643
644
645
647
649
650
658
659
661
663
664
672
673
675
677
678
679
680
682
684
685
