2
3
4
5
6
7
8
9
10
11
12
13
14
15
16
17
18
19
20
21
22
23
24
25
26
27
28
29
30
31
32
33
34
35
36
37
38
39
40
41
42
43
44
45
46
48
49
50
51
52
53
54
55
56
57
58
59
60
61
62
63
64
65
66
67
68
69
70
71
72
73
74
75
76
77
78
79
80
81
82
83
84
85
86
87
88
89
90
91
92
93
95
97
98
99
100
101
102
103
104
105
106
107
108
109
110
111
112
113
114
115
116
117
118
119
120
121
122
123
124
125
126
127
128
130
131
132
133
134
135
136
137
138
140
141
142
144
146
147
148
149
150
151
152
154
155
156
157
161
162
163
164
166
168
169
170
171
172
173
175
176
177
178
179
180
182
183
184
186
187
191
193
196
197
198
199
200
201
202
203
204
205
206
207
208
209
210
211
212
213
214
216
217
218
219
220
221
222
224
225
226
227
228
229
230
231
232
235
238
239
240
242
244
245
246
247
249
250
270
273
274
275
276
277
284
291
294
295
296
298
300
301
302
303
305
307
308
309
310
312
314
319
322
323
324
325
326
328
333
336
337
338
340
342
343
344
345
346
347
349
350
351
352
353
354
356
357
358
359
360
361
363
364
365
366
367
368
371
372
373
374
375
377
382
385
386
387
389
391
392
393
394
395
396
398
399
400
401
402
403
405
406
407
408
409
410
412
413
414
415
416
420
421
422
424
426
434
435
436
438
440
441
442
443
444
445
447
448
449
450
451
452
454
455
456
457
458
459
461
462
463
464
465
469
470
471
473
475
483
484
485
487
489
490
491
492
493
494
497
498
499
500
539
540
541
543
545
546
547
548
550
552
553
554
555
557
559
567
568
569
571
573
581
582
583
585
587
637
638
639
641
643
644
645
646
648
650
651
652
653
655
657
665
666
667
669
671
679
680
681
683
685
686
687
688
690
692
693
694
695
697
699
700
701
702
704
706
714
715
716
718
720
728
729
730
732
734
735
736
737
739
741
742
743
744
746
748
749
750
751
753
755
763
764
765
767
769
777
778
779
781
783
784
785
786
788
790
791
792
793
795
797
798
799
800
802
804
812
813
814
816
818
826
827
828
830
832
882
883
884
886
888
889
890
891
893
895
896
897
898
900
902
910
911
912
914
916
924
925
926
928
930
980
981
982
984
986
987
988
989
991
993
994
995
996
998
1000
