5
7
8
9
10
12
29
30
33
35
36
38
39
40
43
44
45
46
47
49
50
51
52
53
54
56
57
58
59
60
61
63
64
66
67
68
70
71
73
75
80
82
84
85
203
204
205
206
210
212
215
225
231
232
234
235
236
240
241
242
243
245
246
248
249
250
252
253
255
257
260
261
262
263
264
266
267
268
269
270
271
273
274
275
276
277
278
280
281
282
283
284
285
288
290
291
292
295
297
298
299
301
302
304
306
309
311
313
315
317
318
320
322
323
324
325
326
327
329
330
331
332
333
334
337
339
340
341
343
344
345
346
347
348
350
351
353
355
357
358
359
360
361
362
364
365
367
368
369
371
372
373
374
378
381
383
386
389
390
392
393
394
395
397
399
400
402
403
404
407
408
410
411
413
414
415
416
417
418
420
421
422
423
425
427
428
429
430
435
437
438
439
445
448
452
458
459
460
465
467
469
470
471
472
476
477
479
480
484
486
487
488
490
491
493
497
498
500
502
505
508
509
511
512
514
516
523
525
526
565
572
574
575
577
584
586
588
589
595
596
598
600
1430
1435
1436
1437
1442
1467
1468
1474
1475
1492
1505
1506
1606
1634
1638
1639
1640
1641
1642
1647
1648
1655
1664
1670
1671
1674
1680
1687
1688
1690
1691
1692
1696
1697
1701
1713
1715
1716
1720
1722
1723
1725
1730
1733
1736
1737
1743
1744
1753
1760
1764
1765
1767
1769
1771
1772
1774
1779
1780
1781
1783
1785
1786
1789
1793
1811
1818
1820
1830
1832
1834
1835
1836
1837
1838
1839
1862
1863
1865
1869
1870
1871
1876
1877
1878
1879
1883
1884
1885
1886
1892
1893
1913
1920
1922
1925
1926
1927
1928
1929
1930
1932
1933
1934
1935
1941
1942
1949
1955
1956
1960
1961
1967
1968
1971
1972
1974
1977
1978
1979
1981
1982
1983
1984
1986
1988
1989
1990
1991
1993
1996
1997
1998
2005
2014
2016
2019
2021
2024
2025
2026
2028
2030
2031
2033
2034
2035
2037
2038
2039
2040
2041
2042
2044
2045
2046
2047
2048
2049
2068
2073
2076
2079
2080
2082
2084
2086
2087
2088
2089
2090
2091
2093
2094
2098
2101
2107
2108
2110
2122
2124
2126
2136
2138
2140
2142
2143
2145
2147
2150
2152
2154
2161
2163
2173
2191
2196
2202
2203
2205
2206
2215
2235
2236
2240
2241
2244
2245
2251
2252
2254
2255
2261
2262
2263
2265
2268
2269
2270
2271
2272
2273
2275
2276
2277
2278
2284
2285
2290
2291
2292
2303
2304
2306
2310
2311
2314
2317
2319
2320
2321
2322
2324
2325
2326
2327
2329
2331
2332
2333
2334
2338
2339
2340
2341
2342
2346
2348
2370
2371
2376
2377
2378
2380
2381
2382
2383
2384
2385
2387
2388
2389
2390
2391
2392
2398
2399
2401
2402
2406
2408
2409
2411
2413
2436
2437
2439
2441
2444
2446
2447
2448
2450
2451
2453
2454
2455
2457
2458
2460
2461
2462
2465
2468
2469
2471
2472
2473
2474
2475
2476
2479
2480
2483
2485
2486
2504
2506
2513
2514
2520
2522
2523
2524
2525
2527
2528
2529
2530
2534
2537
2539
2542
2545
2546
2548
2549
2551
2555
2560
2595
2597
2598
2604
2609
2612
2614
2615
2616
2619
2623
2626
2635
2663
2667
2668
2669
2670
2676
2677
2681
2682
2684
2685
2686
2689
2698
2721
2723
2724
2725
2726
2730
2731
2733
2734
2735
2741
2742
2744
2745
2751
2752
2754
2756
2760
2761
2782
2784
2790
2791
2793
2794
2800
2801
2803
2804
2805
2811
2812
2814
2815
2816
2817
2819
2821
2822
2823
2826
2828
2829
2831
2838
2839
2840
2846
2853
2860
2861
2866
2868
2870
2871
2872
2877
2878
2880
2881
2882
2885
2887
2888
2889
2891
2892
2894
2898
2899
2901
2903
2905
2906
2909
2910
2912
2913
2915
2917
2919
2924
2926
2927
2930
2931
2934
2937
2938
2940
2941
2947
2948
2952
2958
2959
2962
2966
2973
2975
2976
2978
2980
2983
2985
2987
2989
2990
2992
2993
2996
2997
2999
3001
3010
3011
3013
3045
3053
3055
3059
3060
3062
3064
3067
3071
3073
3074
3076
3083
3085
3162
3164
3165
3196
3203
3204
3211
3213
3214
3220
3221
3224
3225
3231
3232
3269
3270
3273
3274
3280
3281
3283
3284
3290
3291
3294
3301
3302
3332
3333
3339
3340
3343
3350
3351
3353
3354
3356
3358
3360
3361
3402
3403
3405
3407
3414
3416
3417
3419
3426
3428
3430
3431
3437
3438
3440
3442
3479
3480
3486
3487
3489
3491
3500
3501
3503
3505
3512
3514
3515
3517
3524
3526
3566
3573
3575
3577
3578
3584
3585
3587
3589
3598
3599
3601
3603
3610
3612
3613
3652
3659
3661
3662
3664
3671
3673
3675
3676
3682
3683
3685
3687
3946
3953
3955
3956
3995
4002
4004
4005
4007
4014
4016
4018
4019
4025
4026
4028
4030
4039
4040
4042
4088
4089
4091
4093
4100
4102
4103
4105
4112
4114
4116
4117
4123
4124
4126
4128
4165
4166
4172
4173
4175
4177
4186
4187
4189
4191
4198
4200
4201
11210
11238
11242
11243
11244
11245
11251
11252
11259
11434
11438
11439
11440
11441
11466
11467
11473
11474
11475
11480
11481
11482
11483
11487
11488
11489
11490
11496
11497
11524
11529
11530
11531
11532
11536
11537
11538
11539
11545
11546
11553
11581
11585
11586
11587
11588
11594
11595
11602
12806
12810
12811
12812
12813
12838
12839
12845
12846
12847
12852
12853
12854
12855
12859
12860
12861
12862
13034
13035
13041
13042
13072
13083
13084
13090
13091
13092
13097
13098
13099
13132
13133
13139
13140
13141
13146
13147
13148
13149
13153
13154
13155
13156
13181
13182
13188
13189
13190
13195
13196
13197
13198
13202
13203
13204
13205
13211
13212
13239
13244
13245
13246
13247
13251
13252
13253
13254
13260
13261
13435
13440
13441
13442
13452
13454
13455
13475
13476
13482
13483
13484
13486
13489
13490
13491
13492
13493
13494
13496
13497
13498
13499
13501
13503
13504
13510
13511
13514
13524
13525
13531
13532
13533
13538
13539
13540
13541
13545
13546
13547
13548
13554
13555
13582
13587
13588
13589
13590
13594
13595
13596
13597
13603
13604
13611
13639
13643
13644
13645
13646
13652
13653
13660
13720
13721
13727
13728
13760
13766
13767
13769
13770
13776
13777
13780
13787
13788
13795
13797
13798
13829
13835
13836
13837
13839
13840
13841
13842
13844
13846
13847
13853
13854
13857
13858
13864
13865
13867
13868
13874
13875
13876
13881
13882
13883
13884
13888
13889
13890
13891
13897
13898
13902
13903
13906
13907
13913
13914
13916
13917
13923
13924
13925
13930
13931
13932
13933
13937
13938
13939
13940
13946
13947
13954
13982
13986
13987
13988
13989
13995
13996
14003
14044
14045
14052
14240
14241
14268
14273
14274
14275
14276
14280
14281
14282
14283
14289
14290
14297
14325
14329
14330
14331
14332
14338
14339
14346
14387
14388
14395
15372
15373
15376
15412
15414
15415
15421
15422
15425
15426
15432
15433
15612
15613
15640
15642
15645
15646
15647
15648
15649
15650
15652
15653
15654
15655
15661
15662
15680
15681
15687
15688
15691
15698
15699
15706
15708
15709
15715
15716
15719
15755
15757
15758
15764
15765
15768
15769
15775
15776
15778
15779
15785
15786
15818
15824
15825
15827
15828
15834
15835
15836
15838
15841
15842
15843
15845
15846
15853
15855
15856
15876
15877
15883
15884
15885
15887
15890
15891
15892
15893
15894
15895
15897
15898
15899
15900
15902
15904
15905
15911
15912
15915
15925
15926
15932
15933
15934
15939
15940
15941
15942
15946
15947
15948
15949
15955
15956
15983
15988
15989
15990
15991
15995
15996
15997
15998
16004
16005
16012
16040
16044
16045
16046
16047
16053
16054
16061
16121
16122
16128
16129
16161
16167
16168
16170
16171
16177
16178
16181
16188
16189
16196
16198
16199
16230
16236
16237
16238
16240
16241
16242
16243
16245
16247
16248
16254
16255
16258
16259
16265
16266
16268
16269
16275
16276
16277
16282
16283
16284
16285
16289
16290
16291
16292
16298
16299
16303
16304
16307
16308
16314
16315
16317
16318
16324
16325
16326
16328
16331
16332
16333
16334
16335
16336
16338
16339
16340
16341
16347
16348
16355
16366
16367
16373
16374
16377
16383
16384
16385
16387
16388
16389
16390
16392
16394
16395
16396
16397
16404
16445
16446
16453
16602
16608
16609
16641
16642
16646
16647
16650
16651
16657
16658
16660
16661
16667
16668
16671
16678
16679
16709
16710
16716
16717
16720
16727
16728
16735
16737
16738
16744
16745
16748
16784
16786
16787
16793
16794
16797
16798
16804
16805
16807
16808
16814
16815
16817
16819
16847
16853
16854
16856
16857
16863
16864
16866
16867
16868
16874
16875
16877
16878
16880
16882
16889
16891
16892
17087
17088
17091
17127
17129
17130
17136
17137
17140
17141
17147
17148
17150
17151
17157
17158
17160
17162
17190
17196
17197
17199
17200
17206
17207
17209
17210
17211
17217
17218
17220
17221
17223
17225
17227
17228
17232
17234
17235
17237
17244
17246
17259
17266
17267
17274
17276
17277
17283
17284
17286
17287
17293
17295
17297
17298
17304
17305
17307
17309
17318
17319
17321
17323
17330
17332
17333
17372
17379
17381
17382
17384
17391
17393
17395
17396
17402
17403
17405
17407
18729
18736
18737
18767
18768
18774
18775
18778
18785
18786
18793
18795
18796
19003
19009
19010
19047
19048
19051
19052
19058
19059
19061
19062
19068
19069
19072
19079
19080
19110
19111
19117
19118
19121
19128
19129
19136
19138
19139
19145
19146
19149
19185
19187
19188
19194
19195
19198
19199
19205
19206
19208
19209
19215
19216
19218
19220
19248
19254
19255
19257
19258
19264
19265
19267
19268
19269
19275
19276
19278
19279
19281
19283
19290
19292
19293
19488
19489
19492
19528
19530
19531
19537
19538
19541
19542
19548
19549
19551
19552
19558
19559
19561
19563
19591
19597
19598
19600
19601
19607
19608
19610
19611
19612
19618
19619
19621
19622
19624
19626
19628
19629
19633
19635
19636
19638
19645
19647
19660
19667
19668
19675
19677
19678
19684
19685
19687
19688
19689
19694
19695
19696
19698
19699
19705
19706
19708
19710
19719
19720
19722
19724
19731
19733
19734
19737
19738
19744
19745
19747
19748
19754
19755
19773
19780
19782
19783
19785
19792
19794
19796
19797
19803
19804
19806
19808
19817
19818
19820
19866
19867
19869
19871
19878
19880
19881
19883
19890
19892
19969
19971
19972
20160
20161
20163
20209
20210
20212
20214
20221
20223
20224
20226
20233
20235
20237
20238
20244
20245
20247
20249
20286
20287
20293
20294
20296
20298
20307
20308
20310
20312
20319
20321
20322
20324
20331
20333
20373
20380
20382
20384
20385
20391
20392
20394
20396
20405
20406
20408
20410
20417
20419
20420
20459
20466
20468
20469
20471
20478
20480
20482
20483
20489
20490
20492
20494
20753
20760
20762
20763
20802
20809
20811
20812
20814
20821
20823
20825
20826
20832
20833
20835
20837
20846
20847
20849
20895
20896
20898
20900
20907
20909
20910
20912
20919
20921
20923
20924
20930
20931
20933
20935
20972
20973
20979
20980
20982
20984
20993
20994
20996
20998
21005
21007
21008
21010
21017
21019
21059
21066
21068
21070
21071
21077
21078
21080
21082
21091
21092
21094
21353
21360
21362
21402
21409
21411
21413
21414
21420
21421
21423
21425
21434
21435
21437
21439
21446
21448
21449
21488
21495
21497
21498
21500
21507
21509
21511
21512
21518
21519
21521
21523
21532
21533
21535
21581
21582
21584
21586
21593
21595
21596
21598
21605
21607
23411
23418
23420
23460
23467
23469
23471
23472
23478
23479
23481
23483
23492
23493
23495
23754
23761
23763
23803
23810
23812
23814
23815
23821
23822
23824
23826
23835
23836
23838
23840
23847
23849
23850
23889
23896
23898
23899
23901
23908
23910
23912
23913
23919
23920
23922
23924
23933
23934
23936
23982
23983
23985
23987
23994
23996
23997
23999
24006
24008
24010
24011
24017
24018
24020
24022
24059
24060
24066
24067
24069
24071
24080
24081
24083
24085
24092
24094
24095
24353
24354
24360
24361
24363
24365
24402
24403
24409
24410
24412
24414
24423
24424
24426
24428
24435
24437
24438
24440
24447
24449
24489
24496
24498
24500
24501
24507
24508
24510
24512
24521
24522
24524
24526
24533
24535
24536
24575
24582
24584
24585
24587
24594
24596
24598
24599
24605
24606
24608
24610
24619
24620
24622
24668
24669
24671
24673
24680
24682
24683
24685
24692
24694
24962
24963
24965
