2
3
4
5
6
7
8
9
10
11
12
13
14
15
16
17
18
19
20
21
22
23
24
25
26
27
28
29
30
31
32
33
34
35
36
37
38
39
40
41
42
43
44
45
46
47
48
49
50
51
52
53
54
55
56
57
58
59
60
61
62
63
64
65
66
67
68
69
70
71
72
73
74
75
76
77
78
79
80
81
82
83
84
85
86
87
88
89
90
91
92
93
94
95
96
97
98
99
100
101
102
103
104
105
106
107
108
109
110
111
112
113
114
115
116
117
118
119
120
121
122
123
124
125
126
127
128
129
130
131
132
133
134
135
136
137
138
139
140
141
142
143
144
145
146
147
148
149
150
151
152
153
154
155
156
157
158
159
160
161
162
163
164
165
166
167
168
169
170
171
172
173
174
175
176
177
178
179
180
181
182
183
184
185
186
187
188
189
190
191
192
193
194
195
196
197
198
199
200
201
203
204
205
206
207
208
209
210
211
212
213
214
215
217
218
219
220
221
222
223
224
225
226
227
228
229
230
231
232
233
234
235
236
237
238
239
240
241
242
243
244
245
246
247
248
249
250
251
252
253
254
255
256
257
258
259
260
261
262
263
265
266
267
268
269
270
271
272
273
274
275
276
277
278
279
280
281
282
283
284
285
286
287
288
289
290
291
292
293
294
295
296
297
298
299
300
301
302
303
304
305
306
307
308
309
310
311
312
313
314
315
316
317
318
319
320
321
322
323
324
325
326
327
328
329
330
331
332
333
334
335
336
337
338
339
340
341
343
344
345
346
347
348
349
350
351
352
353
354
355
356
357
358
359
360
361
362
363
364
365
366
367
368
369
370
371
372
373
374
375
376
377
378
379
380
381
382
383
385
386
387
388
390
391
392
393
394
395
396
397
398
399
400
401
402
403
404
405
406
407
409
410
411
412
413
414
416
417
418
419
420
421
423
424
425
426
427
428
429
430
431
432
433
434
435
436
437
438
439
440
441
442
443
444
445
446
447
448
449
450
451
452
456
458
459
460
461
462
463
466
467
468
469
470
471
472
473
474
475
476
477
478
479
481
482
483
484
485
486
487
488
490
491
492
493
494
495
496
497
498
499
500
501
502
505
507
508
509
510
511
512
514
515
516
517
518
519
520
521
522
523
524
525
526
527
528
529
530
531
532
533
534
535
536
537
539
540
542
543
544
546
547
549
550
551
552
553
554
555
556
560
561
563
564
565
567
568
570
571
572
573
574
575
577
578
579
580
581
582
583
584
585
586
588
589
590
591
592
593
595
596
598
599
600
601
602
603
604
605
607
608
609
610
612
613
614
615
616
617
618
619
620
621
622
623
624
626
627
628
629
630
631
632
633
634
635
637
638
639
640
641
642
643
644
645
646
647
648
649
650
651
652
655
656
657
658
659
660
662
663
664
665
666
667
668
671
673
675
678
679
680
686
687
688
689
691
692
693
694
695
696
698
699
700
701
702
703
705
706
707
708
709
715
716
717
719
721
722
723
724
726
728
729
730
731
733
735
736
737
738
739
740
741
742
743
744
745
746
747
748
749
750
751
752
755
756
757
758
759
760
761
762
763
764
765
766
769
770
771
772
773
775
777
778
780
782
783
784
785
786
787
789
791
792
793
794
796
798
799
800
801
802
803
804
805
806
807
808
809
810
811
812
813
814
815
817
818
819
820
821
824
825
826
827
828
829
830
831
832
833
834
835
836
838
839
840
841
844
845
846
848
851
852
853
854
855
857
858
859
860
861
862
863
864
865
866
867
868
869
870
871
873
874
875
876
877
878
879
880
881
882
883
886
889
890
891
892
893
894
895
896
897
898
899
900
901
902
903
904
905
907
908
909
910
911
912
913
914
915
916
917
918
919
920
922
923
924
925
926
927
928
929
931
932
934
935
936
938
939
942
943
944
945
946
948
950
951
952
953
958
961
962
963
964
965
966
967
969
971
972
973
974
977
978
979
980
981
982
983
984
985
986
987
988
989
990
991
992
993
994
995
998
999
1000
1001
1002
1005
1006
1007
1008
1009
1010
1011
1014
1029
1030
1031
1032
1033
1034
1035
1036
1037
1038
1039
1040
1041
1042
1043
1044
1048
1049
1050
1051
1053
1054
1055
1057
1058
1060
1061
1062
1064
1065
1066
1067
1068
1069
1071
1072
1073
1074
1075
1076
1078
1079
1080
1081
1082
1083
1084
1085
1086
1087
1088
1089
1090
1091
1092
1093
1095
1097
1098
1099
1100
1102
1103
1104
1106
1107
1109
1110
1111
1113
1114
1116
1117
1118
1121
1124
1125
1134
1137
1138
1142
1144
1145
1146
1147
1148
1149
1152
1153
1154
1155
1156
1160
1161
1162
1163
1167
1168
1169
1170
1173
1176
1177
1179
1180
1181
1183
1184
1186
1187
1188
1194
1195
1196
1197
1198
1200
1201
1202
1203
1204
1205
1207
1208
1209
1210
1211
1212
1214
1215
1216
1217
1218
1219
1222
1223
1225
1226
1228
1229
1230
1232
1233
1235
1236
1237
1238
1244
1246
1247
1249
1250
1251
1253
1254
1256
1257
1258
1259
1260
1261
1263
1264
1265
1266
1267
1268
1271
1274
1275
1277
1278
1279
1281
1282
1284
1285
1286
1287
1295
1296
1298
1299
1300
1302
1303
1305
1306
1307
1308
1309
1310
1312
1313
1314
1315
1316
1317
1320
1323
1324
1327
1330
1331
1334
1335
1336
1341
1342
1343
1348
1349
1350
1351
1352
1372
1373
1375
1376
1377
1379
1380
1382
1383
1384
1385
1390
1391
1392
1393
1394
1396
1397
1398
1399
1400
1401
1403
1404
1405
1407
1408
1410
1411
1412
1421
1422
1424
1425
1426
1428
1429
1431
1432
1433
1434
1439
1440
1441
1442
1443
1445
1446
1447
1448
1449
1450
1451
1452
1453
1454
1455
1456
1457
1458
1459
1460
1461
1462
1463
1464
1467
1470
1471
1472
1475
1477
1478
1480
1482
1484
1485
1486
1487
1491
1492
1494
1496
1510
1514
1515
1517
1519
1520
1521
1522
1523
1524
1526
1527
1529
1530
1531
1540
1541
1543
1544
1545
1547
1548
1549
1550
1551
1552
1554
1555
1556
1557
1558
1559
1563
1564
1566
1568
1569
1571
1572
1573
1575
1576
1578
1579
1580
1589
1590
1592
1593
1594
1596
1597
1599
1600
1601
1603
1604
1606
1607
1608
1617
1618
1620
1621
1622
1624
1625
1627
1628
1629
1638
1639
1641
1642
1643
1645
1646
1647
1648
1649
1650
1652
1653
1654
1655
1656
1657
1661
1662
1664
1676
1678
1680
1681
1682
1683
1687
1688
1690
1692
1696
1697
1701
1702
1703
1715
1716
1717
1718
1719
1720
1722
1723
1725
1726
1727
1729
1730
1731
1732
1736
1737
1739
1740
1741
1743
1744
1745
1746
1747
1748
1750
1751
1752
1753
1754
1755
1759
1760
1762
1764
1765
1766
1767
1768
1769
1771
1772
1774
1775
1776
1785
1786
1788
1789
1790
1792
1793
1794
1795
1796
1797
1799
1800
1801
1802
1803
1804
1806
1807
1808
1809
1813
1814
1815
1816
1818
1819
1820
1821
1822
1823
1825
1827
1828
1829
1830
1834
1835
1837
1839
1840
1843
1844
1847
1850
1851
1855
1856
1857
1858
1862
1863
1864
1865
1866
1867
1868
1869
1870
1871
1872
1873
1874
1883
1884
1886
1887
1888
1889
1890
1891
1892
1893
1894
1895
1896
1897
1898
1899
1900
1901
1902
1904
1905
1906
1907
1911
1912
1914
1915
1916
1918
1919
1921
1922
1923
1924
1925
1926
1927
1928
1931
1932
1933
1935
1936
1937
1938
1939
1940
1941
1942
1943
1944
1945
1946
1947
1948
1949
1950
1951
1953
1954
1955
1956
1958
1960
1961
1962
1963
1964
1965
1967
1968
1970
1971
1972
1974
1975
1976
1977
1981
1982
1984
1985
1986
1988
1989
1990
1991
1992
1993
1995
1996
1997
1998
1999
2000
2058
2059
2060
2061
2064
2065
2066
2067
2068
2071
2072
2073
2078
2079
2080
2095
2096
2100
2101
2102
2103
2107
2108
2109
2110
2113
2114
2115
2116
2117
2120
2121
2122
2127
2128
2129
2144
2145
2149
2150
2151
2152
2156
2157
2158
2159
2162
2163
2164
2165
2166
2183
2186
2187
2190
2193
2194
2198
2199
2200
2201
2205
2206
2207
2208
2211
2212
2213
2214
2215
2232
2235
2236
2239
2242
2243
2247
2248
2249
2250
2267
2268
2269
2274
2275
2276
2281
2284
2285
2288
2291
2292
2296
2297
2298
2299
2401
2402
2403
2404
2405
2406
2407
2408
2409
2410
2411
2412
2413
2414
2415
2416
2419
2420
2421
2422
2423
2425
2426
2427
2428
2429
2430
2432
2433
2434
2436
2437
2438
2439
2440
2441
2443
2444
2445
2446
2450
2451
2452
2453
2454
2455
2456
2457
2458
2459
2460
2461
2462
2463
2464
2465
2468
2469
2470
2471
2472
2474
2475
2476
2477
2478
2479
2481
2482
2483
2484
2485
2486
2487
2488
2489
2490
2491
2492
2493
2494
2495
2496
2499
2500
2517
2518
2519
2524
2525
2526
2527
2528
2532
2533
2534
2535
2539
2540
2541
2542
2545
2548
2549
2551
2552
2553
2555
2556
2558
2559
2560
2566
2567
2568
2569
2570
2572
2573
2574
2575
2576
2577
2579
2580
2581
2582
2583
2584
2586
2587
2588
2589
2590
2591
2594
2597
2598
2600
2601
2602
2604
2605
2607
2608
2609
2610
2618
2619
2621
2622
2623
2625
2626
2628
2629
2630
2632
2633
2635
2636
2637
2646
2647
2649
2650
2651
2653
2654
2656
2657
2658
2667
2668
2670
2671
2672
2674
2675
2677
2678
2679
2681
2682
2684
2685
2686
2744
2745
2747
2748
2749
2751
2752
2754
2755
2756
2757
2762
2763
2764
2765
2766
2768
2769
2770
2771
2772
2773
2775
2776
2777
2779
2780
2782
2783
2784
2793
2794
2796
2797
2798
2800
2801
2803
2804
2805
2806
2811
2812
2813
2814
2815
2817
2818
2819
2820
2821
2822
2824
2825
2826
2827
2828
2829
2831
2832
2833
2834
2835
2836
2839
2860
2861
2862
2867
2868
2869
2870
2871
2875
2876
2877
2878
2882
2883
2884
2885
2888
2891
2892
2894
2895
2896
2898
2899
2901
2902
2903
2909
2910
2911
2912
2913
2915
2916
2917
2918
2919
2920
2922
2923
2924
2925
2926
2927
2929
2930
2931
2932
2933
2934
2937
2940
2941
2943
2944
2945
2947
2948
2950
2951
2952
2953
2961
2962
2964
2965
2966
2968
2969
2971
2972
2973
2974
2975
2976
2978
2979
2980
2981
2982
2983
2986
2989
2990
2992
2993
2994
2996
2997
2999
3000
3001
3002
3010
3011
3013
3014
3015
3017
3018
3020
3021
3022
3023
3024
3025
3027
3028
3029
3030
3031
3032
3035
3038
3039
3042
3045
3046
3049
3050
3051
3056
3057
3058
3063
3064
3065
3066
3067
3203
3204
3205
3210
3211
3212
3213
3214
3218
3219
3220
3221
3225
3226
3227
3228
3231
3252
3253
3254
3259
3260
3261
3262
3263
3267
3268
3269
3270
3274
3275
3276
3277
3280
3283
3284
3287
3290
3291
3294
3295
3296
3316
3317
3318
3319
3323
3324
3325
3326
3329
3332
3333
3430
3431
3433
3434
3435
3437
3438
3440
3441
3442
3451
3452
3454
3455
3456
3458
3459
3461
3462
3463
3465
3466
3468
3469
3470
3479
3480
3482
3483
3484
3486
3487
3489
3490
3491
3500
3501
3503
3504
3505
3507
3508
3510
3511
3512
3514
3515
3517
3518
3519
3577
3578
3580
3581
3582
3584
3585
3587
3588
3589
3598
3599
3601
3602
3603
3605
3606
3608
3609
3610
3612
3613
3615
3616
3617
3626
3627
3629
3630
3631
3633
3634
3636
3637
3638
3647
3648
3650
3651
3652
3654
3655
3657
3658
3659
3661
3662
3664
3665
3666
3675
3676
3678
3679
3680
3682
3683
3685
3686
3687
3696
3697
3699
3700
3701
3703
3704
3706
3707
3708
3710
3711
3713
3714
3715
3773
3774
3776
3777
3778
3780
3781
3783
3784
3785
3794
3795
3797
3798
3799
3801
3802
3804
3805
3806
3808
3809
3811
3812
3813
3822
3823
3825
3826
3827
3829
3830
3832
3833
3834
3843
3844
3846
3847
3848
3850
3851
3853
3854
3855
3857
3858
3860
3861
3862
3920
3921
3923
3924
3925
3927
3928
3930
3931
3932
3941
3942
3944
3945
3946
3948
3949
3951
3952
3953
3955
3956
3958
3959
3960
3969
3970
3972
3973
3974
3976
3977
3979
3980
3981
3990
3991
3993
3994
3995
3997
3998
4000
4001
4002
4004
4005
4007
4008
4009
4018
4019
4021
4022
4023
4025
4026
4028
4029
4030
4039
4040
4042
4043
4044
4046
4047
4049
4050
4051
4053
4054
4056
4057
4058
4116
4117
4119
4120
4121
4123
4124
4126
4127
4128
4137
4138
4140
4141
4142
4144
4145
4147
4148
4149
4151
4152
4154
4155
4156
4165
4166
4168
4169
4170
4172
4173
4175
4176
4177
4186
4187
4189
4190
4191
4193
4194
4196
4197
4198
4200
4201
4203
4204
4205
4263
4264
4266
4267
4268
4270
4271
4273
4274
4275
4284
4285
4287
4288
4289
4291
4292
4294
4295
4296
4298
4299
4301
4302
4303
4312
4313
4315
4316
4317
4319
4320
4322
4323
4324
4333
4334
4336
4337
4338
4340
4341
4343
4344
4345
4347
4348
4350
4351
4352
4361
4362
4364
4365
4366
4368
4369
4371
4372
4373
4382
4383
4385
4386
4387
4389
4390
4392
4393
4394
4396
4397
4399
4400
4401
7203
7204
7206
7207
7208
7210
7211
7213
7214
7215
7224
7225
7227
7228
7229
7231
7232
7234
7235
7236
7238
7239
7241
7242
7243
7252
7253
7255
7256
7257
7259
7260
7262
7263
7264
7273
7274
7276
7277
7278
7280
7281
7283
7284
7285
7287
7288
7290
7291
7292
7350
7351
7353
7354
7355
7357
7358
7360
7361
7362
7371
7372
7374
7375
7376
7378
7379
7381
7382
7383
7385
7386
7388
7389
7390
7399
7400
7402
7403
7404
7406
7407
7409
7410
7411
7420
7421
7423
7424
7425
7427
7428
7430
7431
7432
7434
7435
7437
7438
7439
7448
7449
7451
7452
7453
7455
7456
7458
7459
7460
7469
7470
7472
7473
7474
7476
7477
7479
7480
7481
7483
7484
7486
7487
7488
7546
7547
7549
7550
7551
7553
7554
7556
7557
7558
7567
7568
7570
7571
7572
7574
7575
7577
7578
7579
7581
7582
7584
7585
7586
7595
7596
7598
7599
7600
7602
7603
7605
7606
7607
7616
7617
7619
7620
7621
7623
7624
7626
7627
7628
7630
7631
7633
7634
7635
7693
7694
7696
7697
7698
7700
7701
7703
7704
7705
7714
7715
7717
7718
7719
7721
7722
7724
7725
7726
7728
7729
7731
7732
7733
7742
7743
7745
7746
7747
7749
7750
7752
7753
7754
7763
7764
7766
7767
7768
7770
7771
7773
7774
7775
7777
7778
7780
7781
7782
7791
7792
7794
7795
7796
7798
7799
7801
7802
7803
7812
7813
7815
7816
7817
7819
7820
7822
7823
7824
7826
7827
7829
7830
7831
8232
8233
8235
8236
8237
8239
8240
8242
8243
8244
8253
8254
8256
8257
8258
8260
8261
8263
8264
8265
8267
8268
8270
8271
8272
8281
8282
8284
8285
8286
8288
8289
8291
8292
8293
8302
8303
8305
8306
8307
8309
8310
8312
8313
8314
8316
8317
8319
8320
8321
8379
8380
8382
8383
8384
8386
8387
8389
8390
8391
8400
8401
8403
8404
8405
8407
8408
8410
8411
8412
8414
8415
8417
8418
8419
8428
8429
8431
8432
8433
8435
8436
8438
8439
8440
8449
8450
8452
8453
8454
8456
8457
8459
8460
8461
8463
8464
8466
8467
8468
8477
8478
8480
8481
8482
8484
8485
8487
8488
8489
8498
8499
8501
8502
8503
8505
8506
8508
8509
8510
8512
8513
8515
8516
8517
8575
8576
8578
8579
8580
8582
8583
8585
8586
8587
8596
8597
8599
8600
8601
8603
8604
8606
8607
8608
8610
8611
8613
8614
8615
8624
8625
8627
8628
8629
8631
8632
8634
8635
8636
8645
8646
8648
8649
8650
8652
8653
8655
8656
8657
8659
8660
8662
8663
8664
8722
8723
8725
8726
8727
8729
8730
8732
8733
8734
8743
8744
8746
8747
8748
8750
8751
8753
8754
8755
8757
8758
8760
8761
8762
8771
8772
8774
8775
8776
8778
8779
8781
8782
8783
8792
8793
8795
8796
8797
8799
8800
8802
8803
8804
8806
8807
8809
8810
8811
8820
8821
8823
8824
8825
8827
8828
8830
8831
8832
8841
8842
8844
8845
8846
8848
8849
8851
8852
8853
8855
8856
8858
8859
8860
8918
8919
8921
8922
8923
8925
8926
8928
8929
8930
8939
8940
8942
8943
8944
8946
8947
8949
8950
8951
8953
8954
8956
8957
8958
8967
8968
8970
8971
8972
8974
8975
8977
8978
8979
8988
8989
8991
8992
8993
8995
8996
8998
8999
9000
9002
9003
9005
9006
9007
9065
9066
9068
9069
9070
9072
9073
9075
9076
9077
9086
9087
9089
9090
9091
9093
9094
9096
9097
9098
9100
9101
9103
9104
9105
9114
9115
9117
9118
9119
9121
9122
9124
9125
9126
9135
9136
9138
9139
9140
9142
9143
9145
9146
9147
9149
9150
9152
9153
9154
9163
9164
9166
9167
9168
9170
9171
9173
9174
9175
9184
9185
9187
9188
9189
9191
9192
9194
9195
9196
9198
9199
9201
9202
9203
9604
9605
9607
9608
9609
9611
9612
9614
9615
9616
9625
9626
9628
9629
9630
9632
9633
9635
9636
9637
9639
9640
9642
9643
9644
9653
9654
9656
9657
9658
9660
9661
9663
9664
9665
9674
9675
9677
9678
9679
9681
9682
9684
9685
9686
9688
9689
9691
9692
9693
9751
9752
9754
9755
9756
9758
9759
9761
9762
9763
9772
9773
9775
9776
9777
9779
9780
9782
9783
9784
9786
9787
9789
9790
9791
9800
9801
9803
9804
9805
9807
9808
9810
9811
9812
9821
9822
9824
9825
9826
9828
9829
9831
9832
9833
9835
9836
9838
9839
9840
9849
9850
9852
9853
9854
9856
9857
9859
9860
9861
9870
9871
9873
9874
9875
9877
9878
9880
9881
9882
9884
9885
9887
9888
9889
9947
9948
9950
9951
9952
9954
9955
9957
9958
9959
9968
9969
9971
9972
9973
9975
9976
9978
9979
9980
9982
9983
9985
9986
9987
9996
9997
9999
10000
