2
3
4
5
6
7
8
9
10
11
12
13
14
15
16
17
18
19
20
21
22
23
24
25
26
27
28
29
30
31
32
33
34
35
36
37
38
39
40
41
42
43
44
45
46
47
48
49
50
51
52
53
54
55
56
57
58
59
60
61
62
63
64
65
66
67
68
69
70
71
72
73
74
75
76
77
78
79
80
81
82
83
84
85
86
87
88
89
90
91
92
93
94
95
96
97
98
99
100
101
102
103
104
105
106
107
108
109
110
111
112
113
114
115
116
117
118
119
120
121
122
123
124
125
126
127
128
129
130
131
132
133
134
135
136
137
138
139
140
141
142
143
144
145
147
148
149
150
151
152
153
154
155
156
157
158
159
160
161
162
163
164
165
166
167
168
169
170
171
172
173
174
175
176
177
178
179
180
181
182
183
184
185
186
187
188
189
190
191
192
193
194
196
197
198
199
200
201
202
203
204
205
206
207
208
209
210
211
212
213
214
215
216
217
218
219
220
221
222
223
224
225
226
227
228
229
230
231
232
233
234
235
236
237
238
239
240
241
242
245
246
247
248
249
250
251
252
253
254
255
256
257
258
259
260
261
262
263
264
265
266
267
268
269
270
271
272
273
274
275
276
277
278
279
280
281
282
283
284
285
286
287
288
289
290
291
294
295
296
297
298
299
300
301
302
303
304
305
306
307
308
309
310
311
312
313
314
315
316
318
319
320
321
322
323
343
344
345
346
347
348
349
350
351
352
353
354
355
356
357
358
359
360
361
362
363
364
365
366
367
368
369
370
371
372
373
374
375
376
377
378
379
380
381
382
383
384
385
386
387
392
393
394
395
396
397
398
399
400
401
402
403
404
405
406
407
408
409
410
411
412
413
414
415
416
417
418
419
420
421
422
423
424
425
426
427
428
429
430
431
432
433
434
435
436
441
442
443
444
445
446
447
448
449
450
451
452
453
454
455
456
457
458
459
460
461
462
463
464
465
466
467
468
469
470
471
472
473
474
475
476
477
478
479
480
481
482
483
484
485
490
491
492
493
494
495
497
498
499
500
501
502
504
505
506
507
508
509
511
512
513
514
515
516
518
519
520
521
522
523
525
526
527
528
529
530
539
540
541
542
543
544
546
547
548
549
550
551
553
554
555
556
557
558
560
561
562
563
564
565
567
568
569
570
571
572
574
575
576
577
578
579
588
589
590
591
592
593
595
596
597
598
599
600
602
603
604
605
606
607
609
610
611
612
613
614
616
617
618
619
620
621
623
624
625
626
627
628
686
687
688
689
690
691
693
694
695
696
697
698
700
701
702
703
704
705
707
708
709
710
711
712
714
715
716
717
718
719
721
722
723
724
725
726
735
736
737
738
739
740
742
743
744
745
746
747
749
750
751
752
753
754
756
757
758
759
760
761
763
764
765
766
767
768
770
771
772
773
774
775
784
785
786
787
788
789
791
792
793
794
795
796
798
799
800
801
802
803
805
806
807
808
809
810
812
813
814
815
816
817
819
820
821
822
823
824
833
834
835
836
837
838
840
841
842
843
844
845
847
848
849
850
851
852
854
855
856
857
858
859
861
862
863
864
865
866
868
869
870
871
872
873
882
883
884
885
886
887
889
890
891
892
893
894
896
897
898
899
900
901
903
904
905
906
907
908
910
911
912
913
914
915
917
918
919
920
921
922
931
932
933
934
935
936
938
939
940
941
942
943
945
946
947
948
949
950
952
953
954
955
956
957
959
960
961
962
963
964
966
967
968
969
970
971
