2
3
4
5
6
7
8
9
10
11
12
13
14
15
16
17
18
19
20
21
22
23
24
25
26
27
28
29
30
31
32
34
35
36
37
38
39
40
42
43
44
45
46
47
49
50
51
52
53
55
56
57
58
59
60
61
62
63
64
65
67
68
69
70
71
73
75
76
82
83
84
85
87
88
91
92
94
95
96
97
98
99
100
105
106
107
112
113
114
117
121
124
125
131
132
133
134
135
136
137
138
140
141
142
143
145
146
147
148
150
154
155
156
157
158
159
160
161
162
163
165
166
167
168
169
170
171
172
174
175
176
189
190
191
195
196
197
200
234
235
241
242
262
263
266
267
268
269
270
273
274
275
276
277
283
284
290
291
311
312
315
316
317
318
319
322
323
324
325
326
332
333
343
344
346
350
351
353
355
356
362
363
364
365
367
392
393
395
399
400
402
404
405
411
412
413
414
416
418
419
425
426
427
428
430
434
435
437
439
440
467
468
474
475
476
477
479
483
484
486
488
489
490
491
493
497
498
500
