2
4
7
8
9
11
14
15
16
22
23
25
28
29
30
32
37
39
43
44
46
49
50
51
53
56
57
58
63
64
65
74
77
78
79
85
86
88
92
93
95
98
99
100
102
105
106
107
112
113
114
148
151
154
158
161
169
170
172
175
176
177
179
183
184
186
190
193
196
197
198
200
203
204
210
221
224
225
228
267
268
270
273
274
275
295
296
298
301
302
305
308
312
316
319
322
324
333
337
338
340
343
344
345
347
350
351
352
354
357
358
359
366
368
371
372
373
375
380
386
387
392
393
394
396
399
400
401
406
407
408
424
441
442
443
448
449
450
455
456
457
518
526
527
539
540
546
561
569
575
578
590
592
596
602
610
611
616
617
627
632
638
639
644
645
651
666
674
676
680
681
686
687
688
693
694
695
700
701
702
714
715
735
736
737
742
743
744
749
750
751
760
767
784
785
786
791
792
793
798
799
800
1051
1054
1057
1072
1075
1078
1079
1100
1121
1127
1128
1150
1170
1201
1204
1205
1208
1222
1225
1226
1229
1232
1233
1247
1250
1253
1254
1257
1281
1288
1304
1310
1311
1330
1351
1372
1373
1376
1379
1380
1394
1397
1400
1401
1404
1421
1422
1425
1428
1429
1444
1464
1470
1471
1493
1544
1547
1548
1551
1568
1569
1572
1575
1576
1593
1596
1597
1600
1869
1873
1880
1911
1912
1918
1950
2101
2102
2104
2107
2108
2109
2114
2115
2129
2135
2136
2144
2146
2150
2151
2156
2157
2158
2174
2178
2184
2185
2193
2199
2200
2212
2216
2223
2241
2242
2248
2251
2254
2255
2258
2268
2276
2279
2290
2291
2297
2300
2401
2402
2403
2405
2408
2409
2410
2412
2415
2416
2417
2423
2424
2426
2429
2430
2431
2433
2440
2444
2445
2447
2450
2451
2452
2454
2457
2458
2459
2464
2465
2466
2478
2479
2487
2489
2493
2494
2499
2500
2501
2506
2507
2508
2513
2514
2515
2562
2573
2576
2577
2580
2584
2585
2591
2597
2598
2601
2604
2605
2611
2622
2625
2626
2629
2702
2703
2709
2744
2745
2746
2748
2751
2752
2753
2758
2759
2760
2769
2772
2773
2776
2787
2788
2793
2794
2795
2797
2800
2801
2802
2807
2808
2809
2842
2843
2844
2849
2850
2851
2856
2857
2858
3087
3088
3089
3094
3095
3096
3101
3102
3103
3136
3137
3138
3143
3144
3145
3150
3151
3152
3185
3186
3187
3192
3193
3194
3199
3200
3201
3735
3742
3746
3773
3774
3780
3784
3812
3822
3823
4008
4040
4046
4047
4078
4085
4089
4202
4208
4209
4214
4215
4216
4251
4257
4258
4270
4274
4281
4300
4312
4313
4319
4351
4502
4503
4508
4509
4510
4515
4516
4545
4551
4552
4557
4558
4559
4594
4600
4601
4802
4803
4804
4809
4810
4811
4816
4817
4818
4845
4846
4851
4852
4853
4858
4859
4860
4865
4866
4867
4888
4894
4895
4900
4901
4902
4907
4908
4909
4914
4915
4916
5145
5146
5147
5152
5153
5154
5159
5160
5161
5194
5195
5196
5201
5202
5203
5208
5209
5210
5243
5244
5245
5250
5251
5252
5257
5258
5259
5488
5489
5490
5495
5496
5497
5502
5503
5504
5537
5538
5539
5544
5545
5546
5551
5552
5553
5586
5587
5588
5593
5594
5595
5600
5601
5602
8404
8407
8408
8411
8428
8429
8432
8435
8436
8453
8456
8457
8460
8575
8576
8579
8582
8583
8600
8603
8604
8607
8624
8625
8628
8631
8632
8747
8750
8751
8754
8771
8772
8775
8778
8779
8796
8799
8800
8803
9604
9605
9608
9611
9612
9629
9632
9633
9636
9653
9654
9657
9660
9661
9776
9779
9780
9783
9800
9801
9804
9807
9808
9825
9828
9829
9832
9947
9948
9951
9954
9955
9972
9975
9976
9979
9996
9997
10000
10003
10004
10805
10808
10809
10812
10829
10830
10833
10836
10837
10854
10857
10858
10861
10976
10977
10980
10983
10984
11001
11004
11005
11008
11025
11026
11029
11032
11033
11148
11151
11152
11155
11172
11173
11176
11179
11180
11197
11200
11201
11204
16807
16808
16809
16811
16814
16815
16816
16821
16822
16823
16832
16835
16836
16839
16856
16857
16858
16860
16863
16864
16865
16870
16871
16872
16905
16906
16907
16912
16913
16914
16919
16920
16921
16979
16982
16983
16986
17003
17004
17007
17010
17011
17028
17031
17032
17035
17150
17151
17152
17154
17157
17158
17159
17164
17165
17166
17175
17178
17179
17182
17199
17200
17201
17203
17206
17207
17208
17213
17214
17215
17248
17249
17250
17255
17256
17257
17262
17263
17264
17493
17494
17495
17500
17501
17502
17507
17508
17509
17542
17543
17544
17549
17550
17551
17556
17557
17558
17591
17592
17593
17598
17599
17600
17605
17606
17607
18008
18011
18012
18015
18032
18033
18036
18039
18040
18057
18060
18061
18064
18179
18180
18183
18186
18187
18204
18207
18208
18211
18228
18229
18232
18235
18236
18351
18354
18355
18358
18375
18376
18379
18382
18383
18400
18403
18404
18407
19208
19209
19210
19212
19215
19216
19217
19222
19223
19224
19233
19236
19237
19240
19257
19258
19259
19261
19264
19265
19266
19271
19272
19273
19306
19307
19308
19313
19314
19315
19320
19321
19322
19380
19383
19384
19387
19404
19405
19408
19411
19412
19429
19432
19433
19436
19551
19552
19553
19555
19558
19559
19560
19565
19566
19567
19576
19579
19580
19583
19600
19601
19602
19604
19607
19608
19609
19614
19615
19616
19649
19650
19651
19656
19657
19658
19663
19664
19665
19894
19895
19896
19901
19902
19903
19908
19909
19910
19943
19944
19945
19950
19951
19952
19957
19958
19959
19992
19993
19994
19999
20000
20001
20006
20007
20008
21609
21610
21611
21616
21617
21618
21623
21624
21625
21658
21659
21660
21665
21666
21667
21672
21673
21674
21707
21708
21709
21714
21715
21716
21721
21722
21723
21952
21953
21954
21959
21960
21961
21966
21967
21968
22001
22002
22003
22008
22009
22010
22015
22016
22017
22050
22051
22052
22057
22058
22059
22064
22065
22066
22295
22296
22297
22302
22303
22304
22309
22310
22311
22344
22345
22346
22351
22352
22353
22358
22359
22360
22393
22394
22395
22400
22401
22402
22407
22408
22409
33614
33615
33616
33621
33622
33623
33628
33629
33630
33663
33664
33665
33670
33671
33672
33677
33678
33679
33712
33713
33714
33719
33720
33721
33726
33727
33728
33957
33958
33959
33964
33965
33966
33971
33972
33973
34006
34007
34008
34013
34014
34015
34020
34021
34022
34055
34056
34057
34062
34063
34064
34069
34070
34071
34300
34301
34302
34307
34308
34309
34314
34315
34316
34349
34350
34351
34356
34357
34358
34363
34364
34365
34398
34399
34400
34405
34406
34407
34412
34413
34414
36015
36016
36017
36022
36023
36024
36029
36030
36031
36064
36065
36066
36071
36072
36073
36078
36079
36080
36113
36114
36115
36120
36121
36122
36127
36128
36129
36358
36359
36360
36365
36366
36367
36372
36373
36374
36407
36408
36409
36414
36415
36416
36421
36422
36423
36456
36457
36458
36463
36464
36465
36470
36471
36472
36701
36702
36703
36708
36709
36710
36715
36716
36717
36750
36751
36752
36757
36758
36759
36764
36765
36766
36799
36800
36801
36806
36807
36808
36813
36814
36815
38416
38417
38418
38423
38424
38425
38430
38431
38432
38465
38466
38467
38472
38473
38474
38479
38480
38481
38514
38515
38516
38521
38522
38523
38528
38529
38530
38759
38760
38761
38766
38767
38768
38773
38774
38775
38808
38809
38810
38815
38816
38817
38822
38823
38824
38857
38858
38859
38864
38865
38866
38871
38872
38873
39102
39103
39104
39109
39110
39111
39116
39117
39118
39151
39152
39153
39158
39159
39160
39165
39166
39167
39200
39201
39202
39207
39208
39209
39214
39215
39216
