2
3
4
5
6
7
8
9
10
11
12
13
14
15
16
17
18
19
20
21
22
23
24
25
26
27
28
29
30
31
32
33
34
35
36
37
38
39
40
41
42
43
44
45
46
47
48
49
50
51
52
53
54
55
56
57
58
59
60
61
62
63
64
65
66
67
68
69
70
71
72
73
74
75
76
77
78
79
80
81
82
83
84
85
86
87
88
89
91
92
93
94
95
96
97
98
99
100
101
103
104
105
106
107
108
109
110
111
112
113
114
115
116
117
118
119
120
121
122
123
124
125
126
127
129
130
131
132
133
134
135
136
138
139
140
141
142
143
145
146
147
148
149
150
151
152
153
154
155
156
157
158
159
160
161
162
163
164
165
166
167
168
169
170
171
172
173
174
175
176
178
179
180
182
183
185
189
190
191
192
193
194
195
196
197
199
200
201
203
204
206
207
208
213
215
217
218
219
220
221
222
224
225
227
228
229
231
232
233
234
236
242
243
245
246
247
248
249
250
252
253
254
255
256
257
259
260
261
262
264
266
267
268
269
276
278
280
281
282
283
285
292
294
295
296
297
300
301
302
303
304
307
308
309
310
311
314
315
316
317
318
319
320
321
322
323
325
326
327
329
330
331
332
336
337
338
339
340
341
342
343
344
345
346
347
348
349
350
351
352
353
354
355
356
357
358
359
360
363
364
365
366
367
368
369
370
371
372
374
375
376
378
379
381
385
386
387
388
389
390
391
392
393
394
395
396
397
398
399
400
401
402
403
404
405
406
407
408
409
412
413
414
415
416
417
418
419
420
421
423
424
425
427
428
430
434
435
436
437
438
439
440
441
442
443
444
447
448
449
450
451
454
455
456
457
458
461
462
463
464
465
468
483
484
485
486
489
490
491
492
493
494
495
496
497
498
499
500
503
504
505
506
507
510
511
512
513
514
517
532
533
534
535
538
637
638
639
640
643
644
645
646
647
650
651
652
653
654
657
658
659
660
661
664
679
680
681
682
685
686
687
688
689
692
693
694
695
696
699
700
701
702
703
706
707
708
709
710
713
728
729
730
731
734
735
736
737
738
741
742
743
744
745
748
749
750
751
752
755
756
757
758
759
762
777
778
779
780
783
784
785
786
787
790
791
792
793
794
797
798
799
800
801
804
805
806
807
808
811
826
827
828
829
832
833
834
835
836
839
840
841
842
843
846
847
848
849
850
853
854
855
856
857
860
875
876
877
878
881
980
981
982
983
986
987
988
989
990
993
994
995
996
997
1000
