6
7
8
13
15
27
34
42
43
48
49
50
55
56
57
62
64
85
91
92
97
104
105
162
181
188
189
211
237
258
265
294
295
300
301
302
307
336
337
342
343
344
349
350
351
356
385
386
391
392
393
398
399
400
405
434
435
440
559
595
637
638
643
644
645
650
679
680
685
2058
2059
2064
2065
2066
2071
2100
2101
2106
2107
2108
2113
2114
2115
2120
2149
2150
2155
2352
2353
2358
2359
2360
2365
2394
2395
2400
2401
2402
2407
2408
2409
2414
2443
2444
2449
2450
2451
2456
2457
2458
2463
2492
2493
2498
2695
2696
2701
2702
2703
2708
2737
2738
2743
2744
2745
2750
2751
2752
2757
2786
2787
2792
2793
2794
2799
2800
2801
2806
2835
2836
2841
3038
3039
3044
3045
3046
3051
3080
3081
3086
4459
4460
4465
4466
4467
4472
4501
4502
4507
4508
4509
4514
4515
4516
4521
4550
4551
4556
4753
4754
4759
4760
4761
4766
4795
4796
4801
