2
3
4
5
6
7
8
9
10
11
12
13
14
15
16
17
18
19
20
21
22
23
24
25
26
27
28
29
30
31
32
33
34
35
36
37
38
39
40
41
42
43
44
45
46
47
48
49
50
51
52
53
54
55
56
57
58
59
60
61
62
63
64
65
66
67
68
69
70
71
72
73
74
75
76
77
78
79
80
81
82
83
84
85
86
87
88
89
90
91
92
93
94
95
96
97
98
99
100
101
102
103
104
105
106
107
108
109
110
111
112
113
114
117
118
121
124
125
126
127
129
130
131
132
133
134
135
138
139
140
141
142
144
145
146
147
148
149
150
151
152
153
154
155
156
157
158
159
160
161
162
163
164
165
166
167
168
169
170
171
172
173
174
175
176
177
178
179
180
181
182
183
184
185
186
187
188
189
190
191
192
193
194
195
196
197
198
199
200
201
202
203
204
205
206
207
209
210
211
212
213
214
215
216
217
218
219
220
221
222
223
224
225
226
227
228
229
230
231
232
233
234
235
236
237
238
239
240
241
242
243
244
245
246
247
248
250
251
252
253
254
255
256
257
258
259
260
261
262
263
264
265
266
267
268
269
270
271
272
273
274
275
276
277
278
279
280
281
282
283
284
285
286
287
288
289
290
291
292
293
294
295
296
297
298
299
300
301
302
303
304
305
306
307
308
309
310
311
312
313
314
315
316
317
318
319
320
321
322
323
324
325
326
327
328
329
330
331
333
334
335
336
337
338
339
340
343
344
345
347
348
349
350
351
352
353
354
355
356
357
358
359
362
363
364
365
366
367
368
369
370
371
372
373
374
375
376
377
378
379
380
381
382
383
384
385
386
387
388
389
390
391
392
393
394
395
396
397
398
399
400
401
402
403
404
405
406
407
408
409
410
411
412
413
414
415
416
417
418
419
420
421
422
424
425
426
427
428
429
430
431
432
433
434
435
436
437
438
440
441
442
443
444
445
447
448
449
450
451
452
453
454
455
456
457
458
459
460
461
462
463
464
465
466
467
468
469
470
471
472
473
474
475
476
477
478
479
480
481
482
483
484
485
486
487
489
490
491
493
494
495
496
497
498
500
501
503
504
505
507
508
510
511
512
514
515
516
517
518
519
520
521
523
524
525
526
527
528
529
530
531
532
533
534
535
536
537
538
539
540
542
543
544
545
546
547
549
550
552
553
559
565
566
567
568
569
571
572
573
574
575
576
577
578
579
580
581
582
583
584
585
588
589
590
595
596
597
600
601
602
603
604
605
606
607
608
609
610
611
612
613
614
615
616
617
618
621
622
623
624
625
626
627
628
629
630
631
632
633
634
637
638
639
643
644
645
646
647
648
649
650
651
652
653
654
655
656
657
658
659
661
662
664
665
666
686
687
688
693
694
695
698
699
700
701
702
705
706
735
736
737
742
743
744
747
748
749
750
751
754
755
761
762
768
769
770
771
772
775
776
777
778
779
784
785
786
791
792
793
796
797
798
799
800
803
804
810
811
817
818
819
820
821
824
825
826
827
828
859
860
866
867
868
869
870
873
874
875
876
877
908
909
915
916
917
918
919
922
923
924
925
926
931
932
933
938
939
940
943
944
945
946
947
950
951
957
958
961
964
965
966
967
968
971
972
973
974
975
980
981
982
985
986
987
988
989
992
993
994
995
996
999
1000
1003
1006
1007
1010
1013
1014
1015
1016
1017
1098
1101
1104
1105
1118
1120
1121
1122
1125
1127
1128
1132
1133
1134
1135
1140
1141
1142
1143
1147
1150
1153
1154
1167
1169
1170
1171
1174
1189
1190
1191
1192
1196
1199
1201
1202
1203
1204
1205
1206
1207
1208
1209
1210
1211
1212
1213
1216
1218
1219
1220
1223
1225
1226
1229
1231
1232
1233
1235
1238
1239
1240
1241
1242
1243
1245
1246
1247
1250
1253
1254
1255
1256
1257
1258
1259
1260
1261
1262
1263
1265
1266
1267
1268
1269
1270
1271
1272
1274
1275
1279
1280
1281
1282
1287
1288
1289
1290
1304
1307
1308
1309
1310
1311
1323
1324
1328
1329
1330
1331
1336
1337
1338
1339
1343
1346
1349
1350
1353
1356
1357
1358
1359
1360
1372
1373
1376
1378
1379
1380
1382
1397
1400
1401
1403
1404
1406
1410
1413
1414
1415
1417
1418
1421
1422
1425
1427
1428
1429
1431
1434
1438
1439
1441
1442
1443
1444
1447
1448
1459
1461
1462
1463
1464
1465
1466
1467
1468
1470
1471
1475
1476
1477
1478
1483
1484
1485
1486
1487
1488
1490
1491
1492
1493
1495
1496
1497
1498
1499
1501
1502
1504
1508
1511
1512
1513
1515
1516
1519
1520
1523
1525
1526
1527
1529
1544
1547
1548
1550
1551
1553
1568
1569
1572
1574
1575
1576
1578
1581
1582
1583
1584
1585
1586
1588
1589
1590
1593
1596
1597
1598
1599
1600
1601
1602
1603
1604
1605
1606
1607
1608
1609
1610
1611
1612
1613
1614
1615
1617
1618
1622
1623
1624
1625
1630
1631
1632
1633
1634
1635
1637
1638
1639
1641
1642
1644
1645
1646
1647
1650
1651
1652
1653
1654
1655
1656
1658
1659
1660
1662
1663
1666
1667
1670
1671
1672
1673
1674
1676
1677
1679
1680
1681
1682
1683
1684
1686
1687
1688
1689
1690
1691
1692
1693
1694
1695
1696
1697
1698
1699
1700
1701
1702
1703
1715
1716
1720
1721
1722
1723
1735
1738
1741
1742
1745
1748
1749
1750
1751
1752
1755
1757
1758
1759
1762
1764
1765
1769
1770
1771
1772
1784
1787
1790
1791
1802
1804
1805
1806
1807
1808
1809
1810
1811
1813
1814
1818
1819
1820
1821
1826
1827
1828
1829
1830
1831
1833
1834
1835
1836
1837
1838
1839
1840
1841
1842
1844
1845
1847
1851
1854
1855
1856
1858
1859
1862
1863
1866
1868
1869
1870
1872
1873
1875
1879
1880
1883
1884
1886
1887
1889
1890
1891
1896
1900
1901
1903
1904
1905
1907
1908
1911
1912
1917
1918
1919
1921
1922
1924
1925
1926
1927
1941
1944
1945
1946
1947
1948
1949
1950
1951
1952
1953
1954
1955
1956
1957
1958
1960
1961
1965
1966
1967
1968
1973
1974
1975
1976
1977
1978
1980
1981
1982
1984
1985
1987
1988
1989
1994
1998
1999
2001
2002
2003
2005
2006
2009
2010
2013
2015
2016
2017
2019
2020
2022
2026
2027
2029
2030
2031
2033
2034
2036
2037
2038
2040
2041
2043
2058
2059
2062
2064
2065
2066
2068
2069
2071
2083
2086
2087
2089
2090
2092
2096
2097
2099
2100
2101
2103
2104
2107
2108
2111
2113
2114
2115
2117
2118
2120
2124
2125
2127
2128
2129
2131
2132
2134
2135
2136
2141
2145
2146
2148
2149
2150
2152
2153
2169
2173
2174
2176
2177
2178
2180
2181
2183
2184
2185
2187
2188
2190
2194
2197
2198
2199
2201
2202
2205
2206
2209
2211
2212
2213
2215
2216
2218
2222
2223
2226
2227
2229
2230
2232
2233
2234
2236
2237
2239
2243
2244
2246
2247
2248
2250
2251
2254
2255
2258
2260
2261
2262
2264
2265
2267
2271
2272
2274
2275
2276
2279
2282
2283
2285
2286
2288
2292
2295
2296
2297
2299
2300
2401
2402
2403
2405
2407
2408
2409
2410
2411
2412
2413
2414
2415
2416
2417
2420
2421
2426
2429
2430
2432
2433
2435
2439
2440
2442
2443
2444
2446
2447
2450
2451
2452
2454
2456
2457
2458
2459
2460
2461
2462
2463
2464
2465
2466
2467
2468
2469
2470
2471
2472
2474
2475
2476
2477
2478
2479
2483
2484
2485
2486
2487
2488
2489
2490
2491
2492
2493
2494
2495
2496
2499
2500
2501
2506
2507
2508
2511
2512
2513
2514
2515
2518
2519
2525
2526
2532
2533
2534
2535
2536
2539
2540
2541
2542
2543
2631
2635
2636
2638
2639
2640
2642
2643
2663
2664
2667
2668
2670
2671
2673
2674
2675
2680
2684
2685
2687
2688
2689
2691
2692
2695
2696
2701
2702
2703
2705
2706
2708
2712
2713
2716
2717
2719
2720
2722
2723
2724
2744
2745
2746
2750
2751
2752
2753
2754
2755
2756
2757
2758
2759
2760
2763
2764
2778
2782
2783
2785
2786
2787
2789
2790
2793
2794
2795
2799
2800
2801
2802
2803
2804
2805
2806
2807
2808
2809
2810
2811
2812
2813
2814
2815
2817
2818
2819
2820
2821
2822
2826
2827
2828
2829
2830
2831
2832
2833
2834
2835
2836
2837
2838
2839
2842
2843
2844
2849
2850
2851
2854
2855
2856
2857
2858
2859
2860
2861
2862
2863
2864
2866
2867
2868
2869
2870
2871
2875
2876
2877
2878
2879
2882
2883
2884
2885
2886
2891
2892
2897
2898
2899
2901
2902
2904
2908
2909
2912
2913
2915
2916
2917
2918
2919
2920
2924
2925
2926
2927
2928
2929
2930
2931
2932
2933
2934
2935
2936
2937
2940
2941
2946
2947
2948
2950
2951
2953
2966
2967
2973
2974
2975
2976
2977
2978
2979
2980
2981
2982
2983
2984
2985
2986
2989
2990
2991
2996
2997
2998
3001
3002
3003
3004
3005
3006
3007
3008
3009
3010
3011
3013
3014
3015
3016
3017
3018
3022
3023
3024
3025
3026
3027
3028
3029
3030
3031
3032
3033
3034
3035
3038
3039
3040
3044
3045
3046
3047
3048
3049
3050
3051
3052
3053
3054
3055
3056
3057
3058
3059
3060
3062
3063
3065
3066
3067
3087
3088
3089
3094
3095
3096
3099
3100
3101
3102
3103
3106
3107
3136
3137
3138
3143
3144
3145
3148
3149
3150
3151
3152
3155
3156
3162
3163
3169
3170
3171
3172
3173
3176
3177
3178
3179
3180
3185
3186
3187
3192
3193
3194
3197
3198
3199
3200
3201
3202
3203
3204
3205
3206
3207
3209
3210
3211
3212
3213
3214
3218
3219
3220
3221
3222
3225
3226
3227
3228
3229
3234
3235
3240
3241
3242
3244
3245
3247
3251
3252
3255
3256
3258
3259
3260
3261
3262
3263
3267
3268
3269
3270
3271
3272
3273
3274
3275
3276
3277
3278
3279
3280
3283
3284
3289
3290
3291
3293
3294
3296
3309
3310
3316
3317
3318
3319
3320
3323
3324
3325
3326
3327
3332
3333
3334
3339
3340
3341
3344
3345
3346
3347
3348
3351
3352
3358
3359
3365
3366
3367
3368
3369
3372
3373
3374
3375
3376
3381
3382
3383
3388
3389
3390
3393
3394
3395
3396
3397
3400
3401
3603
3604
3610
3611
3612
3613
3614
3617
3618
3619
3620
3621
3652
3653
3659
3660
3661
3662
3663
3666
3667
3668
3669
3670
3675
3676
3677
3682
3683
3684
3687
3688
3689
3690
3691
3694
3695
3701
3702
3708
3709
3710
3711
3712
3715
3716
3717
3718
3719
3724
3725
3726
3731
3732
3733
3736
3737
3738
3739
3740
3743
3744
3946
3947
3953
3954
3955
3956
3957
3960
3961
3962
3963
3964
3995
3996
4002
4003
4004
4005
4006
4009
4010
4011
4012
4013
4018
4019
4020
4025
4026
4027
4030
4031
4032
4033
4034
4037
4038
4044
4045
4051
4052
4053
4054
4055
4058
4059
4060
4061
4062
4067
4068
4069
4074
4075
4076
4079
4080
4081
4082
4083
4086
4087
4116
4117
4118
4123
4124
4125
4128
4129
4130
4131
4132
4135
4136
4165
4166
4167
4172
4173
4174
4177
4178
4179
4180
4181
4184
4185
4191
4192
4198
4199
4200
4201
4202
4205
4206
4207
4208
4209
4214
4215
4216
4221
4222
4223
4226
4227
4228
4229
4230
4233
4234
4240
4241
4247
4248
4249
4250
4251
4254
4255
4256
4257
4258
4289
4290
4296
4297
4298
4299
4300
4303
4304
4305
4306
4307
4338
4339
4345
4346
4347
4348
4349
4352
4353
4354
4355
4356
4361
4362
4363
4368
4369
4370
4373
4374
4375
4376
4377
4380
4381
4387
4388
4394
4395
4396
4397
4398
4401
4402
4403
4404
4405
4410
4411
4412
4417
4418
4419
4422
4423
4424
4425
4426
4429
4430
4459
4460
4461
4466
4467
4468
4471
4472
4473
4474
4475
4478
4479
4508
4509
4510
4515
4516
4517
4520
4521
4522
4523
4524
4527
4528
4534
4535
4541
4542
4543
4544
4545
4548
4549
4550
4551
4552
4557
4558
4559
4564
4565
4566
4569
4570
4571
4572
4573
4576
4577
4583
4584
4590
4591
4592
4593
4594
4597
4598
4599
4600
4601
4802
4803
4804
4809
4810
4811
4814
4815
4816
4817
4818
4821
4822
4851
4852
4853
4858
4859
4860
4863
4864
4865
4866
4867
4870
4871
4877
4878
4884
4885
4886
4887
4888
4891
4892
4893
4894
4895
4900
4901
4902
4907
4908
4909
4912
4913
4914
4915
4916
4919
4920
4926
4927
4933
4934
4935
4936
4937
4940
4941
4942
4943
4944
