4
7
8
28
30
32
36
37
43
46
49
50
51
56
57
65
79
86
95
177
190
196
197
204
210
211
212
224
226
239
240
259
260
274
288
295
301
303
312
316
323
337
340
343
344
347
350
351
361
365
368
373
380
382
387
392
393
399
400
422
438
455
494
498
508
512
520
553
554
578
582
585
602
617
632
634
645
655
662
665
666
1290
1304
1327
1334
1355
1372
1373
1376
1379
1470
1471
1477
1478
1484
1523
1548
1551
1568
1569
1591
1647
1654
1670
1677
1680
1681
1688
1695
1696
1703
1813
1814
1820
1821
2011
2016
2101
2107
2108
2150
2174
2184
2212
2216
2256
2261
2263
2311
2401
2402
2405
2408
2409
2429
2431
2433
2438
2444
2450
2451
2457
2458
2496
2528
2555
2559
2577
2580
2611
2612
2641
2660
2661
2674
2744
2745
2751
2752
2774
2781
2793
2794
2800
2801
2839
2986
3035
3056
3063
3066
3067
3243
3299
3515
3546
3556
3574
3584
3586
3740
3760
3767
3812
4008
4012
4015
4046
4064
4074
4085
4092
4095
4096
4358
4407
4428
4435
4438
4439
4575
4582
4585
4586
4624
4631
4634
4635
4655
4656
4662
4663
10089
10138
10290
10291
10297
10298
10320
10327
10339
10340
10346
10347
10432
10481
11529
11530
11559
11578
11579
11760
11761
11767
11768
11872
11873
11902
11921
11922
12490
12539
12691
12692
12698
12699
12721
12728
12740
12741
12747
12748
12833
12882
16807
16808
16814
16815
16837
16844
16856
16857
16863
16864
16902
17017
17018
17047
17066
17067
17150
17151
17157
17158
17180
17187
17199
17200
17206
17207
17245
17392
17441
17462
17469
17472
17473
18277
18278
18284
18285
18454
18461
18487
18488
18503
18510
18620
18621
18627
18628
19208
19209
19215
19216
19238
19245
19257
19258
19264
19265
19303
19418
19419
19448
19467
19468
19551
19552
19558
19559
19581
19588
19600
19601
19607
19608
19646
19793
19842
19863
19870
19873
19874
20822
20871
20892
20899
20902
20903
21165
21214
21235
21242
21245
21246
21382
21389
21392
21393
21431
21438
21441
21442
21462
21463
21469
21470
28025
28074
28095
28102
28105
28106
28368
28417
28438
28445
28448
28449
28585
28592
28595
28596
28634
28641
28644
28645
28665
28666
28672
28673
30426
30475
30496
30503
30506
30507
30769
30818
30839
30846
30849
30850
30986
30993
30996
30997
31035
31042
31045
31046
31066
31067
31073
31074
32015
32022
32025
32026
32064
32071
32074
32075
32095
32096
32102
32103
32358
32365
32368
32369
32407
32414
32417
32418
32438
32439
32445
32446
32585
32586
32592
32593
32634
32635
32641
32642
32680
