2
3
4
5
6
7
8
9
10
11
12
13
14
15
16
17
18
19
20
21
22
23
24
25
26
27
28
29
30
31
32
33
34
35
36
37
38
39
40
41
42
43
44
45
46
47
48
49
50
51
52
53
54
55
56
57
58
59
60
61
62
63
64
65
66
67
68
69
70
71
73
74
75
76
77
78
79
80
81
82
83
84
85
86
87
88
89
90
91
92
93
94
95
96
97
98
99
100
101
102
103
104
105
106
107
108
109
110
111
112
113
114
115
116
117
118
119
120
121
122
123
124
125
126
127
128
129
130
131
132
133
134
135
136
137
138
139
140
141
142
143
144
146
147
148
150
151
152
153
154
155
156
157
158
159
160
161
162
163
164
166
167
168
169
170
171
172
174
175
176
177
178
179
180
181
182
183
184
185
186
187
188
189
190
191
192
193
194
195
196
197
198
199
200
201
202
203
204
205
207
209
210
211
212
213
214
215
216
217
218
219
220
221
222
223
224
225
226
227
228
229
230
231
232
233
234
236
237
238
239
242
244
245
246
247
248
249
250
251
252
253
254
255
256
257
258
259
260
261
262
264
265
266
267
268
270
272
273
274
275
276
278
279
280
281
282
283
285
286
287
288
289
292
294
295
296
297
298
299
300
301
302
303
305
307
308
309
311
312
313
314
315
316
317
318
319
322
323
324
325
326
327
328
329
330
331
332
333
334
336
337
338
339
340
341
342
343
344
345
346
347
348
349
350
351
352
353
354
355
356
357
358
359
360
361
362
363
364
365
366
368
369
370
371
372
373
374
375
376
377
378
379
380
383
384
385
386
387
391
392
393
394
395
396
397
398
399
400
401
402
403
404
405
406
407
408
409
410
411
412
413
414
418
419
420
421
423
424
425
426
427
428
429
430
432
433
434
435
436
437
439
440
441
442
443
444
445
446
448
449
450
451
452
453
454
455
456
457
458
459
460
461
462
463
466
467
468
469
470
473
474
475
476
477
478
479
481
482
483
484
489
490
491
493
496
497
498
500
501
503
505
507
513
516
517
518
519
521
522
523
524
525
526
527
529
531
532
533
534
535
536
537
538
539
540
542
543
545
546
547
549
551
552
553
554
555
556
559
560
561
566
567
569
570
572
573
574
575
577
578
579
580
581
582
583
584
585
587
588
589
590
591
592
593
594
595
596
597
598
599
600
601
602
603
604
605
607
609
610
611
614
616
617
619
621
622
623
624
625
627
628
629
630
631
632
634
636
637
638
639
640
641
644
645
647
649
650
651
652
655
656
657
658
659
660
663
664
665
666
668
670
671
673
674
675
676
678
679
680
681
686
687
688
691
692
693
694
695
696
698
699
700
701
702
705
708
709
711
713
714
715
718
719
720
721
722
723
724
725
726
728
729
730
731
732
734
735
736
737
739
740
741
742
743
744
745
747
748
749
750
751
752
753
754
755
757
760
762
764
765
766
767
768
769
770
771
772
774
775
776
777
778
780
781
784
785
786
787
788
789
791
792
793
795
796
797
798
799
800
802
803
804
806
807
809
810
811
812
813
817
818
819
820
821
822
824
825
826
827
828
831
832
833
834
835
836
837
839
840
841
842
843
846
847
848
849
850
852
853
855
856
858
860
861
862
863
864
865
866
867
869
874
875
876
882
883
885
886
888
889
890
891
898
900
901
902
903
904
906
907
909
910
911
914
915
916
917
918
919
920
922
924
925
928
930
931
932
933
934
936
938
939
940
943
945
946
947
950
951
952
953
958
960
962
963
965
966
967
968
969
971
972
973
974
976
977
979
980
981
983
984
986
987
988
992
993
994
995
996
998
1000
1001
1002
1007
1008
1009
1010
1011
1012
1013
1014
1016
1017
1018
1020
1021
1022
1024
1026
1028
1029
1030
1032
1033
1035
1036
1037
1039
1040
1042
1044
1046
1049
1050
1051
1053
1054
1055
1056
1057
1058
1060
1063
1065
1066
1067
1068
1069
1072
1075
1078
1079
1081
1085
1086
1088
1090
1093
1094
1098
1099
1100
1102
1105
1107
1109
1115
1116
1118
1119
1120
1121
1122
1124
1125
1126
1127
1128
1134
1138
1139
1140
1141
1142
1144
1146
1147
1148
1149
1150
1151
1153
1154
1156
1158
1160
1161
1162
1163
1165
1166
1167
1169
1170
1173
1174
1176
1177
1179
1183
1185
1186
1201
1203
1204
1205
1208
1210
1217
1218
1219
1222
1225
1226
1228
1229
1231
1232
1233
1236
1238
1239
1240
1243
1244
1245
1246
1247
1250
1252
1253
1254
1257
1259
1261
1263
1267
1268
1269
1274
1275
1277
1280
1281
1282
1283
1287
1288
1289
1290
1297
1298
1299
1302
1304
1305
1307
1308
1309
1310
1311
1312
1313
1314
1315
1316
1317
1318
1320
1321
1323
1324
1326
1327
1329
1330
1331
1332
1334
1336
1338
1341
1342
1343
1345
1351
1354
1356
1357
1358
1359
1360
1362
1363
1365
1366
1372
1373
1376
1378
1379
1380
1383
1385
1387
1389
1390
1392
1393
1394
1395
1397
1399
1400
1401
1402
1404
1406
1408
1410
1411
1412
1414
1415
1417
1419
1420
1421
1422
1424
1425
1427
1428
1429
1434
1438
1439
1441
1443
1444
1449
1450
1455
1457
1458
1459
1460
1462
1463
1464
1466
1468
1469
1470
1471
1474
1475
1483
1489
1492
1493
1495
1497
1498
1499
1502
1503
1504
1505
1506
1507
1510
1512
1513
1514
1519
1520
1521
1522
1524
1525
1526
1527
1528
1530
1532
1533
1534
1537
1539
1540
1544
1545
1546
1547
1548
1551
1552
1553
1554
1555
1556
1557
1559
1561
1562
1563
1564
1567
1568
1569
1571
1572
1573
1574
1575
1576
1581
1586
1587
1588
1589
1590
1591
1593
1594
1595
1596
1597
1600
1601
1602
1603
1604
1606
1609
1610
1611
1617
1618
1619
1620
1622
1624
1630
1634
1637
1638
1639
1649
1651
1653
1656
1658
1659
1660
1662
1665
1666
1667
1669
1670
1672
1673
1674
1679
1681
1682
1684
1685
1686
1692
1695
1699
1700
1709
1715
1716
1717
1720
1722
1723
1724
1727
1729
1730
1731
1734
1742
1743
1744
1747
1748
1749
1750
1751
1752
1753
1755
1757
1758
1764
1765
1766
1767
1769
1770
1771
1772
1773
1776
1778
1779
1780
1781
1783
1784
1785
1786
1788
1793
1799
1800
1801
1802
1803
1804
1805
1806
1807
1809
1812
1813
1814
1815
1817
1818
1819
1820
1821
1822
1825
1826
1827
1828
1829
1830
1832
1834
1835
1838
1840
1847
1848
1849
1850
1851
1852
1853
1858
1859
1861
1862
1863
1865
1868
1869
1873
1875
1877
1879
1880
1890
1891
1896
1900
1908
1910
1911
1912
1914
1915
1917
1918
1919
1923
1924
1925
1926
1930
1932
1933
1935
1944
1945
1946
1947
1948
1949
1950
1951
1952
1953
1959
1960
1961
1962
1965
1967
1968
1969
1971
1972
1973
1974
1975
1976
1979
1983
1989
1991
1995
1996
1997
2000
2022
2024
2029
2039
2040
2042
2043
2044
2047
2052
2058
2059
2061
2062
2064
2065
2066
2069
2071
2073
2076
2078
2083
2085
2086
2087
2090
2092
2100
2101
2102
2103
2104
2107
2108
2109
2111
2112
2113
2114
2115
2125
2127
2129
2133
2135
2136
2141
2144
2145
2146
2148
2149
2150
2151
2156
2157
2158
2160
2161
2162
2163
2171
2174
2175
2176
2178
2179
2181
2183
2184
2185
2188
2189
2190
2191
2193
2198
2199
2200
2204
2205
2206
2209
2211
2212
2216
2218
2219
2220
2223
2232
2236
2239
2241
2242
2245
2248
2251
2254
2255
2258
2264
2267
2268
2273
2274
2276
2279
2281
2282
2287
2288
2289
2290
2291
2294
2295
2296
2297
2300
2303
2304
2310
2317
2318
2322
2325
2326
2329
2331
2332
2336
2337
2338
2339
2346
2347
2349
2352
2353
2356
2359
2361
2365
2374
2382
2384
2385
2389
2401
2402
2403
2404
2405
2406
2407
2408
2409
2410
2411
2412
2413
2414
2415
2416
2417
2418
2419
2420
2421
2422
2423
2424
2425
2426
2427
2428
2429
2430
2431
2432
2433
2434
2435
2436
2437
2438
2439
2440
2441
2443
2444
2445
2446
2447
2448
2449
2450
2451
2452
2453
2454
2455
2456
2457
2458
2459
2462
2463
2464
2465
2466
2467
2468
2469
2470
2471
2472
2476
2477
2478
2479
2480
2481
2484
2485
2486
2487
2489
2490
2491
2492
2493
2494
2499
2500
2501
2504
2505
2506
2507
2508
2511
2512
2513
2514
2515
2518
2519
2520
2521
2522
2524
2526
2527
2528
2531
2532
2533
2534
2535
2536
2539
2540
2541
2542
2544
2547
2548
2549
2551
2555
2556
2558
2561
2562
2565
2567
2570
2573
2575
2576
2577
2578
2580
2582
2584
2585
2588
2589
2590
2591
2596
2597
2598
2601
2603
2604
2605
2608
2611
2612
2615
2616
2617
2619
2620
2622
2623
2624
2625
2626
2629
2630
2631
2632
2639
2640
2643
2645
2646
2647
2648
2651
2653
2654
2655
2658
2660
2661
2662
2665
2668
2675
2676
2679
2681
2682
2683
2686
2690
2693
2695
2696
2699
2701
2702
2703
2709
2713
2714
2715
2717
2718
2732
2744
2745
2746
2747
2748
2749
2750
2751
2752
2753
2754
2756
2757
2758
2759
2760
2761
2762
2763
2764
2765
2766
2769
2771
2772
2773
2776
2777
2778
2779
2780
2781
2784
2786
2787
2788
2793
2794
2795
2796
2797
2798
2799
2800
2801
2802
2805
2806
2807
2808
2809
2810
2811
2812
2813
2819
2822
2828
2829
2830
2831
2833
2834
2835
2838
2841
2842
2843
2844
2847
2849
2850
2851
2854
2855
2856
2857
2858
2859
2861
2863
2864
2867
2869
2870
2871
2874
2876
2877
2878
2879
2880
2881
2882
2884
2885
2888
2895
2898
2917
2920
2924
2926
2928
2947
2948
2953
2962
2965
2967
2974
2976
2989
2990
2991
2994
2996
2997
2998
3001
3002
3003
3004
3005
3006
3008
3010
3011
3023
3024
3025
3026
3029
3030
3031
3034
3037
3038
3039
3041
3045
3047
3051
3059
3060
3067
3068
3071
3073
3079
3080
3081
3087
3088
3089
3092
3094
3095
3096
3099
3101
3102
3103
3106
3122
3123
3124
3127
3136
3137
3138
3141
3143
3144
3145
3148
3149
3150
3151
3152
3153
3155
3158
3159
3165
3171
3172
3173
3176
3185
3186
3187
3190
3192
3193
3194
3197
3199
3200
3201
3202
3203
3204
3206
3207
3213
3214
3220
3221
3222
3223
3225
3230
3233
3234
3235
3237
3240
3241
3245
3247
3249
3251
3252
3259
3261
3262
3263
3266
3268
3270
3276
3277
3279
3282
3283
3284
3287
3289
3290
3291
3301
3303
3305
3308
3310
3311
3312
3315
3317
3325
3326
3332
3333
3334
3337
3339
3340
3341
3344
3345
3346
3347
3348
3349
3351
3353
3354
3363
3366
3367
3368
3369
3372
3373
3374
3375
3381
3382
3384
3385
3387
3388
3389
3392
3394
3396
3399
3401
3403
3412
3420
3423
3430
3431
3433
3437
3438
3440
3443
3447
3450
3451
3452
3457
3479
3480
3482
3486
3487
3499
3500
3501
3506
3510
3520
3521
3522
3548
3549
3550
3555
3603
3606
3610
3612
3614
3633
3634
3645
3649
3652
3655
3659
3661
3675
3676
3677
3680
3689
3694
3698
3701
3704
3706
3716
3717
3718
3719
3724
3725
3727
3731
3732
3735
3737
3739
3742
3746
3755
3763
3766
3773
3774
3777
3779
3780
3784
3786
3788
3801
3802
3807
3809
3811
3812
3815
3816
3817
3821
3822
3823
3824
3825
3826
3827
3829
3830
3835
3839
3840
3842
3843
3844
3848
3849
3851
3853
3860
3863
3864
3865
3867
3870
3891
3892
3893
3898
3912
3913
3914
3920
3921
3923
3926
3927
3928
3930
3931
3933
3935
3937
3938
3949
3954
3956
3961
3962
3963
3965
3968
3979
3982
3986
3989
3990
3991
3996
4000
4003
4008
4011
4017
4028
4029
4031
4033
4035
4040
4046
4047
4052
4067
4068
4071
4078
4080
4082
4085
4089
4106
4109
4116
4117
4118
4121
4123
4124
4125
4128
4130
4131
4132
4135
4151
4152
4153
4156
4165
4166
4167
4170
4172
4173
4174
4177
4179
4180
4181
4184
4185
4186
4187
4192
4193
4194
4196
4199
4200
4201
4202
4204
4205
4206
4207
4208
4209
4214
4215
4216
4219
4220
4221
4222
4223
4226
4228
4229
4230
4233
4234
4235
4236
4237
4241
4247
4249
4250
4251
4254
4257
4258
4269
4270
4274
4276
4277
4278
4281
4289
4292
4296
4297
4298
4300
4311
4312
4313
4316
4318
4319
4320
4322
4325
4329
4332
4333
4334
4339
4343
4346
4351
4354
4360
4361
4362
4363
4366
4368
4369
4370
4371
4372
4373
4374
4375
4376
4377
4378
4380
4392
4396
4397
4398
4401
4402
4403
4404
4410
4411
4413
4417
4418
4423
4424
4425
4429
4430
4433
4441
4444
4447
4448
4459
4460
4462
4463
4465
4466
4467
4469
4470
4472
4474
4476
4479
4480
4481
4486
4487
4488
4502
4503
4508
4509
4510
4511
4513
4514
4515
4516
4528
4534
4537
4545
4550
4551
4552
4557
4558
4559
4562
4563
4564
4570
4572
4576
4580
4581
4586
4588
4590
4591
4592
4594
4599
4600
4601
4620
4640
4644
4665
4668
4672
4675
4676
4677
4679
4682
4686
4689
4697
4707
4712
4714
4717
4718
4719
4721
4723
4725
4727
4730
4733
4747
4748
4766
4768
4773
4802
4803
4804
4807
4809
4810
4811
4814
4816
4817
4818
4821
4835
4837
4838
4839
4842
4845
4846
4851
4852
4853
4856
4858
4859
4860
4863
4865
4866
4867
4870
4877
4880
4886
4887
4888
4891
4894
4895
4900
4901
4902
4905
4907
4908
4909
4912
4914
4915
4916
4919
4923
4935
4936
4937
4940
5017
5021
5024
5027
5031
5033
5047
5048
5049
5052
5054
5055
5056
5059
5060
5061
5062
5063
5066
5068
5069
5075
5076
5078
5081
5082
5083
5084
5087
5096
5097
5100
5104
5107
5109
5111
5114
5118
5135
5138
5145
5146
5147
5148
5149
5150
5151
5152
5153
5154
5156
5157
5158
5159
5160
5161
5164
5173
5174
5180
5181
5182
5185
5194
5195
5196
5199
5201
5202
5203
5206
5208
5209
5210
5213
5229
5230
5231
5234
5243
5244
5245
5248
5250
5251
5252
5255
5256
5257
5258
5259
5261
5262
5265
5268
5270
5271
5272
5277
5278
5279
5280
5282
5283
5289
5291
5296
5299
5363
5366
5368
5375
5377
5390
5391
5392
5395
5397
5398
5399
5402
5403
5404
5405
5406
5409
5418
5424
5425
5426
5427
5429
5430
5431
5432
5439
5440
5446
5452
5461
5488
5489
5490
5493
5495
5496
5497
5500
5502
5503
5504
5507
5510
5513
5515
5516
5523
5524
5525
5527
5528
5537
5538
5539
5542
5544
5545
5546
5549
5551
5552
5553
5556
5559
5572
5573
5574
5576
5577
5578
5579
5580
5586
5587
5588
5590
5591
5593
5594
5595
5598
5599
5600
5601
5602
5605
5608
5609
5611
5613
5619
5621
5622
5623
5626
5629
5633
5642
5644
5649
5654
5657
5660
5662
5663
5665
5676
5677
5703
5707
5710
5713
5717
5719
5720
5721
5724
5733
5734
5735
5738
5740
5741
5742
5745
5747
5748
5749
5752
5756
5759
5762
5763
5764
5766
5768
5769
5770
5773
5774
5775
5776
5777
5780
5782
5783
5785
5789
5790
5791
5796
5801
5804
5805
5812
5813
5815
5817
5819
5825
5831
5832
5834
5838
5839
5841
5844
5848
5851
5852
5853
5858
5878
5880
5881
5883
5887
5888
5894
5900
5901
5902
5907
5911
5917
5921
5922
5923
5924
5927
5929
5930
5931
5934
5948
5949
5950
5951
5952
5956
5962
5964
5969
5972
5976
5985
5987
6003
6005
6006
6007
6010
6012
6019
6020
6021
6024
6027
6028
6031
6033
6034
6035
6040
6041
6045
6046
6047
6049
6052
6054
6055
6056
6059
6061
6063
6069
6070
6107
6110
6112
6115
6117
6118
6119
6125
6126
6128
6129
6131
6132
6133
6143
6145
6156
6174
6175
6178
6180
6181
6182
6192
6194
6199
6201
6202
6203
6206
6208
6216
6217
6223
6224
6227
6229
6230
6231
6241
6243
6297
6299
6300
6301
6304
6306
6314
6315
6346
6348
6349
6350
6353
6355
6363
6364
6370
6371
6374
6376
6377
6378
6388
6390
6395
6397
6398
6399
6402
6403
6404
6405
6406
6407
6410
6412
6413
6419
6420
6426
6428
6433
6442
6449
6452
6454
6455
6456
6466
6468
6469
6472
6474
6475
6476
6486
6488
6517
6518
6519
6522
6524
6525
6526
6529
6531
6532
6533
6536
6552
6553
6554
6557
6566
6567
6568
6571
6573
6574
6575
6578
6580
6581
6582
6585
6601
6602
6603
6606
6615
6616
6617
6620
6622
6623
6624
6627
6629
6630
6631
6634
6650
6651
6652
6655
6723
6726
6730
6733
6734
6735
6740
6744
6762
6763
6764
6767
6769
6770
6771
6772
6774
6775
6776
6777
6778
6779
6781
6793
6797
6798
6799
6802
6803
6804
6805
6811
6812
6814
6818
6819
6842
6860
6861
6863
6864
6866
6867
6868
6870
6873
6877
6878
6880
6881
6882
6885
6887
6888
6889
6892
6894
6902
6903
6909
6910
6912
6913
6915
6916
6917
6927
6929
6983
6985
6986
6987
6990
6992
7000
7001
7003
7006
7007
7008
7010
7014
7024
7036
7041
7043
7052
7055
7063
7066
7069
7073
7076
7077
7078
7083
7087
7115
7118
7122
7146
7147
7150
7153
7154
7155
7157
7167
7203
7204
7206
7210
7211
7213
7216
7220
7223
7224
7225
7230
7232
7237
7239
7241
7252
7253
7255
7259
7260
7265
7269
7272
7273
7274
7279
7281
7283
7293
7294
7295
7321
7322
7323
7328
7342
7343
7344
7346
7349
7350
7351
7353
7357
7358
7360
7363
7367
7391
7392
7393
7406
7412
7433
7435
7437
7440
7441
7455
7461
7465
7469
7470
7482
7484
7546
7547
7549
7553
7554
7556
7559
7563
7566
7567
7568
7573
7595
7596
7598
7602
7603
7685
7686
7687
7693
7694
7696
7700
7701
7703
7706
7710
7734
7735
7736
7752
7755
7759
7762
7763
7764
7769
7773
7801
7804
7808
7822
7832
7833
7834
7840
7841
7843
7847
7848
7871
8004
8008
8009
8025
8028
8029
8030
8032
8035
8036
8037
8039
8043
8044
8046
8049
8053
8065
8070
8072
8077
8078
8079
8081
8084
8147
8151
8155
8156
8168
8170
8404
8406
8407
8408
8411
8413
8421
8422
8428
8429
8432
8434
8435
8436
8446
8448
8453
8455
8456
8457
8460
8462
8470
8471
8526
8527
8530
8532
8533
8534
8544
8546
8575
8576
8579
8581
8582
8583
8593
8595
8600
8602
8603
8604
8607
8609
8617
8618
8624
8625
8628
8630
8631
8632
8642
8644
8698
8700
8701
8702
8705
8707
8715
8716
8747
8749
8750
8751
8754
8756
8764
8765
8771
8772
8775
8777
8778
8779
8789
8791
8796
8798
8799
8800
8803
8805
8813
8814
8869
8870
8873
8875
8876
8877
8887
8889
9124
9127
9131
9134
9135
9136
9141
9145
9173
9176
9180
9194
9204
9205
9206
9212
9213
9215
9219
9220
9243
9261
9262
9264
9265
9267
9268
9269
9271
9274
9278
9279
9281
9282
9283
9286
9288
9289
9290
9293
9295
9303
9304
9310
9311
9313
9314
9316
9317
9318
9328
9330
9338
9339
9344
9349
9352
9365
9366
9377
9381
9384
9386
9387
9388
9391
9393
9401
9402
9407
9414
9415
9419
9421
9423
9426
9442
9467
9470
9474
9477
9478
9479
9484
9488
9516
9519
9523
9528
9534
9535
9540
9555
9556
9559
9604
9605
9608
9610
9611
9612
9615
9617
9619
9622
9624
9629
9631
9632
9633
9636
9638
9643
9646
9647
9652
9653
9654
9657
9659
9660
9661
9671
9673
9681
9682
9687
9692
9695
9708
9709
9727
9729
9730
9731
9734
9736
9744
9745
9776
9778
9779
9780
9783
9785
9793
9794
9799
9800
9801
9804
9806
9807
9808
9818
9820
9822
9825
9827
9828
9829
9832
9834
9842
9843
9871
9877
9878
9883
9898
9899
9902
9904
9905
9906
9909
9911
9913
9916
9918
9920
9937
9940
9947
9948
9951
9953
9954
9955
9958
9960
9962
9965
9967
9972
9974
9975
9976
9979
9981
9989
9990
9996
9997
10000
10002
10003
10004
10014
10016
10063
10067
10070
10072
10073
10074
10077
10079
10087
10088
10093
10462
10464
10465
10466
10469
10471
10479
10480
10486
10487
10490
10492
10493
10494
10504
10505
10506
10509
10511
10512
10513
10514
10515
10518
10519
10520
10521
10528
10529
10535
10536
10537
10540
10549
10554
10558
10561
10564
10578
10579
10584
10585
10588
10590
10591
10592
10598
10602
10603
10604
10607
10621
10672
10675
10681
10682
10683
10686
10700
10710
10711
10716
10719
10721
10724
10725
10726
10731
10732
10733
10736
10737
10738
10749
10750
10753
10754
10759
10760
10779
10805
10806
10807
10808
10809
10812
10813
10814
10815
10817
10822
10823
10829
10830
10833
10835
10836
10837
10847
10848
10849
10852
10854
10855
10856
10857
10858
10861
10862
10863
10864
10868
10871
10872
10877
10878
10879
10880
10883
10889
10891
10892
10893
10897
10901
10904
10907
10921
10922
10927
10928
10931
10933
10934
10935
10945
10947
10976
10977
10980
10982
10983
10984
10994
10996
11001
11003
11004
11005
11008
11010
11018
11019
11020
11025
11026
11027
11029
11030
11031
11032
11033
11043
11045
11051
11054
11099
11101
11102
11103
11106
11107
11108
11109
11111
11116
11117
11118
11137
11148
11149
11150
11151
11152
11155
11156
11157
11158
11160
11165
11166
11172
11173
11176
11178
11179
11180
11190
11191
11192
11195
11197
11198
11199
11200
11201
11204
11205
11206
11207
11214
11215
11221
11222
11223
11226
11270
11271
11274
11276
11277
11278
11288
11290
11319
11320
11321
11324
11326
11327
11333
11352
11354
11662
11663
11666
11668
11669
11670
11680
11682
11687
11689
11690
11691
11694
11696
11704
11705
11711
11712
11715
11717
11718
11719
11729
11731
11785
11787
11788
11789
11792
11794
11802
11803
12005
12006
12007
12010
12012
12013
12014
12017
12019
12020
12021
12024
12038
12040
12041
12042
12045
12048
12049
12054
12055
12056
12059
12061
12062
12063
12066
12068
12069
12070
12073
12080
12083
12089
12090
12091
12094
12097
12098
12103
12104
12105
12108
12110
12111
12112
12115
12117
12118
12119
12122
12126
12138
12139
12140
12143
12220
12224
12227
12230
12234
12236
12250
12251
12252
12255
12257
12258
12259
12262
12264
12265
12266
12269
12285
12286
12287
12290
12348
12349
12350
12353
12355
12356
12357
12360
12362
12363
12364
12367
12383
12384
12385
12388
12397
12398
12399
12402
12404
12405
12406
12409
12411
12412
12413
12416
12432
12433
12434
12437
12446
12447
12448
12451
12453
12454
12455
12458
12460
12461
12462
12465
12481
12482
12483
12486
12593
12594
12595
12598
12600
12601
12602
12605
12607
12608
12609
12612
12628
12629
12630
12633
12691
12692
12693
12696
12698
12699
12700
12703
12705
12706
12707
12710
12726
12727
12728
12731
12740
12741
12742
12745
12747
12748
12749
12752
12754
12755
12756
12759
12775
12776
12777
12780
12789
12790
12791
12794
12796
12797
12798
12801
12803
12804
12805
12808
12824
12825
12826
12829
12936
12937
12938
12941
12943
12944
12945
12948
12950
12951
12952
12955
12971
12972
12973
12976
13720
13721
13722
13725
13727
13728
13729
13732
13734
13735
13736
13739
13755
13756
13757
13760
13769
13770
13771
13774
13776
13777
13778
13781
13783
13784
13785
13788
13804
13805
13806
13809
13818
13819
13820
13823
13825
13826
13827
13830
13832
13833
13834
13837
13853
13854
13855
13858
13965
13966
13967
13970
13972
13973
13974
13977
13979
13980
13981
13984
14000
14001
14002
14005
14406
14407
14410
14412
14413
14414
14424
14426
14431
14433
14434
14435
14438
14440
14448
14449
14455
14456
14459
14461
14462
14463
14473
14475
14529
14531
14532
14533
14536
14538
14546
14547
14578
14580
14581
14582
14585
14587
14595
14596
14602
14603
14606
14608
14609
14610
14620
14622
14627
14629
14630
14631
14634
14636
14644
14645
14700
14701
14704
14706
14707
14708
14718
14720
14749
14750
14753
14755
14756
14757
14767
14769
14774
14776
14777
14778
14781
14783
14791
14792
14798
14799
14802
14804
14805
14806
14816
14818
14872
14874
14875
14876
14879
14881
14889
14890
15264
15266
15267
15268
15271
15273
15281
15282
15288
15289
15292
15294
15295
15296
15306
15308
15313
15315
15316
15317
15320
15322
15330
15331
15386
15387
15390
15392
15393
15394
15404
15406
16807
16808
16809
16810
16811
16812
16813
16814
16815
16816
16817
16819
16820
16821
16822
16823
16824
16825
16826
16827
16828
16829
16832
16834
16835
16836
16839
16841
16842
16843
16844
16847
16849
16850
16856
16857
16858
16859
16860
16861
16862
16863
16864
16865
16868
16870
16871
16872
16874
16875
16876
16877
16878
16883
16887
16891
16892
16893
16896
16897
16898
16899
16905
16906
16907
16910
16912
16913
16914
16917
16919
16920
16921
16924
16925
16926
16927
16930
16932
16933
16934
16937
16939
16940
16941
16942
16945
16946
16947
16948
16954
16955
16957
16961
16962
16964
16967
16971
16979
16981
16982
16983
16986
16988
16995
16996
16997
17003
17004
17007
17009
17010
17011
17021
17023
17028
17030
17031
17032
17035
17037
17045
17046
17052
17053
17054
17057
17059
17060
17061
17064
17066
17067
17068
17071
17087
17088
17089
17092
17101
17102
17105
17107
17108
17109
17119
17121
17150
17151
17152
17153
17154
17155
17156
17157
17158
17159
17160
17162
17163
17164
17165
17166
17167
17168
17169
17170
17171
17172
17175
17177
17178
17179
17182
17184
17185
17186
17187
17190
17192
17193
17199
17200
17201
17202
17203
17204
17205
17206
17207
17208
17211
17213
17214
17215
17217
17218
17219
17234
17235
17236
17239
17248
17249
17250
17253
17255
17256
17257
17260
17262
17263
17264
17267
17273
17275
17276
17277
17280
17282
17283
17284
17285
17288
17289
17290
17291
17297
17298
17300
17304
17305
17307
17310
17314
17338
17339
17340
17356
17359
17363
17366
17367
17368
17373
17377
17395
17396
17397
17400
17402
17403
17404
17405
17407
17408
17409
17410
17411
17412
17414
17426
17430
17431
17432
17435
17436
17437
17438
17444
17445
17447
17451
17452
17475
17493
17494
17495
17498
17500
17501
17502
17505
17507
17508
17509
17512
17528
17529
17530
17533
17542
17543
17544
17547
17549
17550
17551
17554
17556
17557
17558
17561
17577
17578
17579
17582
17591
17592
17593
17596
17598
17599
17600
17603
17605
17606
17607
17610
17626
17627
17628
17631
17632
17633
17634
17640
17641
17643
17647
17648
17650
17653
17657
17665
17667
17668
17669
17672
17674
17681
17682
17683
17689
17690
17693
17695
17696
17697
17707
17709
17714
17716
17717
17718
17721
17723
17731
17732
17738
17739
17740
17743
17745
17746
17747
17750
17752
17753
17754
17757
17769
17773
17774
17775
17778
17779
17780
17781
17787
17788
17790
17791
17793
17794
17795
17805
17807
17818
17836
17837
17839
17843
17844
17846
17849
17853
17856
17857
17858
17863
17885
17886
17888
17892
17893
17905
17906
17907
17912
17916
17926
17927
17928
17954
17955
17956
17961
18008
18010
18011
18012
18015
18017
18025
18026
18032
18033
18036
18038
18039
18040
18050
18052
18057
18059
18060
18061
18064
18066
18074
18075
18112
18122
18123
18124
18130
18131
18133
18134
18136
18137
18138
18148
18150
18161
18179
18180
18183
18185
18186
18187
18197
18199
18204
18206
18207
18208
18211
18213
18221
18222
18228
18229
18232
18234
18235
18236
18246
18248
18302
18304
18305
18306
18309
18311
18319
18320
18351
18353
18354
18355
18358
18360
18368
18369
18375
18376
18379
18381
18382
18383
18393
18395
18400
18402
18403
18404
18407
18409
18417
18418
18473
18474
18477
18479
18480
18481
18491
18493
18522
18523
18524
18527
18529
18530
18531
18534
18536
18537
18538
18541
18557
18558
18559
18562
18571
18572
18573
18576
18578
18579
18580
18583
18585
18586
18587
18590
18606
18607
18608
18611
18620
18621
18622
18625
18627
18628
18629
18632
18634
18635
18636
18639
18655
18656
18657
18660
18767
18768
18769
18772
18774
18775
18776
18779
18781
18782
18783
18786
18802
18803
18804
18807
18865
18866
18869
18871
18872
18873
18883
18885
18890
18892
18893
18894
18897
18899
18907
18908
18914
18915
18918
18920
18921
18922
18932
18934
18988
18990
18991
18992
18995
18997
19005
19006
19208
19209
19210
19211
19212
19213
19214
19215
19216
19217
19218
19220
19221
19222
19223
19224
19225
19226
19227
19228
19229
19230
19233
19235
19236
19237
19240
19242
19243
19244
19245
19248
19250
19251
19257
19258
19259
19260
19261
19262
19263
19264
19265
19266
19269
19271
19272
19273
19275
19276
19277
19278
19279
19284
19288
19292
19293
19294
19297
19298
19299
19300
19306
19307
19308
19311
19313
19314
19315
19318
19320
19321
19322
19325
19326
19327
19328
19331
19333
19334
19335
19338
19340
19341
19342
19343
19346
19347
19348
19349
19355
19356
19358
19362
19363
19365
19368
19372
19380
19382
19383
19384
19387
19389
19396
19397
19398
19404
19405
19408
19410
19411
19412
19422
19424
19429
19431
19432
19433
19436
19438
19446
19447
19453
19454
19455
19458
19460
19461
19462
19465
19467
19468
19469
19472
19488
19489
19490
19493
19502
19503
19506
19508
19509
19510
19520
19522
19551
19552
19553
19554
19555
19556
19557
19558
19559
19560
19561
19563
19564
19565
19566
19567
19568
19569
19570
19571
19572
19573
19576
19578
19579
19580
19583
19585
19586
19587
19588
19591
19593
19594
19600
19601
19602
19603
19604
19605
19606
19607
19608
19609
19612
19614
19615
19616
19618
19619
19620
19635
19636
19637
19640
19649
19650
19651
19654
19656
19657
19658
19661
19663
19664
19665
19668
19674
19676
19677
19678
19681
19683
19684
19685
19686
19689
19691
19692
19796
19797
19798
19801
19803
19804
19805
19808
19810
19811
19812
19815
19831
19832
19833
19836
19894
19895
19896
19899
19901
19902
19903
19906
19908
19909
19910
19913
19929
19930
19931
19934
19943
19944
19945
19948
19950
19951
19952
19955
19957
19958
19959
19962
19978
19979
19980
19983
19992
19993
19994
19997
19999
20000
20001
20004
20006
20007
20008
20011
20027
20028
20029
20032
20066
20068
20069
20070
20073
20075
20083
20084
20090
20091
20094
20096
20097
20098
20108
20110
20115
20117
20118
20119
20122
20124
20132
20133
20139
20140
20141
20144
20146
20147
20148
20151
20153
20154
20155
20158
20174
20175
20176
20179
20188
20189
20192
20194
20195
20196
20206
20208
20923
20924
20925
20928
20930
20931
20932
20935
20937
20938
20939
20942
20958
20959
20960
20963
20972
20973
20974
20977
20979
20980
20981
20984
20986
20987
20988
20991
21007
21008
21009
21012
21021
21022
21023
21026
21028
21029
21030
21033
21035
21036
21037
21040
21056
21057
21058
21061
21168
21169
21170
21173
21175
21176
21177
21180
21182
21183
21184
21187
21203
21204
21205
21208
21609
21610
21611
21614
21616
21617
21618
21621
21623
21624
21625
21628
21644
21645
21646
21649
21658
21659
21660
21663
21665
21666
21667
21670
21672
21673
21674
21677
21693
21694
21695
21698
21707
21708
21709
21712
21714
21715
21716
21719
21721
21722
21723
21726
21742
21743
21744
21747
21854
21855
21856
21859
21861
21862
21863
21866
21868
21869
21870
21873
21889
21890
21891
21894
21952
21953
21954
21957
21959
21960
21961
21964
21966
21967
21968
21971
21987
21988
21989
21992
22001
22002
22003
22006
22008
22009
22010
22013
22015
22016
22017
22020
22036
22037
22038
22041
22050
22051
22052
22055
22057
22058
22059
22062
22064
22065
22066
22069
22085
22086
22087
22090
22197
22198
22199
22202
22204
22205
22206
22209
22211
22212
22213
22216
22232
22233
22234
22237
22295
22296
22297
22300
22302
22303
22304
22307
22309
22310
22311
22314
22330
22331
22332
22335
22344
22345
22346
22349
22351
22352
22353
22356
22358
22359
22360
22363
22379
22380
22381
22384
22393
22394
22395
22398
22400
22401
22402
22405
22407
22408
22409
22412
22428
22429
22430
22433
22540
22541
22542
22545
22547
22548
22549
22552
22554
22555
22556
22559
22575
22576
22577
22580
22810
22812
22813
22814
22817
22819
22827
22828
22834
22835
22838
22840
22841
22842
22852
22854
22859
22861
22862
22863
22866
22868
22876
22877
22932
22933
22936
22938
22939
22940
22950
22952
22981
22982
22985
22987
22988
22989
22999
23001
23006
23008
23009
23010
23013
23015
23023
23024
23030
23031
23034
23036
23037
23038
23048
23050
23104
23106
23107
23108
23111
23113
23121
23122
23153
23155
23156
23157
23160
23162
23170
23171
23177
23178
23181
23183
23184
23185
23195
23197
23202
23204
23205
23206
23209
23211
23219
23220
23275
23276
23279
23281
23282
23283
23293
23295
23324
23325
23326
23329
23331
23332
23333
23336
23338
23339
23340
23343
23359
23360
23361
23364
23373
23374
23375
23378
23380
23381
23382
23385
23387
23388
23389
23392
23408
23409
23410
23413
23422
23423
23424
23427
23429
23430
23431
23434
23436
23437
23438
23441
23457
23458
23459
23462
23569
23570
23571
23574
23576
23577
23578
23581
23583
23584
23585
23588
23604
23605
23606
23609
23667
23668
23671
23673
23674
23675
23685
23687
23692
23694
23695
23696
23699
23701
23709
23710
23716
23717
23720
23722
23723
23724
23734
23736
23790
23792
23793
23794
23797
23799
23807
23808
28812
28813
28814
28817
28819
28820
28821
28824
28826
28827
28828
28831
28847
28848
28849
28852
28861
28862
28863
28866
28868
28869
28870
28873
28875
28876
28877
28880
28896
28897
28898
28901
28910
28911
28912
28915
28917
28918
28919
28922
28924
28925
28926
28929
28945
28946
28947
28950
29057
29058
29059
29062
29064
29065
29066
29069
29071
29072
29073
29076
29092
29093
29094
29097
29155
29156
29157
29160
29162
29163
29164
29167
29169
29170
29171
29174
29190
29191
29192
29195
29204
29205
29206
29209
29211
29212
29213
29216
29218
29219
29220
29223
29239
29240
29241
29244
29253
29254
29255
29258
29260
29261
29262
29265
29267
29268
29269
29272
29288
29289
29290
29293
29400
29401
29402
29405
29407
29408
29409
29412
29414
29415
29416
29419
29435
29436
29437
29440
29498
29499
29500
29503
29505
29506
29507
29510
29512
29513
29514
29517
29533
29534
29535
29538
29547
29548
29549
29552
29554
29555
29556
29559
29561
29562
29563
29566
29582
29583
29584
29587
29596
29597
29598
29601
29603
29604
29605
29608
29610
29611
29612
29615
29631
29632
29633
29636
29743
29744
29745
29748
29750
29751
29752
29755
29757
29758
29759
29762
29778
29779
29780
29783
30527
30528
30529
30532
30534
30535
30536
30539
30541
30542
30543
30546
30562
30563
30564
30567
30576
30577
30578
30581
30583
30584
30585
30588
30590
30591
30592
30595
30611
30612
30613
30616
30625
30626
30627
30630
30632
30633
30634
30637
30639
30640
30641
30644
30660
30661
30662
30665
30772
30773
30774
30777
30779
30780
30781
30784
30786
30787
30788
30791
30807
30808
30809
30812
33614
33615
33616
33619
33621
33622
33623
33626
33628
33629
33630
33633
33649
33650
33651
33654
33663
33664
33665
33668
33670
33671
33672
33675
33677
33678
33679
33682
33698
33699
33700
33703
33712
33713
33714
33717
33719
33720
33721
33724
33726
33727
33728
33731
33747
33748
33749
33752
33859
33860
33861
33864
33866
33867
33868
33871
33873
33874
33875
33878
33894
33895
33896
33899
33957
33958
33959
33962
33964
33965
33966
33969
33971
33972
33973
33976
33992
33993
33994
33997
34006
34007
34008
34011
34013
34014
34015
34018
34020
34021
34022
34025
34041
34042
34043
34046
34055
34056
34057
34060
34062
34063
34064
34067
34069
34070
34071
34074
34090
34091
34092
34095
34202
34203
34204
34207
34209
34210
34211
34214
34216
34217
34218
34221
34237
34238
34239
34242
34300
34301
34302
34305
34307
34308
34309
34312
34314
34315
34316
34319
34335
34336
34337
34340
34349
34350
34351
34354
34356
34357
34358
34361
34363
34364
34365
34368
34384
34385
34386
34389
34398
34399
34400
34403
34405
34406
34407
34410
34412
34413
34414
34417
34433
34434
34435
34438
34545
34546
34547
34550
34552
34553
34554
34557
34559
34560
34561
34564
34580
34581
34582
34585
35329
35330
35331
35334
35336
35337
35338
35341
35343
35344
35345
35348
35364
35365
35366
35369
35378
35379
35380
35383
35385
35386
35387
35390
35392
35393
35394
35397
35413
35414
35415
35418
35427
35428
35429
35432
35434
35435
35436
35439
35441
35442
35443
35446
35462
35463
35464
35467
35574
35575
35576
35579
35581
35582
35583
35586
35588
35589
35590
35593
35609
35610
35611
35614
36015
36016
36017
36020
36022
36023
36024
36027
36029
36030
36031
36034
36050
36051
36052
36055
36064
36065
36066
36069
36071
36072
36073
36076
36078
36079
36080
36083
36099
36100
36101
36104
36113
36114
36115
36118
36120
36121
36122
36125
36127
36128
36129
36132
36148
36149
36150
36153
36260
36261
36262
36265
36267
36268
36269
36272
36274
36275
36276
36279
36295
36296
36297
36300
36358
36359
36360
36363
36365
36366
36367
36370
36372
36373
36374
36377
36393
36394
36395
36398
36407
36408
36409
36412
36414
36415
36416
36419
36421
36422
36423
36426
36442
36443
36444
36447
36456
36457
36458
36461
36463
36464
36465
36468
36470
36471
36472
36475
36491
36492
36493
36496
36603
36604
36605
36608
36610
36611
36612
36615
36617
36618
36619
36622
36638
36639
36640
36643
36701
36702
36703
36706
36708
36709
36710
36713
36715
36716
36717
36720
36736
36737
36738
36741
36750
36751
36752
36755
36757
36758
36759
36762
36764
36765
36766
36769
36785
36786
36787
36790
36799
36800
36801
36804
36806
36807
36808
36811
36813
36814
36815
36818
36834
36835
36836
36839
36946
36947
36948
36951
36953
36954
36955
36958
36960
36961
36962
36965
36981
36982
36983
36986
37730
37731
37732
37735
37737
37738
37739
37742
37744
37745
37746
37749
37765
37766
37767
37770
37779
37780
37781
37784
37786
37787
37788
37791
37793
37794
37795
37798
37814
37815
37816
37819
37828
37829
37830
37833
37835
37836
37837
37840
37842
37843
37844
37847
37863
37864
37865
37868
37975
37976
37977
37980
37982
37983
37984
37987
37989
37990
37991
37994
38010
38011
38012
38015
38416
38417
38418
38421
38423
38424
38425
38428
38430
38431
38432
38435
38451
38452
38453
38456
38465
38466
38467
38470
38472
38473
38474
38477
38479
38480
38481
38484
38500
38501
38502
38505
38514
38515
38516
38519
38521
38522
38523
38526
38528
38529
38530
38533
38549
38550
38551
38554
38661
38662
38663
38666
38668
38669
38670
38673
38675
38676
38677
38680
38696
38697
38698
38701
38759
38760
38761
38764
38766
38767
38768
38771
38773
38774
38775
38778
38794
38795
38796
38799
38808
38809
38810
38813
38815
38816
38817
38820
38822
38823
38824
38827
38843
38844
38845
38848
38857
38858
38859
38862
38864
38865
38866
38869
38871
38872
38873
38876
38892
38893
38894
38897
39004
39005
39006
39009
39011
39012
39013
39016
39018
39019
39020
39023
39039
39040
39041
39044
39102
39103
39104
39107
39109
39110
39111
39114
39116
39117
39118
39121
39137
39138
39139
39142
39151
39152
39153
39156
39158
39159
39160
39163
39165
39166
39167
39170
39186
39187
39188
39191
39200
39201
39202
39205
39207
39208
39209
39212
39214
39215
39216
39219
39235
39236
39237
39240
39347
39348
39349
39352
39354
39355
39356
39359
39361
39362
39363
39366
39382
39383
39384
39387
40131
40132
40133
40136
40138
40139
40140
40143
40145
40146
40147
40150
40166
40167
40168
40171
40180
40181
40182
40185
40187
40188
40189
40192
40194
40195
40196
40199
40215
40216
40217
40220
40229
40230
40231
40234
40236
40237
40238
40241
40243
40244
40245
40248
40264
40265
40266
40269
40376
40377
40378
40381
40383
40384
40385
40388
40390
40391
40392
40395
40411
40412
40413
40416
42018
42020
42021
42022
42025
42027
42035
42036
42042
42043
42046
42048
42049
42050
42060
42062
42067
42069
42070
42071
42074
42076
42084
42085
42140
42141
42144
42146
42147
42148
42158
42160
42189
42190
42193
42195
42196
42197
42207
42209
42214
42216
42217
42218
42221
42223
42231
42232
42238
42239
42242
42244
42245
42246
42256
42258
42312
42314
42315
42316
42319
42321
42329
42330
42361
42363
42364
42365
42368
42370
42378
42379
42385
42386
42389
42391
42392
42393
42403
42405
42410
42412
42413
42414
42417
42419
42427
42428
42483
42484
42487
42489
42490
42491
42501
42503
42875
42876
42879
42881
42882
42883
42893
42895
42900
42902
42903
42904
42907
42909
42917
42918
42924
42925
42928
42930
42931
42932
42942
42944
42998
43000
43001
43002
43005
43007
43015
43016
43218
43219
43222
43224
43225
43226
43236
43238
43243
43245
43246
43247
43250
43252
43260
43261
43267
43268
43271
43273
43274
43275
43285
43287
43341
43343
43344
43345
43348
43350
43358
43359
43390
43392
43393
43394
43397
43399
43407
43408
43414
43415
43418
43420
43421
43422
43432
43434
43439
43441
43442
43443
43446
43448
43456
43457
43512
43513
43516
43518
43519
43520
43530
43532
43561
43562
43565
43567
43568
43569
43579
43581
43586
43588
43589
43590
43593
43595
43603
43604
43610
43611
43614
43616
43617
43618
43628
43630
43684
43686
43687
43688
43691
43693
43701
43702
44076
44078
44079
44080
44083
44085
44093
44094
44100
44101
44104
44106
44107
44108
44118
44120
44125
44127
44128
44129
44132
44134
44142
44143
44198
44199
44202
44204
44205
44206
44216
44218
44419
44421
44422
44423
44426
44428
44436
44437
44443
44444
44447
44449
44450
44451
44461
44463
44468
44470
44471
44472
44475
44477
44485
44486
44541
44542
44545
44547
44548
44549
44559
44561
44590
44591
44594
44596
44597
44598
44608
44610
44615
44617
44618
44619
44622
44624
44632
44633
44639
44640
44643
44645
44646
44647
44657
44659
44713
44715
44716
44717
44720
44722
44730
44731
44762
44764
44765
44766
44769
44771
44779
44780
44786
44787
44790
44792
44793
44794
44804
44806
44811
44813
44814
44815
44818
44820
44828
44829
44884
44885
44888
44890
44891
44892
44902
44904
45276
45277
45280
45282
45283
45284
45294
45296
45301
45303
45304
45305
45308
45310
45318
45319
45325
45326
45329
45331
45332
45333
45343
45345
45399
45401
45402
45403
45406
45408
45416
45417
45619
45620
45621
45624
45626
45627
45628
45631
45633
45634
45635
45638
45654
45655
45656
45659
45668
45669
45670
45673
45675
45676
45677
45680
45682
45683
45684
45687
45703
45704
45705
45708
45717
45718
45719
45722
45724
45725
45726
45729
45731
45732
45733
45736
45752
45753
45754
45757
45864
45865
45866
45869
45871
45872
45873
45876
45878
45879
45880
45883
45899
45900
45901
45904
45962
45963
45964
45967
45969
45970
45971
45974
45976
45977
45978
45981
45997
45998
45999
46002
46011
46012
46013
46016
46018
46019
46020
46023
46025
46026
46027
46030
46046
46047
46048
46051
46060
46061
46062
46065
46067
46068
46069
46072
46074
46075
46076
46079
46095
46096
46097
46100
46207
46208
46209
46212
46214
46215
46216
46219
46221
46222
46223
46226
46242
46243
46244
46247
46305
46306
46307
46310
46312
46313
46314
46317
46319
46320
46321
46324
46340
46341
46342
46345
46354
46355
46356
46359
46361
46362
46363
46366
46368
46369
46370
46373
46389
46390
46391
46394
46403
46404
46405
46408
46410
46411
46412
46415
46417
46418
46419
46422
46438
46439
46440
46443
46550
46551
46552
46555
46557
46558
46559
46562
46564
46565
46566
46569
46585
46586
46587
46590
47334
47335
47336
47339
47341
47342
47343
47346
47348
47349
47350
47353
47369
47370
47371
47374
47383
47384
47385
47388
47390
47391
47392
47395
47397
47398
47399
47402
47418
47419
47420
47423
47432
47433
47434
47437
47439
47440
47441
47444
47446
47447
47448
47451
47467
47468
47469
47472
47579
47580
47581
47584
47586
47587
47588
47591
47593
47594
47595
47598
47614
47615
47616
47619
48020
48021
48024
48026
48027
48028
48038
48040
48045
48047
48048
48049
48052
48054
48062
48063
48069
48070
48073
48075
48076
48077
48087
48089
48143
48145
48146
48147
48150
48152
48160
48161
48192
48194
48195
48196
48199
48201
48209
48210
48216
48217
48220
48222
48223
48224
48234
48236
48241
48243
48244
48245
48248
48250
48258
48259
48314
48315
48318
48320
48321
48322
48332
48334
48363
48364
48367
48369
48370
48371
48381
48383
48388
48390
48391
48392
48395
48397
48405
48406
48412
48413
48416
48418
48419
48420
48430
48432
48486
48488
48489
48490
48493
48495
48503
48504
48878
48880
48881
48882
48885
48887
48895
48896
48902
48903
48906
48908
48909
48910
48920
48922
48927
48929
48930
48931
48934
48936
48944
48945
49000
49001
49004
49006
49007
49008
49018
49020
84035
84036
84037
84040
84042
84043
84044
84047
84049
84050
84051
84054
84070
84071
84072
84075
84084
84085
84086
84089
84091
84092
84093
84096
84098
84099
84100
84103
84119
84120
84121
84124
84133
84134
84135
84138
84140
84141
84142
84145
84147
84148
84149
84152
84168
84169
84170
84173
84280
84281
84282
84285
84287
84288
84289
84292
84294
84295
84296
84299
84315
84316
84317
84320
84378
84379
84380
84383
84385
84386
84387
84390
84392
84393
84394
84397
84413
84414
84415
84418
84427
84428
84429
84432
84434
84435
84436
84439
84441
84442
84443
84446
84462
84463
84464
84467
84476
84477
84478
84481
84483
84484
84485
84488
84490
84491
84492
84495
84511
84512
84513
84516
84623
84624
84625
84628
84630
84631
84632
84635
84637
84638
84639
84642
84658
84659
84660
84663
84721
84722
84723
84726
84728
84729
84730
84733
84735
84736
84737
84740
84756
84757
84758
84761
84770
84771
84772
84775
84777
84778
84779
84782
84784
84785
84786
84789
84805
84806
84807
84810
84819
84820
84821
84824
84826
84827
84828
84831
84833
84834
84835
84838
84854
84855
84856
84859
84966
84967
84968
84971
84973
84974
84975
84978
84980
84981
84982
84985
85001
85002
85003
85006
85750
85751
85752
85755
85757
85758
85759
85762
85764
85765
85766
85769
85785
85786
85787
85790
85799
85800
85801
85804
85806
85807
85808
85811
85813
85814
85815
85818
85834
85835
85836
85839
85848
85849
85850
85853
85855
85856
85857
85860
85862
85863
85864
85867
85883
85884
85885
85888
85995
85996
85997
86000
86002
86003
86004
86007
86009
86010
86011
86014
86030
86031
86032
86035
86436
86437
86438
86441
86443
86444
86445
86448
86450
86451
86452
86455
86471
86472
86473
86476
86485
86486
86487
86490
86492
86493
86494
86497
86499
86500
86501
86504
86520
86521
86522
86525
86534
86535
86536
86539
86541
86542
86543
86546
86548
86549
86550
86553
86569
86570
86571
86574
86681
86682
86683
86686
86688
86689
86690
86693
86695
86696
86697
86700
86716
86717
86718
86721
86779
86780
86781
86784
86786
86787
86788
86791
86793
86794
86795
86798
86814
86815
86816
86819
86828
86829
86830
86833
86835
86836
86837
86840
86842
86843
86844
86847
86863
86864
86865
86868
86877
86878
86879
86882
86884
86885
86886
86889
86891
86892
86893
86896
86912
86913
86914
86917
87024
87025
87026
87029
87031
87032
87033
87036
87038
87039
87040
87043
87059
87060
87061
87064
87122
87123
87124
87127
87129
87130
87131
87134
87136
87137
87138
87141
87157
87158
87159
87162
87171
87172
87173
87176
87178
87179
87180
87183
87185
87186
87187
87190
87206
87207
87208
87211
87220
87221
87222
87225
87227
87228
87229
87232
87234
87235
87236
87239
87255
87256
87257
87260
87367
87368
87369
87372
87374
87375
87376
87379
87381
87382
87383
87386
87402
87403
87404
87407
88151
88152
88153
88156
88158
88159
88160
88163
88165
88166
88167
88170
88186
88187
88188
88191
88200
88201
88202
88205
88207
88208
88209
88212
88214
88215
88216
88219
88235
88236
88237
88240
88249
88250
88251
88254
88256
88257
88258
88261
88263
88264
88265
88268
88284
88285
88286
88289
88396
88397
88398
88401
88403
88404
88405
88408
88410
88411
88412
88415
88431
88432
88433
88436
88837
88838
88839
88842
88844
88845
88846
88849
88851
88852
88853
88856
88872
88873
88874
88877
88886
88887
88888
88891
88893
88894
88895
88898
88900
88901
88902
88905
88921
88922
88923
88926
88935
88936
88937
88940
88942
88943
88944
88947
88949
88950
88951
88954
88970
88971
88972
88975
89082
89083
89084
89087
89089
89090
89091
89094
89096
89097
89098
89101
89117
89118
89119
89122
89180
89181
89182
89185
89187
89188
89189
89192
89194
89195
89196
89199
89215
89216
89217
89220
89229
89230
89231
89234
89236
89237
89238
89241
89243
89244
89245
89248
89264
89265
89266
89269
89278
89279
89280
89283
89285
89286
89287
89290
89292
89293
89294
89297
89313
89314
89315
89318
89425
89426
89427
89430
89432
89433
89434
89437
89439
89440
89441
89444
89460
89461
89462
89465
89523
89524
89525
89528
89530
89531
89532
89535
89537
89538
89539
89542
89558
89559
89560
89563
89572
89573
89574
89577
89579
89580
89581
89584
89586
89587
89588
89591
89607
89608
89609
89612
89621
89622
89623
89626
89628
89629
89630
89633
89635
89636
89637
89640
89656
89657
89658
89661
89768
89769
89770
89773
89775
89776
89777
89780
89782
89783
89784
89787
89803
89804
89805
89808
90552
90553
90554
90557
90559
90560
90561
90564
90566
90567
90568
90571
90587
90588
90589
90592
90601
90602
90603
90606
90608
90609
90610
90613
90615
90616
90617
90620
90636
90637
90638
90641
90650
90651
90652
90655
90657
90658
90659
90662
90664
90665
90666
90669
90685
90686
90687
90690
90797
90798
90799
90802
90804
90805
90806
90809
90811
90812
90813
90816
90832
90833
90834
90837
96040
96041
96042
96045
96047
96048
96049
96052
96054
96055
96056
96059
96075
96076
96077
96080
96089
96090
96091
96094
96096
96097
96098
96101
96103
96104
96105
96108
96124
96125
96126
96129
96138
96139
96140
96143
96145
96146
96147
96150
96152
96153
96154
96157
96173
96174
96175
96178
96285
96286
96287
96290
96292
96293
96294
96297
96299
96300
96301
96304
96320
96321
96322
96325
96383
96384
96385
96388
96390
96391
96392
96395
96397
96398
96399
96402
96418
96419
96420
96423
96432
96433
96434
96437
96439
96440
96441
96444
96446
96447
96448
96451
96467
96468
96469
96472
96481
96482
96483
96486
96488
96489
96490
96493
96495
96496
96497
96500
96516
96517
96518
96521
96628
96629
96630
96633
96635
96636
96637
96640
96642
96643
96644
96647
96663
96664
96665
96668
96726
96727
96728
96731
96733
96734
96735
96738
96740
96741
96742
96745
96761
96762
96763
96766
96775
96776
96777
96780
96782
96783
96784
96787
96789
96790
96791
96794
96810
96811
96812
96815
96824
96825
96826
96829
96831
96832
96833
96836
96838
96839
96840
96843
96859
96860
96861
96864
96971
96972
96973
96976
96978
96979
96980
96983
96985
96986
96987
96990
97006
97007
97008
97011
97755
97756
97757
97760
97762
97763
97764
97767
97769
97770
97771
97774
97790
97791
97792
97795
97804
97805
97806
97809
97811
97812
97813
97816
97818
97819
97820
97823
97839
97840
97841
97844
97853
97854
97855
97858
97860
97861
97862
97865
97867
97868
97869
97872
97888
97889
97890
97893
98000
98001
98002
98005
98007
98008
98009
98012
98014
98015
98016
98019
98035
98036
98037
98040
