2
3
4
5
6
7
8
9
10
11
12
13
14
15
16
17
18
19
20
21
22
23
24
25
26
27
28
29
30
31
32
33
34
35
36
37
38
39
40
41
42
43
44
45
46
47
48
49
50
51
52
53
54
55
56
57
58
59
60
61
62
63
64
65
66
67
68
69
70
71
72
73
74
75
76
77
78
79
80
81
82
83
84
85
86
87
88
89
90
91
92
93
94
95
97
98
99
100
101
103
104
105
106
107
108
110
112
113
114
115
116
117
118
119
120
121
122
123
124
125
126
127
130
131
132
133
134
135
136
137
138
139
140
141
142
143
144
147
148
149
150
151
152
154
155
156
157
159
160
161
162
163
164
165
166
167
168
169
170
171
172
173
174
175
176
179
180
181
182
183
184
185
187
188
189
190
191
196
197
199
200
201
202
203
204
207
208
209
214
215
216
221
222
223
224
225
228
229
230
231
232
234
235
236
238
239
241
242
245
246
247
248
249
250
251
252
253
254
255
256
257
258
259
260
261
262
263
264
265
266
267
268
269
270
271
273
274
278
280
281
282
283
284
285
290
291
294
295
298
299
300
301
302
305
306
307
311
312
313
314
315
316
318
319
322
323
343
344
345
346
347
348
349
350
351
352
353
354
355
356
357
358
359
360
361
362
363
364
365
366
367
368
369
370
371
372
375
376
377
378
379
380
381
383
385
386
392
393
394
395
396
397
398
399
400
401
402
403
404
405
406
407
408
409
410
411
412
413
414
415
416
417
418
419
420
421
424
425
426
427
428
429
430
432
434
435
441
442
443
444
446
448
449
450
451
453
455
456
457
458
460
462
463
464
465
466
467
468
469
470
473
474
475
476
477
478
479
481
483
484
490
491
492
493
495
497
498
499
500
502
504
505
506
507
509
511
512
513
514
516
525
526
527
528
530
588
589
590
591
593
595
596
597
598
600
602
603
604
605
607
609
610
611
612
614
623
624
625
626
628
686
687
688
689
691
693
694
695
696
698
700
701
702
703
705
707
708
709
710
712
721
722
723
724
726
735
736
737
738
740
742
743
744
745
747
749
750
751
752
754
756
757
758
759
761
770
771
772
773
775
784
785
786
787
789
791
792
793
794
796
798
799
800
801
803
805
806
807
808
810
819
820
821
822
824
833
834
835
836
838
840
841
842
843
845
847
848
849
850
852
854
855
856
857
859
868
869
870
871
873
931
932
933
934
936
938
939
940
941
943
945
946
947
948
950
952
953
954
955
957
966
967
968
969
971
