2
3
4
5
6
7
8
9
10
11
12
13
14
15
16
17
18
19
20
21
22
23
24
25
26
27
28
29
30
31
32
33
34
35
36
37
38
39
40
41
42
43
44
45
46
47
48
49
50
51
52
53
54
55
56
57
58
59
60
61
62
63
64
65
66
67
68
69
70
71
72
73
74
75
76
77
78
79
80
81
82
83
84
85
86
87
88
89
90
91
92
93
94
95
96
97
98
99
100
101
102
103
104
105
106
107
108
109
110
111
112
113
114
115
116
117
118
119
120
121
122
123
124
125
126
127
128
129
130
131
132
133
134
135
136
137
138
140
141
142
143
144
145
146
147
148
149
150
151
152
153
154
155
156
157
158
159
160
161
162
163
164
165
166
167
168
169
170
171
172
173
174
175
176
177
178
179
180
181
182
183
184
185
186
187
188
189
190
191
192
193
194
195
196
197
198
199
200
201
202
203
204
205
206
207
208
209
210
211
212
213
214
215
216
217
218
219
220
221
222
223
224
225
226
227
228
229
230
231
232
233
234
235
236
237
238
239
240
241
242
243
244
245
246
247
248
249
250
252
253
254
255
256
257
258
259
260
261
262
263
264
265
266
267
268
269
270
272
273
274
275
276
277
278
279
280
281
282
283
284
285
286
287
288
289
290
291
292
293
294
295
296
298
299
300
301
302
303
304
305
306
307
308
309
310
311
312
313
314
315
316
317
318
319
320
321
322
323
324
325
326
328
330
331
332
333
335
336
337
338
339
340
342
343
344
345
346
347
348
349
350
351
352
353
354
355
356
357
358
359
360
361
362
363
364
365
366
367
368
369
370
371
372
373
374
375
376
377
378
379
380
381
382
383
384
385
386
387
388
389
391
392
393
394
395
396
397
398
399
400
401
402
403
404
405
406
407
408
409
410
411
412
413
414
415
416
417
418
419
420
421
422
423
424
425
426
427
428
429
430
431
432
433
434
435
436
437
438
440
441
442
443
444
445
446
447
448
449
450
451
452
454
455
456
457
458
459
460
461
462
463
464
465
466
467
468
469
470
471
473
474
475
476
477
478
479
480
481
482
483
484
485
486
487
489
490
491
492
493
494
495
497
498
499
500
501
502
504
505
506
507
508
509
510
511
512
513
514
515
516
517
518
519
521
522
523
524
525
526
527
528
529
530
531
532
533
534
535
536
537
538
539
540
541
543
544
545
546
547
548
549
550
551
552
553
554
555
556
557
559
560
561
562
564
565
566
567
568
569
570
571
572
573
574
575
577
578
581
582
583
584
585
587
588
589
590
592
593
595
596
597
599
600
601
602
603
604
605
606
608
609
610
611
612
613
614
615
616
617
618
619
620
621
623
624
625
626
627
628
629
630
631
632
633
634
636
637
638
639
640
641
642
643
644
645
646
647
648
650
651
652
653
655
657
659
660
662
663
664
665
666
667
669
671
673
674
676
677
678
679
680
681
683
685
686
687
688
689
690
691
692
693
694
695
696
697
698
699
700
701
702
703
704
706
707
708
709
710
711
712
713
714
715
716
717
718
719
720
721
722
723
724
725
727
728
729
730
732
734
735
736
737
738
739
740
741
742
743
744
745
746
747
748
749
750
751
752
753
754
755
756
757
758
759
760
761
762
763
764
765
766
767
768
769
770
771
772
773
774
775
776
777
778
779
781
783
784
785
786
787
788
789
790
791
792
793
794
795
796
797
798
799
800
801
802
803
804
805
806
807
808
809
810
811
812
813
814
816
817
818
819
820
821
822
823
824
826
827
828
830
832
833
834
835
836
837
838
840
841
842
843
847
848
849
850
852
854
855
856
857
858
859
860
861
863
865
866
867
868
869
870
871
872
873
874
875
876
877
879
881
882
883
884
886
888
889
890
891
892
893
894
895
896
897
898
900
901
902
904
905
907
908
909
910
911
912
914
915
916
917
918
920
922
923
924
925
926
928
930
931
932
934
936
938
939
945
946
947
948
950
952
953
954
955
956
957
959
960
963
964
965
966
967
968
969
970
971
975
980
981
982
984
986
987
988
989
991
993
994
995
996
998
1000
1003
1008
1009
1010
1012
1014
1017
1019
1020
1022
1023
1024
1026
1028
1029
1030
1031
1032
1033
1034
1036
1037
1038
1039
1042
1043
1044
1045
1046
1048
1050
1051
1052
1053
1054
1057
1058
1059
1060
1061
1062
1063
1064
1065
1067
1068
1069
1072
1073
1074
1075
1078
1079
1080
1081
1082
1083
1085
1086
1087
1088
1089
1092
1093
1094
1095
1099
1100
1101
1102
1103
1106
1107
1109
1110
1115
1117
1118
1122
1127
1128
1129
1130
1131
1132
1134
1135
1136
1137
1138
1139
1141
1142
1143
1144
1146
1148
1149
1150
1151
1153
1154
1160
1161
1162
1163
1164
1165
1166
1167
1171
1176
1177
1178
1179
1180
1181
1183
1184
1185
1186
1190
1191
1192
1193
1195
1197
1198
1199
1200
1201
1202
1203
1204
1205
1206
1207
1208
1209
1211
1212
1213
1215
1216
1217
1218
1220
1222
1225
1226
1227
1228
1229
1230
1231
1232
1233
1234
1235
1236
1237
1238
1239
1240
1241
1242
1243
1245
1246
1247
1248
1249
1250
1251
1253
1254
1255
1256
1257
1258
1260
1261
1264
1271
1274
1275
1276
1278
1279
1281
1282
1285
1286
1288
1289
1290
1297
1299
1300
1302
1303
1304
1305
1306
1307
1309
1310
1311
1313
1314
1318
1320
1337
1338
1339
1346
1348
1351
1352
1353
1354
1355
1360
1362
1363
1367
1369
1372
1373
1374
1375
1376
1377
1378
1379
1380
1381
1382
1383
1384
1385
1386
1387
1388
1389
1390
1392
1393
1394
1395
1396
1397
1398
1400
1401
1402
1403
1404
1405
1406
1407
1408
1411
1414
1415
1416
1418
1420
1421
1422
1423
1424
1425
1426
1427
1428
1429
1430
1431
1432
1433
1434
1435
1436
1437
1438
1439
1441
1442
1443
1444
1445
1446
1447
1449
1450
1451
1453
1454
1455
1456
1457
1463
1464
1465
1467
1469
1470
1471
1472
1473
1474
1476
1477
1478
1479
1480
1481
1483
1484
1485
1486
1487
1488
1490
1491
1492
1493
1494
1498
1499
1500
1502
1504
1512
1513
1514
1516
1518
1519
1520
1521
1522
1523
1526
1527
1528
1529
1533
1534
1535
1536
1540
1541
1542
1543
1544
1545
1547
1548
1549
1550
1551
1552
1554
1555
1556
1558
1559
1563
1565
1568
1569
1570
1571
1572
1573
1574
1575
1576
1577
1578
1579
1580
1581
1582
1583
1584
1585
1586
1588
1589
1590
1591
1592
1593
1594
1596
1597
1598
1599
1600
1601
1602
1603
1604
1606
1607
1608
1609
1610
1611
1612
1614
1616
1617
1618
1619
1620
1621
1622
1624
1625
1628
1629
1634
1636
1638
1639
1641
1642
1645
1646
1647
1648
1649
1650
1651
1652
1653
1655
1656
1657
1658
1659
1660
1663
1665
1666
1667
1668
1670
1672
1673
1674
1675
1677
1679
1680
1681
1682
1684
1686
1691
1694
1695
1696
1697
1698
1700
1705
1708
1709
1710
1712
1714
1715
1716
1717
1719
1720
1722
1723
1726
1727
1729
1730
1731
1738
1740
1741
1743
1744
1747
1748
1750
1751
1764
1765
1766
1768
1769
1771
1772
1775
1776
1789
1790
1792
1793
1796
1797
1799
1800
1887
1890
1891
1892
1893
1894
1901
1908
1911
1912
1913
1914
1915
1918
1919
1920
1921
1925
1926
1927
1928
1932
1933
1934
1935
1936
1939
1940
1941
1942
1943
1950
1957
1985
1988
1989
1990
1991
1992
1999
2006
2034
2037
2038
2039
2040
2041
2048
2055
2058
2059
2060
2062
2064
2065
2066
2067
2069
2071
2072
2073
2074
2076
2078
2086
2087
2088
2090
2092
2100
2101
2102
2104
2106
2107
2108
2109
2111
2113
2114
2115
2116
2118
2120
2121
2122
2123
2125
2127
2135
2136
2137
2139
2141
2149
2150
2151
2153
2155
2156
2157
2158
2160
2162
2163
2164
2165
2167
2169
2170
2171
2172
2174
2176
2184
2185
2186
2188
2190
2198
2199
2200
2202
2204
2230
2233
2234
2235
2236
2237
2244
2251
2254
2255
2256
2257
2258
2260
2261
2262
2263
2264
2265
2267
2268
2269
2270
2271
2272
2274
2275
2276
2277
2278
2279
2282
2283
2284
2285
2286
2288
2293
2296
2297
2298
2300
2302
2328
2331
2332
2333
2334
2335
2342
2349
2352
2353
2354
2356
2358
2359
2360
2361
2363
2365
2366
2367
2368
2370
2372
2377
2380
2381
2382
2383
2384
2386
2391
2394
2395
2396
2398
2400
2401
2402
2403
2404
2405
2406
2407
2408
2409
2410
2411
2412
2413
2414
2415
2416
2417
2418
2419
2421
2422
2423
2424
2425
2426
2427
2429
2430
2431
2432
2433
2434
2435
2436
2437
2440
2443
2444
2445
2447
2449
2450
2451
2452
2453
2454
2455
2456
2457
2458
2459
2460
2461
2462
2463
2464
2465
2466
2467
2468
2470
2471
2472
2473
2474
2475
2476
2478
2479
2480
2482
2483
2484
2485
2486
2487
2489
2490
2492
2493
2494
2496
2498
2499
2500
2501
2502
2503
2505
2506
2507
2508
2509
2510
2512
2513
2514
2515
2516
2517
2519
2520
2521
2522
2523
2527
2528
2529
2531
2533
2541
2542
2543
2545
2547
2548
2549
2550
2551
2552
2555
2556
2557
2558
2562
2563
2564
2565
2569
2570
2571
2572
2573
2576
2577
2578
2579
2580
2587
2594
2597
2598
2599
2600
2601
2603
2604
2605
2606
2607
2608
2610
2611
2612
2613
2614
2615
2617
2618
2619
2620
2621
2622
2625
2626
2627
2628
2629
2631
2636
2639
2640
2641
2643
2645
2671
2674
2675
2676
2677
2678
2685
2692
2695
2696
2697
2699
2701
2702
2703
2704
2706
2708
2709
2710
2711
2713
2715
2720
2723
2724
2725
2726
2727
2729
2734
2737
2738
2739
2741
2743
2744
2745
2746
2747
2748
2750
2751
2752
2753
2754
2755
2757
2758
2759
2760
2761
2762
2764
2765
2766
2767
2768
2769
2772
2773
2774
2775
2776
2778
2783
2786
2787
2788
2790
2792
2793
2794
2795
2796
2797
2799
2800
2801
2802
2803
2804
2806
2807
2808
2809
2810
2811
2813
2814
2815
2816
2817
2821
2822
2823
2825
2827
2835
2836
2837
2839
2841
2842
2843
2844
2845
2846
2848
2849
2850
2851
2852
2853
2855
2856
2857
2858
2859
2860
2862
2863
2864
2865
2866
2870
2871
2872
2874
2876
2884
2885
2886
2888
2890
2891
2892
2893
2894
2895
2898
2899
2900
2901
2905
2906
2907
2908
2912
2913
2914
2915
2940
2941
2942
2944
2946
2947
2948
2949
2951
2953
2954
2955
2956
2958
2960
2968
2969
2970
2972
2974
2982
2983
2984
2986
2988
3038
3039
3040
3042
3044
3045
3046
3047
3049
3051
3052
3053
3054
3056
3058
3066
3067
3068
3070
3072
3080
3081
3082
3084
3086
3087
3088
3089
3090
3091
3093
3094
3095
3096
3097
3098
3100
3101
3102
3103
3104
3105
3107
3108
3109
3110
3111
3112
3115
3116
3117
3118
3119
3121
3126
3129
3130
3131
3133
3135
3136
3137
3138
3139
3140
3142
3143
3144
3145
3146
3147
3149
3150
3151
3152
3153
3154
3156
3157
3158
3159
3160
3164
3165
3166
3168
3170
3178
3179
3180
3182
3184
3185
3186
3187
3188
3189
3191
3192
3193
3194
3195
3196
3198
3199
3200
3201
3202
3203
3205
3206
3207
3208
3209
3213
3214
3215
3217
3219
3227
3228
3229
3231
3233
3234
3235
3236
3237
3238
3241
3242
3243
3244
3248
3249
3250
3251
3255
3256
3257
3258
3283
3284
3285
3287
3289
3290
3291
3292
3294
3296
3297
3298
3299
3301
3303
3311
3312
3313
3315
3317
3325
3326
3327
3329
3331
3381
3382
3383
3385
3387
3388
3389
3390
3392
3394
3395
3396
3397
3399
3401
3409
3410
3411
3413
3415
3423
3424
3425
3427
3429
3430
3431
3432
3433
3434
3437
3438
3439
3440
3444
3445
3446
3447
3451
3452
3453
3454
3455
3458
3459
3460
3461
3462
3469
3476
3479
3480
3481
3482
3483
3486
3487
3488
3489
3493
3494
3495
3496
3500
3501
3502
3503
3528
3529
3530
3531
3532
3535
3536
3537
3538
3542
3543
3544
3545
3549
3550
3551
3552
3577
3578
3579
3580
3581
3584
3585
3586
3587
3591
3592
3593
3594
3598
3599
3600
3601
3773
3774
3775
3777
3779
3780
3781
3782
3784
3786
3787
3788
3789
3791
3793
3801
3802
3803
3805
3807
3815
3816
3817
3819
3821
3822
3823
3824
3826
3828
3829
3830
3831
3833
3835
3836
3837
3838
3840
3842
3850
3851
3852
3854
3856
3864
3865
3866
3868
3870
3871
3872
3873
3875
3877
3878
3879
3880
3882
3884
3885
3886
3887
3889
3891
3899
3900
3901
3903
3905
3913
3914
3915
3917
3919
3969
3970
3971
3973
3975
3976
3977
3978
3980
3982
3983
3984
3985
3987
3989
3997
3998
3999
4001
4003
4011
4012
4013
4015
4017
4067
4068
4069
4071
4073
4074
4075
4076
4078
4080
4081
4082
4083
4085
4087
4095
4096
4097
4099
4101
4109
4110
4111
4113
4115
4459
4460
4461
4463
4465
4466
4467
4468
4470
4472
4473
4474
4475
4477
4479
4487
4488
4489
4491
4493
4501
4502
4503
4505
4507
4508
4509
4510
4512
4514
4515
4516
4517
4519
4521
4522
4523
4524
4526
4528
4536
4537
4538
4540
4542
4550
4551
4552
4554
4556
4557
4558
4559
4561
4563
4564
4565
4566
4568
4570
4571
4572
4573
4575
4577
4585
4586
4587
4589
4591
4599
4600
4601
4603
4605
4655
4656
4657
4659
4661
4662
4663
4664
4666
4668
4669
4670
4671
4673
4675
4683
4684
4685
4687
4689
4697
4698
4699
4701
4703
4753
4754
4755
4757
4759
4760
4761
4762
4764
4766
4767
4768
4769
4771
4773
4781
4782
4783
4785
4787
4795
4796
4797
4799
4801
4802
4803
4804
4805
4806
4808
4809
4810
4811
4812
4813
4815
4816
4817
4818
4819
4820
4822
4823
4824
4825
4826
4827
4830
4831
4832
4833
4834
4836
4841
4844
4845
4846
4848
4850
4851
4852
4853
4854
4855
4857
4858
4859
4860
4861
4862
4864
4865
4866
4867
4868
4869
4871
4872
4873
4874
4875
4879
4880
4881
4883
4885
4893
4894
4895
4897
4899
4900
4901
4902
4903
4904
4906
4907
4908
4909
4910
4911
4913
4914
4915
4916
4917
4918
4920
4921
4922
4923
4924
4928
4929
4930
4932
4934
4942
4943
4944
4946
4948
4949
4950
4951
4952
4953
4956
4957
4958
4959
4963
4964
4965
4966
4970
4971
4972
4973
4974
4977
4978
4979
4980
4981
4988
4995
4998
4999
5000
5002
5004
5005
5006
5007
5009
5011
5012
5013
5014
5016
5018
5026
5027
5028
5030
5032
5040
5041
5042
5044
5046
5096
5097
5098
5100
5102
5103
5104
5105
5107
5109
5110
5111
5112
5114
5116
5124
5125
5126
5128
5130
5138
5139
5140
5142
5144
5145
5146
5147
5149
5151
5152
5153
5154
5156
5158
5159
5160
5161
5163
5165
5173
5174
5175
5177
5179
5187
5188
5189
5191
5193
5194
5195
5196
5198
5200
5201
5202
5203
5205
5207
5208
5209
5210
5212
5214
5222
5223
5224
5226
5228
5236
5237
5238
5240
5242
5243
5244
5245
5247
5249
5250
5251
5252
5254
5256
5257
5258
5259
5261
5263
5271
5272
5273
5275
5277
5285
5286
5287
5289
5291
5341
5342
5343
5345
5347
5348
5349
5350
5352
5354
5355
5356
5357
5359
5361
5369
5370
5371
5373
5375
5383
5384
5385
5387
5389
5439
5440
5441
5443
5445
5446
5447
5448
5450
5452
5453
5454
5455
5457
5459
5467
5468
5469
5471
5473
5481
5482
5483
5485
5487
5488
5489
5490
5492
5494
5495
5496
5497
5499
5501
5502
5503
5504
5506
5508
5516
5517
5518
5520
5522
5530
5531
5532
5534
5536
5537
5538
5539
5541
5543
5544
5545
5546
5548
5550
5551
5552
5553
5555
5557
5565
5566
5567
5569
5571
5579
5580
5581
5583
5585
5586
5587
5588
5590
5592
5593
5594
5595
5597
5599
5600
5601
5602
5604
5606
5614
5615
5616
5618
5620
5628
5629
5630
5632
5634
5684
5685
5686
5688
5690
5691
5692
5693
5695
5697
5698
5699
5700
5702
5704
5712
5713
5714
5716
5718
5726
5727
5728
5730
5732
5782
5783
5784
5786
5788
5789
5790
5791
5793
5795
5796
5797
5798
5800
5802
5810
5811
5812
5814
5816
5824
5825
5826
5828
5830
6174
6175
6176
6178
6180
6181
6182
6183
6185
6187
6188
6189
6190
6192
6194
6202
6203
6204
6206
6208
6216
6217
6218
6220
6222
6223
6224
6225
6227
6229
6230
6231
6232
6234
6236
6237
6238
6239
6241
6243
6251
6252
6253
6255
6257
6265
6266
6267
6269
6271
6272
6273
6274
6276
6278
6279
6280
6281
6283
6285
6286
6287
6288
6290
6292
6300
6301
6302
6304
6306
6314
6315
6316
6318
6320
6370
6371
6372
6374
6376
6377
6378
6379
6381
6383
6384
6385
6386
6388
6390
6398
6399
6400
6402
6404
6412
6413
6414
6416
6418
6468
6469
6470
6472
6474
6475
6476
6477
6479
6481
6482
6483
6484
6486
6488
6496
6497
6498
6500
6502
6510
6511
6512
6514
6516
6860
6861
6862
6864
6866
6867
6868
6869
6871
6873
6874
6875
6876
6878
6880
6888
6889
6890
6892
6894
6902
6903
6904
6906
6908
6909
6910
6911
6913
6915
6916
6917
6918
6920
6922
6923
6924
6925
6927
6929
6937
6938
6939
6941
6943
6951
6952
6953
6955
6957
6958
6959
6960
6962
6964
6965
6966
6967
6969
6971
6972
6973
6974
6976
6978
6986
6987
6988
6990
6992
7000
7001
7002
7004
7006
7056
7057
7058
7060
7062
7063
7064
7065
7067
7069
7070
7071
7072
7074
7076
7084
7085
7086
7088
7090
7098
7099
7100
7102
7104
7154
7155
7156
7158
7160
7161
7162
7163
7165
7167
7168
7169
7170
7172
7174
7182
7183
7184
7186
7188
7196
7197
7198
7200
7202
9604
9605
9606
9608
9610
9611
9612
9613
9615
9617
9618
9619
9620
9622
9624
9632
9633
9634
9636
9638
9646
9647
9648
9650
9652
9653
9654
9655
9657
9659
9660
9661
9662
9664
9666
9667
9668
9669
9671
9673
9681
9682
9683
9685
9687
9695
9696
9697
9699
9701
9702
9703
9704
9706
9708
9709
9710
9711
9713
9715
9716
9717
9718
9720
9722
9730
9731
9732
9734
9736
9744
9745
9746
9748
9750
9800
9801
9802
9804
9806
9807
9808
9809
9811
9813
9814
9815
9816
9818
9820
9828
9829
9830
9832
9834
9842
9843
9844
9846
9848
9898
9899
9900
9902
9904
9905
9906
9907
9909
9911
9912
9913
9914
9916
9918
9926
9927
9928
9930
9932
9940
9941
9942
9944
9946
9947
9948
9949
9951
9953
9954
9955
9956
9958
9960
9961
9962
9963
9965
9967
9975
9976
9977
9979
9981
9989
9990
9991
9993
9995
9996
9997
9998
10000
