2
3
4
5
6
7
8
9
10
11
12
13
14
15
16
17
18
19
20
21
22
23
24
25
26
27
28
29
30
31
32
33
34
35
36
37
38
39
40
41
42
43
44
45
46
47
48
49
50
51
52
53
54
55
56
57
58
59
60
61
62
63
64
65
66
67
68
69
70
71
72
73
74
75
76
77
78
79
80
81
82
83
84
85
86
87
88
89
90
91
92
93
94
95
96
98
99
100
101
102
103
104
105
106
107
108
109
110
111
112
113
114
115
116
117
118
119
120
121
123
124
125
126
127
128
130
131
132
133
134
135
136
137
138
139
140
141
142
143
144
145
147
148
149
150
151
153
154
155
156
157
159
160
164
172
174
175
176
177
178
179
180
181
182
183
184
185
186
187
188
189
190
191
192
193
194
196
197
198
199
200
201
202
203
204
205
206
207
208
210
211
212
214
215
216
221
223
224
225
226
228
229
230
231
232
233
234
235
236
237
238
239
240
241
242
245
246
247
249
250
252
253
254
256
257
259
260
261
263
264
270
272
273
274
275
277
278
279
280
281
282
284
285
286
287
288
289
294
295
296
298
300
301
302
303
308
309
310
312
314
343
344
345
347
348
349
350
351
352
354
355
357
358
359
361
362
363
368
370
371
372
373
375
376
377
378
379
380
382
383
384
385
386
387
392
393
394
396
397
398
399
400
401
403
404
406
407
408
410
411
412
420
421
422
424
425
427
428
429
431
432
441
442
443
445
446
447
448
449
450
452
453
455
456
457
459
460
461
466
468
469
470
471
473
474
475
476
477
478
480
481
482
483
484
485
539
540
541
543
544
546
547
548
550
551
553
554
555
557
558
567
568
569
571
572
574
575
576
578
579
588
589
590
592
593
595
596
597
599
600
602
603
604
606
607
616
617
618
620
621
623
624
625
627
628
686
687
688
690
691
693
694
695
697
698
700
701
702
704
705
714
715
716
718
719
721
722
723
725
726
735
736
737
739
740
742
743
744
746
747
749
750
751
753
754
763
764
765
767
768
770
771
772
774
775
784
785
786
788
789
791
792
793
795
796
798
799
800
802
803
812
813
814
816
817
819
820
821
823
824
882
883
884
886
887
889
890
891
893
894
896
897
898
900
901
910
911
912
914
915
917
918
919
921
922
931
932
933
935
936
938
939
940
942
943
945
946
947
949
950
959
960
961
963
964
966
967
968
970
971
