2
4
7
8
9
11
14
15
16
18
22
23
25
28
29
30
32
36
37
39
43
44
46
49
50
51
53
56
57
58
60
63
64
65
67
71
72
74
77
78
79
81
85
86
88
92
93
95
98
99
100
102
105
106
107
109
112
113
114
116
120
121
123
126
127
128
130
134
135
137
141
142
144
148
149
151
154
155
156
158
161
162
163
165
169
170
172
175
176
177
179
183
184
186
190
191
193
196
197
198
200
203
204
205
207
210
211
212
214
218
219
221
224
225
226
228
233
235
239
240
242
246
247
249
252
253
254
256
259
260
261
263
267
268
270
273
274
275
277
281
282
284
288
289
291
295
296
298
301
302
303
305
308
309
310
312
316
317
319
322
323
324
326
330
331
333
337
338
340
343
344
345
347
350
351
352
354
357
358
359
361
365
366
368
371
372
373
375
379
380
382
386
387
389
392
393
394
396
399
400
401
403
406
407
408
410
414
415
417
420
421
422
424
428
429
431
435
436
438
441
442
443
445
448
449
450
452
455
456
457
459
463
464
466
469
470
471
473
477
478
480
484
485
487
491
492
494
497
498
499
504
505
506
508
512
513
515
518
519
520
522
526
527
529
534
536
539
540
541
543
546
547
548
550
553
554
555
557
561
562
564
567
568
569
571
575
576
578
582
583
585
589
590
592
595
596
597
599
602
603
604
606
610
611
613
616
617
618
620
624
625
627
632
634
638
639
641
644
645
646
648
651
652
653
655
659
662
665
666
667
669
674
676
680
681
683
686
687
688
690
693
694
695
697
700
701
702
704
708
709
711
714
715
716
718
722
723
725
729
730
732
735
736
737
739
742
743
744
746
749
750
751
753
757
758
760
763
764
765
767
771
772
774
778
779
784
785
786
788
791
792
793
795
798
799
800
802
812
813
814
816
821
823
827
828
830
835
837
840
841
847
848
849
851
856
858
861
862
863
865
869
870
872
876
879
882
883
884
886
889
890
891
893
896
897
898
900
904
905
907
910
911
912
914
918
919
925
926
928
932
933
935
938
940
945
946
947
953
954
956
959
960
963
968
970
974
975
977
982
994
995
996
998
1003
1005
1008
1009
1010
1016
1017
1024
1036
1040
1043
1045
1051
1052
1054
1057
1059
1068
1072
1073
1075
1078
1079
1080
1082
1085
1086
1087
1089
1092
1094
1096
1100
1106
1107
1108
1114
1115
1117
1121
1122
1124
1127
1128
1129
1131
1134
1138
1141
1143
1145
1149
1150
1152
1155
1156
1157
1163
1164
1166
1170
1171
1173
1178
1180
1183
1184
1185
1190
1192
1201
1204
1205
1206
1208
1212
1213
1215
1219
1220
1222
1225
1226
1227
1229
1232
1233
1234
1236
1239
1240
1241
1243
1247
1248
1250
1253
1254
1255
1257
1261
1264
1268
1269
1275
1276
1278
1281
1282
1283
1285
1288
1289
1290
1292
1296
1297
1299
1302
1303
1304
1306
1310
1311
1313
1317
1318
1324
1325
1327
1330
1331
1332
1334
1337
1338
1339
1341
1348
1351
1352
1353
1355
1360
1362
1367
1372
1373
1374
1376
1379
1380
1381
1383
1386
1387
1388
1390
1394
1395
1397
1400
1401
1402
1404
1411
1421
1422
1423
1425
1428
1429
1430
1432
1435
1436
1437
1439
1443
1444
1446
1449
1450
1451
1453
1458
1460
1464
1465
1467
1470
1471
1472
1474
1477
1478
1479
1481
1484
1485
1486
1488
1492
1493
1495
1498
1499
1500
1502
1506
1507
1509
1514
1516
1520
1521
1528
1533
1534
1535
1537
1541
1542
1544
1547
1548
1549
1551
1555
1556
1558
1562
1563
1565
1568
1569
1570
1572
1575
1576
1577
1579
1582
1583
1584
1586
1591
1593
1596
1597
1598
1600
1607
1611
1642
1645
1646
1647
1649
1653
1654
1656
1660
1663
1673
1674
1677
1680
1694
1737
1740
1743
1747
1751
1752
1758
1761
1764
1765
1766
1768
1775
1778
1779
1780
1782
1787
1789
1792
1796
1807
1810
1813
1814
1815
1820
1827
1828
1829
1856
1859
1866
1869
1871
1873
1876
1877
1878
1880
1887
1890
1891
1892
1894
1898
1899
1901
1906
1911
1912
1913
1915
1918
1919
1920
1925
1926
1927
1929
1936
1939
1940
1941
1943
1947
1948
1950
1955
1967
1969
1974
1975
1976
1983
1985
1988
1989
1990
1992
1996
1997
1999
2003
2004
2006
2016
2020
2023
2027
2031
2032
2034
2037
2039
2045
2046
2080
2083
2088
2090
2094
2095
2101
2102
2104
2107
2108
2109
2111
2114
2115
2118
2123
2129
2135
2136
2137
2143
2144
2146
2150
2151
2156
2157
2158
2160
2165
2170
2172
2174
2178
2179
2181
2184
2185
2188
2193
2195
2199
2200
2212
2213
2214
2216
2219
2223
2233
2234
2241
2242
2248
2251
2254
2255
2256
2258
2262
2265
2268
2269
2276
2277
2279
2282
2286
2290
2291
2293
2297
2298
2300
2307
2310
2312
2321
2325
2326
2328
2331
2332
2333
2335
2339
2340
2342
2346
2349
2366
2367
2370
2401
2402
2403
2405
2408
2409
2410
2412
2415
2416
2417
2419
2423
2424
2426
2429
2430
2431
2433
2437
2438
2440
2444
2445
2447
2450
2451
2452
2454
2457
2458
2459
2461
2464
2465
2466
2468
2472
2473
2475
2478
2479
2480
2482
2486
2487
2489
2493
2494
2496
2499
2500
2501
2503
2506
2507
2508
2510
2513
2514
2515
2517
2527
2528
2529
2531
2535
2536
2538
2543
2545
2555
2557
2559
2562
2563
2566
2573
2576
2577
2578
2580
2584
2585
2587
2591
2592
2597
2598
2599
2601
2604
2605
2606
2608
2611
2612
2613
2615
2620
2622
2625
2626
2627
2629
2636
2650
2653
2657
2660
2661
2664
2668
2669
2671
2674
2675
2676
2678
2685
2697
2699
2702
2703
2704
2706
2709
2711
2717
2723
2727
2744
2745
2746
2748
2751
2752
2753
2755
2758
2759
2760
2762
2769
2772
2773
2774
2776
2783
2787
2788
2790
2793
2794
2795
2797
2800
2801
2802
2804
2807
2808
2809
2811
2815
2821
2822
2823
2825
2842
2843
2844
2846
2849
2850
2851
2853
2856
2857
2858
2860
2870
2871
2872
2874
2879
2881
2885
2886
2888
2895
2898
2899
2905
2906
2919
2927
2928
2934
2935
2940
2941
2942
2944
2947
2948
2949
2951
2954
2955
2956
2958
2968
2969
2970
2972
2976
2977
2979
2984
2986
2996
2998
3011
3012
3014
3017
3018
3025
3033
3056
3061
3063
3066
3074
3075
3087
3088
3089
3091
3094
3095
3096
3098
3101
3102
3103
3105
3109
3110
3112
3115
3116
3117
3119
3123
3124
3126
3130
3136
3137
3138
3140
3143
3144
3145
3147
3150
3151
3152
3154
3164
3165
3166
3168
3182
3185
3186
3187
3189
3192
3193
3194
3196
3199
3200
3201
3203
3213
3214
3215
3217
3277
3280
3283
3284
3285
3287
3290
3291
3292
3294
3297
3298
3299
3301
3305
3306
3308
3311
3312
3313
3315
3326
3327
3339
3341
3346
3347
3348
3354
3355
3357
3360
3369
3371
3388
3389
3395
3397
3399
3403
3404
3406
3409
3413
3417
3418
3473
3474
3479
3480
3481
3483
3486
3487
3493
3494
3495
3497
3501
3502
3504
3511
3525
3528
3529
3535
3542
3543
3544
3556
3560
3564
3565
3574
3620
3623
3626
3627
3635
3735
3738
3742
3746
3747
3749
3754
3760
3761
3773
3774
3775
3777
3780
3781
3782
3784
3787
3788
3789
3791
3795
3796
3798
3801
3802
3803
3805
3812
3817
3822
3823
3824
3826
3829
3830
3831
3833
3836
3837
3838
3840
3850
3851
3852
3854
3871
3872
3873
3875
3878
3879
3880
3882
3885
3886
3887
3889
3893
3894
3896
3899
3900
3901
3903
3907
3908
3910
3929
3934
3935
3936
3938
3945
3948
3949
3950
3956
3957
3963
3966
3969
3970
3971
3973
3976
3977
3978
3980
3983
3984
3985
3987
3992
3994
3997
3998
3999
4001
4005
4006
4008
4012
4013
4025
4027
4032
4040
4041
4043
4046
4047
4054
4055
4061
4062
4064
4074
4078
4081
4085
4089
4090
4092
4103
4155
4160
4165
4166
4167
4176
4179
4202
4204
4208
4209
4214
4215
4216
4218
4221
4222
4225
4228
4229
4230
4236
4246
4251
4253
4257
4258
4270
4271
4272
4274
4277
4281
4288
4291
4292
4293
4295
4299
4300
4302
4307
4312
4313
4314
4316
4319
4320
4321
4330
4337
4340
4341
4344
4348
4349
4351
4355
4356
4358
4365
4368
4370
4375
4376
4377
4383
4386
4389
4390
4393
4398
4400
4405
4407
4421
4424
4425
4426
4428
4432
4433
4435
4438
4446
4482
4484
4487
4489
4495
4496
4502
4503
4505
4508
4509
4510
4512
4515
4516
4519
4524
4530
4531
4533
4536
4545
4547
4551
4552
4557
4558
4559
4561
4564
4565
4571
4572
4573
4580
4582
4587
4589
4594
4596
4600
4601
4613
4614
4642
4643
4649
4655
4656
4657
4666
4669
4670
4677
4678
4680
4683
4687
4691
4692
4698
4699
4701
4734
4740
4741
4747
4802
4803
4804
4806
4809
4810
4811
4813
4816
4817
4818
4820
4824
4825
4827
4830
4831
4832
4834
4838
4839
4841
4845
4846
4848
4851
4852
4853
4855
4858
4859
4860
4862
4865
4866
4867
4869
4873
4879
4880
4881
4883
4887
4888
4890
4894
4895
4897
4900
4901
4902
4904
4907
4908
4909
4911
4914
4915
4916
4918
4928
4929
4930
4932
4937
4939
4944
4956
4958
4960
4963
4967
4974
4977
4978
4979
4981
4986
4988
4993
4998
4999
5000
5002
5005
5006
5007
5009
5012
5013
5014
5016
5023
5026
5027
5028
5030
5037
5072
5075
5076
5077
5079
5086
5124
5126
5145
5146
5147
5149
5152
5153
5154
5156
5159
5160
5161
5163
5168
5170
5173
5174
5175
5177
5181
5182
5184
5194
5195
5196
5198
5201
5202
5203
5205
5208
5209
5210
5212
5217
5219
5222
5223
5224
5226
5243
5244
5245
5247
5250
5251
5252
5254
5257
5258
5259
5261
5271
5272
5273
5275
5341
5342
5343
5345
5348
5349
5350
5352
5355
5356
5357
5359
5369
5370
5371
5373
5404
5405
5406
5412
5415
5418
5419
5422
5427
5429
5434
5446
5447
5453
5454
5455
5461
5471
5488
5489
5490
5492
5495
5496
5497
5499
5502
5503
5504
5506
5513
5516
5517
5518
5520
5527
5537
5538
5539
5541
5544
5545
5546
5548
5551
5552
5553
5555
5565
5566
5567
5569
5574
5576
5580
5581
5586
5587
5588
5590
5593
5594
5595
5597
5600
5601
5602
5604
5614
5615
5616
5618
5623
5625
5630
5684
5685
5686
5688
5691
5692
5693
5695
5698
5699
5700
5702
5712
5713
5714
5716
5747
5748
5749
5758
5761
5762
5765
5770
5772
5777
5796
5797
5798
6112
6113
6119
6122
6132
6143
6148
6150
6153
6161
6162
6174
6175
6176
6178
6181
6182
6183
6185
6188
6189
6190
6192
6202
6203
6204
6206
6223
6224
6225
6227
6230
6231
6232
6234
6237
6238
6239
6241
6246
6248
6251
6252
6253
6255
6272
6273
6274
6276
6279
6280
6281
6283
6286
6287
6288
6290
6300
6301
6302
6304
6330
6335
6336
6337
6339
6349
6364
6367
6370
6371
6372
6374
6377
6378
6379
6381
6384
6385
6386
6388
6393
6395
6398
6399
6400
6402
6413
6455
6456
6462
6465
6475
6549
6553
6554
6560
6566
6567
6580
6581
6582
6584
6589
6591
6598
6603
6605
6610
6612
6615
6616
6617
6619
6622
6623
6629
6630
6631
6652
6654
6659
6673
6678
6679
6680
6682
6689
6692
6693
6696
6701
6703
6708
6713
6714
6715
6717
6720
6721
6738
6741
6742
6745
6776
6777
6778
6787
6790
6791
6794
6799
6801
6806
6825
6826
6827
6946
6948
6953
6958
6959
6960
6962
6965
6966
6972
6973
6974
6986
6990
6994
6995
6997
7002
7004
7016
7021
7022
7023
7025
7035
7050
7053
7056
7057
7065
7112
7114
7119
7120
7121
7128
7130
7470
7471
7473
7476
7477
7484
7492
7508
7511
7515
7519
7520
7522
7533
7546
7547
7548
7553
7555
7557
7560
7568
7569
7571
7623
7624
7631
7634
7644
7645
7646
7737
7742
7743
7744
7749
7751
7760
7778
7781
7786
7798
7800
7813
7814
7816
7819
7820
7827
7835
7889
7890
7891
7896
7898
7900
7903
7911
7912
7914
8005
8009
8010
8012
8015
8016
8026
8043
8045
8047
8050
8054
8064
8065
8080
8085
8086
8087
8092
8094
8103
8156
8157
8159
8162
8163
8170
8178
8404
8407
8408
8409
8411
8416
8418
8423
8428
8429
8430
8432
8435
8436
8437
8442
8443
8444
8450
8453
8456
8457
8458
8460
8467
8471
8472
8491
8492
8493
8499
8502
8505
8506
8507
8509
8514
8516
8521
8537
8540
8541
8542
8544
8548
8549
8551
8562
8575
8576
8577
8579
8582
8583
8584
8586
8589
8590
8591
8597
8598
8600
8603
8604
8605
8607
8614
8619
8624
8625
8626
8628
8631
8632
8633
8635
8638
8639
8640
8673
8674
8675
8677
8680
8681
8682
8687
8688
8689
8691
8695
8696
8698
8701
8702
8705
8710
8712
8716
8717
8729
8730
8747
8750
8751
8752
8754
8759
8761
8766
8771
8772
8773
8775
8778
8779
8780
8785
8786
8787
8793
8796
8799
8800
8801
8803
8810
8814
8815
8845
8848
8849
8850
8852
8859
8876
8877
8883
8885
8891
8901
9004
9006
9010
9011
9016
9017
9018
9020
9023
9024
9030
9031
9032
9048
9053
9055
9059
9060
9072
9073
9090
9093
9094
9095
9097
9102
9104
9109
9114
9115
9116
9118
9121
9122
9123
9128
9129
9130
9139
9142
9143
9144
9146
9153
9177
9178
9179
9185
9188
9191
9192
9193
9195
9200
9202
9207
9226
9227
9228
9347
9349
9354
9359
9360
9361
9363
9366
9367
9373
9374
9375
9396
9398
9403
9604
9605
9606
9608
9611
9612
9613
9615
9618
9619
9620
9622
9629
9632
9633
9634
9636
9643
9647
9648
9653
9654
9655
9657
9660
9661
9662
9664
9667
9668
9669
9671
9675
9681
9682
9683
9685
9690
9692
9696
9697
9702
9703
9704
9706
9709
9710
9711
9713
9716
9717
9718
9720
9730
9731
9732
9734
9739
9741
9746
9776
9779
9780
9781
9783
9788
9790
9795
9800
9801
9802
9804
9807
9808
9809
9811
9814
9815
9816
9818
9825
9828
9829
9830
9832
9839
9874
9877
9878
9879
9881
9888
9947
9948
9949
9951
9954
9955
9956
9958
9961
9962
9963
9965
9972
9975
9976
9977
9979
9986
9996
9997
9998
10000
10003
10004
10005
10007
10010
10011
10012
10014
10024
10025
10026
10028
10045
10046
10047
10049
10052
10053
10054
10056
10059
10060
10061
10063
10073
10074
10075
10077
10143
10144
10145
10147
10150
10151
10152
10154
10157
10158
10159
10161
10171
10172
10173
10175
10290
10291
10292
10294
10297
10298
10299
10301
10304
10305
10306
10308
10315
10318
10319
10320
10322
10329
10339
10340
10341
10343
10346
10347
10348
10350
10353
10354
10355
10357
10367
10368
10369
10371
10388
10389
10390
10392
10395
10396
10397
10399
10402
10403
10404
10406
10416
10417
10418
10420
10486
10487
10488
10490
10493
10494
10495
10497
10500
10501
10502
10504
10514
10515
10516
10518
10805
10808
10809
10810
10812
10817
10819
10824
10829
10830
10831
10833
10836
10837
10838
10843
10844
10845
10854
10857
10858
10859
10861
10868
10892
10893
10894
10903
10906
10907
10908
10910
10915
10917
10922
10941
10942
10943
10976
10977
10978
10980
10983
10984
10985
10987
10990
10991
10992
10994
11001
11004
11005
11006
11008
11015
11025
11026
11027
11029
11032
11033
11034
11036
11039
11040
11041
11043
11053
11054
11055
11057
11074
11075
11076
11078
11081
11082
11083
11085
11088
11089
11090
11092
11102
11103
11104
11106
11148
11151
11152
11153
11155
11160
11162
11167
11172
11173
11174
11176
11179
11180
11181
11183
11186
11187
11188
11190
11197
11200
11201
11202
11204
11211
11246
11249
11250
11251
11253
11260
11491
11494
11495
11496
11498
11505
11515
11516
11517
11519
11522
11523
11524
11529
11530
11531
11540
11543
11544
11545
11547
11554
11589
11592
11593
11594
11596
11603
13206
13209
13210
13211
13213
13220
13230
13231
13232
13234
13237
13238
13239
13244
13245
13246
13255
13258
13259
13260
13262
13269
13304
13307
13308
13309
13311
13318
13377
13378
13379
13381
13384
13385
13386
13391
13392
13393
13402
13405
13406
13407
13409
13416
13426
13427
13428
13430
13433
13434
13435
13440
13441
13442
13475
13476
13477
13479
13482
13483
13484
13489
13490
13491
13549
13552
13553
13554
13556
13563
13573
13574
13575
13577
13580
13581
13582
13587
13588
13589
13598
13601
13602
13603
13605
13612
13647
13650
13651
13652
13654
13661
13892
13895
13896
13897
13899
13906
13916
13917
13918
13920
13923
13924
13925
13930
13931
13932
13941
13944
13945
13946
13948
13955
13990
13993
13994
13995
13997
14004
16807
16808
16809
16811
16814
16815
16816
16818
16821
16822
16823
16825
16832
16835
16836
16837
16839
16846
16856
16857
16858
16860
16863
16864
16865
16867
16870
16871
16872
16874
16884
16885
16886
16888
16893
16895
16900
16905
16906
16907
16909
16912
16913
16914
16916
16919
16920
16921
16923
16933
16934
16935
16937
16942
16944
16949
16979
16982
16983
16984
16986
16991
16993
16998
17003
17004
17005
17007
17010
17011
17012
17014
17017
17018
17019
17021
17028
17031
17032
17033
17035
17042
17077
17080
17081
17082
17084
17091
17150
17151
17152
17154
17157
17158
17159
17161
17164
17165
17166
17168
17175
17178
17179
17180
17182
17189
17199
17200
17201
17203
17206
17207
17208
17210
17213
17214
17215
17217
17227
17228
17229
17231
17248
17249
17250
17252
17255
17256
17257
17259
17262
17263
17264
17266
17276
17277
17278
17280
17346
17347
17348
17350
17353
17354
17355
17357
17360
17361
17362
17364
17374
17375
17376
17378
17409
17410
17411
17420
17423
17424
17427
17432
17434
17439
17458
17459
17460
17493
17494
17495
17497
17500
17501
17502
17504
17507
17508
17509
17511
17518
17521
17522
17523
17525
17532
17542
17543
17544
17546
17549
17550
17551
17553
17556
17557
17558
17560
17570
17571
17572
17574
17579
17581
17586
17591
17592
17593
17595
17598
17599
17600
17602
17605
17606
17607
17609
17619
17620
17621
17623
17628
17630
17635
17689
17690
17691
17693
17696
17697
17698
17700
17703
17704
17705
17707
17717
17718
17719
17721
17752
17753
17754
17763
17766
17767
17770
17775
17777
17782
17801
17802
17803
18008
18011
18012
18013
18015
18020
18022
18027
18032
18033
18034
18036
18039
18040
18041
18046
18047
18048
18057
18060
18061
18062
18064
18071
18095
18096
18097
18106
18109
18110
18111
18113
18118
18120
18125
18144
18145
18146
18179
18180
18181
18183
18186
18187
18188
18190
18193
18194
18195
18197
18204
18207
18208
18209
18211
18218
18228
18229
18230
18232
18235
18236
18237
18239
18242
18243
18244
18246
18256
18257
18258
18260
18277
18278
18279
18281
18284
18285
18286
18288
18291
18292
18293
18295
18305
18306
18307
18309
18351
18354
18355
18356
18358
18363
18365
18370
18375
18376
18377
18379
18382
18383
18384
18386
18389
18390
18391
18393
18400
18403
18404
18405
18407
18414
18449
18452
18453
18454
18456
18463
18694
18697
18698
18699
18701
18708
18718
18719
18720
18722
18725
18726
18727
18732
18733
18734
18743
18746
18747
18748
18750
18757
18792
18795
18796
18797
18799
18806
19208
19209
19210
19212
19215
19216
19217
19219
19222
19223
19224
19226
19233
19236
19237
19238
19240
19247
19257
19258
19259
19261
19264
19265
19266
19268
19271
19272
19273
19275
19285
19286
19287
19289
19294
19296
19301
19306
19307
19308
19310
19313
19314
19315
19317
19320
19321
19322
19324
19334
19335
19336
19338
19343
19345
19350
19380
19383
19384
19385
19387
19392
19394
19399
19404
19405
19406
19408
19411
19412
19413
19415
19418
19419
19420
19422
19429
19432
19433
19434
19436
19443
19478
19481
19482
19483
19485
19492
19551
19552
19553
19555
19558
19559
19560
19562
19565
19566
19567
19569
19576
19579
19580
19581
19583
19590
19600
19601
19602
19604
19607
19608
19609
19611
19614
19615
19616
19618
19628
19629
19630
19632
19649
19650
19651
19653
19656
19657
19658
19660
19663
19664
19665
19667
19677
19678
19679
19681
19747
19748
19749
19751
19754
19755
19756
19758
19761
19762
19763
19765
19775
19776
19777
19779
19894
19895
19896
19898
19901
19902
19903
19905
19908
19909
19910
19912
19919
19922
19923
19924
19926
19933
19943
19944
19945
19947
19950
19951
19952
19954
19957
19958
19959
19961
19971
19972
19973
19975
19992
19993
19994
19996
19999
20000
20001
20003
20006
20007
20008
20010
20020
20021
20022
20024
20090
20091
20092
20094
20097
20098
20099
20101
20104
20105
20106
20108
20118
20119
20120
20122
20580
20581
20582
20584
20587
20588
20589
20591
20594
20595
20596
20598
20608
20609
20610
20612
20629
20630
20631
20633
20636
20637
20638
20640
20643
20644
20645
20647
20657
20658
20659
20661
20678
20679
20680
20682
20685
20686
20687
20689
20692
20693
20694
20696
20706
20707
20708
20710
20776
20777
20778
20780
20783
20784
20785
20787
20790
20791
20792
20794
20804
20805
20806
20808
21609
21610
21611
21613
21616
21617
21618
21620
21623
21624
21625
21627
21634
21637
21638
21639
21641
21648
21658
21659
21660
21662
21665
21666
21667
21669
21672
21673
21674
21676
21686
21687
21688
21690
21707
21708
21709
21711
21714
21715
21716
21718
21721
21722
21723
21725
21735
21736
21737
21739
21781
21784
21785
21786
21788
21795
21805
21806
21807
21809
21812
21813
21814
21816
21819
21820
21821
21823
21830
21833
21834
21835
21837
21844
21879
21882
21883
21884
21886
21893
21952
21953
21954
21956
21959
21960
21961
21963
21966
21967
21968
21970
21977
21980
21981
21982
21984
21991
22001
22002
22003
22005
22008
22009
22010
22012
22015
22016
22017
22019
22029
22030
22031
22033
22050
22051
22052
22054
22057
22058
22059
22061
22064
22065
22066
22068
22078
22079
22080
22082
22148
22149
22150
22152
22155
22156
22157
22159
22162
22163
22164
22166
22176
22177
22178
22180
22295
22296
22297
22299
22302
22303
22304
22306
22309
22310
22311
22313
22320
22323
22324
22325
22327
22334
22344
22345
22346
22348
22351
22352
22353
22355
22358
22359
22360
22362
22372
22373
22374
22376
22393
22394
22395
22397
22400
22401
22402
22404
22407
22408
22409
22411
22421
22422
22423
22425
22491
22492
22493
22495
22498
22499
22500
22502
22505
22506
22507
22509
22519
22520
22521
22523
22981
22982
22983
22985
22988
22989
22990
22992
22995
22996
22997
22999
23009
23010
23011
23013
23030
23031
23032
23034
23037
23038
23039
23041
23044
23045
23046
23048
23058
23059
23060
23062
23079
23080
23081
23083
23086
23087
23088
23090
23093
23094
23095
23097
23107
23108
23109
23111
23177
23178
23179
23181
23184
23185
23186
23188
23191
23192
23193
23195
23205
23206
23207
23209
26411
26412
26413
26415
26418
26419
26420
26422
26425
26426
26427
26429
26439
26440
26441
26443
26460
26461
26462
26464
26467
26468
26469
26471
26474
26475
26476
26478
26488
26489
26490
26492
26509
26510
26511
26513
26516
26517
26518
26520
26523
26524
26525
26527
26537
26538
26539
26541
26607
26608
26609
26611
26614
26615
26616
26618
26621
26622
26623
26625
26635
26636
26637
26639
26754
26755
26756
26758
26761
26762
26763
26765
26768
26769
26770
26772
26782
26783
26784
26786
26803
26804
26805
26807
26810
26811
26812
26814
26817
26818
26819
26821
26831
26832
26833
26835
26852
26853
26854
26856
26859
26860
26861
26863
26866
26867
26868
26870
26880
26881
26882
26884
26950
26951
26952
26954
26957
26958
26959
26961
26964
26965
26966
26968
26978
26979
26980
26982
27097
27098
27099
27101
27104
27105
27106
27108
27111
27112
27113
27115
27125
27126
27127
27129
27146
27147
27148
27150
27153
27154
27155
27157
27160
27161
27162
27164
27174
27175
27176
27178
27195
27196
27197
27199
27202
27203
27204
27206
27209
27210
27211
27213
27223
27224
27225
27227
27293
27294
27295
27297
27300
27301
27302
27304
27307
27308
27309
27311
27321
27322
27323
27325
27783
27784
27785
27787
27790
27791
27792
27794
27797
27798
27799
27801
27811
27812
27813
27815
27832
27833
27834
27836
27839
27840
27841
27843
27846
27847
27848
27850
27860
27861
27862
27864
27881
27882
27883
27885
27888
27889
27890
27892
27895
27896
27897
27899
27909
27910
27911
27913
27979
27980
27981
27983
27986
27987
27988
27990
27993
27994
27995
27997
28007
28008
28009
28011
33614
33615
33616
33618
33621
33622
33623
33625
33628
33629
33630
33632
33639
33642
33643
33644
33646
33653
33663
33664
33665
33667
33670
33671
33672
33674
33677
33678
33679
33681
33691
33692
33693
33695
33712
33713
33714
33716
33719
33720
33721
33723
33726
33727
33728
33730
33740
33741
33742
33744
33786
33789
33790
33791
33793
33800
33810
33811
33812
33814
33817
33818
33819
33821
33824
33825
33826
33828
33835
33838
33839
33840
33842
33849
33884
33887
33888
33889
33891
33898
33957
33958
33959
33961
33964
33965
33966
33968
33971
33972
33973
33975
33982
33985
33986
33987
33989
33996
34006
34007
34008
34010
34013
34014
34015
34017
34020
34021
34022
34024
34034
34035
34036
34038
34055
34056
34057
34059
34062
34063
34064
34066
34069
34070
34071
34073
34083
34084
34085
34087
34153
34154
34155
34157
34160
34161
34162
34164
34167
34168
34169
34171
34181
34182
34183
34185
34300
34301
34302
34304
34307
34308
34309
34311
34314
34315
34316
34318
34325
34328
34329
34330
34332
34339
34349
34350
34351
34353
34356
34357
34358
34360
34363
34364
34365
34367
34377
34378
34379
34381
34398
34399
34400
34402
34405
34406
34407
34409
34412
34413
34414
34416
34426
34427
34428
34430
34496
34497
34498
34500
34503
34504
34505
34507
34510
34511
34512
34514
34524
34525
34526
34528
34815
34818
34819
34820
34822
34829
34839
34840
34841
34843
34846
34847
34848
34853
34854
34855
34864
34867
34868
34869
34871
34878
34913
34916
34917
34918
34920
34927
34986
34987
34988
34990
34993
34994
34995
34997
35000
35001
35002
35004
35011
35014
35015
35016
35018
35025
35035
35036
35037
35039
35042
35043
35044
35046
35049
35050
35051
35053
35063
35064
35065
35067
35084
35085
35086
35088
35091
35092
35093
35095
35098
35099
35100
35102
35112
35113
35114
35116
35158
35161
35162
35163
35165
35172
35182
35183
35184
35186
35189
35190
35191
35193
35196
35197
35198
35200
35207
35210
35211
35212
35214
35221
35256
35259
35260
35261
35263
35270
35501
35504
35505
35506
35508
35515
35525
35526
35527
35529
35532
35533
35534
35539
35540
35541
35550
35553
35554
35555
35557
35564
35599
35602
35603
35604
35606
35613
36015
36016
36017
36019
36022
36023
36024
36026
36029
36030
36031
36033
36040
36043
36044
36045
36047
36054
36064
36065
36066
36068
36071
36072
36073
36075
36078
36079
36080
36082
36092
36093
36094
36096
36113
36114
36115
36117
36120
36121
36122
36124
36127
36128
36129
36131
36141
36142
36143
36145
36187
36190
36191
36192
36194
36201
36211
36212
36213
36215
36218
36219
36220
36222
36225
36226
36227
36229
36236
36239
36240
36241
36243
36250
36285
36288
36289
36290
36292
36299
36358
36359
36360
36362
36365
36366
36367
36369
36372
36373
36374
36376
36383
36386
36387
36388
36390
36397
36407
36408
36409
36411
36414
36415
36416
36418
36421
36422
36423
36425
36435
36436
36437
36439
36456
36457
36458
36460
36463
36464
36465
36467
36470
36471
36472
36474
36484
36485
36486
36488
36554
36555
36556
36558
36561
36562
36563
36565
36568
36569
36570
36572
36582
36583
36584
36586
36701
36702
36703
36705
36708
36709
36710
36712
36715
36716
36717
36719
36726
36729
36730
36731
36733
36740
36750
36751
36752
36754
36757
36758
36759
36761
36764
36765
36766
36768
36778
36779
36780
36782
36799
36800
36801
36803
36806
36807
36808
36810
36813
36814
36815
36817
36827
36828
36829
36831
36897
36898
36899
36901
36904
36905
36906
36908
36911
36912
36913
36915
36925
36926
36927
36929
37387
37388
37389
37391
37394
37395
37396
37398
37401
37402
37403
37405
37415
37416
37417
37419
37436
37437
37438
37440
37443
37444
37445
37447
37450
37451
37452
37454
37464
37465
37466
37468
37485
37486
37487
37489
37492
37493
37494
37496
37499
37500
37501
37503
37513
37514
37515
37517
37583
37584
37585
37587
37590
37591
37592
37594
37597
37598
37599
37601
37611
37612
37613
37615
38416
38417
38418
38420
38423
38424
38425
38427
38430
38431
38432
38434
38441
38444
38445
38446
38448
38455
38465
38466
38467
38469
38472
38473
38474
38476
38479
38480
38481
38483
38493
38494
38495
38497
38514
38515
38516
38518
38521
38522
38523
38525
38528
38529
38530
38532
38542
38543
38544
38546
38588
38591
38592
38593
38595
38602
38612
38613
38614
38616
38619
38620
38621
38623
38626
38627
38628
38630
38637
38640
38641
38642
38644
38651
38686
38689
38690
38691
38693
38700
38759
38760
38761
38763
38766
38767
38768
38770
38773
38774
38775
38777
38784
38787
38788
38789
38791
38798
38808
38809
38810
38812
38815
38816
38817
38819
38822
38823
38824
38826
38836
38837
38838
38840
38857
38858
38859
38861
38864
38865
38866
38868
38871
38872
38873
38875
38885
38886
38887
38889
38955
38956
38957
38959
38962
38963
38964
38966
38969
38970
38971
38973
38983
38984
38985
38987
39102
39103
39104
39106
39109
39110
39111
39113
39116
39117
39118
39120
39127
39130
39131
39132
39134
39141
39151
39152
39153
39155
39158
39159
39160
39162
39165
39166
39167
39169
39179
39180
39181
39183
39200
39201
39202
39204
39207
39208
39209
39211
39214
39215
39216
39218
39228
39229
39230
39232
39298
39299
39300
39302
39305
39306
39307
39309
39312
39313
39314
39316
39326
39327
39328
39330
39788
39789
39790
39792
39795
39796
39797
39799
39802
39803
39804
39806
39816
39817
39818
39820
39837
39838
39839
39841
39844
39845
39846
39848
39851
39852
39853
39855
39865
39866
39867
39869
39886
39887
39888
39890
39893
39894
39895
39897
39900
39901
39902
39904
39914
39915
39916
39918
39984
39985
39986
39988
39991
39992
39993
39995
39998
39999
40000
40002
40012
40013
40014
40016
43218
43219
43220
43222
43225
43226
43227
43229
43232
43233
43234
43236
43246
43247
43248
43250
43267
43268
43269
43271
43274
43275
43276
43278
43281
43282
43283
43285
43295
43296
43297
43299
43316
43317
43318
43320
43323
43324
43325
43327
43330
43331
43332
43334
43344
43345
43346
43348
43414
43415
43416
43418
43421
43422
43423
43425
43428
43429
43430
43432
43442
43443
43444
43446
43561
43562
43563
43565
43568
43569
43570
43572
43575
43576
43577
43579
43589
43590
43591
43593
43610
43611
43612
43614
43617
43618
43619
43621
43624
43625
43626
43628
43638
43639
43640
43642
43659
43660
43661
43663
43666
43667
43668
43670
43673
43674
43675
43677
43687
43688
43689
43691
43757
43758
43759
43761
43764
43765
43766
43768
43771
43772
43773
43775
43785
43786
43787
43789
43904
43905
43906
43908
43911
43912
43913
43915
43918
43919
43920
43922
43932
43933
43934
43936
43953
43954
43955
43957
43960
43961
43962
43964
43967
43968
43969
43971
43981
43982
43983
43985
44002
44003
44004
44006
44009
44010
44011
44013
44016
44017
44018
44020
44030
44031
44032
44034
44100
44101
44102
44104
44107
44108
44109
44111
44114
44115
44116
44118
44128
44129
44130
44132
44590
44591
44592
44594
44597
44598
44599
44601
44604
44605
44606
44608
44618
44619
44620
44622
44639
44640
44641
44643
44646
44647
44648
44650
44653
44654
44655
44657
44667
44668
44669
44671
44688
44689
44690
44692
44695
44696
44697
44699
44702
44703
44704
44706
44716
44717
44718
44720
44786
44787
44788
44790
44793
44794
44795
44797
44800
44801
44802
44804
44814
44815
44816
44818
67228
67229
67230
67232
67235
67236
67237
67239
67242
67243
67244
67246
67256
67257
67258
67260
67277
67278
67279
67281
67284
67285
67286
67288
67291
67292
67293
67295
67305
67306
67307
67309
67326
67327
67328
67330
67333
67334
67335
67337
67340
67341
67342
67344
67354
67355
67356
67358
67424
67425
67426
67428
67431
67432
67433
67435
67438
67439
67440
67442
67452
67453
67454
67456
67571
67572
67573
67575
67578
67579
67580
67582
67585
67586
67587
67589
67599
67600
67601
67603
67620
67621
67622
67624
67627
67628
67629
67631
67634
67635
67636
67638
67648
67649
67650
67652
67669
67670
67671
67673
67676
67677
67678
67680
67683
67684
67685
67687
67697
67698
67699
67701
67767
67768
67769
67771
67774
67775
67776
67778
67781
67782
67783
67785
67795
67796
67797
67799
67914
67915
67916
67918
67921
67922
67923
67925
67928
67929
67930
67932
67942
67943
67944
67946
67963
67964
67965
67967
67970
67971
67972
67974
67977
67978
67979
67981
67991
67992
67993
67995
68012
68013
68014
68016
68019
68020
68021
68023
68026
68027
68028
68030
68040
68041
68042
68044
68110
68111
68112
68114
68117
68118
68119
68121
68124
68125
68126
68128
68138
68139
68140
68142
68600
68601
68602
68604
68607
68608
68609
68611
68614
68615
68616
68618
68628
68629
68630
68632
68649
68650
68651
68653
68656
68657
68658
68660
68663
68664
68665
68667
68677
68678
68679
68681
68698
68699
68700
68702
68705
68706
68707
68709
68712
68713
68714
68716
68726
68727
68728
68730
68796
68797
68798
68800
68803
68804
68805
68807
68810
68811
68812
68814
68824
68825
68826
68828
69629
69630
69631
69633
69636
69637
69638
69640
69643
69644
69645
69647
69657
69658
69659
69661
69678
69679
69680
69682
69685
69686
69687
69689
69692
69693
69694
69696
69706
69707
69708
69710
69727
69728
69729
69731
69734
69735
69736
69738
69741
69742
69743
69745
69755
69756
69757
69759
69825
69826
69827
69829
69832
69833
69834
69836
69839
69840
69841
69843
69853
69854
69855
69857
69972
69973
69974
69976
69979
69980
69981
69983
69986
69987
69988
69990
70000
70001
70002
70004
70021
70022
70023
70025
70028
70029
70030
70032
70035
70036
70037
70039
70049
70050
70051
70053
70070
70071
70072
70074
70077
70078
70079
70081
70084
70085
70086
70088
70098
70099
70100
70102
70168
70169
70170
70172
70175
70176
70177
70179
70182
70183
70184
70186
70196
70197
70198
70200
70315
70316
70317
70319
70322
70323
70324
70326
70329
70330
70331
70333
70343
70344
70345
70347
70364
70365
70366
70368
70371
70372
70373
70375
70378
70379
70380
70382
70392
70393
70394
70396
70413
70414
70415
70417
70420
70421
70422
70424
70427
70428
70429
70431
70441
70442
70443
70445
70511
70512
70513
70515
70518
70519
70520
70522
70525
70526
70527
70529
70539
70540
70541
70543
71001
71002
71003
71005
71008
71009
71010
71012
71015
71016
71017
71019
71029
71030
71031
71033
71050
71051
71052
71054
71057
71058
71059
71061
71064
71065
71066
71068
71078
71079
71080
71082
71099
71100
71101
71103
71106
71107
71108
71110
71113
71114
71115
71117
71127
71128
71129
71131
71197
71198
71199
71201
71204
71205
71206
71208
71211
71212
71213
71215
71225
71226
71227
71229
72030
72031
72032
72034
72037
72038
72039
72041
72044
72045
72046
72048
72058
72059
72060
72062
72079
72080
72081
72083
72086
72087
72088
72090
72093
72094
72095
72097
72107
72108
72109
72111
72128
72129
72130
72132
72135
72136
72137
72139
72142
72143
72144
72146
72156
72157
72158
72160
72226
72227
72228
72230
72233
72234
72235
72237
72240
72241
72242
72244
72254
72255
72256
72258
72373
72374
72375
72377
72380
72381
72382
72384
72387
72388
72389
72391
72401
72402
72403
72405
72422
72423
72424
72426
72429
72430
72431
72433
72436
72437
72438
72440
72450
72451
72452
72454
72471
72472
72473
72475
72478
72479
72480
72482
72485
72486
72487
72489
72499
72500
72501
72503
72569
72570
72571
72573
72576
72577
72578
72580
72583
72584
72585
72587
72597
72598
72599
72601
72716
72717
72718
72720
72723
72724
72725
72727
72730
72731
72732
72734
72744
72745
72746
72748
72765
72766
72767
72769
72772
72773
72774
72776
72779
72780
72781
72783
72793
72794
72795
72797
72814
72815
72816
72818
72821
72822
72823
72825
72828
72829
72830
72832
72842
72843
72844
72846
72912
72913
72914
72916
72919
72920
72921
72923
72926
72927
72928
72930
72940
72941
72942
72944
73402
73403
73404
73406
73409
73410
73411
73413
73416
73417
73418
73420
73430
73431
73432
73434
73451
73452
73453
73455
73458
73459
73460
73462
73465
73466
73467
73469
73479
73480
73481
73483
73500
73501
73502
73504
73507
73508
73509
73511
73514
73515
73516
73518
73528
73529
73530
73532
73598
73599
73600
73602
73605
73606
73607
73609
73612
73613
73614
73616
73626
73627
73628
73630
76832
76833
76834
76836
76839
76840
76841
76843
76846
76847
76848
76850
76860
76861
76862
76864
76881
76882
76883
76885
76888
76889
76890
76892
76895
76896
76897
76899
76909
76910
76911
76913
76930
76931
76932
76934
76937
76938
76939
76941
76944
76945
76946
76948
76958
76959
76960
76962
77028
77029
77030
77032
77035
77036
77037
77039
77042
77043
77044
77046
77056
77057
77058
77060
77175
77176
77177
77179
77182
77183
77184
77186
77189
77190
77191
77193
77203
77204
77205
77207
77224
77225
77226
77228
77231
77232
77233
77235
77238
77239
77240
77242
77252
77253
77254
77256
77273
77274
77275
77277
77280
77281
77282
77284
77287
77288
77289
77291
77301
77302
77303
77305
77371
77372
77373
77375
77378
77379
77380
77382
77385
77386
77387
77389
77399
77400
77401
77403
77518
77519
77520
77522
77525
77526
77527
77529
77532
77533
77534
77536
77546
77547
77548
77550
77567
77568
77569
77571
77574
77575
77576
77578
77581
77582
77583
77585
77595
77596
77597
77599
77616
77617
77618
77620
77623
77624
77625
77627
77630
77631
77632
77634
77644
77645
77646
77648
77714
77715
77716
77718
77721
77722
77723
77725
77728
77729
77730
77732
77742
77743
77744
77746
78204
78205
78206
78208
78211
78212
78213
78215
78218
78219
78220
78222
78232
78233
78234
78236
78253
78254
78255
78257
78260
78261
78262
78264
78267
78268
78269
78271
78281
78282
78283
78285
78302
78303
78304
78306
78309
78310
78311
78313
78316
78317
78318
78320
78330
78331
78332
78334
78400
78401
78402
78404
78407
78408
78409
78411
78414
78415
78416
78418
78428
78429
78430
78432
