2
3
4
5
6
7
8
9
10
11
12
13
14
15
16
17
18
19
20
21
22
23
24
25
26
27
28
29
30
32
33
34
35
36
37
38
39
40
41
42
43
44
45
46
47
48
49
50
51
52
53
54
55
56
57
58
59
60
61
62
63
64
65
66
67
68
69
70
71
72
73
74
75
76
77
78
80
81
84
85
86
87
88
89
90
91
92
93
94
95
96
97
98
99
100
101
102
104
105
106
107
111
112
113
114
117
119
120
124
125
126
127
129
130
131
132
133
135
136
137
139
143
144
147
148
150
151
154
155
161
162
163
164
168
171
172
175
176
179
181
184
188
189
192
193
196
197
199
200
203
204
210
211
212
215
216
218
221
222
224
225
228
230
232
233
237
245
246
250
251
252
253
257
258
264
265
280
281
285
286
287
288
292
293
294
295
296
299
300
301
302
306
307
317
321
324
328
329
330
334
335
336
337
341
342
343
344
345
346
347
348
349
350
351
352
353
354
355
356
357
358
359
360
361
364
365
366
367
368
371
372
375
378
379
383
384
385
386
390
391
392
393
394
395
396
397
398
399
400
401
402
403
404
405
406
407
408
409
410
413
414
415
420
421
423
424
427
428
430
431
432
433
434
435
439
440
441
442
443
447
448
449
450
455
456
457
462
463
464
469
470
472
473
479
480
490
491
497
498
499
504
505
506
513
516
519
525
526
539
540
546
547
549
550
551
552
556
557
558
559
560
561
565
567
568
588
589
593
594
595
596
598
599
600
601
605
606
609
610
616
617
623
624
628
629
630
631
635
636
637
638
642
643
644
645
649
650
672
673
677
678
679
680
684
685
686
687
688
692
693
694
695
700
701
702
727
728
729
734
735
736
737
741
742
743
744
749
750
751
758
784
785
786
790
791
792
793
798
799
800
833
834
840
841
882
883
889
890
892
893
899
900
903
904
910
911
941
942
948
949
952
953
959
960
1715
1716
1720
1721
1722
1723
1727
1728
1750
1751
1755
1756
1757
1758
1762
1763
1764
1765
1769
1770
1771
1772
1776
1777
1799
1800
1804
1805
1806
1807
1811
1812
1960
1961
1965
1966
1967
1968
1972
1973
1995
1996
2000
2001
2002
2003
2007
2008
2009
2010
2014
2015
2016
2017
2021
2022
2044
2045
2049
2050
2051
2052
2056
2057
2058
2059
2063
2064
2065
2066
2070
2071
2093
2094
2098
2099
2100
2101
2105
2106
2107
2108
2112
2113
2114
2115
2119
2120
2142
2143
2147
2148
2149
2150
2154
2155
2303
2304
2308
2309
2310
2311
2315
2316
2338
2339
2343
2344
2345
2346
2350
2351
2352
2353
2357
2358
2359
2360
2364
2365
2387
2388
2392
2393
2394
2395
2399
2400
2401
2402
2406
2407
2408
2409
2413
2414
2436
2437
2441
2442
2443
2444
2448
2449
2450
2451
2455
2456
2457
2458
2462
2463
2485
2486
2490
2491
2492
2493
2497
2498
2646
2647
2651
2652
2653
2654
2658
2659
2681
2682
2686
2687
2688
2689
2693
2694
2695
2696
2700
2701
2702
2703
2707
2708
2730
2731
2735
2736
2737
2738
2742
2743
2744
2745
2749
2750
2751
2752
2756
2757
2779
2780
2784
2785
2786
2787
2791
2792
2793
2794
2798
2799
2800
2801
2805
2806
2828
2829
2833
2834
2835
2836
2840
2841
2989
2990
2994
2995
2996
2997
3001
3002
3024
3025
3029
3030
3031
3032
3036
3037
3038
3039
3043
3044
3045
3046
3050
3051
3073
3074
3078
3079
3080
3081
3085
3086
4116
4117
4121
4122
4123
4124
4128
4129
4151
4152
4156
4157
4158
4159
4163
4164
4165
4166
4170
4171
4172
4173
4177
4178
4200
4201
4205
4206
4207
4208
4212
4213
4361
4362
4366
4367
4368
4369
4373
4374
4396
4397
4401
4402
4403
4404
4408
4409
4410
4411
4415
4416
4417
4418
4422
4423
4445
4446
4450
4451
4452
4453
4457
4458
4459
4460
4464
4465
4466
4467
4471
4472
4494
4495
4499
4500
4501
4502
4506
4507
4508
4509
4513
4514
4515
4516
4520
4521
4543
4544
4548
4549
4550
4551
4555
4556
4704
4705
4709
4710
4711
4712
4716
4717
4739
4740
4744
4745
4746
4747
4751
4752
4753
4754
4758
4759
4760
4761
4765
4766
4788
4789
4793
4794
4795
4796
4800
4801
