3
5
7
8
10
12
15
17
21
29
33
35
36
40
43
45
49
50
52
54
56
57
61
70
71
75
78
80
84
85
89
105
119
120
143
147
148
150
164
203
215
222
225
232
245
246
250
252
253
257
280
281
285
301
343
344
346
348
350
351
353
355
360
364
378
379
383
392
393
397
399
400
404
427
428
432
490
491
497
498
516
519
525
546
549
556
560
561
588
589
593
595
596
598
600
605
623
624
628
833
834
840
841
1715
1716
1720
1722
1723
1727
1750
1751
1755
1764
1765
1769
1771
1772
1776
1799
1800
1804
1960
1961
1965
1967
1968
1972
1995
1996
2000
2401
2402
2406
2408
2409
2413
2436
2437
2441
2450
2451
2455
2457
2458
2462
2485
2486
2490
2646
2647
2651
2653
2654
2658
2681
2682
2686
2744
2745
2749
2751
2752
2756
2779
2780
2784
2793
2794
2798
2800
2801
2805
2828
2829
2833
2989
2990
2994
2996
2997
3001
3024
3025
3029
4116
4117
4121
4123
4124
4128
4151
4152
4156
4165
4166
4170
4172
4173
4177
4200
4201
4205
4361
4362
4366
4368
4369
4373
4396
4397
4401
