2
4
5
6
7
8
9
10
11
12
13
14
15
16
22
23
25
26
27
28
29
30
31
32
33
34
35
36
37
38
39
40
41
42
43
44
45
46
47
48
49
50
51
52
53
54
55
56
57
58
59
60
61
62
63
64
65
66
67
68
69
70
71
72
73
74
75
76
77
78
79
80
81
82
83
84
85
86
87
88
89
90
91
92
93
94
95
96
97
98
99
100
102
103
104
105
106
107
108
109
111
112
113
114
148
151
152
153
154
155
156
157
158
159
160
161
162
163
164
165
169
170
172
173
174
175
176
177
178
179
180
181
182
183
184
185
186
187
188
189
190
191
192
193
194
195
196
197
198
199
200
201
202
203
204
205
206
207
208
209
210
211
212
213
214
215
216
217
218
219
220
221
222
223
224
225
226
227
228
229
230
231
232
233
234
235
236
237
238
239
240
241
242
243
244
245
246
247
248
249
250
251
252
253
254
255
256
257
258
259
260
261
262
263
264
265
266
267
268
269
270
271
272
273
274
275
276
277
278
279
280
281
282
283
284
285
286
287
288
289
290
291
292
293
294
295
296
297
298
299
300
301
302
303
304
305
306
307
308
309
310
311
312
313
314
315
316
317
318
319
320
321
322
323
324
325
326
327
328
329
330
331
332
333
334
335
336
337
338
339
340
341
342
343
344
345
346
347
348
349
350
351
352
353
354
355
356
357
358
359
360
361
362
363
364
365
366
367
368
369
370
371
372
373
374
375
376
377
378
379
380
381
382
383
384
385
386
387
388
389
390
391
392
393
394
395
396
397
398
399
400
401
402
403
404
405
406
407
408
409
410
411
412
413
414
415
416
417
418
419
420
421
422
423
424
425
426
427
428
429
430
431
432
433
434
435
436
437
438
439
440
441
442
443
444
445
446
447
448
449
450
451
452
453
454
455
456
457
458
459
460
461
462
463
464
465
466
467
468
469
470
471
472
473
474
475
476
477
478
479
480
481
482
483
484
485
486
487
488
489
490
491
492
493
494
495
496
497
498
499
500
501
502
503
504
505
506
508
509
510
511
512
513
514
515
516
517
518
519
520
521
522
523
524
525
526
527
528
529
530
531
532
533
534
535
536
537
538
539
540
541
542
543
544
545
546
547
548
549
550
551
552
553
554
555
556
557
558
559
560
561
562
563
564
565
566
567
568
569
570
571
572
573
574
575
576
577
578
580
581
582
583
584
585
586
587
588
589
590
591
594
595
596
597
598
600
602
603
604
605
606
607
608
609
610
611
612
613
614
616
617
618
619
620
621
622
623
624
625
627
629
630
631
632
633
634
635
636
637
638
639
640
641
642
643
644
645
646
647
648
649
650
651
652
653
654
655
656
657
658
659
661
662
664
665
666
667
668
669
670
671
672
673
678
679
680
681
683
685
686
687
688
693
694
695
697
699
700
701
702
735
736
737
742
743
744
746
748
749
750
751
753
760
762
763
764
765
767
769
776
777
778
779
781
783
784
785
786
791
792
793
795
797
798
799
800
1051
1054
1057
1072
1075
1076
1078
1079
1080
1085
1086
1087
1092
1093
1094
1097
1099
1100
1101
1102
1103
1106
1107
1108
1110
1113
1114
1115
1119
1121
1125
1126
1127
1128
1130
1132
1133
1134
1146
1147
1148
1150
1152
1155
1156
1157
1163
1164
1166
1170
1201
1204
1205
1206
1207
1208
1222
1225
1226
1227
1228
1229
1230
1232
1233
1234
1235
1236
1239
1240
1241
1242
1243
1246
1247
1248
1249
1250
1253
1254
1255
1256
1257
1258
1259
1260
1261
1262
1263
1264
1265
1268
1269
1270
1271
1274
1275
1276
1277
1278
1279
1280
1281
1282
1283
1284
1285
1287
1288
1289
1290
1291
1292
1293
1294
1295
1296
1297
1298
1299
1300
1301
1302
1303
1304
1305
1306
1307
1309
1310
1311
1312
1313
1315
1316
1317
1318
1320
1321
1322
1323
1324
1325
1326
1327
1328
1329
1330
1331
1332
1333
1334
1335
1337
1338
1339
1340
1341
1342
1343
1344
1345
1347
1348
1350
1351
1352
1354
1355
1356
1357
1358
1359
1360
1361
1362
1363
1364
1365
1367
1369
1370
1371
1372
1373
1376
1377
1378
1379
1380
1381
1383
1384
1385
1386
1387
1388
1390
1391
1392
1393
1394
1397
1400
1401
1402
1403
1404
1405
1406
1407
1408
1409
1410
1411
1413
1414
1415
1417
1418
1419
1421
1422
1423
1425
1428
1429
1430
1432
1434
1435
1436
1437
1438
1439
1440
1442
1443
1444
1445
1446
1447
1448
1449
1450
1451
1452
1453
1454
1455
1456
1457
1458
1459
1460
1461
1462
1464
1465
1466
1467
1468
1469
1470
1471
1472
1474
1475
1476
1477
1478
1479
1481
1482
1483
1484
1485
1486
1487
1488
1489
1490
1491
1492
1493
1494
1495
1496
1498
1499
1500
1502
1503
1504
1505
1506
1507
1509
1510
1511
1512
1513
1514
1515
1516
1519
1520
1521
1522
1523
1525
1526
1527
1528
1529
1530
1531
1532
1533
1534
1535
1536
1537
1538
1539
1540
1541
1542
1543
1544
1545
1546
1547
1548
1549
1550
1551
1552
1555
1556
1557
1558
1559
1560
1561
1562
1563
1564
1565
1566
1568
1569
1570
1571
1572
1573
1574
1575
1576
1577
1578
1579
1580
1581
1582
1583
1584
1585
1586
1587
1588
1589
1590
1591
1592
1593
1596
1597
1598
1599
1600
1601
1603
1605
1606
1607
1608
1609
1611
1612
1613
1614
1615
1617
1618
1619
1620
1621
1622
1623
1624
1625
1626
1627
1628
1629
1630
1631
1632
1633
1634
1635
1636
1637
1638
1639
1640
1641
1642
1643
1644
1645
1646
1647
1648
1649
1650
1651
1652
1653
1654
1655
1656
1658
1659
1660
1661
1662
1663
1664
1666
1667
1668
1669
1670
1671
1672
1673
1674
1675
1676
1677
1678
1679
1680
1681
1682
1683
1684
1685
1686
1687
1688
1689
1690
1691
1692
1693
1694
1695
1696
1697
1698
1699
1700
1701
1702
1703
1704
1705
1706
1707
1708
1710
1711
1712
1713
1714
1715
1716
1719
1720
1721
1722
1723
1724
1725
1726
1727
1729
1730
1731
1732
1733
1736
1737
1738
1740
1741
1742
1743
1744
1745
1746
1747
1749
1750
1751
1752
1753
1754
1755
1756
1757
1758
1759
1760
1761
1762
1763
1764
1765
1766
1767
1768
1769
1770
1771
1772
1773
1774
1775
1776
1777
1778
1779
1780
1781
1782
1783
1784
1785
1786
1787
1789
1790
1791
1792
1793
1794
1796
1798
1799
1801
1802
1803
1804
1805
1806
1807
1808
1809
1810
1811
1812
1813
1814
1815
1816
1817
1818
1819
1820
1821
1822
1823
1824
1825
1827
1828
1829
1830
1831
1832
1833
1834
1835
1836
1837
1838
1839
1840
1841
1842
1843
1844
1845
1846
1847
1848
1849
1850
1851
1852
1853
1854
1855
1856
1857
1858
1859
1860
1861
1862
1863
1864
1865
1866
1867
1868
1869
1870
1871
1872
1873
1874
1875
1876
1877
1878
1879
1880
1881
1882
1883
1884
1885
1886
1887
1888
1890
1891
1892
1893
1894
1895
1897
1898
1899
1900
1901
1902
1903
1904
1905
1906
1907
1908
1909
1910
1911
1912
1913
1914
1915
1916
1917
1918
1919
1920
1922
1923
1924
1925
1926
1927
1928
1929
1930
1931
1932
1933
1934
1935
1936
1937
1938
1939
1940
1941
1942
1943
1945
1946
1947
1948
1949
1950
1951
1952
1953
1954
1955
1956
1957
1958
1960
1961
1962
1963
1964
1965
1966
1967
1968
1969
1970
1971
1972
1974
1975
1976
1977
1978
1979
1980
1981
1982
1983
1984
1985
1986
1987
1988
1989
1990
1991
1992
1993
1995
1996
1997
1998
1999
2000
2001
2002
2003
2004
2005
2006
2007
2009
2010
2011
2012
2013
2014
2015
2016
2017
2018
2019
2020
2021
2022
2023
2024
2025
2026
2027
2028
2029
2030
2031
2032
2033
2034
2035
2036
2037
2038
2039
2040
2041
2042
2043
2044
2045
2046
2047
2048
2049
2050
2051
2053
2054
2055
2057
2058
2059
2062
2063
2064
2065
2066
2067
2068
2069
2070
2071
2072
2073
2074
2075
2076
2077
2078
2079
2080
2081
2082
2083
2084
2085
2086
2087
2088
2089
2090
2091
2092
2093
2094
2095
2096
2097
2098
2099
2100
2101
2102
2103
2104
2105
2106
2107
2108
2109
2110
2111
2112
2113
2114
2115
2117
2118
2119
2120
2121
2122
2123
2124
2125
2126
2127
2128
2129
2130
2131
2132
2133
2134
2135
2136
2137
2138
2139
2140
2141
2142
2143
2144
2145
2146
2147
2148
2149
2150
2151
2152
2153
2154
2155
2156
2157
2158
2160
2161
2162
2163
2164
2165
2166
2167
2169
2170
2171
2172
2173
2174
2175
2176
2177
2178
2179
2180
2181
2182
2183
2184
2185
2186
2187
2188
2189
2190
2191
2192
2193
2194
2195
2196
2197
2198
2199
2200
2201
2202
2203
2204
2205
2206
2207
2208
2209
2211
2212
2213
2214
2215
2216
2217
2218
2219
2220
2221
2222
2223
2224
2225
2226
2227
2228
2229
2230
2231
2232
2233
2234
2235
2236
2237
2238
2239
2240
2241
2242
2244
2245
2246
2247
2248
2249
2251
2252
2254
2255
2256
2257
2258
2259
2261
2262
2263
2265
2267
2268
2269
2270
2271
2272
2273
2274
2275
2276
2277
2278
2279
2280
2282
2283
2284
2285
2286
2287
2288
2289
2290
2291
2292
2293
2294
2296
2297
2298
2299
2300
2301
2302
2303
2304
2305
2306
2307
2308
2309
2310
2311
2312
2313
2314
2315
2316
2317
2318
2319
2320
2321
2322
2323
2324
2325
2326
2327
2328
2329
2331
2332
2333
2334
2335
2336
2338
2339
2340
2341
2342
2344
2345
2346
2347
2348
2349
2350
2352
2353
2354
2355
2356
2357
2358
2359
2360
2361
2362
2363
2364
2365
2366
2367
2368
2369
2370
2371
2372
2373
2374
2375
2376
2377
2378
2379
2380
2381
2382
2383
2384
2385
2386
2387
2388
2389
2390
2391
2392
2393
2394
2395
2396
2397
2398
2399
2400
2401
2402
2403
2405
2406
2407
2408
2409
2410
2411
2412
2413
2414
2415
2416
2417
2426
2428
2429
2430
2431
2432
2433
2434
2435
2436
2437
2438
2439
2440
2441
2442
2443
2444
2445
2446
2447
2448
2449
2450
2451
2452
2453
2454
2455
2456
2457
2458
2459
2460
2461
2462
2463
2464
2465
2466
2467
2468
2469
2470
2471
2472
2473
2474
2475
2476
2477
2478
2479
2480
2481
2482
2483
2484
2485
2486
2487
2488
2489
2490
2491
2492
2493
2494
2495
2496
2497
2498
2499
2500
2501
2502
2503
2504
2505
2506
2507
2508
2509
2510
2511
2512
2513
2514
2515
2516
2517
2519
2520
2521
2522
2523
2524
2525
2526
2527
2528
2529
2530
2531
2533
2534
2535
2536
2537
2538
2539
2540
2541
2542
2543
2545
2546
2547
2548
2549
2550
2551
2552
2553
2554
2555
2556
2557
2558
2559
2560
2561
2562
2563
2564
2565
2566
2567
2568
2570
2571
2573
2574
2575
2576
2577
2578
2579
2580
2581
2582
2583
2584
2585
2587
2588
2589
2590
2591
2593
2594
2595
2596
2597
2598
2599
2600
2601
2602
2603
2604
2605
2606
2608
2609
2610
2611
2612
2613
2614
2615
2616
2617
2618
2619
2620
2621
2622
2623
2624
2625
2626
2627
2628
2629
2631
2632
2633
2634
2635
2636
2637
2639
2640
2641
2642
2643
2644
2645
2646
2647
2648
2649
2650
2651
2652
2653
2654
2655
2656
2657
2658
2659
2660
2661
2662
2663
2664
2665
2666
2667
2668
2669
2670
2671
2672
2673
2674
2675
2676
2677
2678
2679
2680
2681
2682
2683
2684
2685
2686
2687
2688
2689
2690
2691
2692
2694
2695
2696
2697
2698
2699
2700
2701
2702
2703
2705
2706
2707
2708
2709
2710
2711
2712
2713
2714
2715
2716
2717
2718
2719
2720
2721
2723
2724
2725
2726
2727
2728
2729
2730
2731
2732
2733
2734
2735
2737
2738
2739
2740
2741
2742
2743
2744
2745
2746
2748
2749
2750
2751
2752
2753
2754
2755
2756
2757
2758
2759
2760
2761
2762
2764
2765
2766
2767
2769
2770
2771
2772
2773
2774
2775
2776
2778
2779
2780
2781
2782
2783
2784
2785
2786
2787
2788
2789
2790
2791
2792
2793
2794
2795
2796
2797
2798
2799
2800
2801
2802
2803
2804
2805
2806
2807
2808
2809
2810
2811
2812
2813
2814
2815
2816
2817
2818
2819
2820
2821
2822
2823
2824
2825
2826
2827
2828
2829
2830
2831
2832
2833
2834
2835
2836
2837
2838
2839
2840
2841
2842
2843
2844
2845
2846
2847
2849
2850
2851
2852
2853
2855
2856
2857
2858
2859
2860
2861
2863
2864
2865
2866
2867
2868
2869
2870
2871
2872
2873
2874
2875
2876
2877
2878
2879
2880
2881
2882
2883
2884
2885
2886
2887
2888
2889
2890
2891
2892
2893
2894
2895
2897
2898
2899
2900
2901
2902
2903
2904
2905
2906
2907
2909
2910
2911
2912
2913
2915
2916
2917
2918
2919
2920
2921
2922
2923
2924
2925
2926
2927
2928
2929
2930
2931
2932
2933
2934
2935
2936
2937
2938
2939
2940
2941
2942
2943
2944
2945
2947
2948
2949
2951
2952
2953
2954
2955
2956
2958
2959
2960
2961
2962
2963
2964
2965
2966
2967
2968
2969
2970
2971
2972
2973
2974
2975
2976
2978
2979
2980
2981
2982
2983
2984
2985
2986
2987
2988
2989
2990
2991
2992
2993
2995
2996
2997
2998
2999
3000
3001
3002
3003
3004
3005
3006
3007
3008
3009
3010
3011
3012
3013
3015
3016
3017
3018
3019
3020
3021
3022
3023
3024
3025
3026
3028
3030
3031
3032
3033
3034
3035
3036
3037
3038
3039
3040
3041
3042
3043
3044
3045
3046
3047
3048
3049
3050
3051
3052
3053
3054
3055
3056
3057
3058
3059
3060
3061
3062
3063
3064
3065
3066
3067
3068
3069
3070
3071
3072
3073
3074
3076
3077
3079
3080
3081
3082
3083
3084
3085
3086
3087
3088
3089
3092
3093
3094
3095
3096
3097
3098
3100
3101
3102
3103
3106
3107
3108
3109
3110
3112
3113
3114
3115
3116
3117
3118
3119
3120
3122
3123
3124
3125
3126
3127
3128
3129
3130
3131
3133
3134
3135
3136
3137
3138
3139
3140
3141
3142
3143
3144
3145
3147
3148
3149
3150
3151
3152
3153
3154
3155
3156
3157
3158
3159
3161
3162
3163
3164
3165
3166
3167
3168
3169
3170
3171
3172
3173
3174
3175
3177
3178
3179
3180
3181
3182
3183
3184
3185
3186
3187
3188
3189
3190
3192
3193
3194
3195
3196
3198
3199
3200
3201
3203
3204
3207
3210
3211
3212
3213
3214
3215
3217
3218
3219
3220
3221
3222
3224
3225
3226
3228
3229
3231
3232
3233
3234
3235
3237
3238
3239
3241
3243
3244
3245
3246
3247
3249
3251
3252
3253
3254
3256
3259
3260
3261
3262
3263
3264
3265
3266
3267
3268
3269
3270
3271
3273
3274
3275
3276
3277
3278
3279
3280
3281
3282
3283
3284
3285
3287
3288
3289
3290
3291
3292
3294
3296
3297
3298
3299
3301
3302
3303
3304
3305
3307
3308
3309
3310
3311
3312
3313
3314
3315
3316
3317
3318
3319
3320
3321
3322
3323
3325
3326
3327
3328
3329
3330
3331
3332
3333
3335
3337
3338
3339
3340
3341
3342
3343
3344
3345
3346
3347
3348
3349
3350
3351
3352
3353
3354
3356
3357
3358
3359
3360
3361
3363
3366
3368
3369
3371
3373
3374
3375
3380
3381
3382
3383
3385
3387
3388
3389
3390
3391
3393
3394
3395
3397
3399
3400
3401
3402
3403
3405
3407
3409
3410
3411
3412
3413
3414
3415
3416
3417
3419
3423
3424
3426
3428
3429
3430
3431
3436
3437
3438
3439
3440
3441
3442
3443
3444
3445
3446
3451
3452
3453
3455
3457
3458
3460
3461
3462
3466
3467
3468
3469
3471
3472
3473
3474
3475
3477
3478
3479
3480
3481
3483
3485
3486
3487
3489
3491
3492
3495
3497
3498
3499
3500
3501
3503
3505
3507
3508
3509
3510
3511
3512
3513
3514
3515
3516
3517
3518
3521
3522
3524
3526
3527
3528
3529
3530
3531
3538
3539
3542
3544
3546
3550
3551
3553
3554
3555
3556
3557
3558
3559
3560
3561
3562
3563
3564
3565
3566
3567
3569
3570
3571
3572
3573
3574
3575
3576
3577
3578
3581
3582
3583
3584
3585
3586
3587
3588
3589
3590
3595
3596
3597
3598
3599
3601
3602
3603
3604
3605
3606
3607
3608
3609
3610
3611
3612
3613
3614
3615
3616
3618
3619
3620
3621
3622
3623
3625
3626
3627
3628
3629
3633
3634
3635
3637
3639
3640
3641
3642
3644
3645
3646
3647
3648
3650
3651
3652
3653
3654
3655
3656
3657
3658
3659
3660
3661
3662
3663
3664
3665
3667
3668
3669
3670
3671
3672
3673
3674
3675
3676
3677
3679
3680
3681
3682
3683
3685
3687
3689
3690
3691
3692
3693
3694
3696
3697
3698
3701
3702
3703
3704
3705
3706
3707
3709
3716
3717
3718
3719
3720
3721
3723
3724
3725
3726
3727
3729
3730
3731
3732
3733
3735
3737
3738
3739
3740
3741
3742
3743
3745
3746
3749
3751
3752
3753
3754
3755
3756
3757
3758
3759
3760
3761
3765
3766
3767
3768
3770
3771
3772
3773
3774
3775
3780
3781
3782
3784
3786
3787
3788
3789
3792
3794
3795
3799
3800
3802
3803
3808
3809
3810
3812
3814
3815
3816
3821
3822
3823
3824
3825
3826
3827
3828
3829
3830
3831
3833
3834
3835
3836
3837
3838
3839
3840
3841
3843
3847
3849
3850
3851
3852
3853
3854
3855
3856
3858
3859
3860
3863
3864
3865
3866
3867
3868
3869
3870
3871
3872
3873
3875
3878
3879
3880
3882
3883
3884
3885
3886
3887
3889
3890
3892
3896
3897
3898
3899
3900
3901
3902
3903
3904
3905
3906
3907
3908
3909
3910
3912
3913
3914
3915
3916
3918
3919
3920
3921
3923
3925
3926
3927
3928
3930
3932
3933
3935
3937
3938
3939
3940
3941
3942
3944
3945
3946
3947
3948
3949
3950
3951
3952
3953
3954
3955
3956
3957
3959
3961
3962
3963
3964
3966
3968
3969
3970
3971
3973
3975
3976
3977
3978
3979
3980
3982
3983
3984
3985
3986
3987
3988
3989
3990
3991
3993
3994
3995
3996
3997
3998
3999
4000
4001
4002
4003
4004
4005
4007
4008
4010
4011
4012
4013
4014
4015
4016
4017
4018
4019
4024
4025
4026
4028
4030
4031
4037
4038
4039
4040
4042
4046
4052
4054
4055
4057
4059
4060
4061
4062
4064
4066
4067
4068
4069
4071
4073
4074
4075
4076
4077
4078
4079
4080
4081
4082
4083
4085
4086
4087
4088
4089
4091
4092
4093
4094
4095
4096
4097
4098
4099
4100
4101
4102
4103
4105
4108
4109
4110
4111
4112
4113
4114
4115
4116
4117
4122
4123
4124
4126
4128
4146
4152
4153
4154
4155
4157
4158
4159
4160
4161
4163
4164
4165
4166
4171
4172
4173
4175
4177
4178
4184
4185
4186
4187
4189
4191
4196
4198
4199
4200
4201
4346
4353
4354
4355
4356
4358
4360
4395
4402
4403
4404
4405
4407
4409
4410
4411
4412
4417
4418
4419
4421
4423
4424
4425
4426
4428
4435
4437
4438
4439
4440
4442
4444
4451
4452
4453
4454
4456
4458
4459
4460
4461
4466
4467
4468
4470
4472
4473
4474
4475
4508
4509
4510
4515
4516
4517
4519
4521
4522
4523
4524
4526
4533
4535
4536
4537
4538
4540
4542
4549
4550
4551
4552
4554
4556
4557
4558
4559
4564
4565
4566
4568
4570
4571
4572
4573
4575
4582
4584
4585
4586
4587
4589
4624
4631
4633
4634
4635
4636
4638
4640
4647
4648
4649
4650
4652
4654
4655
4656
4657
4662
4663
4664
4666
4668
4669
4670
4671
4673
4680
4682
4683
4684
4685
4687
4689
4696
4697
4698
4699
4701
4703
4738
4745
4746
4747
4748
4750
4752
4753
4754
4755
4760
4761
4762
4764
4766
4767
4768
4769
4771
4778
4780
4781
4782
4783
4785
4787
4794
4795
4796
4797
4799
4801
4802
4803
4804
4809
4810
4811
4813
4815
4816
4817
4818
4851
4852
4853
4858
4859
4860
4862
4864
4865
4866
4867
4869
4876
4878
4879
4880
4881
4883
4885
4892
4893
4894
4895
4897
4899
4900
4901
4902
4907
4908
4909
4911
4913
4914
4915
4916
5145
5146
5147
5152
5153
5154
5156
5158
5159
5160
5161
5194
5195
5196
5201
5202
5203
5205
5207
5208
5209
5210
5212
5219
5221
5222
5223
5224
5226
5228
5235
5236
5237
5238
5240
5242
5243
5244
5245
5250
5251
5252
5254
5256
5257
5258
5259
5261
5268
5270
5271
5272
5273
5275
5310
5317
5319
5320
5321
5322
5324
5326
5333
5334
5335
5336
5338
5340
5341
5342
5343
5348
5349
5350
5352
5354
5355
5356
5357
5359
5366
5368
5369
5370
5371
5373
5375
5382
5383
5384
5385
5387
5389
5424
5431
5432
5433
5434
5436
5438
5439
5440
5441
5446
5447
5448
5450
5452
5453
5454
5455
5457
5464
5466
5467
5468
5469
5471
5473
5480
5481
5482
5483
5485
5487
5488
5489
5490
5495
5496
5497
5499
5501
5502
5503
5504
5537
5538
5539
5544
5545
5546
5548
5550
5551
5552
5553
5555
5562
5564
5565
5566
5567
5569
5571
5578
5579
5580
5581
5583
5585
5586
5587
5588
5593
5594
5595
5597
5599
5600
5601
5602
8404
8407
8408
8409
8410
8411
8428
8429
8432
8435
8436
8437
8442
8443
8444
8445
8449
8450
8451
8452
8453
8456
8457
8458
8459
8460
8575
8576
8579
8582
8583
8600
8603
8604
8605
8606
8607
8612
8613
8614
8620
8621
8624
8625
8628
8631
8632
8633
8638
8639
8640
8661
8662
8663
8669
8670
8673
8674
8677
8680
8681
8682
8687
8688
8689
8690
8694
8695
8696
8697
8718
8719
8722
8723
8726
8729
8730
8731
8736
8737
8738
8739
8743
8744
8745
8746
8747
8750
8751
8752
8753
8754
8771
8772
8775
8778
8779
8780
8785
8786
8787
8788
8792
8793
8794
8795
8796
8799
8800
8801
8802
8803
9604
9605
9608
9611
9612
9629
9632
9633
9634
9635
9636
9641
9642
9643
9649
9650
9653
9654
9657
9660
9661
9776
9779
9780
9781
9782
9783
9800
9801
9804
9807
9808
9809
9814
9815
9816
9817
9821
9822
9823
9824
9825
9828
9829
9830
9831
9832
9837
9838
9839
9858
9863
9864
9865
9866
9870
9871
9872
9873
9874
9877
9878
9879
9880
9881
9886
9887
9888
9894
9895
9915
9919
9920
9921
9922
9923
9926
9927
9928
9929
9930
9935
9936
9937
9943
9944
9947
9948
9951
9954
9955
9972
9975
9976
9977
9978
9979
9984
9985
9986
9992
9993
9996
9997
10000
10003
10004
10005
10010
10011
10012
10033
10034
10035
10041
10042
10045
10046
10049
10052
10053
10054
10059
10060
10061
10085
10089
10091
10092
10119
10120
10122
10123
10124
10129
10130
10131
10133
10134
10138
10140
10141
10143
10144
10148
10150
10151
10152
10180
10181
10182
10201
10206
10207
10208
10209
10213
10214
10215
10216
10217
10220
10221
10222
10223
10224
10229
10230
10231
10237
10238
10258
10262
10263
10264
10265
10266
10269
10270
10271
10272
10273
10278
10279
10280
10286
10287
10290
10291
10294
10295
10297
10298
10299
10315
10318
10319
10320
10321
10322
10325
10326
10327
10328
10329
10330
10334
10335
10336
10337
10339
10340
10343
10344
10346
10347
10348
10350
10353
10354
10355
10357
10358
10364
10365
10367
10368
10376
10377
10378
10384
10385
10388
10389
10392
10393
10395
10396
10397
10399
10402
10403
10404
10405
10406
10407
10409
10410
10411
10412
10413
10414
10416
10417
10418
10423
10424
10425
10427
10428
10432
10433
10434
10435
10437
10438
10441
10444
10445
10446
10451
10452
10453
10454
10458
10459
10460
10461
10462
10463
10465
10466
10467
10472
10473
10474
10476
10477
10481
10483
10484
10486
10487
10491
10493
10494
10495
10497
10500
10501
10502
10504
10505
10526
10530
10532
10533
10535
10536
10540
10542
10543
10544
10546
10549
10550
10551
10553
10554
10560
10561
10563
10564
10580
10581
10601
10605
10606
10607
10608
10609
10612
10613
10614
10615
10616
10621
10622
10623
10629
10630
10633
10634
10637
10640
10641
10658
10661
10662
10663
10664
10665
10670
10671
10672
10678
10679
10682
10683
10686
10689
10690
10691
10696
10697
10698
10719
10720
10721
10727
10728
10731
10732
10735
10738
10739
10740
10745
10746
10747
10748
10752
10753
10754
10755
10776
10777
10780
10781
10784
10787
10788
10789
10794
10795
10796
10797
10801
10802
10803
10804
10805
10808
10809
10810
10811
10812
10829
10830
10833
10836
10837
10838
10843
10844
10845
10846
10850
10851
10852
10853
10854
10857
10858
10859
10860
10861
10976
10977
10980
10983
10984
11001
11004
11005
11006
11007
11008
11013
11014
11015
11021
11022
11025
11026
11029
11032
11033
11034
11039
11040
11041
11062
11063
11064
11070
11071
11074
11075
11078
11081
11082
11083
11088
11089
11090
11091
11095
11096
11097
11098
11119
11120
11123
11124
11127
11130
11131
11132
11137
11138
11139
11140
11144
11145
11146
11147
11148
11151
11152
11153
11154
11155
11172
11173
11176
11179
11180
11181
11186
11187
11188
11189
11193
11194
11195
11196
11197
11200
11201
11202
11203
11204
11209
11210
11211
11230
11235
11236
11237
11238
11242
11243
11244
11245
11246
11249
11250
11251
11252
11253
11258
11259
11260
11377
11382
11383
11384
11405
11406
11407
11413
11414
11417
11418
11421
11424
11425
11426
11431
11432
11433
11434
11438
11439
11440
11441
11462
11463
11466
11467
11470
11473
11474
11475
11480
11481
11482
11483
11487
11488
11489
11490
11491
11494
11495
11496
11497
11498
11515
11516
11519
11522
11523
11524
11526
11529
11530
11531
11532
11533
11534
11536
11537
11538
11539
11540
11543
11544
11545
11546
11547
11552
11553
11554
11555
11559
11561
11562
11564
11565
11569
11571
11572
11573
11575
11578
11579
11580
11581
11582
11583
11585
11586
11587
11588
11589
11590
11592
11593
11594
11595
11596
11601
11602
11603
11736
11737
11739
11740
11760
11761
11765
11767
11768
11769
11771
11774
11775
11776
11778
11779
11785
11786
11788
11789
11790
11795
11796
11797
11799
11800
11804
11806
11807
11834
11835
11837
11838
11839
11844
11845
11846
11848
11849
11853
11855
11856
11858
11859
11863
11865
11866
11867
11869
11872
11873
11874
11876
11877
11898
11902
11904
11905
11907
11908
11912
11914
11915
11916
11918
11921
11922
11923
11925
11926
11932
11933
11935
11936
11937
11942
11943
11944
11946
11967
11970
11971
11972
11974
11975
11981
11982
11984
11985
11986
11991
11992
11993
11995
11996
12000
12002
12003
12005
12006
12010
12012
12013
12014
12035
12040
12041
12042
12044
12045
12049
12051
12052
12054
12055
12059
12061
12062
12063
12065
12068
12069
12070
12072
12073
12212
12215
12216
12217
12219
12220
12241
12245
12247
12248
12250
12251
12255
12257
12258
12259
12261
12264
12265
12266
12268
12269
12275
12276
12278
12279
12280
12285
12286
12287
12289
12310
12313
12314
12315
12317
12318
12324
12325
12327
12328
12329
12334
12335
12336
12338
12339
12343
12345
12346
12348
12349
12353
12355
12356
12357
12378
12383
12384
12385
12387
12388
12392
12394
12395
12397
12398
12402
12404
12405
12406
12408
12411
12412
12413
12415
12416
12422
12423
12425
12426
12434
12435
12436
12442
12443
12446
12447
12450
12451
12453
12454
12455
12457
12460
12461
12462
12464
12465
12471
12472
12474
12475
12476
12481
12482
12483
12485
12486
12490
12492
12493
12520
12521
12523
12524
12525
12530
12531
12532
12534
12535
12539
12541
12542
12544
12545
12549
12551
12552
12553
12581
12582
12583
12602
12606
12607
12608
12609
12610
12612
12613
12614
12615
12616
12617
12618
12621
12622
12623
12624
12625
12630
12631
12632
12638
12639
12642
12643
12648
12649
12650
12652
12654
12655
12659
12661
12662
12663
12664
12665
12666
12667
12668
12670
12671
12672
12673
12674
12675
12676
12677
12678
12679
12680
12681
12684
12685
12687
12688
12689
12690
12691
12692
12695
12696
12698
12699
12700
12716
12719
12720
12721
12722
12723
12726
12727
12728
12729
12730
12731
12735
12736
12737
12738
12740
12741
12744
12745
12747
12748
12749
12751
12754
12755
12756
12758
12759
12765
12766
12768
12769
12777
12778
12779
12785
12786
12789
12790
12793
12794
12796
12797
12798
12800
12803
12804
12805
12806
12807
12808
12810
12811
12812
12813
12814
12815
12817
12818
12819
12824
12825
12826
12828
12829
12833
12834
12835
12836
12838
12839
12842
12845
12846
12847
12852
12853
12854
12855
12859
12860
12861
12862
12863
12864
12866
12867
12868
12869
12871
12872
12873
12874
12875
12877
12878
12882
12884
12885
12887
12888
12892
12894
12895
12896
12898
12900
12901
12902
12903
12905
12906
12907
12908
12909
12911
12913
12918
12920
12921
12922
12923
12925
12927
12929
12930
12931
12932
12933
12934
12935
12936
12937
12941
12942
12943
12944
12945
12946
12947
12948
12949
12950
12951
12952
12954
12955
12956
12957
12958
12960
12961
12962
12964
12965
12966
12971
12972
12973
12975
12981
12982
12985
12986
12991
12992
12993
12995
12996
12997
12998
12999
13000
13001
13002
13003
13004
13005
13006
13007
13008
13009
13010
13011
13013
13014
13015
13016
13017
13018
13019
13020
13021
13022
13023
13024
13025
13027
13028
13029
13030
13031
13032
13033
13034
13035
13038
13040
13041
13042
13044
13046
13059
13062
13063
13064
13065
13066
13071
13072
13073
13076
13077
13079
13080
13081
13082
13083
13084
13087
13089
13090
13091
13092
13093
13095
13096
13097
13098
13099
13102
13103
13104
13105
13107
13109
13114
13116
13117
13118
13119
13120
13121
13122
13125
13126
13128
13129
13130
13131
13132
13133
13136
13139
13140
13141
13146
13147
13148
13149
13153
13154
13155
13156
13158
13163
13165
13166
13167
13168
13170
13172
13174
13175
13176
13177
13178
13179
13180
13181
13182
13185
13187
13188
13189
13190
13191
13193
13194
13195
13196
13197
13198
13200
13201
13202
13203
13204
13205
13206
13207
13209
13210
13211
13212
13213
13216
13217
13218
13220
13221
13225
13227
13228
13230
13231
13234
13235
13237
13238
13239
13241
13244
13245
13246
13247
13248
13249
13251
13252
13253
13254
13255
13258
13259
13260
13261
13262
13270
13274
13276
13277
13279
13280
13284
13286
13287
13288
13290
13293
13294
13295
13297
13298
13304
13305
13307
13308
13309
13314
13315
13316
13318
13339
13342
13343
13344
13346
13347
13353
13354
13356
13357
13358
13363
13364
13365
13367
13368
13372
13374
13375
13377
13378
13381
13382
13384
13385
13386
13402
13405
13406
13407
13408
13409
13412
13413
13414
13415
13416
13417
13421
13422
13423
13424
13426
13427
13430
13431
13433
13434
13435
13437
13440
13441
13442
13444
13445
13451
13452
13454
13455
13463
13464
13465
13471
13472
13475
13476
13479
13480
13482
13483
13484
13486
13489
13490
13491
13492
13493
13494
13496
13497
13498
13499
13500
13501
13503
13504
13505
13510
13511
13512
13514
13520
13521
13524
13525
13528
13531
13532
13533
13538
13539
13540
13541
13545
13546
13547
13548
13549
13552
13553
13554
13555
13556
13573
13574
13577
13580
13581
13582
13587
13588
13589
13590
13594
13595
13596
13597
13598
13601
13602
13603
13604
13605
13610
13611
13612
13631
13636
13637
13638
13639
13643
13644
13645
13646
13647
13650
13651
13652
13653
13654
13657
13658
13659
13660
13661
13682
13685
13686
13687
13689
13690
13696
13697
13699
13700
13701
13706
13707
13708
13710
13711
13715
13717
13718
13720
13721
13725
13727
13728
13729
13750
13755
13756
13757
13759
13760
13764
13766
13767
13769
13770
13774
13776
13777
13778
13780
13783
13784
13785
13787
13788
13794
13795
13797
13798
13806
13807
13808
13814
13815
13818
13819
13822
13823
13825
13826
13827
13829
13832
13833
13834
13835
13836
13837
13839
13840
13841
13842
13843
13844
13846
13847
13848
13853
13854
13855
13857
13858
13862
13863
13864
13865
13867
13868
13871
13874
13875
13876
13881
13882
13883
13884
13888
13889
13890
13891
13892
13893
13895
13896
13897
13898
13899
13902
13903
13904
13906
13907
13911
13913
13914
13916
13917
13920
13921
13923
13924
13925
13930
13931
13932
13933
13937
13938
13939
13940
13941
13944
13945
13946
13947
13948
13953
13954
13955
13974
13979
13980
13981
13982
13986
13987
13988
13989
13990
13993
13994
13995
13996
13997
14002
14003
14004
14010
14011
14031
14035
14036
14037
14038
14039
14042
14043
14044
14045
14046
14051
14052
14053
14059
14060
14178
14182
14183
14184
14185
14206
14207
14210
14211
14214
14217
14218
14219
14224
14225
14226
14227
14231
14232
14233
14234
14235
14238
14239
14240
14241
14242
14259
14260
14263
14266
14267
14268
14273
14274
14275
14276
14280
14281
14282
14283
14284
14287
14288
14289
14290
14291
14296
14297
14298
14317
14322
14323
14324
14325
14329
14330
14331
14332
14333
14336
14337
14338
14339
14340
14345
14346
14347
14353
14354
14374
14378
14379
14380
14381
14382
14385
14386
14387
14388
14389
14394
14395
14396
14402
14403
14406
14407
14412
14413
14414
14416
14418
14444
14448
14449
14451
14453
14454
14455
14456
14461
14462
14463
14465
14467
14468
14474
14475
14476
14477
14479
14481
14486
14488
14489
14490
14491
14664
14670
14671
14672
14673
14675
14700
14701
14706
14707
14708
14710
14712
14713
14719
14720
14721
14722
14724
14726
14731
14733
14734
14735
14736
14738
14742
14743
14745
14747
14748
14749
14750
14755
14756
14757
14759
14761
14787
14791
14792
14794
14796
14797
14798
14799
14804
14805
14806
14808
14810
14811
14817
14818
14819
14820
14822
14824
14829
14831
14832
14833
14834
14836
14840
14841
14843
14845
14846
14873
14878
14880
14881
14882
14883
14885
14887
14889
14890
14891
14892
14893
14894
14895
14896
14897
14902
14903
14904
14906
14908
14909
14915
14916
14917
14918
14920
14921
14922
14924
14925
14926
14927
14929
14930
14931
14932
14933
14935
14936
14940
14942
14943
14945
14946
14950
14952
14953
14954
14958
14964
14965
14966
14967
14969
14971
14976
14978
14979
14980
14981
14983
14987
14988
14990
14992
14993
14994
14995
15000
15001
15002
15004
15006
15007
15013
15014
15015
15016
15018
15043
15044
15049
15050
15051
15053
15055
15056
15062
15063
15064
15065
15067
15069
15074
15076
15077
15078
15079
15081
15085
15086
15088
15090
15091
15092
15093
15097
15099
15100
15101
15122
15127
15128
15129
15131
15132
15136
15138
15139
15141
15142
15146
15148
15149
15150
15152
15155
15156
15157
15159
15160
15166
15167
15169
15170
15190
15191
15195
15197
15198
15199
15201
15204
15205
15206
15207
15208
15209
15211
15212
15213
15214
15215
15216
15218
15219
15220
15225
15226
15227
15229
15230
15234
15235
15236
15237
15239
15240
15243
15246
15247
15248
15253
15254
15255
15256
15260
15261
15262
15263
15264
15265
15267
15268
15269
15270
15272
15273
15274
15275
15276
15278
15279
15283
15285
15286
15288
15289
15293
15295
15296
15297
15299
15301
15302
15303
15304
15306
15307
15308
15309
15310
15312
15314
15319
15321
15322
15323
15324
15326
15328
15330
15331
15332
15333
15334
15335
15336
15337
15338
15342
15343
15344
15345
15346
15347
15348
15349
15350
15351
15352
15353
15355
15356
15357
15358
15359
15361
15362
15363
15365
15366
15367
15372
15373
15374
15376
15382
15383
15386
15387
15392
15393
15394
15396
15397
15398
15399
15400
15401
15402
15403
15404
15405
15406
15407
15408
15409
15410
15411
15412
15414
15415
15416
15417
15418
15419
15420
15421
15422
15423
15424
15425
15426
15428
15429
15430
15431
15432
15433
15434
15435
15436
15439
15441
15442
15443
15445
15447
15460
15463
15464
15465
15466
15467
15472
15473
15474
15477
15478
15480
15481
15482
15483
15484
15485
15488
15490
15491
15492
15493
15494
15496
15497
15498
15499
15500
15503
15504
15505
15506
15508
15510
15515
15517
15518
15519
15520
15521
15522
15523
15526
15527
15529
15530
15531
15532
15533
15534
15537
15540
15541
15542
15547
15548
15549
15550
15554
15555
15556
15557
15559
15564
15566
15567
15568
15569
15571
15573
15575
15576
15577
15578
15579
15580
15581
15582
15583
15586
15588
15589
15590
15591
15592
15594
15595
15596
15597
15598
15599
15601
15602
15603
15604
15605
15606
15607
15608
15610
15611
15612
15613
15614
15615
15616
15617
15618
15619
15621
15622
15626
15628
15629
15631
15632
15635
15636
15638
15639
15640
15642
15644
15645
15646
15647
15648
15649
15650
15651
15652
15653
15654
15655
15656
15657
15659
15660
15661
15662
15663
15664
15665
15666
15667
15669
15671
15673
15674
15675
15676
15677
15678
15679
15680
15681
15685
15686
15687
15688
15689
15690
15691
15692
15694
15695
15696
15698
15699
15705
15706
15708
15709
15710
15715
15716
15717
15719
15740
15743
15744
15745
15747
15748
15754
15755
15757
15758
15759
15764
15765
15766
15768
15769
15773
15775
15776
15778
15779
15782
15783
15785
15786
15787
15803
15806
15807
15808
15809
15810
15813
15814
15815
15816
15817
15818
15822
15823
15824
15825
15827
15828
15831
15832
15834
15835
15836
15838
15841
15842
15843
15845
15846
15852
15853
15855
15856
15864
15865
15866
15869
15870
15872
15873
15874
15875
15876
15877
15880
15881
15883
15884
15885
15887
15890
15891
15892
15893
15894
15895
15897
15898
15899
15900
15901
15902
15904
15905
15906
15907
15909
15910
15911
15912
15913
15914
15915
15918
15919
15921
15922
15923
15924
15925
15926
15929
15931
15932
15933
15934
15935
15937
15938
15939
15940
15941
15942
15944
15945
15946
15947
15948
15949
15950
15951
15953
15954
15955
15956
15957
15958
15959
15960
15961
15974
15975
15978
15981
15982
15983
15987
15988
15989
15990
15991
15993
15994
15995
15996
15997
15998
15999
16000
16002
16003
16004
16005
16006
16007
16008
16009
16010
16011
16012
16013
16016
16017
16019
16021
16022
16023
16024
16029
16030
16031
16032
16033
16035
16036
16037
16038
16039
16040
16042
16043
16044
16045
16046
16047
16048
16051
16052
16053
16054
16055
16058
16059
16060
16061
16062
16072
16073
16078
16079
16080
16082
16083
16084
16085
16086
16087
16088
16090
16091
16092
16093
16094
16096
16097
16098
16100
16101
16102
16103
16105
16106
16107
16108
16109
16110
16111
16112
16114
16115
16116
16117
16118
16119
16120
16121
16122
16126
16127
16128
16129
16130
16131
16133
16151
16156
16157
16158
16159
16160
16161
16163
16164
16165
16166
16167
16168
16169
16170
16171
16175
16176
16177
16178
16179
16180
16181
16182
16183
16184
16185
16186
16188
16189
16190
16191
16192
16194
16195
16196
16198
16199
16201
16203
16204
16205
16206
16207
16208
16209
16212
16213
16215
16216
16217
16218
16219
16220
16223
16224
16226
16227
16228
16230
16233
16234
16235
16236
16237
16238
16240
16241
16242
16243
16244
16245
16247
16248
16249
16250
16252
16253
16254
16255
16256
16257
16258
16259
16261
16262
16263
16264
16265
16266
16267
16268
16269
16272
16274
16275
16276
16277
16278
16280
16281
16282
16283
16284
16285
16287
16288
16289
16290
16291
16292
16293
16294
16296
16297
16298
16299
16300
16303
16304
16305
16307
16308
16312
16314
16315
16317
16318
16321
16322
16324
16325
16326
16328
16331
16332
16333
16334
16335
16336
16338
16339
16340
16341
16342
16345
16346
16347
16348
16349
16354
16355
16356
16357
16361
16363
16364
16366
16367
16371
16373
16374
16375
16377
16380
16381
16382
16383
16384
16385
16387
16388
16389
16390
16391
16392
16394
16395
16396
16397
16398
16403
16404
16405
16411
16412
16432
16436
16437
16438
16439
16440
16443
16444
16445
16446
16447
16452
16453
16454
16460
16461
16464
16465
16470
16471
16472
16474
16476
16502
16506
16507
16509
16511
16512
16513
16514
16519
16520
16521
16523
16525
16526
16532
16533
16534
16535
16537
16538
16539
16541
16542
16544
16546
16547
16548
16549
16551
16555
16556
16558
16560
16561
16562
16563
16567
16569
16570
16571
16573
16576
16577
16578
16579
16580
16581
16583
16584
16585
16586
16587
16588
16590
16591
16592
16593
16595
16596
16597
16598
16599
16600
16601
16602
16604
16605
16606
16607
16608
16609
16610
16611
16612
16615
16617
16618
16619
16620
16621
16623
16624
16625
16626
16627
16628
16630
16631
16632
16633
16634
16635
16636
16637
16639
16640
16641
16642
16643
16644
16645
16646
16647
16648
16650
16651
16655
16657
16658
16660
16661
16664
16665
16667
16668
16669
16671
16673
16674
16675
16676
16678
16679
16680
16681
16682
16684
16686
16691
16693
16694
16695
16696
16698
16700
16702
16703
16704
16705
16706
16707
16708
16709
16710
16714
16715
16716
16717
16718
16719
16720
16721
16722
16723
16724
16725
16727
16728
16729
16730
16731
16733
16734
16735
16737
16738
16739
16744
16745
16746
16748
16758
16759
16764
16765
16766
16768
16769
16770
16771
16772
16773
16774
16776
16777
16778
16779
16780
16782
16783
16784
16786
16787
16788
16789
16791
16792
16793
16794
16795
16796
16797
16798
16800
16801
16802
16803
16804
16805
16806
16807
16808
16809
16812
16813
16814
16815
16816
16817
16818
16819
16820
16821
16822
16823
16837
16842
16843
16844
16845
16846
16847
16849
16850
16851
16852
16853
16854
16855
16856
16857
16858
16861
16862
16863
16864
16865
16866
16867
16868
16869
16870
16871
16872
16874
16875
16876
16877
16878
16880
16881
16882
16883
16884
16885
16886
16887
16888
16889
16890
16891
16892
16897
16898
16899
16900
16902
16904
16905
16906
16907
16912
16913
16914
16916
16918
16919
16920
16921
17014
17017
17018
17019
17021
17022
17043
17047
17049
17050
17052
17053
17057
17059
17060
17061
17063
17065
17066
17067
17068
17070
17071
17072
17073
17074
17076
17077
17078
17080
17081
17082
17087
17088
17089
17091
17101
17102
17107
17108
17109
17111
17112
17113
17114
17115
17116
17117
17119
17120
17121
17122
17123
17125
17126
17127
17129
17130
17131
17132
17134
17135
17136
17137
17138
17139
17140
17141
17143
17144
17145
17146
17147
17148
17149
17150
17151
17152
17155
17156
17157
17158
17159
17160
17161
17162
17163
17164
17165
17166
17180
17185
17186
17187
17188
17189
17190
17192
17193
17194
17195
17196
17197
17198
17199
17200
17201
17204
17205
17206
17207
17208
17209
17210
17211
17212
17213
17214
17215
17217
17218
17219
17220
17221
17223
17224
17225
17226
17227
17228
17229
17230
17231
17232
17233
17234
17235
17237
17240
17241
17242
17243
17244
17245
17246
17247
17248
17249
17250
17253
17255
17256
17257
17259
17261
17262
17263
17264
17266
17267
17273
17274
17275
17276
17277
17278
17279
17280
17281
17282
17283
17284
17285
17286
17287
17290
17291
17293
17295
17296
17297
17298
17303
17304
17305
17307
17309
17310
17315
17316
17317
17318
17319
17321
17322
17323
17324
17325
17326
17327
17328
17329
17330
17331
17332
17333
17338
17339
17340
17341
17343
17345
17346
17347
17348
17353
17354
17355
17357
17359
17360
17361
17362
17364
17365
17366
17367
17368
17370
17371
17372
17373
17374
17375
17376
17377
17378
17379
17380
17381
17382
17384
17387
17388
17389
17390
17391
17392
17393
17394
17395
17396
17401
17402
17403
17405
17407
17429
17436
17437
17438
17439
17441
17443
17444
17445
17446
17451
17452
17453
17455
17457
17458
17459
17460
17462
17469
17471
17472
17473
17474
17476
17478
17485
17486
17487
17488
17490
17492
17493
17494
17495
17500
17501
17502
17504
17506
17507
17508
17509
17542
17543
17544
17549
17550
17551
17553
17555
17556
17557
17558
17560
17567
17569
17570
17571
17572
17574
17576
17583
17584
17585
17586
17588
17590
17591
17592
17593
17598
17599
17600
17602
17604
17605
17606
17607
18253
18254
18256
18257
18277
18278
18282
18284
18285
18286
18288
18291
18292
18293
18295
18296
18302
18303
18305
18306
18307
18312
18313
18314
18316
18454
18459
18460
18461
18463
18484
18487
18488
18489
18491
18492
18498
18499
18501
18502
18503
18508
18509
18510
18512
18513
18517
18519
18520
18522
18523
18527
18529
18530
18531
18552
18557
18558
18559
18561
18562
18566
18568
18569
18571
18572
18576
18578
18579
18580
18582
18585
18586
18587
18589
18590
18596
18597
18599
18600
18609
18613
18614
18616
18618
18619
18620
18621
18625
18627
18628
18629
18631
18634
18635
18636
18638
18639
18645
18646
18648
18649
18650
18651
18653
18654
18655
18656
18657
18658
18659
18660
18662
18663
18664
18665
18666
18667
18668
18669
18670
18675
18676
18677
18679
18681
18682
18688
18689
18690
18691
18693
18694
18695
18697
18698
18699
18704
18705
18706
18708
18709
18713
18715
18716
18718
18719
18723
18725
18726
18727
18729
18732
18733
18734
18736
18737
18758
18762
18764
18765
18767
18768
18772
18774
18775
18776
18778
18781
18782
18783
18785
18786
18792
18793
18795
18796
18865
18866
18871
18872
18873
18875
18877
18903
18907
18908
18910
18912
18913
18914
18915
18920
18921
18922
18924
18926
18927
18933
18934
18935
18936
18938
18939
18940
18942
18943
18945
18947
18948
18949
18950
18952
18956
18957
18959
18961
18962
18963
18964
18968
18970
18971
18972
18974
18977
18978
18979
18981
18982
18988
18989
18991
18992
18993
18994
18996
18997
18998
18999
19000
19001
19002
19003
19005
19006
19007
19008
19009
19010
19011
19012
19013
19018
19019
19020
19022
19024
19025
19031
19032
19033
19034
19036
19037
19038
19040
19041
19042
19043
19045
19046
19047
19048
19049
19051
19052
19056
19058
19059
19061
19062
19066
19068
19069
19070
19072
19074
19075
19076
19077
19079
19080
19081
19082
19083
19085
19087
19092
19094
19095
19096
19097
19099
19101
19103
19104
19105
19106
19107
19108
19109
19110
19111
19115
19116
19117
19118
19119
19120
19121
19122
19123
19124
19125
19126
19128
19129
19130
19131
19132
19134
19135
19136
19138
19139
19140
19145
19146
19147
19149
19159
19160
19165
19166
19167
19169
19170
19171
19172
19173
19174
19175
19177
19178
19179
19180
19181
19183
19184
19185
19187
19188
19189
19190
19192
19193
19194
19195
19196
19197
19198
19199
19201
19202
19203
19204
19205
19206
19207
19208
19209
19210
19213
19214
19215
19216
19217
19218
19219
19220
19221
19222
19223
19224
19238
19243
19244
19245
19246
19247
19248
19250
19251
19252
19253
19254
19255
19256
19257
19258
19259
19262
19263
19264
19265
19266
19267
19268
19269
19270
19271
19272
19273
19275
19276
19277
19278
19279
19281
19282
19283
19284
19285
19286
19287
19288
19289
19290
19291
19292
19293
19298
19299
19300
19301
19303
19305
19306
19307
19308
19313
19314
19315
19317
19319
19320
19321
19322
19415
19418
19419
19420
19422
19423
19444
19448
19450
19451
19453
19454
19458
19460
19461
19462
19464
19466
19467
19468
19469
19471
19472
19473
19474
19475
19477
19478
19479
19481
19482
19483
19488
19489
19490
19492
19502
19503
19508
19509
19510
19512
19513
19514
19515
19516
19517
19518
19520
19521
19522
19523
19524
19526
19527
19528
19530
19531
19532
19533
19535
19536
19537
19538
19539
19540
19541
19542
19544
19545
19546
19547
19548
19549
19550
19551
19552
19553
19556
19557
19558
19559
19560
19561
19562
19563
19564
19565
19566
19567
19581
19586
19587
19588
19589
19590
19591
19593
19594
19595
19596
19597
19598
19599
19600
19601
19602
19605
19606
19607
19608
19609
19610
19611
19612
19613
19614
19615
19616
19618
19619
19620
19621
19622
19624
19625
19626
19627
19628
19629
19630
19631
19632
19633
19634
19635
19636
19638
19641
19642
19643
19644
19645
19646
19647
19648
19649
19650
19651
19654
19656
19657
19658
19660
19662
19663
19664
19665
19667
19668
19674
19675
19676
19677
19678
19679
19680
19681
19682
19683
19684
19685
19686
19687
19688
19689
19691
19692
19693
19694
19695
19696
19697
19698
19699
19704
19705
19706
19708
19710
19711
19716
19717
19718
19719
19720
19722
19723
19724
19725
19726
19727
19728
19729
19730
19731
19732
19733
19734
19735
19737
19738
19739
19740
19741
19742
19744
19745
19746
19747
19748
19749
19752
19754
19755
19756
19758
19760
19761
19762
19763
19765
19766
19767
19768
19769
19771
19772
19773
19774
19775
19776
19777
19778
19779
19780
19781
19782
19783
19785
19788
19789
19790
19791
19792
19793
19794
19795
19796
19797
19802
19803
19804
19806
19808
19809
19815
19816
19817
19818
19820
19830
19837
19838
19839
19840
19842
19844
19845
19846
19847
19851
19852
19853
19854
19855
19856
19857
19858
19859
19860
19861
19863
19864
19865
19866
19867
19869
19870
19871
19872
19873
19874
19875
19876
19877
19878
19879
19880
19881
19883
19886
19887
19888
19889
19890
19891
19892
19893
19894
19895
19896
19899
19901
19902
19903
19905
19907
19908
19909
19910
19924
19929
19930
19931
19933
19934
19938
19940
19941
19943
19944
19945
19948
19950
19951
19952
19954
19956
19957
19958
19959
19961
19962
19968
19969
19970
19971
19972
19973
19975
19977
19984
19985
19986
19987
19989
19991
19992
19993
19994
19997
19999
20000
20001
20003
20005
20006
20007
20008
20010
20017
20019
20020
20021
20022
20024
20059
20066
20067
20068
20069
20070
20071
20072
20073
20074
20075
20076
20077
20082
20083
20084
20085
20087
20089
20090
20091
20092
20097
20098
20099
20101
20103
20104
20105
20106
20108
20109
20110
20111
20112
20114
20115
20116
20117
20118
20119
20120
20121
20122
20123
20124
20125
20126
20128
20132
20133
20135
20137
20138
20139
20140
20145
20146
20147
20149
20151
20152
20158
20159
20160
20161
20163
20188
20189
20194
20195
20196
20198
20200
20201
20207
20208
20209
20210
20212
20214
20219
20221
20222
20223
20224
20226
20230
20231
20233
20235
20236
20237
20238
20243
20244
20245
20247
20249
20275
20279
20280
20282
20284
20285
20286
20287
20292
20293
20294
20296
20298
20299
20305
20306
20307
20308
20310
20312
20317
20319
20320
20321
20322
20324
20328
20329
20331
20333
20334
20353
20360
20361
20362
20363
20364
20365
20366
20367
20368
20369
20370
20371
20373
20377
20378
20380
20382
20383
20384
20385
20390
20391
20392
20394
20396
20397
20402
20403
20404
20405
20406
20408
20409
20410
20411
20412
20413
20414
20415
20416
20417
20418
20419
20420
20425
20426
20427
20428
20430
20432
20433
20434
20435
20440
20441
20442
20444
20446
20447
20448
20449
20451
20452
20453
20454
20455
20457
20458
20459
20460
20461
20462
20463
20464
20465
20466
20467
20468
20469
20471
20474
20475
20476
20477
20478
20479
20480
20481
20482
20483
20488
20489
20490
20492
20494
20516
20523
20524
20525
20526
20528
20530
20531
20532
20533
20538
20539
20540
20542
20544
20545
20546
20547
20549
20556
20558
20559
20560
20561
20563
20565
20572
20573
20574
20575
20577
20579
20580
20581
20582
20587
20588
20589
20591
20593
20594
20595
20596
20629
20630
20631
20636
20637
20638
20640
20642
20643
20644
20645
20647
20654
20656
20657
20658
20659
20661
20663
20667
20670
20671
20672
20673
20674
20675
20676
20677
20678
20679
20680
20685
20686
20687
20689
20691
20692
20693
20694
20696
20703
20704
20705
20706
20707
20708
20709
20710
20711
20712
20713
20714
20716
20720
20721
20723
20725
20726
20727
20728
20733
20734
20735
20737
20739
20740
20745
20746
20747
20748
20749
20751
20752
20753
20754
20755
20756
20757
20758
20759
20760
20761
20762
20763
20768
20769
20770
20771
20773
20775
20776
20777
20778
20783
20784
20785
20787
20789
20790
20791
20792
20794
20795
20796
20797
20798
20800
20801
20802
20803
20804
20805
20806
20807
20808
20809
20810
20811
20812
20814
20817
20818
20819
20820
20821
20822
20823
20824
20825
20826
20831
20832
20833
20835
20837
20838
20844
20845
20846
20847
20849
20859
20866
20867
20868
20869
20871
20873
20874
20875
20876
20880
20881
20882
20883
20884
20885
20886
20887
20888
20889
20890
20892
20893
20894
20895
20896
20898
20899
20900
20901
20902
20903
20904
20905
20906
20907
20908
20909
20910
20912
20915
20916
20917
20918
20919
20920
20921
20922
20923
20924
20929
20930
20931
20933
20935
20961
20965
20966
20968
20970
20971
20972
20973
20978
20979
20980
20982
20984
20985
20991
20992
20993
20994
20996
20998
21003
21005
21006
21007
21008
21010
21014
21015
21017
21019
21020
21047
21052
21054
21055
21056
21057
21059
21063
21064
21066
21068
21069
21070
21071
21076
21077
21078
21080
21082
21083
21089
21090
21091
21092
21094
21153
21160
21161
21162
21163
21165
21167
21202
21209
21210
21211
21212
21214
21216
21217
21218
21219
21224
21225
21226
21228
21230
21231
21232
21233
21235
21242
21244
21245
21246
21247
21249
21251
21258
21259
21260
21261
21263
21265
21266
21267
21268
21272
21273
21274
21275
21276
21277
21278
21279
21280
21281
21282
21304
21308
21309
21311
21313
21314
21315
21316
21317
21321
21322
21323
21324
21325
21326
21327
21328
21329
21330
21331
21333
21334
21335
21336
21337
21339
21340
21341
21342
21343
21344
21345
21346
21347
21348
21349
21350
21351
21353
21356
21357
21358
21359
21360
21361
21362
21363
21364
21365
21366
21371
21372
21373
21375
21377
21378
21379
21380
21382
21389
21390
21391
21392
21393
21394
21395
21396
21397
21398
21399
21400
21402
21406
21407
21409
21411
21412
21413
21414
21419
21420
21421
21423
21425
21426
21431
21432
21433
21434
21435
21437
21438
21439
21440
21441
21442
21443
21444
21445
21446
21447
21448
21449
21454
21455
21456
21457
21459
21461
21462
21463
21464
21469
21470
21471
21473
21475
21476
21477
21478
21480
21481
21482
21483
21484
21486
21487
21488
21489
21490
21491
21492
21493
21494
21495
21496
21497
21498
21500
21503
21504
21505
21506
21507
21508
21509
21510
21511
21512
21517
21518
21519
21521
21523
21524
21530
21531
21532
21533
21535
21545
21552
21553
21554
21555
21557
21559
21560
21561
21562
21566
21567
21568
21569
21570
21571
21572
21573
21574
21575
21576
21578
21579
21580
21581
21582
21584
21585
21586
21587
21588
21589
21590
21591
21592
21593
21594
21595
21596
21598
21601
21602
21603
21604
21605
21606
21607
21608
21609
21610
21611
21616
21617
21618
21620
21622
21623
21624
21625
21658
21659
21660
21665
21666
21667
21669
21671
21672
21673
21674
21676
21683
21685
21686
21687
21688
21690
21692
21699
21700
21701
21702
21704
21706
21707
21708
21709
21714
21715
21716
21718
21720
21721
21722
21723
21952
21953
21954
21959
21960
21961
21963
21965
21966
21967
21968
22001
22002
22003
22008
22009
22010
22012
22014
22015
22016
22017
22019
22026
22028
22029
22030
22031
22033
22035
22042
22043
22044
22045
22047
22049
22050
22051
22052
22057
22058
22059
22061
22063
22064
22065
22066
22068
22075
22077
22078
22079
22080
22082
22117
22124
22126
22127
22128
22129
22131
22133
22140
22141
22142
22143
22145
22147
22148
22149
22150
22155
22156
22157
22159
22161
22162
22163
22164
22166
22173
22175
22176
22177
22178
22180
22182
22189
22190
22191
22192
22194
22196
22231
22238
22239
22240
22241
22243
22245
22246
22247
22248
22253
22254
22255
22257
22259
22260
22261
22262
22264
22271
22273
22274
22275
22276
22278
22280
22287
22288
22289
22290
22292
22294
22295
22296
22297
22302
22303
22304
22306
22308
22309
22310
22311
22344
22345
22346
22351
22352
22353
22355
22357
22358
22359
22360
22362
22369
22371
22372
22373
22374
22376
22378
22385
22386
22387
22388
22390
22392
22393
22394
22395
22400
22401
22402
22404
22406
22407
22408
22409
22411
22418
22420
22421
22422
22423
22425
22460
22467
22469
22470
22471
22472
22474
22476
22483
22484
22485
22486
22488
22490
22491
22492
22493
22498
22499
22500
22502
22504
22505
22506
22507
22509
22516
22518
22519
22520
22521
22523
22754
22761
22763
22764
22765
22766
22768
22803
22810
22811
22812
22813
22814
22815
22816
22817
22818
22819
22820
22821
22826
22827
22828
22829
22831
22833
22834
22835
22836
22841
22842
22843
22845
22847
22848
22849
22850
22852
22853
22854
22855
22856
22858
22859
22860
22861
22862
22863
22864
22865
22866
22867
22868
22869
22870
22872
22875
22876
22877
22878
22879
22880
22881
22882
22883
22884
22889
22890
22891
22893
22895
22917
22924
22925
22926
22927
22929
22931
22932
22933
22934
22939
22940
22941
22943
22945
22946
22947
22948
22950
22957
22959
22960
22961
22962
22964
22966
22973
22974
22975
22976
22978
22980
22981
22982
22983
22988
22989
22990
22992
22994
22995
22996
22997
23030
23031
23032
23037
23038
23039
23041
23043
23044
23045
23046
23048
23055
23057
23058
23059
23060
23062
23064
23068
23071
23072
23073
23074
23075
23076
23077
23078
23079
23080
23081
23086
23087
23088
23090
23092
23093
23094
23095
23097
23104
23105
23106
23107
23108
23109
23110
23111
23112
23113
23114
23115
23117
23121
23122
23124
23126
23127
23128
23129
23134
23135
23136
23138
23140
23141
23146
23147
23148
23149
23150
23152
23153
23154
23155
23156
23157
23158
23159
23160
23161
23162
23163
23164
23169
23170
23171
23172
23174
23176
23177
23178
23179
23184
23185
23186
23188
23190
23191
23192
23193
23195
23196
23197
23198
23199
23201
23202
23203
23204
23205
23206
23207
23208
23209
23210
23211
23212
23213
23215
23219
23220
23222
23224
23225
23226
23227
23232
23233
23234
23236
23238
23239
23245
23246
23247
23248
23250
23275
23276
23281
23282
23283
23285
23287
23288
23294
23295
23296
23297
23299
23301
23306
23308
23309
23310
23311
23313
23317
23318
23320
23322
23323
23324
23325
23330
23331
23332
23334
23336
23362
23366
23367
23369
23371
23372
23373
23374
23379
23380
23381
23383
23385
23386
23392
23393
23394
23395
23397
23399
23404
23406
23407
23408
23409
23411
23415
23416
23418
23420
23421
23448
23453
23455
23456
23457
23458
23460
23464
23465
23467
23469
23470
23471
23472
23477
23478
23479
23481
23483
23484
23490
23491
23492
23493
23495
23667
23668
23673
23674
23675
23677
23679
23705
23709
23710
23712
23714
23715
23716
23717
23722
23723
23724
23726
23728
23729
23735
23736
23737
23738
23740
23742
23747
23749
23750
23751
23752
23754
23758
23759
23761
23763
23764
23791
23796
23798
23799
23800
23801
23803
23807
23808
23810
23812
23813
23814
23815
23820
23821
23822
23824
23826
23827
23833
23834
23835
23836
23838
23840
23845
23847
23848
23849
23850
23876
23882
23883
23884
23885
23887
23889
23894
23896
23897
23898
23899
23901
23905
23906
23908
23910
23911
23912
23913
23918
23919
23920
23922
23924
23925
23931
23932
23933
23934
23936
23961
23962
23967
23968
23969
23971
23973
23974
23980
23981
23982
23983
23985
23987
23992
23994
23995
23996
23997
23999
24003
24004
24006
24008
24009
24010
24011
24016
24017
24018
24020
24022
24048
24052
24053
24055
24057
24058
24059
24060
24065
24066
24067
24069
24071
24072
24078
24079
24080
24081
24083
24085
24090
24092
24093
24094
24095
24268
24274
24275
24276
24277
24279
24304
24305
24310
24311
24312
24314
24316
24317
24323
24324
24325
24326
24328
24330
24335
24337
24338
24339
24340
24342
24346
24347
24349
24351
24352
24353
24354
24359
24360
24361
24363
24365
24391
24395
24396
24398
24400
24401
24402
24403
24408
24409
24410
24412
24414
24415
24421
24422
24423
24424
24426
24428
24433
24435
24436
24437
24438
24440
24444
24445
24447
24449
24450
24477
24482
24484
24485
24486
24487
24489
24493
24494
24496
24498
24499
24500
24501
24506
24507
24508
24510
24512
24513
24519
24520
24521
24522
24524
24526
24531
24533
24534
24535
24536
24562
24568
24569
24570
24571
24573
24575
24580
24582
24583
24584
24585
24587
24591
24592
24594
24596
24597
24598
24599
24604
24605
24606
24608
24610
24611
24617
24618
24619
24620
24622
24647
24648
24653
24654
24655
24657
24659
24660
24666
24667
24668
24669
24671
24673
24678
24680
24681
24682
24683
24685
24689
24690
24692
24694
24695
24812
24819
24821
24822
24823
24824
24826
24861
24868
24869
24870
24871
24872
24873
24874
24875
24876
24877
24878
24879
24884
24885
24886
24887
24889
24891
24892
24893
24894
24899
24900
24901
24903
24905
24906
24907
24908
24910
24911
24912
24913
24914
24916
24917
24918
24919
24920
24921
24922
24923
24924
24925
24926
24927
24928
24930
24934
24935
24937
24939
24940
24941
24942
24947
24948
24949
24951
24953
24954
24960
24961
24962
24963
24965
24990
24991
24996
24997
24998
25000
25155
25162
25164
25165
25166
25167
25169
25204
25211
25213
25214
25215
25216
25218
25220
25227
25228
25229
25230
25232
25234
25235
25236
25237
25242
25243
25244
25246
25248
25249
25250
25251
25253
25260
25262
25263
25264
25265
25267
25269
25276
25277
25278
25279
25281
25283
25318
25325
25326
25327
25328
25330
25332
25333
25334
25335
25340
25341
25342
25344
25346
25347
25348
25349
25351
25358
25360
25361
25362
25363
25365
25367
25374
25375
25376
25377
25379
25381
25382
25383
25384
25389
25390
25391
25393
25395
25396
25397
25398
25431
25432
25433
25438
25439
25440
25442
25444
25445
25446
25447
25449
25456
25458
25459
25460
25461
25463
25465
25472
25473
25474
25475
25477
25479
25480
25481
25482
25487
25488
25489
25491
25493
25494
25495
25496
25498
25505
25507
25508
25509
25510
25512
25547
25554
25556
25557
25558
25559
25561
25563
25570
25571
25572
25573
25575
25577
25578
25579
25580
25585
25586
25587
25589
25591
25592
25593
25594
25596
25603
25605
25606
25607
25608
25610
25612
25619
25620
25621
25622
25624
25626
25661
25668
25669
25670
25671
25673
25675
25676
25677
25678
25683
25684
25685
25687
25689
25690
25691
25692
25694
25701
25703
25704
25705
25706
25708
25710
25717
25718
25719
25720
25722
25724
25955
25962
25963
25964
25965
25967
25969
26004
26011
26012
26013
26014
26016
26018
26019
26020
26021
26026
26027
26028
26030
26032
26033
26034
26035
26037
26044
26046
26047
26048
26049
26051
26053
26060
26061
26062
26063
26065
26067
26068
26069
26070
26075
26076
26077
26079
26081
26082
26083
26084
26117
26118
26119
26124
26125
26126
26128
26130
26131
26132
26133
26135
26142
26144
26145
26146
26147
26149
26151
26158
26159
26160
26161
26163
26165
26166
26167
26168
26173
26174
26175
26177
26179
26180
26181
26182
26184
26191
26193
26194
26195
26196
26198
26233
26240
26242
26243
26244
26245
26247
26249
26256
26257
26258
26259
26261
26263
26264
26265
26266
26271
26272
26273
26275
26277
26278
26279
26280
26282
26289
26291
26292
26293
26294
26296
26298
26305
26306
26307
26308
26310
26312
26347
26354
26355
26356
26357
26359
26361
26362
26363
26364
26369
26370
26371
26373
26375
26376
26377
26378
26380
26387
26389
26390
26391
26392
26394
26396
26403
26404
26405
26406
26408
26410
26411
26412
26413
26418
26419
26420
26422
26424
26425
26426
26427
26460
26461
26462
26467
26468
26469
26471
26473
26474
26475
26476
26478
26485
26487
26488
26489
26490
26492
26494
26501
26502
26503
26504
26506
26508
26509
26510
26511
26516
26517
26518
26520
26522
26523
26524
26525
26754
26755
26756
26761
26762
26763
26765
26767
26768
26769
26770
26803
26804
26805
26810
26811
26812
26814
26816
26817
26818
26819
26821
26828
26830
26831
26832
26833
26835
26837
26844
26845
26846
26847
26849
26851
26852
26853
26854
26859
26860
26861
26863
26865
26866
26867
26868
26870
26877
26879
26880
26881
26882
26884
26919
26926
26928
26929
26930
26931
26933
26935
26942
26943
26944
26945
26947
26949
26950
26951
26952
26957
26958
26959
26961
26963
26964
26965
26966
26968
26975
26977
26978
26979
26980
26982
26984
26991
26992
26993
26994
26996
26998
27033
27040
27041
27042
27043
27045
27047
27048
27049
27050
27055
27056
27057
27059
27061
27062
27063
27064
27066
27073
27075
27076
27077
27078
27080
27082
27089
27090
27091
27092
27094
27096
27097
27098
27099
27104
27105
27106
27108
27110
27111
27112
27113
27146
27147
27148
27153
27154
27155
27157
27159
27160
27161
27162
27164
27171
27173
27174
27175
27176
27178
27180
27187
27188
27189
27190
27192
27194
27195
27196
27197
27202
27203
27204
27206
27208
27209
27210
27211
27213
27220
27222
27223
27224
27225
27227
27262
27269
27271
27272
27273
27274
27276
27278
27285
27286
27287
27288
27290
27292
27293
27294
27295
27300
27301
27302
27304
27306
27307
27308
27309
27311
27318
27320
27321
27322
27323
27325
27556
27563
27565
27566
27567
27568
27570
27605
27612
27614
27615
27616
27617
27619
27621
27628
27629
27630
27631
27633
27635
27636
27637
27638
27643
27644
27645
27647
27649
27650
27651
27652
27654
27661
27663
27664
27665
27666
27668
27670
27677
27678
27679
27680
27682
27684
27719
27726
27727
27728
27729
27731
27733
27734
27735
27736
27741
27742
27743
27745
27747
27748
27749
27750
27752
27759
27761
27762
27763
27764
27766
27768
27775
27776
27777
27778
27780
27782
27783
27784
27785
27790
27791
27792
27794
27796
27797
27798
27799
27832
27833
27834
27839
27840
27841
27843
27845
27846
27847
27848
27850
27857
27859
27860
27861
27862
27864
27866
27873
27874
27875
27876
27878
27880
27881
27882
27883
27888
27889
27890
27892
27894
27895
27896
27897
27899
27906
27908
27909
27910
27911
27913
27948
27955
27957
27958
27959
27960
27962
27964
27971
27972
27973
27974
27976
27978
27979
27980
27981
27986
27987
27988
27990
27992
27993
27994
27995
27997
28004
28006
28007
28008
28009
28011
28013
28020
28021
28022
28023
28025
28027
28062
28069
28070
28071
28072
28074
28076
28077
28078
28079
28084
28085
28086
28088
28090
28091
28092
28093
28095
28102
28104
28105
28106
28107
28109
28111
28118
28119
28120
28121
28123
28125
28356
28363
28364
28365
28366
28368
28370
28405
28412
28413
28414
28415
28417
28419
28420
28421
28422
28427
28428
28429
28431
28433
28434
28435
28436
28438
28445
28447
28448
28449
28450
28452
28454
28461
28462
28463
28464
28466
28468
28469
28470
28471
28476
28477
28478
28480
28482
28483
28484
28485
28518
28519
28520
28525
28526
28527
28529
28531
28532
28533
28534
28536
28543
28545
28546
28547
28548
28550
28552
28559
28560
28561
28562
28564
28566
28567
28568
28569
28574
28575
28576
28578
28580
28581
28582
28583
28585
28592
28594
28595
28596
28597
28599
28634
28641
28643
28644
28645
28646
28648
28650
28657
28658
28659
28660
28662
28664
28665
28666
28667
28672
28673
28674
28676
28678
28679
28680
28681
28683
28690
28692
28693
28694
28695
28697
28699
28706
28707
28708
28709
28711
28713
28748
28755
28756
28757
28758
28760
28762
28763
28764
28765
28770
28771
28772
28774
28776
28777
28778
28779
28781
28788
28790
28791
28792
28793
28795
28797
28804
28805
28806
28807
28809
28811
30414
30421
30422
30423
30424
30426
30428
30463
30470
30471
30472
30473
30475
30477
30478
30479
30480
30485
30486
30487
30489
30491
30492
30493
30494
30496
30503
30505
30506
30507
30508
30510
30512
30519
30520
30521
30522
30524
30526
30757
30764
30765
30766
30767
30769
30771
30806
30813
30814
30815
30816
30818
30820
30821
30822
30823
30828
30829
30830
30832
30834
30835
30836
30837
30839
30846
30848
30849
30850
30851
30853
30855
30862
30863
30864
30865
30867
30869
30870
30871
30872
30877
30878
30879
30881
30883
30884
30885
30886
30919
30920
30921
30926
30927
30928
30930
30932
30933
30934
30935
30937
30944
30946
30947
30948
30949
30951
30953
30960
30961
30962
30963
30965
30967
30968
30969
30970
30975
30976
30977
30979
30981
30982
30983
30984
30986
30993
30995
30996
30997
30998
31000
31035
31042
31044
31045
31046
31047
31049
31051
31058
31059
31060
31061
31063
31065
31066
31067
31068
31073
31074
31075
31077
31079
31080
31081
31082
31084
31091
31093
31094
31095
31096
31098
31100
31107
31108
31109
31110
31112
31114
31149
31156
31157
31158
31159
31161
31163
31164
31165
31166
31171
31172
31173
31175
31177
31178
31179
31180
31182
31189
31191
31192
31193
31194
31196
31198
31205
31206
31207
31208
31210
31212
31213
31214
31215
31220
31221
31222
31224
31226
31227
31228
31229
31262
31263
31264
31269
31270
31271
31273
31275
31276
31277
31278
31280
31287
31289
31290
31291
31292
31294
31296
31303
31304
31305
31306
31308
31310
31311
31312
31313
31318
31319
31320
31322
31324
31325
31326
31327
31556
31557
31558
31563
31564
31565
31567
31569
31570
31571
31572
31605
31606
31607
31612
31613
31614
31616
31618
31619
31620
31621
31623
31630
31632
31633
31634
31635
31637
31639
31646
31647
31648
31649
31651
31653
31654
31655
31656
31661
31662
31663
31665
31667
31668
31669
31670
31672
31679
31681
31682
31683
31684
31686
31721
31728
31730
31731
31732
31733
31735
31737
31744
31745
31746
31747
31749
31751
31752
31753
31754
31759
31760
31761
31763
31765
31766
31767
31768
31770
31777
31779
31780
31781
31782
31784
31786
31793
31794
31795
31796
31798
31800
31835
31842
31843
31844
31845
31847
31849
31850
31851
31852
31857
31858
31859
31861
31863
31864
31865
31866
31868
31875
31877
31878
31879
31880
31882
31884
31891
31892
31893
31894
31896
31898
31899
31900
31901
31906
31907
31908
31910
31912
31913
31914
31915
31948
31949
31950
31955
31956
31957
31959
31961
31962
31963
31964
31966
31973
31975
31976
31977
31978
31980
31982
31989
31990
31991
31992
31994
31996
31997
31998
31999
32004
32005
32006
32008
32010
32011
32012
32013
32015
32022
32024
32025
32026
32027
32029
32064
32071
32073
32074
32075
32076
32078
32080
32087
32088
32089
32090
32092
32094
32095
32096
32097
32102
32103
32104
32106
32108
32109
32110
32111
32113
32120
32122
32123
32124
32125
32127
32358
32365
32367
32368
32369
32370
32372
32407
32414
32416
32417
32418
32419
32421
32423
32430
32431
32432
32433
32435
32437
32438
32439
32440
32445
32446
32447
32449
32451
32452
32453
32454
32456
32463
32465
32466
32467
32468
32470
32472
32479
32480
32481
32482
32484
32486
32521
32528
32529
32530
32531
32533
32535
32536
32537
32538
32543
32544
32545
32547
32549
32550
32551
32552
32554
32561
32563
32564
32565
32566
32568
32570
32577
32578
32579
32580
32582
32584
32585
32586
32587
32592
32593
32594
32596
32598
32599
32600
32601
32634
32635
32636
32641
32642
32643
32645
32647
32648
32649
32650
32652
32659
32661
32662
32663
32664
32666
32668
32675
32676
32677
32678
32680
32682
32683
32684
32685
32690
32691
32692
32694
32696
32697
32698
32699
32701
32708
32710
32711
32712
32713
32715
32750
32757
32759
32760
32761
32762
32764
32766
32773
32774
32775
32776
32778
32780
32781
32782
32783
32788
32789
32790
32792
32794
32795
32796
32797
32799
32806
32808
32809
32810
32811
32813
32815
32822
32823
32824
32825
32827
32829
32864
32871
32872
32873
32874
32876
32878
32879
32880
32881
32886
32887
32888
32890
32892
32893
32894
32895
32897
32904
32906
32907
32908
32909
32911
32913
32920
32921
32922
32923
32925
32927
33158
33165
33166
33167
33168
33170
33172
33207
33214
33215
33216
33217
33219
33221
33222
33223
33224
33229
33230
33231
33233
33235
33236
33237
33238
33240
33247
33249
33250
33251
33252
33254
33256
33263
33264
33265
33266
33268
33270
33271
33272
33273
33278
33279
33280
33282
33284
33285
33286
33287
33320
33321
33322
33327
33328
33329
33331
33333
