2
3
4
5
6
7
8
9
10
11
12
13
14
15
16
17
18
19
20
21
22
24
25
26
27
28
29
31
32
34
35
36
37
40
42
43
44
46
49
50
51
52
53
54
55
56
57
59
60
64
68
69
70
71
73
74
75
76
77
78
80
81
86
91
92
93
98
99
100
104
105
106
117
118
124
125
128
131
132
133
134
135
138
139
140
141
142
147
148
150
151
154
155
157
158
166
167
168
169
171
172
173
174
175
176
178
179
180
181
182
183
187
188
189
190
196
197
199
200
203
204
206
207
217
218
220
221
224
225
227
228
343
344
346
347
350
351
353
354
364
365
367
368
371
372
374
375
392
393
395
396
399
400
402
403
413
414
416
417
420
421
423
424
490
491
493
494
497
498
500
501
511
512
514
515
518
519
521
522
539
540
542
543
546
547
549
550
560
561
563
564
567
568
570
571
