2
4
5
6
7
8
9
10
11
12
13
14
15
16
22
23
25
27
28
29
30
32
34
35
36
37
38
39
41
42
43
44
48
49
50
51
52
53
54
55
56
57
58
59
61
63
64
65
66
70
71
73
75
76
82
84
85
86
89
98
99
100
105
106
107
110
112
113
114
172
175
176
179
196
197
200
202
203
204
209
214
216
221
224
225
228
230
234
237
238
239
262
266
267
269
272
279
283
286
287
288
294
295
300
301
302
304
343
344
345
350
351
352
355
357
358
359
392
393
394
399
400
401
404
406
407
408
418
425
427
428
429
432
441
442
443
448
449
450
453
455
456
457
