2
3
4
5
6
7
8
9
10
11
12
13
14
15
16
17
18
19
20
21
22
23
24
25
26
27
28
29
30
31
32
33
34
35
36
37
38
39
40
41
42
43
44
45
46
47
48
49
50
51
52
53
54
55
56
57
58
59
60
61
62
63
64
65
66
67
68
69
70
71
72
73
74
75
76
77
78
79
80
81
82
83
84
85
86
87
88
89
90
91
92
93
94
95
96
97
98
99
100
101
102
103
104
105
106
107
108
109
110
111
112
113
114
115
116
117
118
119
120
121
122
123
124
125
126
127
128
129
130
131
132
133
134
135
136
137
138
139
140
141
142
143
144
145
146
147
148
149
150
152
153
154
155
156
157
158
159
160
161
162
163
164
165
166
167
168
169
170
171
172
173
174
175
176
177
178
179
180
181
182
183
184
185
186
187
188
189
190
191
192
193
194
195
196
197
198
199
200
201
202
203
204
205
206
207
208
209
210
211
212
213
214
216
217
218
219
220
221
222
223
224
225
226
227
228
229
230
231
232
233
234
235
236
237
238
239
240
241
242
243
244
245
246
247
248
249
250
251
253
254
255
256
257
258
259
260
261
262
263
264
265
266
267
268
269
270
271
272
273
274
275
276
277
278
279
280
281
282
283
284
285
286
287
288
289
290
291
292
293
294
295
296
297
298
299
300
301
302
303
304
305
306
307
308
309
310
311
312
313
314
315
316
317
318
319
320
321
322
323
324
325
326
327
328
329
330
331
332
333
334
335
336
337
338
339
340
341
342
343
344
345
346
347
348
349
350
351
352
353
354
355
356
357
358
359
360
361
362
363
364
365
366
367
368
369
370
371
372
373
374
375
376
377
378
379
380
381
382
383
384
385
386
387
388
389
390
391
392
393
394
395
396
397
398
399
400
401
402
403
404
405
406
407
408
409
410
411
412
413
414
415
416
417
418
419
420
421
422
423
424
425
426
427
428
429
430
431
432
433
434
435
436
437
438
439
440
441
442
443
444
445
446
447
448
449
450
451
452
453
454
455
456
457
458
459
460
461
462
463
464
465
466
467
468
469
470
471
472
473
474
475
476
477
478
479
480
481
482
483
484
485
486
487
488
489
490
491
492
493
494
495
496
497
498
499
500
501
502
503
504
505
506
507
508
509
510
512
513
514
515
516
517
518
519
520
521
522
523
524
525
526
527
528
529
530
531
532
533
534
535
536
537
538
539
540
541
542
543
544
545
546
547
548
549
550
551
552
553
554
555
556
557
558
559
560
561
562
563
564
565
566
567
568
569
570
571
572
573
574
576
577
578
579
580
581
582
583
584
585
586
587
588
589
590
591
592
593
594
595
596
597
598
599
600
601
602
603
604
605
606
607
608
609
610
611
612
613
614
615
616
617
618
619
620
621
622
623
624
625
626
627
628
629
630
631
632
633
634
635
636
637
638
639
640
641
642
643
644
645
646
647
648
649
650
651
652
653
654
655
656
657
658
659
660
662
663
664
665
666
667
668
670
671
672
673
674
675
676
677
678
679
680
681
682
683
684
685
686
687
688
689
690
691
692
693
694
695
696
697
698
699
700
701
702
703
704
705
706
707
708
709
710
711
712
713
714
715
716
717
718
719
720
721
722
723
724
725
726
728
729
730
731
732
733
734
735
736
737
738
739
740
741
742
744
745
746
747
748
749
751
752
753
754
755
756
757
758
759
760
761
762
763
764
765
766
768
769
770
771
772
773
774
775
776
777
778
779
780
781
782
783
784
785
786
787
788
789
790
791
792
793
794
795
796
798
800
801
802
803
804
805
806
807
808
809
810
811
812
813
814
816
817
818
819
820
821
822
823
824
825
826
827
828
829
830
832
833
834
835
836
837
838
839
840
841
842
843
844
845
846
847
848
849
850
851
854
855
856
857
858
859
861
862
863
864
865
866
867
868
869
870
871
872
873
874
875
876
877
878
879
880
881
882
883
884
885
886
887
888
889
890
891
892
893
894
895
896
897
898
899
901
902
903
904
905
906
907
908
909
910
911
912
913
914
915
916
917
918
919
920
921
922
923
924
926
927
928
929
930
931
932
933
935
936
937
938
939
940
941
942
943
944
945
946
947
948
950
951
952
953
954
956
957
958
959
960
961
962
963
966
968
969
970
971
972
973
974
975
976
977
978
979
980
981
982
983
984
985
986
987
988
990
991
992
993
994
995
996
997
1000
1001
1002
1003
1004
1005
1008
1009
1010
1011
1013
1015
1016
1017
1018
1019
1020
1021
1024
1025
1026
1027
1029
1030
1031
1032
1033
1034
1035
1036
1037
1038
1039
1040
1041
1042
1043
1046
1047
1048
1049
1050
1051
1064
1068
1069
1071
1072
1073
1074
1076
1078
1079
1080
1081
1082
1083
1084
1088
1089
1090
1091
1093
1094
1096
1097
1098
1099
1100
1101
1102
1103
1104
1105
1106
1107
1110
1112
1113
1114
1115
1116
1118
1120
1121
1122
1123
1124
1126
1127
1128
1129
1130
1131
1132
1133
1134
1135
1136
1137
1138
1139
1144
1145
1146
1147
1152
1153
1154
1155
1158
1160
1161
1162
1163
1164
1165
1166
1167
1168
1169
1170
1171
1174
1176
1177
1178
1179
1182
1187
1188
1193
1194
1195
1197
1198
1200
1201
1206
1211
1214
1216
1217
1218
1219
1220
1222
1223
1224
1225
1226
1227
1228
1229
1230
1231
1232
1233
1234
1235
1236
1237
1238
1240
1241
1242
1243
1244
1245
1246
1248
1249
1252
1254
1256
1257
1258
1259
1261
1264
1265
1267
1268
1270
1271
1273
1275
1278
1280
1281
1283
1284
1285
1286
1288
1289
1291
1292
1293
1294
1296
1300
1301
1302
1304
1305
1307
1308
1312
1313
1314
1315
1316
1317
1318
1319
1320
1321
1324
1325
1326
1328
1329
1330
1332
1333
1336
1337
1339
1340
1341
1342
1344
1345
1346
1347
1350
1352
1353
1355
1356
1360
1361
1362
1366
1367
1368
1369
1370
1371
1373
1374
1376
1377
1378
1379
1381
1382
1384
1385
1386
1387
1388
1389
1390
1391
1392
1393
1395
1396
1397
1398
1399
1400
1401
1402
1403
1404
1406
1408
1409
1410
1411
1412
1413
1414
1416
1417
1421
1422
1424
1425
1427
1430
1431
1432
1433
1434
1435
1438
1440
1441
1443
1444
1445
1446
1448
1449
1450
1451
1452
1453
1456
1457
1458
1459
1460
1461
1462
1463
1464
1465
1466
1467
1468
1470
1472
1473
1474
1475
1477
1478
1479
1480
1481
1482
1483
1484
1485
1488
1489
1490
1491
1494
1495
1496
1497
1498
1499
1500
1501
1502
1504
1505
1506
1510
1511
1513
1514
1516
1517
1518
1520
1521
1524
1526
1529
1532
1534
1536
1537
1538
1539
1540
1541
1542
1544
1545
1546
1547
1548
1549
1550
1551
1552
1553
1554
1555
1556
1557
1558
1559
1560
1561
1562
1563
1564
1566
1568
1569
1570
1571
1572
1573
1574
1576
1577
1578
1579
1580
1581
1582
1583
1584
1585
1587
1590
1592
1593
1595
1596
1598
1600
1601
1602
1603
1604
1605
1606
1608
1609
1610
1611
1612
1613
1614
1615
1616
1617
1618
1619
1620
1621
1622
1624
1625
1626
1627
1630
1632
1633
1634
1635
1637
1639
1640
1641
1642
1643
1644
1645
1646
1647
1648
1649
1650
1651
1652
1654
1656
1657
1658
1659
1662
1664
1665
1666
1667
1668
1669
1670
1672
1673
1674
1675
1676
1677
1678
1679
1680
1681
1682
1683
1685
1686
1688
1689
1690
1691
1693
1694
1700
1702
1703
1704
1705
1706
1707
1708
1710
1711
1712
1713
1715
1726
1728
1729
1730
1731
1732
1733
1734
1736
1737
1738
1739
1740
1741
1742
1743
1744
1745
1746
1747
1750
1752
1753
1754
1755
1756
1757
1758
1759
1760
1761
1763
1765
1766
1768
1769
1770
1771
1772
1773
1774
1775
1776
1777
1779
1780
1782
1784
1785
1786
1788
1790
1792
1793
1795
1796
1797
1798
1800
1803
1806
1808
1809
1810
1811
1813
1816
1817
1821
1824
1825
1826
1827
1828
1829
1830
1831
1832
1833
1834
1836
1840
1841
1843
1847
1848
1849
1851
1853
1855
1856
1857
1860
1861
1864
1867
1868
1869
1871
1872
1873
1874
1878
1880
1881
1882
1883
1884
1885
1886
1888
1889
1891
1893
1896
1899
1902
1903
1904
1905
1906
1907
1908
1910
1912
1913
1914
1915
1916
1917
1918
1920
1921
1922
1923
1924
1925
1926
1928
1929
1932
1934
1936
1937
1938
1939
1941
1942
1944
1945
1946
1947
1948
1950
1951
1952
1953
1958
1961
1962
1963
1964
1966
1968
1969
1970
1971
1972
1973
1974
1977
1978
1979
1981
1982
1984
1985
1987
1988
1991
1992
1993
1994
1995
1996
1998
2000
2001
2005
2018
2019
2022
2024
2025
2026
2027
2030
2032
2048
2049
2051
2052
2053
2054
2055
2056
2057
2059
2060
2061
2070
2072
2073
2074
2075
2077
2078
2079
2080
2081
2083
2084
2085
2086
2087
2088
2089
2091
2092
2093
2094
2095
2096
2097
2099
2100
2101
2102
2103
2104
2105
2106
2107
2108
2109
2110
2111
2112
2113
2114
2115
2116
2117
2118
2119
2120
2121
2124
2125
2129
2133
2134
2136
2137
2139
2140
2141
2142
2144
2145
2148
2149
2150
2151
2152
2153
2156
2157
2160
2161
2162
2163
2166
2168
2169
2170
2172
2173
2175
2176
2177
2184
2187
2189
2190
2191
2192
2193
2194
2196
2197
2198
2199
2200
2201
2202
2203
2205
2206
2207
2208
2209
2210
2211
2212
2213
2214
2216
2217
2218
2219
2220
2222
2223
2224
2225
2226
2227
2228
2229
2230
2232
2233
2234
2235
2236
2237
2238
2240
2241
2243
2244
2245
2246
2248
2249
2251
2252
2253
2254
2255
2256
2257
2258
2259
2260
2261
2262
2263
2264
2265
2266
2267
2268
2270
2271
2272
2273
2274
2276
2277
2280
2281
2283
2284
2286
2287
2288
2289
2290
2291
2292
2293
2294
2295
2296
2297
2298
2301
2304
2305
2307
2308
2309
2310
2311
2312
2313
2316
2317
2319
2320
2323
2324
2325
2326
2328
2329
2330
2331
2333
2334
2335
2336
2337
2338
2339
2340
2341
2342
2343
2344
2345
2346
2347
2348
2349
2350
2351
2352
2353
2354
2355
2356
2357
2358
2359
2360
2361
2362
2364
2365
2367
2368
2369
2370
2371
2372
2373
2374
2375
2376
2377
2378
2379
2380
2381
2382
2383
2384
2385
2386
2387
2388
2390
2391
2392
2393
2394
2395
2396
2398
2399
2400
2401
2403
2404
2405
2406
2407
2408
2409
2410
2411
2412
2413
2414
2415
2416
2417
2418
2419
2420
2422
2423
2424
2425
2426
2427
2428
2430
2431
2432
2433
2434
2435
2436
2437
2438
2439
2440
2441
2444
2445
2446
2448
2451
2452
2453
2454
2455
2456
2457
2458
2459
2460
2461
2462
2463
2464
2465
2466
2467
2468
2469
2470
2471
2472
2473
2474
2475
2476
2477
2478
2480
2481
2482
2484
2485
2486
2487
2488
2489
2490
2492
2493
2496
2497
2499
2500
2501
2502
2503
2504
2505
2506
2507
2508
2509
2510
2511
2512
2514
2516
2517
2518
2519
2522
2526
2527
2528
2529
2530
2531
2532
2533
2534
2535
2536
2537
2540
2541
2542
2543
2546
2550
2552
2553
2556
2557
2560
2561
2562
2563
2564
2565
2566
2567
2568
2569
2570
2571
2572
2573
2574
2575
2576
2581
2582
2584
2585
2586
2587
2588
2589
2590
2591
2592
2593
2595
2596
2597
2598
2599
2600
2601
2603
2604
2605
2606
2607
2608
2609
2610
2611
2612
2613
2614
2615
2616
2617
2618
2619
2620
2621
2622
2624
2625
2626
2627
2628
2629
2630
2631
2632
2633
2634
2635
2636
2637
2638
2639
2640
2641
2642
2643
2644
2645
2646
2647
2648
2650
2651
2653
2654
2655
2656
2657
2658
2659
2660
2661
2662
2663
2664
2665
2668
2669
2670
2671
2672
2674
2675
2676
2677
2679
2680
2681
2682
2684
2685
2687
2688
2689
2695
2696
2697
2698
2699
2700
2701
2702
2703
2704
2706
2707
2708
2710
2711
2712
2714
2715
2716
2717
2719
2720
2721
2722
2723
2731
2732
2734
2735
2736
2737
2738
2739
2740
2741
2742
2743
2744
2745
2746
2747
2748
2749
2751
2752
2753
2755
2756
2757
2758
2760
2761
2763
2764
2765
2766
2767
2768
2769
2770
2771
2772
2773
2774
2775
2776
2777
2778
2779
2780
2782
2783
2784
2785
2786
2787
2788
2789
2790
2791
2792
2793
2794
2795
2796
2798
2799
2800
2801
2802
2803
2804
2805
2806
2807
2808
2812
2813
2816
2817
2818
2820
2821
2822
2823
2824
2825
2826
2827
2828
2829
2831
2832
2833
2834
2835
2836
2837
2838
2839
2840
2842
2843
2844
2845
2846
2847
2848
2849
2850
2852
2853
2854
2855
2856
2857
2858
2859
2860
2861
2863
2864
2865
2866
2867
2868
2869
2870
2871
2872
2873
2876
2877
2880
2881
2882
2884
2885
2886
2887
2888
2889
2890
2891
2892
2893
2895
2896
2897
2898
2899
2900
2901
2902
2903
2904
2905
2906
2907
2910
2911
2912
2913
2916
2917
2918
2919
2920
2921
2922
2923
2924
2925
2926
2927
2928
2929
2930
2931
2932
2934
2935
2936
2937
2938
2939
2940
2941
2942
2944
2945
2946
2947
2948
2949
2950
2952
2953
2954
2955
2959
2960
2962
2963
2964
2965
2966
2967
2968
2969
2970
2971
2972
2974
2976
2977
2979
2980
2985
2986
2987
2988
2989
2990
2991
2992
2993
2994
2995
2996
2998
2999
3000
3001
3002
3004
3005
3007
3008
3009
3010
3011
3012
3013
3014
3016
3017
3019
3022
3023
3024
3025
3027
3030
3032
3033
3034
3035
3036
3038
3039
3040
3041
3042
3043
3044
3045
3046
3047
3048
3049
3050
3051
3053
3054
3055
3056
3057
3058
3059
3060
3061
3062
3063
3064
3067
3068
3069
3072
3073
3074
3075
3076
3077
3078
3079
3080
3081
3082
3083
3084
3085
3086
3087
3088
3089
3090
3091
3092
3094
3096
3097
3098
3099
3100
3102
3104
3105
3106
3107
3108
3109
3110
3111
3112
3113
3115
3116
3117
3118
3119
3120
3121
3122
3123
3124
3125
3126
3127
3128
3129
3131
3132
3133
3136
3137
3138
3139
3140
3141
3142
3143
3144
3145
3146
3148
3149
3151
3152
3153
3154
3156
3157
3158
3159
3160
3162
3164
3166
3167
3168
3169
3170
3172
3173
3174
3175
3176
3177
3180
3181
3191
3192
3196
3197
3199
3200
3201
3202
3205
3206
3207
3208
3209
3210
3211
3212
3215
3216
3217
3218
3219
3220
3221
3223
3224
3226
3227
3228
3231
3232
3233
3237
3238
3239
3240
3243
3244
3245
3246
3247
3248
3249
3250
3251
3252
3254
3255
3256
3260
3263
3264
3265
3267
3268
3269
3270
3271
3272
3273
3274
3275
3277
3278
3279
3280
3281
3282
3283
3284
3285
3286
3287
3288
3289
3290
3291
3292
3294
3296
3297
3298
3299
3300
3302
3306
3307
3308
3310
3311
3312
3313
3314
3315
3316
3317
3318
3319
3320
3324
3325
3328
3329
3330
3332
3333
3334
3335
3336
3337
3338
3339
3340
3341
3342
3343
3344
3345
3346
3348
3349
3352
3353
3355
3356
3358
3360
3361
3363
3364
3365
3366
3367
3368
3369
3370
3371
3372
3373
3374
3376
3377
3378
3380
3381
3382
3383
3384
3385
3386
3387
3388
3389
3390
3392
3393
3396
3397
3398
3399
3400
3401
3404
3405
3406
3408
3409
3410
3411
3414
3416
3417
3420
3422
3424
3425
3426
3427
3428
3429
3430
3431
3432
3433
3434
3435
3436
3437
3438
3440
3441
3444
3445
3446
3451
3452
3454
3456
3457
3458
3460
3461
3462
3463
3464
3465
3466
3467
3468
3469
3471
3472
3473
3474
3477
3478
3482
3484
3486
3488
3489
3490
3491
3492
3493
3494
3495
3496
3497
3498
3499
3500
3501
3502
3504
3505
3506
3508
3509
3510
3511
3512
3513
3514
3516
3517
3518
3519
3520
3521
3522
3524
3525
3526
3527
3528
3529
3530
3531
3532
3533
3535
3536
3537
3538
3539
3541
3542
3544
3545
3546
3547
3548
3550
3551
3552
3553
3554
3555
3556
3557
3558
3559
3560
3561
3562
3563
3564
3565
3567
3568
3569
3570
3571
3572
3580
3584
3585
3586
3588
3589
3590
3591
3592
3593
3594
3595
3596
3597
3598
3599
3600
3603
3608
3609
3612
3614
3616
3617
3618
3619
3620
3621
3622
3623
3624
3625
3626
3627
3628
3629
3632
3633
3634
3636
3637
3638
3639
3640
3641
3642
3643
3644
3645
3648
3649
3650
3651
3652
3653
3654
3655
3656
3657
3658
3660
3661
3664
3665
3678
3680
3681
3683
3684
3685
3686
3687
3688
3689
3690
3691
3692
3693
3694
3696
3697
3698
3699
3700
3701
3705
3706
3707
3708
3710
3712
3713
3714
3715
3720
3721
3722
3725
3726
3728
3729
3731
3734
3735
3736
3737
3738
3739
3740
3742
3744
3745
3748
3749
3752
3753
3755
3756
3757
3758
3760
3761
3762
3763
3764
3765
3766
3767
3768
3769
3770
3771
3772
3773
3774
3776
3777
3778
3779
3780
3781
3782
3783
3784
3785
3786
3787
3789
3790
3791
3792
3795
3796
3797
3798
3800
3801
3803
3804
3806
3808
3809
3810
3811
3812
3813
3814
3817
3818
3819
3820
3821
3824
3825
3826
3827
3828
3829
3830
3831
3832
3833
3834
3835
3836
3837
3840
3841
3842
3844
3845
3846
3847
3848
3849
3850
3851
3852
3853
3854
3856
3857
3858
3860
3861
3864
3865
3870
3872
3873
3875
3876
3877
3878
3879
3880
3881
3882
3883
3884
3885
3888
3889
3890
3892
3893
3894
3895
3896
3897
3899
3900
3901
3902
3904
3905
3908
3909
3910
3911
3912
3913
3916
3917
3936
3937
3940
3941
3942
3943
3944
3945
3946
3948
3949
3950
3952
3953
3956
3957
3963
3964
3968
3969
3970
3974
3976
3977
3979
3980
3981
3982
3984
3988
3989
3990
3995
3996
4000
4001
4002
4004
4005
4008
4009
4010
4013
4014
4044
4045
4046
4049
4050
4052
4053
4054
4056
4057
4059
4060
4064
4065
4096
4097
4098
4099
4100
4101
4102
4103
4104
4105
4106
4107
4108
4109
4110
4111
4112
4113
4114
4115
4116
4117
4118
4119
4120
4121
4122
4123
4126
4128
4129
4131
4132
4133
4134
4135
4136
4137
4139
4140
4141
4142
4143
4144
4145
4146
4147
4148
4149
4150
4151
4152
4153
4154
4155
4156
4157
4158
4160
4161
4162
4163
4164
4165
4166
4167
4168
4169
4170
4171
4172
4173
4174
4175
4176
4177
4178
4179
4180
4181
4182
4183
4184
4185
4186
4187
4188
4190
4192
4193
4194
4195
4196
4197
4198
4199
4200
4201
4202
4203
4204
4205
4206
4207
4208
4209
4210
4211
4212
4213
4214
4216
4217
4218
4219
4220
4222
4224
4225
4226
4227
4230
4232
4233
4234
4235
4236
4237
4238
4239
4240
4241
4242
4243
4246
4248
4249
4250
4251
4252
4254
4256
4257
4258
4260
4261
4264
4265
4266
4267
4268
4269
4270
4271
4272
4273
4274
4275
4278
4279
4280
4281
4282
4283
4288
4289
4290
4291
4292
4293
4294
4296
4297
4298
4299
4300
4301
4302
4303
4304
4305
4306
4307
4310
4312
4313
4314
4315
4318
4320
4321
4322
4325
4326
4331
4332
4334
4335
4336
4337
4338
4339
4345
4346
4347
4352
4353
4355
4356
4357
4358
4359
4360
4361
4364
4365
4368
4374
4376
4377
4378
4379
4380
4382
4384
4385
4386
4387
4388
4389
4390
4391
4392
4393
4394
4395
4396
4397
4398
4399
4400
4401
4402
4403
4404
4405
4406
4407
4408
4409
4410
4411
4412
4413
4414
4416
4417
4418
4419
4420
4421
4422
4423
4424
4425
4426
4428
4429
4432
4433
4434
4438
4439
4440
4441
4442
4443
4444
4446
4448
4449
4450
4451
4452
4453
4454
4455
4456
4457
4459
4460
4461
4462
4463
4464
4465
4467
4470
4472
4473
4474
4475
4476
4478
4480
4481
4482
4483
4484
4485
4486
4487
4488
4489
4490
4492
4493
4496
4497
4498
4502
4503
4504
4505
4506
4507
4508
4510
4512
4513
4514
4515
4516
4517
4518
4519
4520
4521
4522
4523
4524
4525
4526
4528
4529
4530
4532
4533
4534
4535
4536
4537
4539
4540
4541
4544
4545
4548
4549
4550
4551
4552
4553
4554
4556
4557
4558
4560
4561
4562
4563
4564
4565
4566
4567
4568
4569
4571
4572
4574
4576
4577
4578
4580
4581
4582
4583
4584
4585
4588
4589
4590
4592
4593
4596
4597
4603
4604
4608
4609
4610
4611
4612
4613
4614
4615
4616
4617
4618
4619
4620
4621
4622
4623
4624
4625
4626
4627
4628
4629
4630
4631
4632
4633
4634
4635
4638
4640
4641
4643
4644
4645
4646
4647
4648
4649
4650
4651
4652
4653
4654
4655
4656
4657
4658
4659
4660
4661
4662
4663
4664
4665
4666
4667
4668
4669
4670
4672
4673
4674
4675
4676
4677
4678
4679
4680
4681
4682
4683
4684
4685
4686
4687
4688
4689
4690
4691
4694
4696
4697
4698
4699
4700
4702
4704
4705
4706
4707
4708
4709
4710
4711
4712
4713
4714
4715
4716
4717
4718
4719
4720
4721
4722
4723
4728
4729
4730
4731
4734
4736
4737
4738
4739
4742
4744
4745
4746
4747
4748
4749
4750
4751
4752
4753
4754
4755
4758
4760
4761
4762
4763
4764
4780
4784
4785
4786
4788
4790
4796
4798
4800
4801
4802
4803
4806
4808
4809
4810
4811
4812
4813
4814
4815
4816
4817
4818
4819
4822
4824
4825
4826
4827
4828
4830
4832
4833
4834
4838
4844
4848
4849
4850
4852
4854
4860
4862
4864
4865
4866
4867
4868
4869
4870
4871
4872
4873
4874
4875
4876
4877
4878
4879
4880
4881
4882
4883
4888
4889
4890
4891
4896
4897
4900
4901
4902
4903
4904
4905
4906
4908
4909
4912
4913
4914
4916
4917
4918
4919
4920
4921
4923
4924
4925
4926
4928
4929
4930
4931
4932
4933
4934
4935
4936
4937
4938
4939
4940
4941
4942
4943
4944
4945
4946
4947
4952
4953
4954
4955
4960
4961
4962
4963
4964
4965
4966
4967
4968
4969
4970
4971
4972
4973
4974
4975
4976
4977
4978
4979
4980
4981
4984
4985
4986
4987
4988
4992
4993
4994
4995
5000
5001
5002
5003
5004
5005
5006
5007
5008
5009
5010
5011
5015
5016
5017
5018
5019
5022
5029
5056
5057
5058
5059
5064
5065
5066
5067
5068
5069
5070
5071
5072
5073
5074
5075
5079
5080
5081
5082
5083
5086
5093
5099
5100
5104
5105
5106
5107
5113
5114
5115
5120
5121
5122
5123
5126
5128
5129
5130
5131
5132
5133
5134
5135
5136
5137
5138
5139
5143
5144
5145
5146
5147
5164
5168
5169
5170
5172
5174
5177
5178
5179
5180
5182
5184
5185
5186
5187
5189
5190
5192
5193
5194
5195
5196
5197
5198
5199
5200
5201
5202
5203
5206
5208
5209
5210
5211
5212
5214
5216
5217
5218
5219
5222
5224
5225
5226
5227
5228
5229
5230
5231
5232
5233
5234
5235
5236
5238
5240
5241
5242
5243
5244
5248
5249
5250
5251
5254
5256
5257
5258
5259
5260
5261
5262
5263
5264
5265
5266
5267
5272
5273
5274
5275
5312
5313
5314
5315
5320
5321
5322
5323
5324
5325
5326
5327
5328
5329
5330
5331
5336
5337
5338
5339
5462
5463
5464
5468
5470
5472
5473
5474
5475
5477
5478
5483
5484
5504
5505
5506
5510
5512
5513
5514
5516
5520
5521
5522
5526
5527
5528
5529
5530
5531
5532
5534
5536
5537
5538
5541
5542
5547
5548
5552
5553
5554
5555
5556
5558
5564
5590
5596
5598
5600
5601
5602
5606
5632
5633
5634
5635
5640
5641
5642
5643
5644
5645
5646
5647
5648
5649
5650
5651
5656
5657
5658
5659
5696
5697
5698
5699
5704
5705
5706
5707
5708
5709
5710
5711
5712
5713
5714
5715
5720
5721
5722
5723
5728
5729
5730
5731
5736
5737
5738
5739
5740
5741
5742
5743
5744
5745
5746
5747
5752
5753
5754
5755
5760
5761
5762
5763
5768
5769
5770
5771
5772
5773
5774
5775
5776
5777
5778
5779
5784
5785
5786
5787
5804
5808
5809
5810
5812
5814
5820
5824
5825
5826
5827
5832
5833
5834
5835
5836
5837
5838
5839
5840
5841
5842
5843
5846
5848
5849
5850
5851
5852
5854
5856
5857
5858
5862
5868
5872
5873
5874
5876
5878
5884
5888
5889
5890
5894
5896
5897
5898
5900
5904
5905
5906
5932
5936
5937
5938
5940
5942
5948
5974
5980
5982
5984
5985
5986
5990
6016
6017
6018
6022
6024
6025
6026
6028
6032
6033
6034
6038
6044
6046
6048
6049
6050
6054
6060
6064
6065
6066
6068
6070
6076
6102
6108
6110
6112
6113
6114
6118
6144
6145
6146
6147
6148
6149
6150
6151
6152
6153
6154
6155
6156
6157
6158
6159
6160
6161
6162
6163
6168
6169
6170
6171
6176
6177
6180
6181
6182
6183
6184
6185
6188
6189
6192
6193
6194
6196
6197
6198
6199
6200
6201
6204
6205
6208
6209
6210
6211
6212
6213
6214
6215
6216
6217
6218
6219
6220
6221
6222
6223
6224
6225
6226
6227
6230
6232
6233
6234
6235
6236
6238
6240
6241
6242
6243
6244
6245
6246
6247
6248
6249
6250
6251
6252
6253
6254
6255
6256
6257
6258
6259
6264
6265
6266
6267
6272
6273
6274
6275
6278
6280
6281
6282
6283
6284
6285
6286
6287
6288
6289
6290
6291
6296
6297
6298
6299
6336
6337
6338
6339
6344
6345
6346
6347
6348
6349
6350
6351
6352
6353
6354
6355
6360
6361
6362
6363
6400
6401
6404
6405
6406
6407
6408
6409
6412
6413
6432
6433
6436
6437
6438
6439
6440
6441
6444
6445
6448
6449
6452
6453
6454
6455
6456
6457
6460
6461
6464
6465
6468
6469
6470
6471
6472
6473
6476
6477
6486
6492
6494
6496
6497
6498
6500
6501
6502
6503
6504
6505
6508
6509
6528
6529
6530
6532
6533
6534
6535
6536
6537
6538
6540
6541
6544
6545
6546
6550
6556
6558
6560
6561
6562
6564
6565
6566
6567
6568
6569
6572
6573
6576
6577
6578
6580
6581
6582
6583
6584
6585
6588
6589
6592
6593
6596
6597
6598
6599
6600
6601
6604
6605
6614
6620
6622
6624
6625
6626
6628
6629
6630
6631
6632
6633
6636
6637
6656
6657
6658
6659
6660
6661
6662
6663
6664
6665
6666
6667
6668
6669
6670
6671
6672
6673
6674
6675
6680
6681
6682
6683
6688
6689
6692
6693
6694
6695
6696
6697
6700
6701
6704
6705
6708
6709
6710
6711
6712
6713
6716
6717
6720
6721
6722
6723
6724
6725
6726
6727
6728
6729
6730
6731
6732
6733
6734
6735
6736
6737
6738
6739
6744
6745
6746
6747
6752
6753
6754
6755
6756
6757
6758
6759
6760
6761
6762
6763
6764
6765
6766
6767
6768
6769
6770
6771
6776
6777
6778
6779
6784
6785
6786
6787
6792
6793
6794
6795
6796
6797
6798
6799
6800
6801
6802
6803
6808
6809
6810
6811
6848
6849
6850
6851
6856
6857
6858
6859
6860
6861
6862
6863
6864
6865
6866
6867
6872
6873
6874
6875
6912
6913
6914
6915
6916
6917
6918
6919
6920
6921
6922
6923
6924
6925
6926
6927
6928
6929
6930
6931
6936
6937
6938
6939
6944
6945
6948
6949
6950
6951
6952
6953
6956
6957
6960
6961
6964
6965
6966
6967
6968
6969
6972
6973
6976
6977
6978
6979
6980
6981
6982
6983
6984
6985
6986
6987
6988
6989
6990
6991
6992
6993
6994
6995
7000
7001
7002
7003
7008
7009
7010
7011
7012
7013
7014
7015
7016
7017
7018
7019
7020
7021
7022
7023
7024
7025
7026
7027
7032
7033
7034
7035
7040
7041
7042
7043
7048
7049
7050
7051
7052
7053
7054
7055
7056
7057
7058
7059
7064
7065
7066
7067
7104
7105
7106
7107
7112
7113
7114
7115
7116
7117
7118
7119
7120
7121
7122
7123
7128
7129
7130
7131
7168
7169
7170
7171
7176
7177
7178
7179
7180
7181
7182
7183
7184
7185
7186
7187
7192
7193
7194
7195
7232
7233
7234
7235
7240
7241
7242
7243
7244
7245
7246
7247
7248
7249
7250
7251
7256
7257
7258
7259
7264
7265
7266
7267
7272
7273
7274
7275
7276
7277
7278
7279
7280
7281
7282
7283
7288
7289
7290
7291
7296
7297
7298
7299
7304
7305
7306
7307
7308
7309
7310
7311
7312
7313
7314
7315
7320
7321
7322
7323
7360
7361
7362
7363
7368
7369
7370
7371
7372
7373
7374
7375
7376
7377
7378
7379
7384
7385
7386
7387
7680
7681
7682
7683
7688
7689
7690
7691
7692
7693
7694
7695
7696
7697
7698
7699
7704
7705
7706
7707
7744
7745
7746
7747
7752
7753
7754
7755
7756
7757
7758
7759
7760
7761
7762
7763
7768
7769
7770
7771
7776
7777
7778
7779
7784
7785
7786
7787
7788
7789
7790
7791
7792
7793
7794
7795
7800
7801
7802
7803
7808
7809
7810
7811
7816
7817
7818
7819
7820
7821
7822
7823
7824
7825
7826
7827
7832
7833
7834
7835
7872
7873
7874
7875
7880
7881
7882
7883
7884
7885
7886
7887
7888
7889
7890
7891
7896
7897
7898
7899
8192
8193
8194
8195
8198
8200
8201
8202
8203
8204
8205
8206
8207
8208
8209
8210
8211
8216
8217
8218
8219
8236
8240
8241
8242
8244
8246
8252
8256
8257
8258
8259
8262
8264
8265
8266
8267
8268
8269
8270
8271
8272
8273
8274
8275
8278
8280
8281
8282
8283
8284
8286
8288
8289
8290
8291
8294
8296
8297
8298
8299
8300
8301
8302
8303
8304
8305
8306
8307
8312
8313
8314
8315
8320
8321
8322
8323
8326
8328
8329
8330
8331
8332
8333
8334
8335
8336
8337
8338
8339
8344
8345
8346
8347
8384
8385
8386
8387
8392
8393
8394
8395
8396
8397
8398
8399
8400
8401
8402
8403
8408
8409
8410
8411
8534
8540
8542
8544
8545
8546
8550
8576
8577
8578
8582
8584
8585
8586
8588
8592
8593
8594
8598
8604
8606
8608
8609
8610
8614
8620
8624
8625
8626
8628
8630
8636
8662
8668
8670
8672
8673
8674
8678
8704
8705
8706
8707
8710
8712
8713
8714
8715
8716
8717
8718
8719
8720
8721
8722
8723
8728
8729
8730
8731
8748
8752
8753
8754
8756
8758
8764
8768
8769
8770
8771
8774
8776
8777
8778
8779
8780
8781
8782
8783
8784
8785
8786
8787
8790
8792
8793
8794
8795
8796
8798
8800
8801
8802
8803
8806
8808
8809
8810
8811
8812
8813
8814
8815
8816
8817
8818
8819
8824
8825
8826
8827
8832
8833
8834
8835
8838
8840
8841
8842
8843
8844
8845
8846
8847
8848
8849
8850
8851
8856
8857
8858
8859
8876
8880
8881
8882
8884
8886
8892
8896
8897
8898
8899
8904
8905
8906
8907
8908
8909
8910
8911
8912
8913
8914
8915
8918
8920
8921
8922
8923
8924
8926
8928
8929
8930
8934
8940
8944
8945
8946
8948
8950
8956
8960
8961
8962
8963
8966
8968
8969
8970
8971
8972
8973
8974
8975
8976
8977
8978
8979
8984
8985
8986
8987
9004
9008
9009
9010
9012
9014
9020
9024
9025
9026
9027
9032
9033
9034
9035
9036
9037
9038
9039
9040
9041
9042
9043
9048
9049
9050
9051
9056
9057
9058
9059
9064
9065
9066
9067
9068
9069
9070
9071
9072
9073
9074
9075
9080
9081
9082
9083
9088
9089
9090
9091
9096
9097
9098
9099
9100
9101
9102
9103
9104
9105
9106
9107
9112
9113
9114
9115
9152
9153
9154
9155
9160
9161
9162
9163
9164
9165
9166
9167
9168
9169
9170
9171
9176
9177
9178
9179
9216
9217
9218
9219
9222
9224
9225
9226
9227
9228
9229
9230
9231
9232
9233
9234
9235
9240
9241
9242
9243
9260
9264
9265
9266
9268
9270
9276
9280
9281
9282
9283
9286
9288
9289
9290
9291
9292
9293
9294
9295
9296
9297
9298
9299
9302
9304
9305
9306
9307
9308
9310
9312
9313
9314
9315
9318
9320
9321
9322
9323
9324
9325
9326
9327
9328
9329
9330
9331
9336
9337
9338
9339
9344
9345
9346
9347
9350
9352
9353
9354
9355
9356
9357
9358
9359
9360
9361
9362
9363
9368
9369
9370
9371
9408
9409
9410
9411
9416
9417
9418
9419
9420
9421
9422
9423
9424
9425
9426
9427
9432
9433
9434
9435
9728
9729
9730
9731
9736
9737
9738
9739
9740
9741
9742
9743
9744
9745
9746
9747
9752
9753
9754
9755
9792
9793
9794
9795
9800
9801
9802
9803
9804
9805
9806
9807
9808
9809
9810
9811
9816
9817
9818
9819
9824
9825
9826
9827
9832
9833
9834
9835
9836
9837
9838
9839
9840
9841
9842
9843
9848
9849
9850
9851
9856
9857
9858
9859
9864
9865
9866
9867
9868
9869
9870
9871
9872
9873
9874
9875
9880
9881
9882
9883
9920
9921
9922
9923
9928
9929
9930
9931
9932
9933
9934
9935
9936
9937
9938
9939
9944
9945
9946
9947
10923
10926
10927
10928
10929
10931
10944
10945
10947
10948
10949
10950
10952
10953
10955
10958
10959
10960
10961
10963
10966
10968
10969
10970
10971
10974
10987
10990
10991
10992
10993
10995
11094
11096
11097
11098
11099
11102
11115
11118
11119
11120
11121
11123
11126
11128
11129
11130
11131
11134
11136
11137
11139
11140
11141
11142
11144
11145
11158
11160
11161
11162
11163
11166
11179
11182
11183
11184
11185
11187
11200
11201
11203
11204
11205
11206
11208
11209
11211
11214
11215
11216
11217
11219
11222
11224
11225
11226
11227
11230
11243
11246
11247
11248
11249
11251
11264
11265
11267
11268
11269
11270
11272
11273
11286
11288
11289
11290
11291
11294
11296
11297
11299
11300
11301
11302
11304
11305
11307
11310
11311
11312
11313
11315
11328
11329
11331
11332
11333
11334
11336
11337
11435
11438
11439
11440
11441
11443
11456
11457
11459
11460
11461
11462
11464
11465
11467
11470
11471
11472
11473
11475
11478
11480
11481
11482
11483
11486
11499
11502
11503
11504
11505
11507
12288
12289
12290
12291
12292
12293
12294
12296
12297
12298
12299
12300
12301
12302
12303
12304
12305
12306
12307
12310
12312
12313
12314
12315
12318
12320
12321
12323
12324
12325
12326
12328
12329
12331
12334
12335
12336
12337
12339
12352
12353
12354
12355
12356
12357
12358
12360
12361
12362
12363
12364
12365
12366
12367
12368
12369
12370
12371
12376
12377
12378
12379
12384
12385
12386
12387
12392
12393
12394
12395
12396
12397
12398
12399
12400
12401
12402
12403
12408
12409
12410
12411
12416
12417
12418
12419
12424
12425
12426
12427
12428
12429
12430
12431
12432
12433
12434
12435
12440
12441
12442
12443
12459
12462
12463
12464
12465
12467
12480
12481
12482
12483
12484
12485
12486
12488
12489
12490
12491
12492
12493
12494
12495
12496
12497
12498
12499
12502
12504
12505
12506
12507
12510
12523
12526
12527
12528
12529
12531
12544
12545
12547
12548
12549
12550
12552
12553
12566
12568
12569
12570
12571
12574
12576
12577
12579
12580
12581
12582
12584
12585
12587
12590
12591
12592
12593
12595
12608
12609
12611
12612
12613
12614
12616
12617
12630
12632
12633
12634
12635
12638
12651
12654
12655
12656
12657
12659
12662
12664
12665
12666
12667
12670
12672
12673
12675
12676
12677
12678
12680
12681
12694
12696
12697
12698
12699
12702
12800
12801
12802
12803
12804
12805
12806
12808
12809
12810
12811
12812
12813
12814
12815
12816
12817
12818
12819
12822
12824
12825
12826
12827
12830
12832
12833
12835
12836
12837
12838
12840
12841
12843
12846
12847
12848
12849
12851
12864
12865
12866
12867
12868
12869
12870
12872
12873
12874
12875
12876
12877
12878
12879
12880
12881
12882
12883
12888
12889
12890
12891
12896
12897
12898
12899
12904
12905
12906
12907
12908
12909
12910
12911
12912
12913
12914
12915
12920
12921
12922
12923
12928
12929
12930
12931
12936
12937
12938
12939
12940
12941
12942
12943
12944
12945
12946
12947
12952
12953
12954
12955
12971
12974
12975
12976
12977
12979
12992
12993
12994
12995
12996
12997
12998
13000
13001
13002
13003
13004
13005
13006
13007
13008
13009
13010
13011
13014
13016
13017
13018
13019
13022
13035
13038
13039
13040
13041
13043
13056
13057
13058
13059
13064
13065
13066
13067
13068
13069
13070
13071
13072
13073
13074
13075
13080
13081
13082
13083
13120
13121
13122
13123
13128
13129
13130
13131
13132
13133
13134
13135
13136
13137
13138
13139
13142
13144
13145
13146
13147
13150
13152
13153
13154
13155
13160
13161
13162
13163
13164
13165
13166
13167
13168
13169
13170
13171
13174
13176
13177
13178
13179
13182
13184
13185
13186
13187
13188
13189
13190
13192
13193
13194
13195
13196
13197
13198
13199
13200
13201
13202
13203
13206
13208
13209
13210
13211
13214
13227
13230
13231
13232
13233
13235
13248
13249
13250
13251
13252
13253
13254
13256
13257
13258
13259
13260
13261
13262
13263
13264
13265
13266
13267
13270
13272
13273
13274
13275
13278
13291
13294
13295
13296
13297
13299
13312
13313
13314
13315
13316
13317
13318
13320
13321
13322
13323
13324
13325
13326
13327
13328
13329
13330
13331
13334
13336
13337
13338
13339
13342
13344
13345
13347
13348
13349
13350
13352
13353
13355
13358
13359
13360
13361
13363
13376
13377
13378
13379
13380
13381
13382
13384
13385
13386
13387
13388
13389
13390
13391
13392
13393
13394
13395
13400
13401
13402
13403
13408
13409
13410
13411
13416
13417
13418
13419
13420
13421
13422
13423
13424
13425
13426
13427
13432
13433
13434
13435
13440
13441
13442
13443
13448
13449
13450
13451
13452
13453
13454
13455
13456
13457
13458
13459
13464
13465
13466
13467
13483
13486
13487
13488
13489
13491
13504
13505
13506
13507
13508
13509
13510
13512
13513
13514
13515
13516
13517
13518
13519
13520
13521
13522
13523
13526
13528
13529
13530
13531
13534
13547
13550
13551
13552
13553
13555
13654
13656
13657
13658
13659
13662
13675
13678
13679
13680
13681
13683
13686
13688
13689
13690
13691
13694
13696
13697
13699
13700
13701
13702
13704
13705
13718
13720
13721
13722
13723
13726
13824
13825
13826
13827
13828
13829
13830
13832
13833
13834
13835
13836
13837
13838
13839
13840
13841
13842
13843
13846
13848
13849
13850
13851
13854
13856
13857
13859
13860
13861
13862
13864
13865
13867
13870
13871
13872
13873
13875
13888
13889
13890
13891
13892
13893
13894
13896
13897
13898
13899
13900
13901
13902
13903
13904
13905
13906
13907
13910
13912
13913
13914
13915
13918
13920
13921
13922
13923
13928
13929
13930
13931
13932
13933
13934
13935
13936
13937
13938
13939
13942
13944
13945
13946
13947
13950
13952
13953
13954
13955
13956
13957
13958
13960
13961
13962
13963
13964
13965
13966
13967
13968
13969
13970
13971
13974
13976
13977
13978
13979
13982
13995
13998
13999
14000
14001
14003
14016
14017
14018
14019
14020
14021
14022
14024
14025
14026
14027
14028
14029
14030
14031
14032
14033
14034
14035
14038
14040
14041
14042
14043
14046
14059
14062
14063
14064
14065
14067
14166
14168
14169
14170
14171
14174
14187
14190
14191
14192
14193
14195
14198
14200
14201
14202
14203
14206
14208
14209
14211
14212
14213
14214
14216
14217
14230
14232
14233
14234
14235
14238
15019
15022
15023
15024
15025
15027
15040
15041
15043
15044
15045
15046
15048
15049
15051
15054
15055
15056
15057
15059
15062
15064
15065
15066
15067
15070
15083
15086
15087
15088
15089
15091
15190
15192
15193
15194
15195
15198
15211
15214
15215
15216
15217
15219
15222
15224
15225
15226
15227
15230
15232
15233
15235
15236
15237
15238
15240
15241
15254
15256
15257
15258
15259
15262
15275
15278
15279
15280
15281
15283
15296
15297
15299
15300
15301
15302
15304
15305
15307
15310
15311
15312
15313
15315
15318
15320
15321
15322
15323
15326
15339
15342
15343
15344
15345
15347
15360
15361
15363
15364
15365
15366
15368
15369
15382
15384
15385
15386
15387
15390
15392
15393
15395
15396
15397
15398
15400
15401
15403
15406
15407
15408
15409
15411
15424
15425
15427
15428
15429
15430
15432
15433
15531
15534
15535
15536
15537
15539
15552
15553
15555
15556
15557
15558
15560
15561
15563
15566
15567
15568
15569
15571
15574
15576
15577
15578
15579
15582
15595
15598
15599
15600
15601
15603
16384
16385
16387
16388
16389
16390
16391
16392
16393
16396
16397
16406
16408
16409
16410
16411
16414
16416
16417
16419
16420
16421
16422
16423
16424
16425
16427
16428
16429
16430
16431
16432
16433
16435
16436
16437
16438
16439
16440
16441
16444
16445
16448
16449
16451
16452
16453
16454
16455
16456
16457
16460
16461
16480
16481
16484
16485
16486
16487
16488
16489
16492
16493
16555
16558
16559
16560
16561
16563
16576
16577
16579
16580
16581
16582
16584
16585
16587
16590
16591
16592
16593
16595
16598
16600
16601
16602
16603
16606
16619
16622
16623
16624
16625
16627
16640
16641
16643
16644
16645
16646
16647
16648
16649
16652
16653
16662
16664
16665
16666
16672
16673
16676
16677
16678
16679
16680
16681
16684
16685
16688
16689
16692
16693
16694
16695
16696
16697
16700
16701
16704
16705
16708
16709
16710
16711
16712
16713
16716
16717
16736
16737
16740
16741
16742
16743
16744
16745
16748
16749
16768
16769
16772
16773
16774
16775
16776
16777
16780
16781
16800
16801
16804
16805
16806
16807
16808
16809
16812
16813
16816
16817
16820
16821
16822
16823
16824
16825
16828
16829
16832
16833
16836
16837
16838
16839
16840
16841
16844
16845
16864
16865
16868
16869
16870
16871
16872
16873
16876
16877
16896
16897
16900
16901
16902
16903
16904
16905
16908
16909
16928
16929
16932
16933
16934
16935
16936
16937
16940
16941
16944
16945
16948
16949
16950
16951
16952
16953
16956
16957
16960
16961
16964
16965
16966
16967
16968
16969
16972
16973
16992
16993
16996
16997
16998
16999
17000
17001
17004
17005
17152
17153
17156
17157
17158
17159
17160
17161
17164
17165
17184
17185
17188
17189
17190
17191
17192
17193
17196
17197
17200
17201
17204
17205
17206
17207
17208
17209
17212
17213
17216
17217
17220
17221
17222
17223
17224
17225
17228
17229
17248
17249
17252
17253
17254
17255
17256
17257
17260
17261
18432
18433
18436
18437
18438
18439
18440
18441
18444
18445
18464
18465
18468
18469
18470
18471
18472
18473
18476
18477
18480
18481
18484
18485
18486
18487
18488
18489
18492
18493
18496
18497
18500
18501
18502
18503
18504
18505
18508
18509
18528
18529
18532
18533
18534
18535
18536
18537
18540
18541
18688
18689
18692
18693
18694
18695
18696
18697
18700
18701
18720
18721
18724
18725
18726
18727
18728
18729
18732
18733
18736
18737
18740
18741
18742
18743
18744
18745
18748
18749
18752
18753
18756
18757
18758
18759
18760
18761
18764
18765
18784
18785
18788
18789
18790
18791
18792
18793
18796
18797
18816
18817
18820
18821
18822
18823
18824
18825
18828
18829
18848
18849
18852
18853
18854
18855
18856
18857
18860
18861
18864
18865
18868
18869
18870
18871
18872
18873
18876
18877
18880
18881
18884
18885
18886
18887
18888
18889
18892
18893
18912
18913
18916
18917
18918
18919
18920
18921
18924
18925
18944
18945
18948
18949
18950
18951
18952
18953
18956
18957
18976
18977
18980
18981
18982
18983
18984
18985
18988
18989
18992
18993
18996
18997
18998
18999
19000
19001
19004
19005
19008
19009
19012
19013
19014
19015
19016
19017
19020
19021
19040
19041
19044
19045
19046
19047
19048
19049
19052
19053
19200
19201
19204
19205
19206
19207
19208
19209
19212
19213
19232
19233
19236
19237
19238
19239
19240
19241
19244
19245
19248
19249
19252
19253
19254
19255
19256
19257
19260
19261
19264
19265
19268
19269
19270
19271
19272
19273
19276
19277
19296
19297
19300
19301
19302
19303
19304
19305
19308
19309
19456
19457
19460
19461
19462
19463
19464
19465
19468
19469
19488
19489
19492
19493
19494
19495
19496
19497
19500
19501
19504
19505
19508
19509
19510
19511
19512
19513
19516
19517
19520
19521
19524
19525
19526
19527
19528
19529
19532
19533
19552
19553
19556
19557
19558
19559
19560
19561
19564
19565
19712
19713
19716
19717
19718
19719
19720
19721
19724
19725
19744
19745
19748
19749
19750
19751
19752
19753
19756
19757
19760
19761
19764
19765
19766
19767
19768
19769
19772
19773
19776
19777
19780
19781
19782
19783
19784
19785
19788
19789
19808
19809
19812
19813
19814
19815
19816
19817
19820
19821
19840
19841
19844
19845
19846
19847
19848
19849
19852
19853
19872
19873
19876
19877
19878
19879
19880
19881
19884
19885
19888
19889
19892
19893
19894
19895
19896
19897
19900
19901
19904
19905
19908
19909
19910
19911
19912
19913
19916
19917
19936
19937
19940
19941
19942
19943
19944
19945
19948
19949
19968
19969
19972
19973
19974
19975
19976
19977
19980
19981
20000
20001
20004
20005
20006
20007
20008
20009
20012
20013
20016
20017
20020
20021
20022
20023
20024
20025
20028
20029
20032
20033
20036
20037
20038
20039
20040
20041
20044
20045
20064
20065
20068
20069
20070
20071
20072
20073
20076
20077
20224
20225
20228
20229
20230
20231
20232
20233
20236
20237
20256
20257
20260
20261
20262
20263
20264
20265
20268
20269
20272
20273
20276
20277
20278
20279
20280
20281
20284
20285
20288
20289
20292
20293
20294
20295
20296
20297
20300
20301
20320
20321
20324
20325
20326
20327
20328
20329
20332
20333
20480
20481
20484
20485
20486
20487
20488
20489
20492
20493
20512
20513
20516
20517
20518
20519
20520
20521
20524
20525
20528
20529
20532
20533
20534
20535
20536
20537
20540
20541
20544
20545
20548
20549
20550
20551
20552
20553
20556
20557
20576
20577
20580
20581
20582
20583
20584
20585
20588
20589
20736
20737
20740
20741
20742
20743
20744
20745
20748
20749
20768
20769
20772
20773
20774
20775
20776
20777
20780
20781
20784
20785
20788
20789
20790
20791
20792
20793
20796
20797
20800
20801
20804
20805
20806
20807
20808
20809
20812
20813
20832
20833
20836
20837
20838
20839
20840
20841
20844
20845
20864
20865
20868
20869
20870
20871
20872
20873
20876
20877
20896
20897
20900
20901
20902
20903
20904
20905
20908
20909
20912
20913
20916
20917
20918
20919
20920
20921
20924
20925
20928
20929
20932
20933
20934
20935
20936
20937
20940
20941
20960
20961
20964
20965
20966
20967
20968
20969
20972
20973
20992
20993
20996
20997
20998
20999
21000
21001
21004
21005
21024
21025
21028
21029
21030
21031
21032
21033
21036
21037
21040
21041
21044
21045
21046
21047
21048
21049
21052
21053
21056
21057
21060
21061
21062
21063
21064
21065
21068
21069
21088
21089
21092
21093
21094
21095
21096
21097
21100
21101
21248
21249
21252
21253
21254
21255
21256
21257
21260
21261
21280
21281
21284
21285
21286
21287
21288
21289
21292
21293
21296
21297
21300
21301
21302
21303
21304
21305
21308
21309
21312
21313
21316
21317
21318
21319
21320
21321
21324
21325
21344
21345
21348
21349
21350
21351
21352
21353
21356
21357
21846
21852
21854
21856
21857
21858
21862
21888
21889
21890
21894
21896
21897
21898
21900
21904
21905
21906
21910
21916
21918
21920
21921
21922
21926
21932
21936
21937
21938
21940
21942
21948
21974
21980
21982
21984
21985
21986
21990
22188
22192
22193
22194
22196
22198
22204
22230
22236
22238
22240
22241
22242
22246
22252
22256
22257
22258
22260
22262
22268
22272
22273
22274
22278
22280
22281
22282
22284
22288
22289
22290
22316
22320
22321
22322
22324
22326
22332
22358
22364
22366
22368
22369
22370
22374
22400
22401
22402
22406
22408
22409
22410
22412
22416
22417
22418
22422
22428
22430
22432
22433
22434
22438
22444
22448
22449
22450
22452
22454
22460
22486
22492
22494
22496
22497
22498
22502
22528
22529
22530
22532
22533
22534
22535
22536
22537
22538
22540
22541
22544
22545
22546
22560
22561
22564
22565
22566
22567
22568
22569
22572
22573
22576
22577
22578
22580
22581
22582
22583
22584
22585
22588
22589
22592
22593
22594
22596
22597
22598
22599
22600
22601
22602
22604
22605
22608
22609
22610
22614
22620
22622
22624
22625
22626
22628
22629
22630
22631
22632
22633
22636
22637
22656
22657
22658
22662
22664
22665
22666
22668
22672
22673
22674
22784
22785
22788
22789
22790
22791
22792
22793
22796
22797
22816
22817
22820
22821
22822
22823
22824
22825
22828
22829
22832
22833
22836
22837
22838
22839
22840
22841
22844
22845
22848
22849
22852
22853
22854
22855
22856
22857
22860
22861
22870
22876
22878
22880
22881
22882
22884
22885
22886
22887
22888
22889
22892
22893
22912
22913
22914
22916
22917
22918
22919
22920
22921
22922
22924
22925
22928
22929
22930
22934
22940
22942
22944
22945
22946
22948
22949
22950
22951
22952
22953
22956
22957
22960
22961
22962
22964
22965
22966
22967
22968
22969
22972
22973
22976
22977
22980
22981
22982
22983
22984
22985
22988
22989
22998
23004
23006
23008
23009
23010
23012
23013
23014
23015
23016
23017
23020
23021
23040
23041
23044
23045
23046
23047
23048
23049
23052
23053
23072
23073
23076
23077
23078
23079
23080
23081
23084
23085
23088
23089
23092
23093
23094
23095
23096
23097
23100
23101
23104
23105
23108
23109
23110
23111
23112
23113
23116
23117
23136
23137
23140
23141
23142
23143
23144
23145
23148
23149
23296
23297
23300
23301
23302
23303
23304
23305
23308
23309
23328
23329
23332
23333
23334
23335
23336
23337
23340
23341
23344
23345
23348
23349
23350
23351
23352
23353
23356
23357
23360
23361
23364
23365
23366
23367
23368
23369
23372
23373
23392
23393
23396
23397
23398
23399
23400
23401
23404
23405
24576
24577
24578
24580
24581
24582
24583
24584
24585
24586
24588
24589
24592
24593
24594
24608
24609
24612
24613
24614
24615
24616
24617
24620
24621
24624
24625
24626
24628
24629
24630
24631
24632
24633
24636
24637
24640
24641
24642
24644
24645
24646
24647
24648
24649
24650
24652
24653
24656
24657
24658
24662
24668
24670
24672
24673
24674
24676
24677
24678
24679
24680
24681
24684
24685
24704
24705
24706
24710
24712
24713
24714
24716
24720
24721
24722
24832
24833
24836
24837
24838
24839
24840
24841
24844
24845
24864
24865
24868
24869
24870
24871
24872
24873
24876
24877
24880
24881
24884
24885
24886
24887
24888
24889
24892
24893
24896
24897
24900
24901
24902
24903
24904
24905
24908
24909
24918
24924
24926
24928
24929
24930
24932
24933
24934
24935
24936
24937
24940
24941
24960
24961
24962
24964
24965
24966
24967
24968
24969
24970
24972
24973
24976
24977
24978
24982
24988
24990
24992
24993
24994
24996
24997
24998
24999
25000
25004
25008
25009
25010
25012
25014
25020
25046
25052
25054
25056
25057
25058
25062
25088
25089
25090
25094
25096
25097
25098
25100
25104
25105
25106
25132
25136
25137
25138
25140
25142
25148
25152
25153
25154
25158
25160
25161
25162
25164
25168
25169
25170
25174
25180
25182
25184
25185
25186
25190
25216
25217
25218
25222
25224
25225
25226
25228
25232
25233
25234
25260
25264
25265
25266
25268
25270
25276
25302
25308
25310
25312
25313
25314
25318
25324
25328
25329
25330
25332
25334
25340
25344
25345
25346
25350
25352
25353
25354
25356
25360
25361
25362
25388
25392
25393
25394
25396
25398
25404
25600
25601
25602
25606
25608
25609
25610
25612
25616
25617
25618
25644
25648
25649
25650
25652
25654
25660
25664
25665
25666
25670
25672
25673
25674
25676
25680
25681
25682
25686
25692
25694
25696
25697
25698
25702
25728
25729
25730
25734
25736
25737
25738
25740
25744
25745
25746
25942
25948
25950
25952
25953
25954
25958
25984
25985
25986
25990
25992
25993
25994
25996
26000
26001
26002
26006
26012
26014
26016
26017
26018
26022
26028
26032
26033
26034
26036
26038
26044
26070
26076
26078
26080
26081
26082
26086
26284
26288
26289
26290
26292
26294
26300
26326
26332
26334
26336
26337
26338
26342
26348
26352
26353
26354
26356
26358
26364
26368
26369
26370
26374
26376
26377
26378
26380
26384
26385
26386
26412
26416
26417
26418
26420
26422
26428
26454
26460
26462
26464
26465
26466
26470
26496
26497
26498
26502
26504
26505
26506
26508
26512
26513
26514
26518
26524
26526
26528
26529
26530
26534
26540
26544
26545
26546
26548
26550
26556
26582
26588
26590
26592
26593
26594
26598
26624
26625
26626
26630
26632
26633
26634
26636
26640
26641
26642
26668
26672
26673
26674
26676
26678
26684
26688
26689
26690
26694
26696
26697
26698
26700
26704
26705
26706
26710
26716
26718
26720
26721
26722
26726
26752
26753
26754
26758
26760
26761
26762
26764
26768
26769
26770
26966
26972
26974
26976
26977
26978
26982
27008
27009
27010
27014
27016
27017
27018
27020
27024
27025
27026
27030
27036
27038
27040
27041
27042
27046
27052
27056
27057
27058
27060
27062
27068
27094
27100
27102
27104
27105
27106
27110
27308
27312
27313
27314
27316
27318
27324
27350
27356
27358
27360
27361
27362
27366
27372
27376
27377
27378
27380
27382
27388
27392
27393
27394
27398
27400
27401
27402
27404
27408
27409
27410
27436
27440
27441
27442
27444
27446
27452
27648
27649
27650
27654
27656
27657
27658
27660
27664
27665
27666
27692
27696
27697
27698
27700
27702
27708
27712
27713
27714
27718
27720
27721
27722
27724
27728
27729
27730
27734
27740
27742
27744
27745
27746
27750
27776
27777
27778
27782
27784
27785
27786
27788
27792
27793
27794
27820
27824
27825
27826
27828
27830
27836
27862
27868
27870
27872
27873
27874
27878
27884
27888
27889
27890
27892
27894
27900
27904
27905
27906
27910
27912
27913
27914
27916
27920
27921
27922
27948
27952
27953
27954
27956
27958
27964
27990
27996
27998
28000
28001
28002
28006
28032
28033
28034
28038
28040
28041
28042
28044
28048
28049
28050
28054
28060
28062
28064
28065
28066
28070
28076
28080
28081
28082
28084
28086
28092
28118
28124
28126
28128
28129
28130
28134
28332
28336
28337
28338
28340
28342
28348
28374
28380
28382
28384
28385
28386
28390
28396
28400
28401
28402
28404
28406
28412
28416
28417
28418
28422
28424
28425
28426
28428
28432
28433
28434
28460
28464
28465
28466
28468
28470
28476
30038
30044
30046
30048
30049
30050
30054
30080
30081
30082
30086
30088
30089
30090
30092
30096
30097
30098
30102
30108
30110
30112
30113
30114
30118
30124
30128
30129
30130
30132
30134
30140
30166
30172
30174
30176
30177
30178
30182
30380
30384
30385
30386
30388
30390
30396
30422
30428
30430
30432
30433
30434
30438
30444
30448
30449
30450
30452
30454
30460
30464
30465
30466
30470
30472
30473
30474
30476
30480
30481
30482
30508
30512
30513
30514
30516
30518
30524
30550
30556
30558
30560
30561
30562
30566
30592
30593
30594
30598
30600
30601
30602
30604
30608
30609
30610
30614
30620
30622
30624
30625
30626
30630
30636
30640
30641
30642
30644
30646
30652
30678
30684
30686
30688
30689
30690
30694
30720
30721
30722
30726
30728
30729
30730
30732
30736
30737
30738
30764
30768
30769
30770
30772
30774
30780
30784
30785
30786
30790
30792
30793
30794
30796
30800
30801
30802
30806
30812
30814
30816
30817
30818
30822
30848
30849
30850
30854
30856
30857
30858
30860
30864
30865
30866
31062
31068
31070
31072
31073
31074
31078
31104
31105
31106
31110
31112
31113
31114
31116
31120
31121
31122
31126
31132
31134
31136
31137
31138
31142
31148
31152
31153
31154
31156
31158
31164
31190
31196
31198
31200
31201
31202
31206
32768
32769
32770
32771
32774
32776
32777
32778
32779
32780
32781
32782
32783
32784
32785
32786
32787
32792
32793
32794
32795
32812
32816
32817
32818
32820
32822
32828
32832
32833
32834
32835
32838
32840
32841
32842
32843
32844
32845
32846
32847
32848
32849
32850
32851
32854
32856
32857
32858
32859
32860
32862
32864
32865
32866
32867
32870
32872
32873
32874
32875
32876
32877
32878
32879
32880
32881
32882
32883
32888
32889
32890
32891
32896
32897
32898
32899
32902
32904
32905
32906
32907
32908
32909
32910
32911
32912
32913
32914
32915
32920
32921
32922
32923
32960
32961
32962
32963
32968
32969
32970
32971
32972
32973
32974
32975
32976
32977
32978
32979
32984
32985
32986
32987
33110
33116
33118
33120
33121
33122
33126
33152
33153
33154
33158
33160
33161
33162
33164
33168
33169
33170
33174
33180
33182
33184
33185
33186
33190
33196
33200
33201
33202
33204
33206
33212
33238
33244
33246
33248
33249
33250
33254
33280
33281
33282
33283
33286
33288
33289
33290
33291
33292
33293
33294
33295
33296
33297
33298
33299
33304
33305
33306
33307
33324
33328
33329
33330
33332
33344
33345
33346
33347
33352
33353
33354
33355
33356
33357
33358
33359
33360
33361
33362
33363
33368
33369
33370
33371
33376
33377
33378
33379
33384
33385
33386
33387
33388
33389
33390
33391
33392
33393
33394
33395
33400
33401
33402
33403
33408
33409
33410
33411
33416
33417
33418
33419
33420
33421
33422
33423
33424
33425
33426
33427
33432
33433
33434
33435
33472
33473
33474
33475
33480
33481
33482
33483
33484
33485
33486
33487
33488
33489
33490
33491
33496
33497
33498
33499
33536
33537
33538
33539
33544
33545
33546
33547
33548
33549
33550
33551
33552
33553
33554
33555
33560
33561
33562
33563
33600
33601
33602
33603
33608
33609
33610
33611
33612
33613
33614
33615
33616
33617
33618
33619
33624
33625
33626
33627
33632
33633
33634
33635
33640
33641
33642
33643
33644
33645
33646
33647
33648
33649
33650
33651
33656
33657
33658
33659
33664
33665
33666
33667
33672
33673
33674
33675
33676
33677
33678
33679
33680
33681
33682
33683
33688
33689
33690
33691
33728
33729
33730
33731
33736
33737
33738
33739
33740
33741
33742
33743
33744
33745
33746
33747
33752
33753
33754
33755
33792
33793
33794
33795
33800
33801
33802
33803
33804
33805
33806
33807
33808
33809
33810
33811
33816
33817
33818
33819
33856
33857
33858
33859
33864
33865
33866
33867
33868
33869
33870
33871
33872
33873
33874
33875
33880
33881
33882
33883
33888
33889
33890
33891
33896
33897
33898
33899
33900
33901
33902
33903
33904
33905
33906
33907
33912
33913
33914
33915
33920
33921
33922
33923
33928
33929
33930
33931
33932
33933
33934
33935
33936
33937
33938
33939
33944
33945
33946
33947
33984
33985
33986
33987
33992
33993
33994
33995
33996
33997
33998
33999
34000
34001
34002
34003
34008
34009
34010
34011
34304
34305
34306
34307
34312
34313
34314
34315
34316
34317
34318
34319
34320
34321
34322
34323
34328
34329
34330
34331
34368
34369
34370
34371
34376
34377
34378
34379
34380
34381
34382
34383
34384
34385
34386
34387
34392
34393
34394
34395
34400
34401
34402
34403
34408
34409
34410
34411
34412
34413
34414
34415
34416
34417
34418
34419
34424
34425
34426
34427
34432
34433
34434
34435
34440
34441
34442
34443
34444
34445
34446
34447
34448
34449
34450
34451
34456
34457
34458
34459
34496
34497
34498
34499
34504
34505
34506
34507
34508
34509
34510
34511
34512
34513
34514
34515
34520
34521
34522
34523
36864
36865
36866
36867
36872
36873
36874
36875
36876
36877
36878
36879
36880
36881
36882
36883
36888
36889
36890
36891
36928
36929
36930
36931
36936
36937
36938
36939
36940
36941
36942
36943
36944
36945
36946
36947
36952
36953
36954
36955
36960
36961
36962
36963
36968
36969
36970
36971
36972
36973
36974
36975
36976
36977
36978
36979
36984
36985
36986
36987
36992
36993
36994
36995
37000
37001
37002
37003
37004
37005
37006
37007
37008
37009
37010
37011
37016
37017
37018
37019
37056
37057
37058
37059
37064
37065
37066
37067
37068
37069
37070
37071
37072
37073
37074
37075
37080
37081
37082
37083
37376
37377
37378
37379
37384
37385
37386
37387
37388
37389
37390
37391
37392
37393
37394
37395
37400
37401
37402
37403
37440
37441
37442
37443
37448
37449
37450
37451
37452
37453
37454
37455
37456
37457
37458
37459
37464
37465
37466
37467
37472
37473
37474
37475
37480
37481
37482
37483
37484
37485
37486
37487
37488
37489
37490
37491
37496
37497
37498
37499
37504
37505
37506
37507
37512
37513
37514
37515
37516
37517
37518
37519
37520
37521
37522
37523
37528
37529
37530
37531
37568
37569
37570
37571
37576
37577
37578
37579
37580
37581
37582
37583
37584
37585
37586
37587
37592
37593
37594
37595
37632
37633
37634
37635
37640
37641
37642
37643
37644
37645
37646
37647
37648
37649
37650
37651
37656
37657
37658
37659
37696
37697
37698
37699
37704
37705
37706
37707
37708
37709
37710
37711
37712
37713
37714
37715
37720
37721
37722
37723
37728
37729
37730
37731
37736
37737
37738
37739
37740
37741
37742
37743
37744
37745
37746
37747
37752
37753
37754
37755
37760
37761
37762
37763
37768
37769
37770
37771
37772
37773
37774
37775
37776
37777
37778
37779
37784
37785
37786
37787
37824
37825
37826
37827
37832
37833
37834
37835
37836
37837
37838
37839
37840
37841
37842
37843
37848
37849
37850
37851
37888
37889
37890
37891
37896
37897
37898
37899
37900
37901
37902
37903
37904
37905
37906
37907
37912
37913
37914
37915
37952
37953
37954
37955
37960
37961
37962
37963
37964
37965
37966
37967
37968
37969
37970
37971
37976
37977
37978
37979
37984
37985
37986
37987
37992
37993
37994
37995
37996
37997
37998
37999
38000
38001
38002
38003
38008
38009
38010
38011
38016
38017
38018
38019
38024
38025
38026
38027
38028
38029
38030
38031
38032
38033
38034
38035
38040
38041
38042
38043
38080
38081
38082
38083
38088
38089
38090
38091
38092
38093
38094
38095
38096
38097
38098
38099
38104
38105
38106
38107
38400
38401
38402
38403
38408
38409
38410
38411
38412
38413
38414
38415
38416
38417
38418
38419
38424
38425
38426
38427
38464
38465
38466
38467
38472
38473
38474
38475
38476
38477
38478
38479
38480
38481
38482
38483
38488
38489
38490
38491
38496
38497
38498
38499
38504
38505
38506
38507
38508
38509
38510
38511
38512
38513
38514
38515
38520
38521
38522
38523
38528
38529
38530
38531
38536
38537
38538
38539
38540
38541
38542
38543
38544
38545
38546
38547
38552
38553
38554
38555
38592
38593
38594
38595
38600
38601
38602
38603
38604
38605
38606
38607
38608
38609
38610
38611
38616
38617
38618
38619
38912
38913
38914
38915
38920
38921
38922
38923
38924
38925
38926
38927
38928
38929
38930
38931
38936
38937
38938
38939
38976
38977
38978
38979
38984
38985
38986
38987
38988
38989
38990
38991
38992
38993
38994
38995
39000
39001
39002
39003
39008
39009
39010
39011
39016
39017
39018
39019
39020
39021
39022
39023
39024
39025
39026
39027
39032
39033
39034
39035
39040
39041
39042
39043
39048
39049
39050
39051
39052
39053
39054
39055
39056
39057
39058
39059
39064
39065
39066
39067
39104
39105
39106
39107
39112
39113
39114
39115
39116
39117
39118
39119
39120
39121
39122
39123
39128
39129
39130
39131
39424
39425
39426
39427
39432
39433
39434
39435
39436
39437
39438
39439
39440
39441
39442
39443
39448
39449
39450
39451
39488
39489
39490
39491
39496
39497
39498
39499
39500
39501
39502
39503
39504
39505
39506
39507
39512
39513
39514
39515
39520
39521
39522
39523
39528
39529
39530
39531
39532
39533
39534
39535
39536
39537
39538
39539
39544
39545
39546
39547
39552
39553
39554
39555
39560
39561
39562
39563
39564
39565
39566
39567
39568
39569
39570
39571
39576
39577
39578
39579
39616
39617
39618
39619
39624
39625
39626
39627
39628
39629
39630
39631
39632
39633
39634
39635
39640
39641
39642
39643
39680
39681
39682
39683
39688
39689
39690
39691
39692
39693
39694
39695
39696
39697
39698
39699
39704
39705
39706
39707
39744
39745
39746
39747
39752
39753
39754
39755
39756
39757
39758
39759
39760
39761
39762
39763
39768
39769
39770
39771
39776
39777
39778
39779
39784
39785
39786
39787
39788
39789
39790
39791
39792
39793
39794
39795
39800
39801
39802
39803
39808
39809
39810
39811
39816
39817
39818
39819
39820
39821
39822
39823
39824
39825
39826
39827
39832
39833
39834
39835
39872
39873
39874
39875
39880
39881
39882
39883
39884
39885
39886
39887
39888
39889
39890
39891
39896
39897
39898
39899
39936
39937
39938
39939
39944
39945
39946
39947
39948
39949
39950
39951
39952
39953
39954
39955
39960
39961
39962
39963
40000
40001
40002
40003
40008
40009
40010
40011
40012
40013
40014
40015
40016
40017
40018
40019
40024
40025
40026
40027
40032
40033
40034
40035
40040
40041
40042
40043
40044
40045
40046
40047
40048
40049
40050
40051
40056
40057
40058
40059
40064
40065
40066
40067
40072
40073
40074
40075
40076
40077
40078
40079
40080
40081
40082
40083
40088
40089
40090
40091
40128
40129
40130
40131
40136
40137
40138
40139
40140
40141
40142
40143
40144
40145
40146
40147
40152
40153
40154
40155
40448
40449
40450
40451
40456
40457
40458
40459
40460
40461
40462
40463
40464
40465
40466
40467
40472
40473
40474
40475
40512
40513
40514
40515
40520
40521
40522
40523
40524
40525
40526
40527
40528
40529
40530
40531
40536
40537
40538
40539
40544
40545
40546
40547
40552
40553
40554
40555
40556
40557
40558
40559
40560
40561
40562
40563
40568
40569
40570
40571
40576
40577
40578
40579
40584
40585
40586
40587
40588
40589
40590
40591
40592
40593
40594
40595
40600
40601
40602
40603
40640
40641
40642
40643
40648
40649
40650
40651
40652
40653
40654
40655
40656
40657
40658
40659
40664
40665
40666
40667
40960
40961
40962
40963
40968
40969
40970
40971
40972
40973
40974
40975
40976
40977
40978
40979
40984
40985
40986
40987
41024
41025
41026
41027
41032
41033
41034
41035
41036
41037
41038
41039
41040
41041
41042
41043
41048
41049
41050
41051
41056
41057
41058
41059
41064
41065
41066
41067
41068
41069
41070
41071
41072
41073
41074
41075
41080
41081
41082
41083
41088
41089
41090
41091
41096
41097
41098
41099
41100
41101
41102
41103
41104
41105
41106
41107
41112
41113
41114
41115
41152
41153
41154
41155
41160
41161
41162
41163
41164
41165
41166
41167
41168
41169
41170
41171
41176
41177
41178
41179
41472
41473
41474
41475
41480
41481
41482
41483
41484
41485
41486
41487
41488
41489
41490
41491
41496
41497
41498
41499
41536
41537
41538
41539
41544
41545
41546
41547
41548
41549
41550
41551
41552
41553
41554
41555
41560
41561
41562
41563
41568
41569
41570
41571
41576
41577
41578
41579
41580
41581
41582
41583
41584
41585
41586
41587
41592
41593
41594
41595
41600
41601
41602
41603
41608
41609
41610
41611
41612
41613
41614
41615
41616
41617
41618
41619
41624
41625
41626
41627
41664
41665
41666
41667
41672
41673
41674
41675
41676
41677
41678
41679
41680
41681
41682
41683
41688
41689
41690
41691
41728
41729
41730
41731
41736
41737
41738
41739
41740
41741
41742
41743
41744
41745
41746
41747
41752
41753
41754
41755
41792
41793
41794
41795
41800
41801
41802
41803
41804
41805
41806
41807
41808
41809
41810
41811
41816
41817
41818
41819
41824
41825
41826
41827
41832
41833
41834
41835
41836
41837
41838
41839
41840
41841
41842
41843
41848
41849
41850
41851
41856
41857
41858
41859
41864
41865
41866
41867
41868
41869
41870
41871
41872
41873
41874
41875
41880
41881
41882
41883
41920
41921
41922
41923
41928
41929
41930
41931
41932
41933
41934
41935
41936
41937
41938
41939
41944
41945
41946
41947
41984
41985
41986
41987
41992
41993
41994
41995
41996
41997
41998
41999
42000
42001
42002
42003
42008
42009
42010
42011
42048
42049
42050
42051
42056
42057
42058
42059
42060
42061
42062
42063
42064
42065
42066
42067
42072
42073
42074
42075
42080
42081
42082
42083
42088
42089
42090
42091
42092
42093
42094
42095
42096
42097
42098
42099
42104
42105
42106
42107
42112
42113
42114
42115
42120
42121
42122
42123
42124
42125
42126
42127
42128
42129
42130
42131
42136
42137
42138
42139
42176
42177
42178
42179
42184
42185
42186
42187
42188
42189
42190
42191
42192
42193
42194
42195
42200
42201
42202
42203
42496
42497
42498
42499
42504
42505
42506
42507
42508
42509
42510
42511
42512
42513
42514
42515
42520
42521
42522
42523
42560
42561
42562
42563
42568
42569
42570
42571
42572
42573
42574
42575
42576
42577
42578
42579
42584
42585
42586
42587
42592
42593
42594
42595
42600
42601
42602
42603
42604
42605
42606
42607
42608
42609
42610
42611
42616
42617
42618
42619
42624
42625
42626
42627
42632
42633
42634
42635
42636
42637
42638
42639
42640
42641
42642
42643
42648
42649
42650
42651
42688
42689
42690
42691
42696
42697
42698
42699
42700
42701
42702
42703
42704
42705
42706
42707
42712
42713
42714
42715
45056
45057
45058
45059
45064
45065
45066
45067
45068
45069
45070
45071
45072
45073
45074
45075
45080
45081
45082
45083
45120
45121
45122
45123
45128
45129
45130
45131
45132
45133
45134
45135
45136
45137
45138
45139
45144
45145
45146
45147
45152
45153
45154
45155
45160
45161
45162
45163
45164
45165
45166
45167
45168
45169
45170
45171
45176
45177
45178
45179
45184
45185
45186
45187
45192
45193
45194
45195
45196
45197
45198
45199
45200
45201
45202
45203
45208
45209
45210
45211
45248
45249
45250
45251
45256
45257
45258
45259
45260
45261
45262
45263
45264
45265
45266
45267
45272
45273
45274
45275
45568
45569
45570
45571
45576
45577
45578
45579
45580
45581
45582
45583
45584
45585
45586
45587
45592
45593
45594
45595
45632
45633
45634
45635
45640
45641
45642
45643
45644
45645
45646
45647
45648
45649
45650
45651
45656
45657
45658
45659
45664
45665
45666
45667
45672
45673
45674
45675
45676
45677
45678
45679
45680
45681
45682
45683
45688
45689
45690
45691
45696
45697
45698
45699
45704
45705
45706
45707
45708
45709
45710
45711
45712
45713
45714
45715
45720
45721
45722
45723
45760
45761
45762
45763
45768
45769
45770
45771
45772
45773
45774
45775
45776
45777
45778
45779
45784
45785
45786
45787
45824
45825
45826
45827
45832
45833
45834
45835
45836
45837
45838
45839
45840
45841
45842
45843
45848
45849
45850
45851
45888
45889
45890
45891
45896
45897
45898
45899
45900
45901
45902
45903
45904
45905
45906
45907
45912
45913
45914
45915
45920
45921
45922
45923
45928
45929
45930
45931
45932
45933
45934
45935
45936
45937
45938
45939
45944
45945
45946
45947
45952
45953
45954
45955
45960
45961
45962
45963
45964
45965
45966
45967
45968
45969
45970
45971
45976
45977
45978
45979
46016
46017
46018
46019
46024
46025
46026
46027
46028
46029
46030
46031
46032
46033
46034
46035
46040
46041
46042
46043
46080
46081
46082
46083
46088
46089
46090
46091
46092
46093
46094
46095
46096
46097
46098
46099
46104
46105
46106
46107
46144
46145
46146
46147
46152
46153
46154
46155
46156
46157
46158
46159
46160
46161
46162
46163
46168
46169
46170
46171
46176
46177
46178
46179
46184
46185
46186
46187
46188
46189
46190
46191
46192
46193
46194
46195
46200
46201
46202
46203
46208
46209
46210
46211
46216
46217
46218
46219
46220
46221
46222
46223
46224
46225
46226
46227
46232
46233
46234
46235
46272
46273
46274
46275
46280
46281
46282
46283
46284
46285
46286
46287
46288
46289
46290
46291
46296
46297
46298
46299
46592
46593
46594
46595
46600
46601
46602
46603
46604
46605
46606
46607
46608
46609
46610
46611
46616
46617
46618
46619
46656
46657
46658
46659
46664
46665
46666
46667
46668
46669
46670
46671
46672
46673
46674
46675
46680
46681
46682
46683
46688
46689
46690
46691
46696
46697
46698
46699
46700
46701
46702
46703
46704
46705
46706
46707
46712
46713
46714
46715
46720
46721
46722
46723
46728
46729
46730
46731
46732
46733
46734
46735
46736
46737
46738
46739
46744
46745
46746
46747
46784
46785
46786
46787
46792
46793
46794
46795
46796
46797
46798
46799
46800
46801
46802
46803
46808
46809
46810
46811
49152
49153
49154
49155
49160
49161
49162
49163
49164
49165
49166
49167
49168
49169
49170
49171
49176
49177
49178
49179
49216
49217
49218
49219
49224
49225
49226
49227
49228
49229
49230
49231
49232
49233
49234
49235
49240
49241
49242
49243
49248
49249
49250
49251
49256
49257
49258
49259
49260
49261
49262
49263
49264
49265
49266
49267
49272
49273
49274
49275
49280
49281
49282
49283
49288
49289
49290
49291
49292
49293
49294
49295
49296
49297
49298
49299
49304
49305
49306
49307
49344
49345
49346
49347
49352
49353
49354
49355
49356
49357
49358
49359
49360
49361
49362
49363
49368
49369
49370
49371
49664
49665
49666
49667
49672
49673
49674
49675
49676
49677
49678
49679
49680
49681
49682
49683
49688
49689
49690
49691
49728
49729
49730
49731
49736
49737
49738
49739
49740
49741
49742
49743
49744
49745
49746
49747
49752
49753
49754
49755
49760
49761
49762
49763
49768
49769
49770
49771
49772
49773
49774
49775
49776
49777
49778
49779
49784
49785
49786
49787
49792
49793
49794
49795
49800
49801
49802
49803
49804
49805
49806
49807
49808
49809
49810
49811
49816
49817
49818
49819
49856
49857
49858
49859
49864
49865
49866
49867
49868
49869
49870
49871
49872
49873
49874
49875
49880
49881
49882
49883
49920
49921
49922
49923
49928
49929
49930
49931
49932
49933
49934
49935
49936
49937
49938
49939
49944
49945
49946
49947
49984
49985
49986
49987
49992
49993
49994
49995
49996
49997
49998
49999
50000
