2
3
4
5
6
7
8
9
10
11
12
13
14
15
16
17
18
19
20
21
22
23
24
25
26
27
28
29
30
31
32
33
34
35
36
37
38
39
40
41
42
43
44
45
46
47
48
49
50
51
52
53
54
55
56
57
58
59
60
61
62
63
64
65
66
67
68
69
70
71
72
73
74
75
76
77
78
79
80
81
82
83
84
85
86
87
88
89
90
91
92
93
94
95
96
97
98
99
100
101
102
103
104
105
106
107
108
109
110
111
112
113
114
115
116
117
118
119
120
121
122
123
124
125
126
127
128
129
130
131
133
134
135
136
137
138
139
140
141
142
143
144
145
146
147
148
149
150
151
152
153
154
155
156
157
158
159
160
161
162
163
164
165
166
167
168
169
170
171
172
173
174
175
176
177
178
179
180
181
182
183
184
185
186
187
188
189
190
191
192
193
194
195
196
197
198
199
200
201
202
203
204
205
206
207
208
209
210
211
212
213
214
215
216
217
218
219
220
221
222
223
224
225
226
227
228
229
230
231
232
233
234
235
236
237
238
240
241
242
243
244
245
246
247
248
249
250
251
252
253
254
255
256
257
259
260
261
264
265
266
267
268
269
270
271
272
273
275
276
278
280
281
282
283
284
286
288
289
290
291
292
293
294
296
297
298
299
300
301
302
303
304
305
306
307
314
316
318
320
321
324
325
328
329
330
331
332
333
334
335
336
337
338
339
340
341
342
344
345
346
347
348
349
350
351
352
353
354
355
356
357
358
360
361
362
363
364
365
366
367
368
369
370
371
372
373
374
375
376
377
378
379
380
381
382
383
384
385
386
387
389
390
391
392
393
394
395
398
400
401
402
403
404
405
406
408
409
410
411
412
413
414
415
416
417
418
419
420
421
422
423
424
425
426
427
428
429
430
431
432
433
434
435
436
437
438
439
440
441
442
443
444
446
448
449
451
452
454
455
456
457
458
459
460
461
462
463
464
465
466
468
469
470
472
473
474
475
476
477
478
479
480
481
482
483
484
485
486
487
488
489
490
491
492
494
496
497
498
499
500
501
502
504
505
506
507
508
509
510
511
512
513
514
515
516
517
518
519
520
521
522
523
524
525
526
527
528
529
530
531
532
533
534
535
536
537
538
539
540
541
542
543
544
545
546
547
548
549
550
552
553
554
555
556
557
558
559
560
561
562
563
564
565
566
568
569
570
571
572
573
574
575
576
577
578
579
580
581
582
583
584
585
586
587
588
589
590
591
592
593
594
595
596
597
598
599
600
601
602
603
604
605
606
607
608
609
610
611
612
613
614
616
617
618
619
620
621
622
623
624
625
626
627
628
629
632
633
634
635
636
637
638
639
640
641
642
643
644
645
646
647
648
649
650
651
652
653
654
655
656
657
658
659
660
661
662
663
664
665
666
667
668
669
670
671
672
673
674
675
676
677
678
679
680
681
682
683
684
685
686
687
688
689
690
691
692
693
694
695
696
697
698
699
700
701
702
703
704
705
706
707
708
709
712
713
714
715
716
717
718
719
720
721
722
723
724
725
726
727
728
729
730
731
732
733
734
735
736
737
738
739
740
741
744
745
746
747
748
749
750
751
752
753
754
755
756
757
758
759
760
761
762
763
764
765
766
767
768
769
772
773
776
777
778
779
780
781
782
783
784
785
788
790
792
793
794
795
798
800
801
802
803
804
805
806
808
809
810
811
812
813
814
815
816
817
818
819
832
833
836
837
840
841
842
843
844
845
846
847
848
849
852
853
856
857
858
859
860
861
862
863
864
865
868
869
872
873
874
875
876
877
878
879
880
881
884
885
888
889
890
891
892
893
894
895
896
897
900
901
904
905
906
907
908
909
910
911
928
929
932
933
936
937
938
939
940
941
942
943
960
961
964
965
968
969
970
971
972
973
974
975
976
977
980
981
984
985
986
987
988
989
990
991
992
993
996
997
1000
1001
1002
1003
1004
1005
1006
1007
1008
1009
1012
1013
1016
1017
1018
1019
1020
1021
1022
1023
1024
1025
1026
1027
1032
1033
1034
1035
1040
1041
1042
1043
1044
1045
1046
1047
1048
1049
1050
1051
1052
1053
1054
1055
1088
1089
1090
1091
1096
1097
1098
1099
1104
1105
1106
1107
1108
1109
1110
1111
1112
1113
1114
1115
1116
1117
1118
1119
1152
1153
1154
1155
1160
1161
1162
1163
1168
1169
1170
1171
1172
1173
1174
1175
1176
1177
1178
1179
1180
1181
1182
1183
1184
1185
1186
1187
1192
1193
1194
1195
1196
1200
1201
1202
1203
1204
1205
1206
1207
1208
1209
1210
1211
1212
1213
1214
1215
1216
1217
1218
1219
1222
1224
1225
1226
1227
1228
1230
1232
1233
1234
1235
1236
1237
1238
1239
1240
1241
1242
1243
1244
1245
1246
1247
1248
1249
1250
1251
1256
1257
1258
1259
1264
1265
1266
1267
1268
1269
1270
1271
1272
1273
1274
1275
1276
1277
1278
1279
1280
1281
1282
1283
1288
1289
1290
1291
1296
1297
1298
1299
1300
1301
1302
1303
1304
1305
1306
1307
1308
1309
1310
1311
1322
1323
1324
1338
1340
1342
1344
1345
1346
1347
1352
1353
1354
1355
1356
1358
1360
1361
1362
1363
1364
1365
1366
1367
1368
1369
1370
1371
1372
1373
1374
1375
1376
1377
1378
1379
1380
1386
1387
1388
1390
1392
1393
1394
1395
1396
1397
1408
1409
1410
1411
1414
1415
1416
1417
1418
1419
1422
1424
1425
1426
1427
1428
1429
1430
1431
1432
1433
1434
1435
1436
1437
1438
1439
1440
1441
1442
1443
1446
1447
1448
1449
1450
1451
1456
1457
1458
1459
1460
1461
1462
1463
1464
1465
1466
1467
1468
1469
1470
1471
1472
1473
1474
1475
1480
1481
1482
1483
1488
1489
1490
1491
1492
1493
1494
1495
1496
1497
1498
1499
1500
1501
1502
1503
1504
1505
1506
1507
1512
1513
1514
1515
1520
1521
1522
1523
1524
1525
1526
1527
1528
1529
1530
1531
1532
1533
1534
1535
1536
1537
1538
1539
1542
1543
1544
1545
1546
1547
1552
1553
1554
1555
1556
1557
1558
1559
1560
1561
1562
1563
1564
1565
1566
1567
1579
1582
1584
1585
1586
1587
1588
1589
1590
1592
1593
1595
1596
1597
1598
1599
1600
1601
1602
1603
1606
1607
1608
1609
1610
1611
1614
1616
1617
1618
1619
1620
1621
1622
1623
1624
1625
1626
1627
1628
1629
1630
1631
1642
1643
1646
1648
1649
1650
1651
1664
1665
1666
1667
1668
1672
1673
1674
1675
1676
1680
1681
1682
1683
1684
1685
1686
1687
1688
1689
1690
1691
1692
1693
1694
1695
1696
1697
1698
1699
1700
1702
1704
1705
1706
1707
1710
1712
1713
1714
1715
1716
1717
1718
1719
1720
1721
1722
1723
1724
1725
1726
1727
1728
1729
1730
1731
1732
1736
1737
1738
1739
1740
1744
1745
1746
1747
1748
1749
1750
1751
1752
1753
1754
1755
1756
1757
1758
1759
1760
1761
1762
1763
1768
1769
1770
1771
1776
1777
1778
1779
1780
1781
1782
1783
1784
1785
1786
1787
1788
1789
1790
1791
1792
1793
1794
1795
1800
1801
1802
1803
1808
1809
1810
1811
1812
1813
1814
1815
1816
1817
1818
1819
1820
1821
1822
1823
1844
1850
1851
1852
1854
1856
1857
1858
1859
1864
1865
1866
1867
1870
1872
1873
1874
1875
1876
1877
1878
1879
1880
1881
1882
1883
1884
1885
1886
1887
1898
1899
1902
1904
1905
1906
1907
1908
1914
1915
1916
1918
1920
1921
1922
1923
1924
1928
1929
1930
1931
1932
1934
1936
1937
1938
1939
1940
1941
1942
1943
1944
1945
1946
1947
1948
1949
1950
1951
1952
1953
1954
1955
1960
1961
1962
1963
1968
1969
1970
1971
1972
1973
1974
1975
1976
1977
1978
1979
1980
1981
1982
1983
1984
1985
1986
1987
1992
1993
1994
1995
2000
2001
2002
2003
2004
2005
2006
2007
2008
2009
2010
2011
2012
2013
2014
2015
2016
2017
2018
2019
2024
2025
2026
2027
2032
2033
2034
2035
2036
2037
2038
2039
2040
2041
2042
2043
2044
2045
2046
2047
2048
2049
2052
2053
2056
2057
2058
2059
2060
2061
2062
2063
2080
2081
2084
2085
2088
2089
2090
2091
2092
2093
2094
2095
2112
2113
2116
2117
2120
2121
2122
2123
2124
2125
2126
2127
2128
2129
2132
2133
2136
2137
2138
2139
2140
2141
2142
2143
2144
2145
2148
2149
2152
2153
2154
2155
2156
2157
2158
2159
2160
2161
2164
2165
2168
2169
2170
2171
2172
2173
2174
2175
2304
2305
2308
2309
2312
2313
2314
2315
2316
2317
2318
2319
2336
2337
2340
2341
2344
2345
2346
2347
2348
2349
2350
2351
2368
2369
2372
2373
2376
2377
2378
2379
2380
2381
2382
2383
2384
2385
2388
2389
2392
2393
2394
2395
2396
2397
2398
2399
2400
2401
2404
2405
2408
2409
2410
2411
2412
2413
2414
2415
2416
2417
2420
2421
2424
2425
2426
2427
2428
2429
2430
2431
4096
4097
4098
4099
4104
4105
4106
4107
4112
4113
4114
4115
4116
4117
4118
4119
4120
4121
4122
4123
4124
4125
4126
4127
4160
4161
4162
4163
4168
4169
4170
4171
4176
4177
4178
4179
4180
4181
4182
4183
4184
4185
4186
4187
4188
4189
4190
4191
4224
4225
4226
4227
4232
4233
4234
4235
4240
4241
4242
4243
4244
4245
4246
4247
4248
4249
4250
4251
4252
4253
4254
4255
4256
4257
4258
4259
4264
4265
4266
4267
4272
4273
4274
4275
4276
4277
4278
4279
4280
4281
4282
4283
4284
4285
4286
4287
4288
4289
4290
4291
4296
4297
4298
4299
4304
4305
4306
4307
4308
4309
4310
4311
4312
4313
4314
4315
4316
4317
4318
4319
4320
4321
4322
4323
4328
4329
4330
4331
4336
4337
4338
4339
4340
4341
4342
4343
4344
4345
4346
4347
4348
4349
4350
4351
4608
4609
4610
4611
4616
4617
4618
4619
4624
4625
4626
4627
4628
4629
4630
4631
4632
4633
4634
4635
4636
4637
4638
4639
4672
4673
4674
4675
4680
4681
4682
4683
4688
4689
4690
4691
4692
4693
4694
4695
4696
4697
4698
4699
4700
4701
4702
4703
4736
4737
4738
4739
4744
4745
4746
4747
4752
4753
4754
4755
4756
4757
4758
4759
4760
4761
4762
4763
4764
4765
4766
4767
4768
4769
4770
4771
4776
4777
4778
4779
4784
4785
4786
4787
4788
4789
4790
4791
4792
4793
4794
4795
4796
4797
4798
4799
4800
4801
4802
4803
4808
4809
4810
4811
4816
4817
4818
4819
4820
4821
4822
4823
4824
4825
4826
4827
4828
4829
4830
4831
4832
4833
4834
4835
4840
4841
4842
4843
4848
4849
4850
4851
4852
4853
4854
4855
4856
4857
4858
4859
4860
4861
4862
4863
