2
3
4
5
6
7
8
9
10
11
12
13
14
15
16
17
18
19
20
21
22
23
24
25
26
27
28
29
30
31
32
33
34
35
36
37
38
39
40
41
42
43
44
45
46
48
49
50
51
52
53
54
55
56
57
58
60
61
62
64
65
66
67
68
69
70
71
72
73
74
75
76
77
78
80
81
82
83
84
85
86
88
89
90
91
93
96
97
98
100
101
104
105
106
108
109
116
117
122
124
128
129
130
131
132
133
134
136
137
138
139
140
141
144
145
146
147
148
149
150
152
153
154
155
156
157
160
161
162
163
164
165
166
168
169
170
171
172
173
176
177
178
180
181
182
192
193
194
195
196
197
200
201
202
203
208
209
210
211
212
213
216
217
218
219
256
257
258
260
261
262
264
265
266
268
269
272
273
274
276
277
278
288
289
290
292
293
294
296
297
298
300
301
304
305
306
308
309
310
320
321
322
324
325
326
328
329
330
332
333
336
337
338
340
341
342
352
353
354
356
357
360
361
362
364
365
384
385
386
388
389
390
392
393
394
400
401
402
404
405
406
416
417
418
420
421
422
424
425
426
432
433
434
436
437
438
512
513
514
516
517
520
521
522
524
525
528
529
530
532
533
544
545
546
548
549
552
553
554
556
557
576
577
578
580
581
584
585
586
588
589
592
593
594
596
597
608
609
610
612
613
616
617
618
620
621
640
641
642
644
645
648
649
650
652
653
656
657
658
660
661
672
673
674
676
677
680
681
682
684
685
768
769
770
772
773
776
777
778
780
781
784
785
786
788
789
800
801
802
804
805
808
809
810
812
813
832
833
834
836
837
840
841
842
844
845
848
849
850
852
853
864
865
866
868
869
872
873
874
876
877
