2
4
5
6
7
8
9
10
11
12
13
14
15
16
17
18
20
21
25
26
28
29
30
31
32
33
34
35
36
37
38
39
40
41
42
43
44
45
46
47
48
49
50
51
52
53
54
55
56
57
58
59
60
61
62
63
64
65
66
67
68
69
70
71
72
73
74
75
76
77
78
79
80
81
82
83
84
85
86
87
88
89
90
91
92
93
94
96
97
98
99
100
101
102
103
104
105
106
108
109
110
111
112
113
114
115
116
117
118
119
120
121
122
123
124
125
126
127
128
129
130
131
132
133
134
135
136
137
138
139
140
141
143
144
145
146
148
149
154
157
158
159
160
161
162
164
165
166
167
168
169
170
193
194
196
197
200
202
204
205
206
207
208
209
210
212
220
221
224
225
226
228
229
230
231
232
233
234
237
238
239
240
241
242
243
244
245
246
247
249
250
252
254
256
257
258
260
261
262
263
264
265
266
267
268
269
270
271
272
273
274
275
276
280
281
282
284
285
288
289
290
292
293
294
296
297
298
300
301
302
303
304
305
306
307
308
309
310
311
312
313
314
315
316
317
318
320
321
322
323
324
325
326
328
329
330
333
336
337
338
340
341
342
343
345
346
347
348
349
350
352
353
355
356
357
360
361
362
363
364
365
366
368
369
370
372
374
377
378
379
380
382
384
385
386
388
389
390
391
392
393
394
396
397
398
399
400
401
402
403
404
405
406
407
409
410
412
414
416
417
418
420
421
422
424
425
426
428
429
430
432
433
434
436
437
438
439
440
441
442
444
445
446
447
448
449
450
451
452
453
454
455
456
457
460
461
462
463
464
465
466
468
469
473
474
476
477
478
480
481
482
483
484
485
486
487
488
489
490
492
493
494
495
496
497
498
500
501
502
503
504
505
507
508
509
510
511
512
513
514
516
517
518
519
520
521
522
523
524
525
526
527
528
529
530
532
533
536
537
538
540
541
542
544
545
546
547
548
549
550
552
553
554
556
557
559
560
561
562
564
565
566
567
568
569
570
572
573
574
575
576
577
578
580
581
582
583
584
585
586
587
588
589
590
591
592
593
594
595
596
597
598
599
600
601
602
603
604
605
606
608
609
610
611
612
614
615
616
617
618
619
620
621
622
623
624
625
628
629
630
631
632
633
634
636
637
638
639
640
641
642
644
645
646
647
648
649
650
651
652
653
655
656
657
658
660
661
662
665
666
667
670
672
673
674
676
677
678
680
681
682
684
685
688
689
690
692
693
694
695
696
697
698
700
701
702
703
704
705
706
708
709
711
712
713
714
715
716
717
720
721
722
724
726
727
728
729
730
731
732
734
736
737
740
741
742
745
746
748
749
751
752
753
754
756
757
761
762
764
765
766
768
769
770
774
775
776
777
778
780
781
782
783
784
785
786
788
789
790
791
793
794
796
797
798
800
801
802
805
806
808
809
810
812
813
816
817
820
821
822
823
824
825
828
829
830
831
832
833
834
836
837
838
839
840
841
842
844
845
846
847
848
849
850
852
853
854
855
857
858
860
862
864
865
866
868
869
870
871
872
873
876
877
878
879
880
881
884
885
886
887
888
889
892
893
894
895
896
897
898
900
901
902
903
904
905
906
908
909
910
911
912
914
916
921
922
924
925
928
929
930
932
933
936
941
943
944
945
946
948
949
950
951
952
953
956
957
958
959
960
961
962
964
966
967
968
969
972
973
974
975
976
978
985
986
988
989
992
993
996
997
998
999
1000
1001
1002
1003
1004
1005
1006
1007
1008
1009
1014
1015
1016
1017
1020
1021
1022
1023
1024
1025
1026
1031
1032
1033
1034
1035
1036
1037
1038
1039
1040
1041
1042
1044
1045
1049
1050
1052
1053
1056
1057
1060
1061
1064
1072
1073
1074
1076
1077
1079
1080
1081
1085
1087
1088
1089
1090
1092
1095
1096
1097
1098
1099
1100
1101
1104
1105
1106
1108
1109
1111
1112
1113
1114
1115
1120
1121
1122
1128
1129
1130
1135
1138
1140
1143
1144
1145
1146
1151
1152
1153
1154
1159
1160
1161
1162
1163
1164
1165
1167
1168
1169
1170
1172
1173
1177
1178
1184
1185
1186
1192
1193
1194
1196
1197
1202
1204
1205
1209
1210
1212
1213
1260
1261
1268
1269
1276
1277
1280
1281
1282
1288
1289
1290
1292
1293
1296
1297
1298
1300
1301
1324
1325
1332
1333
1340
1341
1344
1345
1346
1352
1353
1354
1356
1357
1360
1361
1362
1364
1365
1561
1564
1565
1568
1586
1639
1642
1664
1665
1756
1760
1761
1764
1788
1792
1793
1796
1797
1800
1801
1818
1820
1821
1824
1825
1828
1849
1850
1891
1896
1899
1900
1920
1921
1928
1932
1936
1937
1980
2010
2012
2016
2017
2020
2034
2037
2044
2048
2049
2052
2053
2054
2056
2057
2058
2076
2080
2081
2084
2085
2086
2088
2089
2090
2092
2093
2096
2097
2100
2101
2108
2112
2113
2116
2117
2118
2120
2121
2122
2128
2129
2132
2133
2202
2226
2229
2236
2250
2253
2256
2257
2258
2266
2268
2272
2273
2276
2300
2304
2305
2308
2309
2310
2312
2313
2314
2330
2332
2336
2337
2340
2341
2342
2344
2345
2346
2348
2349
2352
2353
2356
2357
2368
2369
2372
2373
2374
2376
2377
2378
2381
2384
2385
2386
2388
2389
2390
2394
2396
2398
2400
2401
2404
2405
2408
2409
2410
2412
2413
2422
2426
2430
2432
2433
2436
2437
2438
2440
2441
2442
2454
2458
2462
2464
2465
2468
2469
2470
2472
2473
2474
2522
2528
2532
2533
2560
2561
2564
2565
2566
2568
2569
2570
2588
2592
2593
2596
2597
2598
2600
2601
2602
2604
2605
2608
2609
2612
2613
2620
2624
2625
2628
2629
2630
2632
2633
2634
2637
2640
2641
2642
2644
2645
2646
2650
2654
2661
2664
2665
2666
2668
2669
2674
2677
2678
2682
2686
2688
2689
2692
2693
2694
2696
2697
2698
2701
2704
2705
2706
2710
2714
2718
2720
2721
2724
2725
2726
2728
2729
2730
2732
2736
2737
2740
2741
2742
2743
2744
2768
2769
2772
2773
2774
2775
2778
2780
2782
2784
2785
2788
2800
2801
2804
2805
2806
2810
2812
2814
2816
2817
2820
2821
2824
2825
2842
2844
2848
2849
2852
2853
2856
2857
2858
2860
2861
2880
2881
2884
2885
2888
2889
2890
2893
2896
2897
2898
2908
2912
2913
2916
2917
2920
2921
2922
2924
2925
2992
2993
2996
2997
3024
3025
3028
3029
3030
3034
3038
3056
3057
3060
3061
3062
3066
3070
3072
3073
3076
3077
3078
3079
3080
3081
3082
3084
3085
3086
3087
3104
3105
3108
3109
3110
3112
3113
3114
3120
3121
3124
3125
3126
3127
3128
3129
3132
3133
3134
3135
3136
3137
3140
3141
3142
3143
3144
3145
3146
3148
3149
3150
3151
3152
3153
3156
3157
3168
3169
3172
3173
3174
3175
3176
3177
3180
3181
3182
3183
3184
3185
3190
3191
3192
3193
3196
3197
3198
3199
3248
3249
3252
3253
3277
3278
3280
3281
3284
3285
3286
3290
3293
3294
3312
3313
3316
3317
3318
3322
3326
3328
3329
3330
3332
3333
3334
3336
3337
3338
3360
3361
3364
3365
3366
3368
3369
3370
3376
3377
3380
3381
3392
3393
3396
3397
3398
3400
3401
3402
3408
3409
3412
3413
3456
3457
3462
3463
3464
3465
3468
3469
3470
3471
3504
3505
3510
3511
3512
3513
3516
3517
3518
3519
3520
3521
3522
3526
3527
3528
3529
3532
3533
3534
3535
3546
3548
3552
3553
3556
3558
3559
3560
3561
3564
3565
3566
3567
3568
3569
3570
3573
3574
3575
3576
3577
3580
3581
3582
3583
3584
3585
3590
3591
3592
3593
3596
3597
3598
3599
3632
3633
3638
3639
3640
3641
3642
3644
3645
3646
3647
3648
3649
3650
3654
3655
3656
3657
3660
3661
3662
3663
3680
3681
3686
3687
3688
3689
3692
3693
3694
3695
3696
3697
3698
3700
3702
3703
3704
3705
3708
3709
3710
3711
3738
3762
3765
3772
3786
3789
3792
3793
3794
3802
3804
3808
3809
3812
3836
3840
3841
3844
3845
3846
3847
3848
3849
3852
3853
3854
3855
3866
3868
3872
3873
3876
3888
3889
3894
3895
3896
3897
3900
3901
3902
3903
3904
3905
3910
3911
3912
3913
3916
3917
3918
3919
3936
3937
3942
3943
3944
3945
3948
3949
3950
3951
3952
3953
3954
3957
3958
3959
3960
3961
3964
3965
3966
3967
3968
3969
3974
3975
3976
3977
3978
3980
3981
3982
3983
3984
3985
3986
3994
4005
4008
4009
4010
4012
4013
4016
4017
4018
4021
4022
4023
4024
4025
4028
4029
4030
4031
4032
4033
4038
4039
4040
4041
4044
4045
4046
4047
4058
4060
4064
4065
4068
4070
4071
4072
4073
4076
4077
4078
4079
4080
4081
4082
4085
4086
4087
4088
4089
4092
4093
4094
4095
4096
4097
4098
4100
4101
4102
4103
4104
4105
4106
4108
4109
4110
4111
4112
4113
4114
4116
4117
4124
4128
4129
4132
4133
4134
4136
4137
4138
4140
4141
4144
4145
4148
4149
4150
4151
4152
4153
4156
4157
4158
4159
4160
4161
4162
4164
4165
4166
4167
4168
4169
4170
4172
4173
4174
4175
4176
4177
4178
4180
4181
4192
4193
4194
4198
4199
4200
4201
4202
4204
4205
4206
4207
4208
4209
4214
4215
4216
4217
4220
4221
4222
4223
4224
4225
4226
4232
4233
4234
4236
4237
4240
4241
4242
4244
4245
4256
4257
4258
4264
4265
4266
4316
4320
4321
4324
4348
4352
4353
4356
4357
4358
4360
4361
4362
4378
4380
4384
4385
4388
4389
4390
4392
4393
4394
4396
4397
4400
4401
4404
4405
4416
4417
4420
4421
4422
4424
4425
4426
4429
4432
4433
4434
4436
4437
4438
4442
4444
4446
4448
4449
4452
4453
4456
4457
4458
4460
4461
4470
4474
4478
4480
4481
4484
4485
4486
4487
4488
4489
4490
4492
4493
4494
4495
4502
4506
4510
4512
4513
4516
4517
4518
4520
4521
4522
4528
4529
4534
4535
4536
4537
4540
4541
4542
4543
4544
4545
4550
4551
4552
4553
4556
4557
4558
4559
4570
4572
4576
4577
4580
4582
4583
4584
4585
4588
4589
4590
4591
4592
4593
4594
4597
4598
4599
4600
4601
4604
4605
4606
4607
4608
4609
4610
4612
4613
4614
4615
4616
4617
4618
4620
4621
4622
4623
4624
4625
4626
4628
4629
4636
4640
4641
4644
4645
4646
4648
4649
4650
4652
4653
4656
4657
4660
4661
4662
4663
4664
4665
4668
4669
4670
4671
4672
4673
4674
4676
4677
4678
4679
4680
4681
4682
4684
4685
4686
4687
4688
4689
4690
4692
4693
4694
4698
4702
4704
4705
4706
4710
4711
4712
4713
4714
4716
4717
4718
4719
4720
4721
4726
4727
4728
4729
4730
4732
4733
4734
4735
4736
4737
4738
4740
4741
4742
4744
4745
4746
4748
4749
4752
4753
4754
4756
4757
4758
4762
4766
4768
4769
4770
4772
4773
4774
4776
4777
4778
4780
4781
4784
4785
4788
4789
4796
4797
4816
4817
4820
4821
4822
4826
4830
4844
4845
4848
4849
4852
4853
4854
4858
4860
4861
4862
4864
4865
4866
4870
4871
4872
4873
4874
4876
4877
4878
4879
4880
4881
4882
4884
4885
4908
4909
4912
4913
4916
4917
4918
4919
4920
4921
4924
4925
4926
4927
4928
4929
4930
4934
4935
4936
4937
4938
4940
4941
4942
4943
4944
4945
4946
4948
4949
4960
4961
4966
4967
4968
4969
4972
4973
4974
4975
4976
4977
4982
4983
4984
4985
4988
4989
4990
4991
4992
4993
4998
4999
5000
5001
5004
5005
5006
5007
5040
5041
5044
5045
5046
5047
5048
5049
5052
5053
5054
5055
5056
5057
5062
5063
5064
5065
5068
5069
5070
5071
5072
5073
5076
5077
5078
5082
5086
5088
5089
5094
5095
5096
5097
5100
5101
5102
5103
5104
5105
5108
5109
5110
5111
5112
5113
5114
5116
5117
5118
5119
5120
5121
5122
5124
5125
5126
5128
5129
5130
5132
5133
5136
5137
5138
5140
5141
5152
5153
5156
5157
5158
5160
5161
5162
5168
5169
5172
5173
5184
5185
5186
5188
5189
5190
5192
5193
5194
5196
5197
5200
5201
5202
5204
5205
5216
5217
5218
5224
5225
5226
5248
5249
5250
5256
5257
5258
5260
5261
5264
5265
5266
5268
5269
5280
5281
5282
5288
5289
5290
5292
5293
5296
5297
5300
5301
5308
5309
5328
5329
5332
5333
5334
5338
5342
5356
5357
5360
5361
5364
5365
5366
5370
5372
5373
5374
5376
5377
5378
5380
5381
5382
5384
5385
5386
5388
5389
5392
5393
5394
5396
5397
5408
5409
5412
5413
5414
5416
5417
5418
5420
5421
5424
5425
5428
5429
5436
5437
5440
5441
5442
5444
5445
5446
5448
5449
5450
5452
5453
5456
5457
5458
5460
5461
5472
5473
5474
5480
5481
5482
5536
5537
5538
5544
5545
5546
5548
5549
5556
5557
5564
5565
5600
5601
5602
5608
5609
5610
5612
5613
5620
5621
5628
5629
5984
5985
5986
5992
5993
5994
6048
6049
6050
6056
6057
6058
6060
6061
6068
6069
6076
6077
6112
6113
6114
6120
6121
6122
6124
6125
6132
6133
6140
6141
6144
6145
6146
6150
6151
6152
6153
6154
6156
6157
6158
6159
6160
6161
6162
6164
6165
6192
6193
6198
6199
6200
6201
6204
6205
6206
6207
6208
6209
6210
6214
6215
6216
6217
6218
6220
6221
6222
6223
6224
6225
6226
6228
6229
6240
6241
6242
6246
6247
6248
6249
6250
6252
6253
6254
6255
6256
6257
6262
6263
6264
6265
6268
6269
6270
6271
6272
6273
6274
6280
6281
6282
6284
6285
6288
6289
6290
6292
6293
6304
6305
6306
6312
6313
6314
6496
6497
6498
6504
6505
6506
6528
6529
6534
6535
6536
6537
6540
6541
6542
6543
6560
6561
6562
6568
6569
6570
6572
6573
6576
6577
6580
6581
6582
6583
6584
6585
6588
6589
6590
6591
6592
6593
6598
6599
6600
6601
6604
6605
6606
6607
6624
6625
6626
6630
6631
6632
6633
6634
6636
6637
6638
6639
6640
6641
6644
6645
6646
6647
6648
6649
6652
6653
6654
6655
6656
6657
6658
6662
6663
6664
6665
6666
6668
6669
6670
6671
6672
6673
6674
6676
6677
6704
6705
6710
6711
6712
6713
6716
6717
6718
6719
6720
6721
6722
6726
6727
6728
6729
6730
6732
6733
6734
6735
6736
6737
6738
6740
6741
6752
6753
6754
6758
6759
6760
6761
6762
6764
6765
6766
6767
6768
6769
6774
6775
6776
6777
6780
6781
6782
6783
6784
6785
6786
6792
6793
6794
6796
6797
6800
6801
6802
6804
6805
6816
6817
6818
6824
6825
6826
6912
6913
6918
6919
6920
6921
6924
6925
6926
6927
6960
6961
6966
6967
6968
6969
6972
6973
6974
6975
6976
6977
6982
6983
6984
6985
6988
6989
6990
6991
7008
7009
7014
7015
7016
7017
7020
7021
7022
7023
7024
7025
7030
7031
7032
7033
7036
7037
7038
7039
7040
7041
7046
7047
7048
7049
7052
7053
7054
7055
7088
7089
7094
7095
7096
7097
7100
7101
7102
7103
7104
7105
7110
7111
7112
7113
7116
7117
7118
7119
7136
7137
7142
7143
7144
7145
7148
7149
7150
7151
7152
7153
7158
7159
7160
7161
7164
7165
7166
7167
7168
7169
7174
7175
7176
7177
7180
7181
7182
7183
7216
7217
7222
7223
7224
7225
7228
7229
7230
7231
7232
7233
7238
7239
7240
7241
7244
7245
7246
7247
7264
7265
7270
7271
7272
7273
7276
7277
7278
7279
7280
7281
7286
7287
7288
7289
7292
7293
7294
7295
7552
7553
7558
7559
7560
7561
7564
7565
7566
7567
7600
7601
7606
7607
7608
7609
7612
7613
7614
7615
7616
7617
7622
7623
7624
7625
7628
7629
7630
7631
7648
7649
7654
7655
7656
7657
7660
7661
7662
7663
7664
7665
7670
7671
7672
7673
7676
7677
7678
7679
7680
7681
7686
7687
7688
7689
7692
7693
7694
7695
7728
7729
7734
7735
7736
7737
7740
7741
7742
7743
7744
7745
7750
7751
7752
7753
7756
7757
7758
7759
7776
7777
7782
7783
7784
7785
7788
7789
7790
7791
7792
7793
7798
7799
7800
7801
7804
7805
7806
7807
7936
7937
7942
7943
7944
7945
7948
7949
7950
7951
7984
7985
7990
7991
7992
7993
7996
7997
7998
7999
8000
8001
8006
8007
8008
8009
8012
8013
8014
8015
8032
8033
8038
8039
8040
8041
8044
8045
8046
8047
8048
8049
8054
8055
8056
8057
8060
8061
8062
8063
8064
8065
8070
8071
8072
8073
8076
8077
8078
8079
8112
8113
8118
8119
8120
8121
8124
8125
8126
8127
8128
8129
8134
8135
8136
8137
8140
8141
8142
8143
8160
8161
8166
8167
8168
8169
8172
8173
8174
8175
8176
8177
8182
8183
8184
8185
8188
8189
8190
8191
8192
8193
8194
8200
8201
8202
8204
8205
8208
8209
8210
8212
8213
8256
8257
8258
8264
8265
8266
8268
8269
8272
8273
8274
8276
8277
8288
8289
8290
8296
8297
8298
8320
8321
8322
8328
8329
8330
8332
8333
8336
8337
8338
8340
8341
8352
8353
8354
8360
8361
8362
8704
8705
8706
8712
8713
8714
8716
8717
8720
8721
8722
8724
8725
8768
8769
8770
8776
8777
8778
8780
8781
8784
8785
8786
8788
8789
8800
8801
8802
8808
8809
8810
8832
8833
8834
8840
8841
8842
8844
8845
8848
8849
8850
8852
8853
8864
8865
8866
8872
8873
8874
8876
8877
8884
8885
8892
8893
8940
8941
8948
8949
8956
8957
8960
8961
8962
8968
8969
8970
8972
8973
8976
8977
8978
8980
8981
9004
9005
9012
9013
9020
9021
9024
9025
9026
9032
9033
9034
9036
9037
9040
9041
9042
9044
9045
9216
9217
9218
9224
9225
9226
9228
9229
9232
9233
9234
9236
9237
9280
9281
9282
9288
9289
9290
9292
9293
9296
9297
9298
9300
9301
9312
9313
9314
9320
9321
9322
9344
9345
9346
9352
9353
9354
9356
9357
9360
9361
9362
9364
9365
9376
9377
9378
9384
9385
9386
9388
9389
9396
9397
9404
9405
9452
9453
9460
9461
9468
9469
9472
9473
9474
9480
9481
9482
9484
9485
9488
9489
9490
9492
9493
9516
9517
9524
9525
9532
9533
9536
9537
9538
9544
9545
9546
9548
9549
9552
9553
9554
9556
9557
9568
9569
9570
9576
9577
9578
9632
9633
9634
9640
9641
9642
9644
9645
9652
9653
9660
9661
9696
9697
9698
9704
9705
9706
9708
9709
9716
9717
9724
9725
10080
10081
10082
10088
10089
10090
10144
10145
10146
10152
10153
10154
10156
10157
10164
10165
10172
10173
10208
10209
10210
10216
10217
10218
10220
10221
10228
10229
10236
10237
10240
10241
10242
10248
10249
10250
10252
10253
10256
10257
10258
10260
10261
10304
10305
10306
10312
10313
10314
10316
10317
10320
10321
10322
10324
10325
10336
10337
10338
10344
10345
10346
10368
10369
10370
10376
10377
10378
10380
10381
10384
10385
10386
10388
10389
10400
10401
10402
10408
10409
10410
10592
10593
10594
10600
10601
10602
10656
10657
10658
10664
10665
10666
10668
10669
10676
10677
10684
10685
10720
10721
10722
10728
10729
10730
10732
10733
10740
10741
10748
10749
10752
10753
10754
10760
10761
10762
10764
10765
10768
10769
10770
10772
10773
10816
10817
10818
10824
10825
10826
10828
10829
10832
10833
10834
10836
10837
10848
10849
10850
10856
10857
10858
10880
10881
10882
10888
10889
10890
10892
10893
10896
10897
10898
10900
10901
10912
10913
10914
10920
10921
10922
14044
14048
14049
14052
14076
14080
14081
14084
14085
14088
14089
14106
14108
14112
14113
14116
14268
16384
16385
16388
16389
16390
16392
16393
16394
16416
16417
16420
16421
16422
16424
16425
16426
16432
16433
16436
16437
16448
16449
16452
16453
16454
16456
16457
16458
16464
16465
16468
16469
16640
16641
16644
16645
16646
16648
16649
16650
24576
24577
24582
24583
24584
24585
24588
24589
24590
24591
24624
24625
24630
24631
24632
24633
24636
24637
24638
24639
24640
24641
24646
24647
24648
24649
24652
24653
24654
24655
24672
24673
24678
24679
24680
24681
24684
24685
24686
24687
24688
24689
24694
24695
24696
24697
24700
24701
24702
24703
24960
24961
24966
24967
24968
24969
24972
24973
24974
24975
32768
32769
32770
32776
32777
32778
32780
32781
32784
32785
32786
32788
32789
32832
32833
32834
32840
32841
32842
32844
32845
32848
32849
32850
32852
32853
32864
32865
32866
32872
32873
32874
32896
32897
32898
32904
32905
32906
32908
32909
32912
32913
32914
32916
32917
32928
32929
32930
32936
32937
32938
33280
33281
33282
33288
33289
33290
33292
33293
33296
33297
33298
33300
33301
