5
6
8
9
12
13
38
40
44
45
46
48
49
54
57
60
62
64
65
69
70
72
73
76
77
81
89
96
97
104
105
108
109
304
316
320
321
342
350
360
361
366
368
380
384
385
390
392
393
406
414
432
438
456
486
496
512
513
518
520
521
524
525
549
552
560
561
576
577
582
584
585
588
589
608
609
616
617
620
621
768
769
776
777
780
781
832
833
840
841
844
845
864
865
872
873
876
877
2736
2737
2774
2782
2800
2801
3072
3073
3078
3080
3081
3120
3121
3136
3137
3142
3144
3145
3248
3249
3286
3294
3312
3313
4096
4097
4104
4105
4108
4109
4160
4161
4168
4169
4172
4173
4192
4193
4200
4201
4204
4205
4608
4609
4616
4617
4620
4621
4672
4673
4680
4681
4684
4685
4704
4705
4712
4713
4716
4717
4864
4865
4872
4873
4876
4877
4928
4929
4936
4937
4940
4941
4960
4961
4968
4969
4972
4973
