6
7
8
9
10
12
44
48
49
52
54
55
56
57
63
64
65
70
71
72
73
74
76
80
81
84
96
97
342
352
384
385
390
391
392
393
396
399
406
416
417
432
433
438
439
440
441
447
448
449
454
455
456
457
463
495
503
504
505
512
513
518
519
520
521
522
524
532
560
561
566
567
568
569
576
577
582
583
584
585
586
588
592
593
608
609
640
641
647
648
650
665
666
672
684
692
748
756
768
769
776
777
780
2736
2737
2774
2816
2817
3072
3073
3078
3079
3080
3081
3120
3121
3126
3127
3128
3129
3136
3137
3142
3143
3144
3145
3456
3457
3462
3463
3464
3465
3504
3505
3510
3511
3512
3513
3519
3520
3521
3526
3527
3528
3529
3567
3584
3585
3590
3591
3592
3593
3632
3633
3638
3639
3640
3641
3648
3649
3654
3655
3656
3657
4096
4097
4102
4103
4104
4105
4108
4144
4145
4150
4151
4152
4153
4160
4161
4166
4167
4168
4169
4172
4192
4193
4480
4481
4486
4487
4488
4489
4528
4529
4534
4535
4536
4537
4544
4545
4550
4551
4552
4553
4608
4609
4614
4615
4616
4617
4620
4656
4657
4662
4663
4664
4665
4672
4673
4678
4679
4680
4681
4684
4704
4705
4780
4788
4844
4852
4864
4865
4872
4873
4876
5472
5473
5536
5537
5548
5556
5984
5985
6048
6049
6060
6068
6144
6145
6152
6153
6156
6208
6209
6216
6217
6220
6240
6241
24576
24577
24582
24583
24584
24585
24624
24625
24630
24631
24632
24633
24640
24641
24646
24647
24648
24649
24960
24961
24966
24967
24968
24969
32768
32769
32776
32777
32780
32832
32833
32840
32841
32844
32864
32865
33280
33281
33288
33289
33292
