2
4
5
6
7
8
9
10
12
13
14
15
16
17
18
20
21
26
28
32
33
34
36
37
39
40
41
42
45
48
49
54
55
56
57
62
63
64
65
66
68
69
70
71
72
73
74
76
77
78
79
80
81
82
84
85
90
96
97
104
105
112
113
118
119
120
121
126
127
128
129
130
135
136
137
138
160
161
384
385
390
391
392
393
398
399
432
433
438
439
440
441
446
447
448
449
454
455
456
457
462
463
496
497
502
503
504
505
510
511
512
513
518
519
520
521
526
527
560
561
566
567
568
569
574
575
576
577
582
583
584
585
590
591
624
625
630
631
632
633
638
639
896
897
902
903
904
905
910
911
944
945
950
951
952
953
958
959
960
961
966
967
968
969
974
975
