5
6
7
8
9
10
11
12
13
15
35
39
40
41
43
44
47
48
49
51
52
53
54
55
56
57
58
59
60
63
64
65
66
67
68
70
71
72
73
74
75
76
79
80
81
84
86
87
88
89
90
91
93
95
96
97
100
102
103
104
108
116
119
120
121
308
312
313
316
351
352
353
359
364
367
372
376
377
380
384
385
390
391
392
393
394
395
415
416
417
432
433
438
439
440
441
442
443
448
449
454
455
456
457
458
459
464
465
468
470
471
472
473
474
475
479
480
481
512
513
518
519
520
521
522
523
524
527
551
556
559
560
561
564
566
567
568
569
570
571
572
576
577
582
583
584
585
586
587
588
591
592
593
598
599
600
601
602
603
607
608
609
612
620
628
631
632
633
640
641
646
647
648
649
650
651
684
688
689
692
694
695
696
697
698
699
704
705
710
711
712
713
714
715
720
721
726
727
728
729
730
731
748
756
759
760
761
768
769
776
777
780
783
791
799
800
801
804
855
863
864
865
868
919
927
928
929
932
940
948
951
952
953
960
961
968
969
972
975
