2
3
4
5
6
7
8
9
10
11
12
13
14
15
16
17
18
19
20
21
22
23
24
25
26
27
28
29
30
31
32
33
34
35
36
37
38
39
40
41
42
43
44
45
46
47
48
49
50
51
52
53
54
55
56
57
58
59
60
61
62
63
64
65
66
67
68
69
70
71
72
73
74
75
76
77
78
79
80
81
82
83
84
85
86
87
88
89
90
91
92
93
94
95
96
97
98
99
100
101
102
103
104
105
106
107
108
109
110
111
112
113
114
115
116
117
118
119
120
121
122
124
125
126
127
128
129
130
131
132
133
134
135
136
137
138
139
140
141
142
143
144
145
146
147
148
149
150
152
153
154
156
157
158
159
160
161
162
165
166
167
168
169
170
171
172
174
175
176
177
178
179
180
181
182
183
184
188
189
190
192
193
194
195
196
197
198
199
200
201
202
203
204
205
206
207
208
209
210
211
212
213
214
215
216
220
222
224
225
226
227
228
230
231
232
233
234
236
237
238
239
240
241
242
243
244
246
247
248
249
252
253
254
255
256
257
259
260
261
262
263
264
265
266
268
270
271
272
273
274
276
277
278
279
280
281
282
284
286
288
289
291
292
293
294
295
296
297
298
299
300
301
303
304
305
307
308
309
310
311
312
313
314
316
318
319
320
321
323
324
325
328
329
330
331
333
334
335
336
337
338
339
340
341
342
343
344
345
346
347
348
350
351
352
353
354
356
357
358
360
361
362
363
364
365
367
374
376
378
379
383
384
385
386
387
388
389
390
391
392
393
394
396
398
399
404
406
407
408
409
410
412
414
416
417
418
419
420
421
422
423
424
425
426
428
431
432
433
436
438
439
440
441
442
444
446
447
448
449
450
452
454
455
456
457
458
460
461
462
463
468
469
470
476
480
481
482
484
486
487
489
495
496
497
500
502
503
504
505
506
508
510
511
512
513
514
515
516
517
518
519
520
521
522
524
525
526
527
528
529
530
531
532
533
534
536
537
538
540
541
542
543
544
545
546
547
548
549
550
551
552
553
554
556
557
559
560
561
564
565
566
567
568
569
572
574
575
576
577
578
579
580
581
582
583
584
585
586
588
589
590
591
592
593
594
596
597
598
599
600
602
603
606
607
608
609
610
611
612
614
615
616
617
618
619
620
621
622
623
624
625
626
627
628
630
631
632
633
634
635
636
637
638
639
640
641
642
643
644
645
646
647
648
649
650
656
657
658
660
662
663
664
666
668
670
672
673
674
675
676
677
678
680
681
682
684
685
687
688
689
692
693
694
695
696
697
700
702
703
712
714
718
720
721
722
724
726
727
729
730
732
734
736
748
749
752
753
756
757
758
766
768
769
770
771
772
774
775
776
777
778
780
781
782
783
784
785
786
787
788
789
792
793
796
797
798
799
800
801
804
806
807
809
812
813
816
817
820
821
822
823
824
825
828
830
831
832
833
834
835
838
840
841
842
844
845
846
847
848
849
852
853
854
855
857
860
862
864
865
866
867
872
873
876
877
878
879
880
881
882
883
886
887
888
889
892
893
894
895
896
897
898
899
900
902
903
904
905
908
909
910
911
912
913
914
915
916
919
920
921
922
924
925
926
927
928
929
932
934
935
938
940
943
944
945
948
950
951
952
953
956
958
959
960
961
962
963
964
966
967
968
969
972
973
974
975
992
993
994
995
996
998
999
1000
1001
1004
1005
1006
1007
1008
1009
1010
1011
1012
1014
1015
1016
1017
1020
1021
1022
1023
1024
1025
1026
1027
1030
1031
1032
1033
1034
1036
1037
1038
1039
1040
1041
1042
1043
1044
1045
1048
1049
1052
1053
1054
1055
1066
1068
1069
1072
1073
1076
1077
1079
1080
1081
1084
1087
1088
1089
1090
1091
1094
1095
1096
1097
1098
1100
1101
1102
1103
1104
1105
1106
1108
1109
1111
1114
1120
1121
1122
1123
1128
1129
1132
1133
1134
1135
1136
1137
1138
1139
1144
1145
1148
1149
1150
1151
1152
1153
1154
1155
1159
1160
1161
1162
1164
1165
1166
1167
1168
1169
1170
1171
1176
1177
1180
1181
1182
1183
1196
1197
1200
1201
1204
1205
1206
1214
1216
1217
1218
1219
1224
1225
1228
1229
1230
1231
1238
1246
1248
1249
1250
1251
1256
1257
1260
1261
1262
1263
1264
1265
1266
1267
1268
1269
1270
1272
1273
1276
1277
1278
1279
1280
1281
1282
1286
1288
1289
1290
1292
1293
1296
1297
1300
1301
1324
1325
1328
1329
1332
1333
1344
1345
1346
1350
1352
1353
1354
1356
1357
1360
1361
1364
1365
1536
1537
1538
1539
1544
1545
1548
1549
1550
1551
1552
1553
1554
1555
1560
1561
1564
1565
1566
1567
1600
1601
1602
1603
1608
1609
1612
1613
1614
1615
1632
1633
1634
1635
1640
1641
1644
1645
1646
1647
1648
1649
1650
1651
1656
1657
1660
1661
1662
1663
1792
1793
1794
1795
1800
1801
1804
1805
1806
1807
1808
1809
1810
1811
1816
1817
1820
1821
1822
1823
1856
1857
1858
1859
1864
1865
1868
1869
1870
1871
1888
1889
1890
1891
1896
1897
1900
1901
1902
1903
1904
1905
1906
1907
1912
1913
1916
1917
1918
1919
1920
1921
1922
1923
1928
1929
1932
1933
1934
1935
1936
1937
1938
1939
1944
1945
1948
1949
1950
1951
1984
1985
1986
1987
1992
1993
1996
1997
1998
1999
2016
2017
2018
2019
2024
2025
2028
2029
2030
2031
2032
2033
2034
2035
2040
2041
2044
2045
2046
2047
2048
2049
2052
2054
2055
2056
2057
2060
2062
2063
2080
2081
2084
2086
2087
2096
2097
2100
2102
2103
2104
2105
2108
2110
2111
2112
2113
2116
2118
2119
2120
2121
2124
2126
2127
2144
2145
2148
2150
2151
2160
2161
2164
2166
2167
2168
2169
2172
2174
2175
2304
2305
2308
2310
2311
2312
2313
2316
2318
2319
2336
2337
2340
2342
2343
2352
2353
2356
2358
2359
2360
2361
2364
2366
2367
2432
2433
2436
2438
2439
2440
2441
2444
2446
2447
2464
2465
2468
2470
2471
2480
2481
2484
2486
2487
2488
2489
2492
2494
2495
2496
2497
2500
2502
2503
2504
2505
2508
2510
2511
2528
2529
2532
2534
2535
2544
2545
2548
2550
2551
2552
2553
2556
2558
2559
3072
3073
3076
3078
3079
3080
3081
3084
3086
3087
3104
3105
3108
3110
3111
3120
3121
3124
3126
3127
3128
3129
3132
3134
3135
3136
3137
3140
3142
3143
3144
3145
3148
3150
3151
3168
3169
3172
3174
3175
3184
3185
3188
3190
3191
3192
3193
3196
3198
3199
3328
3329
3332
3334
3335
3336
3337
3340
3342
3343
3360
3361
3364
3366
3367
3376
3377
3380
3382
3383
3384
3385
3388
3390
3391
3456
3457
3460
3462
3463
3464
3465
3468
3470
3471
3488
3489
3492
3494
3495
3504
3505
3508
3510
3511
3512
3513
3516
3518
3519
3520
3521
3524
3526
3527
3528
3529
3532
3534
3535
3552
3553
3556
3558
3559
3568
3569
3572
3574
3575
3576
3577
3580
3582
3583
3584
3585
3588
3590
3591
3592
3593
3596
3598
3599
3616
3617
3620
3622
3623
3632
3633
3636
3638
3639
3640
3641
3644
3646
3647
3648
3649
3652
3654
3655
3656
3657
3660
3662
3663
3680
3681
3684
3686
3687
3696
3697
3700
3702
3703
3704
3705
3708
3710
3711
3840
3841
3844
3846
3847
3848
3849
3852
3854
3855
3872
3873
3876
3878
3879
3888
3889
3892
3894
3895
3896
3897
3900
3902
3903
3968
3969
3972
3974
3975
3976
3977
3980
3982
3983
4000
4001
4004
4006
4007
4016
4017
4020
4022
4023
4024
4025
4028
4030
4031
4032
4033
4036
4038
4039
4040
4041
4044
4046
4047
4064
4065
4068
4070
4071
4080
4081
4084
4086
4087
4088
4089
4092
4094
4095
4096
4097
4100
4102
4103
4104
4105
4108
4110
4111
4128
4129
4132
4134
4135
4144
4145
4148
4150
4151
4152
4153
4156
4158
4159
4160
4161
4164
4166
4167
4168
4169
4172
4174
4175
4192
4193
4196
4198
4199
4208
4209
4212
4214
4215
4216
4217
4220
4222
4223
4352
4353
4356
4358
4359
4360
4361
4364
4366
4367
4384
4385
4388
4390
4391
4400
4401
4404
4406
4407
4408
4409
4412
4414
4415
4480
4481
4484
4486
4487
4488
4489
4492
4494
4495
4512
4513
4516
4518
4519
4528
4529
4532
4534
4535
4536
4537
4540
4542
4543
4544
4545
4548
4550
4551
4552
4553
4556
4558
4559
4576
4577
4580
4582
4583
4592
4593
4596
4598
4599
4600
4601
4604
4606
4607
4608
4609
4612
4614
4615
4616
4617
4620
4622
4623
4640
4641
4644
4646
4647
4656
4657
4660
4662
4663
4664
4665
4668
4670
4671
4672
4673
4676
4678
4679
4680
4681
4684
4686
4687
4704
4705
4708
4710
4711
4720
4721
4724
4726
4727
4728
4729
4732
4734
4735
4864
4865
4868
4870
4871
4872
4873
4876
4878
4879
4896
4897
4900
4902
4903
4912
4913
4916
4918
4919
4920
4921
4924
4926
4927
4992
4993
4996
4998
4999
5000
5001
5004
5006
5007
5024
5025
5028
5030
5031
5040
5041
5044
5046
5047
5048
5049
5052
5054
5055
5056
5057
5060
5062
5063
5064
5065
5068
5070
5071
5088
5089
5092
5094
5095
5104
5105
5108
5110
5111
5112
5113
5116
5118
5119
6144
6145
6148
6150
6151
6152
6153
6156
6158
6159
6176
6177
6180
6182
6183
6192
6193
6196
6198
6199
6200
6201
6204
6206
6207
6208
6209
6212
6214
6215
6216
6217
6220
6222
6223
6240
6241
6244
6246
6247
6256
6257
6260
6262
6263
6264
6265
6268
6270
6271
6400
6401
6404
6406
6407
6408
6409
6412
6414
6415
6432
6433
6436
6438
6439
6448
6449
6452
6454
6455
6456
6457
6460
6462
6463
6528
6529
6532
6534
6535
6536
6537
6540
6542
6543
6560
6561
6564
6566
6567
6576
6577
6580
6582
6583
6584
6585
6588
6590
6591
6592
6593
6596
6598
6599
6600
6601
6604
6606
6607
6624
6625
6628
6630
6631
6640
6641
6644
6646
6647
6648
6649
6652
6654
6655
7168
7169
7172
7174
7175
7176
7177
7180
7182
7183
7200
7201
7204
7206
7207
7216
7217
7220
7222
7223
7224
7225
7228
7230
7231
7232
7233
7236
7238
7239
7240
7241
7244
7246
7247
7264
7265
7268
7270
7271
7280
7281
7284
7286
7287
7288
7289
7292
7294
7295
7424
7425
7428
7430
7431
7432
7433
7436
7438
7439
7456
7457
7460
7462
7463
7472
7473
7476
7478
7479
7480
7481
7484
7486
7487
7552
7553
7556
7558
7559
7560
7561
7564
7566
7567
7584
7585
7588
7590
7591
7600
7601
7604
7606
7607
7608
7609
7612
7614
7615
7616
7617
7620
7622
7623
7624
7625
7628
7630
7631
7648
7649
7652
7654
7655
7664
7665
7668
7670
7671
7672
7673
7676
7678
7679
7680
7681
7684
7686
7687
7688
7689
7692
7694
7695
7712
7713
7716
7718
7719
7728
7729
7732
7734
7735
7736
7737
7740
7742
7743
7744
7745
7748
7750
7751
7752
7753
7756
7758
7759
7776
7777
7780
7782
7783
7792
7793
7796
7798
7799
7800
7801
7804
7806
7807
7936
7937
7940
7942
7943
7944
7945
7948
7950
7951
7968
7969
7972
7974
7975
7984
7985
7988
7990
7991
7992
7993
7996
7998
7999
8064
8065
8068
8070
8071
8072
8073
8076
8078
8079
8096
8097
8100
8102
8103
8112
8113
8116
8118
8119
8120
8121
8124
8126
8127
8128
8129
8132
8134
8135
8136
8137
8140
8142
8143
8160
8161
8164
8166
8167
8176
8177
8180
8182
8183
8184
8185
8188
8190
8191
