2
3
4
5
6
7
8
9
10
11
12
13
14
15
16
17
18
19
20
21
22
23
24
25
26
27
28
29
30
31
32
33
34
35
36
37
38
39
40
41
42
43
44
45
46
47
48
49
50
51
52
53
54
55
56
57
58
59
60
61
62
63
64
65
66
67
68
69
70
71
72
73
74
75
76
77
78
79
80
81
82
83
84
85
86
87
88
89
90
91
92
93
94
95
96
97
98
99
100
101
102
103
104
105
106
107
108
109
110
111
112
113
114
115
116
117
118
119
120
121
122
123
124
125
126
127
128
129
130
131
132
133
134
135
136
137
138
139
140
141
142
143
144
145
146
147
148
149
150
151
152
153
154
155
156
157
158
159
160
161
162
163
164
165
166
167
168
169
170
171
172
173
174
175
176
177
178
179
180
181
182
183
184
185
186
187
188
189
190
191
192
193
194
195
196
197
198
199
200
201
202
203
204
205
206
207
208
209
210
211
212
213
214
215
216
217
218
219
220
221
222
223
224
225
226
227
228
229
230
231
232
233
234
235
236
237
238
239
240
241
242
243
244
245
246
247
248
249
250
251
252
253
254
255
256
257
259
260
261
262
263
264
265
266
267
268
269
270
271
272
273
274
275
276
277
278
279
280
281
282
283
284
285
286
287
288
289
291
292
293
294
295
296
297
298
299
300
301
302
303
304
305
306
307
308
309
310
311
312
313
314
315
316
317
318
319
320
321
323
324
325
326
327
328
329
330
331
332
333
334
335
336
337
338
339
340
341
342
343
344
345
346
347
348
349
350
351
352
353
354
355
356
357
358
359
360
361
362
363
364
365
366
367
368
369
371
372
373
374
375
376
377
378
379
380
381
382
383
384
385
386
387
388
389
390
391
392
393
394
396
397
398
399
400
401
402
403
404
405
406
407
408
409
410
411
412
413
414
415
416
417
418
419
420
421
422
423
424
425
426
427
428
429
430
431
432
433
434
435
436
437
438
439
440
441
442
443
444
445
446
447
448
449
450
451
452
453
454
455
456
457
458
460
461
462
463
464
465
466
468
469
470
472
473
474
475
476
477
478
480
481
482
483
484
485
486
487
488
489
490
491
492
493
494
495
496
497
498
499
500
501
502
503
504
505
506
507
508
509
510
511
512
513
514
515
516
517
518
519
520
521
522
523
524
525
526
527
528
529
530
531
532
533
534
536
537
538
539
540
541
542
543
544
545
546
547
548
549
550
551
552
553
554
555
556
557
558
559
560
561
562
563
564
565
566
567
568
569
570
571
572
573
574
575
576
577
578
579
580
581
582
583
584
585
586
587
588
589
590
591
592
593
594
595
596
597
598
599
600
601
602
603
604
605
606
607
608
609
610
611
612
613
614
615
616
617
618
619
620
621
622
623
624
625
626
627
628
629
630
631
632
633
634
635
636
637
638
639
640
641
642
643
644
645
646
647
648
649
650
651
652
653
654
655
656
657
658
659
660
661
662
663
664
665
666
667
668
669
670
671
672
673
674
675
676
677
678
680
681
682
684
685
686
687
688
689
690
691
692
693
694
695
696
697
699
700
701
702
703
704
705
706
707
711
712
713
714
715
716
717
718
719
720
721
722
723
724
725
726
727
728
729
730
731
732
733
734
735
736
737
738
739
740
741
742
744
745
746
747
748
749
750
751
752
753
754
755
756
757
758
760
761
762
763
764
765
766
767
768
769
770
771
772
773
774
775
776
777
778
779
780
781
782
783
784
785
786
787
788
789
790
791
792
793
794
795
796
797
798
799
800
801
803
804
805
806
807
808
809
812
813
814
815
816
817
818
819
820
821
822
823
824
825
827
828
829
830
831
832
833
834
835
836
837
838
839
840
841
842
843
844
845
846
847
848
849
850
851
852
853
854
855
856
857
858
859
860
861
862
863
864
865
866
867
868
869
870
871
872
873
874
875
876
877
878
879
880
881
882
883
884
885
886
887
888
889
890
891
892
893
894
895
896
897
898
899
900
901
902
903
904
905
906
907
908
909
910
911
912
913
914
915
916
917
918
919
920
921
922
923
924
925
926
927
928
929
930
931
932
933
934
935
936
937
938
939
940
941
942
943
944
945
947
948
949
950
951
952
953
956
957
958
959
960
961
962
963
964
965
966
967
968
969
970
971
972
973
974
975
976
977
978
979
980
981
982
984
985
986
987
988
989
990
991
992
993
994
995
996
997
998
999
1000
1001
1002
1003
1004
1005
1006
1007
1008
1009
1010
1011
1012
1013
1014
1015
1016
1017
1018
1019
1020
1021
1022
1023
1024
1025
1026
1027
1030
1031
1032
1033
1034
1035
1036
1037
1038
1039
1040
1041
1042
1043
1044
1045
1048
1049
1050
1051
1052
1053
1054
1055
1066
1067
1068
1069
1071
1072
1073
1074
1075
1076
1077
1078
1079
1080
1081
1084
1085
1086
1087
1088
1089
1090
1091
1094
1095
1096
1097
1098
1099
1100
1101
1102
1103
1104
1105
1106
1107
1108
1109
1110
1111
1112
1113
1114
1115
1116
1117
1118
1119
1120
1121
1122
1123
1126
1128
1129
1130
1131
1132
1133
1134
1135
1136
1137
1138
1139
1140
1143
1144
1145
1146
1147
1148
1149
1150
1151
1152
1153
1154
1155
1158
1159
1160
1161
1162
1163
1164
1165
1166
1167
1168
1169
1170
1171
1172
1173
1174
1176
1177
1178
1179
1180
1181
1182
1183
1184
1185
1186
1190
1192
1193
1194
1196
1197
1200
1201
1202
1204
1205
1206
1212
1213
1214
1216
1217
1218
1219
1224
1225
1226
1227
1228
1229
1230
1231
1232
1233
1234
1235
1236
1237
1238
1240
1241
1242
1243
1244
1245
1246
1247
1248
1249
1250
1251
1252
1253
1254
1256
1257
1258
1259
1260
1261
1262
1263
1264
1265
1266
1267
1268
1269
1270
1272
1273
1274
1275
1276
1277
1278
1279
1280
1281
1282
1283
1286
1288
1289
1290
1291
1292
1293
1294
1296
1297
1298
1300
1301
1302
1304
1305
1307
1308
1312
1313
1315
1316
1317
1318
1320
1321
1324
1325
1326
1328
1329
1330
1331
1332
1333
1334
1339
1340
1341
1342
1344
1345
1346
1347
1350
1352
1353
1354
1355
1356
1357
1360
1361
1362
1364
1365
1384
1385
1389
1390
1392
1393
1395
1396
1397
1398
1403
1404
1405
1406
1408
1409
1411
1416
1417
1419
1420
1421
1422
1428
1429
1430
1432
1433
1435
1436
1440
1441
1443
1444
1445
1446
1448
1449
1453
1454
1456
1457
1459
1485
1486
1492
1493
1494
1496
1497
1499
1500
1504
1505
1507
1508
1509
1510
1512
1513
1517
1518
1520
1521
1523
1524
1525
1526
1531
1532
1533
1534
1536
1537
1538
1539
1544
1545
1546
1547
1548
1549
1550
1551
1552
1553
1554
1555
1556
1557
1558
1560
1561
1562
1563
1564
1565
1566
1567
1588
1589
1590
1595
1596
1597
1598
1600
1601
1602
1603
1608
1609
1610
1611
1612
1613
1614
1615
1616
1617
1618
1619
1620
1621
1622
1624
1625
1626
1627
1628
1629
1630
1631
1632
1633
1634
1635
1636
1637
1638
1640
1641
1642
1643
1644
1645
1646
1647
1648
1649
1650
1651
1656
1657
1658
1659
1660
1661
1662
1663
1664
1665
1666
1667
1672
1673
1674
1675
1676
1677
1678
1679
1680
1681
1682
1683
1688
1689
1690
1691
1692
1693
1694
1695
1728
1729
1730
1731
1736
1737
1738
1739
1740
1741
1742
1743
1744
1745
1746
1747
1752
1753
1754
1755
1756
1757
1758
1759
1760
1761
1762
1763
1768
1769
1770
1771
1772
1773
1774
1775
1776
1777
1778
1779
1784
1785
1786
1787
1788
1789
1790
1791
1792
1793
1794
1795
1800
1801
1802
1803
1804
1805
1806
1807
1808
1809
1810
1811
1816
1817
1818
1819
1820
1821
1822
1823
1856
1857
1858
1859
1864
1865
1866
1867
1868
1869
1870
1871
1872
1873
1874
1875
1880
1881
1882
1883
1884
1885
1886
1887
1888
1889
1890
1891
1896
1897
1898
1899
1900
1901
1902
1903
1904
1905
1906
1907
1912
1913
1914
1915
1916
1917
1918
1919
1920
1921
1922
1923
1928
1929
1930
1931
1932
1933
1934
1935
1936
1937
1938
1939
1944
1945
1946
1947
1948
1949
1950
1951
1984
1985
1986
1987
1992
1993
1994
1995
1996
1997
1998
1999
2000
2001
2002
2003
2008
2009
2010
2011
2012
2013
2014
2015
2016
2017
2018
2019
2024
2025
2026
2027
2028
2029
2030
2031
2032
2033
2034
2035
2040
2041
2042
2043
2044
2045
2046
2047
2048
2049
2052
2053
2054
2055
2056
2057
2060
2061
2062
2063
2080
2081
2084
2085
2086
2087
2088
2089
2092
2093
2094
2095
2096
2097
2100
2101
2102
2103
2104
2105
2108
2109
2110
2111
2112
2113
2116
2117
2118
2119
2120
2121
2124
2125
2126
2127
2144
2145
2148
2149
2150
2151
2152
2153
2156
2157
2158
2159
2160
2161
2164
2165
2166
2167
2168
2169
2172
2173
2174
2175
2304
2305
2308
2309
2310
2311
2312
2313
2316
2317
2318
2319
2336
2337
2340
2341
2342
2343
2344
2345
2348
2349
2350
2351
2352
2353
2356
2357
2358
2359
2360
2361
2364
2365
2366
2367
2368
2369
2372
2373
2374
2375
2376
2377
2380
2381
2382
2383
2400
2401
2404
2405
2406
2407
2408
2409
2412
2413
2414
2415
2416
2417
2420
2421
2422
2423
2424
2425
2428
2429
2430
2431
2432
2433
2436
2437
2438
2439
2440
2441
2444
2445
2446
2447
2464
2465
2468
2469
2470
2471
2472
2473
2476
2477
2478
2479
2480
2481
2484
2485
2486
2487
2488
2489
2492
2493
2494
2495
2496
2497
2500
2501
2502
2503
2504
2505
2508
2509
2510
2511
2528
2529
2532
2533
2534
2535
2536
2537
2540
2541
2542
2543
2544
2545
2548
2549
2550
2551
2552
2553
2556
2557
2558
2559
2560
2561
2564
2565
2566
2567
2568
2569
2572
2573
2574
2575
2592
2593
2596
2597
2598
2599
2600
2601
2604
2605
2606
2607
2608
2609
2612
2613
2614
2615
2616
2617
2620
2621
2622
2623
2624
2625
2628
2629
2630
2631
2632
2633
2636
2637
2638
2639
2656
2657
2660
2661
2662
2663
2664
2665
2668
2669
2670
2671
2672
2673
2676
2677
2678
2679
2680
2681
2684
2685
2686
2687
2816
2817
2820
2821
2822
2823
2824
2825
2828
2829
2830
2831
2848
2849
2852
2853
2854
2855
2856
2857
2860
2861
2862
2863
2864
2865
2868
2869
2870
2871
2872
2873
2876
2877
2878
2879
2880
2881
2884
2885
2886
2887
2888
2889
2892
2893
2894
2895
2912
2913
2916
2917
2918
2919
2920
2921
2924
2925
2926
2927
2928
2929
2932
2933
2934
2935
2936
2937
2940
2941
2942
2943
2944
2945
2948
2949
2950
2951
2952
2953
2956
2957
2958
2959
2976
2977
2980
2981
2982
2983
2984
2985
2988
2989
2990
2991
2992
2993
2996
2997
2998
2999
3000
3001
3004
3005
3006
3007
3008
3009
3012
3013
3014
3015
3016
3017
3020
3021
3022
3023
3040
3041
3044
3045
3046
3047
3048
3049
3052
3053
3054
3055
3056
3057
3060
3061
3062
3063
3064
3065
3068
3069
3070
3071
3072
3073
3076
3077
3078
3079
3080
3081
3084
3085
3086
3087
3104
3105
3108
3109
3110
3111
3112
3113
3116
3117
3118
3119
3120
3121
3124
3125
3126
3127
3128
3129
3132
3133
3134
3135
3136
3137
3140
3141
3142
3143
3144
3145
3148
3149
3150
3151
3168
3169
3172
3173
3174
3175
3176
3177
3180
3181
3182
3183
3184
3185
3188
3189
3190
3191
3192
3193
3196
3197
3198
3199
3328
3329
3332
3333
3334
3335
3336
3337
3340
3341
3342
3343
3360
3361
3364
3365
3366
3367
3368
3369
3372
3373
3374
3375
3376
3377
3380
3381
3382
3383
3384
3385
3388
3389
3390
3391
3392
3393
3396
3397
3398
3399
3400
3401
3404
3405
3406
3407
3424
3425
3428
3429
3430
3431
3432
3433
3436
3437
3438
3439
3440
3441
3444
3445
3446
3447
3448
3449
3452
3453
3454
3455
3456
3457
3460
3461
3462
3463
3464
3465
3468
3469
3470
3471
3488
3489
3492
3493
3494
3495
3496
3497
3500
3501
3502
3503
3504
3505
3508
3509
3510
3511
3512
3513
3516
3517
3518
3519
3520
3521
3524
3525
3526
3527
3528
3529
3532
3533
3534
3535
3552
3553
3556
3557
3558
3559
3560
3561
3564
3565
3566
3567
3568
3569
3572
3573
3574
3575
3576
3577
3580
3581
3582
3583
3584
3585
3588
3589
3590
3591
3592
3593
3596
3597
3598
3599
3616
3617
3620
3621
3622
3623
3624
3625
3628
3629
3630
3631
3632
3633
3636
3637
3638
3639
3640
3641
3644
3645
3646
3647
3648
3649
3652
3653
3654
3655
3656
3657
3660
3661
3662
3663
3680
3681
3684
3685
3686
3687
3688
3689
3692
3693
3694
3695
3696
3697
3700
3701
3702
3703
3704
3705
3708
3709
3710
3711
3840
3841
3844
3845
3846
3847
3848
3849
3852
3853
3854
3855
3872
3873
3876
3877
3878
3879
3880
3881
3884
3885
3886
3887
3888
3889
3892
3893
3894
3895
3896
3897
3900
3901
3902
3903
3904
3905
3908
3909
3910
3911
3912
3913
3916
3917
3918
3919
3936
3937
3940
3941
3942
3943
3944
3945
3948
3949
3950
3951
3952
3953
3956
3957
3958
3959
3960
3961
3964
3965
3966
3967
3968
3969
3972
3973
3974
3975
3976
3977
3980
3981
3982
3983
4000
4001
4004
4005
4006
4007
4008
4009
4012
4013
4014
4015
4016
4017
4020
4021
4022
4023
4024
4025
4028
4029
4030
4031
4032
4033
4036
4037
4038
4039
4040
4041
4044
4045
4046
4047
4064
4065
4068
4069
4070
4071
4072
4073
4076
4077
4078
4079
4080
4081
4084
4085
4086
4087
4088
4089
4092
4093
4094
4095
4096
4097
4100
4101
4102
4103
4104
4105
4108
4109
4110
4111
4128
4129
4132
4133
4134
4135
4136
4137
4140
4141
4142
4143
4144
4145
4148
4149
4150
4151
4152
4153
4156
4157
4158
4159
4160
4161
4164
4165
4166
4167
4168
4169
4172
4173
4174
4175
4192
4193
4196
4197
4198
4199
4200
4201
4204
4205
4206
4207
4208
4209
4212
4213
4214
4215
4216
4217
4220
4221
4222
4223
4352
4353
4356
4357
4358
4359
4360
4361
4364
4365
4366
4367
4384
4385
4388
4389
4390
4391
4392
4393
4396
4397
4398
4399
4400
4401
4404
4405
4406
4407
4408
4409
4412
4413
4414
4415
4416
4417
4420
4421
4422
4423
4424
4425
4428
4429
4430
4431
4448
4449
4452
4453
4454
4455
4456
4457
4460
4461
4462
4463
4464
4465
4468
4469
4470
4471
4472
4473
4476
4477
4478
4479
4480
4481
4484
4485
4486
4487
4488
4489
4492
4493
4494
4495
4512
4513
4516
4517
4518
4519
4520
4521
4524
4525
4526
4527
4528
4529
4532
4533
4534
4535
4536
4537
4540
4541
4542
4543
4544
4545
4548
4549
4550
4551
4552
4553
4556
4557
4558
4559
4576
4577
4580
4581
4582
4583
4584
4585
4588
4589
4590
4591
4592
4593
4596
4597
4598
4599
4600
4601
4604
4605
4606
4607
4608
4609
4612
4613
4614
4615
4616
4617
4620
4621
4622
4623
4640
4641
4644
4645
4646
4647
4648
4649
4652
4653
4654
4655
4656
4657
4660
4661
4662
4663
4664
4665
4668
4669
4670
4671
4672
4673
4676
4677
4678
4679
4680
4681
4684
4685
4686
4687
4704
4705
4708
4709
4710
4711
4712
4713
4716
4717
4718
4719
4720
4721
4724
4725
4726
4727
4728
4729
4732
4733
4734
4735
4864
4865
4868
4869
4870
4871
4872
4873
4876
4877
4878
4879
4896
4897
4900
4901
4902
4903
4904
4905
4908
4909
4910
4911
4912
4913
4916
4917
4918
4919
4920
4921
4924
4925
4926
4927
4928
4929
4932
4933
4934
4935
4936
4937
4940
4941
4942
4943
4960
4961
4964
4965
4966
4967
4968
4969
4972
4973
4974
4975
4976
4977
4980
4981
4982
4983
4984
4985
4988
4989
4990
4991
4992
4993
4996
4997
4998
4999
5000
5001
5004
5005
5006
5007
5024
5025
5028
5029
5030
5031
5032
5033
5036
5037
5038
5039
5040
5041
5044
5045
5046
5047
5048
5049
5052
5053
5054
5055
5056
5057
5060
5061
5062
5063
5064
5065
5068
5069
5070
5071
5088
5089
5092
5093
5094
5095
5096
5097
5100
5101
5102
5103
5104
5105
5108
5109
5110
5111
5112
5113
5116
5117
5118
5119
6144
6145
6148
6149
6150
6151
6152
6153
6156
6157
6158
6159
6176
6177
6180
6181
6182
6183
6184
6185
6188
6189
6190
6191
6192
6193
6196
6197
6198
6199
6200
6201
6204
6205
6206
6207
6208
6209
6212
6213
6214
6215
6216
6217
6220
6221
6222
6223
6240
6241
6244
6245
6246
6247
6248
6249
6252
6253
6254
6255
6256
6257
6260
6261
6262
6263
6264
6265
6268
6269
6270
6271
6400
6401
6404
6405
6406
6407
6408
6409
6412
6413
6414
6415
6432
6433
6436
6437
6438
6439
6440
6441
6444
6445
6446
6447
6448
6449
6452
6453
6454
6455
6456
6457
6460
6461
6462
6463
6464
6465
6468
6469
6470
6471
6472
6473
6476
6477
6478
6479
6496
6497
6500
6501
6502
6503
6504
6505
6508
6509
6510
6511
6512
6513
6516
6517
6518
6519
6520
6521
6524
6525
6526
6527
6528
6529
6532
6533
6534
6535
6536
6537
6540
6541
6542
6543
6560
6561
6564
6565
6566
6567
6568
6569
6572
6573
6574
6575
6576
6577
6580
6581
6582
6583
6584
6585
6588
6589
6590
6591
6592
6593
6596
6597
6598
6599
6600
6601
6604
6605
6606
6607
6624
6625
6628
6629
6630
6631
6632
6633
6636
6637
6638
6639
6640
6641
6644
6645
6646
6647
6648
6649
6652
6653
6654
6655
6656
6657
6660
6661
6662
6663
6664
6665
6668
6669
6670
6671
6688
6689
6692
6693
6694
6695
6696
6697
6700
6701
6702
6703
6704
6705
6708
6709
6710
6711
6712
6713
6716
6717
6718
6719
6720
6721
6724
6725
6726
6727
6728
6729
6732
6733
6734
6735
6752
6753
6756
6757
6758
6759
6760
6761
6764
6765
6766
6767
6768
6769
6772
6773
6774
6775
6776
6777
6780
6781
6782
6783
6912
6913
6916
6917
6918
6919
6920
6921
6924
6925
6926
6927
6944
6945
6948
6949
6950
6951
6952
6953
6956
6957
6958
6959
6960
6961
6964
6965
6966
6967
6968
6969
6972
6973
6974
6975
6976
6977
6980
6981
6982
6983
6984
6985
6988
6989
6990
6991
7008
7009
7012
7013
7014
7015
7016
7017
7020
7021
7022
7023
7024
7025
7028
7029
7030
7031
7032
7033
7036
7037
7038
7039
7040
7041
7044
7045
7046
7047
7048
7049
7052
7053
7054
7055
7072
7073
7076
7077
7078
7079
7080
7081
7084
7085
7086
7087
7088
7089
7092
7093
7094
7095
7096
7097
7100
7101
7102
7103
7104
7105
7108
7109
7110
7111
7112
7113
7116
7117
7118
7119
7136
7137
7140
7141
7142
7143
7144
7145
7148
7149
7150
7151
7152
7153
7156
7157
7158
7159
7160
7161
7164
7165
7166
7167
7168
7169
7172
7173
7174
7175
7176
7177
7180
7181
7182
7183
7200
7201
7204
7205
7206
7207
7208
7209
7212
7213
7214
7215
7216
7217
7220
7221
7222
7223
7224
7225
7228
7229
7230
7231
7232
7233
7236
7237
7238
7239
7240
7241
7244
7245
7246
7247
7264
7265
7268
7269
7270
7271
7272
7273
7276
7277
7278
7279
7280
7281
7284
7285
7286
7287
7288
7289
7292
7293
7294
7295
7424
7425
7428
7429
7430
7431
7432
7433
7436
7437
7438
7439
7456
7457
7460
7461
7462
7463
7464
7465
7468
7469
7470
7471
7472
7473
7476
7477
7478
7479
7480
7481
7484
7485
7486
7487
7488
7489
7492
7493
7494
7495
7496
7497
7500
7501
7502
7503
7520
7521
7524
7525
7526
7527
7528
7529
7532
7533
7534
7535
7536
7537
7540
7541
7542
7543
7544
7545
7548
7549
7550
7551
7552
7553
7556
7557
7558
7559
7560
7561
7564
7565
7566
7567
7584
7585
7588
7589
7590
7591
7592
7593
7596
7597
7598
7599
7600
7601
7604
7605
7606
7607
7608
7609
7612
7613
7614
7615
7616
7617
7620
7621
7622
7623
7624
7625
7628
7629
7630
7631
7648
7649
7652
7653
7654
7655
7656
7657
7660
7661
7662
7663
7664
7665
7668
7669
7670
7671
7672
7673
7676
7677
7678
7679
7680
7681
7684
7685
7686
7687
7688
7689
7692
7693
7694
7695
7712
7713
7716
7717
7718
7719
7720
7721
7724
7725
7726
7727
7728
7729
7732
7733
7734
7735
7736
7737
7740
7741
7742
7743
7744
7745
7748
7749
7750
7751
7752
7753
7756
7757
7758
7759
7776
7777
7780
7781
7782
7783
7784
7785
7788
7789
7790
7791
7792
7793
7796
7797
7798
7799
7800
7801
7804
7805
7806
7807
7936
7937
7940
7941
7942
7943
7944
7945
7948
7949
7950
7951
7968
7969
7972
7973
7974
7975
7976
7977
7980
7981
7982
7983
7984
7985
7988
7989
7990
7991
7992
7993
7996
7997
7998
7999
8000
8001
8004
8005
8006
8007
8008
8009
8012
8013
8014
8015
8032
8033
8036
8037
8038
8039
8040
8041
8044
8045
8046
8047
8048
8049
8052
8053
8054
8055
8056
8057
8060
8061
8062
8063
8064
8065
8068
8069
8070
8071
8072
8073
8076
8077
8078
8079
8096
8097
8100
8101
8102
8103
8104
8105
8108
8109
8110
8111
8112
8113
8116
8117
8118
8119
8120
8121
8124
8125
8126
8127
8128
8129
8132
8133
8134
8135
8136
8137
8140
8141
8142
8143
8160
8161
8164
8165
8166
8167
8168
8169
8172
8173
8174
8175
8176
8177
8180
8181
8182
8183
8184
8185
8188
8189
8190
8191
