5
6
7
8
9
10
11
12
13
38
40
45
46
48
49
50
52
53
54
55
56
57
58
59
60
61
62
64
65
66
67
68
69
70
71
72
73
74
75
76
77
78
80
81
82
83
84
86
88
89
90
91
92
93
96
97
104
105
106
107
108
109
342
348
349
350
384
385
390
392
393
400
401
402
406
412
413
414
416
417
420
432
433
434
462
468
470
476
477
478
480
481
484
486
488
489
494
496
497
498
512
513
518
520
521
522
523
524
525
560
561
562
564
566
572
573
574
576
577
582
584
585
586
587
588
589
590
592
593
596
598
600
601
602
603
604
605
608
609
616
617
618
619
620
621
622
624
625
640
641
648
649
650
651
652
653
672
673
676
686
688
689
692
700
702
704
705
712
713
714
715
716
717
720
721
728
729
730
731
732
733
736
737
744
745
746
747
748
749
768
769
776
777
778
779
780
781
832
833
840
841
842
843
844
845
848
849
856
857
858
859
860
861
864
865
872
873
874
875
876
877
