2
3
4
5
6
7
8
9
10
11
12
13
14
15
16
17
18
19
20
21
22
23
24
25
26
27
28
29
30
31
32
33
34
35
36
37
38
39
40
41
42
43
44
45
46
47
48
49
50
51
52
53
54
55
56
57
58
59
60
61
62
63
64
65
66
67
68
69
70
71
72
73
74
75
76
77
78
79
80
81
82
83
84
85
86
87
88
89
90
91
92
93
94
95
96
97
98
99
100
101
102
103
104
105
108
109
110
111
112
113
114
116
117
118
119
120
121
122
123
124
125
126
127
128
129
130
131
132
133
134
135
136
137
138
139
140
141
142
143
144
145
146
147
148
149
150
151
152
153
154
155
156
157
158
159
160
161
162
163
165
166
167
168
169
171
172
173
174
175
176
177
178
179
180
181
182
183
184
185
186
187
188
189
190
191
192
193
194
195
196
197
198
199
200
201
202
203
204
205
206
207
208
209
210
211
212
213
214
215
216
217
218
219
220
221
222
223
224
225
226
227
228
229
230
231
232
233
234
235
236
237
238
239
240
241
242
243
244
245
246
247
248
249
250
251
252
253
254
255
256
257
258
259
260
261
262
263
264
265
266
267
268
269
270
271
272
273
274
275
277
278
279
280
281
283
284
285
286
287
288
289
290
291
292
293
294
295
296
297
298
299
300
301
302
303
304
305
306
307
309
310
311
312
313
314
315
316
317
318
319
320
321
322
323
324
325
326
327
328
329
330
331
332
333
334
336
337
338
339
341
342
343
344
345
346
347
348
349
350
351
352
353
354
355
356
357
358
359
360
361
362
363
364
365
366
367
368
369
370
371
373
374
375
376
377
378
379
380
381
382
383
384
385
386
387
388
389
390
391
392
393
395
396
397
398
399
400
401
402
403
405
406
407
408
409
411
412
413
414
415
416
417
418
419
420
421
422
423
424
425
426
427
428
429
430
431
432
433
434
435
437
438
439
440
441
442
443
444
445
446
447
448
449
450
451
452
453
454
455
456
457
458
459
460
461
462
463
464
465
466
468
469
470
471
472
473
475
476
477
478
479
480
481
482
483
485
486
487
488
489
490
491
492
493
494
495
496
497
498
499
500
501
502
503
504
505
506
507
508
509
510
511
512
513
514
515
516
517
518
519
520
521
522
523
524
525
526
527
528
529
530
531
532
533
534
535
536
537
538
539
540
541
542
543
544
545
546
547
549
550
551
552
553
554
555
557
558
559
560
561
562
563
565
566
567
568
569
570
571
572
573
574
575
576
577
578
579
580
581
582
583
584
585
586
587
588
589
590
591
592
593
594
596
597
598
600
601
602
603
604
605
606
607
608
609
610
611
612
613
614
616
617
620
621
622
623
624
625
626
627
628
629
630
631
632
633
634
635
636
637
638
639
640
641
642
643
645
646
647
648
649
650
651
653
654
655
656
657
658
662
663
664
665
666
667
668
669
670
671
672
673
674
675
677
678
679
680
681
684
685
691
692
693
694
695
696
697
699
700
701
702
703
704
705
707
708
709
710
711
712
713
714
715
716
717
719
720
721
722
723
725
726
727
728
729
730
731
733
736
737
738
739
741
743
744
745
746
747
748
749
750
751
752
753
754
755
756
757
758
759
760
761
762
763
764
765
767
768
769
771
772
773
776
777
778
780
781
783
784
785
786
787
788
789
792
793
796
797
798
799
800
801
802
805
806
807
808
809
810
811
814
815
816
817
818
819
821
824
825
828
829
832
833
835
836
837
840
841
843
844
845
847
849
852
853
854
855
860
861
862
863
864
865
869
870
871
872
873
876
877
884
885
889
892
893
896
897
899
900
901
902
903
904
905
907
908
909
910
911
917
918
919
925
926
927
928
929
931
932
933
936
937
940
941
944
945
948
949
950
956
957
958
960
961
963
965
966
967
968
969
973
974
975
976
977
978
981
982
984
985
989
992
993
994
1000
1001
1003
1004
1005
1008
1009
1011
1012
1013
1016
1017
1020
1021
1022
1023
1024
1025
1026
1027
1031
1032
1033
1034
1040
1041
1042
1043
1046
1047
1048
1049
1051
1053
1057
1058
1059
1061
1062
1063
1064
1065
1067
1069
1070
1071
1072
1078
1079
1080
1081
1082
1083
1085
1086
1087
1088
1089
1090
1095
1096
1097
1098
1099
1101
1102
1103
1104
1105
1106
1107
1113
1116
1117
1118
1119
1120
1121
1122
1126
1127
1128
1133
1134
1135
1136
1137
1140
1141
1142
1143
1144
1145
1146
1147
1148
1149
1150
1151
1152
1153
1154
1155
1156
1157
1159
1160
1161
1162
1164
1165
1166
1167
1168
1169
1170
1171
1173
1174
1175
1176
1177
1179
1180
1187
1189
1190
1192
1193
1195
1196
1197
1198
1200
1201
1204
1205
1206
1208
1209
1211
1213
1214
1215
1216
1217
1219
1220
1221
1222
1223
1224
1225
1231
1233
1235
1236
1237
1238
1239
1240
1241
1243
1244
1245
1246
1247
1248
1249
1251
1253
1254
1256
1257
1258
1259
1260
1261
1262
1264
1265
1267
1269
1271
1272
1273
1277
1278
1279
1280
1281
1282
1285
1288
1289
1292
1293
1294
1295
1296
1297
1300
1301
1302
1303
1304
1305
1307
1308
1309
1310
1311
1313
1316
1317
1318
1319
1320
1321
1323
1324
1325
1327
1328
1333
1334
1335
1337
1338
1339
1340
1341
1344
1345
1347
1348
1349
1350
1351
1352
1353
1356
1357
1358
1359
1363
1364
1365
1366
1368
1369
1371
1372
1373
1376
1377
1381
1382
1383
1384
1385
1387
1388
1389
1390
1392
1393
1395
1396
1397
1398
1404
1405
1406
1408
1409
1411
1412
1414
1415
1416
1417
1419
1421
1422
1423
1424
1425
1426
1427
1430
1431
1432
1435
1437
1438
1440
1441
1443
1448
1449
1452
1453
1454
1455
1456
1457
1458
1459
1460
1461
1462
1464
1467
1468
1469
1471
1472
1473
1478
1479
1480
1481
1482
1483
1484
1485
1488
1489
1490
1491
1496
1498
1499
1501
1502
1504
1505
1509
1510
1512
1513
1515
1516
1517
1518
1519
1520
1521
1524
1525
1526
1527
1528
1529
1532
1533
1534
1535
1536
1537
1538
1539
1542
1543
1544
1545
1546
1547
1548
1549
1551
1552
1553
1554
1555
1557
1558
1559
1560
1561
1563
1564
1565
1566
1568
1569
1570
1572
1573
1574
1576
1577
1579
1581
1582
1583
1584
1585
1589
1590
1591
1592
1593
1594
1595
1596
1597
1598
1599
1600
1601
1603
1605
1606
1607
1608
1609
1611
1612
1613
1615
1617
1619
1620
1621
1622
1624
1625
1628
1629
1630
1632
1633
1634
1639
1642
1643
1645
1646
1647
1648
1649
1650
1651
1652
1653
1654
1655
1656
1657
1659
1660
1661
1662
1663
1664
1665
1666
1669
1672
1673
1676
1677
1678
1680
1681
1682
1683
1685
1686
1688
1689
1691
1692
1693
1696
1697
1699
1701
1703
1704
1705
1706
1707
1709
1710
1711
1712
1713
1714
1715
1717
1718
1719
1720
1721
1723
1724
1726
1728
1729
1730
1731
1733
1734
1735
1736
1737
1739
1742
1743
1747
1748
1749
1750
1751
1752
1753
1755
1756
1758
1760
1761
1764
1767
1774
1776
1777
1782
1783
1785
1787
1788
1789
1791
1792
1793
1794
1796
1797
1798
1799
1800
1801
1804
1805
1806
1809
1810
1812
1813
1815
1817
1820
1821
1822
1824
1825
1828
1833
1837
1838
1840
1841
1846
1847
1848
1849
1852
1853
1854
1855
1856
1857
1861
1862
1864
1865
1867
1868
1869
1870
1872
1873
1874
1875
1876
1877
1880
1881
1882
1883
1884
1885
1887
1888
1889
1890
1891
1893
1896
1897
1900
1901
1902
1904
1905
1907
1908
1909
1910
1911
1912
1913
1915
1916
1917
1919
1920
1921
1922
1923
1925
1926
1928
1929
1933
1936
1937
1938
1939
1944
1945
1946
1947
1949
1950
1951
1952
1953
1954
1955
1960
1961
1964
1965
1966
1968
1969
1972
1973
1974
1975
1976
1977
1979
1980
1981
1983
1984
1985
1992
1993
1994
1995
1997
2001
2002
2003
2005
2006
2008
2009
2010
2011
2014
2015
2016
2017
2018
2019
2021
2024
2025
2027
2028
2029
2030
2032
2033
2036
2037
2038
2039
2040
2041
2043
2044
2045
2047
2048
2049
2052
2053
2056
2057
2059
2060
2061
2062
2063
2065
2067
2069
2071
2073
2076
2077
2080
2081
2084
2085
2086
2088
2089
2096
2097
2099
2102
2104
2109
2112
2113
2115
2117
2118
2120
2121
2123
2125
2128
2129
2131
2136
2137
2138
2139
2141
2142
2144
2145
2149
2151
2152
2153
2154
2155
2157
2158
2159
2161
2162
2163
2165
2171
2173
2174
2176
2177
2178
2179
2184
2185
2189
2191
2192
2193
2194
2195
2198
2199
2200
2201
2203
2209
2213
2215
2216
2218
2219
2223
2226
2227
2230
2231
2232
2238
2240
2241
2244
2245
2246
2248
2249
2252
2254
2255
2261
2265
2268
2270
2271
2272
2273
2276
2280
2281
2284
2286
2288
2289
2294
2295
2296
2297
2299
2301
2304
2305
2307
2308
2309
2310
2311
2312
2313
2315
2316
2317
2318
2320
2321
2325
2329
2332
2333
2334
2336
2337
2340
2341
2344
2345
2354
2355
2359
2360
2361
2365
2367
2368
2369
2373
2376
2377
2379
2384
2385
2386
2387
2390
2391
2392
2393
2394
2395
2399
2401
2402
2403
2416
2417
2419
2423
2424
2425
2429
2431
2432
2433
2435
2440
2443
2445
2446
2448
2449
2450
2451
2456
2457
2458
2459
2461
2463
2466
2467
2469
2470
2471
2472
2473
2478
2485
2487
2488
2489
2493
2494
2495
2496
2497
2499
2501
2502
2503
2504
2505
2509
2518
2521
2522
2523
2525
2527
2528
2529
2530
2531
2533
2534
2535
2536
2540
2541
2543
2544
2545
2547
2549
2551
2552
2553
2554
2555
2558
2559
2560
2561
2565
2566
2567
2568
2569
2571
2573
2574
2583
2584
2585
2588
2592
2593
2594
2595
2597
2598
2600
2602
2603
2607
2608
2609
2611
2620
2624
2625
2627
2628
2632
2633
2637
2647
2648
2660
2663
2664
2665
2666
2667
2668
2671
2673
2674
2675
2679
2682
2683
2688
2689
2690
2691
2696
2697
2704
2705
2706
2707
2712
2713
2719
2721
2727
2730
2731
2733
2735
2736
2737
2738
2739
2741
2743
2744
2745
2749
2750
2751
2752
2753
2754
2760
2761
2768
2769
2770
2771
2774
2775
2776
2777
2779
2781
2782
2783
2785
2787
2789
2790
2791
2792
2793
2794
2795
2797
2799
2800
2801
2802
2803
2805
2807
2808
2809
2814
2815
2819
2824
2825
2829
2831
2832
2833
2834
2835
2838
2839
2840
2841
2844
2845
2846
2847
2848
2849
2853
2855
2856
2857
2858
2859
2862
2863
2864
2865
2866
2867
2869
2870
2872
2876
2877
2880
2881
2884
2886
2887
2888
2889
2891
2893
2894
2895
2897
2901
2902
2904
2905
2908
2909
2912
2913
2917
2918
2921
2923
2926
2928
2929
2931
2933
2934
2937
2940
2941
2944
2945
2947
2948
2950
2952
2953
2957
2958
2961
2967
2968
2969
2970
2971
2974
2975
2978
2979
2980
2981
2982
2983
2984
2985
2988
2990
2992
2993
2998
2999
3000
3001
3002
3003
3006
3007
3008
3009
3010
3011
3012
3016
3017
3019
3021
3022
3023
3024
3025
3031
3032
3034
3035
3039
3040
3041
3042
3043
3045
3046
3052
3053
3054
3055
3059
3063
3064
3065
3066
3067
3071
3072
3073
3075
3077
3078
3079
3080
3081
3083
3086
3087
3091
3093
3094
3095
3096
3097
3099
3100
3102
3104
3105
3106
3109
3117
3118
3120
3121
3122
3123
3125
3126
3127
3128
3129
3130
3131
3132
3134
3135
3136
3137
3138
3139
3140
3142
3143
3144
3145
3149
3150
3151
3157
3160
3161
3165
3166
3171
3173
3175
3176
3177
3178
3179
3181
3182
3183
3184
3185
3186
3187
3189
3191
3192
3193
3194
3195
3197
3198
3199
3200
3201
3202
3203
3205
3206
3208
3209
3210
3211
3213
3214
3216
3217
3218
3219
3222
3223
3224
3225
3227
3229
3230
3231
3233
3237
3239
3240
3241
3242
3243
3245
3247
3248
3249
3250
3251
3253
3255
3256
3257
3258
3259
3261
3262
3263
3264
3265
3266
3267
3272
3273
3275
3278
3281
3286
3287
3288
3289
3293
3294
3295
3297
3299
3301
3303
3304
3305
3306
3307
3309
3310
3312
3313
3314
3315
3317
3318
3319
3320
3321
3323
3325
3326
3327
3331
3336
3337
3339
3341
3344
3345
3350
3351
3353
3356
3357
3358
3359
3360
3361
3365
3368
3369
3371
3373
3376
3377
3378
3379
3381
3382
3384
3385
3390
3392
3393
3395
3398
3399
3400
3401
3403
3405
3406
3407
3409
3413
3420
3424
3425
3426
3429
3430
3431
3435
3438
3440
3441
3442
3443
3446
3448
3449
3452
3453
3456
3457
3459
3460
3461
3462
3464
3465
3467
3469
3470
3473
3486
3494
3495
3496
3497
3502
3504
3505
3509
3510
3511
3512
3513
3517
3519
3520
3521
3522
3523
3527
3528
3529
3533
3534
3535
3537
3542
3547
3549
3550
3551
3553
3557
3558
3559
3560
3561
3565
3567
3569
3570
3571
3575
3576
3577
3583
3584
3585
3586
3587
3589
3590
3591
3592
3593
3594
3597
3598
3599
3600
3601
3602
3605
3608
3609
3622
3623
3624
3625
3629
3630
3632
3633
3634
3635
3637
3638
3639
3640
3641
3642
3643
3644
3645
3646
3647
3648
3649
3650
3651
3653
3654
3655
3656
3657
3660
3661
3662
3663
3665
3668
3669
3676
3679
3680
3681
3683
3684
3686
3687
3688
3689
3691
3692
3693
3696
3697
3698
3699
3700
3701
3703
3704
3705
3706
3707
3708
3710
3711
3712
3713
3714
3715
3717
3722
3724
3725
3728
3729
3730
3734
3735
3737
3740
3741
3742
3743
3744
3745
3749
3750
3752
3753
3755
3760
3761
3762
3763
3770
3771
3776
3777
3778
3779
3780
3781
3784
3786
3787
3788
3789
3790
3791
3793
3796
3797
3800
3801
3804
3805
3808
3809
3813
3814
3816
3817
3821
3827
3834
3835
3839
3840
3841
3845
3848
3850
3852
3853
3857
3860
3861
3862
3865
3867
3868
3883
3887
3888
3893
3897
3898
3899
3902
3904
3905
3912
3917
3926
3927
3933
3934
3935
3941
3942
3944
3945
3952
3958
3959
3960
3961
3968
3969
3973
3974
3975
3976
3977
3982
3983
3985
3989
3990
3991
3997
3998
3999
4005
4008
4009
4016
4022
4023
4024
4025
4032
4033
4038
4039
4040
4041
4046
4047
4053
4070
4072
4077
4078
4079
4080
4081
4085
4086
4087
4088
4089
4093
4094
4095
4096
4097
4098
4099
4102
4103
4104
4105
4106
4107
4108
4109
4110
4111
4112
4113
4114
4115
4116
4117
4118
4120
4121
4122
4123
4124
4125
4126
4127
4130
4131
4135
4138
4139
4141
4142
4143
4144
4145
4146
4147
4149
4150
4151
4152
4153
4154
4155
4156
4157
4158
4159
4160
4161
4162
4163
4165
4166
4167
4168
4169
4170
4171
4172
4173
4174
4175
4176
4177
4178
4180
4181
4184
4185
4186
4187
4188
4189
4190
4191
4192
4193
4194
4195
4197
4200
4201
4204
4205
4208
4209
4212
4213
4214
4216
4217
4218
4219
4220
4221
4222
4223
4224
4225
4226
4227
4231
4232
4233
4234
4239
4240
4241
4242
4243
4245
4246
4247
4248
4249
4251
4252
4253
4254
4255
4256
4257
4261
4262
4264
4265
4267
4268
4269
4270
4272
4273
4274
4275
4276
4277
4278
4281
4282
4283
4284
4285
4286
4287
4288
4289
4290
4291
4293
4294
4295
4296
4297
4303
4304
4305
4306
4307
4308
4309
4310
4312
4313
4315
4316
4318
4320
4321
4325
4326
4327
4328
4329
4330
4331
4332
4333
4334
4335
4336
4337
4338
4339
4340
4341
4342
4343
4344
4345
4347
4348
4349
4351
4365
4368
4369
4370
4371
4376
4377
4382
4389
4391
4392
4394
4395
4399
4402
4403
4407
4408
4409
4412
4415
4416
4417
4421
4428
4429
4432
4433
4434
4435
4436
4437
4438
4439
4440
4441
4442
4443
4445
4446
4447
4450
4451
4453
4456
4457
4462
4464
4465
4468
4469
4470
4471
4472
4473
4476
4479
4480
4481
4483
4485
4486
4487
4488
4489
4492
4493
4494
4495
4496
4497
4498
4499
4501
4502
4503
4504
4505
4509
4510
4511
4517
4520
4521
4524
4525
4526
4528
4529
4532
4533
4534
4535
4536
4537
4543
4544
4545
4546
4547
4549
4550
4551
4552
4553
4558
4559
4560
4562
4565
4568
4582
4584
4589
4590
4591
4592
4593
4597
4598
4599
4600
4601
4605
4606
4607
4608
4609
4610
4611
4614
4615
4616
4617
4618
4620
4621
4622
4623
4624
4625
4626
4627
4628
4629
4630
4632
4633
4634
4635
4636
4637
4638
4639
4642
4643
4647
4650
4651
4653
4654
4655
4656
4657
4658
4659
4661
4662
4663
4664
4665
4666
4667
4669
4670
4671
4672
4673
4674
4675
4678
4679
4680
4681
4682
4684
4685
4686
4687
4688
4690
4692
4693
4698
4699
4700
4701
4703
4704
4705
4706
4707
4712
4713
4716
4717
4718
4719
4720
4721
4724
4725
4726
4727
4728
4729
4730
4731
4732
4733
4734
4735
4736
4737
4738
4739
4741
4746
4752
4754
4758
4759
4765
4766
4767
4768
4769
4773
4776
4777
4780
4781
4788
4789
4796
4797
4805
4816
4817
4818
4819
4824
4825
4832
4833
4837
4839
4840
4841
4842
4843
4844
4845
4847
4850
4851
4852
4853
4855
4856
4857
4860
4861
4863
4864
4865
4872
4873
4876
4877
4880
4881
4882
4883
4884
4885
4888
4889
4892
4893
4903
4906
4907
4911
4914
4915
4921
4924
4928
4929
4933
4936
4937
4940
4941
4948
4949
4950
4951
4956
4957
4958
4959
4960
4961
4965
4966
4968
4969
4972
4973
4976
4980
4981
4982
4983
4984
4985
4988
4989
4992
4993
4997
4998
4999
5000
5001
5004
5005
5006
5007
5013
5014
5015
5021
5022
5023
5024
5025
5029
5030
5032
5033
5036
5037
5038
5039
5040
5044
5045
5046
5047
5048
5049
5052
5053
5056
5057
5062
5063
5064
5065
5070
5071
5077
5088
5089
5094
5096
5097
5100
5101
5102
5103
5104
5105
5108
5109
5110
5111
5112
5113
5116
5117
5118
5119
5150
5157
5158
5160
5165
5166
5167
5173
5174
5175
5176
5177
5181
5182
5183
5184
5185
5191
5192
5193
5199
5229
5230
5231
5236
5237
5238
5239
5240
5241
5244
5245
5246
5247
5253
5255
5256
5257
5260
5261
5263
5292
5293
5296
5297
5300
5301
5304
5305
5310
5311
5317
5320
5332
5333
5334
5335
5337
5340
5341
5342
5343
5344
5345
5349
5352
5353
5357
5360
5361
5365
5368
5369
5374
5375
5376
5377
5384
5385
5388
5389
5396
5397
5398
5399
5401
5404
5405
5406
5407
5413
5416
5417
5433
5436
5440
5441
5445
5446
5447
5448
5449
5452
5453
5454
5455
5460
5461
5468
5469
5472
5473
5480
5481
5484
5485
5492
5493
5500
5501
5529
5532
5536
5537
5544
5545
5548
5549
5556
5557
5564
5565
5600
5601
5608
5609
5612
5613
5620
5621
5628
5629
5735
5738
5739
5743
5746
5747
5760
5761
5768
5769
5776
5777
5778
5779
5784
5785
5799
5802
5803
5807
5810
5811
5824
5825
5832
5833
5888
5889
5896
5897
5900
5901
5908
5909
5916
5917
5943
5944
5945
5951
5952
5953
5960
5961
5964
5965
5968
5969
5970
5971
5972
5973
5976
5977
5978
5979
5980
5981
5983
5984
5985
5986
5987
5992
5993
5996
5997
6004
6005
6007
6008
6009
6012
6013
6015
6032
6033
6034
6035
6040
6041
6042
6043
6047
6048
6049
6050
6051
6056
6057
6060
6061
6068
6069
6071
6072
6073
6076
6077
6079
6080
6081
6088
6089
6106
6107
6111
6112
6113
6114
6115
6120
6121
6124
6125
6132
6133
6135
6136
6137
6140
6141
6143
6144
6145
6152
6153
6156
6157
6164
6165
6172
6173
6208
6209
6216
6217
6220
6221
6228
6229
6236
6237
6240
6241
6247
6248
6249
6250
6251
6252
6253
6255
6258
6259
6260
6261
6268
6269
6272
6273
6280
6281
6288
6289
6290
6291
6296
6297
6304
6305
6311
6312
6313
6314
6315
6316
6317
6319
6322
6323
6324
6325
6332
6333
6336
6337
6344
6345
6368
6369
6376
6377
6380
6381
6388
6389
6396
6397
6455
6456
6457
6463
6480
6481
6482
6483
6488
6489
6490
6491
6495
6498
6499
6519
6520
6521
6527
6544
6545
6546
6547
6552
6553
6656
6657
6664
6665
6668
6669
6676
6677
6684
6685
6720
6721
6728
6729
6732
6733
6740
6741
6748
6749
6752
6753
6760
6761
6764
6765
6772
6773
6780
6781
6816
6817
6824
6825
6828
6829
6832
6833
6836
6837
6840
6841
6844
6845
6846
6847
6870
6871
6877
6878
6879
6880
6881
6885
6888
6889
6892
6893
6896
6897
6900
6901
6904
6905
6908
6909
6910
6911
6912
6913
6920
6921
6924
6925
6932
6933
6934
6935
6940
6941
6942
6943
6949
6952
6953
6976
6977
6982
6983
6984
6985
6988
6989
6990
6991
6996
6997
7004
7005
7008
7009
7016
7017
7020
7021
7028
7029
7036
7037
7072
7073
7080
7081
7084
7085
7092
7093
7100
7101
7136
7137
7144
7145
7148
7149
7156
7157
7164
7165
7168
7169
7174
7175
7176
7177
7182
7183
7189
7213
7216
7217
7221
7224
7225
7230
7231
7232
7233
7238
7239
7240
7241
7246
7247
7253
7277
7280
7281
7285
7288
7289
7294
7295
7318
7319
7325
7326
7327
7333
7336
7337
7341
7344
7345
7349
7352
7353
7358
7359
7382
7383
7389
7390
7391
7397
7400
7401
7405
7408
7409
7413
7416
7417
7422
7423
7424
7425
7432
7433
7436
7437
7444
7445
7446
7447
7452
7453
7454
7455
7461
7464
7465
7488
7489
7494
7495
7496
7497
7500
7501
7502
7503
7508
7509
7516
7517
7520
7521
7528
7529
7532
7533
7540
7541
7548
7549
7584
7585
7592
7593
7596
7597
7604
7605
7612
7613
7648
7649
7656
7657
7660
7661
7668
7669
7676
7677
7680
7681
7686
7687
7688
7689
7694
7695
7701
7725
7728
7729
7733
7736
7737
7742
7743
7744
7745
7750
7751
7752
7753
7758
7759
7765
7789
7792
7793
7797
7800
7801
7806
7807
7830
7831
7837
7838
7839
7845
7848
7849
7936
7937
7944
7945
7948
7949
7956
7957
7964
7965
8000
8001
8008
8009
8012
8013
8020
8021
8022
8023
8028
8029
8030
8031
8032
8033
8037
8040
8041
8044
8045
8052
8053
8060
8061
8064
8065
8070
8071
8072
8073
8078
8079
8085
8086
8087
8093
8094
8095
8096
8097
8101
8104
8105
8108
8109
8116
8117
8124
8125
8128
8129
8134
8135
8136
8137
8142
8143
8149
8160
8161
8168
8169
8172
8173
8176
8177
8180
8181
8184
8185
8188
8189
8190
8191
9363
9365
9366
9368
9369
9371
9381
9384
9385
9387
9389
9390
9392
9393
9398
9408
9409
9411
9414
9416
9417
9427
9429
9430
9432
9433
9435
9509
9512
9513
9515
9517
9531
9533
9536
9537
9539
9542
9544
9545
9555
9557
9558
9559
9560
9561
9563
9565
9566
9567
9573
9576
9577
9579
9581
9582
9584
9585
9590
9600
9601
9603
9606
9607
9608
9609
9613
9614
9615
9621
9622
9623
9629
9630
9631
9637
9640
9641
9646
9648
9649
9654
9664
9665
9670
9671
9672
9673
9678
9679
9685
9709
9712
9713
9717
9720
9721
9726
9727
9728
9729
9731
9734
9736
9737
9747
9749
9750
9752
9753
9755
9758
9774
9776
9777
9782
9792
9793
9795
9798
9800
9801
9875
9877
9878
9880
9881
9883
9893
9896
9897
9899
9901
9902
9904
9905
9909
9910
9912
9913
9918
9919
9920
9921
9923
9926
9928
9929
9939
9941
9942
9943
9944
9945
9947
9949
9950
9951
9957
9960
9961
9965
9968
9969
9973
9976
9977
9982
9983
10006
10007
10013
10014
10015
10021
10024
10025
10048
10049
10054
10055
10056
10057
10062
10063
10069
10070
10071
10077
10078
10079
10085
10088
10089
10112
10113
10118
10119
10120
10121
10126
10127
10133
10134
10135
10141
10142
10143
10149
10152
10153
10176
10177
10182
10183
10184
10185
10190
10191
10197
10221
10224
10225
10229
10232
10233
10238
10239
10240
10241
10248
10249
10252
10253
10260
10261
10268
10269
10304
10305
10312
10313
10316
10317
10324
10325
10332
10333
10336
10337
10344
10345
10348
10349
10356
10357
10364
10365
10400
10401
10408
10409
10412
10413
10416
10417
10420
10421
10424
10425
10428
10429
10430
10431
10454
10455
10461
10462
10463
10464
10465
10469
10472
10473
10476
10477
10480
10481
10484
10485
10488
10489
10492
10493
10494
10495
10518
10519
10525
10526
10527
10533
10536
10537
10539
10541
10555
10557
10560
10561
10563
10566
10567
10568
10569
10574
10575
10579
10581
10582
10584
10585
10587
10597
10600
10601
10603
10605
10683
10685
10701
10707
10709
10710
10712
10713
10715
10725
10728
10729
10731
10733
10747
10749
10752
10753
10755
10758
10759
10760
10761
10764
10765
10766
10767
10771
10772
10773
10774
10776
10777
10779
10780
10781
10782
10797
10798
10800
10801
10805
10806
10808
10809
10814
10815
10816
10817
10819
10822
10823
10824
10825
10828
10829
10830
10831
10836
10837
10844
10845
10848
10849
10856
10857
10860
10861
10864
10865
10868
10869
10872
10873
10876
10877
10878
10879
10899
10901
10902
10903
10904
10905
10907
10909
10910
10911
10912
10913
10917
10920
10921
10923
10924
10925
10926
10928
10929
10932
10933
10934
10940
10941
10944
10945
10947
10950
10952
10953
10963
10965
10966
10968
10969
10971
10976
10977
10984
10985
10988
10989
10996
10997
11004
11005
11008
11009
11016
11017
11020
11021
11028
11029
11036
11037
11045
11048
11049
11051
11053
11067
11069
11072
11073
11075
11078
11080
11081
11084
11085
11091
11092
11093
11094
11096
11097
11099
11100
11101
11104
11105
11109
11112
11113
11115
11116
11117
11118
11120
11121
11124
11125
11126
11132
11133
11136
11137
11139
11142
11144
11145
11149
11166
11168
11169
11176
11177
11180
11181
11182
11184
11185
11188
11189
11190
11196
11197
11232
11233
11240
11241
11244
11245
11252
11253
11260
11261
11264
11265
11267
11270
11272
11273
11283
11285
11286
11288
11289
11291
11294
11310
11312
11313
11318
11328
11329
11331
11334
11336
11337
11341
11358
11365
11368
11369
11371
11373
11387
11389
11405
11486
11502
11504
11505
11510
11515
11517
11520
11521
11528
11529
11532
11533
11540
11541
11548
11549
11550
11584
11585
11592
11593
11596
11597
11604
11605
11612
11613
11616
11617
11624
11625
11628
11629
11630
11632
11633
11636
11637
11638
11644
11645
11648
11649
11651
11654
11656
11657
11661
11678
11680
11681
11688
11689
11692
11693
11694
11696
11697
11700
11701
11702
11708
11709
11744
11745
11752
11753
11756
11757
11764
11765
11772
11773
12032
12033
12040
12041
12044
12045
12052
12053
12060
12061
12096
12097
12104
12105
12108
12109
12116
12117
12124
12125
12128
12129
12136
12137
12140
12141
12148
12149
12156
12157
12192
12193
12200
12201
12204
12205
12212
12213
12220
12221
12256
12257
12264
12265
12268
12269
12276
12277
12284
12285
12288
12289
12291
12294
12296
12297
12307
12309
12310
12312
12313
12315
12318
12334
12336
12337
12342
12352
12353
12355
12358
12360
12361
12435
12437
12438
12440
12441
12443
12453
12456
12457
12459
12461
12462
12464
12465
12470
12480
12481
12483
12486
12488
12489
12499
12501
12502
12504
12505
12507
12510
12526
12528
12529
12534
12539
12541
12557
12574
12654
12656
12657
12662
12672
12673
12675
12678
12680
12681
12685
12702
12718
12720
12721
12726
12800
12801
12803
12806
12808
12809
12819
12821
12822
12824
12825
12827
12830
12846
12848
12849
12854
12864
12865
12867
12870
12872
12873
13111
13112
13113
13119
13136
13137
13138
13139
13144
13145
13146
13147
13151
13154
13155
13175
13176
13177
13183
13200
13201
13202
13203
13208
13209
13312
13313
13320
13321
13338
13339
13343
13346
13347
13351
13354
13355
13359
13362
13363
13376
13377
13384
13385
13402
13403
13407
13410
13411
13415
13418
13419
13423
13426
13427
13440
13441
13448
13449
13456
13457
13458
13459
13461
13462
13464
13465
13467
13477
13479
13480
13481
13482
13483
13485
13486
13487
13488
13489
13490
13491
13494
13504
13505
13507
13510
13512
13513
13523
13525
13526
13528
13529
13531
13605
13608
13609
13611
13613
13623
13624
13625
13627
13629
13631
13632
13633
13635
13638
13640
13641
13648
13649
13650
13651
13653
13654
13656
13657
13658
13659
13663
13666
13667
13669
13672
13673
13675
13677
13678
13680
13681
13686
13687
13688
13689
13695
13696
13697
13699
13702
13704
13705
13709
13712
13713
13714
13715
13720
13721
13726
13742
13744
13745
13750
13824
13825
13827
13830
13832
13833
13843
13845
13846
13848
13849
13850
13851
13854
13855
13858
13859
13863
13866
13867
13870
13871
13872
13873
13874
13875
13878
13888
13889
13891
13894
13896
13897
13914
13915
13919
13922
13923
13971
13973
13974
13976
13977
13979
13989
13992
13993
13995
13997
13998
14000
14001
14006
14016
14017
14019
14022
14024
14025
14035
14037
14038
14040
14041
14043
14046
14062
14064
14065
14070
14075
14077
14093
14110
14190
14192
14193
14198
14208
14209
14211
14214
14216
14217
14221
14238
14254
14256
14257
14262
14267
14269
14285
14336
14337
14344
14345
14348
14349
14356
14357
14364
14365
14400
14401
14408
14409
14412
14413
14420
14421
14428
14429
14432
14433
14440
14441
14444
14445
14452
14453
14460
14461
14496
14497
14504
14505
14508
14509
14516
14517
14524
14525
14560
14561
14568
14569
14572
14573
14580
14581
14588
14589
14746
14747
14751
14754
14755
14775
14776
14777
14783
14784
14785
14792
14793
14810
14811
14815
14818
14819
14839
14840
14841
14847
14848
14849
14856
14857
14860
14861
14868
14869
14876
14877
14912
14913
14920
14921
14924
14925
14932
14933
14940
14941
14944
14945
14951
14952
14953
14954
14955
14956
14957
14959
14962
14963
14964
14965
14972
14973
14976
14977
14984
14985
14992
14993
14994
14995
15000
15001
15008
15009
15015
15016
15017
15018
15019
15020
15021
15023
15026
15027
15028
15029
15036
15037
15040
15041
15048
15049
15056
15057
15058
15059
15064
15065
15072
15073
15079
15080
15081
15082
15083
15084
15085
15087
15090
15091
15092
15093
15095
15096
15097
15100
15101
15103
15104
15105
15112
15113
15116
15117
15120
15121
15122
15123
15124
15125
15128
15129
15132
15133
15143
15146
15147
15151
15154
15155
15168
15169
15176
15177
15180
15181
15188
15189
15196
15197
15200
15201
15208
15209
15212
15213
15220
15221
15228
15229
15258
15259
15263
15264
15265
15266
15267
15272
15273
15276
15277
15284
15285
15287
15288
15289
15292
15293
15295
15296
15297
15304
15305
15322
15323
15327
15328
15329
15330
15331
15336
15337
15340
15341
15348
15349
15351
15352
15353
15356
15357
15359
15463
15466
15467
15471
15474
15475
15488
15489
15496
15497
15504
15505
15506
15507
15512
15513
15527
15530
15531
15535
15538
15539
15552
15553
15560
15561
15568
15569
15570
15571
15576
15577
15591
15594
15595
15599
15602
15603
15607
15608
15609
15615
15616
15617
15624
15625
15628
15629
15632
15633
15634
15635
15636
15637
15640
15641
15644
15645
15655
15658
15659
15663
15666
15667
15680
15681
15688
15689
15692
15693
15700
15701
15708
15709
15712
15713
15720
15721
15724
15725
15732
15733
15740
15741
15770
15771
15775
15776
15777
15778
15779
15784
15785
15788
15789
15796
15797
15799
15800
15801
15804
15805
15807
15808
15809
15816
15817
15834
15835
15839
15840
15841
15842
15843
15848
15849
15852
15853
15860
15861
15863
15864
15865
15868
15869
15871
15872
15873
15880
15881
15898
15899
15903
15906
15907
15911
15914
15915
15919
15922
15923
15936
15937
15944
15945
15962
15963
15967
15970
15971
16080
16081
16082
16083
16088
16089
16103
16106
16107
16111
16114
16115
16119
16120
16121
16127
16128
16129
16136
16137
16140
16141
16144
16145
16146
16147
16148
16149
16152
16153
16156
16157
16167
16170
16171
16175
16178
16179
16192
16193
16200
16201
16204
16205
16212
16213
16220
16221
16224
16225
16232
16233
16236
16237
16244
16245
16252
16253
16282
16283
16287
16288
16289
16290
16291
16296
16297
16300
16301
16308
16309
16311
16312
16313
16316
16317
16319
16320
16321
16328
16329
16346
16347
16351
16352
16353
16354
16355
16360
16361
16364
16365
16372
16373
16375
16376
16377
16380
16381
16383
17207
17208
17209
17215
17232
17233
17234
17235
17240
17241
17242
17243
17247
17250
17251
17271
17272
17273
17279
17296
17297
17298
17299
17304
17305
17408
17409
17416
17417
17434
17435
17439
17442
17443
17447
17450
17451
17455
17458
17459
17472
17473
17480
17481
17498
17499
17503
17506
17507
17511
17514
17515
17519
17522
17523
17536
17537
17544
17545
17552
17553
17554
17555
17560
17561
17575
17578
17579
17583
17586
17587
17600
17601
17608
17609
17719
17720
17721
17727
17744
17745
17746
17747
17752
17753
17754
17755
17759
17762
17763
17783
17784
17785
17791
17808
17809
17810
17811
17816
17817
17920
17921
17928
17929
17946
17947
17951
17954
17955
17959
17962
17963
17967
17970
17971
17984
17985
17992
17993
18010
18011
18015
18018
18019
18842
18843
18847
18850
18851
18871
18872
18873
18879
18880
18881
18888
18889
18906
18907
18911
18914
18915
18935
18936
18937
18943
19047
19050
19051
19055
19058
19059
19072
19073
19080
19081
19088
19089
19090
19091
19096
19097
19111
19114
19115
19119
19122
19123
19136
19137
19144
19145
19152
19153
19154
19155
19160
19161
19175
19178
19179
19183
19186
19187
19191
19192
19193
19199
19216
19217
19218
19219
19224
19225
19239
19242
19243
19247
19250
19251
19354
19355
19359
19362
19363
19383
19384
19385
19391
19392
19393
19400
19401
19418
19419
19423
19426
19427
19447
19448
19449
19455
19559
19562
19563
19567
19570
19571
19584
19585
19592
19593
19600
19601
19602
19603
19608
19609
19623
19626
19627
19631
19634
19635
19648
19649
19656
19657
19664
19665
19666
19667
19672
19673
19687
19690
19691
19695
19698
19699
19703
19704
19705
19711
19728
19729
19730
19731
19736
19737
19751
19754
19755
19759
19762
19763
19866
19867
19871
19874
19875
19895
19896
19897
19903
19904
19905
19912
19913
19930
19931
19935
19938
19939
19959
19960
19961
19967
19968
19969
19976
19977
19994
19995
19999
21846
21847
21853
21854
21855
21861
21864
21865
21888
21889
21894
21895
21896
21897
21902
21903
21909
21910
21911
21917
21918
21919
21925
21928
21929
21952
21953
21958
21959
21960
21961
21966
21967
21973
21997
22000
22001
22005
22008
22009
22014
22015
22189
22192
22193
22197
22200
22201
22206
22207
22230
22231
22237
22238
22239
22245
22248
22249
22253
22256
22257
22261
22264
22265
22270
22271
22294
22295
22301
22302
22303
22309
22312
22313
22336
22337
22342
22343
22344
22345
22350
22351
22357
22358
22359
22365
22366
22367
22373
22376
22377
22400
22401
22406
22407
22408
22409
22414
22415
22421
22422
22423
22429
22430
22431
22437
22440
22441
22464
22465
22470
22471
22472
22473
22478
22479
22485
22509
22512
22513
22517
22520
22521
22526
22527
22701
22704
22705
22709
22712
22713
22718
22719
22742
22743
22749
22750
22751
22757
22760
22761
22765
22768
22769
22773
22776
22777
22782
22783
22806
22807
22813
22814
22815
22821
22824
22825
22848
22849
22854
22855
22856
22857
22862
22863
22869
23040
23041
23046
23047
23048
23049
23054
23055
23061
23085
23088
23089
23093
23096
23097
23102
23103
23104
23105
23110
23111
23112
23113
23118
23119
23125
23149
23152
23153
23157
23160
23161
23166
23167
23190
23191
23197
23198
23199
23205
23208
23209
24576
24577
24582
24583
24584
24585
24590
24591
24597
24621
24624
24625
24629
24632
24633
24638
24639
24640
24641
24646
24647
24648
24649
24654
24655
24661
24685
24688
24689
24693
24696
24697
24702
24703
24726
24727
24733
24734
24735
24741
24744
24745
24918
24919
24925
24926
24927
24933
24936
24937
24960
24961
24966
24967
24968
24969
24974
24975
24981
24982
24983
24989
24990
24991
24997
25000
25001
25024
25025
25030
25031
25032
25033
25038
25039
25045
25069
25072
25073
25077
25080
25081
25086
25087
25088
25089
25094
25095
25096
25097
25102
25103
25109
25133
25136
25137
25141
25144
25145
25150
25151
25152
25153
25158
25159
25160
25161
25166
25167
25173
25197
25200
25201
25205
25208
25209
25214
25215
25238
25239
25245
25246
25247
25253
25256
25257
25430
25431
25437
25438
25439
25445
25448
25449
25472
25473
25478
25479
25480
25481
25486
25487
25493
25494
25495
25501
25502
25503
25509
25512
25513
25536
25537
25542
25543
25544
25545
25550
25551
25557
25581
25584
25585
25589
25592
25593
25598
25599
25773
25776
25777
25781
25784
25785
25790
25791
25814
25815
25821
25822
25823
25829
25832
25833
25837
25840
25841
25845
25848
25849
25854
25855
25878
25879
25885
25886
25887
25893
25896
25897
25920
25921
25926
25927
25928
25929
25934
25935
25941
25942
25943
25949
25950
25951
25957
25960
25961
25984
25985
25990
25991
25992
25993
25998
25999
26005
26006
26007
26013
26014
26015
26021
26024
26025
26048
26049
26054
26055
26056
26057
26062
26063
26069
26093
26096
26097
26101
26104
26105
26110
26111
26285
26288
26289
26293
26296
26297
26302
26303
26326
26327
26333
26334
26335
26341
26344
26345
26349
26352
26353
26357
26360
26361
26366
26367
26390
26391
26397
26398
26399
26405
26408
26409
26432
26433
26438
26439
26440
26441
26446
26447
26453
26454
26455
26461
26462
26463
26469
26472
26473
26496
26497
26502
26503
26504
26505
26510
26511
26517
26518
26519
26525
26526
26527
26533
26536
26537
26560
26561
26566
26567
26568
26569
26574
26575
26581
26605
26608
26609
26613
26616
26617
26622
26623
26797
26800
26801
26805
26808
26809
26814
26815
26838
26839
26845
26846
26847
26853
26856
26857
26861
26864
26865
26869
26872
26873
26878
26879
26902
26903
26909
26910
26911
26917
26920
26921
26944
26945
26950
26951
26952
26953
26958
26959
26965
27136
27137
27142
27143
27144
27145
27150
27151
27157
27181
27184
27185
27189
27192
27193
27198
27199
27200
27201
27206
27207
27208
27209
27214
27215
27221
27245
27248
27249
27253
27256
27257
27262
27263
27286
27287
27293
27294
27295
27301
27304
27305
28672
28673
28678
28679
28680
28681
28686
28687
28693
28717
28720
28721
28725
28728
28729
28734
28735
28736
28737
28742
28743
28744
28745
28750
28751
28757
28781
28784
28785
28789
28792
28793
28798
28799
28822
28823
28829
28830
28831
28837
28840
28841
29014
29015
29021
29022
29023
29029
29032
29033
29056
29057
29062
29063
29064
29065
29070
29071
29077
29078
29079
29085
29086
29087
29093
29096
29097
29120
29121
29126
29127
29128
29129
29134
29135
29141
29165
29168
29169
29173
29176
29177
29182
29183
29184
29185
29190
29191
29192
29193
29198
29199
29205
29229
29232
29233
29237
29240
29241
29246
29247
29248
29249
29254
29255
29256
29257
29262
29263
29269
29293
29296
29297
29301
29304
29305
29310
29311
29334
29335
29341
29342
29343
29349
29352
29353
29526
29527
29533
29534
29535
29541
29544
29545
29568
29569
29574
29575
29576
29577
29582
29583
29589
29590
29591
29597
29598
29599
29605
29608
29609
29632
29633
29638
29639
29640
29641
29646
29647
29653
29677
29680
29681
29685
29688
29689
29694
29695
29869
29872
29873
29877
29880
29881
29886
29887
29910
29911
29917
29918
29919
29925
29928
29929
29933
29936
29937
29941
29944
29945
29950
29951
29974
29975
29981
29982
29983
29989
29992
29993
30016
30017
30022
30023
30024
30025
30030
30031
30037
31405
31408
31409
31413
31416
31417
31422
31423
31446
31447
31453
31454
31455
31461
31464
31465
31469
31472
31473
31477
31480
31481
31486
31487
31510
31511
31517
31518
31519
31525
31528
31529
31552
31553
31558
31559
31560
31561
31566
31567
31573
31744
31745
31750
31751
31752
31753
31758
31759
31765
31789
31792
31793
31797
31800
31801
31806
31807
31808
31809
31814
31815
31816
31817
31822
31823
31829
31853
31856
31857
31861
31864
31865
31870
31871
31894
31895
31901
31902
31903
31909
31912
31913
31917
31920
31921
31925
31928
31929
31934
31935
31958
31959
31965
31966
31967
31973
31976
31977
31981
31984
31985
31989
31992
31993
31998
31999
32022
32023
32029
32030
32031
32037
32040
32041
32064
32065
32070
32071
32072
32073
32078
32079
32085
32256
32257
32262
32263
32264
32265
32270
32271
32277
32301
32304
32305
32309
32312
32313
32318
32319
32320
32321
32326
32327
32328
32329
32334
32335
32341
32365
32368
32369
32373
32376
32377
32382
32383
32406
32407
32413
32414
32415
32421
32424
32425
32598
32599
32605
32606
32607
32613
32616
32617
32640
32641
32646
32647
32648
32649
32654
32655
32661
32662
32663
32669
32670
32671
32677
32680
32681
32704
32705
32710
32711
32712
32713
32718
32719
32725
32749
32752
32753
32757
32760
32761
32766
32767
32768
32769
32774
32775
32776
32777
32780
32781
32782
32783
32788
32789
32796
32797
32813
32816
32817
32821
32824
32825
32830
32831
32832
32833
32838
32839
32840
32841
32844
32845
32846
32847
32852
32853
32860
32861
32864
32865
32872
32873
32876
32877
32880
32881
32884
32885
32888
32889
32892
32893
32894
32895
32918
32919
32925
32926
32927
32928
32929
32933
32936
32937
32940
32941
32948
32949
32956
32957
32992
32993
33000
33001
33004
33005
33012
33013
33020
33021
33110
33111
33117
33118
33119
33125
33128
33129
33152
33153
33158
33159
33160
33161
33166
33167
33173
33174
33175
33181
33182
33183
33189
33192
33193
33216
33217
33222
33223
33224
33225
33230
33231
33237
33261
33264
33265
33269
33272
33273
33278
33279
33280
33281
33286
33287
33288
33289
33292
33293
33294
33295
33300
33301
33308
33309
33325
33328
33329
33333
33344
33345
33352
33353
33356
33357
33364
33365
33372
33373
33376
33377
33384
33385
33388
33389
33396
33397
33404
33405
33440
33441
33448
33449
33452
33453
33460
33461
33468
33469
33504
33505
33512
33513
33516
33517
33524
33525
33532
33533
33536
33537
33544
33545
33548
33549
33556
33557
33564
33565
33600
33601
33608
33609
33612
33613
33620
33621
33628
33629
33632
33633
33640
33641
33644
33645
33652
33653
33660
33661
33696
33697
33704
33705
33708
33709
33716
33717
33724
33725
33760
33761
33768
33769
33772
33773
33780
33781
33788
33789
34048
34049
34056
34057
34060
34061
34068
34069
34076
34077
34112
34113
34120
34121
34124
34125
34132
34133
34140
34141
34144
34145
34152
34153
34156
34157
34164
34165
34172
34173
34208
34209
34216
34217
34220
34221
34228
34229
34236
34237
34272
34273
34280
34281
34284
34285
34292
34293
34300
34301
34560
34561
34568
34569
34572
34573
34580
34581
34588
34589
34624
34625
34632
34633
34636
34637
34644
34645
34652
34653
34656
34657
34664
34665
34668
34669
34676
34677
34684
34685
34720
34721
34728
34729
34732
34733
34740
34741
34748
34749
34784
34785
34792
34793
34796
34797
34804
34805
34812
34813
36864
36865
36872
36873
36876
36877
36884
36885
36892
36893
36928
36929
36936
36937
36940
36941
36948
36949
36956
36957
36960
36961
36968
36969
36972
36973
36980
36981
36988
36989
37024
37025
37032
37033
37036
37037
37044
37045
37052
37053
37088
37089
37096
37097
37100
37101
37108
37109
37116
37117
37376
37377
37384
37385
37388
37389
37396
37397
37404
37405
37440
37441
37448
37449
37452
37453
37460
37461
37468
37469
37472
37473
37480
37481
37484
37485
37492
37493
37500
37501
37536
37537
37544
37545
37548
37549
37556
37557
37564
37565
37600
37601
37608
37609
37612
37613
37620
37621
37628
37629
37632
37633
37640
37641
37644
37645
37652
37653
37660
37661
37696
37697
37704
37705
37708
37709
37716
37717
37724
37725
37728
37729
37736
37737
37740
37741
37748
37749
37756
37757
37792
37793
37800
37801
37804
37805
37812
37813
37820
37821
37856
37857
37864
37865
37868
37869
37876
37877
37884
37885
38144
38145
38152
38153
38156
38157
38164
38165
38172
38173
38208
38209
38216
38217
38220
38221
38228
38229
38236
38237
38240
38241
38248
38249
38252
38253
38260
38261
38268
38269
38304
38305
38312
38313
38316
38317
38324
38325
38332
38333
38368
38369
38376
38377
38380
38381
38388
38389
38396
38397
38656
38657
38664
38665
38668
38669
38676
38677
38684
38685
38720
38721
38728
38729
38732
38733
38740
38741
38748
38749
38752
38753
38760
38761
38764
38765
38772
38773
38780
38781
38816
38817
38824
38825
38828
38829
38836
38837
38844
38845
38880
38881
38888
38889
38892
38893
38900
38901
38908
38909
38912
38913
38920
38921
38924
38925
38932
38933
38940
38941
38976
38977
38984
38985
38988
38989
38996
38997
39004
39005
39008
39009
39016
39017
39020
39021
39028
39029
39036
39037
39072
39073
39080
39081
39084
39085
39092
39093
39100
39101
39136
39137
39144
39145
39148
39149
39156
39157
39164
39165
39424
39425
39432
39433
39436
39437
39444
39445
39452
39453
39488
39489
39496
39497
39500
39501
39508
39509
39516
39517
39520
39521
39528
39529
39532
39533
39540
39541
39548
39549
39584
39585
39592
39593
39596
39597
39604
39605
39612
39613
39648
39649
39656
39657
39660
39661
39668
39669
39676
39677
39680
39681
39688
39689
39692
39693
39700
39701
39708
39709
39744
39745
39752
39753
39756
39757
39764
39765
39772
39773
39776
39777
39784
39785
39788
39789
39796
39797
39804
39805
39840
39841
39848
39849
39852
39853
39860
39861
39868
39869
39904
39905
39912
39913
39916
39917
39924
39925
39932
39933
40192
40193
40200
40201
40204
40205
40212
40213
40220
40221
40256
40257
40264
40265
40268
40269
40276
40277
40284
40285
40288
40289
40296
40297
40300
40301
40308
40309
40316
40317
40352
40353
40360
40361
40364
40365
40372
40373
40380
40381
40416
40417
40424
40425
40428
40429
40436
40437
40444
40445
40704
40705
40712
40713
40716
40717
40724
40725
40732
40733
40768
40769
40776
40777
40780
40781
40788
40789
40796
40797
40800
40801
40808
40809
40812
40813
40820
40821
40828
40829
40864
40865
40872
40873
40876
40877
40884
40885
40892
40893
40928
40929
40936
40937
40940
40941
40948
40949
40956
40957
43008
43009
43016
43017
43020
43021
43028
43029
43036
43037
43072
43073
43080
43081
43084
43085
43092
43093
43100
43101
43104
43105
43112
43113
43116
43117
43124
43125
43132
43133
43168
43169
43176
43177
43180
43181
43188
43189
43196
43197
43232
43233
43240
43241
43244
43245
43252
43253
43260
43261
43520
43521
43528
43529
43532
43533
43540
43541
43548
43549
43584
43585
43592
43593
43596
43597
43604
43605
43612
43613
43616
43617
43624
43625
43628
43629
43636
43637
43644
43645
43680
43681
43688
43689
43692
43693
43700
43701
43708
43709
43744
43745
43752
43753
43756
43757
43764
43765
43772
43773
43776
43777
43784
43785
43788
43789
43796
43797
43804
43805
43840
43841
43848
43849
43852
43853
43860
43861
43868
43869
43872
43873
43880
43881
43884
43885
43892
43893
43900
43901
43936
43937
43944
43945
43948
43949
43956
43957
43964
43965
44000
44001
44008
44009
44012
44013
44020
44021
44028
44029
44288
44289
44296
44297
44300
44301
44308
44309
44316
44317
44352
44353
44360
44361
44364
44365
44372
44373
44380
44381
44384
44385
44392
44393
44396
44397
44404
44405
44412
44413
44448
44449
44456
44457
44460
44461
44468
44469
44476
44477
44512
44513
44520
44521
44524
44525
44532
44533
44540
44541
44800
44801
44808
44809
44812
44813
44820
44821
44828
44829
44864
44865
44872
44873
44876
44877
44884
44885
44892
44893
44896
44897
44904
44905
44908
44909
44916
44917
44924
44925
44960
44961
44968
44969
44972
44973
44980
44981
44988
44989
45024
45025
45032
45033
45036
45037
45044
45045
45052
45053
47104
47105
47112
47113
47116
47117
47124
47125
47132
47133
47168
47169
47176
47177
47180
47181
47188
47189
47196
47197
47200
47201
47208
47209
47212
47213
47220
47221
47228
47229
47264
47265
47272
47273
47276
47277
47284
47285
47292
47293
47328
47329
47336
47337
47340
47341
47348
47349
47356
47357
47616
47617
47624
47625
47628
47629
47636
47637
47644
47645
47680
47681
47688
47689
47692
47693
47700
47701
47708
47709
47712
47713
47720
47721
47724
47725
47732
47733
47740
47741
47776
47777
47784
47785
47788
47789
47796
47797
47804
47805
47840
47841
47848
47849
47852
47853
47860
47861
47868
47869
47872
47873
47880
47881
47884
47885
47892
47893
47900
47901
47936
47937
47944
47945
47948
47949
47956
47957
47964
47965
47968
47969
47976
47977
47980
47981
47988
47989
47996
47997
48032
48033
48040
48041
48044
48045
48052
48053
48060
48061
48096
48097
48104
48105
48108
48109
48116
48117
48124
48125
48384
48385
48392
48393
48396
48397
48404
48405
48412
48413
48448
48449
48456
48457
48460
48461
48468
48469
48476
48477
48480
48481
48488
48489
48492
48493
48500
48501
48508
48509
48544
48545
48552
48553
48556
48557
48564
48565
48572
48573
48608
48609
48616
48617
48620
48621
48628
48629
48636
48637
48896
48897
48904
48905
48908
48909
48916
48917
48924
48925
48960
48961
48968
48969
48972
48973
48980
48981
48988
48989
48992
48993
49000
49001
49004
49005
49012
49013
49020
49021
49056
49057
49064
49065
49068
49069
49076
49077
49084
49085
49120
49121
49128
49129
49132
49133
49140
49141
49148
49149
49152
49153
49160
49161
49164
49165
49172
49173
49180
49181
49216
49217
49224
49225
49228
49229
49236
49237
49244
49245
49248
49249
49256
49257
49260
49261
49268
49269
49276
49277
49312
49313
49320
49321
49324
49325
49332
49333
49340
49341
49376
49377
49384
49385
49388
49389
49396
49397
49404
49405
49664
49665
49672
49673
49676
49677
49684
49685
49692
49693
49728
49729
49736
49737
49740
49741
49748
49749
49756
49757
49760
49761
49768
49769
49772
49773
49780
49781
49788
49789
49824
49825
49832
49833
49836
49837
49844
49845
49852
49853
49888
49889
49896
49897
49900
49901
49908
49909
49916
49917
49920
49921
49928
49929
49932
49933
49940
49941
49948
49949
49984
49985
49992
49993
49996
49997
