2
3
4
6
8
9
12
16
17
18
19
22
24
25
27
32
33
34
36
41
43
48
49
51
54
57
59
64
65
66
67
68
72
73
76
81
89
96
97
100
114
121
128
129
130
131
132
136
137
140
144
145
146
147
152
153
171
176
177
178
179
192
193
194
195
200
201
228
236
256
257
260
264
265
268
288
289
292
342
344
347
363
384
385
387
390
392
406
408
456
484
512
513
514
515
516
518
520
521
524
528
529
530
531
534
536
537
544
545
548
576
577
578
579
580
584
585
588
608
609
612
684
712
768
769
772
776
777
780
800
801
804
1024
1025
1026
1027
1032
1033
1040
1041
1042
1043
1048
1049
1088
1089
1090
1091
1096
1097
1152
1153
1154
1155
1160
1161
1168
1169
1170
1171
1176
1177
1216
1217
1218
1219
1224
1225
1536
1537
1538
1539
1544
1545
1552
1553
1554
1555
1560
1561
1600
1601
1602
1603
1608
1609
2048
2049
2052
2056
2057
2060
2080
2081
2084
2112
2113
2116
2120
2121
2124
2144
2145
2148
2304
2305
2308
2312
2313
2316
2336
2337
2340
4096
4097
4100
4104
4105
4108
4128
4129
4132
4160
4161
4164
4168
4169
4172
4192
4193
4196
4352
4353
4356
4360
4361
4364
4384
4385
4388
4608
4609
4612
4616
4617
4620
4640
4641
4644
4672
4673
4676
4680
4681
4684
4704
4705
4708
4864
4865
4868
4872
4873
4876
4896
4897
4900
6144
6145
6148
6152
6153
6156
6176
6177
6180
6208
6209
6212
6216
6217
6220
6240
6241
6244
6400
6401
6404
6408
6409
6412
6432
6433
6436
