8
9
14
15
39
57
60
64
65
71
72
73
78
79
92
100
103
105
112
113
120
121
126
127
274
312
338
456
480
512
513
520
521
526
527
546
568
576
577
584
585
590
591
624
625
632
633
638
639
736
798
800
809
828
840
855
862
896
897
904
905
910
911
960
961
968
969
974
975
1008
1009
1016
1017
1022
1023
4096
4097
4104
4105
4110
4111
4160
4161
4168
4169
4174
4175
4208
4209
4216
4217
4222
4223
4608
4609
4616
4617
4622
4623
4672
4673
4680
4681
4686
4687
4720
4721
4728
4729
4734
4735
4992
4993
5000
5001
5006
5007
5056
5057
5064
5065
5070
5071
5104
5105
5112
5113
5118
5119
7168
7169
7176
7177
7182
7183
7232
7233
7240
7241
7246
7247
7280
7281
7288
7289
7294
7295
7680
7681
7688
7689
7694
7695
7744
7745
7752
7753
7758
7759
7792
7793
7800
7801
7806
7807
8064
8065
8072
8073
8078
8079
8128
8129
8136
8137
8142
8143
8176
8177
8184
8185
8190
8191
