2
4
5
6
7
8
9
10
12
13
14
15
16
17
18
29
30
31
32
33
34
36
37
39
40
41
47
48
49
52
53
54
55
56
57
58
60
61
64
65
66
68
69
70
72
73
74
76
78
79
80
81
82
86
87
95
96
97
103
104
109
111
114
116
117
118
120
121
122
128
129
130
136
137
138
143
144
145
146
256
257
260
261
264
265
288
289
292
293
296
297
312
313
316
317
318
320
321
324
325
328
329
351
376
377
382
384
385
390
392
393
480
481
484
485
488
489
512
513
514
516
517
518
520
521
522
527
528
529
530
544
545
548
549
551
552
553
559
560
561
572
573
576
577
578
580
581
582
584
585
586
590
591
592
593
594
598
599
615
623
624
625
632
633
634
640
641
642
648
649
650
654
655
656
657
658
662
663
679
687
688
689
696
697
702
855
863
871
919
927
935
960
961
962
968
969
970
975
976
977
978
983
991
999
1024
1025
1026
1032
1033
1034
1039
1040
1041
1042
1088
1089
1090
1096
1097
1098
1103
1104
1105
1106
1144
1145
1146
1152
1153
1154
1160
1161
1162
1167
1168
1169
1170
