2
3
4
5
6
7
8
9
10
11
12
13
14
15
16
17
18
19
20
21
22
23
24
25
26
27
28
29
30
31
32
33
34
35
36
37
38
39
40
41
42
43
44
45
46
47
48
49
50
51
52
53
54
55
56
57
58
59
60
61
62
63
64
65
66
67
68
69
70
71
72
73
74
75
76
77
78
79
80
81
82
83
84
85
86
87
88
89
90
91
92
93
94
95
96
97
98
99
100
101
102
103
104
105
106
107
108
109
110
111
112
113
114
115
116
117
118
119
120
121
122
123
124
125
126
127
128
129
130
131
132
133
134
135
136
137
138
139
140
141
142
143
144
145
146
147
148
149
150
151
152
153
154
155
156
157
158
159
160
161
162
163
164
165
166
167
168
169
170
171
172
173
174
175
176
177
178
179
180
181
182
183
184
185
186
187
188
189
190
191
192
193
194
195
196
197
198
199
200
201
202
203
204
205
206
207
208
209
210
211
212
213
214
215
216
217
218
219
220
221
222
223
224
225
226
227
228
229
230
231
232
233
234
235
236
237
238
239
240
241
242
243
244
245
246
247
248
249
250
251
252
253
254
255
256
257
259
260
261
262
263
264
265
267
268
269
270
271
272
273
274
275
276
277
279
280
281
282
283
284
285
286
287
288
289
290
291
292
293
294
295
296
297
299
300
301
303
304
305
306
307
308
309
310
311
312
313
314
315
316
317
318
320
321
322
323
324
325
326
327
328
329
330
331
332
333
334
335
336
337
338
339
340
341
342
343
344
345
346
347
348
349
350
351
352
353
354
355
356
357
358
359
360
361
362
363
364
365
366
367
368
369
370
371
372
373
374
375
376
377
379
380
381
382
383
384
385
386
387
388
389
390
391
392
393
394
395
396
397
399
400
401
402
403
404
405
406
407
408
409
410
411
412
413
414
415
416
417
418
419
420
421
422
423
424
425
426
427
428
429
431
432
433
434
435
436
437
438
439
440
441
442
443
444
445
446
447
448
449
450
451
452
453
454
455
456
457
458
459
460
461
462
463
464
465
466
467
468
469
470
471
472
473
474
475
476
477
478
479
480
481
482
483
484
485
486
487
488
489
490
491
492
493
494
495
496
497
498
499
500
501
502
503
504
505
506
507
508
509
510
512
513
514
515
516
517
518
519
520
521
522
523
524
525
526
527
528
529
530
531
532
533
534
535
536
537
538
539
540
541
542
543
544
545
546
547
548
549
550
551
552
553
554
555
556
557
558
559
560
561
562
563
564
565
566
567
568
569
570
571
572
573
574
575
576
577
578
579
580
581
582
583
584
585
586
587
588
589
591
592
593
594
595
596
597
598
599
600
601
602
603
604
605
606
607
608
609
611
612
613
614
615
616
617
618
619
620
621
623
624
625
626
627
628
629
630
631
632
633
634
635
636
637
639
640
641
642
643
644
645
646
647
648
649
650
651
652
653
654
656
657
658
659
660
661
662
663
664
665
666
667
668
669
670
671
672
673
674
675
676
677
678
679
680
681
683
684
685
686
687
688
689
690
691
692
693
694
695
696
697
698
699
701
702
703
704
705
706
707
708
709
710
711
712
713
714
715
716
717
719
720
721
722
723
724
725
726
727
728
729
730
731
732
733
734
735
736
737
738
739
740
741
742
743
744
745
746
747
748
749
750
751
752
753
754
755
756
757
758
759
760
761
762
763
764
765
767
768
769
771
772
773
775
776
777
779
780
781
782
783
784
785
786
787
788
789
790
791
792
793
794
795
796
797
798
799
800
801
803
804
805
806
807
808
809
810
811
812
813
814
815
816
817
818
819
820
821
822
823
824
825
826
827
828
830
831
832
833
835
836
837
838
839
840
841
843
844
845
846
849
850
851
853
854
855
856
857
859
860
861
863
864
865
867
868
869
871
872
873
875
876
877
878
879
880
881
883
884
885
886
887
888
889
891
892
895
896
897
898
899
900
901
902
904
905
907
908
909
911
912
913
915
916
917
918
919
920
921
923
924
927
928
929
930
931
932
933
934
935
936
937
939
940
941
943
945
947
948
949
951
952
953
954
955
956
957
959
960
961
962
963
964
965
967
968
969
970
971
972
973
975
976
977
980
981
982
983
984
985
986
987
988
991
992
993
995
996
997
999
1000
1001
1003
1004
1005
1007
1009
1012
1013
1015
1016
1017
1019
1020
1021
1024
1025
1026
1027
1029
1030
1031
1032
1033
1034
1035
1036
1037
1038
1039
1040
1041
1042
1043
1044
1045
1046
1047
1048
1049
1050
1051
1052
1053
1054
1056
1057
1059
1060
1061
1063
1064
1065
1067
1068
1069
1070
1071
1072
1073
1074
1075
1076
1077
1078
1079
1080
1081
1082
1083
1084
1085
1086
1087
1088
1089
1090
1091
1092
1093
1094
1095
1096
1097
1098
1099
1100
1103
1104
1105
1106
1107
1108
1110
1111
1112
1113
1114
1115
1117
1118
1120
1121
1122
1123
1124
1125
1127
1128
1129
1131
1132
1133
1134
1135
1136
1137
1139
1140
1141
1143
1144
1145
1147
1148
1149
1151
1152
1153
1154
1155
1156
1157
1158
1159
1160
1161
1162
1163
1164
1165
1166
1167
1168
1169
1170
1171
1172
1173
1174
1175
1176
1177
1178
1179
1180
1181
1182
1183
1184
1185
1187
1188
1189
1190
1191
1192
1193
1195
1196
1197
1198
1199
1200
1201
1202
1203
1204
1206
1207
1208
1209
1210
1211
1212
1213
1214
1215
1216
1217
1218
1219
1220
1222
1223
1224
1225
1226
1227
1228
1229
1230
1231
1232
1233
1234
1235
1236
1237
1238
1239
1240
1241
1242
1243
1244
1245
1246
1247
1248
1249
1250
1251
1252
1253
1254
1255
1256
1257
1258
1259
1260
1261
1262
1263
1264
1265
1266
1267
1268
1269
1270
1271
1272
1273
1274
1275
1276
1277
1279
1280
1281
1283
1284
1285
1287
1288
1289
1291
1292
1293
1294
1295
1296
1297
1298
1299
1300
1301
1302
1303
1304
1305
1307
1308
1311
1312
1313
1314
1315
1316
1317
1318
1319
1320
1321
1323
1324
1325
1326
1327
1328
1329
1330
1331
1332
1333
1335
1336
1337
1338
1339
1340
1341
1342
1343
1344
1345
1347
1348
1349
1351
1352
1353
1355
1356
1359
1361
1363
1366
1367
1368
1369
1371
1372
1373
1374
1375
1376
1377
1379
1380
1381
1382
1383
1384
1385
1386
1387
1388
1389
1390
1391
1392
1393
1394
1395
1396
1397
1398
1399
1400
1401
1402
1403
1404
1405
1407
1408
1409
1410
1411
1412
1413
1414
1415
1416
1417
1418
1419
1420
1421
1423
1424
1425
1426
1427
1428
1429
1430
1431
1432
1433
1434
1435
1436
1437
1438
1439
1440
1441
1442
1443
1444
1445
1446
1447
1448
1449
1450
1451
1452
1453
1455
1456
1457
1458
1459
1460
1461
1462
1463
1464
1465
1466
1467
1471
1472
1473
1474
1475
1476
1477
1478
1479
1480
1481
1482
1483
1484
1485
1487
1488
1489
1490
1491
1492
1494
1495
1496
1497
1498
1499
1500
1501
1502
1503
1504
1505
1507
1508
1509
1510
1511
1512
1513
1515
1516
1517
1518
1519
1520
1521
1522
1523
1524
1527
1528
1529
1530
1531
1536
1537
1538
1539
1540
1541
1542
1543
1544
1545
1546
1547
1548
1549
1551
1552
1553
1554
1555
1556
1557
1558
1559
1560
1561
1562
1563
1564
1565
1566
1567
1568
1569
1571
1572
1573
1575
1576
1577
1579
1580
1581
1582
1583
1584
1585
1586
1587
1588
1589
1590
1591
1592
1593
1594
1595
1596
1597
1598
1600
1601
1602
1603
1604
1605
1606
1607
1608
1609
1610
1611
1612
1613
1615
1616
1617
1618
1619
1620
1621
1622
1623
1624
1625
1626
1627
1628
1629
1630
1631
1632
1633
1635
1636
1637
1638
1639
1640
1641
1643
1644
1645
1647
1649
1651
1652
1653
1655
1656
1657
1659
1660
1661
1664
1665
1666
1667
1668
1669
1670
1671
1672
1673
1674
1675
1676
1677
1679
1680
1681
1682
1683
1684
1685
1686
1687
1688
1689
1690
1691
1692
1693
1694
1695
1696
1697
1699
1700
1701
1702
1703
1704
1705
1707
1708
1709
1710
1711
1712
1713
1714
1715
1716
1718
1719
1720
1721
1722
1723
1724
1725
1726
1727
1728
1729
1730
1731
1732
1733
1734
1735
1736
1737
1738
1739
1740
1741
1743
1744
1745
1746
1747
1748
1749
1750
1751
1752
1753
1754
1755
1756
1757
1758
1759
1760
1761
1763
1764
1765
1766
1767
1768
1769
1771
1772
1773
1774
1775
1776
1777
1778
1779
1780
1781
1782
1783
1784
1786
1788
1789
1791
1792
1793
1795
1796
1797
1799
1800
1801
1803
1804
1805
1811
1813
1814
1816
1817
1818
1819
1820
1821
1822
1823
1824
1825
1827
1828
1829
1830
1831
1832
1833
1835
1836
1837
1838
1839
1840
1841
1842
1843
1844
1845
1847
1848
1849
1850
1851
1852
1853
1854
1855
1856
1857
1858
1859
1860
1861
1862
1863
1864
1865
1867
1868
1869
1871
1873
1875
1877
1878
1879
1880
1881
1883
1884
1885
1886
1887
1888
1889
1891
1892
1893
1894
1895
1896
1897
1899
1900
1901
1902
1903
1904
1905
1906
1907
1908
1909
1910
1911
1912
1913
1914
1915
1916
1917
1919
1920
1921
1922
1923
1924
1926
1927
1928
1929
1930
1932
1933
1935
1936
1937
1938
1939
1940
1942
1943
1944
1945
1947
1949
1950
1951
1952
1953
1955
1956
1957
1958
1959
1960
1963
1964
1965
1966
1967
1968
1969
1971
1972
1975
1976
1977
1978
1979
1980
1982
1983
1984
1985
1987
1988
1992
1993
1994
1995
1996
1997
1999
2000
2001
2003
2004
2005
2006
2008
2011
2013
2016
2017
2019
2020
2021
2023
2024
2025
2027
2028
2029
2031
2033
2037
2039
2040
2041
2048
2049
2051
2052
2053
2055
2056
2057
2059
2060
2061
2063
2067
2068
2069
2071
2072
2073
2075
2076
2077
2079
2080
2081
2083
2084
2085
2088
2089
2091
2092
2093
2095
2097
2103
2104
2105
2108
2109
2112
2113
2115
2116
2117
2119
2120
2121
2123
2124
2125
2127
2129
2131
2133
2135
2136
2137
2139
2140
2141
2143
2144
2145
2147
2148
2149
2152
2153
2155
2156
2157
2159
2161
2163
2164
2165
2167
2168
2169
2189
2191
2193
2195
2196
2200
2201
2203
2204
2212
2213
2216
2219
2220
2221
2223
2225
2227
2228
2231
2232
2233
2235
2236
2240
2241
2242
2243
2244
2245
2246
2248
2249
2251
2252
2253
2254
2255
2264
2265
2267
2268
2269
2270
2272
2273
2275
2276
2277
2280
2281
2283
2284
2285
2287
2291
2292
2295
2296
2297
2299
2300
2301
2304
2305
2307
2308
2309
2312
2313
2315
2316
2317
2319
2324
2327
2328
2329
2331
2332
2333
2335
2336
2337
2339
2340
2341
2344
2345
2347
2348
2349
2355
2357
2361
2364
2365
2368
2369
2371
2372
2373
2376
2377
2379
2380
2381
2392
2393
2395
2396
2397
2400
2401
2403
2404
2405
2408
2409
2411
2412
2413
2417
2419
2436
2437
2449
2451
2456
2457
2460
2463
2464
2465
2468
2469
2471
2472
2473
2475
2476
2477
2479
2483
2485
2496
2497
2501
2503
2504
2505
2507
2508
2509
2511
2513
2515
2516
2517
2521
2524
2525
2527
2528
2529
2532
2533
2536
2539
2540
2541
2543
2548
2560
2561
2563
2564
2565
2567
2568
2569
2571
2572
2573
2575
2577
2580
2581
2583
2584
2585
2587
2588
2589
2592
2593
2595
2596
2597
2599
2600
2601
2603
2604
2605
2607
2612
2613
2616
2617
2620
2624
2625
2627
2628
2629
2631
2632
2633
2635
2636
2637
2639
2641
2644
2647
2648
2649
2651
2652
2653
2656
2657
2659
2660
2661
2663
2664
2665
2667
2668
2669
2671
2676
2677
2679
2680
2681
2684
2685
2693
2695
2696
2700
2701
2703
2705
2720
2721
2725
2731
2733
2734
2735
2736
2737
2738
2739
2740
2743
2744
2745
2746
2747
2749
2750
2751
2752
2753
2754
2755
2756
2757
2758
2760
2761
2763
2764
2765
2767
2772
2773
2774
2776
2777
2779
2780
2781
2782
2783
2784
2785
2787
2788
2789
2790
2792
2793
2795
2796
2797
2798
2800
2801
2802
2803
2804
2805
2808
2809
2812
2815
2816
2817
2819
2820
2821
2823
2824
2825
2827
2828
2829
2831
2836
2837
2839
2840
2841
2843
2844
2845
2848
2849
2851
2852
2853
2856
2857
2859
2860
2861
2862
2863
2864
2865
2866
2867
2868
2869
2872
2873
2875
2876
2877
2878
2880
2881
2882
2883
2884
2885
2886
2887
2888
2889
2891
2892
2893
2895
2897
2900
2902
2903
2904
2905
2907
2908
2909
2910
2911
2912
2913
2915
2916
2917
2918
2919
2920
2921
2923
2924
2925
2926
2927
2928
2929
2930
2931
2932
2933
2936
2937
2940
2944
2945
2946
2947
2950
2952
2953
2956
2957
2959
2960
2961
2962
2963
2966
2968
2969
2971
2972
2973
2974
2975
2976
2977
2979
2980
2981
2983
2984
2985
2987
2988
2989
2991
2996
2999
3000
3001
3003
3005
3008
3009
3011
3012
3013
3015
3016
3017
3020
3021
3023
3028
3029
3032
3033
3035
3036
3039
3040
3041
3043
3044
3047
3048
3049
3051
3052
3053
3055
3057
3060
3072
3073
3074
3075
3078
3079
3080
3081
3082
3083
3088
3089
3090
3091
3094
3095
3096
3097
3098
3099
3101
3102
3115
3117
3118
3119
3120
3121
3122
3123
3126
3127
3128
3129
3130
3131
3133
3134
3136
3137
3138
3139
3140
3142
3143
3144
3145
3146
3147
3148
3151
3152
3153
3154
3155
3158
3159
3160
3161
3162
3163
3168
3169
3171
3172
3175
3183
3185
3191
3192
3195
3200
3201
3202
3203
3206
3207
3208
3209
3210
3211
3212
3215
3216
3217
3218
3219
3220
3222
3223
3224
3225
3226
3227
3229
3230
3232
3233
3235
3236
3239
3241
3243
3244
3245
3246
3248
3249
3250
3251
3254
3255
3256
3257
3258
3259
3261
3262
3264
3265
3266
3267
3270
3271
3272
3273
3274
3275
3277
3279
3280
3281
3282
3283
3284
3285
3286
3287
3288
3289
3290
3291
3292
3293
3294
3295
3296
3297
3302
3304
3305
3307
3309
3310
3312
3313
3314
3315
3316
3317
3320
3321
3324
3328
3329
3333
3335
3336
3337
3341
3343
3348
3349
3352
3355
3360
3361
3369
3371
3372
3375
3377
3380
3381
3383
3384
3385
3388
3391
3392
3393
3397
3399
3400
3401
3404
3407
3409
3415
3416
3419
3420
3423
3424
3425
3427
3428
3431
3432
3433
3436
3437
3439
3444
3445
3448
3449
3452
3456
3457
3458
3459
3462
3463
3464
3465
3466
3467
3468
3469
3471
3472
3473
3474
3475
3478
3479
3480
3481
3482
3483
3484
3488
3489
3491
3492
3493
3495
3497
3499
3500
3504
3505
3506
3507
3508
3510
3511
3512
3513
3514
3515
3518
3519
3520
3521
3522
3523
3524
3525
3526
3527
3528
3529
3530
3531
3532
3533
3536
3537
3538
3539
3540
3541
3542
3543
3544
3545
3546
3547
3555
3556
3559
3561
3563
3564
3566
3567
3568
3569
3584
3585
3586
3587
3588
3589
3590
3591
3592
3593
3594
3595
3597
3599
3600
3601
3602
3603
3604
3605
3606
3607
3608
3609
3610
3611
3612
3616
3617
3623
3624
3625
3628
3629
3631
3632
3633
3634
3635
3636
3637
3638
3639
3640
3641
3642
3643
3644
3645
3648
3649
3650
3651
3652
3653
3654
3655
3656
3657
3658
3659
3660
3663
3664
3665
3666
3667
3668
3670
3671
3672
3673
3674
3675
3677
3680
3681
3685
3687
3688
3689
3692
3693
3695
3699
3700
3701
3704
3705
3708
3709
3712
3713
3714
3715
3718
3719
3720
3721
3722
3723
3724
3725
3727
3728
3729
3730
3731
3732
3733
3734
3735
3736
3737
3738
3739
3740
3743
3744
3745
3751
3752
3753
3755
3756
3757
3758
3759
3760
3761
3762
3763
3766
3767
3768
3769
3770
3771
3773
3774
3776
3777
3778
3779
3781
3782
3783
3784
3785
3786
3787
3788
3789
3791
3792
3793
3794
3795
3796
3797
3798
3799
3800
3801
3802
3803
3804
3805
3806
3807
3808
3809
3812
3813
3814
3816
3817
3819
3820
3821
3822
3823
3824
3825
3826
3827
3828
3829
3832
3833
3836
3837
3840
3841
3843
3844
3845
3847
3848
3849
3851
3852
3853
3855
3860
3861
3869
3872
3873
3876
3877
3880
3883
3885
3886
3888
3889
3890
3891
3893
3897
3899
3900
3901
3902
3904
3905
3906
3907
3908
3909
3910
3912
3913
3916
3917
3919
3921
3924
3926
3927
3928
3929
3931
3933
3934
3936
3937
3940
3941
3942
3944
3945
3947
3948
3949
3950
3952
3953
3954
3955
3956
3957
3959
3960
3961
3963
3964
3965
3968
3969
3970
3971
3974
3976
3977
3980
3981
3983
3984
3985
3986
3987
3990
3992
3993
3995
3996
3997
3998
4000
4001
4005
4096
4097
4098
4099
4100
4101
4102
4103
4104
4105
4106
4107
4108
4109
4111
4112
4113
4114
4115
4116
4117
4118
4119
4120
4121
4122
4123
4124
4125
4126
4127
4128
4129
4131
4132
4133
4135
4136
4137
4139
4140
4141
4142
4143
4144
4145
4146
4147
4148
4149
4150
4151
4152
4153
4154
4155
4156
4157
4158
4160
4161
4162
4163
4164
4165
4166
4167
4168
4169
4170
4171
4172
4173
4175
4176
4177
4178
4179
4182
4183
4184
4185
4186
4187
4188
4189
4191
4192
4193
4195
4196
4197
4199
4200
4201
4203
4204
4205
4207
4211
4212
4213
4215
4216
4217
4220
4221
4224
4225
4226
4227
4229
4230
4231
4232
4233
4234
4235
4236
4237
4239
4240
4241
4242
4243
4244
4245
4246
4247
4248
4249
4250
4251
4252
4253
4254
4255
4256
4257
4259
4260
4261
4263
4264
4265
4267
4268
4269
4270
4271
4272
4273
4274
4275
4276
4277
4278
4279
4280
4281
4282
4283
4285
4286
4288
4289
4290
4291
4292
4293
4294
4295
4296
4297
4298
4299
4300
4301
4303
4304
4305
4306
4307
4308
4310
4311
4312
4313
4314
4315
4316
4317
4318
4320
4321
4323
4324
4325
4326
4328
4329
4331
4332
4333
4334
4335
4336
4337
4338
4339
4340
4343
4344
4345
4347
4348
4349
4352
4353
4355
4356
4357
4359
4360
4361
4363
4364
4365
4367
4375
4376
4377
4379
4380
4381
4383
4384
4385
4387
4388
4389
4392
4393
4395
4396
4397
4403
4404
4405
4408
4409
4412
4413
4416
4417
4419
4420
4421
4423
4424
4425
4427
4428
4429
4438
4440
4441
4443
4444
4445
4446
4447
4448
4449
4451
4452
4453
4454
4455
4456
4457
4459
4460
4461
4462
4463
4464
4465
4466
4467
4468
4469
4471
4472
4473
4475
4476
4480
4481
4482
4483
4486
4487
4488
4489
4490
4491
4492
4495
4496
4497
4498
4499
4500
4502
4503
4504
4505
4506
4507
4508
4509
4510
4511
4512
4513
4515
4516
4519
4520
4521
4523
4524
4525
4527
4528
4529
4530
4531
4534
4535
4536
4537
4538
4539
4544
4545
4546
4547
4548
4549
4550
4551
4552
4553
4554
4555
4557
4559
4560
4561
4562
4563
4564
4565
4566
4567
4568
4569
4570
4571
4572
4573
4574
4575
4576
4577
4582
4584
4585
4587
4589
4590
4592
4593
4594
4595
4608
4609
4610
4611
4612
4613
4614
4615
4616
4617
4618
4619
4620
4621
4623
4624
4625
4626
4627
4628
4629
4630
4631
4632
4633
4634
4635
4636
4637
4638
4639
4640
4641
4643
4644
4645
4647
4648
4649
4651
4652
4653
4654
4655
4656
4657
4658
4659
4660
4661
4662
4663
4664
4665
4666
4667
4668
4669
4670
4672
4673
4674
4675
4676
4677
4678
4679
4680
4681
4682
4683
4684
4685
4687
4688
4689
4690
4691
4694
4695
4696
4697
4698
4699
4700
4701
4703
4704
4705
4707
4708
4709
4711
4712
4713
4715
4716
4717
4719
4721
4723
4724
4727
4728
4729
4731
4736
4737
4738
4739
4742
4743
4744
4745
4746
4747
4752
4753
4754
4755
4758
4759
4760
4761
4762
4763
4779
4780
4783
4784
4785
4786
4787
4788
4790
4791
4792
4793
4794
4795
4800
4801
4802
4803
4804
4805
4806
4807
4808
4809
4810
4811
4812
4813
4815
4816
4817
4818
4819
4822
4823
4824
4825
4826
4827
4828
4829
4832
4833
4835
4836
4837
4840
4841
4843
4844
4845
4847
4849
4851
4852
4855
4856
4857
4859
4864
4865
4867
4868
4869
4871
4872
4873
4875
4876
4877
4879
4887
4888
4889
4891
4892
4893
4895
4896
4897
4899
4900
4901
4904
4905
4907
4908
4909
4911
4913
4919
4920
4928
4929
4931
4932
4933
4936
4937
4939
4940
4941
4951
4952
4953
4955
4956
4957
4959
4960
4961
4963
4964
4965
4968
4969
4971
4972
4973
4975
4979
4980
4983
4984
4985
4987
4999
5000
5001
5004
5007
5009
5011
5012
5015
5016
5017
5023
5024
5025
5027
5028
5029
5031
5032
5033
5035
5036
5039
5043
5044
5045
5047
5048
5049
5051
5056
5057
5059
5060
5064
5065
5067
5068
5071
5073
5075
5076
5080
5083
5085
5088
5089
5091
5092
5093
5095
5096
5097
5099
5100
5103
5105
5120
5121
5122
5123
5126
5127
5128
5129
5130
5131
5136
5137
5138
5139
5142
5143
5144
5145
5146
5147
5168
5169
5170
5171
5174
5175
5176
5177
5178
5179
5180
5181
5184
5185
5186
5187
5188
5189
5190
5191
5192
5193
5194
5195
5200
5201
5202
5203
5206
5207
5208
5209
5210
5211
5213
5216
5217
5235
5237
5241
5244
5245
5248
5249
5250
5251
5254
5255
5256
5257
5258
5259
5260
5264
5265
5266
5267
5270
5271
5272
5273
5274
5275
5291
5292
5296
5297
5298
5299
5301
5302
5303
5304
5305
5306
5307
5312
5313
5314
5315
5316
5317
5318
5319
5320
5321
5322
5323
5324
5328
5329
5330
5331
5334
5335
5336
5337
5338
5339
5463
5464
5465
5469
5471
5472
5473
5475
5476
5483
5484
5487
5491
5492
5493
5495
5496
5497
5500
5501
5504
5505
5506
5507
5510
5511
5512
5513
5514
5515
5520
5521
5522
5523
5526
5527
5528
5529
5530
5531
5535
5536
5537
5539
5540
5541
5544
5547
5548
5551
5552
5553
5554
5555
5556
5557
5558
5559
5560
5561
5562
5563
5568
5569
5570
5571
5572
5574
5575
5576
5577
5578
5579
5580
5583
5584
5585
5586
5587
5590
5591
5592
5593
5594
5595
5632
5633
5634
5635
5636
5637
5638
5639
5640
5641
5642
5643
5644
5645
5647
5648
5649
5650
5651
5654
5655
5656
5657
5658
5659
5660
5661
5663
5664
5665
5667
5668
5669
5672
5673
5675
5676
5677
5680
5681
5682
5683
5686
5687
5688
5689
5690
5691
5692
5693
5696
5697
5698
5699
5700
5701
5702
5703
5704
5705
5706
5707
5708
5709
5711
5712
5713
5714
5715
5718
5719
5720
5721
5722
5723
5724
5725
5727
5728
5729
5731
5732
5733
5736
5737
5739
5740
5741
5743
5747
5748
5749
5751
5752
5753
5756
5757
5760
5761
5762
5763
5766
5767
5768
5769
5770
5771
5772
5776
5777
5778
5779
5782
5783
5784
5785
5786
5787
5808
5809
5810
5811
5814
5815
5816
5817
5818
5819
5824
5825
5826
5827
5828
5829
5830
5831
5832
5833
5834
5835
5836
5837
5840
5841
5842
5843
5846
5847
5848
5849
5850
5851
5852
5853
5856
5857
5859
5860
5861
5864
5865
5867
5868
5869
5888
5889
5891
5892
5893
5896
5897
5899
5900
5901
5912
5913
5915
5916
5917
5920
5921
5923
5924
5925
5928
5929
5931
5932
5933
5939
5941
5945
5948
5949
5952
5953
5955
5956
5957
5960
5961
5963
5964
5965
5975
5976
5977
5979
5980
5981
5983
5984
5985
5987
5988
5989
5992
5993
5995
5996
5997
5999
6003
6004
6005
6007
6008
6009
6012
6013
6039
6040
6041
6047
6048
6049
6051
6052
6059
6060
6063
6067
6068
6071
6072
6073
6080
6081
6083
6084
6088
6089
6091
6092
6095
6097
6099
6109
6112
6113
6116
6117
6120
6123
6124
6144
6145
6147
6148
6149
6152
6153
6155
6156
6157
6159
6167
6168
6169
6171
6172
6173
6175
6176
6177
6179
6180
6181
6184
6185
6187
6188
6189
6201
6204
6205
6208
6209
6211
6212
6213
6216
6217
6219
6220
6221
6223
6225
6227
6231
6232
6233
6235
6236
6237
6239
6240
6241
6243
6244
6245
6248
6249
6251
6252
6253
6255
6259
6260
6263
6264
6265
6315
6316
6319
6323
6324
6327
6328
6329
6336
6337
6339
6340
6341
6344
6345
6347
6348
6349
6351
6360
6361
6363
6364
6365
6368
6369
6371
6372
6373
6376
6377
6379
6380
6381
6383
6387
6388
6391
6392
6393
6400
6401
6403
6404
6405
6408
6409
6411
6412
6413
6415
6423
6424
6425
6427
6428
6429
6431
6432
6433
6435
6436
6437
6440
6441
6443
6444
6445
6464
6465
6467
6468
6469
6472
6473
6475
6476
6477
6488
6489
6491
6492
6493
6496
6497
6499
6500
6501
6504
6505
6507
6508
6509
6556
6559
6560
6561
6567
6568
6569
6572
6573
6575
6592
6593
6597
6599
6600
6601
6605
6607
6612
6613
6620
6623
6624
6625
6656
6657
6659
6660
6661
6663
6664
6665
6667
6668
6669
6671
6676
6677
6680
6681
6683
6684
6685
6688
6689
6691
6692
6693
6695
6696
6697
6699
6700
6701
6703
6708
6709
6712
6713
6716
6720
6721
6723
6724
6725
6727
6728
6729
6731
6732
6733
6744
6745
6747
6748
6749
6752
6753
6755
6756
6757
6760
6761
6763
6764
6765
6827
6828
6831
6835
6836
6839
6840
6841
6848
6849
6851
6852
6853
6856
6857
6859
6860
6861
6863
6868
6869
6872
6873
6875
6876
6877
6879
6880
6881
6883
6884
6885
6888
6889
6891
6892
6893
6895
6899
6900
6901
6903
6904
6905
6908
6912
6913
6915
6916
6917
6919
6920
6921
6923
6924
6925
6927
6932
6933
6935
6936
6937
6939
6940
6941
6943
6944
6945
6947
6948
6949
6952
6953
6955
6956
6957
6964
6965
6968
6969
6972
6976
6977
6979
6980
6981
6983
6984
6985
6987
6988
6989
6999
7000
7001
7003
7004
7005
7007
7008
7009
7011
7012
7013
7015
7016
7017
7019
7020
7021
7023
7027
7028
7029
7031
7032
7033
7036
7063
7064
7065
7068
7071
7072
7073
7075
7076
7079
7080
7081
7083
7084
7085
7087
7091
7092
7095
7096
7097
7104
7105
7107
7108
7109
7111
7112
7113
7115
7116
7117
7119
7124
7125
7132
7135
7136
7137
7339
7340
7343
7347
7348
7351
7352
7353
7360
7361
7363
7364
7368
7369
7371
7372
7373
7375
7380
7381
7388
7391
7392
7393
7403
7404
7407
7411
7412
7413
7415
7416
7417
7420
7424
7425
7427
7428
7429
7431
7432
7433
7435
7436
7437
7439
7444
7445
7447
7448
7449
7455
7456
7457
7459
7460
7476
7477
7480
7481
7484
7488
7489
7493
7495
7496
7497
7511
7512
7513
7516
7519
7520
7521
7523
7524
7527
7528
7529
7531
7532
7533
7535
7539
7540
7541
7543
7544
7545
7548
7564
7565
7567
7569
7575
7576
7577
7580
7583
7584
7585
7587
7588
7589
7595
7596
7599
7603
7604
7607
7608
7609
7616
7617
7619
7620
7621
7623
7624
7625
7627
7628
7629
7631
7680
7681
7683
7684
7685
7687
7688
7689
7691
7692
7693
7695
7700
7701
7703
7704
7705
7711
7712
7713
7715
7716
7719
7720
7721
7724
7725
7727
7732
7733
7736
7737
7740
7744
7745
7747
7748
7749
7751
7752
7753
7755
7756
7759
7767
7768
7769
7775
7776
7777
7779
7780
7783
7784
7785
7787
7788
7789
7791
7795
7796
7797
7799
7800
7801
7804
7821
7823
7828
7829
7836
7839
7840
7841
7847
7848
7849
7852
7853
7855
7885
7887
7892
7893
7900
7903
7904
7905
7924
7925
7928
7929
7932
7936
7937
7941
7943
7944
7945
7949
7951
7956
7957
8192
8193
8194
8195
8198
8199
8200
8201
8202
8203
8208
8209
8210
8211
8214
8215
8216
8217
8218
8219
8221
8222
8235
8237
8238
8240
8241
8242
8243
8246
8247
8248
8249
8250
8251
8253
8254
8256
8257
8258
8259
8262
8263
8264
8265
8266
8267
8272
8273
8274
8275
8278
8279
8280
8281
8282
8283
8320
8321
8322
8323
8326
8327
8328
8329
8330
8331
8336
8337
8338
8339
8342
8343
8344
8345
8346
8347
8368
8369
8370
8371
8374
8375
8376
8377
8378
8379
8384
8385
8386
8387
8390
8391
8392
8393
8394
8395
8400
8401
8402
8403
8406
8407
8408
8409
8410
8411
8576
8577
8578
8579
8582
8583
8584
8585
8586
8587
8592
8593
8594
8595
8598
8599
8600
8601
8602
8603
8624
8625
8626
8627
8630
8631
8632
8633
8634
8635
8640
8641
8642
8643
8646
8647
8648
8649
8650
8651
8656
8657
8658
8659
8662
8663
8664
8665
8666
8667
8704
8705
8706
8707
8710
8711
8712
8713
8714
8715
8720
8721
8722
8723
8726
8727
8728
8729
8730
8731
8752
8753
8754
8755
8758
8759
8760
8761
8762
8763
8768
8769
8770
8771
8774
8775
8776
8777
8778
8779
8784
8785
8786
8787
8790
8791
8792
8793
8794
8795
8832
8833
8834
8835
8838
8839
8840
8841
8842
8843
8848
8849
8850
8851
8854
8855
8856
8857
8858
8859
8880
8881
8882
8883
8886
8887
8888
8889
8890
8891
8896
8897
8898
8899
8902
8903
8904
8905
8906
8907
8912
8913
8914
8915
8918
8919
8920
8921
8922
8923
8937
8939
8940
8943
8945
8955
8960
8961
8963
8964
8967
8968
8969
8984
8987
8992
8993
9001
9003
9004
9007
9009
9012
9013
9015
9016
9017
9020
9024
9025
9029
9031
9032
9033
9052
9055
9056
9057
9063
9064
9065
9068
9069
9071
9076
9077
9079
9080
9081
9083
9084
9116
9119
9120
9121
9127
9128
9129
9132
9133
9135
9152
9153
9157
9159
9160
9161
9165
9167
9172
9173
9180
9183
9184
9185
9216
9217
9218
9219
9222
9223
9224
9225
9226
9227
9232
9233
9234
9235
9238
9239
9240
9241
9242
9243
9264
9265
9266
9267
9270
9271
9272
9273
9274
9275
9280
9281
9282
9283
9286
9287
9288
9289
9290
9291
9296
9297
9298
9299
9302
9303
9304
9305
9306
9307
9319
9320
9321
9324
9325
9327
9332
9333
9336
9337
9340
9344
9345
9346
9347
9350
9351
9352
9353
9354
9355
9357
9359
9360
9361
9362
9363
9364
9365
9366
9367
9368
9369
9370
9371
9372
9375
9376
9377
9383
9384
9385
9388
9389
9391
9392
9393
9394
9395
9398
9399
9400
9401
9402
9403
9408
9409
9410
9411
9414
9415
9416
9417
9418
9419
9421
9423
9424
9425
9426
9427
9428
9429
9430
9431
9432
9433
9434
9435
9436
9439
9440
9441
9460
9461
9464
9465
9468
9472
9473
9477
9479
9480
9481
9485
9487
9492
9493
9524
9525
9528
9529
9532
9536
9537
9541
9543
9544
9545
9564
9567
9568
9569
9575
9576
9577
9580
9581
9583
9588
9589
9592
9593
9596
9600
9601
9602
9603
9606
9607
9608
9609
9610
9611
9616
9617
9618
9619
9622
9623
9624
9625
9626
9627
9648
9649
9650
9651
9654
9655
9656
9657
9658
9659
9664
9665
9666
9667
9670
9671
9672
9673
9674
9675
9680
9681
9682
9683
9686
9687
9688
9689
9690
9691
9728
9729
9730
9731
9734
9735
9736
9737
9738
9739
9744
9745
9746
9747
9750
9751
9752
9753
9754
9755
9776
9777
9778
9779
9782
9783
9784
9785
9786
9787
9792
9793
9794
9795
9798
9799
9800
9801
9802
9803
9808
9809
9810
9811
9814
9815
9816
9817
9818
9819
9831
9832
9833
9836
9837
9839
9844
9845
9848
9849
9852
9856
9857
9858
9859
9862
9863
9864
9865
9866
9867
9869
9871
9872
9873
9874
9875
9876
9877
9878
9879
9880
9881
9882
9883
9884
9887
9888
9889
9895
9896
9897
9900
9901
9903
9904
9905
9906
9907
9910
9911
9912
9913
9914
9915
9920
9921
9922
9923
9926
9927
9928
9929
9930
9931
9933
9935
9936
9937
9938
9939
9940
9941
9942
9943
9944
9945
9946
9947
9948
9951
9952
9953
9972
9973
9976
9977
9980
9984
9985
9989
9991
9992
9993
9997
9999
10004
10005
10140
10143
10144
10145
10151
10152
10153
10156
10157
10159
10176
10177
10181
10183
10184
10185
10189
10191
10196
10197
10204
10207
10208
10209
10240
10241
10245
10247
10248
10249
10253
10255
10260
10261
10279
10280
10281
10284
10285
10287
10292
10293
10296
10297
10300
10304
10305
10309
10311
10312
10313
10343
10344
10345
10348
10349
10351
10356
10357
10360
10361
10364
10381
10383
10388
10389
10396
10399
10400
10401
10407
10408
10409
10412
10413
10415
10652
10655
10656
10657
10663
10664
10665
10668
10669
10671
10688
10689
10693
10695
10696
10697
10701
10703
10708
10709
10716
10719
10720
10721
10752
10753
10757
10759
10760
10761
10765
10767
10772
10773
10791
10792
10793
10796
10797
10799
10804
10805
10808
10809
10812
10816
10817
10821
10823
10824
10825
10923
10924
10927
10931
10932
10933
10935
10936
10937
10944
10945
10947
10948
10949
10952
10953
10955
10956
10957
10959
10961
10963
10964
10965
10972
10975
10976
10977
10980
10981
10984
10987
10988
10991
10995
10996
10997
10999
11000
11001
11004
11005
11008
11009
11011
11012
11013
11015
11016
11017
11019
11020
11021
11023
11028
11029
11031
11032
11033
11039
11040
11041
11043
11044
11060
11061
11064
11065
11068
11072
11073
11077
11079
11080
11081
11095
11096
11097
11100
11101
11103
11104
11105
11107
11108
11111
11112
11113
11115
11116
11117
11119
11123
11124
11125
11127
11128
11129
11132
11159
11160
11161
11164
11167
11168
11169
11171
11172
11175
11176
11177
11179
11180
11181
11183
11187
11188
11191
11192
11193
11200
11201
11203
11204
11205
11207
11208
11209
11211
11212
11213
11215
11220
11221
11228
11231
11232
11233
11264
11265
11266
11267
11270
11271
11272
11273
11274
11275
11280
11281
11282
11283
11286
11287
11288
11289
11290
11291
11312
11313
11314
11315
11318
11319
11320
11321
11322
11323
11328
11329
11330
11331
11334
11335
11336
11337
11338
11339
11344
11345
11346
11347
11350
11351
11352
11353
11354
11355
11392
11393
11394
11395
11398
11399
11400
11401
11402
11403
11408
11409
11410
11411
11414
11415
11416
11417
11418
11419
11435
11436
11439
11440
11441
11442
11443
11444
11446
11447
11448
11449
11450
11451
11456
11457
11458
11459
11460
11462
11463
11464
11465
11466
11467
11468
11471
11472
11473
11474
11475
11478
11479
11480
11481
11482
11483
11499
11500
11503
11507
11508
11511
11512
11513
11520
11521
11523
11524
11528
11529
11531
11532
11535
11543
11544
11545
11551
11552
11553
11555
11556
11607
11608
11609
11615
11616
11617
11619
11620
11627
11628
11631
11635
11636
11639
11640
11641
11648
11649
11650
11651
11654
11655
11656
11657
11658
11659
11664
11665
11666
11667
11670
11671
11672
11673
11674
11675
11679
11680
11681
11683
11684
11691
11692
11695
11696
11697
11698
11699
11700
11702
11703
11704
11705
11706
11707
11712
11713
11714
11715
11716
11718
11719
11720
11721
11722
11723
11724
11727
11728
11729
11730
11731
11734
11735
11736
11737
11738
11739
11776
11777
11778
11779
11780
11782
11783
11784
11785
11786
11787
11788
11791
11792
11793
11794
11795
11798
11799
11800
11801
11802
11803
11807
11808
11809
11811
11812
11824
11825
11826
11827
11830
11831
11832
11833
11834
11835
11840
11841
11842
11843
11844
11846
11847
11848
11849
11850
11851
11852
11855
11856
11857
11858
11859
11862
11863
11864
11865
11866
11867
11871
11872
11873
11875
11876
11883
11884
11887
11891
11892
11895
11896
11897
11904
11905
11906
11907
11910
11911
11912
11913
11914
11915
11920
11921
11922
11923
11926
11927
11928
11929
11930
11931
11952
11953
11954
11955
11958
11959
11960
11961
11962
11963
11968
11969
11970
11971
11974
11975
11976
11977
11978
11979
11984
11985
11986
11987
11990
11991
11992
11993
11994
11995
12288
12289
12290
12291
12292
12293
12294
12295
12296
12297
12298
12299
12300
12301
12303
12304
12305
12306
12307
12310
12311
12312
12313
12314
12315
12316
12317
12319
12320
12321
12323
12324
12325
12328
12329
12331
12332
12333
12336
12337
12338
12339
12342
12343
12344
12345
12346
12347
12352
12353
12354
12355
12356
12357
12358
12359
12360
12361
12362
12363
12364
12365
12367
12368
12369
12370
12371
12374
12375
12376
12377
12378
12379
12380
12381
12383
12384
12385
12387
12388
12389
12392
12393
12395
12396
12397
12399
12403
12404
12407
12408
12409
12416
12417
12418
12419
12422
12423
12424
12425
12426
12427
12432
12433
12434
12435
12438
12439
12440
12441
12442
12443
12459
12460
12463
12464
12465
12466
12467
12468
12470
12471
12472
12473
12474
12475
12480
12481
12482
12483
12484
12485
12486
12487
12488
12489
12490
12491
12492
12493
12495
12496
12497
12498
12499
12502
12503
12504
12505
12506
12507
12508
12509
12512
12513
12515
12516
12517
12520
12521
12523
12524
12525
12527
12531
12532
12535
12536
12537
12544
12545
12547
12548
12549
12552
12553
12555
12556
12557
12559
12567
12568
12569
12571
12572
12573
12575
12576
12577
12579
12580
12581
12584
12585
12587
12588
12589
12608
12609
12611
12612
12613
12616
12617
12619
12620
12621
12632
12633
12635
12636
12637
12640
12641
12643
12644
12645
12648
12649
12651
12652
12653
12672
12673
12674
12675
12678
12679
12680
12681
12682
12683
12688
12689
12690
12691
12694
12695
12696
12697
12698
12699
12720
12721
12722
12723
12726
12727
12728
12729
12730
12731
12736
12737
12738
12739
12742
12743
12744
12745
12746
12747
12752
12753
12754
12755
12758
12759
12760
12761
12762
12763
12800
12801
12802
12803
12804
12805
12806
12807
12808
12809
12810
12811
12812
12813
12815
12816
12817
12818
12819
12822
12823
12824
12825
12826
12827
12828
12829
12831
12832
12833
12835
12836
12837
12840
12841
12843
12844
12845
12848
12849
12850
12851
12854
12855
12856
12857
12858
12859
12864
12865
12866
12867
12868
12869
12870
12871
12872
12873
12874
12875
12876
12877
12879
12880
12881
12882
12883
12886
12887
12888
12889
12890
12891
12892
12893
12895
12896
12897
12899
12900
12901
12904
12905
12907
12908
12909
12911
12915
12916
12919
12920
12921
12928
12929
12930
12931
12934
12935
12936
12937
12938
12939
12944
12945
12946
12947
12950
12951
12952
12953
12954
12955
12971
12972
12975
12976
12977
12978
12979
12980
12982
12983
12984
12985
12986
12987
12992
12993
12994
12995
12996
12997
12998
12999
13000
13001
13002
13003
13004
13005
13007
13008
13009
13010
13011
13014
13015
13016
13017
13018
13019
13020
13021
13024
13025
13027
13028
13029
13032
13033
13035
13036
13037
13039
13043
13044
13047
13048
13049
13056
13057
13059
13060
13061
13064
13065
13067
13068
13069
13071
13079
13080
13081
13083
13084
13085
13087
13088
13089
13091
13092
13093
13096
13097
13099
13100
13101
13120
13121
13123
13124
13125
13128
13129
13131
13132
13133
13143
13144
13145
13147
13148
13149
13151
13152
13153
13155
13156
13157
13160
13161
13163
13164
13165
13167
13171
13172
13175
13176
13177
13207
13208
13209
13215
13216
13217
13219
13220
13227
13228
13231
13235
13236
13239
13240
13241
13248
13249
13251
13252
13256
13257
13259
13260
13263
13312
13313
13314
13315
13318
13319
13320
13321
13322
13323
13328
13329
13330
13331
13334
13335
13336
13337
13338
13339
13360
13361
13362
13363
13366
13367
13368
13369
13370
13371
13376
13377
13378
13379
13382
13383
13384
13385
13386
13387
13392
13393
13394
13395
13398
13399
13400
13401
13402
13403
13440
13441
13442
13443
13446
13447
13448
13449
13450
13451
13456
13457
13458
13459
13462
13463
13464
13465
13466
13467
13488
13489
13490
13491
13494
13495
13496
13497
13498
13499
13504
13505
13506
13507
13510
13511
13512
13513
13514
13515
13520
13521
13522
13523
13526
13527
13528
13529
13530
13531
13696
13697
13698
13699
13702
13703
13704
13705
13706
13707
13712
13713
13714
13715
13718
13719
13720
13721
13722
13723
13744
13745
13746
13747
13750
13751
13752
13753
13754
13755
13760
13761
13762
13763
13766
13767
13768
13769
13770
13771
13776
13777
13778
13779
13782
13783
13784
13785
13786
13787
13824
13825
13826
13827
13828
13829
13830
13831
13832
13833
13834
13835
13836
13837
13840
13841
13842
13843
13846
13847
13848
13849
13850
13851
13852
13853
13856
13857
13859
13860
13861
13864
13865
13867
13868
13869
13872
13873
13874
13875
13878
13879
13880
13881
13882
13883
13888
13889
13890
13891
13892
13893
13894
13895
13896
13897
13898
13899
13900
13901
13904
13905
13906
13907
13910
13911
13912
13913
13914
13915
13916
13917
13920
13921
13923
13924
13925
13928
13929
13931
13932
13933
13952
13953
13954
13955
13958
13959
13960
13961
13962
13963
13968
13969
13970
13971
13974
13975
13976
13977
13978
13979
14000
14001
14002
14003
14006
14007
14008
14009
14010
14011
14016
14017
14018
14019
14020
14021
14022
14023
14024
14025
14026
14027
14028
14029
14032
14033
14034
14035
14038
14039
14040
14041
14042
14043
14044
14045
14048
14049
14051
14052
14053
14056
14057
14059
14060
14061
14080
14081
14083
14084
14085
14088
14089
14091
14092
14093
14104
14105
14107
14108
14109
14112
14113
14115
14116
14117
14120
14121
14123
14124
14125
14144
14145
14147
14148
14149
14152
14153
14155
14156
14157
14168
14169
14171
14172
14173
14176
14177
14179
14180
14181
14184
14185
14187
14188
14189
14336
14337
14339
14340
14341
14344
14345
14347
14348
14349
14360
14361
14363
14364
14365
14368
14369
14371
14372
14373
14376
14377
14379
14380
14381
14400
14401
14403
14404
14405
14408
14409
14411
14412
14413
14424
14425
14427
14428
14429
14432
14433
14435
14436
14437
14440
14441
14443
14444
14445
14528
14529
14531
14532
14533
14536
14537
14539
14540
14541
14552
14553
14555
14556
14557
14560
14561
14563
14564
14565
14568
14569
14571
14572
14573
14592
14593
14595
14596
14597
14600
14601
14603
14604
14605
14616
14617
14619
14620
14621
14624
14625
14627
14628
14629
14632
14633
14635
14636
14637
14656
14657
14659
14660
14661
14664
14665
14667
14668
14669
14680
14681
14683
14684
14685
14688
14689
14691
14692
14693
14696
14697
14699
14700
14701
14848
14849
14851
14852
14853
14856
14857
14859
14860
14861
14872
14873
14875
14876
14877
14880
14881
14883
14884
14885
14888
14889
14891
14892
14893
14912
14913
14915
14916
14917
14920
14921
14923
14924
14925
14936
14937
14939
14940
14941
14944
14945
14947
14948
14949
14952
14953
14955
14956
14957
15019
15020
15023
15027
15028
15031
15032
15033
15040
15041
15043
15044
15045
15048
15049
15051
15052
15053
15055
15064
15065
15067
15068
15069
15072
15073
15075
15076
15077
15080
15081
15083
15084
15085
15087
15091
15092
15095
15096
15097
15104
15105
15107
15108
15109
15112
15113
15115
15116
15117
15119
15127
15128
15129
15131
15132
15133
15135
15136
15137
15139
15140
15141
15144
15145
15147
15148
15149
15168
15169
15171
15172
15173
15176
15177
15179
15180
15181
15191
15192
15193
15195
15196
15197
15199
15200
15201
15203
15204
15205
15208
15209
15211
15212
15213
15215
15219
15220
15223
15224
15225
15255
15256
15257
15263
15264
15265
15267
15268
15275
15276
15279
15283
15284
15287
15288
15289
15296
15297
15299
15300
15304
15305
15307
15308
15311
15531
15532
15535
15539
15540
15543
15544
15545
15552
15553
15555
15556
15560
15561
15563
15564
15567
15595
15596
15599
15603
15604
15607
15608
15609
15616
15617
15619
15620
15624
15625
15627
15628
15631
15639
15640
15641
15647
15648
15649
15651
15652
15703
15704
15705
15711
15712
15713
15715
15716
15723
15724
15727
15731
15732
15735
15736
15737
15767
15768
15769
15775
15776
15777
15779
15780
15787
15788
15791
15795
15796
15799
15800
15801
15808
15809
15811
15812
15816
15817
15819
15820
15823
15872
15873
15875
15876
15880
15881
15883
15884
15887
15895
15896
15897
15903
15904
15905
15907
15908
15936
15937
15939
15940
15944
15945
15947
15948
15951
15959
15960
15961
15967
15968
15969
15971
15972
15979
15980
15983
15987
15988
15991
15992
15993
16384
16385
16387
16388
16389
16392
16393
16395
16396
16397
16399
16407
16408
16409
16411
16412
16413
16415
16416
16417
16419
16420
16421
16424
16425
16427
16428
16429
16448
16449
16451
16452
16453
16456
16457
16459
16460
16461
16463
16471
16472
16473
16475
16476
16477
16479
16480
16481
16483
16484
16485
16488
16489
16491
16492
16493
16495
16499
16500
16503
16504
16505
16555
16556
16559
16563
16564
16567
16568
16569
16576
16577
16579
16580
16581
16584
16585
16587
16588
16589
16591
16600
16601
16603
16604
16605
16608
16609
16611
16612
16613
16616
16617
16619
16620
16621
16623
16627
16628
16631
16632
16633
16640
16641
16643
16644
16645
16648
16649
16651
16652
16653
16655
16663
16664
16665
16667
16668
16669
16671
16672
16673
16675
16676
16677
16680
16681
16683
16684
16685
16704
16705
16707
16708
16709
16712
16713
16715
16716
16717
16728
16729
16731
16732
16733
16736
16737
16739
16740
16741
16744
16745
16747
16748
16749
16896
16897
16899
16900
16901
16904
16905
16907
16908
16909
16911
16919
16920
16921
16923
16924
16925
16927
16928
16929
16931
16932
16933
16936
16937
16939
16940
16941
16960
16961
16963
16964
16965
16968
16969
16971
16972
16973
16975
16983
16984
16985
16987
16988
16989
16991
16992
16993
16995
16996
16997
17000
17001
17003
17004
17005
17007
17011
17012
17015
17016
17017
17067
17068
17071
17075
17076
17079
17080
17081
17088
17089
17091
17092
17093
17096
17097
17099
17100
17101
17103
17112
17113
17115
17116
17117
17120
17121
17123
17124
17125
17128
17129
17131
17132
17133
17135
17139
17140
17143
17144
17145
17152
17153
17155
17156
17157
17160
17161
17163
17164
17165
17167
17175
17176
17177
17179
17180
17181
17183
17184
17185
17187
17188
17189
17192
17193
17195
17196
17197
17216
17217
17219
17220
17221
17224
17225
17227
17228
17229
17239
17240
17241
17243
17244
17245
17247
17248
17249
17251
17252
17253
17256
17257
17259
17260
17261
17263
17267
17268
17271
17272
17273
17303
17304
17305
17311
17312
17313
17315
17316
17323
17324
17327
17331
17332
17335
17336
17337
17344
17345
17347
17348
17352
17353
17355
17356
17359
17751
17752
17753
17759
17760
17761
17763
17764
17771
17772
17775
17779
17780
17783
17784
17785
17815
17816
17817
17823
17824
17825
17827
17828
17835
17836
17839
17843
17844
17847
17848
17849
17856
17857
17859
17860
17864
17865
17867
17868
17871
17920
17921
17923
17924
17925
17928
17929
17931
17932
17933
17935
17943
17944
17945
17947
17948
17949
17951
17952
17953
17955
17956
17957
17960
17961
17963
17964
17965
17984
17985
17987
17988
17989
17992
17993
17995
17996
17997
17999
18007
18008
18009
18011
18012
18013
18015
18016
18017
18019
18020
18021
18024
18025
18027
18028
18029
18031
18035
18036
18039
18040
18041
18112
18113
18115
18116
18117
18120
18121
18123
18124
18125
18136
18137
18139
18140
18141
18144
18145
18147
18148
18149
18152
18153
18155
18156
18157
18176
18177
18179
18180
18181
18184
18185
18187
18188
18189
18200
18201
18203
18204
18205
18208
18209
18211
18212
18213
18216
18217
18219
18220
18221
18240
18241
18243
18244
18245
18248
18249
18251
18252
18253
18263
18264
18265
18267
18268
18269
18271
18272
18273
18275
18276
18277
18280
18281
18283
18284
18285
18287
18291
18292
18295
18296
18297
18327
18328
18329
18335
18336
18337
18339
18340
18347
18348
18351
18355
18356
18359
18360
18361
18368
18369
18371
18372
18376
18377
18379
18380
18383
18432
18433
18435
18436
18437
18440
18441
18443
18444
18445
18447
18455
18456
18457
18459
18460
18461
18463
18464
18465
18467
18468
18469
18472
18473
18475
18476
18477
18496
18497
18499
18500
18501
18504
18505
18507
18508
18509
18511
18519
18520
18521
18523
18524
18525
18527
18528
18529
18531
18532
18533
18536
18537
18539
18540
18541
18543
18547
18548
18551
18552
18553
18603
18604
18607
18611
18612
18615
18616
18617
18624
18625
18627
18628
18629
18632
18633
18635
18636
18637
18639
18648
18649
18651
18652
18653
18656
18657
18659
18660
18661
18664
18665
18667
18668
18669
18671
18675
18676
18679
18680
18681
18688
18689
18691
18692
18693
18696
18697
18699
18700
18701
18703
18711
18712
18713
18715
18716
18717
18719
18720
18721
18723
18724
18725
18728
18729
18731
18732
18733
18752
18753
18755
18756
18757
18760
18761
18763
18764
18765
18776
18777
18779
18780
18781
18784
18785
18787
18788
18789
18792
18793
18795
18796
18797
18944
18945
18947
18948
18949
18952
18953
18955
18956
18957
18968
18969
18971
18972
18973
18976
18977
18979
18980
18981
18984
18985
18987
18988
18989
19008
19009
19011
19012
19013
19016
19017
19019
19020
19021
19032
19033
19035
19036
19037
19040
19041
19043
19044
19045
19048
19049
19051
19052
19053
19136
19137
19139
19140
19141
19144
19145
19147
19148
19149
19160
19161
19163
19164
19165
19168
19169
19171
19172
19173
19176
19177
19179
19180
19181
19200
19201
19203
19204
19205
19208
19209
19211
19212
19213
19224
19225
19227
19228
19229
19232
19233
19235
19236
19237
19240
19241
19243
19244
19245
19264
19265
19267
19268
19269
19272
19273
19275
19276
19277
19288
19289
19291
19292
19293
19296
19297
19299
19300
19301
19304
19305
19307
19308
19309
19661
19663
19668
19669
19676
19679
19680
19681
19700
19701
19704
19705
19708
19712
19713
19717
19719
19720
19721
19725
19727
19732
19733
19764
19765
19768
19769
19772
19776
19777
19781
19783
19784
19785
19804
19807
19808
19809
19815
19816
19817
19820
19821
19823
19828
19829
19832
19833
19836
19968
19969
19973
19975
19976
19977
19981
19983
19988
19989
20480
20481
20483
20484
20485
20488
20489
20491
20492
20493
20504
20505
20507
20508
20509
20512
20513
20515
20516
20517
20520
20521
20523
20524
20525
20544
20545
20547
20548
20549
20552
20553
20555
20556
20557
20568
20569
20571
20572
20573
20576
20577
20579
20580
20581
20584
20585
20587
20588
20589
20672
20673
20675
20676
20677
20680
20681
20683
20684
20685
20696
20697
20699
20700
20701
20704
20705
20707
20708
20709
20712
20713
20715
20716
20717
20736
20737
20739
20740
20741
20744
20745
20747
20748
20749
20760
20761
20763
20764
20765
20768
20769
20771
20772
20773
20776
20777
20779
20780
20781
20800
20801
20803
20804
20805
20808
20809
20811
20812
20813
20824
20825
20827
20828
20829
20832
20833
20835
20836
20837
20840
20841
20843
20844
20845
20992
20993
20995
20996
20997
21000
21001
21003
21004
21005
21016
21017
21019
21020
21021
21024
21025
21027
21028
21029
21032
21033
21035
21036
21037
21056
21057
21059
21060
21061
21064
21065
21067
21068
21069
21080
21081
21083
21084
21085
21088
21089
21091
21092
21093
21096
21097
21099
21100
21101
21184
21185
21187
21188
21189
21192
21193
21195
21196
21197
21208
21209
21211
21212
21213
21216
21217
21219
21220
21221
21224
21225
21227
21228
21229
21248
21249
21251
21252
21253
21256
21257
21259
21260
21261
21272
21273
21275
21276
21277
21280
21281
21283
21284
21285
21288
21289
21291
21292
21293
21312
21313
21315
21316
21317
21320
21321
21323
21324
21325
21336
21337
21339
21340
21341
21344
21345
21347
21348
21349
21352
21353
21355
21356
21357
22016
22017
22019
22020
22021
22024
22025
22027
22028
22029
22040
22041
22043
22044
22045
22048
22049
22051
22052
22053
22056
22057
22059
22060
22061
22080
22081
22083
22084
22085
22088
22089
22091
22092
22093
22104
22105
22107
22108
22109
22112
22113
22115
22116
22117
22120
22121
22123
22124
22125
22208
22209
22211
22212
22213
22216
22217
22219
22220
22221
22232
22233
22235
22236
22237
22240
22241
22243
22244
22245
22248
22249
22251
22252
22253
22272
22273
22275
22276
22277
22280
22281
22283
22284
22285
22296
22297
22299
22300
22301
22304
22305
22307
22308
22309
22312
22313
22315
22316
22317
22336
22337
22339
22340
22341
22344
22345
22347
22348
22349
22360
22361
22363
22364
22365
22368
22369
22371
22372
22373
22376
22377
22379
22380
22381
22528
22529
22531
22532
22533
22536
22537
22539
22540
22541
22552
22553
22555
22556
22557
22560
22561
22563
22564
22565
22568
22569
22571
22572
22573
22592
22593
22595
22596
22597
22600
22601
22603
22604
22605
22616
22617
22619
22620
22621
22624
22625
22627
22628
22629
22632
22633
22635
22636
22637
22720
22721
22723
22724
22725
22728
22729
22731
22732
22733
22744
22745
22747
22748
22749
22752
22753
22755
22756
22757
22760
22761
22763
22764
22765
22784
22785
22787
22788
22789
22792
22793
22795
22796
22797
22808
22809
22811
22812
22813
22816
22817
22819
22820
22821
22824
22825
22827
22828
22829
22848
22849
22851
22852
22853
22856
22857
22859
22860
22861
22872
22873
22875
22876
22877
22880
22881
22883
22884
22885
22888
22889
22891
22892
22893
23040
23041
23043
23044
23045
23048
23049
23051
23052
23053
23064
23065
23067
23068
23069
23072
23073
23075
23076
23077
23080
23081
23083
23084
23085
23104
23105
23107
23108
23109
23112
23113
23115
23116
23117
23128
23129
23131
23132
23133
23136
23137
23139
23140
23141
23144
23145
23147
23148
23149
23232
23233
23235
23236
23237
23240
23241
23243
23244
23245
23256
23257
23259
23260
23261
23264
23265
23267
23268
23269
23272
23273
23275
23276
23277
23296
23297
23299
23300
23301
23304
23305
23307
23308
23309
23320
23321
23323
23324
23325
23328
23329
23331
23332
23333
23336
23337
23339
23340
23341
23360
23361
23363
23364
23365
23368
23369
23371
23372
23373
23384
23385
23387
23388
23389
23392
23393
23395
23396
23397
23400
23401
23403
23404
23405
24576
24577
24578
24579
24582
24583
24584
24585
24586
24587
24592
24593
24594
24595
24598
24599
24600
24601
24602
24603
24624
24625
24626
24627
24630
24631
24632
24633
24634
24635
24640
24641
24642
24643
24646
24647
24648
24649
24650
24651
24656
24657
24658
24659
24662
24663
24664
24665
24666
24667
24704
24705
24706
24707
24710
24711
24712
24713
24714
24715
24720
24721
24722
24723
24726
24727
24728
24729
24730
24731
24752
24753
24754
24755
24758
24759
24760
24761
24762
24763
24768
24769
24770
24771
24774
24775
24776
24777
24778
24779
24784
24785
24786
24787
24790
24791
24792
24793
24794
24795
24960
24961
24962
24963
24966
24967
24968
24969
24970
24971
24976
24977
24978
24979
24982
24983
24984
24985
24986
24987
32768
32769
32771
32772
32773
32776
32777
32779
32780
32781
32783
32791
32792
32793
32795
32796
32797
32799
32800
32801
32803
32804
32805
32808
32809
32811
32812
32813
32832
32833
32835
32836
32837
32840
32841
32843
32844
32845
32847
32855
32856
32857
32859
32860
32861
32863
32864
32865
32867
32868
32869
32872
32873
32875
32876
32877
32879
32883
32884
32887
32888
32889
32939
32940
32943
32947
32948
32951
32952
32953
32960
32961
32963
32964
32965
32968
32969
32971
32972
32973
32975
32984
32985
32987
32988
32989
32992
32993
32995
32996
32997
33000
33001
33003
33004
33005
33007
33011
33012
33015
33016
33017
33024
33025
33027
33028
33029
33032
33033
33035
33036
33037
33039
33047
33048
33049
33051
33052
33053
33055
33056
33057
33059
33060
33061
33064
33065
33067
33068
33069
33088
33089
33091
33092
33093
33096
33097
33099
33100
33101
33112
33113
33115
33116
33117
33120
33121
33123
33124
33125
33128
33129
33131
33132
33133
33280
33281
33283
33284
33285
33288
33289
33291
33292
33293
33295
33303
33304
33305
33307
33308
33309
33311
33312
33313
33315
33316
33317
33320
33321
33323
33324
33325
33344
33345
33347
33348
33349
33352
33353
33355
33356
33357
33368
33369
33371
33372
33373
33376
33377
33379
33380
33381
33384
33385
33387
33388
33389
33472
33473
33475
33476
33477
33480
33481
33483
33484
33485
33496
33497
33499
33500
33501
33504
33505
33507
33508
33509
33512
33513
33515
33516
33517
33536
33537
33539
33540
33541
33544
33545
33547
33548
33549
33560
33561
33563
33564
33565
33568
33569
33571
33572
33573
33576
33577
33579
33580
33581
33600
33601
33603
33604
33605
33608
33609
33611
33612
33613
33624
33625
33627
33628
33629
33632
33633
33635
33636
33637
33640
33641
33643
33644
33645
34304
34305
34307
34308
34309
34312
34313
34315
34316
34317
34328
34329
34331
34332
34333
34336
34337
34339
34340
34341
34344
34345
34347
34348
34349
34368
34369
34371
34372
34373
34376
34377
34379
34380
34381
34392
34393
34395
34396
34397
34400
34401
34403
34404
34405
34408
34409
34411
34412
34413
34496
34497
34499
34500
34501
34504
34505
34507
34508
34509
34520
34521
34523
34524
34525
34528
34529
34531
34532
34533
34536
34537
34539
34540
34541
34560
34561
34563
34564
34565
34568
34569
34571
34572
34573
34584
34585
34587
34588
34589
34592
34593
34595
34596
34597
34600
34601
34603
34604
34605
34624
34625
34627
34628
34629
34632
34633
34635
34636
34637
34648
34649
34651
34652
34653
34656
34657
34659
34660
34661
34664
34665
34667
34668
34669
34816
34817
34819
34820
34821
34824
34825
34827
34828
34829
34840
34841
34843
34844
34845
34848
34849
34851
34852
34853
34856
34857
34859
34860
34861
34880
34881
34883
34884
34885
34888
34889
34891
34892
34893
34904
34905
34907
34908
34909
34912
34913
34915
34916
34917
34920
34921
34923
34924
34925
35008
35009
35011
35012
35013
35016
35017
35019
35020
35021
35032
35033
35035
35036
35037
35040
35041
35043
35044
35045
35048
35049
35051
35052
35053
35072
35073
35075
35076
35077
35080
35081
35083
35084
35085
35096
35097
35099
35100
35101
35104
35105
35107
35108
35109
35112
35113
35115
35116
35117
35136
35137
35139
35140
35141
35144
35145
35147
35148
35149
35160
35161
35163
35164
35165
35168
35169
35171
35172
35173
35176
35177
35179
35180
35181
35328
35329
35331
35332
35333
35336
35337
35339
35340
35341
35352
35353
35355
35356
35357
35360
35361
35363
35364
35365
35368
35369
35371
35372
35373
35392
35393
35395
35396
35397
35400
35401
35403
35404
35405
35416
35417
35419
35420
35421
35424
35425
35427
35428
35429
35432
35433
35435
35436
35437
35520
35521
35523
35524
35525
35528
35529
35531
35532
35533
35544
35545
35547
35548
35549
35552
35553
35555
35556
35557
35560
35561
35563
35564
35565
35584
35585
35587
35588
35589
35592
35593
35595
35596
35597
35608
35609
35611
35612
35613
35616
35617
35619
35620
35621
35624
35625
35627
35628
35629
35648
35649
35651
35652
35653
35656
35657
35659
35660
35661
35672
35673
35675
35676
35677
35680
35681
35683
35684
35685
35688
35689
35691
35692
35693
36864
36865
36867
36868
36869
36872
36873
36875
36876
36877
36888
36889
36891
36892
36893
36896
36897
36899
36900
36901
36904
36905
36907
36908
36909
36928
36929
36931
36932
36933
36936
36937
36939
36940
36941
36952
36953
36955
36956
36957
36960
36961
36963
36964
36965
36968
36969
36971
36972
36973
37056
37057
37059
37060
37061
37064
37065
37067
37068
37069
37080
37081
37083
37084
37085
37088
37089
37091
37092
37093
37096
37097
37099
37100
37101
37120
37121
37123
37124
37125
37128
37129
37131
37132
37133
37144
37145
37147
37148
37149
37152
37153
37155
37156
37157
37160
37161
37163
37164
37165
37184
37185
37187
37188
37189
37192
37193
37195
37196
37197
37208
37209
37211
37212
37213
37216
37217
37219
37220
37221
37224
37225
37227
37228
37229
37376
37377
37379
37380
37381
37384
37385
37387
37388
37389
37400
37401
37403
37404
37405
37408
37409
37411
37412
37413
37416
37417
37419
37420
37421
37440
37441
37443
37444
37445
37448
37449
37451
37452
37453
37464
37465
37467
37468
37469
37472
37473
37475
37476
37477
37480
37481
37483
37484
37485
37568
37569
37571
37572
37573
37576
37577
37579
37580
37581
37592
37593
37595
37596
37597
37600
37601
37603
37604
37605
37608
37609
37611
37612
37613
37632
37633
37635
37636
37637
37640
37641
37643
37644
37645
37656
37657
37659
37660
37661
37664
37665
37667
37668
37669
37672
37673
37675
37676
37677
37696
37697
37699
37700
37701
37704
37705
37707
37708
37709
37720
37721
37723
37724
37725
37728
37729
37731
37732
37733
37736
37737
37739
37740
37741
38400
38401
38403
38404
38405
38408
38409
38411
38412
38413
38424
38425
38427
38428
38429
38432
38433
38435
38436
38437
38440
38441
38443
38444
38445
38464
38465
38467
38468
38469
38472
38473
38475
38476
38477
38488
38489
38491
38492
38493
38496
38497
38499
38500
38501
38504
38505
38507
38508
38509
38592
38593
38595
38596
38597
38600
38601
38603
38604
38605
38616
38617
38619
38620
38621
38624
38625
38627
38628
38629
38632
38633
38635
38636
38637
38656
38657
38659
38660
38661
38664
38665
38667
38668
38669
38680
38681
38683
38684
38685
38688
38689
38691
38692
38693
38696
38697
38699
38700
38701
38720
38721
38723
38724
38725
38728
38729
38731
38732
38733
38744
38745
38747
38748
38749
38752
38753
38755
38756
38757
38760
38761
38763
38764
38765
38912
38913
38915
38916
38917
38920
38921
38923
38924
38925
38936
38937
38939
38940
38941
38944
38945
38947
38948
38949
38952
38953
38955
38956
38957
38976
38977
38979
38980
38981
38984
38985
38987
38988
38989
39000
39001
39003
39004
39005
39008
39009
39011
39012
39013
39016
39017
39019
39020
39021
39104
39105
39107
39108
39109
39112
39113
39115
39116
39117
39128
39129
39131
39132
39133
39136
39137
39139
39140
39141
39144
39145
39147
39148
39149
39168
39169
39171
39172
39173
39176
39177
39179
39180
39181
39192
39193
39195
39196
39197
39200
39201
39203
39204
39205
39208
39209
39211
39212
39213
39232
39233
39235
39236
39237
39240
39241
39243
39244
39245
39256
39257
39259
39260
39261
39264
39265
39267
39268
39269
39272
39273
39275
39276
39277
39424
39425
39427
39428
39429
39432
39433
39435
39436
39437
39448
39449
39451
39452
39453
39456
39457
39459
39460
39461
39464
39465
39467
39468
39469
39488
39489
39491
39492
39493
39496
39497
39499
39500
39501
39512
39513
39515
39516
39517
39520
39521
39523
39524
39525
39528
39529
39531
39532
39533
39616
39617
39619
39620
39621
39624
39625
39627
39628
39629
39640
39641
39643
39644
39645
39648
39649
39651
39652
39653
39656
39657
39659
39660
39661
39680
39681
39683
39684
39685
39688
39689
39691
39692
39693
39704
39705
39707
39708
39709
39712
39713
39715
39716
39717
39720
39721
39723
39724
39725
39744
39745
39747
39748
39749
39752
39753
39755
39756
39757
39768
39769
39771
39772
39773
39776
39777
39779
39780
39781
39784
39785
39787
39788
39789
45056
45057
45059
45060
45061
45064
45065
45067
45068
45069
45080
45081
45083
45084
45085
45088
45089
45091
45092
45093
45096
45097
45099
45100
45101
45120
45121
45123
45124
45125
45128
45129
45131
45132
45133
45144
45145
45147
45148
45149
45152
45153
45155
45156
45157
45160
45161
45163
45164
45165
45248
45249
45251
45252
45253
45256
45257
45259
45260
45261
45272
45273
45275
45276
45277
45280
45281
45283
45284
45285
45288
45289
45291
45292
45293
45312
45313
45315
45316
45317
45320
45321
45323
45324
45325
45336
45337
45339
45340
45341
45344
45345
45347
45348
45349
45352
45353
45355
45356
45357
45376
45377
45379
45380
45381
45384
45385
45387
45388
45389
45400
45401
45403
45404
45405
45408
45409
45411
45412
45413
45416
45417
45419
45420
45421
45568
45569
45571
45572
45573
45576
45577
45579
45580
45581
45592
45593
45595
45596
45597
45600
45601
45603
45604
45605
45608
45609
45611
45612
45613
45632
45633
45635
45636
45637
45640
45641
45643
45644
45645
45656
45657
45659
45660
45661
45664
45665
45667
45668
45669
45672
45673
45675
45676
45677
45760
45761
45763
45764
45765
45768
45769
45771
45772
45773
45784
45785
45787
45788
45789
45792
45793
45795
45796
45797
45800
45801
45803
45804
45805
45824
45825
45827
45828
45829
45832
45833
45835
45836
45837
45848
45849
45851
45852
45853
45856
45857
45859
45860
45861
45864
45865
45867
45868
45869
45888
45889
45891
45892
45893
45896
45897
45899
45900
45901
45912
45913
45915
45916
45917
45920
45921
45923
45924
45925
45928
45929
45931
45932
45933
46592
46593
46595
46596
46597
46600
46601
46603
46604
46605
46616
46617
46619
46620
46621
46624
46625
46627
46628
46629
46632
46633
46635
46636
46637
46656
46657
46659
46660
46661
46664
46665
46667
46668
46669
46680
46681
46683
46684
46685
46688
46689
46691
46692
46693
46696
46697
46699
46700
46701
46784
46785
46787
46788
46789
46792
46793
46795
46796
46797
46808
46809
46811
46812
46813
46816
46817
46819
46820
46821
46824
46825
46827
46828
46829
46848
46849
46851
46852
46853
46856
46857
46859
46860
46861
46872
46873
46875
46876
46877
46880
46881
46883
46884
46885
46888
46889
46891
46892
46893
46912
46913
46915
46916
46917
46920
46921
46923
46924
46925
46936
46937
46939
46940
46941
46944
46945
46947
46948
46949
46952
46953
46955
46956
46957
47104
47105
47107
47108
47109
47112
47113
47115
47116
47117
47128
47129
47131
47132
47133
47136
47137
47139
47140
47141
47144
47145
47147
47148
47149
47168
47169
47171
47172
47173
47176
47177
47179
47180
47181
47192
47193
47195
47196
47197
47200
47201
47203
47204
47205
47208
47209
47211
47212
47213
47296
47297
47299
47300
47301
47304
47305
47307
47308
47309
47320
47321
47323
47324
47325
47328
47329
47331
47332
47333
47336
47337
47339
47340
47341
47360
47361
47363
47364
47365
47368
47369
47371
47372
47373
47384
47385
47387
47388
47389
47392
47393
47395
47396
47397
47400
47401
47403
47404
47405
47424
47425
47427
47428
47429
47432
47433
47435
47436
47437
47448
47449
47451
47452
47453
47456
47457
47459
47460
47461
47464
47465
47467
47468
47469
47616
47617
47619
47620
47621
47624
47625
47627
47628
47629
47640
47641
47643
47644
47645
47648
47649
47651
47652
47653
47656
47657
47659
47660
47661
47680
47681
47683
47684
47685
47688
47689
47691
47692
47693
47704
47705
47707
47708
47709
47712
47713
47715
47716
47717
47720
47721
47723
47724
47725
47808
47809
47811
47812
47813
47816
47817
47819
47820
47821
47832
47833
47835
47836
47837
47840
47841
47843
47844
47845
47848
47849
47851
47852
47853
47872
47873
47875
47876
47877
47880
47881
47883
47884
47885
47896
47897
47899
47900
47901
47904
47905
47907
47908
47909
47912
47913
47915
47916
47917
47936
47937
47939
47940
47941
47944
47945
47947
47948
47949
47960
47961
47963
47964
47965
47968
47969
47971
47972
47973
47976
47977
47979
47980
47981
49152
49153
49155
49156
49157
49160
49161
49163
49164
49165
49176
49177
49179
49180
49181
49184
49185
49187
49188
49189
49192
49193
49195
49196
49197
49216
49217
49219
49220
49221
49224
49225
49227
49228
49229
49240
49241
49243
49244
49245
49248
49249
49251
49252
49253
49256
49257
49259
49260
49261
49344
49345
49347
49348
49349
49352
49353
49355
49356
49357
49368
49369
49371
49372
49373
49376
49377
49379
49380
49381
49384
49385
49387
49388
49389
49408
49409
49411
49412
49413
49416
49417
49419
49420
49421
49432
49433
49435
49436
49437
49440
49441
49443
49444
49445
49448
49449
49451
49452
49453
49472
49473
49475
49476
49477
49480
49481
49483
49484
49485
49496
49497
49499
49500
49501
49504
49505
49507
49508
49509
49512
49513
49515
49516
49517
49664
49665
49667
49668
49669
49672
49673
49675
49676
49677
49688
49689
49691
49692
49693
49696
49697
49699
49700
49701
49704
49705
49707
49708
49709
49728
49729
49731
49732
49733
49736
49737
49739
49740
49741
49752
49753
49755
49756
49757
49760
49761
49763
49764
49765
49768
49769
49771
49772
49773
49856
49857
49859
49860
49861
49864
49865
49867
49868
49869
49880
49881
49883
49884
49885
49888
49889
49891
49892
49893
49896
49897
49899
49900
49901
49920
49921
49923
49924
49925
49928
49929
49931
49932
49933
49944
49945
49947
49948
49949
49952
49953
49955
49956
49957
49960
49961
49963
49964
49965
49984
49985
49987
49988
49989
49992
49993
49995
49996
49997
50008
50009
50011
50012
50013
50016
50017
50019
50020
50021
50024
50025
50027
50028
50029
50688
50689
50691
50692
50693
50696
50697
50699
50700
50701
50712
50713
50715
50716
50717
50720
50721
50723
50724
50725
50728
50729
50731
50732
50733
50752
50753
50755
50756
50757
50760
50761
50763
50764
50765
50776
50777
50779
50780
50781
50784
50785
50787
50788
50789
50792
50793
50795
50796
50797
50880
50881
50883
50884
50885
50888
50889
50891
50892
50893
50904
50905
50907
50908
50909
50912
50913
50915
50916
50917
50920
50921
50923
50924
50925
50944
50945
50947
50948
50949
50952
50953
50955
50956
50957
50968
50969
50971
50972
50973
50976
50977
50979
50980
50981
50984
50985
50987
50988
50989
51008
51009
51011
51012
51013
51016
51017
51019
51020
51021
51032
51033
51035
51036
51037
51040
51041
51043
51044
51045
51048
51049
51051
51052
51053
51200
51201
51203
51204
51205
51208
51209
51211
51212
51213
51224
51225
51227
51228
51229
51232
51233
51235
51236
51237
51240
51241
51243
51244
51245
51264
51265
51267
51268
51269
51272
51273
51275
51276
51277
51288
51289
51291
51292
51293
51296
51297
51299
51300
51301
51304
51305
51307
51308
51309
51392
51393
51395
51396
51397
51400
51401
51403
51404
51405
51416
51417
51419
51420
51421
51424
51425
51427
51428
51429
51432
51433
51435
51436
51437
51456
51457
51459
51460
51461
51464
51465
51467
51468
51469
51480
51481
51483
51484
51485
51488
51489
51491
51492
51493
51496
51497
51499
51500
51501
51520
51521
51523
51524
51525
51528
51529
51531
51532
51533
51544
51545
51547
51548
51549
51552
51553
51555
51556
51557
51560
51561
51563
51564
51565
51712
51713
51715
51716
51717
51720
51721
51723
51724
51725
51736
51737
51739
51740
51741
51744
51745
51747
51748
51749
51752
51753
51755
51756
51757
51776
51777
51779
51780
51781
51784
51785
51787
51788
51789
51800
51801
51803
51804
51805
51808
51809
51811
51812
51813
51816
51817
51819
51820
51821
51904
51905
51907
51908
51909
51912
51913
51915
51916
51917
51928
51929
51931
51932
51933
51936
51937
51939
51940
51941
51944
51945
51947
51948
51949
51968
51969
51971
51972
51973
51976
51977
51979
51980
51981
51992
51993
51995
51996
51997
52000
52001
52003
52004
52005
52008
52009
52011
52012
52013
52032
52033
52035
52036
52037
52040
52041
52043
52044
52045
52056
52057
52059
52060
52061
52064
52065
52067
52068
52069
52072
52073
52075
52076
52077
53248
53249
53251
53252
53253
53256
53257
53259
53260
53261
53272
53273
53275
53276
53277
53280
53281
53283
53284
53285
53288
53289
53291
53292
53293
53312
53313
53315
53316
53317
53320
53321
53323
53324
53325
53336
53337
53339
53340
53341
53344
53345
53347
53348
53349
53352
53353
53355
53356
53357
53440
53441
53443
53444
53445
53448
53449
53451
53452
53453
53464
53465
53467
53468
53469
53472
53473
53475
53476
53477
53480
53481
53483
53484
53485
53504
53505
53507
53508
53509
53512
53513
53515
53516
53517
53528
53529
53531
53532
53533
53536
53537
53539
53540
53541
53544
53545
53547
53548
53549
53568
53569
53571
53572
53573
53576
53577
53579
53580
53581
53592
53593
53595
53596
53597
53600
53601
53603
53604
53605
53608
53609
53611
53612
53613
53760
53761
53763
53764
53765
53768
53769
53771
53772
53773
53784
53785
53787
53788
53789
53792
53793
53795
53796
53797
53800
53801
53803
53804
53805
53824
53825
53827
53828
53829
53832
53833
53835
53836
53837
53848
53849
53851
53852
53853
53856
53857
53859
53860
53861
53864
53865
53867
53868
53869
53952
53953
53955
53956
53957
53960
53961
53963
53964
53965
53976
53977
53979
53980
53981
53984
53985
53987
53988
53989
53992
53993
53995
53996
53997
54016
54017
54019
54020
54021
54024
54025
54027
54028
54029
54040
54041
54043
54044
54045
54048
54049
54051
54052
54053
54056
54057
54059
54060
54061
54080
54081
54083
54084
54085
54088
54089
54091
54092
54093
54104
54105
54107
54108
54109
54112
54113
54115
54116
54117
54120
54121
54123
54124
54125
54784
54785
54787
54788
54789
54792
54793
54795
54796
54797
54808
54809
54811
54812
54813
54816
54817
54819
54820
54821
54824
54825
54827
54828
54829
54848
54849
54851
54852
54853
54856
54857
54859
54860
54861
54872
54873
54875
54876
54877
54880
54881
54883
54884
54885
54888
54889
54891
54892
54893
54976
54977
54979
54980
54981
54984
54985
54987
54988
54989
55000
55001
55003
55004
55005
55008
55009
55011
55012
55013
55016
55017
55019
55020
55021
55040
55041
55043
55044
55045
55048
55049
55051
55052
55053
55064
55065
55067
55068
55069
55072
55073
55075
55076
55077
55080
55081
55083
55084
55085
55104
55105
55107
55108
55109
55112
55113
55115
55116
55117
55128
55129
55131
55132
55133
55136
55137
55139
55140
55141
55144
55145
55147
55148
55149
55296
55297
55299
55300
55301
55304
55305
55307
55308
55309
55320
55321
55323
55324
55325
55328
55329
55331
55332
55333
55336
55337
55339
55340
55341
55360
55361
55363
55364
55365
55368
55369
55371
55372
55373
55384
55385
55387
55388
55389
55392
55393
55395
55396
55397
55400
55401
55403
55404
55405
55488
55489
55491
55492
55493
55496
55497
55499
55500
55501
55512
55513
55515
55516
55517
55520
55521
55523
55524
55525
55528
55529
55531
55532
55533
55552
55553
55555
55556
55557
55560
55561
55563
55564
55565
55576
55577
55579
55580
55581
55584
55585
55587
55588
55589
55592
55593
55595
55596
55597
55616
55617
55619
55620
55621
55624
55625
55627
55628
55629
55640
55641
55643
55644
55645
55648
55649
55651
55652
55653
55656
55657
55659
55660
55661
55808
55809
55811
55812
55813
55816
55817
55819
55820
55821
55832
55833
55835
55836
55837
55840
55841
55843
55844
55845
55848
55849
55851
55852
55853
55872
55873
55875
55876
55877
55880
55881
55883
55884
55885
55896
55897
55899
55900
55901
55904
55905
55907
55908
55909
55912
55913
55915
55916
55917
56000
56001
56003
56004
56005
56008
56009
56011
56012
56013
56024
56025
56027
56028
56029
56032
56033
56035
56036
56037
56040
56041
56043
56044
56045
56064
56065
56067
56068
56069
56072
56073
56075
56076
56077
56088
56089
56091
56092
56093
56096
56097
56099
56100
56101
56104
56105
56107
56108
56109
56128
56129
56131
56132
56133
56136
56137
56139
56140
56141
56152
56153
56155
56156
56157
56160
56161
56163
56164
56165
56168
56169
56171
56172
56173
98304
98305
98307
98308
98309
98312
98313
98315
98316
98317
98328
98329
98331
98332
98333
98336
98337
98339
98340
98341
98344
98345
98347
98348
98349
98368
98369
98371
98372
98373
98376
98377
98379
98380
98381
98392
98393
98395
98396
98397
98400
98401
98403
98404
98405
98408
98409
98411
98412
98413
98496
98497
98499
98500
98501
98504
98505
98507
98508
98509
98520
98521
98523
98524
98525
98528
98529
98531
98532
98533
98536
98537
98539
98540
98541
98560
98561
98563
98564
98565
98568
98569
98571
98572
98573
98584
98585
98587
98588
98589
98592
98593
98595
98596
98597
98600
98601
98603
98604
98605
98624
98625
98627
98628
98629
98632
98633
98635
98636
98637
98648
98649
98651
98652
98653
98656
98657
98659
98660
98661
98664
98665
98667
98668
98669
98816
98817
98819
98820
98821
98824
98825
98827
98828
98829
98840
98841
98843
98844
98845
98848
98849
98851
98852
98853
98856
98857
98859
98860
98861
98880
98881
98883
98884
98885
98888
98889
98891
98892
98893
98904
98905
98907
98908
98909
98912
98913
98915
98916
98917
98920
98921
98923
98924
98925
99008
99009
99011
99012
99013
99016
99017
99019
99020
99021
99032
99033
99035
99036
99037
99040
99041
99043
99044
99045
99048
99049
99051
99052
99053
99072
99073
99075
99076
99077
99080
99081
99083
99084
99085
99096
99097
99099
99100
99101
99104
99105
99107
99108
99109
99112
99113
99115
99116
99117
99136
99137
99139
99140
99141
99144
99145
99147
99148
99149
99160
99161
99163
99164
99165
99168
99169
99171
99172
99173
99176
99177
99179
99180
99181
99840
99841
99843
99844
99845
99848
99849
99851
99852
99853
99864
99865
99867
99868
99869
99872
99873
99875
99876
99877
99880
99881
99883
99884
99885
99904
99905
99907
99908
99909
99912
99913
99915
99916
99917
99928
99929
99931
99932
99933
99936
99937
99939
99940
99941
99944
99945
99947
99948
99949
