2
3
4
5
6
7
8
9
10
11
12
13
14
15
16
17
18
19
20
21
22
23
24
25
26
27
28
29
30
31
32
33
34
35
36
37
38
39
40
41
42
43
44
45
46
47
48
49
50
51
52
53
54
55
56
57
58
59
60
61
63
64
65
66
67
68
69
70
71
72
73
74
75
76
77
78
79
80
81
82
83
84
86
87
88
89
90
91
92
93
94
95
96
97
98
99
100
101
102
103
104
105
106
107
108
109
110
111
112
113
114
115
116
118
119
120
121
122
123
126
128
129
130
131
132
133
134
135
136
137
138
139
140
141
142
143
144
145
146
147
148
149
150
151
152
153
154
155
156
157
158
160
161
162
163
164
165
166
167
168
169
171
172
173
174
176
177
178
179
180
181
182
183
184
185
187
188
189
192
193
194
195
196
197
198
199
200
201
202
203
204
205
206
207
208
209
210
211
212
214
216
217
218
219
220
222
224
225
226
227
228
229
230
231
232
233
235
236
237
238
240
241
242
243
244
246
251
252
256
257
258
259
260
261
262
263
264
265
266
267
268
269
270
271
272
273
274
275
276
278
280
281
282
283
284
286
288
289
290
291
292
293
294
295
296
297
298
299
300
301
302
303
304
305
306
307
308
310
312
313
314
315
316
320
321
322
323
324
325
326
327
328
329
330
331
332
333
334
335
336
337
338
339
344
345
346
347
352
353
354
355
356
357
358
359
360
361
362
363
364
365
366
367
368
369
370
371
376
377
378
379
384
385
386
387
388
389
390
391
392
393
394
395
396
397
398
399
400
401
402
403
404
406
408
409
410
411
412
414
416
417
418
419
420
422
432
433
434
435
436
438
448
449
450
451
452
453
454
455
456
457
458
459
460
461
462
463
464
465
466
467
472
473
474
475
512
513
514
515
516
518
520
521
522
523
524
526
528
529
530
531
532
534
536
537
538
539
540
542
544
545
546
547
548
550
560
561
562
563
564
566
576
577
578
579
580
582
584
585
586
587
588
590
592
593
594
595
596
598
600
601
602
603
604
606
608
609
610
611
612
614
624
625
626
627
628
630
640
641
642
643
644
646
648
649
650
651
652
654
656
657
658
659
660
662
664
665
666
667
668
670
672
673
674
675
676
678
688
689
690
691
692
694
704
705
706
707
708
710
712
713
714
715
716
718
720
721
722
723
724
726
728
729
730
731
732
734
736
737
738
739
740
742
752
753
754
755
756
758
768
769
770
771
772
774
776
777
778
779
780
782
784
785
786
787
788
790
792
793
794
795
796
798
800
801
802
803
804
806
816
817
818
819
820
822
896
897
898
899
900
902
904
905
906
907
908
910
912
913
914
915
916
918
920
921
922
923
924
926
928
929
930
931
932
934
944
945
946
947
948
950
