2
4
5
6
7
8
9
10
11
12
13
14
15
16
17
18
19
20
21
25
26
28
29
30
31
32
33
34
35
36
37
38
39
40
41
42
43
44
45
46
47
48
49
50
51
52
53
54
55
56
57
58
59
60
61
62
63
64
65
66
67
68
69
70
71
72
73
74
75
76
77
78
79
80
81
82
83
84
85
86
87
88
89
90
91
93
95
96
97
98
99
100
101
102
103
104
105
106
107
108
109
110
111
112
113
114
115
116
117
118
119
120
121
122
123
124
125
126
127
128
129
130
131
132
133
135
136
137
138
139
141
142
143
144
145
146
149
151
152
153
154
155
159
160
162
163
164
165
166
167
168
169
170
194
200
201
202
203
204
207
208
209
217
220
225
226
227
228
229
230
232
233
235
237
238
239
240
241
242
247
248
249
250
251
253
254
255
256
257
258
259
260
261
262
264
265
266
267
268
269
270
272
273
274
275
276
277
278
280
281
282
283
284
285
287
288
289
290
291
292
293
294
295
296
297
298
301
304
305
306
308
309
311
312
313
315
316
317
318
319
320
321
324
325
327
328
329
330
331
332
333
336
337
339
340
341
342
343
344
345
346
347
350
351
352
353
354
355
356
357
358
361
367
368
369
370
372
373
375
376
377
378
379
380
381
382
383
384
385
386
387
388
389
390
391
392
393
394
395
396
397
398
399
400
401
402
403
404
406
407
408
409
410
411
412
415
416
417
418
419
421
422
423
424
425
426
427
428
429
432
434
435
436
437
438
439
440
441
442
443
444
445
448
449
450
451
452
453
454
455
456
457
458
459
460
461
463
464
465
467
468
469
470
471
472
473
474
475
477
479
480
481
482
483
484
485
487
488
489
490
491
493
494
496
497
498
499
500
501
502
503
506
507
508
509
512
513
514
516
517
518
519
520
521
522
523
524
525
527
528
529
530
531
532
533
534
535
536
537
538
540
541
542
543
544
545
546
547
548
549
550
551
552
553
554
555
557
559
560
561
562
563
564
565
567
568
569
570
571
572
573
576
577
578
579
580
581
582
583
584
585
586
587
589
590
591
592
593
594
595
596
597
598
599
600
601
602
603
604
605
606
607
608
609
610
611
612
613
614
615
616
617
618
620
621
623
624
625
627
628
629
631
632
633
634
635
636
637
639
640
641
642
647
648
649
650
651
653
654
655
656
657
658
659
660
661
662
663
664
665
666
667
668
669
671
672
673
674
675
676
677
679
680
681
682
684
685
687
688
689
691
695
696
697
699
701
702
703
704
705
710
711
712
713
714
715
718
719
721
722
723
726
727
728
729
735
738
744
745
748
749
755
757
759
760
761
762
766
767
768
769
771
773
774
775
776
777
778
780
781
782
784
785
787
790
791
792
793
795
799
800
801
803
804
805
806
807
808
809
811
813
814
815
816
817
819
820
821
824
825
827
829
830
832
833
834
836
838
841
843
847
849
850
855
856
857
863
865
869
871
872
873
874
877
881
883
884
885
888
889
890
893
899
902
904
905
906
909
912
913
916
917
918
919
920
921
923
925
927
928
929
933
935
936
937
938
939
940
941
944
947
950
951
952
953
955
960
961
962
964
966
968
969
970
971
972
975
976
977
978
981
983
984
985
986
987
989
991
997
999
1000
1001
1002
1003
1005
1006
1007
1009
1013
1016
1017
1018
1021
1023
1024
1025
1026
1032
1033
1034
1037
1039
1040
1041
1042
1045
1048
1049
1051
1053
1055
1056
1057
1059
1060
1063
1064
1069
1071
1073
1074
1076
1077
1078
1079
1080
1088
1089
1090
1092
1094
1096
1097
1098
1103
1104
1105
1106
1109
1110
1111
1112
1119
1121
1127
1128
1133
1135
1137
1141
1144
1145
1146
1149
1151
1152
1153
1154
1157
1159
1160
1161
1162
1165
1167
1168
1169
1170
1173
1175
1178
1183
1185
1189
1191
1192
1193
1194
1197
1202
1205
1208
1209
1210
1213
1215
1261
1269
1272
1273
1274
1277
1279
1303
1311
1317
1319
1320
1321
1322
1325
1333
1336
1337
1338
1341
1343
1344
1345
1346
1352
1353
1354
1359
1360
1361
1362
1365
1619
1672
1693
1762
1763
1787
1789
1794
1802
1805
1808
1809
1810
1811
1816
1817
1818
1819
1821
1824
1825
1826
1827
1828
1849
1859
1862
1863
1864
1928
1935
1936
1979
1981
2003
2008
2009
2010
2011
2021
2024
2025
2027
2029
2034
2037
2043
2045
2048
2049
2052
2053
2056
2057
2080
2081
2084
2085
2088
2089
2097
2099
2101
2108
2109
2112
2113
2116
2117
2120
2121
2122
2125
2128
2129
2130
2132
2133
2144
2145
2148
2149
2152
2153
2155
2157
2171
2173
2176
2177
2184
2185
2186
2189
2190
2192
2193
2194
2195
2200
2201
2202
2203
2226
2229
2240
2241
2248
2249
2250
2253
2256
2257
2258
2259
2264
2265
2266
2267
2274
2275
2295
2296
2298
2299
2301
2304
2305
2308
2309
2312
2313
2314
2317
2320
2321
2322
2323
2328
2329
2330
2331
2336
2337
2338
2339
2340
2341
2344
2345
2364
2365
2368
2369
2372
2373
2376
2377
2388
2389
2459
2463
2467
2470
2484
2485
2496
2497
2502
2504
2505
2507
2516
2517
2523
2527
2528
2529
2531
2532
2533
2534
2535
2536
2537
2543
2544
2545
2547
2548
2549
2552
2553
2556
2557
2558
2559
2560
2561
2564
2565
2568
2569
2592
2593
2596
2597
2600
2601
2620
2621
2624
2625
2628
2629
2632
2633
2644
2645
2652
2653
2684
2685
2708
2709
2716
2717
2720
2721
2724
2725
2728
2729
2766
2771
2774
2775
2776
2777
2808
2809
2814
2815
2830
2835
2838
2839
2840
2841
2843
2847
2851
2854
2855
2863
2864
2865
2867
2930
2933
2954
2957
2960
2961
2962
2971
2975
2978
2979
2981
2982
2984
2985
2987
2989
2994
2997
3008
3009
3014
3016
3017
3019
3035
3039
3043
3046
3047
3055
3056
3057
3059
3064
3065
3070
3071
3072
3073
3078
3080
3081
3083
3111
3119
3120
3121
3123
3136
3137
3142
3144
3145
3146
3147
3149
3150
3152
3153
3154
3155
3158
3159
3160
3161
3163
3167
3171
3173
3174
3175
3176
3177
3179
3181
3183
3184
3185
3187
3195
3197
3200
3201
3208
3209
3210
3213
3214
3216
3217
3218
3219
3222
3223
3224
3225
3239
3247
3248
3249
3251
3256
3257
3262
3263
3264
3265
3270
3272
3273
3275
3277
3284
3285
3289
3298
3299
3323
3325
3328
3329
3338
3341
3344
3345
3346
3347
3352
3353
3354
3355
3362
3363
3365
3368
3369
3371
3373
3390
3392
3393
3398
3400
3401
3403
3407
3411
3416
3417
3418
3419
3420
3421
3426
3427
3429
3432
3433
3435
3437
3442
3443
3445
3452
3453
3466
3469
3472
3473
3474
3476
3477
3484
3485
3488
3489
3490
3491
3492
3493
3496
3497
3499
3501
3506
3509
3515
3517
3539
3544
3545
3546
3547
3557
3560
3561
3563
3565
3570
3573
3579
3581
3641
3642
3648
3649
3650
3653
3655
3656
3657
3676
3677
3698
3708
3709
3731
3732
3733
3736
3737
3738
3739
3740
3741
3744
3745
3748
3749
3752
3753
3762
3765
3776
3777
3784
3785
3786
3789
3792
3793
3794
3795
3800
3801
3802
3803
3840
3841
3844
3845
3848
3849
3872
3873
3876
3877
3880
3881
3883
3885
3900
3901
3904
3905
3908
3909
3912
3913
3923
3924
3925
3928
3929
3930
3931
3932
3933
3938
3939
3941
3944
3945
3947
3949
3954
3957
3964
3965
3978
3981
3984
3985
3986
3988
3989
3996
3997
4000
4001
4002
4003
4004
4005
4008
4009
4011
4013
4018
4020
4021
4027
4029
4051
4052
4053
4056
4057
4058
4059
4064
4065
4068
4069
4072
4073
4075
4077
4082
4084
4085
4091
4092
4093
4096
4097
4098
4100
4101
4102
4104
4105
4106
4107
4111
4112
4113
4114
4117
4128
4129
4130
4131
4132
4133
4135
4136
4137
4143
4144
4145
4146
4147
4149
4155
4156
4157
4160
4161
4162
4164
4165
4166
4168
4169
4170
4171
4174
4175
4176
4177
4178
4179
4180
4181
4182
4183
4184
4185
4187
4191
4195
4198
4205
4213
4216
4217
4218
4221
4223
4224
4225
4226
4232
4233
4234
4239
4240
4241
4242
4245
4247
4255
4261
4263
4264
4265
4266
4322
4323
4347
4349
4352
4353
4356
4357
4360
4361
4362
4365
4368
4369
4370
4371
4376
4377
4378
4379
4384
4385
4386
4387
4388
4389
4392
4393
4408
4409
4412
4413
4414
4415
4416
4417
4420
4421
4424
4425
4436
4437
4443
4447
4451
4454
4466
4469
4472
4473
4478
4479
4480
4481
4486
4488
4489
4490
4491
4493
4494
4496
4497
4498
4499
4502
4503
4504
4505
4514
4515
4517
4520
4521
4523
4525
4530
4532
4533
4539
4541
4563
4564
4565
4568
4569
4570
4571
4576
4577
4580
4581
4584
4585
4587
4589
4594
4596
4597
4603
4604
4605
4608
4609
4610
4612
4613
4614
4616
4617
4618
4619
4623
4624
4625
4626
4629
4640
4641
4642
4643
4644
4645
4647
4648
4649
4655
4656
4657
4658
4659
4661
4667
4668
4669
4672
4673
4674
4676
4677
4678
4680
4681
4682
4683
4686
4687
4688
4689
4690
4691
4692
4693
4694
4695
4696
4697
4699
4700
4701
4703
4707
4710
4711
4717
4719
4720
4721
4723
4725
4728
4729
4730
4732
4733
4735
4736
4737
4738
4744
4745
4746
4750
4751
4752
4753
4754
4755
4756
4757
4758
4759
4760
4761
4764
4765
4767
4768
4769
4772
4773
4775
4776
4777
4778
4783
4784
4785
4787
4788
4789
4792
4793
4798
4799
4800
4801
4806
4808
4809
4811
4814
4819
4820
4821
4822
4823
4824
4825
4832
4833
4836
4837
4840
4841
4852
4853
4856
4857
4860
4861
4862
4863
4878
4883
4886
4887
4888
4889
4891
4895
4899
4902
4903
4911
4912
4913
4915
4920
4921
4926
4927
4951
4955
4959
4963
4965
4966
4967
4968
4969
4970
4984
4985
4990
4991
4992
4993
4998
5000
5001
5003
5006
5011
5014
5015
5016
5017
5023
5029
5031
5032
5033
5034
5044
5045
5056
5057
5058
5064
5065
5066
5071
5072
5073
5074
5076
5077
5079
5087
5088
5089
5092
5093
5095
5096
5097
5098
5101
5108
5109
5112
5113
5114
5116
5117
5119
5120
5121
5122
5128
5129
5130
5135
5136
5137
5138
5141
5184
5185
5186
5192
5193
5194
5199
5200
5201
5202
5205
5212
5213
5223
5229
5231
5232
5233
5235
5237
5240
5241
5242
5244
5245
5247
5248
5249
5250
5256
5257
5258
5262
5263
5264
5265
5266
5267
5268
5269
5270
5271
5272
5273
5276
5277
5279
5280
5281
5284
5285
5287
5288
5289
5290
5293
5295
5296
5297
5299
5300
5301
5304
5305
5306
5309
5310
5311
5312
5313
5318
5320
5321
5323
5332
5333
5344
5345
5348
5349
5352
5353
5357
5364
5365
5368
5369
5370
5372
5373
5375
5376
5377
5380
5381
5384
5385
5399
5407
5408
5409
5412
5413
5415
5416
5417
5418
5421
5429
5432
5433
5434
5436
5437
5438
5439
5440
5441
5442
5444
5445
5448
5449
5450
5455
5456
5457
5458
5460
5461
5467
5471
5475
5478
5496
5497
5502
5503
5504
5505
5510
5512
5513
5515
5518
5523
5526
5527
5528
5529
5531
5535
5539
5542
5568
5569
5574
5576
5577
5579
5595
5599
5603
5606
5607
5615
5616
5617
5619
5624
5625
5630
5631
5632
5633
5638
5640
5641
5643
5671
5679
5680
5681
5683
5696
5697
5702
5704
5705
5707
5710
5715
5718
5719
5720
5721
5723
5727
5731
5734
5735
5743
5744
5745
5747
5774
5779
5782
5783
5784
5785
5799
5807
5808
5809
5811
5816
5817
5822
5823
5824
5825
5830
5832
5833
5835
6043
6047
6051
6054
6080
6081
6086
6088
6089
6091
6107
6111
6115
6118
6119
6127
6128
6129
6131
6136
6137
6142
6143
6247
6255
6256
6257
6259
6286
6291
6294
6295
6296
6297
6311
6319
6320
6321
6323
6328
6329
6334
6335
6336
6337
6342
6344
6345
6347
6350
6355
6358
6359
6360
6361
6392
6393
6398
6399
6414
6419
6422
6423
6424
6425
6427
6431
6435
6438
6439
6447
6448
6449
6451
6456
6457
6462
6463
6491
6495
6499
6502
6520
6521
6526
6527
6528
6529
6534
6536
6537
6539
6542
6547
6550
6551
6552
6553
6829
6837
6840
6841
6842
6845
6847
6893
6901
6904
6905
6906
6909
6911
6935
6943
6949
6951
6952
6953
6954
6957
6965
6968
6969
6970
6973
6975
6976
6977
6978
6984
6985
6986
6991
6992
6993
6994
6997
7341
7349
7352
7353
7354
7357
7359
7405
7413
7416
7417
7418
7421
7423
7447
7455
7461
7463
7464
7465
7466
7469
7477
7480
7481
7482
7485
7487
7488
7489
7490
7496
7497
7498
7503
7504
7505
7506
7509
7680
7681
7682
7688
7689
7690
7695
7696
7697
7698
7701
7744
7745
7746
7752
7753
7754
7759
7760
7761
7762
7765
7789
7797
7800
7801
7802
7805
7807
7808
7809
7810
7816
7817
7818
7823
7824
7825
7826
7829
7831
7839
7845
7847
7848
7849
7850
7853
7861
7864
7865
7866
7869
7871
7917
7925
7928
7929
7930
7933
7935
7959
7967
7973
7975
7976
7977
7978
7981
7989
7992
7993
7994
7997
7999
8000
8001
8002
8008
8009
8010
8015
8016
8017
8018
8021
8023
8031
8037
8039
8040
8041
8042
8087
8095
8101
8103
8104
8105
8106
8128
8129
8130
8136
8137
8138
8143
8144
8145
8146
8149
8151
8159
8165
8167
8168
8169
8170
8173
8181
8184
8185
8186
8189
8191
8192
8193
8194
8200
8201
8202
8207
8208
8209
8210
8213
8256
8257
8258
8264
8265
8266
8271
8272
8273
8274
8277
8301
8309
8312
8313
8314
8317
8319
8320
8321
8322
8328
8329
8330
8335
8336
8337
8338
8341
8343
8351
8357
8359
8360
8361
8362
8704
8705
8706
8712
8713
8714
8719
8720
8721
8722
8725
8768
8769
8770
8776
8777
8778
8783
8784
8785
8786
8789
8813
8821
8824
8825
8826
8829
8831
8832
8833
8834
8840
8841
8842
8847
8848
8849
8850
8853
8855
8863
8869
8871
8872
8873
8874
9047
9055
9061
9063
9064
9065
9066
9111
9119
9125
9127
9128
9129
9130
9152
9153
9154
9160
9161
9162
9167
9168
9169
9170
9173
9175
9183
9189
9191
9192
9193
9194
9197
9205
9208
9209
9210
9213
9215
9216
9217
9218
9224
9225
9226
9231
9232
9233
9234
9237
9280
9281
9282
9288
9289
9290
9295
9296
9297
9298
9301
9325
9333
9336
9337
9338
9341
9343
9344
9345
9346
9352
9353
9354
9359
9360
9361
9362
9365
9367
9375
9381
9383
9384
9385
9386
9389
9397
9400
9401
9402
9405
9407
9453
9461
9464
9465
9466
9469
9471
9495
9503
9509
9511
9512
9513
9514
9517
9525
9528
9529
9530
9533
9535
9536
9537
9538
9544
9545
9546
9551
9552
9553
9554
9557
9559
9567
9573
9575
9576
9577
9578
9623
9631
9637
9639
9640
9641
9642
9664
9665
9666
9672
9673
9674
9679
9680
9681
9682
9685
9687
9695
9701
9703
9704
9705
9706
9709
9717
9720
9721
9722
9725
9727
10071
10079
10085
10087
10088
10089
10090
10135
10143
10149
10151
10152
10153
10154
10176
10177
10178
10184
10185
10186
10191
10192
10193
10194
10197
10199
10207
10213
10215
10216
10217
10218
10221
10229
10232
10233
10234
10237
10239
10413
10421
10424
10425
10426
10429
10431
10477
10485
10488
10489
10490
10493
10495
10519
10527
10533
10535
10536
10537
10538
10541
10549
10552
10553
10554
10557
10559
10560
10561
10562
10568
10569
10570
10575
10576
10577
10578
10581
10583
10591
10597
10599
10600
10601
10602
10647
10655
10661
10663
10664
10665
10666
10688
10689
10690
10696
10697
10698
10703
10704
10705
10706
10709
10711
10719
10725
10727
10728
10729
10730
10733
10741
10744
10745
10746
10749
10751
10752
10753
10754
10760
10761
10762
10767
10768
10769
10770
10773
10816
10817
10818
10824
10825
10826
10831
10832
10833
10834
10837
10861
10869
10872
10873
10874
10877
10879
10880
10881
10882
10888
10889
10890
10895
10896
10897
10898
10901
10903
10911
10917
10919
10920
10921
10922
14050
14051
14075
14077
14090
14093
14096
14097
14098
14099
14104
14105
14106
14107
14114
14115
14267
14269
16384
16385
16388
16389
16392
16393
16416
16417
16420
16421
16424
16425
16444
16445
16448
16449
16452
16453
16456
16457
16468
16469
16640
16641
16644
16645
16648
16649
19662
19667
19670
19671
19672
19673
19704
19705
19710
19711
19726
19731
19734
19735
19736
19737
19739
19743
19747
19750
19751
19759
19760
19761
19763
19968
19969
19974
19976
19977
19979
32768
32769
32770
32776
32777
32778
32783
32784
32785
32786
32789
32832
32833
32834
32840
32841
32842
32847
32848
32849
32850
32853
32877
32885
32888
32889
32890
32893
32895
32896
32897
32898
32904
32905
32906
32911
32912
32913
32914
32917
32919
32927
32933
32935
32936
32937
32938
33280
33281
33282
33288
33289
33290
33295
33296
33297
33298
33301
