2
4
5
8
9
10
13
16
17
18
29
32
33
34
36
37
40
41
52
53
57
58
61
64
65
66
68
69
72
73
74
80
81
82
104
109
114
116
117
121
122
128
129
130
136
137
138
144
145
146
256
257
260
261
264
265
288
289
292
293
296
297
320
321
324
325
328
329
512
513
514
516
517
520
521
522
528
529
530
544
545
548
549
552
553
576
577
578
580
581
584
585
586
592
593
594
640
641
642
648
649
650
656
657
658
1024
1025
1026
1032
1033
1034
1040
1041
1042
1088
1089
1090
1096
1097
1098
1104
1105
1106
1152
1153
1154
1160
1161
1162
1168
1169
1170
