5
6
7
8
9
10
11
12
13
14
15
34
35
38
39
40
41
42
43
44
45
46
47
48
49
50
51
52
53
54
55
56
57
58
59
60
61
62
64
65
66
67
68
69
70
71
72
73
74
75
76
77
78
79
80
81
82
83
84
85
86
87
88
89
90
91
92
93
94
95
96
97
99
100
101
102
104
105
106
107
108
109
110
111
112
113
120
121
122
123
124
125
126
127
298
299
300
330
336
337
338
339
342
344
345
346
347
348
349
350
352
353
354
355
356
362
363
364
371
372
384
385
390
392
393
394
400
401
402
403
404
405
406
408
409
410
411
412
413
414
416
417
418
419
420
422
424
425
426
427
428
432
433
434
435
436
437
444
462
468
470
472
473
475
476
477
478
480
481
482
483
484
486
488
489
490
491
492
494
496
497
498
499
500
501
502
507
508
509
510
512
513
518
520
521
522
523
524
525
526
527
554
555
556
560
561
562
563
564
565
566
571
572
573
574
576
577
582
584
585
586
587
588
589
590
591
592
593
594
596
597
598
600
601
602
603
604
605
606
607
608
609
611
612
614
616
617
618
619
620
621
622
623
624
625
627
632
633
634
635
636
637
638
639
640
641
646
648
649
650
651
652
653
654
655
656
657
658
660
661
662
667
668
669
670
672
673
675
676
678
680
681
682
686
688
689
691
692
699
700
702
704
705
712
713
714
715
716
717
718
719
720
721
724
726
728
729
730
731
732
733
734
735
736
737
744
745
746
747
748
749
750
751
752
753
760
761
762
763
764
765
766
767
768
769
776
777
778
779
780
781
782
783
788
790
792
793
795
800
801
803
804
806
814
816
817
819
832
833
840
841
842
843
844
845
846
847
848
849
856
857
858
859
860
861
862
863
864
865
872
873
874
875
876
877
878
879
880
881
888
889
890
891
892
893
894
895
896
897
904
905
906
907
908
909
910
911
960
961
968
969
970
971
972
973
974
975
976
977
984
985
986
987
988
989
990
991
992
993
1000
1001
1002
1003
1004
1005
1006
1007
1008
1009
1016
1017
1018
1019
1020
1021
1022
1023
