2
4
5
6
7
8
9
10
12
13
14
15
16
17
18
20
21
25
26
28
29
32
33
34
36
37
38
39
40
41
42
44
45
48
49
50
52
53
54
55
56
57
58
60
61
62
63
64
65
66
68
69
70
71
72
73
74
76
77
78
79
80
81
82
84
85
86
90
92
94
96
97
98
100
101
102
103
104
105
108
109
112
113
114
116
117
118
119
120
121
122
124
125
126
127
128
129
130
132
133
135
136
137
138
140
141
144
145
146
158
160
161
166
167
168
169
193
194
196
197
200
204
207
208
209
210
212
220
224
225
228
231
232
234
239
244
247
252
256
257
260
261
264
265
272
273
274
281
284
285
288
289
292
293
296
297
301
303
308
311
312
313
316
317
320
321
324
325
328
329
333
336
337
338
342
343
348
350
352
353
356
357
360
361
364
365
380
384
385
390
391
392
393
396
398
399
404
406
407
412
416
417
420
421
424
432
433
438
439
440
441
446
447
448
449
450
453
454
455
456
457
460
461
462
463
468
469
473
477
480
481
482
484
485
488
495
496
497
502
503
504
505
510
511
512
513
514
516
517
518
519
520
521
522
524
525
526
527
528
529
530
532
533
537
538
540
544
545
546
548
549
552
553
557
560
561
566
567
568
569
574
575
576
577
578
580
581
582
583
584
585
586
588
589
590
591
592
593
594
596
597
601
602
604
608
609
616
617
624
625
630
631
632
633
638
639
640
641
642
645
647
648
649
650
656
657
658
665
666
672
673
680
681
684
685
692
693
714
720
721
722
730
736
741
748
749
756
757
768
769
776
777
780
781
788
789
798
800
809
820
821
828
832
833
840
841
844
845
846
847
852
853
854
855
862
864
872
876
877
884
885
896
897
902
903
904
905
910
911
925
928
929
932
933
936
944
945
950
951
952
953
958
959
960
961
966
967
968
969
974
975
989
992
993
1000
1008
1009
1014
1015
1016
1017
1022
1023
1024
1025
1026
1031
1032
1033
1034
1040
1041
1042
1049
1056
1057
1064
1079
1080
1081
1087
1088
1089
1090
1095
1096
1097
1098
1104
1105
1106
1114
1120
1121
1128
1140
1145
1152
1153
1154
1159
1160
1161
1162
1168
1169
1170
1196
1197
1204
1205
1260
1261
1268
1269
1280
1281
1288
1289
1292
1293
1300
1301
1344
1345
1352
1353
1356
1357
1364
1365
1561
1564
1565
1568
1639
1642
1664
1665
1756
1760
1761
1764
1788
1792
1793
1796
1797
1800
1801
1820
1824
1825
1828
1980
2012
2016
2017
2020
2044
2048
2049
2052
2053
2056
2057
2076
2080
2081
2084
2085
2088
2089
2093
2112
2113
2116
2117
2120
2121
2268
2272
2273
2276
2300
2304
2305
2308
2309
2312
2313
2332
2336
2337
2340
2341
2344
2345
2349
2368
2369
2372
2373
2376
2377
2381
2405
2408
2409
2413
2528
2533
2560
2561
2564
2565
2568
2569
2588
2592
2593
2596
2597
2600
2601
2605
2624
2625
2628
2629
2632
2633
2637
2661
2664
2665
2669
2701
2736
2737
2744
2774
2775
2816
2817
2853
2856
2857
2861
2880
2881
2884
2885
2888
2889
2893
2917
2920
2921
2925
3072
3073
3078
3079
3080
3081
3086
3087
3120
3121
3126
3127
3128
3129
3134
3135
3136
3137
3142
3143
3144
3145
3150
3151
3172
3173
3184
3185
3190
3191
3192
3193
3198
3199
3456
3457
3462
3463
3464
3465
3470
3471
3504
3505
3510
3511
3512
3513
3518
3519
3520
3521
3522
3526
3527
3528
3529
3534
3535
3567
3568
3569
3574
3575
3576
3577
3582
3583
3584
3585
3590
3591
3592
3593
3598
3599
3632
3633
3638
3639
3640
3641
3646
3647
3648
3649
3654
3655
3656
3657
3662
3663
3696
3697
3700
3702
3703
3704
3705
3710
3711
3968
3969
3974
3975
3976
3977
3982
3983
4016
4017
4022
4023
4024
4025
4030
4031
4032
4033
4038
4039
4040
4041
4046
4047
4080
4081
4086
4087
4088
4089
4094
4095
4096
4097
4100
4101
4102
4103
4104
4105
4108
4109
4110
4111
4116
4117
4124
4128
4129
4132
4133
4136
4137
4141
4144
4145
4150
4151
4152
4153
4158
4159
4160
4161
4164
4165
4166
4167
4168
4169
4172
4173
4174
4175
4180
4181
4192
4193
4200
4201
4208
4209
4214
4215
4216
4217
4222
4223
4256
4257
4264
4265
4316
4320
4321
4324
4348
4352
4353
4356
4357
4360
4361
4380
4384
4385
4388
4389
4392
4393
4397
4416
4417
4420
4421
4424
4425
4429
4453
4456
4457
4461
4480
4481
4486
4487
4488
4489
4494
4495
4528
4529
4534
4535
4536
4537
4542
4543
4544
4545
4550
4551
4552
4553
4558
4559
4592
4593
4598
4599
4600
4601
4606
4607
4608
4609
4612
4613
4614
4615
4616
4617
4620
4621
4622
4623
4628
4629
4636
4640
4641
4644
4645
4648
4649
4653
4656
4657
4662
4663
4664
4665
4670
4671
4672
4673
4676
4677
4678
4679
4680
4681
4684
4685
4686
4687
4692
4693
4704
4705
4712
4713
4720
4721
4726
4727
4728
4729
4734
4735
4768
4769
4776
4777
4780
4781
4788
4789
4844
4845
4852
4853
4864
4865
4872
4873
4876
4877
4884
4885
4928
4929
4936
4937
4940
4941
4948
4949
4992
4993
4998
4999
5000
5001
5006
5007
5040
5041
5046
5047
5048
5049
5054
5055
5056
5057
5062
5063
5064
5065
5070
5071
5104
5105
5110
5111
5112
5113
5118
5119
5292
5293
5300
5301
5356
5357
5364
5365
5376
5377
5384
5385
5388
5389
5396
5397
5440
5441
5448
5449
5452
5453
5460
5461
5472
5473
5480
5481
5536
5537
5544
5545
5548
5549
5556
5557
5612
5613
5620
5621
5984
5985
5992
5993
6048
6049
6056
6057
6060
6061
6068
6069
6124
6125
6132
6133
6144
6145
6152
6153
6156
6157
6164
6165
6208
6209
6216
6217
6220
6221
6228
6229
6240
6241
6248
6249
6304
6305
6312
6313
6656
6657
6664
6665
6668
6669
6676
6677
6720
6721
6728
6729
6732
6733
6740
6741
6752
6753
6760
6761
6816
6817
6824
6825
7168
7169
7174
7175
7176
7177
7182
7183
7216
7217
7222
7223
7224
7225
7230
7231
7232
7233
7238
7239
7240
7241
7246
7247
7280
7281
7286
7287
7288
7289
7294
7295
7552
7553
7558
7559
7560
7561
7566
7567
7600
7601
7606
7607
7608
7609
7614
7615
7616
7617
7622
7623
7624
7625
7630
7631
7664
7665
7670
7671
7672
7673
7678
7679
7680
7681
7686
7687
7688
7689
7694
7695
7728
7729
7734
7735
7736
7737
7742
7743
7744
7745
7750
7751
7752
7753
7758
7759
7792
7793
7798
7799
7800
7801
7806
7807
8064
8065
8070
8071
8072
8073
8078
8079
8112
8113
8118
8119
8120
8121
8126
8127
8128
8129
8134
8135
8136
8137
8142
8143
8176
8177
8182
8183
8184
8185
8190
8191
9568
9569
9576
9577
9632
9633
9640
9641
9644
9645
9652
9653
9708
9709
9716
9717
10080
10081
10088
10089
10144
10145
10152
10153
10156
10157
10164
10165
10220
10221
10228
10229
10240
10241
10248
10249
10252
10253
10260
10261
10304
10305
10312
10313
10316
10317
10324
10325
10336
10337
10344
10345
10400
10401
10408
10409
10752
10753
10760
10761
10764
10765
10772
10773
10816
10817
10824
10825
10828
10829
10836
10837
10848
10849
10856
10857
10912
10913
10920
10921
14044
14048
14049
14052
14076
14080
14081
14084
14085
14088
14089
14108
14112
14113
14116
14268
24576
24577
24582
24583
24584
24585
24590
24591
24624
24625
24630
24631
24632
24633
24638
24639
24640
24641
24646
24647
24648
24649
24654
24655
24688
24689
24694
24695
24696
24697
24702
24703
24960
24961
24966
24967
24968
24969
24974
24975
32768
32769
32776
32777
32780
32781
32788
32789
32832
32833
32840
32841
32844
32845
32852
32853
32864
32865
32872
32873
32928
32929
32936
32937
33280
33281
33288
33289
33292
33293
33300
33301
