2
3
4
5
6
7
8
9
10
11
12
13
14
15
16
17
18
19
20
22
23
24
25
26
27
29
30
31
32
33
34
36
38
39
40
41
42
43
44
46
47
48
49
50
51
52
53
54
55
56
57
58
59
60
61
62
63
64
65
66
67
68
69
71
72
73
76
77
78
79
80
81
82
83
84
85
87
89
92
95
96
97
100
102
103
104
105
107
108
110
111
112
113
114
115
119
120
121
124
126
127
128
129
130
131
132
135
136
137
140
142
143
144
145
146
147
152
153
156
158
159
160
167
169
171
174
176
177
178
179
181
184
188
192
193
194
195
197
200
201
206
207
208
209
211
213
215
216
222
226
228
233
236
239
240
241
242
243
244
247
248
249
254
255
256
257
260
263
264
265
268
271
273
279
281
284
288
289
292
295
299
303
304
305
307
308
309
311
312
313
316
319
320
321
323
325
328
336
337
339
341
342
344
346
347
363
379
384
385
387
389
390
392
394
399
406
407
408
409
410
412
416
422
424
426
428
431
433
440
448
449
452
455
456
457
460
463
480
481
484
487
504
505
508
511
512
513
514
515
516
517
518
519
520
521
522
524
526
527
528
529
530
531
534
536
537
538
542
543
544
545
548
550
551
552
554
568
569
572
575
576
577
578
579
580
583
584
585
588
590
591
596
599
608
609
612
615
623
624
625
626
627
632
633
636
638
639
640
641
643
645
646
648
650
660
662
663
664
666
668
672
673
676
678
680
682
684
687
689
695
696
697
700
703
712
724
727
736
768
769
772
775
776
777
780
783
800
801
804
807
824
825
828
831
855
857
860
864
879
887
888
889
892
895
896
897
898
899
904
905
910
911
912
913
914
915
916
919
920
921
926
927
943
960
961
962
963
964
967
968
969
972
974
975
992
993
996
999
1008
1009
1010
1011
1016
1017
1020
1022
1023
1024
1025
1026
1027
1032
1033
1038
1039
1040
1041
1042
1043
1048
1049
1054
1055
1088
1089
1090
1091
1096
1097
1102
1103
1108
1111
1135
1136
1137
1138
1139
1144
1145
1150
1151
1152
1153
1154
1155
1160
1161
1166
1167
1168
1169
1170
1171
1176
1177
1182
1183
1216
1217
1218
1219
1224
1225
1230
1231
1264
1265
1266
1267
1272
1273
1278
1279
1536
1537
1538
1539
1544
1545
1550
1551
1552
1553
1554
1555
1560
1561
1566
1567
1600
1601
1602
1603
1608
1609
1614
1615
1648
1649
1650
1651
1656
1657
1662
1663
1920
1921
1922
1923
1928
1929
1934
1935
1936
1937
1938
1939
1944
1945
1950
1951
1984
1985
1986
1987
1992
1993
1998
1999
2032
2033
2034
2035
2040
2041
2046
2047
2048
2049
2052
2055
2056
2057
2060
2063
2080
2081
2084
2087
2104
2105
2108
2111
2112
2113
2116
2119
2120
2121
2124
2127
2144
2145
2148
2151
2168
2169
2172
2175
2304
2305
2308
2311
2312
2313
2316
2319
2336
2337
2340
2343
2360
2361
2364
2367
2496
2497
2500
2503
2504
2505
2508
2511
2528
2529
2532
2535
2552
2553
2556
2559
3584
3585
3588
3591
3592
3593
3596
3599
3616
3617
3620
3623
3640
3641
3644
3647
3648
3649
3652
3655
3656
3657
3660
3663
3680
3681
3684
3687
3704
3705
3708
3711
3840
3841
3844
3847
3848
3849
3852
3855
3872
3873
3876
3879
3896
3897
3900
3903
4032
4033
4036
4039
4040
4041
4044
4047
4064
4065
4068
4071
4088
4089
4092
4095
4096
4097
4100
4103
4104
4105
4108
4111
4128
4129
4132
4135
4152
4153
4156
4159
4160
4161
4164
4167
4168
4169
4172
4175
4192
4193
4196
4199
4216
4217
4220
4223
4352
4353
4356
4359
4360
4361
4364
4367
4384
4385
4388
4391
4408
4409
4412
4415
4544
4545
4548
4551
4552
4553
4556
4559
4576
4577
4580
4583
4600
4601
4604
4607
4608
4609
4612
4615
4616
4617
4620
4623
4640
4641
4644
4647
4664
4665
4668
4671
4672
4673
4676
4679
4680
4681
4684
4687
4704
4705
4708
4711
4728
4729
4732
4735
4864
4865
4868
4871
4872
4873
4876
4879
4896
4897
4900
4903
4920
4921
4924
4927
5056
5057
5060
5063
5064
5065
5068
5071
5088
5089
5092
5095
5112
5113
5116
5119
6144
6145
6148
6151
6152
6153
6156
6159
6176
6177
6180
6183
6200
6201
6204
6207
6208
6209
6212
6215
6216
6217
6220
6223
6240
6241
6244
6247
6264
6265
6268
6271
6400
6401
6404
6407
6408
6409
6412
6415
6432
6433
6436
6439
6456
6457
6460
6463
6592
6593
6596
6599
6600
6601
6604
6607
6624
6625
6628
6631
6648
6649
6652
6655
7680
7681
7684
7687
7688
7689
7692
7695
7712
7713
7716
7719
7736
7737
7740
7743
7744
7745
7748
7751
7752
7753
7756
7759
7776
7777
7780
7783
7800
7801
7804
7807
7936
7937
7940
7943
7944
7945
7948
7951
7968
7969
7972
7975
7992
7993
7996
7999
8128
8129
8132
8135
8136
8137
8140
8143
8160
8161
8164
8167
8184
8185
8188
8191
