5
6
7
8
9
10
11
12
13
14
15
33
34
35
37
38
39
40
41
42
43
44
45
46
47
48
49
50
51
52
53
54
55
56
57
58
59
60
61
62
63
64
65
66
67
68
69
70
71
72
73
74
75
76
77
78
79
80
81
82
83
84
85
86
87
88
89
90
91
92
93
94
95
96
97
98
99
100
101
102
103
104
105
106
107
108
109
110
111
112
113
120
121
122
123
124
125
126
127
265
266
267
268
269
270
272
274
275
276
278
279
280
298
299
300
302
304
305
306
307
308
309
310
312
313
314
315
316
318
320
321
322
323
324
325
326
328
329
330
331
332
336
337
338
339
340
341
342
344
345
346
347
348
349
350
352
353
354
355
356
357
358
360
361
362
363
364
365
366
368
369
370
371
372
373
374
375
376
377
378
379
380
381
382
383
384
385
386
387
388
389
390
391
392
393
394
395
396
397
399
400
401
402
403
404
405
406
407
408
409
410
411
412
413
414
415
416
417
418
419
420
421
422
424
425
426
427
428
429
430
432
433
434
435
436
437
438
439
440
441
442
443
444
445
446
448
449
450
451
452
453
454
455
456
459
460
461
462
464
465
466
467
468
469
470
471
472
473
474
475
476
477
478
480
481
482
483
484
485
486
488
489
490
491
492
493
494
496
497
498
499
500
501
502
507
508
509
510
512
513
517
518
519
520
521
522
523
524
525
526
527
528
529
530
531
532
533
534
535
536
537
538
539
540
541
542
543
544
545
546
547
548
549
550
551
552
553
554
555
556
557
558
560
561
562
563
564
565
566
567
568
569
570
571
572
573
574
576
577
578
579
580
581
582
583
584
585
586
587
588
589
590
591
592
593
594
595
596
597
598
599
600
601
602
603
604
605
606
607
608
609
610
611
612
613
614
615
616
617
618
619
620
621
622
623
624
625
626
627
628
629
630
632
633
634
635
636
637
638
639
640
641
643
644
645
646
647
648
649
650
651
652
653
654
655
656
657
658
659
660
661
662
663
664
665
666
667
668
669
670
672
673
674
675
676
677
678
679
680
681
682
683
684
686
688
689
690
691
692
693
694
695
696
697
698
699
700
701
702
704
705
707
708
709
710
711
712
713
714
715
716
717
718
719
720
721
722
723
724
726
728
729
730
731
732
733
734
735
736
737
739
740
741
742
743
744
745
746
747
748
749
750
751
752
753
754
755
756
760
761
762
763
764
765
766
767
768
769
771
776
777
778
779
780
781
782
783
785
787
788
790
791
792
793
794
795
796
798
800
801
802
803
804
805
806
807
808
809
810
812
814
816
817
818
819
820
822
825
827
828
830
832
833
835
837
840
841
842
843
844
845
846
847
848
849
850
852
854
855
856
857
858
859
860
861
862
863
864
865
867
868
869
870
872
873
874
875
876
877
878
879
880
881
883
884
888
889
890
891
892
893
894
895
896
897
904
905
906
907
908
909
910
911
960
961
968
969
970
971
972
973
974
975
976
977
984
985
986
987
988
989
990
991
992
993
1000
1001
1002
1003
1004
1005
1006
1007
1008
1009
1016
1017
1018
1019
1020
1021
1022
1023
2346
2347
2348
2378
2384
2385
2386
2387
2392
2393
2394
2395
2396
2400
2401
2402
2403
2404
2410
2411
2412
2634
2640
2641
2642
2675
2676
2684
2688
2689
2696
2697
2698
2704
2705
2706
2707
2712
2713
2714
2715
2736
2737
2738
2740
2741
2748
2752
2753
2760
2761
2762
2768
2769
2770
2771
2774
2776
2777
2778
2779
2780
2781
2782
2784
2785
2786
2787
2788
2790
2792
2793
2794
2800
2801
2802
2804
2805
2806
2812
2813
2814
2816
2817
2824
2825
2826
2832
2833
2834
2835
2840
2841
2842
2843
2844
2848
2849
2850
2851
2852
2858
2859
2860
2890
2896
2897
2898
2899
2904
2905
2906
2907
2908
2912
2913
2914
2915
2916
2922
2923
2924
2931
2932
2963
2968
2969
2970
2971
2972
2976
2977
2978
2979
2980
2986
2987
2988
2995
2996
3072
3073
3078
3080
3081
3082
3120
3121
3122
3124
3125
3126
3132
3133
3134
3136
3137
3142
3144
3145
3146
3152
3153
3154
3156
3157
3158
3164
3165
3166
3200
3201
3206
3208
3209
3210
3216
3217
3218
3219
3220
3221
3222
3224
3225
3226
3227
3228
3229
3230
3232
3233
3238
3240
3241
3242
3248
3249
3250
3252
3253
3260
3264
3265
3272
3273
3274
3278
3280
3281
3282
3283
3284
3286
3288
3289
3290
3291
3292
3293
3294
3296
3297
3298
3299
3300
3302
3304
3305
3306
3312
3313
3314
3316
3317
3318
3324
3325
3326
3328
3329
3334
3336
3337
3338
3339
3340
3342
3344
3345
3346
3347
3348
3350
3352
3353
3354
3355
3356
3360
3361
3362
3363
3364
3366
3370
3371
3372
3374
3376
3377
3378
3379
3380
3381
3382
3388
3389
3390
3392
3393
3398
3400
3401
3402
3408
3409
3410
3411
3412
3413
3414
3416
3417
3418
3419
3420
3421
3422
3424
3425
3426
3427
3428
3434
3435
3436
3443
3444
3456
3457
3462
3464
3465
3466
3472
3473
3474
3475
3476
3477
3478
3480
3481
3482
3483
3484
3485
3486
3488
3489
3490
3491
3492
3494
3496
3497
3498
3499
3500
3507
3508
3516
3548
3552
3553
3554
3555
3556
3562
3563
3564
3571
3572
3580
3694
3696
3697
3699
3739
3744
3745
3747
3748
3750
3758
3760
3761
3762
3763
3764
3765
3771
3772
3774
3776
3777
3784
3785
3787
3788
3790
3796
3798
3800
3801
3804
3805
3806
3808
3809
3810
3811
3812
3814
3816
3817
3818
3824
3825
3826
3828
3829
3830
3836
3837
3838
3840
3841
3846
3848
3849
3850
3851
3852
3854
3856
3857
3858
3859
3860
3862
3864
3865
3866
3867
3868
3872
3873
3874
3875
3876
3878
3882
3883
3884
3886
3888
3889
3890
3891
3892
3893
3894
3899
3900
3901
3902
3904
3905
3910
3912
3913
3914
3920
3921
3922
3923
3924
3925
3926
3928
3929
3930
3931
3932
3933
3934
3936
3937
3938
3939
3940
3946
3947
3948
3950
3952
3953
3955
3956
3963
3964
3966
3968
3969
3974
3976
3977
3978
3979
3980
3982
3984
3985
3986
3987
3988
3989
3990
3992
3993
3994
3995
3996
3997
3998
4000
4001
4002
4003
4004
4006
4008
4009
4010
4011
4012
4016
4017
4018
4019
4020
4021
4028
4046
4052
4054
4056
4057
4059
4060
4061
4062
4064
4065
4066
4067
4068
4070
4072
4073
4074
4075
4076
4078
4080
4081
4082
4083
4084
4085
4086
4091
4092
4093
4094
4096
4097
4102
4104
4105
4106
4107
4108
4109
4110
4111
4138
4139
4140
4144
4145
4146
4147
4148
4149
4150
4155
4156
4157
4158
4160
4161
4166
4168
4169
4170
4171
4172
4173
4174
4175
4176
4177
4178
4180
4181
4182
4184
4185
4186
4187
4188
4189
4190
4191
4192
4193
4195
4196
4198
4200
4201
4202
4203
4204
4205
4206
4207
4208
4209
4216
4217
4218
4219
4220
4221
4222
4223
4394
4395
4396
4426
4432
4433
4434
4435
4438
4440
4441
4442
4443
4444
4445
4446
4448
4449
4450
4451
4452
4458
4459
4460
4467
4468
4480
4481
4486
4488
4489
4490
4496
4497
4498
4499
4500
4501
4502
4504
4505
4506
4507
4508
4509
4510
4512
4513
4514
4515
4516
4518
4520
4521
4522
4523
4524
4528
4529
4530
4531
4532
4533
4540
4558
4564
4566
4568
4569
4571
4572
4573
4574
4576
4577
4578
4579
4580
4582
4584
4585
4586
4587
4588
4590
4592
4593
4594
4595
4596
4597
4598
4603
4604
4605
4606
4608
4609
4614
4616
4617
4618
4619
4620
4621
4622
4623
4650
4651
4652
4656
4657
4658
4659
4660
4661
4662
4667
4668
4669
4670
4672
4673
4678
4680
4681
4682
4683
4684
4685
4686
4687
4688
4689
4690
4692
4693
4694
4696
4697
4698
4699
4700
4701
4702
4703
4704
4705
4707
4708
4710
4712
4713
4714
4715
4716
4717
4718
4719
4720
4721
4723
4728
4729
4730
4731
4732
4733
4734
4735
4736
4737
4742
4744
4745
4746
4747
4748
4749
4750
4751
4752
4753
4754
4756
4757
4758
4763
4764
4765
4766
4768
4769
4771
4772
4774
4776
4777
4778
4782
4784
4785
4786
4787
4788
4789
4795
4796
4798
4800
4801
4808
4809
4810
4811
4812
4813
4814
4815
4816
4817
4820
4822
4824
4825
4826
4827
4828
4829
4830
4831
4832
4833
4838
4840
4841
4842
4843
4844
4845
4846
4847
4848
4849
4850
4852
4853
4854
4856
4857
4858
4859
4860
4861
4862
4863
4864
4865
4872
4873
4874
4875
4876
4877
4878
4879
4884
4886
4888
4889
4891
4896
4897
4899
4900
4902
4910
4912
4913
4915
4916
4923
4924
4926
4928
4929
4936
4937
4938
4939
4940
4941
4942
4943
4944
4945
4952
4953
4954
4955
4956
4957
4958
4959
4960
4961
4968
4969
4970
4971
4972
4973
4974
4975
4976
4977
4979
4980
4984
4985
4986
4987
4988
4989
4990
4991
4992
4993
5000
5001
5002
5003
5004
5005
5006
5007
5012
5014
5016
5017
5056
5057
5064
5065
5066
5067
5068
5069
5070
5071
5072
5073
5080
5081
5082
5083
5084
5085
5086
5087
5088
5089
5096
5097
5098
5099
5100
5101
5102
5103
5104
5105
5112
5113
5114
5115
5116
5117
5118
5119
5120
5121
5126
5128
5129
5130
5131
5132
5133
5134
5135
5168
5169
5170
5172
5173
5174
5180
5181
5182
5184
5185
5190
5192
5193
5194
5195
5196
5197
5198
5199
5200
5201
5202
5204
5205
5206
5208
5209
5210
5211
5212
5213
5214
5215
5216
5217
5224
5225
5226
5227
5228
5229
5230
5231
5232
5233
5240
5241
5242
5243
5244
5245
5246
5247
5248
5249
5254
5256
5257
5258
5264
5265
5266
5268
5269
5270
5276
5277
5278
5280
5281
5286
5288
5289
5290
5296
5297
5298
5300
5301
5326
5332
5334
5336
5337
5340
5341
5342
5344
5345
5350
5352
5353
5354
5360
5361
5362
5364
5365
5366
5372
5373
5374
5376
5377
5382
5384
5385
5386
5387
5388
5390
5396
5398
5400
5401
5403
5408
5409
5411
5412
5414
5422
5424
5425
5426
5427
5428
5429
5430
5435
5436
5437
5438
5440
5441
5446
5448
5449
5450
5456
5457
5458
5460
5461
5486
5488
5489
5491
5492
5499
5500
5502
5504
5505
5512
5513
5515
5516
5518
5524
5526
5528
5529
5531
5536
5537
5539
5540
5542
5582
5588
5590
5592
5593
5595
5600
5601
5603
5604
5606
5614
5616
5617
5619
5620
5627
5628
5630
5632
5633
5640
5641
5642
5643
5644
5645
5646
5647
5684
5691
5692
5694
5696
5697
5704
5705
5706
5707
5708
5709
5710
5711
5712
5713
5716
5718
5720
5721
5722
5723
5724
5725
5726
5727
5728
5729
5731
5732
5734
5736
5737
5738
5739
5740
5741
5742
5743
5744
5745
5747
5752
5753
5754
5755
5756
5757
5758
5759
5760
5761
5768
5769
5770
5771
5772
5773
5774
5775
5787
5792
5793
5795
5796
5798
5806
5808
5809
5811
5812
5819
5820
5822
5824
5825
5832
5833
5834
5835
5836
5837
5838
5839
5840
5841
5848
5849
5850
5851
5852
5853
5854
5855
5856
5857
5864
5865
5866
5867
5868
5869
5870
5871
5872
5873
5880
5881
5882
5883
5884
5885
5886
5887
5888
5889
5896
5897
5898
5899
5900
5901
5902
5903
5952
5953
5960
5961
5962
5963
5964
5965
5966
5967
5968
5969
5976
5977
5978
5979
5980
5981
5982
5983
5984
5985
5992
5993
5994
5995
5996
5997
5998
5999
6000
6001
6008
6009
6010
6011
6012
6013
6014
6015
6016
6017
6024
6025
6026
6027
6028
6029
6030
6031
6080
6081
6088
6089
6090
6091
6092
6093
6094
6095
6096
6097
6104
6105
6106
6107
6108
6109
6110
6111
6112
6113
6120
6121
6122
6123
6124
6125
6126
6127
6128
6129
6136
6137
6138
6139
6140
6141
6142
6143
6144
6145
6152
6153
6154
6155
6156
6157
6158
6159
6196
6203
6204
6206
6208
6209
6216
6217
6218
6219
6220
6221
6222
6223
6224
6225
6228
6230
6232
6233
6234
6235
6236
6237
6238
6239
6240
6241
6243
6244
6246
6248
6249
6250
6251
6252
6253
6254
6255
6256
6257
6259
6264
6265
6266
6267
6268
6269
6270
6271
6299
6304
6305
6307
6308
6310
6318
6320
6321
6323
6324
6331
6332
6334
6336
6337
6344
6345
6347
6348
6350
6356
6358
6360
6361
6400
6401
6408
6409
6411
6412
6414
6420
6422
6424
6425
6427
6432
6433
6435
6436
6438
6446
6448
6449
6451
6452
6459
6460
6462
6510
6512
6513
6515
6516
6523
6524
6526
6528
6529
6536
6537
6539
6540
6542
6548
6550
6552
6553
6656
6657
6664
6665
6666
6667
6668
6669
6670
6671
6720
6721
6728
6729
6730
6731
6732
6733
6734
6735
6736
6737
6744
6745
6746
6747
6748
6749
6750
6751
6752
6753
6760
6761
6762
6763
6764
6765
6766
6767
6768
6769
6776
6777
6778
6779
6780
6781
6782
6783
6784
6785
6792
6793
6794
6795
6796
6797
6798
6799
6848
6849
6856
6857
6858
6859
6860
6861
6862
6863
6864
6865
6872
6873
6874
6875
6876
6877
6878
6879
6880
6881
6888
6889
6890
6891
6892
6893
6894
6895
6896
6897
6904
6905
6906
6907
6908
6909
6910
6911
6912
6913
6920
6921
6922
6923
6924
6925
6926
6927
6976
6977
6984
6985
6986
6987
6988
6989
6990
6991
6992
6993
7000
7001
7002
7003
7004
7005
7006
7007
7008
7009
7016
7017
7018
7019
7020
7021
7022
7023
7024
7025
7032
7033
7034
7035
7036
7037
7038
7039
7040
7041
7048
7049
7050
7051
7052
7053
7054
7055
7104
7105
7112
7113
7114
7115
7116
7117
7118
7119
7120
7121
7128
7129
7130
7131
7132
7133
7134
7135
7136
7137
7144
7145
7146
7147
7148
7149
7150
7151
7152
7153
7160
7161
7162
7163
7164
7165
7166
7167
7168
7169
7176
7177
7178
7179
7180
7181
7182
7183
7232
7233
7240
7241
7242
7243
7244
7245
7246
7247
7248
7249
7256
7257
7258
7259
7260
7261
7262
7263
7264
7265
7272
7273
7274
7275
7276
7277
7278
7279
7280
7281
7288
7289
7290
7291
7292
7293
7294
7295
7680
7681
7688
7689
7690
7691
7692
7693
7694
7695
7744
7745
7752
7753
7754
7755
7756
7757
7758
7759
7760
7761
7768
7769
7770
7771
7772
7773
7774
7775
7776
7777
7784
7785
7786
7787
7788
7789
7790
7791
7792
7793
7800
7801
7802
7803
7804
7805
7806
7807
7808
7809
7816
7817
7818
7819
7820
7821
7822
7823
7872
7873
7880
7881
7882
7883
7884
7885
7886
7887
7888
7889
7896
7897
7898
7899
7900
7901
7902
7903
7904
7905
7912
7913
7914
7915
7916
7917
7918
7919
7920
7921
7928
7929
7930
7931
7932
7933
7934
7935
7936
7937
7944
7945
7946
7947
7948
7949
7950
7951
8000
8001
8008
8009
8010
8011
8012
8013
8014
8015
8016
8017
8024
8025
8026
8027
8028
8029
8030
8031
8032
8033
8040
8041
8042
8043
8044
8045
8046
8047
8048
8049
8056
8057
8058
8059
8060
8061
8062
8063
8064
8065
8072
8073
8074
8075
8076
8077
8078
8079
8128
8129
8136
8137
8138
8139
8140
8141
8142
8143
8144
8145
8152
8153
8154
8155
8156
8157
8158
8159
8160
8161
8168
8169
8170
8171
8172
8173
8174
8175
8176
8177
8184
8185
8186
8187
8188
8189
8190
8191
