2
3
4
5
6
7
8
9
10
11
12
13
14
15
16
17
18
19
20
21
22
23
24
25
26
27
28
29
30
32
33
34
35
36
37
38
39
40
41
42
43
44
45
46
48
49
50
51
52
53
54
55
56
57
58
59
60
61
64
65
66
67
68
69
70
71
72
73
74
75
76
77
78
80
81
82
83
84
86
88
89
90
91
92
94
96
97
98
99
100
101
102
104
105
106
108
109
110
112
113
114
128
129
130
131
132
133
134
135
136
137
138
139
140
141
142
144
145
146
147
148
149
150
151
152
153
154
155
156
160
161
162
163
164
165
166
167
168
169
171
172
174
176
177
178
179
180
181
182
183
184
185
192
193
194
195
196
197
198
199
200
201
202
203
204
208
209
210
211
212
214
216
217
218
219
220
222
224
225
226
227
228
235
236
238
240
241
243
244
246
256
257
258
259
260
261
262
264
265
266
267
268
269
270
272
273
274
275
276
280
281
282
283
284
288
289
290
291
292
293
294
296
297
298
300
301
302
304
305
306
320
321
322
324
325
326
328
329
330
332
333
334
336
337
338
352
353
354
356
357
358
360
361
362
364
365
366
368
369
370
384
385
386
388
389
390
392
393
394
396
397
398
400
401
402
512
513
514
515
516
520
521
522
523
524
528
529
530
531
532
536
537
538
539
540
544
545
546
547
548
576
577
578
579
580
584
585
586
587
588
592
593
594
595
596
600
601
602
603
604
608
609
610
611
612
640
641
642
643
644
648
649
650
651
652
656
657
658
659
660
664
665
666
667
668
672
673
674
675
676
704
705
706
707
708
712
713
714
715
716
720
721
722
723
724
728
729
730
731
732
736
737
738
739
740
768
769
770
771
772
776
777
778
779
780
784
785
786
787
788
792
793
794
795
796
800
801
802
803
804
