3
5
7
8
9
11
13
15
17
19
21
23
24
25
27
29
31
33
35
37
39
40
41
43
45
47
49
51
53
55
56
57
59
61
63
64
65
67
69
71
72
73
75
77
79
81
83
85
88
89
91
93
95
97
99
101
103
104
105
107
109
111
115
117
119
120
121
123
125
127
139
141
143
147
149
151
152
153
159
163
165
167
168
169
171
173
175
179
181
184
185
191
192
193
195
197
199
200
201
203
205
207
211
213
216
217
219
221
223
232
233
235
237
239
243
245
248
249
251
253
255
279
280
281
287
291
293
296
297
320
321
323
325
327
328
329
331
333
335
344
345
347
349
351
360
361
363
365
367
376
377
379
381
383
448
449
451
453
455
456
457
459
461
463
472
473
475
477
479
488
489
491
493
495
504
505
507
509
511
512
513
515
517
519
520
521
523
525
527
536
537
539
541
543
552
553
555
557
559
568
569
571
573
575
576
577
579
581
583
584
585
587
589
591
600
601
603
605
607
616
617
619
621
623
632
633
635
637
639
704
705
707
709
711
712
713
715
717
719
728
729
731
733
735
744
745
747
749
751
760
761
763
765
767
832
833
835
837
839
840
841
843
845
847
856
857
859
861
863
872
873
875
877
879
888
889
891
893
895
960
961
963
965
967
968
969
971
973
975
984
985
987
989
991
1000
