2
3
4
5
8
9
10
11
12
13
14
15
16
17
18
20
21
22
24
25
26
27
29
30
31
32
33
34
36
37
40
41
42
43
47
49
51
52
53
57
58
59
60
61
62
64
65
66
67
68
69
72
73
74
75
77
80
81
82
84
85
86
88
89
90
91
104
109
111
113
114
116
117
120
121
122
124
128
129
130
134
136
137
138
141
143
144
145
146
148
149
150
160
161
162
168
169
170
176
177
178
180
181
182
185
187
190
192
193
196
202
208
209
212
216
225
226
228
232
234
237
241
242
246
249
250
256
257
260
261
264
265
266
267
272
273
276
281
288
289
292
293
296
297
298
299
320
321
324
325
328
329
330
331
336
337
340
341
344
345
346
347
392
404
410
416
417
418
424
436
441
442
444
452
456
457
461
463
464
465
468
469
473
474
477
479
480
481
482
512
513
514
516
517
520
521
522
523
528
529
530
532
533
534
538
544
545
546
548
549
552
553
554
555
564
570
572
576
577
578
580
581
584
585
586
587
592
593
594
596
597
598
600
601
602
603
640
641
642
644
645
648
649
650
651
656
657
658
660
661
662
672
673
674
676
677
680
681
682
683
688
689
690
692
693
694
704
705
708
709
712
713
714
715
720
721
724
725
728
729
730
731
1024
1025
1026
1032
1033
1034
1040
1041
1042
1044
1045
1046
1088
1089
1090
1096
1097
1098
1104
1105
1106
1108
1109
1110
1152
1153
1154
1160
1161
1162
1168
1169
1170
1172
1173
1174
1184
1185
1186
1192
1193
1194
1200
1201
1202
1204
1205
1206
1280
1281
1282
1288
1289
1290
1296
1297
1298
1300
1301
1302
1344
1345
1346
1352
1353
1354
1360
1361
1362
1364
1365
1366
1408
1409
1410
1416
1417
1418
1424
1425
1426
1428
1429
1430
1440
1441
1442
1448
1449
1450
1456
1457
1458
1460
1461
1462
1642
1664
1665
1668
1672
1673
1690
1696
1697
1698
1706
1844
1850
1852
1872
1873
1876
1898
1908
1914
1916
2048
2049
2052
2053
2056
2057
2058
2059
2080
2081
2084
2085
2088
2089
2090
2091
2112
2113
2116
2117
2120
2121
2122
2123
2128
2129
2132
2133
2136
2137
2138
2139
2304
2305
2308
2309
2312
2313
2314
2315
2336
2337
2340
2341
2344
2345
2346
2347
2368
2369
2372
2373
2376
2377
2378
2379
2384
2385
2388
2389
2392
2393
2394
2395
4096
4097
4098
4104
4105
4106
4112
4113
4114
4116
4117
4118
4160
4161
4162
4168
4169
4170
4176
4177
4178
4180
4181
4182
4224
4225
4226
4232
4233
4234
4240
4241
4242
4244
4245
4246
4256
4257
4258
4264
4265
4266
4272
4273
4274
4276
4277
4278
4608
4609
4610
4616
4617
4618
4624
4625
4626
4628
4629
4630
4672
4673
4674
4680
4681
4682
4688
4689
4690
4692
4693
4694
4736
4737
4738
4744
4745
4746
4752
4753
4754
4756
4757
4758
4768
4769
4770
4776
4777
4778
4784
4785
4786
4788
4789
4790
