2
3
4
5
6
7
8
9
10
11
12
13
14
15
16
17
18
19
20
21
22
23
24
25
26
27
28
29
30
31
32
33
34
35
36
37
38
39
40
41
42
43
44
45
46
47
48
49
50
51
52
53
54
55
56
57
58
59
60
61
62
63
64
65
66
67
68
69
70
71
72
73
74
75
76
77
78
79
80
81
82
83
84
85
86
87
88
89
90
91
92
93
94
95
96
97
99
100
101
102
103
104
105
106
107
108
109
110
111
112
113
114
115
116
117
118
119
120
121
122
123
124
125
126
127
128
129
130
131
133
134
135
136
137
138
139
141
142
143
144
145
146
147
149
150
151
152
153
154
155
157
158
159
160
161
163
164
165
166
168
169
170
171
173
174
176
177
178
179
181
182
183
184
185
186
187
189
190
191
192
193
194
195
196
197
198
199
200
201
202
203
204
205
206
207
208
209
210
211
213
214
215
216
217
218
219
220
221
222
223
224
225
227
228
229
230
231
232
233
234
235
236
237
238
239
240
241
242
243
245
246
247
248
249
250
251
252
253
254
255
256
257
259
260
261
263
264
265
267
268
269
271
280
281
283
284
285
287
288
289
291
292
293
295
296
297
299
300
301
302
303
304
305
306
307
309
312
313
315
316
317
318
319
320
321
322
323
324
325
326
327
328
329
330
331
332
333
335
344
345
347
348
349
351
352
353
355
356
357
359
360
361
363
364
365
367
376
377
379
380
381
383
384
385
386
387
390
391
392
393
394
395
398
399
400
401
402
403
406
407
408
409
410
411
414
415
432
433
434
435
438
439
440
441
442
443
446
447
448
449
450
451
452
453
454
455
456
457
458
459
460
461
462
463
464
465
466
467
470
471
472
473
474
475
476
477
478
479
480
481
483
484
485
487
488
489
491
492
493
495
496
497
498
499
502
503
504
505
506
507
510
511
512
513
514
515
518
519
520
521
522
523
526
527
528
529
530
531
534
535
536
537
538
539
542
543
560
561
562
563
566
567
568
569
570
571
574
575
576
577
578
579
582
583
584
585
586
587
590
591
592
593
594
595
598
599
600
601
602
603
606
607
624
625
626
627
630
631
632
633
634
635
638
639
640
641
642
643
646
647
648
649
650
651
654
655
656
657
658
659
662
663
664
665
666
667
670
671
688
689
690
691
694
695
696
697
698
699
702
703
704
705
706
707
710
711
712
713
714
715
718
719
720
721
722
723
726
727
728
729
730
731
734
735
752
753
754
755
758
759
760
761
762
763
766
767
896
897
898
899
902
903
904
905
906
907
910
911
912
913
914
915
918
919
920
921
922
923
926
927
944
945
946
947
950
951
952
953
954
955
958
959
960
961
962
963
966
967
968
969
970
971
974
975
976
977
978
979
982
983
984
985
986
987
990
991
