5
6
8
9
12
13
14
28
37
40
44
45
48
49
54
57
60
64
65
70
72
73
76
78
86
92
96
97
102
104
105
108
112
113
118
133
140
220
224
225
293
296
301
320
321
333
342
350
357
360
384
385
390
392
393
398
432
433
438
456
512
513
517
518
520
521
524
525
526
540
560
561
566
576
577
582
584
585
590
624
625
630
684
685
748
749
768
769
776
777
780
781
798
809
832
833
840
841
896
897
902
904
905
910
944
945
950
1196
1197
1260
1261
3072
3073
3078
3080
3081
3086
3120
3121
3126
3136
3137
3142
3144
3145
3150
3184
3185
3190
3456
3457
3462
3464
3465
3470
3504
3505
3510
4096
4097
4102
4104
4105
4110
4144
4145
4150
4160
4161
4166
4168
4169
4174
4208
4209
4214
4480
4481
4486
4488
4489
4494
4528
4529
4534
4608
4609
4614
4616
4617
4622
4656
4657
4662
4672
4673
4678
4680
4681
4686
4720
4721
4726
4992
4993
4998
5000
5001
5006
5040
5041
5046
7168
7169
7174
7176
7177
7182
7216
7217
7222
7232
7233
7238
7240
7241
7246
7280
7281
7286
7552
7553
7558
7560
7561
7566
7600
7601
7606
