3
5
7
8
9
11
13
15
17
19
21
23
24
25
27
29
31
33
35
37
39
40
41
43
45
47
49
51
53
55
56
57
59
61
63
64
65
67
69
71
72
73
75
77
79
81
83
85
87
88
89
91
93
95
97
99
101
103
104
105
107
109
111
113
115
117
119
120
121
123
125
127
129
131
133
135
136
137
139
141
143
145
147
149
151
152
153
155
157
159
161
163
165
167
168
169
171
173
175
177
179
181
183
184
185
187
189
191
192
193
195
197
199
200
201
203
207
209
211
213
215
216
217
219
221
223
225
227
229
232
233
235
237
239
241
243
245
247
248
249
251
253
255
257
263
264
267
269
273
275
277
279
280
283
285
287
289
295
296
299
303
305
309
311
312
315
319
320
321
323
325
328
329
331
333
337
339
341
344
345
349
351
353
359
360
369
371
373
375
376
377
379
381
383
385
389
392
395
399
401
403
405
407
408
409
411
413
415
417
419
421
423
424
425
427
429
433
435
437
440
443
445
448
449
451
453
455
456
457
459
461
463
465
471
472
473
475
477
479
481
483
485
487
488
489
491
493
495
497
499
501
504
505
507
511
512
513
515
517
519
520
521
523
525
527
529
531
533
535
536
537
539
541
543
545
552
553
555
557
561
563
565
567
568
569
571
575
576
577
579
581
583
584
585
587
589
591
593
595
597
600
601
603
605
607
613
616
617
621
625
627
632
633
635
637
639
641
643
647
648
649
651
653
657
663
664
665
669
671
675
679
680
681
683
687
689
691
696
697
699
701
703
704
705
707
711
712
713
715
717
719
721
728
729
731
735
739
741
743
744
760
761
763
765
767
773
775
776
781
785
791
792
793
801
803
805
808
809
813
815
819
821
823
824
827
829
832
833
840
841
843
849
853
855
856
867
869
872
873
875
877
879
881
885
887
888
897
904
920
925
927
929
933
935
936
941
947
952
953
955
960
961
963
967
968
969
971
975
977
981
984
985
987
989
991
1000
1016
1017
1019
1023
1041
1045
1047
1049
1051
1055
1057
1061
1063
1064
1069
1071
1073
1075
1079
1080
1081
1083
1087
1088
1089
1095
1101
1105
1107
1109
1111
1113
1121
1123
1125
1128
1129
1133
1137
1143
1147
1155
1160
1163
1165
1169
1171
1173
1175
1176
1189
1191
1192
1195
1197
1203
1205
1208
1211
1216
1217
1219
1221
1224
1225
1233
1235
1237
1239
1240
1241
1245
1255
1257
1259
1261
1265
1267
1269
1273
1275
1277
1288
1299
1305
1311
1313
1319
1320
1329
1331
1335
1336
1339
1344
1345
1347
1349
1352
1353
1363
1365
1367
1368
1369
1373
1375
1377
1379
1384
1385
1387
1389
1391
1393
1395
1397
1401
1403
1407
1416
1423
1425
1431
1432
1433
1441
1443
1447
1448
1449
1451
1457
1459
1461
1463
1464
1472
1473
1475
1477
1479
1485
1489
1491
1495
1496
1499
1501
1503
1505
1511
1513
1515
1517
1523
1525
1528
1536
1537
1539
1541
1543
1544
1545
1547
1551
1555
1557
1559
1560
1561
1563
1567
1569
1573
1576
1577
1585
1587
1592
1593
1595
1599
1600
1601
1603
1605
1607
1608
1609
1611
1615
1619
1621
1623
1624
1625
1627
1631
1656
1657
1659
1663
1669
1672
1675
1677
1688
1689
1691
1697
1704
1705
1728
1729
1731
1733
1735
1736
1737
1739
1743
1752
1753
1755
1757
1759
1765
1767
1768
1769
1771
1773
1777
1783
1784
1785
1787
1791
1805
1809
1811
1815
1816
1819
1821
1823
1825
1829
1831
1832
1833
1837
1839
1841
1843
1856
1857
1864
1865
1880
1881
1893
1896
1897
1899
1901
1907
1909
1912
1925
1928
1943
1944
1945
1959
1960
1961
1975
1976
1977
1983
1984
1985
1987
1989
1991
1992
1993
1995
1999
2001
2005
2008
2009
2011
2013
2015
2027
2029
2035
2037
2039
2040
2041
2043
2047
2104
2112
2113
2151
2152
2165
2167
2181
2184
2185
2189
2193
2199
2215
2216
2223
2225
2232
2249
2269
2271
2277
2280
2281
2283
2285
2287
2289
2293
2295
2296
2297
2299
2303
2312
2317
2321
2333
2335
2337
2411
2413
2424
2425
2427
2437
2440
2455
2471
2472
2481
2483
2487
2488
2496
2497
2505
2520
2527
2529
2537
2560
2561
2563
2565
2568
2569
2573
2577
2579
2581
2584
2585
2600
2601
2609
2611
2613
2619
2624
2625
2627
2629
2632
2633
2643
2645
2648
2653
2659
2664
2673
2696
2697
2699
2701
2705
2711
2712
2713
2727
2728
2729
2747
2749
2752
2753
2765
2769
2787
2792
2933
2939
2941
2952
2955
2979
2984
2985
2987
2997
3008
3009
3017
3021
3025
3032
3037
3043
3048
3067
3069
3111
3112
3119
3121
3125
3136
3137
3160
3165
3173
3175
3187
3192
3193
3208
3221
3223
3239
3243
3247
3249
3251
3256
3264
3265
3267
3271
3273
3299
3305
3307
3313
3323
3325
3352
3357
3363
3367
3369
3371
3379
3384
3392
3393
3400
3403
3405
3407
3409
3416
3421
3441
3491
3496
3497
3499
3509
3533
3537
3584
3585
3587
3591
3592
3593
3595
3599
3607
3608
3609
3611
3615
3635
3640
3641
3643
3647
3648
3649
3651
3655
3656
3657
3659
3661
3663
3665
3667
3672
3673
3675
3677
3679
3683
3688
3691
3697
3699
3704
3705
3707
3711
3720
3723
3751
3776
3777
3779
3783
3784
3785
3787
3791
3800
3801
3803
3807
3815
3819
3825
3832
3833
3835
3839
3863
3864
3935
3937
3953
3955
3971
4032
4033
4035
4039
4040
4041
4043
4047
4049
4056
4057
4059
4063
4067
4088
4089
4091
4095
4096
4097
4099
4101
4103
4104
4105
4107
4109
4111
4113
4115
4117
4119
4120
4121
4123
4125
4127
4135
4136
4137
4139
4143
4145
4147
4149
4152
4153
4155
4159
4160
4161
4163
4165
4167
4168
4169
4171
4173
4175
4177
4179
4181
4184
4185
4187
4189
4191
4197
4199
4200
4201
4203
4205
4209
4213
4215
4216
4217
4219
4223
4229
4232
4237
4241
4248
4249
4264
4265
4267
4269
4273
4275
4277
4280
4288
4289
4291
4293
4295
4296
4297
4299
4303
4307
4309
4312
4313
4315
4317
4319
4323
4325
4328
4329
4331
4333
4335
4337
4339
4341
4343
4344
4345
4347
4351
4365
4369
4381
4383
4416
4417
4419
4421
4424
4425
4427
4429
4433
4435
4437
4440
4445
4465
4495
4497
4503
4504
4519
4544
4545
4547
4551
4552
4553
4555
4559
4568
4569
4571
4575
4600
4601
4603
4607
4608
4609
4611
4613
4615
4616
4617
4619
4621
4623
4627
4629
4632
4633
4635
4637
4639
4648
4649
4664
4665
4667
4671
4672
4673
4675
4677
4679
4680
4681
4683
4685
4687
4691
4693
4696
4697
4699
4703
4709
4712
4713
4717
4728
4729
4731
4735
4749
4760
4761
4765
4767
4776
4777
4783
4800
4801
4803
4807
4808
4809
4811
4815
4824
4825
4827
4831
4856
4857
4859
4863
4901
4904
4905
4909
4911
4928
4929
4936
4937
4965
4968
4969
4973
5007
5009
5015
5016
5031
5056
5057
5059
5063
5064
5065
5067
5071
5073
5080
5081
5083
5087
5091
5112
5113
5115
5119
5177
5184
5185
5187
5191
5197
5199
5201
5221
5224
5225
5227
5229
5233
5261
5277
5279
5291
5293
5295
5299
5301
5312
5313
5315
5317
5320
5321
5331
5333
5341
5343
5349
5352
5353
5355
5357
5363
5365
5367
5368
5369
5375
5405
5407
5411
5415
5427
5432
5440
5441
5443
5445
5448
5449
5455
5457
5459
5461
5487
5495
5496
5497
5503
5517
5551
5592
5597
5603
5608
5627
5629
5632
5633
5635
5639
5640
5641
5643
5647
5656
5657
5659
5663
5673
5675
5688
5689
5691
5695
5696
5697
5699
5703
5704
5705
5707
5711
5720
5721
5723
5727
5731
5736
5745
5752
5753
5755
5759
5768
5771
5789
5791
5807
5824
5825
5827
5831
5832
5833
5835
5839
5848
5849
5851
5855
5880
5881
5883
5887
5912
5917
5929
5931
5952
5953
6080
6081
6083
6087
6088
6089
6091
6095
6104
6105
6107
6111
6136
6137
6139
6143
6437
6440
6441
6445
6447
6464
6465
6472
6473
6501
6504
6505
6509
6511
6519
6520
6521
6527
6541
6567
6568
6575
6584
6592
6593
6601
6656
6657
6661
6664
6665
6669
6685
6687
6720
6721
6728
6729
6827
6833
6835
6840
6848
6849
6851
6855
6883
6887
6891
6897
6905
6935
6936
6949
6952
6953
6957
6959
6976
6977
6984
6985
6999
7000
7011
7013
7016
7017
7019
7021
7025
7048
7225
7232
7233
7235
7239
7247
7249
7275
7281
7680
7681
7683
7687
7688
7689
7691
7695
7704
7705
7707
7711
7736
7737
7739
7743
7744
7745
7747
7751
7752
7753
7755
7759
7768
7769
7771
7775
7800
7801
7803
7807
7872
7873
7875
7879
7880
7881
7883
7887
7896
7897
7899
7903
7928
7929
7931
7935
8128
8129
8131
8135
8136
8137
8139
8143
8152
8153
8155
8159
8184
8185
8187
8191
8781
8805
8808
8809
8813
8845
8861
8863
8879
8937
8939
8945
8955
8957
8984
8989
8997
9000
9001
9003
9005
9007
9024
9025
9032
9033
9061
9064
9065
9069
9077
9083
9085
9293
9317
9320
9321
9325
9357
9560
9561
9576
9577
9579
9581
9587
9589
9624
9625
9640
9641
9707
9709
9715
9717
9728
9729
9731
9733
9736
9737
9747
9749
9752
9753
9768
9769
9792
9793
9795
9797
9800
9801
9811
9813
9880
9881
9896
9897
10072
10073
10088
10089
10091
10093
10099
10101
10136
10137
10152
10153
10219
10221
10227
10229
10752
10753
10755
10757
10760
10761
10771
10773
10776
10777
10792
10793
10816
10817
10819
10821
10824
10825
10835
10837
10904
10905
10920
10921
10923
10925
10929
10931
10933
10936
10944
10945
10947
10949
10951
10952
10953
10963
10965
10979
10983
10987
10989
10993
10995
10997
11001
11031
11032
11072
11073
11075
11077
11080
11081
11091
11093
11095
11096
11097
11107
11112
11113
11115
11117
11123
11125
11160
11161
11176
11177
11243
11245
11251
11253
11435
11437
11443
11445
11456
11457
11459
11461
11464
11465
11475
11477
11499
11501
11507
11509
11584
11585
11587
11589
11592
11593
11603
11605
12120
12121
12136
12137
12139
12141
12147
12149
12184
12185
12200
12201
12267
12269
12275
12277
12288
12289
12291
12293
12295
12296
12297
12299
12303
12307
12309
12312
12313
12315
12319
12328
12329
12344
12345
12347
12351
12352
12353
12355
12357
12359
12360
12361
12363
12367
12371
12373
12376
12377
12379
12383
12408
12409
12411
12415
12440
12441
12456
12457
12459
12461
12467
12469
12480
12481
12483
12485
12487
12488
12489
12491
12495
12499
12501
12504
12505
12507
12511
12523
12525
12531
12533
12536
12537
12539
12543
12608
12609
12611
12613
12616
12617
12627
12629
12736
12737
12739
12743
12744
12745
12747
12751
12760
12761
12763
12767
12792
12793
12795
12799
12800
12801
12803
12805
12807
12808
12809
12811
12815
12819
12821
12824
12825
12827
12831
12840
12841
12856
12857
12859
12863
12864
12865
12867
12869
12871
12872
12873
12875
12879
12883
12885
12888
12889
12891
12895
12920
12921
12923
12927
12952
12953
12968
12969
12992
12993
12995
12999
13000
13001
13003
13007
13016
13017
13019
13023
13048
13049
13051
13055
13248
13249
13251
13255
13256
13257
13259
13263
13272
13273
13275
13279
13304
13305
13307
13311
13483
13485
13491
13493
13504
13505
13507
13509
13512
13513
13523
13525
13547
13549
13555
13557
13632
13633
13635
13637
13640
13641
13651
13653
13824
13825
13827
13831
13832
13833
13835
13839
13848
13849
13851
13855
13880
13881
13883
13887
13888
13889
13891
13895
13896
13897
13899
13903
13912
13913
13915
13919
13944
13945
13947
13951
14016
14017
14019
14023
14024
14025
14027
14031
14040
14041
14043
14045
14047
14053
14056
14057
14061
14071
14072
14073
14075
14079
14109
14111
14117
14120
14121
14125
14127
14144
14145
14152
14153
14181
14184
14185
14189
14263
14264
14265
14271
14272
14273
14275
14279
14280
14281
14283
14287
14296
14297
14299
14303
14328
14329
14331
14335
15019
15021
15027
15029
15040
15041
15043
15045
15048
15049
15059
15061
15083
15085
15091
15093
15168
15169
15171
15173
15176
15177
15187
15189
15192
15193
15208
15209
15211
15213
15219
15221
15256
15257
15272
15273
15339
15341
15347
15349
15531
15533
15539
15541
15552
15553
15555
15557
15560
15561
15571
15573
15595
15597
15603
15605
15680
15681
15683
15685
15688
15689
15699
15701
15872
15873
15875
15879
15880
15881
15883
15887
15896
15897
15899
15903
15928
15929
15931
15935
15936
15937
15939
15943
15944
15945
15947
15951
15960
15961
15963
15967
15992
15993
15995
15999
16064
16065
16067
16071
16072
16073
16075
16079
16088
16089
16091
16095
16120
16121
16123
16127
16216
16217
16232
16233
16235
16237
16243
16245
16280
16281
16296
16297
16320
16321
16323
16327
16328
16329
16331
16335
16344
16345
16347
16351
16363
16365
16371
16373
16376
16377
16379
16383
20480
20481
20483
20485
20488
20489
20499
20501
20504
20505
20520
20521
20544
20545
20547
20549
20552
20553
20563
20565
20632
20633
20648
20649
20651
20653
20659
20661
20672
20673
20675
20677
20680
20681
20691
20693
20715
20717
20723
20725
20800
20801
20803
20805
20808
20809
20819
20821
20992
20993
20995
20997
21000
21001
21011
21013
21016
21017
21032
21033
21056
21057
21059
21061
21064
21065
21075
21077
21144
21145
21160
21161
21675
21677
21683
21685
21696
21697
21699
21701
21704
21705
21715
21717
21739
21741
21747
21749
21824
21825
21827
21829
21832
21833
21843
21845
28672
28673
28675
28679
28680
28681
28683
28687
28696
28697
28699
28703
28728
28729
28731
28735
28736
28737
28739
28743
28744
28745
28747
28751
28760
28761
28763
28767
28792
28793
28795
28799
28864
28865
28867
28871
28872
28873
28875
28879
28888
28889
28891
28895
28920
28921
28923
28927
29120
29121
29123
29127
29128
29129
29131
29135
29144
29145
29147
29151
29176
29177
29179
29183
29184
29185
29187
29191
29192
29193
29195
29199
29208
29209
29211
29215
29240
29241
29243
29247
29248
29249
29251
29255
29256
29257
29259
29263
29272
29273
29275
29279
29304
29305
29307
29311
29376
29377
29379
29383
29384
29385
29387
29391
29400
29401
29403
29407
29432
29433
29435
29439
29632
29633
29635
29639
29640
29641
29643
29647
29656
29657
29659
29663
29688
29689
29691
29695
30208
30209
30211
30215
30216
30217
30219
30223
30232
30233
30235
30239
30264
30265
30267
30271
30272
30273
30275
30279
30280
30281
30283
30287
30296
30297
30299
30303
30328
30329
30331
30335
30400
30401
30403
30407
30408
30409
30411
30415
30424
30425
30427
30431
30456
30457
30459
30463
30656
30657
30659
30663
30664
30665
30667
30671
30680
30681
30683
30687
30712
30713
30715
30719
32256
32257
32259
32263
32264
32265
32267
32271
32280
32281
32283
32287
32312
32313
32315
32319
32320
32321
32323
32327
32328
32329
32331
32335
32344
32345
32347
32351
32376
32377
32379
32383
32448
32449
32451
32455
32456
32457
32459
32463
32472
32473
32475
32479
32504
32505
32507
32511
32704
32705
32707
32711
32712
32713
32715
32719
32728
32729
32731
32735
32760
32761
32763
32767
32768
32769
32771
32773
32775
32776
32777
32779
32783
32787
32789
32792
32793
32795
32799
32808
32809
32824
32825
32827
32831
32832
32833
32835
32837
32839
32840
32841
32843
32847
32851
32853
32856
32857
32859
32863
32888
32889
32891
32895
32920
32921
32936
32937
32939
32941
32947
32949
32960
32961
32963
32965
32967
32968
32969
32971
32975
32979
32981
32984
32985
32987
32991
33003
33005
33011
33013
33016
33017
33019
33023
33088
33089
33091
33093
33096
33097
33107
33109
33216
33217
33219
33223
33224
33225
33227
33231
33240
33241
33243
33247
33272
33273
33275
33279
33280
33281
33283
33285
33287
33288
33289
33291
33295
33299
33301
33304
33305
33307
33311
33320
33321
33336
33337
33339
33343
33344
33345
33347
33351
33352
33353
33355
33359
33368
33369
33371
33375
33400
33401
33403
33407
33472
33473
33475
33479
33480
33481
33483
33487
33496
33497
33499
33503
33528
33529
33531
33535
33728
33729
33731
33735
33736
33737
33739
33743
33752
33753
33755
33759
33784
33785
33787
33791
34304
34305
34307
34311
34312
34313
34315
34319
34328
34329
34331
34335
34360
34361
34363
34367
34368
34369
34371
34375
34376
34377
34379
34383
34392
34393
34395
34399
34424
34425
34427
34431
34496
34497
34499
34503
34504
34505
34507
34511
34520
34521
34523
34527
34552
34553
34555
34559
34752
34753
34755
34759
34760
34761
34763
34767
34776
34777
34779
34783
34808
34809
34811
34815
36352
36353
36355
36359
36360
36361
36363
36367
36376
36377
36379
36383
36408
36409
36411
36415
36416
36417
36419
36423
36424
36425
36427
36431
36440
36441
36443
36447
36472
36473
36475
36479
36544
36545
36547
36551
36552
36553
36555
36559
36568
36569
36571
36575
36600
36601
36603
36607
36800
36801
36803
36807
36808
36809
36811
36815
36824
36825
36827
36831
36856
36857
36859
36863
36864
36865
36867
36871
36872
36873
36875
36879
36888
36889
36891
36895
36920
36921
36923
36927
36928
36929
36931
36935
36936
36937
36939
36943
36952
36953
36955
36959
36984
36985
36987
36991
37056
37057
37059
37063
37064
37065
37067
37071
37080
37081
37083
37087
37112
37113
37115
37119
37312
37313
37315
37319
37320
37321
37323
37327
37336
37337
37339
37343
37368
37369
37371
37375
37376
37377
37379
37383
37384
37385
37387
37391
37400
37401
37403
37407
37432
37433
37435
37439
37440
37441
37443
37447
37448
37449
37451
37455
37464
37465
37467
37471
37496
37497
37499
37503
37568
37569
37571
37575
37576
37577
37579
37583
37592
37593
37595
37599
37624
37625
37627
37631
37824
37825
37827
37831
37832
37833
37835
37839
37848
37849
37851
37855
37880
37881
37883
37887
38400
38401
38403
38407
38408
38409
38411
38415
38424
38425
38427
38431
38456
38457
38459
38463
38464
38465
38467
38471
38472
38473
38475
38479
38488
38489
38491
38495
38520
38521
38523
38527
38592
38593
38595
38599
38600
38601
38603
38607
38616
38617
38619
38623
38648
38649
38651
38655
38848
38849
38851
38855
38856
38857
38859
38863
38872
38873
38875
38879
38904
38905
38907
38911
40448
40449
40451
40455
40456
40457
40459
40463
40472
40473
40475
40479
40504
40505
40507
40511
40512
40513
40515
40519
40520
40521
40523
40527
40536
40537
40539
40543
40568
40569
40571
40575
40640
40641
40643
40647
40648
40649
40651
40655
40664
40665
40667
40671
40696
40697
40699
40703
40896
40897
40899
40903
40904
40905
40907
40911
40920
40921
40923
40927
40952
40953
40955
40959
45056
45057
45059
45063
45064
45065
45067
45071
45080
45081
45083
45087
45112
45113
45115
45119
45120
45121
45123
45127
45128
45129
45131
45135
45144
45145
45147
45151
45176
45177
45179
45183
45248
45249
45251
45255
45256
45257
45259
45263
45272
45273
45275
45279
45304
45305
45307
45311
45504
45505
45507
45511
45512
45513
45515
45519
45528
45529
45531
45535
45560
45561
45563
45567
45568
45569
45571
45575
45576
45577
45579
45583
45592
45593
45595
45599
45624
45625
45627
45631
45632
45633
45635
45639
45640
45641
45643
45647
45656
45657
45659
45663
45688
45689
45691
45695
45760
45761
45763
45767
45768
45769
45771
45775
45784
45785
45787
45791
45816
45817
45819
45823
46016
46017
46019
46023
46024
46025
46027
46031
46040
46041
46043
46047
46072
46073
46075
46079
46592
46593
46595
46599
46600
46601
46603
46607
46616
46617
46619
46623
46648
46649
46651
46655
46656
46657
46659
46663
46664
46665
46667
46671
46680
46681
46683
46687
46712
46713
46715
46719
46784
46785
46787
46791
46792
46793
46795
46799
46808
46809
46811
46815
46840
46841
46843
46847
47040
47041
47043
47047
47048
47049
47051
47055
47064
47065
47067
47071
47096
47097
47099
47103
48640
48641
48643
48647
48648
48649
48651
48655
48664
48665
48667
48671
48696
48697
48699
48703
48704
48705
48707
48711
48712
48713
48715
48719
48728
48729
48731
48735
48760
48761
48763
48767
48832
48833
48835
48839
48840
48841
48843
48847
48856
48857
48859
48863
48888
48889
48891
48895
49088
49089
49091
49095
49096
49097
49099
49103
49112
49113
49115
49119
49144
49145
49147
49151
61440
61441
61443
61447
61448
61449
61451
61455
61464
61465
61467
61471
61496
61497
61499
61503
61504
61505
61507
61511
61512
61513
61515
61519
61528
61529
61531
61535
61560
61561
61563
61567
61632
61633
61635
61639
61640
61641
61643
61647
61656
61657
61659
61663
61688
61689
61691
61695
61888
61889
61891
61895
61896
61897
61899
61903
61912
61913
61915
61919
61944
61945
61947
61951
61952
61953
61955
61959
61960
61961
61963
61967
61976
61977
61979
61983
62008
62009
62011
62015
62016
62017
62019
62023
62024
62025
62027
62031
62040
62041
62043
62047
62072
62073
62075
62079
62144
62145
62147
62151
62152
62153
62155
62159
62168
62169
62171
62175
62200
62201
62203
62207
62400
62401
62403
62407
62408
62409
62411
62415
62424
62425
62427
62431
62456
62457
62459
62463
62976
62977
62979
62983
62984
62985
62987
62991
63000
63001
63003
63007
63032
63033
63035
63039
63040
63041
63043
63047
63048
63049
63051
63055
63064
63065
63067
63071
63096
63097
63099
63103
63168
63169
63171
63175
63176
63177
63179
63183
63192
63193
63195
63199
63224
63225
63227
63231
63424
63425
63427
63431
63432
63433
63435
63439
63448
63449
63451
63455
63480
63481
63483
63487
65024
65025
65027
65031
65032
65033
65035
65039
65048
65049
65051
65055
65080
65081
65083
65087
65088
65089
65091
65095
65096
65097
65099
65103
65112
65113
65115
65119
65144
65145
65147
65151
65216
65217
65219
65223
65224
65225
65227
65231
65240
65241
65243
65247
65272
65273
65275
65279
65472
65473
65475
65479
65480
65481
65483
65487
65496
65497
65499
65503
65528
65529
65531
65535
98304
98305
98307
98311
98312
98313
98315
98319
98328
98329
98331
98335
98360
98361
98363
98367
98368
98369
98371
98375
98376
98377
98379
98383
98392
98393
98395
98399
98424
98425
98427
98431
98496
98497
98499
98503
98504
98505
98507
98511
98520
98521
98523
98527
98552
98553
98555
98559
98752
98753
98755
98759
98760
98761
98763
98767
98776
98777
98779
98783
98808
98809
98811
98815
98816
98817
98819
98823
98824
98825
98827
98831
98840
98841
98843
98847
98872
98873
98875
98879
98880
98881
98883
98887
98888
98889
98891
98895
98904
98905
98907
98911
98936
98937
98939
98943
99008
99009
99011
99015
99016
99017
99019
99023
99032
99033
99035
99039
99064
99065
99067
99071
99264
99265
99267
99271
99272
99273
99275
99279
99288
99289
99291
99295
99320
99321
99323
99327
99840
99841
99843
99847
99848
99849
99851
99855
99864
99865
99867
99871
99896
99897
99899
99903
99904
99905
99907
99911
99912
99913
99915
99919
99928
99929
99931
99935
99960
99961
99963
99967
