2
4
5
6
7
8
9
10
11
12
13
14
15
16
17
18
19
20
21
25
26
28
29
30
31
32
33
34
35
36
37
38
39
40
41
42
43
44
45
46
47
48
49
50
51
52
53
54
55
56
57
58
59
60
61
62
63
64
65
66
67
68
69
70
71
72
73
74
75
76
77
78
79
80
81
82
83
84
85
86
87
88
89
90
91
92
93
94
95
96
97
98
99
100
101
102
103
104
105
106
107
108
109
110
111
112
113
114
115
116
117
118
119
120
121
122
123
124
125
126
127
128
129
130
131
132
133
134
135
136
137
138
139
140
141
142
143
144
145
146
147
148
149
151
152
153
154
155
156
157
158
159
160
161
162
163
164
165
166
167
168
169
170
193
194
196
197
200
201
202
203
204
205
206
207
208
209
210
211
212
213
217
218
220
221
222
223
224
225
226
227
228
229
230
231
232
233
234
235
236
237
238
239
240
241
242
243
244
245
246
247
248
249
250
251
252
253
254
255
256
257
258
259
260
261
262
263
264
265
266
267
268
269
270
271
272
273
274
275
276
277
278
279
280
281
282
283
284
285
286
287
288
289
290
291
292
293
294
295
296
297
298
299
300
301
302
303
304
305
306
307
308
309
310
311
312
313
314
315
316
317
318
319
320
321
322
323
324
325
326
327
328
329
330
331
332
333
334
335
336
337
338
339
340
341
342
343
344
345
346
347
348
349
350
351
352
353
354
355
356
357
358
359
360
361
362
363
364
365
366
367
368
369
370
371
372
373
374
375
376
377
378
379
380
381
382
383
384
385
386
387
388
389
390
391
392
393
394
395
396
397
398
399
400
401
402
403
404
405
406
407
408
409
410
411
412
413
414
415
416
417
418
419
420
421
422
423
424
425
426
427
428
429
430
431
432
433
434
435
436
437
438
439
440
441
442
443
444
445
446
447
448
449
450
451
452
453
454
455
456
457
458
459
460
461
462
463
464
465
466
467
468
469
470
471
472
473
474
475
476
477
478
479
480
481
482
483
484
485
486
487
488
489
490
491
492
493
494
495
496
497
498
499
500
501
502
503
504
505
506
507
508
509
510
511
512
513
514
516
517
518
519
520
521
522
523
524
525
526
527
528
529
530
531
532
533
534
535
536
537
538
539
540
541
542
543
544
545
546
547
548
549
550
551
552
553
554
555
556
557
558
559
560
561
562
563
564
565
566
567
568
569
570
571
572
573
574
575
576
577
578
579
580
581
582
583
584
585
586
587
588
589
590
591
592
593
594
595
596
597
598
599
600
601
602
603
604
605
606
607
608
609
610
611
612
613
614
615
616
617
618
619
620
621
622
623
624
625
626
627
628
629
630
631
632
633
634
635
636
637
638
639
640
641
642
643
644
645
646
647
648
649
650
651
652
653
654
655
656
657
658
659
660
661
662
663
664
665
666
667
668
669
670
671
672
673
674
675
676
677
678
679
680
681
682
683
684
685
686
687
688
689
690
691
692
693
694
695
696
697
698
699
700
701
702
703
704
705
706
707
708
709
710
711
712
713
714
715
716
717
718
719
720
721
722
723
724
725
726
727
728
729
730
731
732
733
734
735
736
737
738
739
740
741
742
743
744
745
746
747
748
749
750
751
752
753
754
755
756
757
758
759
760
761
762
763
764
765
766
767
768
769
770
771
772
773
774
775
776
777
778
779
780
781
782
783
784
785
786
787
788
789
790
791
792
793
794
795
796
797
798
799
800
801
802
803
804
805
806
807
808
809
810
811
812
813
814
815
816
817
818
819
820
821
822
823
824
825
826
827
828
829
830
831
832
833
834
835
836
837
838
839
840
841
842
843
844
845
846
847
848
849
850
851
852
853
854
855
856
857
858
859
860
861
862
863
864
865
866
867
868
869
870
871
872
873
874
875
876
877
878
879
880
881
882
883
884
885
886
887
888
889
890
891
892
893
894
895
896
897
898
899
900
901
902
903
904
905
906
907
908
909
910
911
912
913
914
915
916
917
918
919
920
921
922
923
924
925
926
927
928
929
930
931
932
933
934
935
936
937
938
939
940
941
943
944
945
946
947
948
949
950
951
952
953
954
955
956
957
958
959
960
961
962
964
966
967
968
969
970
971
972
973
974
975
976
977
978
979
980
981
982
983
984
985
986
987
988
989
990
991
992
993
994
996
997
998
999
1000
1001
1002
1003
1004
1005
1006
1007
1008
1009
1012
1013
1014
1015
1016
1017
1018
1019
1020
1021
1022
1023
1024
1025
1026
1031
1032
1033
1034
1035
1036
1037
1038
1039
1040
1041
1042
1043
1044
1045
1048
1049
1050
1051
1052
1053
1054
1055
1056
1057
1058
1059
1060
1061
1063
1064
1066
1067
1068
1069
1070
1071
1072
1073
1074
1075
1076
1077
1078
1079
1080
1081
1085
1086
1087
1088
1089
1090
1092
1094
1095
1096
1097
1098
1099
1100
1101
1103
1104
1105
1106
1107
1108
1109
1110
1111
1112
1113
1114
1115
1117
1119
1120
1121
1122
1123
1124
1125
1126
1127
1128
1129
1130
1131
1132
1133
1135
1137
1138
1140
1141
1142
1143
1144
1145
1146
1147
1148
1149
1151
1152
1153
1154
1156
1157
1159
1160
1161
1162
1163
1164
1165
1167
1168
1169
1170
1172
1173
1175
1177
1178
1183
1184
1185
1186
1188
1189
1191
1192
1193
1194
1196
1197
1202
1204
1205
1207
1208
1209
1210
1212
1213
1215
1260
1261
1268
1269
1271
1272
1273
1274
1276
1277
1279
1280
1281
1282
1288
1289
1290
1292
1293
1295
1296
1297
1298
1300
1301
1303
1311
1312
1313
1314
1316
1317
1319
1320
1321
1322
1324
1325
1332
1333
1335
1336
1337
1338
1340
1341
1343
1344
1345
1346
1352
1353
1354
1356
1357
1359
1360
1361
1362
1364
1365
1561
1564
1565
1568
1586
1612
1619
1639
1642
1664
1665
1671
1672
1693
1756
1760
1761
1762
1763
1764
1787
1788
1789
1792
1793
1794
1795
1796
1797
1800
1801
1802
1805
1808
1809
1810
1811
1816
1817
1818
1819
1820
1821
1824
1825
1826
1827
1828
1849
1850
1859
1862
1863
1864
1891
1895
1896
1899
1900
1920
1921
1928
1932
1935
1936
1937
1979
1980
1981
2003
2008
2009
2010
2011
2012
2016
2017
2018
2019
2020
2021
2024
2025
2026
2027
2028
2029
2034
2035
2036
2037
2043
2044
2045
2048
2049
2052
2053
2054
2056
2057
2058
2076
2080
2081
2082
2083
2084
2085
2086
2088
2089
2090
2091
2092
2093
2096
2097
2098
2099
2100
2101
2102
2106
2107
2108
2109
2110
2112
2113
2116
2117
2118
2120
2121
2122
2125
2128
2129
2130
2132
2133
2138
2142
2144
2145
2146
2148
2149
2152
2153
2154
2155
2156
2157
2162
2163
2164
2165
2171
2172
2173
2176
2177
2180
2181
2184
2185
2186
2189
2190
2191
2192
2193
2194
2195
2200
2201
2202
2203
2220
2226
2227
2228
2229
2235
2236
2237
2240
2241
2242
2243
2244
2245
2248
2249
2250
2253
2256
2257
2258
2259
2264
2265
2266
2267
2268
2270
2272
2273
2274
2275
2276
2287
2292
2293
2295
2296
2298
2299
2300
2301
2304
2305
2308
2309
2310
2312
2313
2314
2317
2320
2321
2322
2323
2328
2329
2330
2331
2332
2336
2337
2338
2339
2340
2341
2342
2344
2345
2346
2347
2348
2349
2352
2353
2354
2356
2357
2358
2362
2364
2365
2366
2368
2369
2372
2373
2374
2376
2377
2378
2381
2384
2385
2386
2387
2388
2389
2390
2392
2393
2394
2395
2396
2397
2398
2400
2401
2402
2403
2404
2405
2408
2409
2410
2411
2412
2413
2422
2426
2428
2429
2430
2432
2433
2436
2437
2438
2440
2441
2442
2448
2449
2450
2452
2453
2454
2458
2459
2460
2461
2462
2463
2464
2465
2467
2468
2469
2470
2472
2473
2474
2480
2481
2482
2484
2485
2496
2497
2502
2503
2504
2505
2507
2508
2510
2512
2513
2514
2515
2516
2517
2518
2519
2520
2521
2522
2523
2524
2525
2526
2527
2528
2529
2530
2531
2532
2533
2534
2535
2536
2537
2538
2540
2542
2543
2544
2545
2546
2547
2548
2549
2550
2552
2553
2554
2555
2556
2557
2558
2559
2560
2561
2564
2565
2566
2568
2569
2570
2588
2592
2593
2594
2595
2596
2597
2598
2600
2601
2602
2603
2604
2605
2608
2609
2610
2611
2612
2613
2614
2618
2619
2620
2621
2622
2624
2625
2628
2629
2630
2632
2633
2634
2637
2640
2641
2642
2644
2645
2646
2650
2652
2653
2654
2657
2661
2663
2664
2665
2666
2667
2668
2669
2670
2674
2675
2676
2677
2678
2682
2683
2684
2685
2686
2688
2689
2692
2693
2694
2696
2697
2698
2700
2701
2704
2705
2706
2707
2708
2709
2710
2712
2713
2714
2715
2716
2717
2718
2720
2721
2724
2725
2726
2728
2729
2730
2732
2736
2737
2738
2739
2740
2741
2742
2743
2744
2747
2748
2749
2752
2753
2756
2757
2760
2761
2762
2765
2766
2768
2769
2770
2771
2772
2773
2774
2775
2776
2777
2778
2779
2780
2781
2782
2784
2785
2786
2787
2788
2789
2790
2792
2793
2794
2800
2801
2802
2804
2805
2806
2808
2809
2810
2811
2812
2813
2814
2815
2816
2817
2818
2820
2821
2822
2823
2824
2825
2826
2827
2828
2829
2830
2832
2833
2834
2835
2836
2838
2839
2840
2841
2842
2843
2844
2847
2848
2849
2850
2851
2852
2853
2854
2855
2856
2857
2858
2859
2860
2861
2862
2863
2864
2865
2867
2868
2872
2873
2875
2876
2878
2879
2880
2881
2884
2885
2888
2889
2890
2893
2896
2897
2898
2899
2904
2905
2906
2907
2908
2911
2912
2913
2914
2915
2916
2917
2918
2919
2920
2921
2922
2923
2924
2925
2926
2927
2928
2929
2930
2931
2932
2933
2936
2937
2939
2940
2942
2943
2944
2945
2950
2951
2952
2953
2954
2955
2956
2957
2958
2960
2961
2962
2963
2964
2966
2967
2968
2969
2970
2971
2972
2975
2976
2977
2978
2979
2980
2981
2982
2984
2985
2986
2987
2988
2989
2992
2993
2994
2995
2996
2997
3008
3009
3014
3015
3016
3017
3019
3020
3022
3024
3025
3026
3027
3028
3029
3030
3031
3032
3033
3034
3035
3036
3037
3038
3039
3040
3041
3043
3044
3045
3046
3047
3048
3049
3050
3052
3054
3055
3056
3057
3058
3059
3060
3061
3062
3064
3065
3066
3067
3068
3069
3070
3071
3072
3073
3076
3077
3078
3079
3080
3081
3082
3083
3084
3085
3086
3087
3104
3105
3108
3109
3110
3111
3112
3113
3114
3116
3118
3119
3120
3121
3122
3123
3124
3125
3126
3127
3128
3129
3130
3131
3132
3133
3134
3135
3136
3137
3140
3141
3142
3143
3144
3145
3146
3147
3148
3149
3150
3151
3152
3153
3154
3155
3156
3157
3158
3159
3160
3161
3162
3163
3164
3165
3166
3167
3168
3169
3171
3172
3173
3174
3175
3176
3177
3178
3179
3180
3181
3182
3183
3184
3185
3186
3187
3188
3189
3190
3191
3192
3193
3194
3195
3196
3197
3198
3199
3200
3201
3204
3205
3206
3208
3209
3210
3213
3214
3216
3217
3218
3219
3220
3221
3222
3223
3224
3225
3226
3227
3228
3229
3230
3231
3232
3233
3235
3236
3237
3238
3239
3240
3241
3242
3244
3246
3247
3248
3249
3250
3251
3252
3253
3256
3257
3259
3260
3261
3262
3263
3264
3265
3268
3269
3270
3271
3272
3273
3274
3275
3276
3277
3278
3280
3281
3282
3283
3284
3285
3286
3287
3288
3289
3290
3291
3292
3293
3294
3296
3297
3298
3299
3300
3301
3302
3304
3305
3306
3312
3313
3314
3316
3317
3318
3320
3321
3322
3323
3324
3325
3326
3327
3328
3329
3330
3332
3333
3334
3335
3336
3337
3338
3339
3340
3341
3342
3344
3345
3346
3347
3348
3350
3351
3352
3353
3354
3355
3356
3359
3360
3361
3362
3363
3364
3365
3366
3367
3368
3369
3370
3371
3372
3373
3374
3375
3376
3377
3378
3379
3380
3381
3382
3386
3388
3389
3390
3391
3392
3393
3396
3397
3398
3400
3401
3402
3403
3404
3405
3407
3408
3409
3410
3411
3412
3413
3414
3416
3417
3418
3419
3420
3421
3422
3424
3425
3426
3427
3428
3429
3432
3433
3434
3435
3436
3437
3442
3443
3444
3445
3446
3450
3452
3453
3454
3456
3457
3460
3461
3462
3463
3464
3465
3466
3467
3468
3469
3470
3471
3472
3473
3474
3475
3476
3477
3478
3480
3481
3482
3483
3484
3485
3486
3488
3489
3490
3491
3492
3493
3494
3496
3497
3498
3499
3500
3501
3504
3505
3506
3507
3508
3509
3510
3511
3512
3513
3514
3515
3516
3517
3518
3519
3520
3521
3522
3524
3526
3527
3528
3529
3530
3531
3532
3533
3534
3535
3536
3537
3539
3542
3543
3544
3545
3546
3547
3548
3549
3550
3551
3552
3553
3554
3555
3556
3557
3558
3559
3560
3561
3562
3563
3564
3565
3566
3567
3568
3569
3570
3571
3572
3573
3574
3575
3576
3577
3578
3579
3580
3581
3582
3583
3584
3585
3590
3591
3592
3593
3594
3595
3596
3597
3598
3599
3623
3628
3630
3631
3632
3633
3635
3636
3638
3639
3640
3641
3642
3643
3644
3645
3646
3647
3648
3649
3650
3652
3653
3654
3655
3656
3657
3658
3659
3660
3661
3662
3663
3664
3665
3667
3668
3670
3671
3672
3673
3674
3675
3676
3677
3678
3679
3680
3681
3683
3684
3686
3687
3688
3689
3690
3691
3692
3693
3694
3695
3696
3697
3698
3699
3700
3702
3703
3704
3705
3706
3707
3708
3709
3710
3711
3712
3713
3716
3717
3718
3719
3720
3721
3722
3723
3724
3725
3726
3727
3728
3729
3730
3731
3732
3733
3734
3735
3736
3737
3738
3739
3740
3741
3742
3743
3744
3745
3747
3748
3749
3750
3751
3752
3753
3754
3756
3758
3759
3760
3761
3762
3763
3764
3765
3766
3767
3768
3769
3770
3771
3772
3773
3774
3775
3776
3777
3780
3781
3782
3783
3784
3785
3786
3787
3788
3789
3790
3791
3792
3793
3794
3795
3796
3797
3798
3799
3800
3801
3802
3803
3804
3805
3806
3807
3808
3809
3810
3811
3812
3813
3814
3815
3816
3817
3818
3819
3820
3821
3822
3823
3824
3825
3826
3828
3829
3830
3831
3832
3833
3834
3835
3836
3837
3838
3839
3840
3841
3844
3845
3846
3847
3848
3849
3850
3851
3852
3853
3854
3855
3856
3857
3858
3859
3860
3862
3863
3864
3865
3866
3867
3868
3871
3872
3873
3874
3875
3876
3877
3878
3879
3880
3881
3882
3883
3884
3885
3886
3887
3888
3889
3890
3891
3892
3893
3894
3895
3896
3897
3898
3899
3900
3901
3902
3903
3904
3905
3908
3909
3910
3911
3912
3913
3914
3915
3916
3917
3918
3919
3920
3921
3922
3923
3924
3925
3926
3927
3928
3929
3930
3931
3932
3933
3934
3935
3936
3937
3938
3939
3940
3941
3942
3943
3944
3945
3946
3947
3948
3949
3950
3951
3952
3953
3954
3955
3956
3957
3958
3959
3960
3961
3962
3963
3964
3965
3966
3967
3968
3969
3972
3973
3974
3975
3976
3977
3978
3979
3980
3981
3982
3983
3984
3985
3986
3987
3988
3989
3990
3991
3992
3993
3994
3995
3996
3997
3998
3999
4000
4001
4002
4003
4004
4005
4006
4008
4009
4010
4011
4012
4013
4016
4017
4018
4019
4020
4021
4022
4023
4024
4025
4026
4027
4028
4029
4030
4031
4032
4033
4038
4039
4040
4041
4042
4043
4044
4045
4046
4047
4048
4049
4050
4051
4052
4053
4054
4055
4056
4057
4058
4059
4060
4061
4062
4063
4064
4065
4066
4067
4068
4069
4070
4071
4072
4073
4074
4075
4076
4077
4078
4079
4080
4081
4082
4083
4084
4085
4086
4087
4088
4089
4090
4091
4092
4093
4094
4095
4096
4097
4098
4100
4101
4102
4103
4104
4105
4106
4107
4108
4109
4110
4111
4112
4113
4114
4116
4117
4124
4128
4129
4130
4131
4132
4133
4134
4135
4136
4137
4138
4139
4140
4141
4142
4143
4144
4145
4146
4147
4148
4149
4150
4151
4152
4153
4154
4155
4156
4157
4158
4159
4160
4161
4162
4164
4165
4166
4167
4168
4169
4170
4171
4172
4173
4174
4175
4176
4177
4178
4179
4180
4181
4182
4183
4184
4185
4186
4187
4188
4189
4190
4191
4192
4193
4194
4195
4196
4197
4198
4199
4200
4201
4202
4203
4204
4205
4206
4207
4208
4209
4212
4213
4214
4215
4216
4217
4218
4219
4220
4221
4222
4223
4224
4225
4226
4232
4233
4234
4236
4237
4239
4240
4241
4242
4244
4245
4247
4255
4256
4257
4258
4260
4261
4263
4264
4265
4266
4316
4320
4321
4322
4323
4324
4347
4348
4349
4352
4353
4356
4357
4358
4360
4361
4362
4365
4368
4369
4370
4371
4376
4377
4378
4379
4380
4384
4385
4386
4387
4388
4389
4390
4392
4393
4394
4395
4396
4397
4400
4401
4402
4404
4405
4406
4408
4409
4410
4411
4412
4413
4414
4415
4416
4417
4420
4421
4422
4424
4425
4426
4429
4432
4433
4434
4435
4436
4437
4438
4440
4441
4442
4443
4444
4445
4446
4447
4448
4449
4450
4451
4452
4453
4454
4455
4456
4457
4458
4459
4460
4461
4462
4463
4464
4465
4466
4467
4468
4469
4470
4472
4473
4474
4475
4476
4477
4478
4479
4480
4481
4484
4485
4486
4487
4488
4489
4490
4491
4492
4493
4494
4495
4496
4497
4498
4499
4500
4501
4502
4503
4504
4505
4506
4507
4508
4509
4510
4511
4512
4513
4514
4515
4516
4517
4518
4520
4521
4522
4523
4524
4525
4528
4529
4530
4531
4532
4533
4534
4535
4536
4537
4538
4539
4540
4541
4542
4543
4544
4545
4550
4551
4552
4553
4554
4555
4556
4557
4558
4559
4560
4561
4562
4563
4564
4565
4566
4567
4568
4569
4570
4571
4572
4573
4574
4575
4576
4577
4578
4579
4580
4581
4582
4583
4584
4585
4586
4587
4588
4589
4590
4591
4592
4593
4594
4595
4596
4597
4598
4599
4600
4601
4602
4603
4604
4605
4606
4607
4608
4609
4610
4612
4613
4614
4615
4616
4617
4618
4619
4620
4621
4622
4623
4624
4625
4626
4628
4629
4636
4640
4641
4642
4643
4644
4645
4646
4647
4648
4649
4650
4651
4652
4653
4654
4655
4656
4657
4658
4659
4660
4661
4662
4663
4664
4665
4666
4667
4668
4669
4670
4671
4672
4673
4674
4676
4677
4678
4679
4680
4681
4682
4683
4684
4685
4686
4687
4688
4689
4690
4691
4692
4693
4694
4695
4696
4697
4698
4699
4700
4701
4702
4703
4704
4705
4706
4707
4708
4709
4710
4711
4712
4713
4714
4715
4716
4717
4718
4719
4720
4721
4723
4724
4725
4726
4727
4728
4729
4730
4731
4732
4733
4734
4735
4736
4737
4738
4740
4741
4742
4743
4744
4745
4746
4747
4748
4749
4750
4751
4752
4753
4754
4755
4756
4757
4758
4759
4760
4761
4762
4763
4764
4765
4766
4767
4768
4769
4770
4771
4772
4773
4774
4775
4776
4777
4778
4780
4781
4782
4783
4784
4785
4786
4787
4788
4789
4790
4791
4792
4793
4794
4795
4796
4797
4798
4799
4800
4801
4806
4807
4808
4809
4810
4811
4812
4813
4814
4815
4816
4817
4818
4819
4820
4821
4822
4823
4824
4825
4826
4827
4828
4829
4830
4831
4832
4833
4836
4837
4838
4839
4840
4841
4842
4843
4844
4845
4846
4847
4848
4849
4850
4852
4853
4854
4855
4856
4857
4858
4859
4860
4861
4862
4863
4864
4865
4866
4870
4871
4872
4873
4874
4875
4876
4877
4878
4879
4880
4881
4882
4883
4884
4885
4886
4887
4888
4889
4891
4895
4896
4897
4898
4899
4900
4901
4902
4903
4904
4905
4906
4908
4909
4910
4911
4912
4913
4915
4916
4917
4918
4919
4920
4921
4922
4923
4924
4925
4926
4927
4928
4929
4930
4934
4935
4936
4937
4938
4939
4940
4941
4942
4943
4944
4945
4946
4948
4949
4950
4951
4952
4953
4954
4955
4956
4957
4958
4959
4960
4961
4962
4963
4964
4965
4966
4967
4968
4969
4970
4971
4972
4973
4974
4975
4976
4977
4979
4980
4982
4983
4984
4985
4986
4987
4988
4989
4990
4991
4992
4993
4998
4999
5000
5001
5002
5003
5004
5005
5006
5007
5011
5012
5014
5015
5016
5017
5023
5024
5025
5026
5028
5029
5031
5032
5033
5034
5036
5037
5040
5041
5042
5044
5045
5046
5047
5048
5049
5050
5051
5052
5053
5054
5055
5056
5057
5058
5062
5063
5064
5065
5066
5067
5068
5069
5070
5071
5072
5073
5074
5076
5077
5078
5079
5080
5081
5082
5083
5084
5085
5086
5087
5088
5089
5090
5092
5093
5094
5095
5096
5097
5098
5099
5100
5101
5102
5103
5104
5105
5106
5108
5109
5110
5111
5112
5113
5114
5115
5116
5117
5118
5119
5120
5121
5122
5124
5125
5126
5127
5128
5129
5130
5131
5132
5133
5134
5135
5136
5137
5138
5140
5141
5152
5153
5156
5157
5158
5160
5161
5162
5168
5169
5170
5172
5173
5174
5175
5176
5177
5178
5179
5180
5181
5182
5183
5184
5185
5186
5188
5189
5190
5191
5192
5193
5194
5195
5196
5197
5198
5199
5200
5201
5202
5204
5205
5206
5207
5208
5209
5210
5211
5212
5213
5214
5215
5216
5217
5218
5220
5221
5222
5223
5224
5225
5226
5227
5228
5229
5230
5231
5232
5233
5235
5236
5237
5238
5239
5240
5241
5242
5243
5244
5245
5246
5247
5248
5249
5250
5252
5253
5254
5256
5257
5258
5260
5261
5262
5263
5264
5265
5266
5267
5268
5269
5270
5271
5272
5273
5274
5275
5276
5277
5278
5279
5280
5281
5282
5283
5284
5285
5286
5287
5288
5289
5290
5292
5293
5294
5295
5296
5297
5298
5299
5300
5301
5303
5304
5305
5306
5307
5308
5309
5310
5311
5312
5313
5318
5319
5320
5321
5323
5324
5326
5328
5329
5330
5331
5332
5333
5334
5335
5336
5337
5338
5340
5341
5342
5344
5345
5348
5349
5350
5352
5353
5354
5356
5357
5360
5361
5362
5364
5365
5366
5367
5368
5369
5370
5371
5372
5373
5374
5375
5376
5377
5378
5380
5381
5382
5383
5384
5385
5386
5387
5388
5389
5390
5391
5392
5393
5394
5395
5396
5397
5398
5399
5400
5401
5403
5407
5408
5409
5410
5411
5412
5413
5414
5415
5416
5417
5418
5420
5421
5422
5423
5424
5425
5426
5427
5428
5429
5430
5431
5432
5433
5434
5435
5436
5437
5438
5439
5440
5441
5442
5444
5445
5446
5448
5449
5450
5452
5453
5455
5456
5457
5458
5460
5461
5463
5467
5471
5472
5473
5474
5475
5476
5477
5478
5479
5480
5481
5482
5484
5486
5487
5488
5489
5491
5492
5496
5497
5499
5500
5502
5503
5504
5505
5510
5511
5512
5513
5514
5515
5516
5517
5518
5519
5523
5524
5526
5527
5528
5529
5531
5535
5536
5537
5538
5539
5540
5541
5542
5543
5544
5545
5546
5548
5549
5552
5553
5556
5557
5558
5559
5560
5561
5562
5563
5564
5565
5566
5567
5568
5569
5570
5574
5575
5576
5577
5578
5579
5580
5581
5582
5583
5584
5585
5586
5587
5588
5589
5590
5591
5592
5593
5594
5595
5596
5597
5598
5599
5600
5601
5602
5603
5604
5605
5606
5607
5608
5609
5610
5611
5612
5613
5614
5615
5616
5617
5619
5620
5621
5622
5623
5624
5625
5626
5627
5628
5629
5630
5631
5632
5633
5638
5639
5640
5641
5642
5643
5644
5645
5646
5647
5671
5676
5678
5679
5680
5681
5683
5684
5686
5687
5688
5689
5690
5691
5692
5693
5694
5695
5696
5697
5702
5703
5704
5705
5706
5707
5708
5709
5710
5711
5712
5713
5715
5716
5718
5719
5720
5721
5722
5723
5724
5725
5726
5727
5728
5729
5731
5732
5734
5735
5736
5737
5738
5739
5740
5741
5742
5743
5744
5745
5747
5750
5751
5752
5753
5754
5755
5756
5757
5758
5759
5760
5761
5766
5767
5768
5769
5770
5771
5772
5773
5774
5775
5779
5780
5782
5783
5784
5785
5787
5791
5792
5793
5795
5796
5798
5799
5804
5806
5807
5808
5809
5811
5812
5814
5815
5816
5817
5818
5819
5820
5821
5822
5823
5824
5825
5830
5831
5832
5833
5834
5835
5836
5837
5838
5839
5840
5841
5846
5847
5848
5849
5850
5851
5852
5853
5854
5855
5856
5857
5862
5863
5864
5865
5866
5867
5868
5869
5870
5871
5872
5873
5878
5879
5880
5881
5882
5883
5884
5885
5886
5887
5888
5889
5894
5895
5896
5897
5898
5899
5900
5901
5902
5903
5936
5937
5942
5943
5944
5945
5946
5947
5948
5949
5950
5951
5952
5953
5958
5959
5960
5961
5962
5963
5964
5965
5966
5967
5968
5969
5974
5975
5976
5977
5978
5979
5980
5981
5982
5983
5984
5985
5986
5988
5989
5990
5991
5992
5993
5994
5995
5996
5997
5998
5999
6000
6001
6006
6007
6008
6009
6010
6011
6012
6013
6014
6015
6016
6017
6022
6023
6024
6025
6026
6027
6028
6029
6030
6031
6039
6043
6047
6048
6049
6050
6051
6052
6053
6054
6055
6056
6057
6058
6060
6061
6064
6065
6068
6069
6070
6071
6072
6073
6074
6075
6076
6077
6078
6079
6080
6081
6082
6086
6087
6088
6089
6090
6091
6092
6093
6094
6095
6096
6097
6098
6099
6100
6101
6102
6103
6104
6105
6106
6107
6108
6109
6110
6111
6112
6113
6114
6115
6116
6117
6118
6119
6120
6121
6122
6123
6124
6125
6126
6127
6128
6129
6131
6132
6133
6134
6135
6136
6137
6138
6139
6140
6141
6142
6143
6144
6145
6146
6150
6151
6152
6153
6154
6155
6156
6157
6158
6159
6160
6161
6162
6164
6165
6183
6188
6190
6191
6192
6193
6195
6196
6198
6199
6200
6201
6202
6203
6204
6205
6206
6207
6208
6209
6210
6214
6215
6216
6217
6218
6219
6220
6221
6222
6223
6224
6225
6226
6227
6228
6229
6230
6231
6232
6233
6234
6235
6236
6237
6238
6239
6240
6241
6242
6243
6244
6245
6246
6247
6248
6249
6250
6251
6252
6253
6254
6255
6256
6257
6259
6260
6261
6262
6263
6264
6265
6266
6267
6268
6269
6270
6271
6272
6273
6274
6280
6281
6282
6284
6285
6286
6287
6288
6289
6290
6291
6292
6293
6294
6295
6296
6297
6299
6303
6304
6305
6306
6307
6308
6309
6310
6311
6312
6313
6314
6316
6317
6318
6319
6320
6321
6323
6324
6325
6327
6328
6329
6330
6331
6332
6333
6334
6335
6336
6337
6342
6343
6344
6345
6347
6348
6350
6355
6356
6358
6359
6360
6361
6380
6381
6388
6389
6391
6392
6393
6394
6395
6396
6397
6398
6399
6400
6401
6402
6406
6407
6408
6409
6410
6411
6412
6413
6414
6415
6416
6417
6418
6419
6420
6421
6422
6423
6424
6425
6427
6431
6432
6433
6434
6435
6436
6437
6438
6439
6440
6441
6442
6444
6445
6446
6447
6448
6449
6451
6452
6453
6455
6456
6457
6458
6459
6460
6461
6462
6463
6464
6465
6466
6472
6473
6474
6476
6477
6479
6480
6481
6482
6484
6485
6487
6491
6495
6496
6497
6498
6499
6500
6501
6502
6503
6504
6505
6506
6508
6510
6511
6512
6513
6515
6516
6520
6521
6523
6524
6526
6527
6528
6529
6534
6535
6536
6537
6538
6539
6540
6541
6542
6543
6547
6548
6550
6551
6552
6553
6559
6560
6561
6562
6564
6565
6567
6568
6569
6570
6572
6573
6576
6577
6580
6581
6582
6583
6584
6585
6586
6587
6588
6589
6590
6591
6592
6593
6594
6598
6599
6600
6601
6602
6603
6604
6605
6606
6607
6608
6609
6610
6612
6613
6614
6615
6616
6617
6618
6619
6620
6621
6622
6623
6624
6625
6626
6628
6629
6630
6631
6632
6633
6634
6635
6636
6637
6638
6639
6640
6641
6644
6645
6646
6647
6648
6649
6650
6651
6652
6653
6654
6655
6656
6657
6658
6662
6663
6664
6665
6666
6667
6668
6669
6670
6671
6672
6673
6674
6676
6677
6704
6705
6710
6711
6712
6713
6714
6715
6716
6717
6718
6719
6720
6721
6722
6726
6727
6728
6729
6730
6731
6732
6733
6734
6735
6736
6737
6738
6740
6741
6742
6743
6744
6745
6746
6747
6748
6749
6750
6751
6752
6753
6754
6756
6757
6758
6759
6760
6761
6762
6763
6764
6765
6766
6767
6768
6769
6772
6773
6774
6775
6776
6777
6778
6779
6780
6781
6782
6783
6784
6785
6786
6790
6791
6792
6793
6794
6795
6796
6797
6798
6799
6800
6801
6802
6804
6805
6807
6815
6816
6817
6818
6820
6821
6823
6824
6825
6826
6828
6829
6832
6833
6836
6837
6838
6839
6840
6841
6842
6843
6844
6845
6846
6847
6848
6849
6854
6855
6856
6857
6858
6859
6860
6861
6862
6863
6864
6865
6870
6871
6872
6873
6874
6875
6876
6877
6878
6879
6880
6881
6886
6887
6888
6889
6890
6891
6892
6893
6894
6895
6896
6897
6900
6901
6902
6903
6904
6905
6906
6907
6908
6909
6910
6911
6912
6913
6914
6918
6919
6920
6921
6922
6923
6924
6925
6926
6927
6928
6929
6930
6932
6933
6935
6943
6944
6945
6946
6948
6949
6951
6952
6953
6954
6956
6957
6960
6961
6964
6965
6966
6967
6968
6969
6970
6971
6972
6973
6974
6975
6976
6977
6978
6982
6983
6984
6985
6986
6987
6988
6989
6990
6991
6992
6993
6994
6996
6997
6998
6999
7000
7001
7002
7003
7004
7005
7006
7007
7008
7009
7014
7015
7016
7017
7018
7019
7020
7021
7022
7023
7024
7025
7030
7031
7032
7033
7034
7035
7036
7037
7038
7039
7040
7041
7046
7047
7048
7049
7050
7051
7052
7053
7054
7055
7088
7089
7094
7095
7096
7097
7098
7099
7100
7101
7102
7103
7104
7105
7110
7111
7112
7113
7114
7115
7116
7117
7118
7119
7120
7121
7126
7127
7128
7129
7130
7131
7132
7133
7134
7135
7136
7137
7142
7143
7144
7145
7146
7147
7148
7149
7150
7151
7152
7153
7158
7159
7160
7161
7162
7163
7164
7165
7166
7167
7168
7169
7174
7175
7176
7177
7178
7179
7180
7181
7182
7183
7216
7217
7222
7223
7224
7225
7226
7227
7228
7229
7230
7231
7232
7233
7238
7239
7240
7241
7242
7243
7244
7245
7246
7247
7248
7249
7254
7255
7256
7257
7258
7259
7260
7261
7262
7263
7264
7265
7270
7271
7272
7273
7274
7275
7276
7277
7278
7279
7280
7281
7286
7287
7288
7289
7290
7291
7292
7293
7294
7295
7340
7341
7348
7349
7351
7352
7353
7354
7356
7357
7359
7404
7405
7412
7413
7415
7416
7417
7418
7420
7421
7423
7424
7425
7426
7432
7433
7434
7436
7437
7439
7440
7441
7442
7444
7445
7447
7455
7456
7457
7458
7460
7461
7463
7464
7465
7466
7468
7469
7476
7477
7479
7480
7481
7482
7484
7485
7487
7488
7489
7490
7496
7497
7498
7500
7501
7503
7504
7505
7506
7508
7509
7511
7519
7520
7521
7522
7524
7525
7527
7528
7529
7530
7552
7553
7558
7559
7560
7561
7562
7563
7564
7565
7566
7567
7575
7583
7584
7585
7586
7588
7589
7591
7592
7593
7594
7596
7597
7600
7601
7604
7605
7606
7607
7608
7609
7610
7611
7612
7613
7614
7615
7616
7617
7618
7622
7623
7624
7625
7626
7627
7628
7629
7630
7631
7632
7633
7634
7636
7637
7638
7639
7640
7641
7642
7643
7644
7645
7646
7647
7648
7649
7650
7652
7653
7654
7655
7656
7657
7658
7659
7660
7661
7662
7663
7664
7665
7668
7669
7670
7671
7672
7673
7674
7675
7676
7677
7678
7679
7680
7681
7682
7686
7687
7688
7689
7690
7691
7692
7693
7694
7695
7696
7697
7698
7700
7701
7728
7729
7734
7735
7736
7737
7738
7739
7740
7741
7742
7743
7744
7745
7746
7750
7751
7752
7753
7754
7755
7756
7757
7758
7759
7760
7761
7762
7764
7765
7766
7767
7768
7769
7770
7771
7772
7773
7774
7775
7776
7777
7778
7780
7781
7782
7783
7784
7785
7786
7787
7788
7789
7790
7791
7792
7793
7796
7797
7798
7799
7800
7801
7802
7803
7804
7805
7806
7807
7808
7809
7810
7814
7815
7816
7817
7818
7819
7820
7821
7822
7823
7824
7825
7826
7828
7829
7831
7839
7840
7841
7842
7844
7845
7847
7848
7849
7850
7852
7853
7856
7857
7860
7861
7862
7863
7864
7865
7866
7867
7868
7869
7870
7871
7872
7873
7878
7879
7880
7881
7882
7883
7884
7885
7886
7887
7888
7889
7894
7895
7896
7897
7898
7899
7900
7901
7902
7903
7904
7905
7910
7911
7912
7913
7914
7915
7916
7917
7918
7919
7920
7921
7924
7925
7926
7927
7928
7929
7930
7931
7932
7933
7934
7935
7936
7937
7938
7942
7943
7944
7945
7946
7947
7948
7949
7950
7951
7952
7953
7954
7956
7957
7959
7967
7968
7969
7970
7972
7973
7975
7976
7977
7978
7980
7981
7984
7985
7988
7989
7990
7991
7992
7993
7994
7995
7996
7997
7998
7999
8000
8001
8002
8006
8007
8008
8009
8010
8011
8012
8013
8014
8015
8016
8017
8018
8020
8021
8022
8023
8024
8025
8026
8027
8028
8029
8030
8031
8032
8033
8034
8036
8037
8038
8039
8040
8041
8042
8043
8044
8045
8046
8047
8048
8049
8054
8055
8056
8057
8058
8059
8060
8061
8062
8063
8064
8065
8070
8071
8072
8073
8074
8075
8076
8077
8078
8079
8087
8095
8096
8097
8098
8100
8101
8103
8104
8105
8106
8108
8109
8112
8113
8116
8117
8118
8119
8120
8121
8122
8123
8124
8125
8126
8127
8128
8129
8130
8134
8135
8136
8137
8138
8139
8140
8141
8142
8143
8144
8145
8146
8148
8149
8150
8151
8152
8153
8154
8155
8156
8157
8158
8159
8160
8161
8162
8164
8165
8166
8167
8168
8169
8170
8171
8172
8173
8174
8175
8176
8177
8180
8181
8182
8183
8184
8185
8186
8187
8188
8189
8190
8191
8192
8193
8194
8200
8201
8202
8204
8205
8207
8208
8209
8210
8212
8213
8256
8257
8258
8264
8265
8266
8268
8269
8271
8272
8273
8274
8276
8277
8279
8287
8288
8289
8290
8292
8293
8295
8296
8297
8298
8300
8301
8308
8309
8311
8312
8313
8314
8316
8317
8319
8320
8321
8322
8328
8329
8330
8332
8333
8335
8336
8337
8338
8340
8341
8343
8351
8352
8353
8354
8356
8357
8359
8360
8361
8362
8704
8705
8706
8712
8713
8714
8716
8717
8719
8720
8721
8722
8724
8725
8768
8769
8770
8776
8777
8778
8780
8781
8783
8784
8785
8786
8788
8789
8791
8799
8800
8801
8802
8804
8805
8807
8808
8809
8810
8812
8813
8820
8821
8823
8824
8825
8826
8828
8829
8831
8832
8833
8834
8840
8841
8842
8844
8845
8847
8848
8849
8850
8852
8853
8855
8863
8864
8865
8866
8868
8869
8871
8872
8873
8874
8876
8877
8884
8885
8887
8888
8889
8890
8892
8893
8895
8940
8941
8948
8949
8951
8952
8953
8954
8956
8957
8959
8960
8961
8962
8968
8969
8970
8972
8973
8975
8976
8977
8978
8980
8981
8983
8991
8992
8993
8994
8996
8997
8999
9000
9001
9002
9004
9005
9012
9013
9015
9016
9017
9018
9020
9021
9023
9024
9025
9026
9032
9033
9034
9036
9037
9039
9040
9041
9042
9044
9045
9047
9055
9056
9057
9058
9060
9061
9063
9064
9065
9066
9111
9119
9120
9121
9122
9124
9125
9127
9128
9129
9130
9132
9133
9140
9141
9143
9144
9145
9146
9148
9149
9151
9152
9153
9154
9160
9161
9162
9164
9165
9167
9168
9169
9170
9172
9173
9175
9183
9184
9185
9186
9188
9189
9191
9192
9193
9194
9196
9197
9204
9205
9207
9208
9209
9210
9212
9213
9215
9216
9217
9218
9224
9225
9226
9228
9229
9231
9232
9233
9234
9236
9237
9280
9281
9282
9288
9289
9290
9292
9293
9295
9296
9297
9298
9300
9301
9303
9311
9312
9313
9314
9316
9317
9319
9320
9321
9322
9324
9325
9332
9333
9335
9336
9337
9338
9340
9341
9343
9344
9345
9346
9352
9353
9354
9356
9357
9359
9360
9361
9362
9364
9365
9367
9375
9376
9377
9378
9380
9381
9383
9384
9385
9386
9388
9389
9396
9397
9399
9400
9401
9402
9404
9405
9407
9452
9453
9460
9461
9463
9464
9465
9466
9468
9469
9471
9472
9473
9474
9480
9481
9482
9484
9485
9487
9488
9489
9490
9492
9493
9495
9503
9504
9505
9506
9508
9509
9511
9512
9513
9514
9516
9517
9524
9525
9527
9528
9529
9530
9532
9533
9535
9536
9537
9538
9544
9545
9546
9548
9549
9551
9552
9553
9554
9556
9557
9559
9567
9568
9569
9570
9572
9573
9575
9576
9577
9578
9623
9631
9632
9633
9634
9636
9637
9639
9640
9641
9642
9644
9645
9652
9653
9655
9656
9657
9658
9660
9661
9663
9664
9665
9666
9672
9673
9674
9676
9677
9679
9680
9681
9682
9684
9685
9687
9695
9696
9697
9698
9700
9701
9703
9704
9705
9706
9708
9709
9716
9717
9719
9720
9721
9722
9724
9725
9727
10071
10079
10080
10081
10082
10084
10085
10087
10088
10089
10090
10135
10143
10144
10145
10146
10148
10149
10151
10152
10153
10154
10156
10157
10164
10165
10167
10168
10169
10170
10172
10173
10175
10176
10177
10178
10184
10185
10186
10188
10189
10191
10192
10193
10194
10196
10197
10199
10207
10208
10209
10210
10212
10213
10215
10216
10217
10218
10220
10221
10228
10229
10231
10232
10233
10234
10236
10237
10239
10240
10241
10242
10248
10249
10250
10252
10253
10255
10256
10257
10258
10260
10261
10304
10305
10306
10312
10313
10314
10316
10317
10319
10320
10321
10322
10324
10325
10327
10335
10336
10337
10338
10340
10341
10343
10344
10345
10346
10348
10349
10356
10357
10359
10360
10361
10362
10364
10365
10367
10368
10369
10370
10376
10377
10378
10380
10381
10383
10384
10385
10386
10388
10389
10391
10399
10400
10401
10402
10404
10405
10407
10408
10409
10410
10412
10413
10420
10421
10423
10424
10425
10426
10428
10429
10431
10476
10477
10484
10485
10487
10488
10489
10490
10492
10493
10495
10496
10497
10498
10504
10505
10506
10508
10509
10511
10512
10513
10514
10516
10517
10519
10527
10528
10529
10530
10532
10533
10535
10536
10537
10538
10540
10541
10548
10549
10551
10552
10553
10554
10556
10557
10559
10560
10561
10562
10568
10569
10570
10572
10573
10575
10576
10577
10578
10580
10581
10583
10591
10592
10593
10594
10596
10597
10599
10600
10601
10602
10647
10655
10656
10657
10658
10660
10661
10663
10664
10665
10666
10668
10669
10676
10677
10679
10680
10681
10682
10684
10685
10687
10688
10689
10690
10696
10697
10698
10700
10701
10703
10704
10705
10706
10708
10709
10711
10719
10720
10721
10722
10724
10725
10727
10728
10729
10730
10732
10733
10740
10741
10743
10744
10745
10746
10748
10749
10751
10752
10753
10754
10760
10761
10762
10764
10765
10767
10768
10769
10770
10772
10773
10816
10817
10818
10824
10825
10826
10828
10829
10831
10832
10833
10834
10836
10837
10839
10847
10848
10849
10850
10852
10853
10855
10856
10857
10858
10860
10861
10868
10869
10871
10872
10873
10874
10876
10877
10879
10880
10881
10882
10888
10889
10890
10892
10893
10895
10896
10897
10898
10900
10901
10903
10911
10912
10913
10914
10916
10917
10919
10920
10921
10922
14044
14048
14049
14050
14051
14052
14075
14076
14077
14080
14081
14084
14085
14088
14089
14090
14093
14096
14097
14098
14099
14104
14105
14106
14107
14108
14112
14113
14114
14115
14116
14267
14268
14269
16384
16385
16388
16389
16390
16392
16393
16394
16416
16417
16420
16421
16422
16424
16425
16426
16432
16433
16434
16436
16437
16438
16442
16444
16445
16446
16448
16449
16452
16453
16454
16456
16457
16458
16464
16465
16466
16468
16469
16640
16641
16644
16645
16646
16648
16649
16650
19662
19667
19668
19670
19671
19672
19673
19700
19704
19705
19707
19708
19710
19711
19712
19713
19718
19719
19720
19721
19723
19724
19726
19731
19732
19734
19735
19736
19737
19739
19743
19744
19745
19747
19748
19750
19751
19756
19758
19759
19760
19761
19763
19968
19969
19974
19975
19976
19977
19979
19980
24576
24577
24582
24583
24584
24585
24586
24587
24588
24589
24590
24591
24624
24625
24630
24631
24632
24633
24634
24635
24636
24637
24638
24639
24640
24641
24646
24647
24648
24649
24650
24651
24652
24653
24654
24655
24656
24657
24662
24663
24664
24665
24666
24667
24668
24669
24670
24671
24672
24673
24678
24679
24680
24681
24682
24683
24684
24685
24686
24687
24688
24689
24694
24695
24696
24697
24698
24699
24700
24701
24702
24703
24960
24961
24966
24967
24968
24969
24970
24971
24972
24973
24974
24975
32768
32769
32770
32776
32777
32778
32780
32781
32783
32784
32785
32786
32788
32789
32832
32833
32834
32840
32841
32842
32844
32845
32847
32848
32849
32850
32852
32853
32855
32863
32864
32865
32866
32868
32869
32871
32872
32873
32874
32876
32877
32884
32885
32887
32888
32889
32890
32892
32893
32895
32896
32897
32898
32904
32905
32906
32908
32909
32911
32912
32913
32914
32916
32917
32919
32927
32928
32929
32930
32932
32933
32935
32936
32937
32938
33280
33281
33282
33288
33289
33290
33292
33293
33295
33296
33297
33298
33300
33301
