2
3
4
5
6
8
9
10
11
12
13
14
16
17
18
19
20
21
22
24
25
26
27
28
29
30
32
33
34
35
36
37
38
40
41
42
43
44
45
46
48
49
50
51
52
53
54
57
58
59
60
61
62
64
65
66
67
68
69
70
72
73
74
75
76
77
78
80
81
82
83
84
86
88
89
90
91
92
93
94
96
97
98
99
100
101
102
104
105
106
107
108
109
110
112
113
114
115
116
117
118
121
122
123
124
125
126
128
129
130
131
132
133
136
137
138
139
140
141
142
144
145
146
147
148
150
152
153
154
155
156
157
158
160
161
162
163
164
165
168
169
170
171
172
173
174
176
177
178
179
180
181
182
185
186
187
188
190
192
193
194
195
196
197
198
200
201
202
203
204
205
208
209
210
211
212
214
216
217
218
219
220
222
224
225
226
227
228
229
230
232
233
234
235
236
238
240
241
242
243
244
245
246
249
250
251
253
254
256
257
258
259
260
261
262
264
265
266
267
268
269
270
272
273
275
276
280
281
283
285
286
288
289
290
291
292
293
294
296
297
298
299
300
301
302
304
305
306
307
308
309
310
313
314
316
317
318
320
321
322
323
324
325
326
328
329
330
331
332
333
336
337
339
340
342
344
345
346
347
348
350
352
353
354
355
356
357
358
360
361
362
363
364
365
366
368
369
370
371
372
373
374
377
378
379
380
384
385
387
388
389
390
392
393
395
401
406
408
409
411
412
413
414
416
417
418
419
420
421
422
424
425
426
427
429
430
432
433
435
436
438
444
446
449
450
451
452
453
456
457
458
459
460
461
462
464
465
466
467
468
469
472
473
474
475
476
477
478
480
481
482
483
484
485
486
488
489
490
491
492
493
494
496
497
499
500
501
502
505
506
507
508
509
510
512
513
514
515
516
517
518
520
521
522
523
524
525
526
528
529
530
531
532
533
534
536
537
538
539
540
541
542
544
545
546
547
548
549
550
552
553
554
555
556
557
558
560
561
562
563
564
565
569
570
571
572
576
577
578
579
580
581
582
584
585
586
587
588
589
592
593
594
595
598
600
601
602
603
606
608
609
612
613
616
617
619
620
621
622
624
626
627
633
634
635
638
640
641
642
643
644
645
648
649
650
651
654
656
657
658
659
664
665
666
667
675
677
678
681
682
683
684
685
688
689
691
702
704
705
706
707
708
709
712
713
714
715
716
717
720
721
722
723
724
726
728
729
730
731
736
738
739
740
741
744
745
747
748
752
753
754
755
758
761
762
763
766
768
769
770
771
772
773
776
777
780
781
784
787
792
793
794
795
798
800
801
802
803
804
805
808
809
810
811
812
813
816
817
818
820
821
825
826
828
832
833
835
836
837
838
840
841
844
845
846
848
851
856
857
859
864
865
866
867
868
869
872
873
874
875
876
877
881
884
885
886
891
892
896
897
898
899
900
901
902
904
905
906
907
908
909
912
913
920
923
924
928
929
930
931
936
937
941
944
945
948
949
950
954
955
956
957
958
961
962
963
964
968
969
970
973
976
977
980
981
984
985
987
988
990
992
993
996
1001
1003
1004
1005
1010
1011
1012
1013
1017
1018
1019
1020
1024
1025
1026
1027
1032
1033
1034
1035
1038
1040
1041
1042
1043
1048
1049
1050
1051
1052
1054
1056
1057
1059
1064
1065
1067
1074
1075
1081
1082
1083
1086
1088
1089
1090
1091
1093
1096
1097
1098
1099
1104
1105
1106
1107
1110
1112
1113
1114
1115
1118
1120
1122
1123
1125
1128
1129
1131
1133
1136
1137
1152
1153
1154
1155
1160
1161
1162
1163
1166
1168
1169
1170
1171
1176
1177
1178
1179
1182
1187
1188
1189
1193
1196
1197
1203
1211
1213
1214
1216
1217
1218
1219
1222
1224
1225
1226
1227
1229
1230
1232
1233
1234
1235
1236
1237
1238
1240
1241
1242
1243
1244
1248
1249
1254
1257
1259
1261
1264
1265
1268
1270
1273
1275
1278
1280
1281
1285
1288
1289
1293
1300
1301
1305
1308
1314
1320
1325
1332
1333
1337
1339
1340
1344
1345
1347
1352
1353
1354
1355
1360
1361
1366
1368
1369
1371
1374
1378
1384
1385
1387
1389
1390
1392
1393
1395
1396
1397
1404
1406
1408
1409
1411
1414
1416
1417
1421
1424
1425
1427
1430
1432
1433
1435
1438
1440
1441
1445
1460
1465
1475
1477
1478
1480
1481
1482
1483
1485
1488
1489
1496
1498
1505
1508
1513
1518
1520
1521
1536
1537
1538
1539
1542
1544
1545
1546
1547
1552
1553
1554
1555
1558
1560
1561
1562
1563
1566
1574
1576
1577
1579
1581
1582
1584
1585
1587
1596
1600
1601
1602
1603
1606
1608
1609
1610
1611
1616
1617
1618
1619
1620
1624
1625
1626
1627
1637
1640
1641
1642
1659
1664
1665
1666
1667
1672
1673
1674
1675
1680
1681
1682
1683
1688
1689
1690
1691
1705
1706
1707
1710
1712
1713
1715
1726
1728
1729
1730
1731
1733
1734
1736
1737
1738
1739
1741
1744
1745
1746
1747
1750
1752
1753
1754
1755
1756
1758
1760
1761
1763
1771
1773
1774
1776
1777
1779
1780
1782
1790
1792
1793
1797
1800
1803
1806
1808
1809
1810
1811
1816
1817
1821
1824
1825
1826
1828
1829
1832
1849
1851
1853
1856
1857
1860
1861
1864
1867
1872
1878
1880
1881
1883
1885
1886
1888
1889
1899
1902
1904
1905
1907
1913
1917
1920
1921
1923
1926
1928
1929
1936
1939
1942
1944
1945
1947
1950
1962
1963
1968
1969
1970
1971
1974
1992
1993
1995
1998
2000
2001
2018
2019
2022
2025
2026
2027
2032
2048
2049
2052
2053
2056
2057
2060
2061
2077
2080
2081
2084
2085
2088
2089
2092
2093
2105
2109
2112
2113
2116
2117
2120
2121
2124
2125
2137
2141
2144
2145
2148
2149
2152
2153
2156
2157
2160
2163
2166
2169
2170
2176
2177
2184
2187
2190
2193
2200
2203
2210
2211
2214
2217
2233
2234
2238
2240
2241
2248
2259
2264
2267
2276
2277
2280
2284
2304
2305
2308
2309
2312
2313
2316
2317
2333
2336
2337
2340
2341
2344
2345
2348
2349
2361
2365
2368
2369
2372
2373
2376
2377
2379
2380
2381
2382
2400
2401
2403
2404
2405
2406
2408
2409
2410
2411
2412
2413
2417
2418
2430
2432
2433
2435
2440
2441
2448
2449
2451
2454
2456
2457
2459
2470
2473
2474
2475
2481
2482
2489
2504
2505
2508
2512
2521
2524
2528
2529
2532
2533
2536
2540
2541
2548
2560
2561
2564
2565
2568
2569
2572
2573
2579
2580
2582
2584
2585
2587
2588
2589
2592
2593
2596
2597
2598
2600
2601
2603
2604
2605
2606
2617
2622
2624
2625
2627
2628
2629
2632
2633
2636
2637
2641
2642
2643
2648
2650
2651
2656
2657
2658
2659
2660
2661
2664
2665
2666
2668
2669
2681
2682
2683
2684
2688
2689
2691
2701
2712
2715
2720
2721
2722
2723
2725
2731
2734
2736
2737
2739
2740
2745
2746
2750
2752
2753
2755
2758
2760
2761
2769
2771
2774
2776
2777
2779
2782
2786
2790
2793
2794
2795
2798
2800
2801
2803
2809
2811
2816
2817
2820
2821
2824
2825
2827
2828
2829
2832
2834
2835
2836
2841
2844
2848
2849
2850
2852
2853
2856
2857
2860
2861
2876
2880
2881
2883
2884
2885
2888
2889
2892
2893
2900
2902
2904
2905
2907
2910
2912
2913
2916
2917
2920
2921
2923
2924
2925
2926
2928
2929
2931
2942
2944
2945
2947
2950
2952
2953
2955
2966
2968
2969
2970
2971
2974
2978
2979
2985
2987
2992
2993
2996
2998
3001
3011
3013
3016
3019
3021
3027
3032
3033
3036
3038
3040
3041
3043
3053
3060
3072
3073
3075
3078
3080
3081
3086
3091
3094
3096
3097
3099
3102
3113
3114
3115
3118
3120
3121
3123
3126
3131
3136
3137
3139
3142
3144
3145
3154
3155
3160
3162
3177
3178
3243
3246
3248
3249
3251
3264
3265
3267
3270
3272
3273
3277
3284
3285
3286
3288
3289
3291
3292
3294
3296
3297
3307
3310
3312
3313
3315
3328
3329
3336
3337
3341
3348
3349
3352
3353
3358
3363
3369
3371
3380
3381
3388
3392
3393
3398
3400
3401
3406
3411
3416
3417
3432
3433
3437
3444
3445
3446
3451
3452
3454
3456
3457
3462
3464
3480
3481
3483
3491
3497
3499
3504
3505
3507
3510
3531
3534
3537
3641
3642
3643
3645
3646
3648
3649
3650
3651
3652
3653
3656
3657
3658
3664
3665
3667
3672
3673
3675
3677
3680
3681
3686
3688
3689
3693
3696
3698
3699
3700
3701
3702
3705
3706
3707
3708
3709
3712
3713
3714
3715
3720
3721
3722
3723
3726
3729
3731
3736
3737
3740
3742
3744
3745
3747
3750
3752
3753
3755
3757
3762
3763
3769
3770
3771
3776
3777
3778
3779
3781
3782
3784
3789
3790
3796
3797
3801
3804
3808
3809
3817
3819
3821
3824
3825
3826
3827
3828
3830
3833
3834
3835
3840
3841
3845
3848
3849
3853
3856
3859
3860
3861
3864
3865
3867
3869
3870
3872
3873
3875
3876
3877
3880
3881
3883
3888
3889
3890
3891
3897
3898
3901
3904
3905
3908
3909
3912
3915
3918
3920
3923
3928
3929
3933
3936
3937
3938
3939
3942
3945
3946
3947
3953
3954
3961
3965
3966
3968
3969
3976
3979
3994
4096
4097
4098
4099
4100
4101
4102
4104
4105
4106
4107
4108
4109
4110
4112
4113
4114
4115
4116
4117
4118
4120
4121
4122
4123
4125
4126
4128
4129
4130
4131
4132
4133
4134
4136
4137
4138
4139
4140
4141
4142
4144
4145
4147
4148
4149
4150
4153
4154
4155
4156
4157
4158
4160
4161
4162
4163
4164
4165
4166
4168
4169
4170
4171
4172
4173
4176
4177
4178
4179
4184
4185
4186
4187
4189
4190
4192
4193
4194
4195
4196
4197
4200
4201
4203
4204
4205
4208
4209
4210
4211
4212
4213
4217
4218
4219
4220
4224
4225
4226
4227
4232
4233
4234
4235
4238
4240
4241
4242
4243
4248
4249
4250
4251
4252
4254
4256
4257
4264
4265
4267
4269
4270
4272
4273
4274
4275
4281
4282
4283
4288
4289
4290
4291
4294
4296
4297
4298
4299
4304
4305
4306
4307
4310
4312
4313
4314
4315
4318
4324
4325
4328
4331
4332
4334
4336
4337
4338
4339
4345
4346
4352
4353
4356
4357
4360
4361
4364
4365
4368
4371
4376
4379
4381
4384
4385
4388
4389
4392
4393
4396
4397
4401
4402
4409
4410
4413
4416
4417
4420
4421
4424
4425
4428
4429
4432
4435
4438
4440
4441
4443
4446
4448
4449
4452
4453
4456
4457
4459
4460
4461
4462
4464
4465
4467
4480
4481
4483
4486
4488
4489
4502
4504
4505
4507
4508
4510
4512
4513
4520
4521
4525
4552
4553
4554
4557
4560
4561
4564
4565
4568
4572
4576
4577
4578
4579
4586
4587
4608
4609
4610
4611
4612
4613
4614
4616
4617
4618
4619
4620
4621
4624
4625
4626
4627
4628
4629
4630
4632
4633
4634
4635
4638
4640
4641
4642
4643
4644
4645
4648
4649
4650
4651
4652
4653
4654
4656
4657
4659
4660
4661
4665
4666
4667
4668
4672
4673
4674
4675
4676
4677
4678
4680
4681
4682
4683
4684
4685
4688
4689
4690
4691
4696
4697
4698
4699
4704
4705
4708
4709
4712
4713
4716
4717
4722
4723
4729
4730
4731
4736
4737
4738
4739
4744
4745
4746
4747
4752
4753
4754
4755
4760
4761
4762
4763
4800
4801
4802
4803
4808
4809
4810
4811
4816
4817
4818
4819
4824
4825
4826
4827
4864
4865
4868
4869
4872
4873
4876
4877
4896
4897
4900
4901
4904
4905
4908
4909
4928
4929
4932
4933
4936
4937
4940
4941
4960
4961
4964
4965
4968
4969
4972
4973
5008
5009
5016
5064
5065
5066
5072
5073
5080
5120
5121
5122
5123
5128
5129
5130
5131
5136
5137
5138
5139
5144
5145
5146
5147
5174
5177
5178
5179
5182
5184
5185
5186
5187
5192
5193
5194
5195
5200
5201
5202
5203
5208
5209
5210
5211
5232
5235
5238
5248
5249
5250
5251
5256
5257
5258
5259
5262
5264
5265
5266
5267
5272
5273
5274
5275
5312
5313
5314
5315
5320
5321
5322
5323
5328
5329
5330
5331
5336
5337
5338
5339
5465
5469
5472
5473
5497
5501
5529
5548
5632
5633
5634
5635
5640
5641
5642
5643
5648
5649
5650
5651
5656
5657
5658
5659
5696
5697
5698
5699
5704
5705
5706
5707
5712
5713
5714
5715
5720
5721
5722
5723
5760
5761
5762
5763
5768
5769
5770
5771
5776
5777
5778
5779
5784
5785
5786
5787
5794
5795
5817
5818
5824
5825
5826
5827
5832
5833
5834
5835
5840
5841
5842
5843
5848
5849
5850
5851
5873
5874
5881
5882
5958
5960
5966
5971
5976
5977
6006
6011
6016
6017
6022
6024
6051
6057
6059
6064
6065
6070
6099
6104
6105
6110
6115
6144
6145
6148
6149
6152
6153
6156
6157
6176
6177
6180
6181
6184
6185
6188
6189
6208
6209
6212
6213
6216
6217
6220
6221
6240
6241
6244
6245
6248
6249
6252
6253
6331
6336
6337
6342
6344
6350
6377
6379
6384
6385
6390
6395
6400
6401
6404
6405
6408
6409
6412
6413
6424
6425
6430
6432
6433
6435
6436
6437
6440
6441
6443
6444
6445
6464
6465
6468
6469
6470
6472
6473
6476
6477
6478
6483
6488
6489
6496
6497
6500
6501
6504
6505
6508
6509
6556
6560
6561
6568
6569
6573
6605
6612
6613
6620
6624
6625
6656
6657
6660
6661
6664
6665
6668
6669
6676
6677
6688
6689
6692
6693
6696
6697
6700
6701
6704
6705
6708
6709
6710
6715
6716
6720
6721
6724
6725
6728
6729
6732
6733
6750
6752
6753
6755
6756
6757
6760
6761
6763
6764
6765
6768
6769
6798
6803
6808
6809
6814
6843
6848
6849
6854
6856
6862
6912
6913
6916
6917
6920
6921
6924
6925
6944
6945
6948
6949
6952
6953
6956
6957
6964
6965
6972
6976
6977
6980
6981
6984
6985
6988
6989
7008
7009
7012
7013
7016
7017
7020
7021
7028
7029
7036
7068
7072
7073
7075
7080
7081
7083
7085
7088
7089
7094
7117
7123
7124
7125
7128
7129
7132
7134
7136
7137
7139
7168
7169
7174
7176
7182
7187
7216
7217
7222
7227
7232
7233
7282
7283
7289
7290
7291
7296
7297
7298
7299
7304
7305
7306
7339
7346
7347
7353
7354
7355
7360
7361
7362
7363
7373
7380
7381
7388
7392
7393
7403
7410
7411
7417
7418
7419
7424
7425
7432
7433
7437
7444
7445
7467
7474
7475
7476
7477
7484
7488
7489
7496
7497
7528
7529
7533
7540
7541
7548
7737
7738
7739
7744
7745
7746
7747
7752
7753
7754
7760
7761
7784
7785
7789
7794
7795
7796
7797
7801
7802
7803
7804
7808
7809
7810
7811
7816
7817
7818
7836
7840
7841
7848
7849
7851
7853
7858
7859
7865
7866
7867
7872
7873
7874
7875
7885
7892
7893
7900
7904
7905
7915
7922
7923
7929
7930
7931
7936
7937
7944
7945
7949
7956
7957
8192
8193
8194
8195
8200
8201
8202
8203
8208
8209
8210
8211
8216
8217
8218
8219
8249
8250
8251
8256
8257
8258
8259
8264
8265
8266
8267
8272
8273
8274
8275
8280
8281
8282
8283
8306
8307
8313
8314
8315
8320
8321
8322
8323
8328
8329
8330
8331
8336
8337
8338
8339
8344
8345
8346
8347
8363
8370
8371
8377
8378
8379
8384
8385
8386
8387
8392
8393
8394
8395
8400
8401
8402
8403
8408
8409
8410
8411
8648
8649
8650
8656
8657
8664
8704
8705
8706
8707
8712
8713
8714
8715
8720
8721
8722
8723
8728
8729
8730
8731
8761
8762
8763
8768
8769
8770
8771
8776
8777
8778
8779
8784
8785
8786
8787
8792
8793
8794
8795
8818
8819
8825
8826
8827
8832
8833
8834
8835
8840
8841
8842
8843
8848
8849
8850
8851
8856
8857
8858
8859
8896
8897
8898
8899
8904
8905
8906
8907
8912
8913
8914
8915
8920
8921
8922
8923
8937
8939
8944
8945
8950
8955
8984
8985
8990
8995
9001
9003
9030
9032
9038
9043
9048
9049
9078
9083
9088
9089
9216
9217
9218
9219
9224
9225
9226
9227
9232
9233
9234
9235
9240
9241
9242
9243
9280
9281
9282
9283
9288
9289
9290
9291
9296
9297
9298
9299
9304
9305
9306
9307
9344
9345
9346
9347
9352
9353
9354
9355
9360
9361
9362
9363
9368
9369
9370
9371
9408
9409
9410
9411
9416
9417
9418
9419
9424
9425
9426
9427
9432
9433
9434
9435
9728
9729
9730
9731
9736
9737
9738
9739
9744
9745
9746
9747
9752
9753
9754
9755
9792
9793
9794
9795
9800
9801
9802
9803
9808
9809
9810
9811
9816
9817
9818
9819
9832
9833
9837
9844
9845
9852
9856
9857
9858
9859
9864
9865
9866
9867
9872
9873
9874
9875
9880
9881
9882
9883
9884
9888
9889
9896
9897
9901
9920
9921
9922
9923
9928
9929
9930
9931
9933
9936
9937
9938
9939
9940
9941
9944
9945
9946
9947
9948
9952
9953
9984
9985
9992
9993
9997
10923
10926
10928
10929
10930
10931
10937
10938
10939
10944
10945
10946
10947
10950
10952
10953
10966
10968
10969
10971
10974
10987
10990
10992
10993
10994
10995
11001
11002
11003
11051
11058
11059
11094
11096
11097
11099
11102
11115
11118
11120
11121
11123
11136
11137
11139
11142
11144
11145
11158
11160
11161
11163
11166
11264
11265
11267
11270
11272
11273
11286
11288
11289
11291
11294
11307
11310
11312
11313
11315
11328
11329
11331
11334
11336
11337
11435
11438
11440
11441
11443
11456
11457
11459
11462
11464
11465
11478
11480
11481
11483
11486
11499
11502
11504
11505
11507
12288
12289
12290
12291
12294
12296
12297
12298
12299
12304
12305
12306
12307
12310
12312
12313
12314
12315
12318
12331
12334
12336
12337
12339
12352
12353
12354
12355
12358
12360
12361
12362
12363
12368
12369
12370
12371
12376
12377
12378
12379
12416
12417
12418
12419
12424
12425
12426
12427
12432
12433
12434
12435
12440
12441
12442
12443
12459
12462
12464
12465
12467
12480
12481
12482
12483
12486
12488
12489
12490
12491
12496
12497
12498
12499
12502
12504
12505
12506
12507
12510
12523
12526
12528
12529
12531
12630
12632
12633
12635
12638
12651
12654
12656
12657
12659
12672
12673
12675
12678
12680
12681
12694
12696
12697
12699
12702
12800
12801
12802
12803
12806
12808
12809
12810
12811
12816
12817
12818
12819
12822
12824
12825
12826
12827
12830
12843
12846
12848
12849
12851
12864
12865
12866
12867
12870
12872
12873
12874
12875
12880
12881
12882
12883
12888
12889
12890
12891
12928
12929
12930
12931
12936
12937
12938
12939
12944
12945
12946
12947
12952
12953
12954
12955
12992
12993
12994
12995
13000
13001
13002
13003
13008
13009
13010
13011
13016
13017
13018
13019
13312
13313
13314
13315
13320
13321
13322
13323
13328
13329
13330
13331
13336
13337
13338
13339
13376
13377
13378
13379
13384
13385
13386
13387
13392
13393
13394
13395
13400
13401
13402
13403
13440
13441
13442
13443
13448
13449
13450
13451
13456
13457
13458
13459
13464
13465
13466
13467
13504
13505
13506
13507
13512
13513
13514
13515
13520
13521
13522
13523
13528
13529
13530
13531
13654
13656
13657
13659
13662
13675
13678
13680
13681
13683
13696
13697
13699
13702
13704
13705
13718
13720
13721
13723
13726
13824
13825
13826
13827
13830
13832
13833
13834
13835
13840
13841
13842
13843
13846
13848
13849
13850
13851
13854
13867
13870
13872
13873
13875
13888
13889
13890
13891
13894
13896
13897
13898
13899
13904
13905
13906
13907
13912
13913
13914
13915
13952
13953
13954
13955
13960
13961
13962
13963
13968
13969
13970
13971
13976
13977
13978
13979
13995
13998
14000
14001
14003
14016
14017
14018
14019
14022
14024
14025
14026
14027
14032
14033
14034
14035
14038
14040
14041
14042
14043
14046
14059
14062
14064
14065
14067
14166
14168
14169
14171
14174
14187
14190
14192
14193
14195
14208
14209
14211
14214
14216
14217
14230
14232
14233
14235
14238
15019
15022
15024
15025
15027
15040
15041
15043
15046
15048
15049
15062
15064
15065
15067
15070
15083
15086
15088
15089
15091
15190
15192
15193
15195
15198
15211
15214
15216
15217
15219
15232
15233
15235
15238
15240
15241
15254
15256
15257
15259
15262
15360
15361
15363
15366
15368
15369
15382
15384
15385
15387
15390
15403
15406
15408
15409
15411
15424
15425
15427
15430
15432
15433
15531
15534
15536
15537
15539
15552
15553
15555
15558
15560
15561
15574
15576
15577
15579
15582
15595
15598
15600
15601
15603
16384
16385
16388
16389
16392
16393
16396
16397
16416
16417
16420
16421
16424
16425
16428
16429
16448
16449
16452
16453
16456
16457
16460
16461
16480
16481
16484
16485
16488
16489
16492
16493
16640
16641
16644
16645
16648
16649
16652
16653
16672
16673
16676
16677
16680
16681
16684
16685
16704
16705
16708
16709
16712
16713
16716
16717
16736
16737
16740
16741
16744
16745
16748
16749
16896
16897
16900
16901
16904
16905
16908
16909
16928
16929
16932
16933
16936
16937
16940
16941
16960
16961
16964
16965
16968
16969
16972
16973
16992
16993
16996
16997
17000
17001
17004
17005
17152
17153
17156
17157
17160
17161
17164
17165
17184
17185
17188
17189
17192
17193
17196
17197
17216
17217
17220
17221
17224
17225
17228
17229
17248
17249
17252
17253
17256
17257
17260
17261
18432
18433
18436
18437
18440
18441
18444
18445
18464
18465
18468
18469
18472
18473
18476
18477
18496
18497
18500
18501
18504
18505
18508
18509
18528
18529
18532
18533
18536
18537
18540
18541
18688
18689
18692
18693
18696
18697
18700
18701
18720
18721
18724
18725
18728
18729
18732
18733
18752
18753
18756
18757
18760
18761
18764
18765
18784
18785
18788
18789
18792
18793
18796
18797
18944
18945
18948
18949
18952
18953
18956
18957
18976
18977
18980
18981
18984
18985
18988
18989
19008
19009
19012
19013
19016
19017
19020
19021
19040
19041
19044
19045
19048
19049
19052
19053
19200
19201
19204
19205
19208
19209
19212
19213
19232
19233
19236
19237
19240
19241
19244
19245
19264
19265
19268
19269
19272
19273
19276
19277
19296
19297
19300
19301
19304
19305
19308
19309
20480
20481
20484
20485
20488
20489
20492
20493
20512
20513
20516
20517
20520
20521
20524
20525
20544
20545
20548
20549
20552
20553
20556
20557
20576
20577
20580
20581
20584
20585
20588
20589
20736
20737
20740
20741
20744
20745
20748
20749
20768
20769
20772
20773
20776
20777
20780
20781
20800
20801
20804
20805
20808
20809
20812
20813
20832
20833
20836
20837
20840
20841
20844
20845
20992
20993
20996
20997
21000
21001
21004
21005
21024
21025
21028
21029
21032
21033
21036
21037
21056
21057
21060
21061
21064
21065
21068
21069
21088
21089
21092
21093
21096
21097
21100
21101
21248
21249
21252
21253
21256
21257
21260
21261
21280
21281
21284
21285
21288
21289
21292
21293
21312
21313
21316
21317
21320
21321
21324
21325
21344
21345
21348
21349
21352
21353
21356
21357
21846
21848
21849
21851
21854
21867
21870
21872
21873
21875
21888
21889
21891
21894
21896
21897
21910
21912
21913
21915
21918
22016
22017
22019
22022
22024
22025
22038
22040
22041
22043
22046
22059
22062
22064
22065
22067
22080
22081
22083
22086
22088
22089
22187
22190
22192
22193
22195
22208
22209
22211
22214
22216
22217
22230
22232
22233
22235
22238
22251
22254
22256
22257
22259
22358
22360
22361
22363
22366
22379
22382
22384
22385
22387
22400
22401
22403
22406
22408
22409
22422
22424
22425
22427
22430
22528
22529
22532
22533
22536
22537
22540
22541
22560
22561
22564
22565
22568
22569
22572
22573
22592
22593
22596
22597
22600
22601
22604
22605
22624
22625
22628
22629
22632
22633
22636
22637
22784
22785
22788
22789
22792
22793
22796
22797
22816
22817
22820
22821
22824
22825
22828
22829
22848
22849
22852
22853
22856
22857
22860
22861
22880
22881
22884
22885
22888
22889
22892
22893
23040
23041
23044
23045
23048
23049
23052
23053
23072
23073
23076
23077
23080
23081
23084
23085
23104
23105
23108
23109
23112
23113
23116
23117
23136
23137
23140
23141
23144
23145
23148
23149
23211
23214
23216
23217
23219
23232
23233
23235
23238
23240
23241
23254
23256
23257
23259
23262
23275
23278
23280
23281
23283
23296
23297
23300
23301
23304
23305
23308
23309
23328
23329
23332
23333
23336
23337
23340
23341
23360
23361
23364
23365
23368
23369
23372
23373
23382
23384
23385
23387
23390
23392
23393
23396
23397
23400
23401
23403
23404
23405
23406
23408
23409
23411
23424
23425
23427
23430
23432
23433
23446
23448
23449
23451
23454
23552
23553
23555
23558
23560
23561
23574
23576
23577
23579
23582
23595
23598
23600
23601
23603
23616
23617
23619
23622
23624
23625
23723
23726
23728
23729
23731
23744
23745
23747
23750
23752
23753
23766
23768
23769
23771
23774
23787
23790
23792
23793
23795
24576
24577
24579
24582
24584
24585
24598
24600
24601
24603
24606
24619
24622
24624
24625
24627
24640
24641
24643
24646
24648
24649
24747
24750
24752
24753
24755
24768
24769
24771
24774
24776
24777
24790
24792
24793
24795
24798
24811
24814
24816
24817
24819
24918
24920
24921
24923
24926
24939
24942
24944
24945
24947
24960
24961
24963
24966
24968
24969
24982
24984
24985
24987
24990
25088
25089
25091
25094
25096
25097
25110
25112
25113
25115
25118
25131
25134
25136
25137
25139
25152
25153
25155
25158
25160
25161
25942
25944
25945
25947
25950
25963
25966
25968
25969
25971
25984
25985
25987
25990
25992
25993
26006
26008
26009
26011
26014
26112
26113
26115
26118
26120
26121
26134
26136
26137
26139
26142
26155
26158
26160
26161
26163
26176
26177
26179
26182
26184
26185
26283
26286
26288
26289
26291
26304
26305
26307
26310
26312
26313
26326
26328
26329
26331
26334
26347
26350
26352
26353
26355
26454
26456
26457
26459
26462
26475
26478
26480
26481
26483
26496
26497
26499
26502
26504
26505
26518
26520
26521
26523
26526
32768
32769
32770
32771
32772
32773
32774
32776
32777
32778
32779
32780
32781
32784
32785
32786
32787
32790
32792
32793
32794
32795
32798
32800
32801
32804
32805
32808
32809
32811
32812
32813
32814
32816
32817
32819
32832
32833
32834
32835
32836
32837
32838
32840
32841
32842
32843
32844
32845
32848
32849
32850
32851
32856
32857
32858
32859
32864
32865
32868
32869
32872
32873
32876
32877
32896
32897
32898
32899
32904
32905
32906
32907
32912
32913
32914
32915
32920
32921
32922
32923
32939
32942
32944
32945
32947
32960
32961
32962
32963
32966
32968
32969
32970
32971
32976
32977
32978
32979
32982
32984
32985
32986
32987
32990
33003
33006
33008
33009
33011
33024
33025
33028
33029
33032
33033
33036
33037
33056
33057
33060
33061
33064
33065
33068
33069
33088
33089
33092
33093
33096
33097
33100
33101
33110
33112
33113
33115
33118
33120
33121
33124
33125
33128
33129
33131
33132
33133
33134
33136
33137
33139
33152
33153
33155
33158
33160
33161
33174
33176
33177
33179
33182
33280
33281
33282
33283
33284
33285
33286
33288
33289
33290
33291
33292
33293
33296
33297
33298
33299
33302
33304
33305
33306
33307
33310
33312
33313
33316
33317
33320
33321
33323
33324
33325
33326
33328
33329
33331
33344
33345
33346
33347
33348
33349
33352
33353
33354
33355
33356
33357
33360
33361
33362
33363
33368
33369
33370
33371
33376
33377
33380
33381
33384
33385
33388
33389
33408
33409
33410
33411
33416
33417
33418
33419
33424
33425
33426
33427
33432
33433
33434
33435
33472
33473
33474
33475
33480
33481
33482
33483
33488
33489
33490
33491
33496
33497
33498
33499
33536
33537
33540
33541
33544
33545
33548
33549
33568
33569
33572
33573
33576
33577
33580
33581
33600
33601
33604
33605
33608
33609
33612
33613
33632
33633
33636
33637
33640
33641
33644
33645
33792
33793
33794
33795
33800
33801
33802
33803
33808
33809
33810
33811
33816
33817
33818
33819
33856
33857
33858
33859
33864
33865
33866
33867
33872
33873
33874
33875
33880
33881
33882
33883
33920
33921
33922
33923
33928
33929
33930
33931
33936
33937
33938
33939
33944
33945
33946
33947
33984
33985
33986
33987
33992
33993
33994
33995
34000
34001
34002
34003
34008
34009
34010
34011
34304
34305
34306
34307
34312
34313
34314
34315
34320
34321
34322
34323
34328
34329
34330
34331
34368
34369
34370
34371
34376
34377
34378
34379
34384
34385
34386
34387
34392
34393
34394
34395
34432
34433
34434
34435
34440
34441
34442
34443
34448
34449
34450
34451
34456
34457
34458
34459
34496
34497
34498
34499
34504
34505
34506
34507
34512
34513
34514
34515
34520
34521
34522
34523
34816
34817
34820
34821
34824
34825
34828
34829
34848
34849
34852
34853
34856
34857
34860
34861
34880
34881
34884
34885
34888
34889
34892
34893
34912
34913
34916
34917
34920
34921
34924
34925
35072
35073
35076
35077
35080
35081
35084
35085
35104
35105
35108
35109
35112
35113
35116
35117
35136
35137
35140
35141
35144
35145
35148
35149
35168
35169
35172
35173
35176
35177
35180
35181
35328
35329
35332
35333
35336
35337
35340
35341
35360
35361
35364
35365
35368
35369
35372
35373
35392
35393
35396
35397
35400
35401
35404
35405
35424
35425
35428
35429
35432
35433
35436
35437
35584
35585
35588
35589
35592
35593
35596
35597
35616
35617
35620
35621
35624
35625
35628
35629
35648
35649
35652
35653
35656
35657
35660
35661
35680
35681
35684
35685
35688
35689
35692
35693
36864
36865
36866
36867
36868
36869
36872
36873
36874
36875
36876
36877
36880
36881
36882
36883
36888
36889
36890
36891
36896
36897
36900
36901
36904
36905
36908
36909
36928
36929
36930
36931
36932
36933
36936
36937
36938
36939
36940
36941
36944
36945
36946
36947
36952
36953
36954
36955
36960
36961
36964
36965
36968
36969
36972
36973
36992
36993
36994
36995
37000
37001
37002
37003
37008
37009
37010
37011
37016
37017
37018
37019
37056
37057
37058
37059
37064
37065
37066
37067
37072
37073
37074
37075
37080
37081
37082
37083
37120
37121
37124
37125
37128
37129
37132
37133
37152
37153
37156
37157
37160
37161
37164
37165
37184
37185
37188
37189
37192
37193
37196
37197
37216
37217
37220
37221
37224
37225
37228
37229
37376
37377
37378
37379
37380
37381
37384
37385
37386
37387
37388
37389
37392
37393
37394
37395
37400
37401
37402
37403
37408
37409
37412
37413
37416
37417
37420
37421
37440
37441
37442
37443
37444
37445
37448
37449
37450
37451
37452
37453
37456
37457
37458
37459
37464
37465
37466
37467
37472
37473
37476
37477
37480
37481
37484
37485
37504
37505
37506
37507
37512
37513
37514
37515
37520
37521
37522
37523
37528
37529
37530
37531
37568
37569
37570
37571
37576
37577
37578
37579
37584
37585
37586
37587
37592
37593
37594
37595
37632
37633
37636
37637
37640
37641
37644
37645
37664
37665
37668
37669
37672
37673
37676
37677
37696
37697
37700
37701
37704
37705
37708
37709
37728
37729
37732
37733
37736
37737
37740
37741
37888
37889
37890
37891
37896
37897
37898
37899
37904
37905
37906
37907
37912
37913
37914
37915
37952
37953
37954
37955
37960
37961
37962
37963
37968
37969
37970
37971
37976
37977
37978
37979
38016
38017
38018
38019
38024
38025
38026
38027
38032
38033
38034
38035
38040
38041
38042
38043
38080
38081
38082
38083
38088
38089
38090
38091
38096
38097
38098
38099
38104
38105
38106
38107
38400
38401
38402
38403
38408
38409
38410
38411
38416
38417
38418
38419
38424
38425
38426
38427
38464
38465
38466
38467
38472
38473
38474
38475
38480
38481
38482
38483
38488
38489
38490
38491
38528
38529
38530
38531
38536
38537
38538
38539
38544
38545
38546
38547
38552
38553
38554
38555
38592
38593
38594
38595
38600
38601
38602
38603
38608
38609
38610
38611
38616
38617
38618
38619
38912
38913
38916
38917
38920
38921
38924
38925
38944
38945
38948
38949
38952
38953
38956
38957
38976
38977
38980
38981
38984
38985
38988
38989
39008
39009
39012
39013
39016
39017
39020
39021
39168
39169
39172
39173
39176
39177
39180
39181
39200
39201
39204
39205
39208
39209
39212
39213
39232
39233
39236
39237
39240
39241
39244
39245
39264
39265
39268
39269
39272
39273
39276
39277
39424
39425
39428
39429
39432
39433
39436
39437
39456
39457
39460
39461
39464
39465
39468
39469
39488
39489
39492
39493
39496
39497
39500
39501
39520
39521
39524
39525
39528
39529
39532
39533
39680
39681
39684
39685
39688
39689
39692
39693
39712
39713
39716
39717
39720
39721
39724
39725
39744
39745
39748
39749
39752
39753
39756
39757
39776
39777
39780
39781
39784
39785
39788
39789
40960
40961
40962
40963
40968
40969
40970
40971
40976
40977
40978
40979
40984
40985
40986
40987
41024
41025
41026
41027
41032
41033
41034
41035
41040
41041
41042
41043
41048
41049
41050
41051
41088
41089
41090
41091
41096
41097
41098
41099
41104
41105
41106
41107
41112
41113
41114
41115
41152
41153
41154
41155
41160
41161
41162
41163
41168
41169
41170
41171
41176
41177
41178
41179
41472
41473
41474
41475
41480
41481
41482
41483
41488
41489
41490
41491
41496
41497
41498
41499
41536
41537
41538
41539
41544
41545
41546
41547
41552
41553
41554
41555
41560
41561
41562
41563
41600
41601
41602
41603
41608
41609
41610
41611
41616
41617
41618
41619
41624
41625
41626
41627
41664
41665
41666
41667
41672
41673
41674
41675
41680
41681
41682
41683
41688
41689
41690
41691
41984
41985
41986
41987
41992
41993
41994
41995
42000
42001
42002
42003
42008
42009
42010
42011
42048
42049
42050
42051
42056
42057
42058
42059
42064
42065
42066
42067
42072
42073
42074
42075
42112
42113
42114
42115
42120
42121
42122
42123
42128
42129
42130
42131
42136
42137
42138
42139
42176
42177
42178
42179
42184
42185
42186
42187
42192
42193
42194
42195
42200
42201
42202
42203
42496
42497
42498
42499
42504
42505
42506
42507
42512
42513
42514
42515
42520
42521
42522
42523
42560
42561
42562
42563
42568
42569
42570
42571
42576
42577
42578
42579
42584
42585
42586
42587
42624
42625
42626
42627
42632
42633
42634
42635
42640
42641
42642
42643
42648
42649
42650
42651
42688
42689
42690
42691
42696
42697
42698
42699
42704
42705
42706
42707
42712
42713
42714
42715
45056
45057
45058
45059
45064
45065
45066
45067
45072
45073
45074
45075
45080
45081
45082
45083
45120
45121
45122
45123
45128
45129
45130
45131
45136
45137
45138
45139
45144
45145
45146
45147
45184
45185
45186
45187
45192
45193
45194
45195
45200
45201
45202
45203
45208
45209
45210
45211
45248
45249
45250
45251
45256
45257
45258
45259
45264
45265
45266
45267
45272
45273
45274
45275
45568
45569
45570
45571
45576
45577
45578
45579
45584
45585
45586
45587
45592
45593
45594
45595
45632
45633
45634
45635
45640
45641
45642
45643
45648
45649
45650
45651
45656
45657
45658
45659
45696
45697
45698
45699
45704
45705
45706
45707
45712
45713
45714
45715
45720
45721
45722
45723
45760
45761
45762
45763
45768
45769
45770
45771
45776
45777
45778
45779
45784
45785
45786
45787
46080
46081
46082
46083
46088
46089
46090
46091
46096
46097
46098
46099
46104
46105
46106
46107
46144
46145
46146
46147
46152
46153
46154
46155
46160
46161
46162
46163
46168
46169
46170
46171
46208
46209
46210
46211
46216
46217
46218
46219
46224
46225
46226
46227
46232
46233
46234
46235
46272
46273
46274
46275
46280
46281
46282
46283
46288
46289
46290
46291
46296
46297
46298
46299
46592
46593
46594
46595
46600
46601
46602
46603
46608
46609
46610
46611
46616
46617
46618
46619
46656
46657
46658
46659
46664
46665
46666
46667
46672
46673
46674
46675
46680
46681
46682
46683
46720
46721
46722
46723
46728
46729
46730
46731
46736
46737
46738
46739
46744
46745
46746
46747
46784
46785
46786
46787
46792
46793
46794
46795
46800
46801
46802
46803
46808
46809
46810
46811
49152
49153
49156
49157
49160
49161
49164
49165
49184
49185
49188
49189
49192
49193
49196
49197
49216
49217
49220
49221
49224
49225
49228
49229
49248
49249
49252
49253
49256
49257
49260
49261
49408
49409
49412
49413
49416
49417
49420
49421
49440
49441
49444
49445
49448
49449
49452
49453
49472
49473
49476
49477
49480
49481
49484
49485
49504
49505
49508
49509
49512
49513
49516
49517
49664
49665
49668
49669
49672
49673
49676
49677
49696
49697
49700
49701
49704
49705
49708
49709
49728
49729
49732
49733
49736
49737
49740
49741
49760
49761
49764
49765
49768
49769
49772
49773
49920
49921
49924
49925
49928
49929
49932
49933
49952
49953
49956
49957
49960
49961
49964
49965
49984
49985
49988
49989
49992
49993
49996
49997
65536
65537
65538
65539
65544
65545
65546
65547
65552
65553
65554
65555
65560
65561
65562
65563
65600
65601
65602
65603
65608
65609
65610
65611
65616
65617
65618
65619
65624
65625
65626
65627
65664
65665
65666
65667
65672
65673
65674
65675
65680
65681
65682
65683
65688
65689
65690
65691
65728
65729
65730
65731
65736
65737
65738
65739
65744
65745
65746
65747
65752
65753
65754
65755
66048
66049
66050
66051
66056
66057
66058
66059
66064
66065
66066
66067
66072
66073
66074
66075
66112
66113
66114
66115
66120
66121
66122
66123
66128
66129
66130
66131
66136
66137
66138
66139
66176
66177
66178
66179
66184
66185
66186
66187
66192
66193
66194
66195
66200
66201
66202
66203
66240
66241
66242
66243
66248
66249
66250
66251
66256
66257
66258
66259
66264
66265
66266
66267
66560
66561
66562
66563
66568
66569
66570
66571
66576
66577
66578
66579
66584
66585
66586
66587
66624
66625
66626
66627
66632
66633
66634
66635
66640
66641
66642
66643
66648
66649
66650
66651
66688
66689
66690
66691
66696
66697
66698
66699
66704
66705
66706
66707
66712
66713
66714
66715
66752
66753
66754
66755
66760
66761
66762
66763
66768
66769
66770
66771
66776
66777
66778
66779
67072
67073
67074
67075
67080
67081
67082
67083
67088
67089
67090
67091
67096
67097
67098
67099
67136
67137
67138
67139
67144
67145
67146
67147
67152
67153
67154
67155
67160
67161
67162
67163
67200
67201
67202
67203
67208
67209
67210
67211
67216
67217
67218
67219
67224
67225
67226
67227
67264
67265
67266
67267
67272
67273
67274
67275
67280
67281
67282
67283
67288
67289
67290
67291
69632
69633
69634
69635
69640
69641
69642
69643
69648
69649
69650
69651
69656
69657
69658
69659
69696
69697
69698
69699
69704
69705
69706
69707
69712
69713
69714
69715
69720
69721
69722
69723
69760
69761
69762
69763
69768
69769
69770
69771
69776
69777
69778
69779
69784
69785
69786
69787
69824
69825
69826
69827
69832
69833
69834
69835
69840
69841
69842
69843
69848
69849
69850
69851
70144
70145
70146
70147
70152
70153
70154
70155
70160
70161
70162
70163
70168
70169
70170
70171
70208
70209
70210
70211
70216
70217
70218
70219
70224
70225
70226
70227
70232
70233
70234
70235
70272
70273
70274
70275
70280
70281
70282
70283
70288
70289
70290
70291
70296
70297
70298
70299
70336
70337
70338
70339
70344
70345
70346
70347
70352
70353
70354
70355
70360
70361
70362
70363
70656
70657
70658
70659
70664
70665
70666
70667
70672
70673
70674
70675
70680
70681
70682
70683
70720
70721
70722
70723
70728
70729
70730
70731
70736
70737
70738
70739
70744
70745
70746
70747
70784
70785
70786
70787
70792
70793
70794
70795
70800
70801
70802
70803
70808
70809
70810
70811
70848
70849
70850
70851
70856
70857
70858
70859
70864
70865
70866
70867
70872
70873
70874
70875
71168
71169
71170
71171
71176
71177
71178
71179
71184
71185
71186
71187
71192
71193
71194
71195
71232
71233
71234
71235
71240
71241
71242
71243
71248
71249
71250
71251
71256
71257
71258
71259
71296
71297
71298
71299
71304
71305
71306
71307
71312
71313
71314
71315
71320
71321
71322
71323
71360
71361
71362
71363
71368
71369
71370
71371
71376
71377
71378
71379
71384
71385
71386
71387
73728
73729
73730
73731
73736
73737
73738
73739
73744
73745
73746
73747
73752
73753
73754
73755
73792
73793
73794
73795
73800
73801
73802
73803
73808
73809
73810
73811
73816
73817
73818
73819
73856
73857
73858
73859
73864
73865
73866
73867
73872
73873
73874
73875
73880
73881
73882
73883
73920
73921
73922
73923
73928
73929
73930
73931
73936
73937
73938
73939
73944
73945
73946
73947
74240
74241
74242
74243
74248
74249
74250
74251
74256
74257
74258
74259
74264
74265
74266
74267
74304
74305
74306
74307
74312
74313
74314
74315
74320
74321
74322
74323
74328
74329
74330
74331
74368
74369
74370
74371
74376
74377
74378
74379
74384
74385
74386
74387
74392
74393
74394
74395
74432
74433
74434
74435
74440
74441
74442
74443
74448
74449
74450
74451
74456
74457
74458
74459
74752
74753
74754
74755
74760
74761
74762
74763
74768
74769
74770
74771
74776
74777
74778
74779
74816
74817
74818
74819
74824
74825
74826
74827
74832
74833
74834
74835
74840
74841
74842
74843
74880
74881
74882
74883
74888
74889
74890
74891
74896
74897
74898
74899
74904
74905
74906
74907
74944
74945
74946
74947
74952
74953
74954
74955
74960
74961
74962
74963
74968
74969
74970
74971
75264
75265
75266
75267
75272
75273
75274
75275
75280
75281
75282
75283
75288
75289
75290
75291
75328
75329
75330
75331
75336
75337
75338
75339
75344
75345
75346
75347
75352
75353
75354
75355
75392
75393
75394
75395
75400
75401
75402
75403
75408
75409
75410
75411
75416
75417
75418
75419
75456
75457
75458
75459
75464
75465
75466
75467
75472
75473
75474
75475
75480
75481
75482
75483
77824
77825
77826
77827
77832
77833
77834
77835
77840
77841
77842
77843
77848
77849
77850
77851
77888
77889
77890
77891
77896
77897
77898
77899
77904
77905
77906
77907
77912
77913
77914
77915
77952
77953
77954
77955
77960
77961
77962
77963
77968
77969
77970
77971
77976
77977
77978
77979
78016
78017
78018
78019
78024
78025
78026
78027
78032
78033
78034
78035
78040
78041
78042
78043
78336
78337
78338
78339
78344
78345
78346
78347
78352
78353
78354
78355
78360
78361
78362
78363
78400
78401
78402
78403
78408
78409
78410
78411
78416
78417
78418
78419
78424
78425
78426
78427
78464
78465
78466
78467
78472
78473
78474
78475
78480
78481
78482
78483
78488
78489
78490
78491
78528
78529
78530
78531
78536
78537
78538
78539
78544
78545
78546
78547
78552
78553
78554
78555
78848
78849
78850
78851
78856
78857
78858
78859
78864
78865
78866
78867
78872
78873
78874
78875
78912
78913
78914
78915
78920
78921
78922
78923
78928
78929
78930
78931
78936
78937
78938
78939
78976
78977
78978
78979
78984
78985
78986
78987
78992
78993
78994
78995
79000
79001
79002
79003
79040
79041
79042
79043
79048
79049
79050
79051
79056
79057
79058
79059
79064
79065
79066
79067
79360
79361
79362
79363
79368
79369
79370
79371
79376
79377
79378
79379
79384
79385
79386
79387
79424
79425
79426
79427
79432
79433
79434
79435
79440
79441
79442
79443
79448
79449
79450
79451
79488
79489
79490
79491
79496
79497
79498
79499
79504
79505
79506
79507
79512
79513
79514
79515
79552
79553
79554
79555
79560
79561
79562
79563
79568
79569
79570
79571
79576
79577
79578
79579
98304
98305
98306
98307
98312
98313
98314
98315
98320
98321
98322
98323
98328
98329
98330
98331
98368
98369
98370
98371
98376
98377
98378
98379
98384
98385
98386
98387
98392
98393
98394
98395
98432
98433
98434
98435
98440
98441
98442
98443
98448
98449
98450
98451
98456
98457
98458
98459
98496
98497
98498
98499
98504
98505
98506
98507
98512
98513
98514
98515
98520
98521
98522
98523
98816
98817
98818
98819
98824
98825
98826
98827
98832
98833
98834
98835
98840
98841
98842
98843
98880
98881
98882
98883
98888
98889
98890
98891
98896
98897
98898
98899
98904
98905
98906
98907
98944
98945
98946
98947
98952
98953
98954
98955
98960
98961
98962
98963
98968
98969
98970
98971
99008
99009
99010
99011
99016
99017
99018
99019
99024
99025
99026
99027
99032
99033
99034
99035
99328
99329
99330
99331
99336
99337
99338
99339
99344
99345
99346
99347
99352
99353
99354
99355
99392
99393
99394
99395
99400
99401
99402
99403
99408
99409
99410
99411
99416
99417
99418
99419
99456
99457
99458
99459
99464
99465
99466
99467
99472
99473
99474
99475
99480
99481
99482
99483
99520
99521
99522
99523
99528
99529
99530
99531
99536
99537
99538
99539
99544
99545
99546
99547
99840
99841
99842
99843
99848
99849
99850
99851
99856
99857
99858
99859
99864
99865
99866
99867
99904
99905
99906
99907
99912
99913
99914
99915
99920
99921
99922
99923
99928
99929
99930
99931
99968
99969
99970
99971
99976
99977
99978
99979
99984
99985
99986
99987
99992
99993
99994
99995
