3
8
9
11
17
19
24
25
27
49
57
64
65
67
72
73
75
81
88
89
91
152
155
171
179
187
192
193
195
200
201
203
216
217
219
235
243
379
392
419
425
427
456
465
512
513
515
520
521
523
536
537
539
576
577
579
584
585
587
600
601
603
704
705
707
712
713
715
728
729
731
1368
1369
1387
1395
1432
1433
1536
1537
1539
1544
1545
1547
1560
1561
1563
1600
1601
1603
1608
1609
1611
1624
1625
1627
1728
1729
1731
1736
1737
1739
1752
1753
1755
4096
4097
4099
4104
4105
4107
4120
4121
4123
4160
4161
4163
4168
4169
4171
4184
4185
4187
4288
4289
4291
4296
4297
4299
4312
4313
4315
4608
4609
4611
4616
4617
4619
4632
4633
4635
4672
4673
4675
4680
4681
4683
4696
4697
4699
4800
4801
4803
4808
4809
4811
4824
4825
4827
