2
3
4
5
6
7
8
9
10
11
12
13
14
15
16
17
18
19
20
21
22
23
24
25
26
27
28
29
30
31
32
33
35
36
37
38
39
40
41
42
43
44
45
46
47
48
49
50
51
52
53
54
55
56
57
58
59
60
61
62
63
64
65
66
67
68
69
70
71
72
73
74
75
76
77
78
79
80
81
82
83
84
85
86
87
88
89
90
91
92
93
94
95
96
97
99
100
101
103
104
105
107
108
109
111
112
113
114
115
116
117
118
119
120
121
122
123
124
125
126
127
128
129
130
131
134
135
136
137
138
139
141
142
143
144
145
146
147
148
149
150
151
152
153
154
155
156
158
159
160
161
163
164
165
167
168
169
171
172
173
175
176
177
178
179
180
181
182
183
184
185
186
187
190
191
192
193
194
195
196
197
198
199
200
201
202
203
204
205
206
207
208
209
210
211
212
213
214
215
216
217
218
219
220
221
222
223
224
225
227
228
229
231
232
233
235
236
237
239
240
241
242
243
244
245
246
247
248
249
250
251
252
253
255
256
257
259
260
261
263
264
265
267
268
269
271
275
276
277
279
280
281
283
284
285
287
288
289
291
292
293
295
296
297
299
300
301
303
312
313
315
316
317
319
320
321
323
324
325
327
328
329
331
332
333
335
344
345
347
348
349
351
352
353
355
356
357
359
360
361
363
364
365
367
376
377
379
380
381
383
448
449
451
452
453
455
456
457
459
460
461
463
472
473
475
476
477
479
480
481
483
484
485
487
488
489
491
492
493
495
504
505
507
508
509
511
512
513
515
516
517
519
520
521
523
524
525
527
536
537
539
540
541
543
544
545
547
548
549
551
552
553
555
556
557
559
568
569
571
572
573
575
576
577
579
580
581
583
584
585
587
588
589
591
600
601
603
604
605
607
608
609
611
612
613
615
616
617
619
620
621
623
632
633
635
636
637
639
704
705
707
708
709
711
712
713
715
716
717
719
728
729
731
732
733
735
736
737
739
740
741
743
744
745
747
748
749
751
760
761
763
764
765
767
768
769
771
772
773
775
776
777
779
780
781
783
792
793
795
796
797
799
800
801
803
804
805
807
808
809
811
812
813
815
824
825
827
828
829
831
832
833
835
836
837
839
840
841
843
844
845
847
856
857
859
860
861
863
864
865
867
868
869
871
872
873
875
876
877
879
888
889
891
892
893
895
960
961
963
964
965
967
968
969
971
972
973
975
984
985
987
988
989
991
992
993
995
996
997
999
1000
