2
3
4
5
6
7
8
9
10
11
12
13
14
15
16
17
18
19
20
21
22
23
24
25
26
27
28
29
30
31
32
33
34
35
36
37
38
39
40
41
42
43
44
45
46
47
48
49
50
51
52
53
54
55
56
57
58
59
60
61
62
63
64
65
66
67
68
69
70
71
72
73
74
75
76
77
78
79
80
81
82
83
84
85
86
87
88
89
90
91
92
93
94
95
96
97
98
99
100
101
102
103
104
105
106
107
108
109
110
111
112
113
114
115
116
117
118
119
120
121
122
123
124
125
126
127
128
129
130
132
133
134
135
136
137
138
139
140
141
143
144
145
146
147
148
149
151
152
153
154
155
156
157
158
159
160
161
162
163
164
165
166
167
168
169
171
173
175
176
177
178
179
181
182
183
184
188
189
190
192
193
195
197
198
199
200
201
203
205
206
208
209
210
220
222
224
225
227
228
230
231
232
234
235
237
239
240
241
242
243
245
246
247
252
256
257
260
261
262
263
264
265
267
269
270
272
273
274
275
280
281
284
285
286
288
289
292
293
295
296
297
298
299
300
301
303
304
305
306
307
309
310
311
312
315
316
320
321
324
325
326
327
328
329
332
333
334
335
336
337
338
341
342
343
344
345
349
350
352
353
355
356
357
358
360
361
363
364
365
366
367
368
369
373
374
375
376
377
381
382
383
384
385
389
390
391
392
393
397
398
399
405
406
407
418
419
424
425
427
428
429
430
431
432
433
436
437
438
439
440
441
444
445
446
447
448
449
450
451
453
454
455
456
457
461
462
463
466
469
472
473
474
476
480
481
482
483
484
488
489
491
492
493
494
495
496
497
500
501
502
503
504
505
507
508
509
510
511
512
513
514
515
516
517
518
519
520
521
522
523
524
525
526
527
528
529
530
532
533
534
536
537
538
540
541
542
544
545
546
547
548
549
550
552
553
555
556
557
558
559
560
561
565
566
567
568
569
572
573
574
575
576
577
578
579
580
581
582
583
584
585
586
587
588
589
590
591
592
593
594
595
596
597
598
600
601
602
603
604
605
608
609
611
613
614
616
617
619
621
622
623
624
625
627
629
630
631
632
633
637
638
639
640
641
642
647
648
649
650
651
652
653
655
656
657
658
659
660
661
664
665
666
667
668
669
672
673
674
675
680
681
684
685
688
689
691
692
693
694
700
701
702
704
705
706
707
711
712
713
714
715
717
718
719
720
721
722
723
725
726
728
729
730
731
736
737
739
741
742
744
745
748
749
752
753
756
757
764
765
768
769
776
777
780
781
782
783
788
789
790
791
792
793
795
797
798
801
803
805
806
808
809
816
817
819
821
822
828
829
830
832
833
835
837
838
839
840
841
843
844
845
846
847
852
853
854
855
861
862
865
872
873
877
878
879
880
881
885
886
887
888
889
893
894
895
896
897
899
901
902
903
904
905
907
909
910
911
917
918
920
921
923
931
933
934
936
937
941
942
943
944
945
947
949
950
951
952
953
957
958
959
960
961
962
965
966
967
968
969
973
974
975
987
995
997
998
1000
1001
1003
1005
1006
1007
1008
1009
1011
1013
1014
1015
1016
1017
1021
1022
1023
1024
1025
1026
1031
1032
1033
1034
1035
1039
1040
1041
1042
1071
1079
1080
1081
1087
1088
1089
1090
1095
1096
1097
1098
1099
1103
1104
1105
1106
1107
1112
1113
1114
1115
1116
1117
1120
1121
1128
1129
1143
1144
1145
1151
1152
1153
1154
1159
1160
1161
1162
1163
1164
1165
1167
1168
1169
1170
1172
1173
1180
1181
1184
1185
1192
1193
1196
1197
1204
1205
1212
1213
1248
1249
1256
1257
1260
1261
1268
1269
1276
1277
1280
1281
1288
1289
1292
1293
1300
1301
1333
1334
1340
1341
1342
1344
1345
1347
1352
1353
1355
1356
1357
1364
1365
1397
1398
1405
1406
1408
1409
1411
1416
1417
1419
1421
1422
1429
1430
1432
1433
1435
1443
1445
1446
1448
1449
1456
1457
1459
1499
1507
1509
1510
1512
1513
1520
1521
1523
1525
1526
1533
1534
1536
1537
1539
1544
1545
1547
1549
1550
1557
1558
1560
1561
1600
1601
1603
1608
1609
1611
1613
1614
1621
1622
1624
1625
1627
1635
1637
1638
2560
2561
2565
2566
2567
2568
2569
2573
2574
2575
2600
2601
2605
2606
2607
2608
2609
2613
2614
2615
2616
2617
2621
2622
2623
2624
2625
2629
2630
2631
2632
2633
2637
2638
2639
2664
2665
2669
2670
2671
2672
2673
2677
2678
2679
2680
2681
2685
2686
2687
2880
2881
2885
2886
2887
2888
2889
2893
2894
2895
2920
2921
2925
2926
2927
2928
2929
2933
2934
2935
2936
2937
2941
2942
2943
2944
2945
2949
2950
2951
2952
2953
2957
2958
2959
2984
2985
2989
2990
2991
2992
2993
2997
2998
2999
3000
3001
3005
3006
3007
3008
3009
3013
3014
3015
3016
3017
3021
3022
3023
3048
3049
3053
3054
3055
3056
3057
3061
3062
3063
3064
3065
3069
3070
3071
3072
3073
3077
3078
3079
3080
3081
3085
3086
3087
3112
3113
3117
3118
3119
3120
3121
3125
3126
3127
3128
3129
3133
3134
3135
3136
3137
3141
3142
3143
3144
3145
3149
3150
3151
3176
3177
3181
3182
3183
3184
3185
3189
3190
3191
3192
3193
3197
3198
3199
3392
3393
3397
3398
3399
3400
3401
3405
3406
3407
3432
3433
3437
3438
3439
3440
3441
3445
3446
3447
3448
3449
3453
3454
3455
3456
3457
3461
3462
3463
3464
3465
3469
3470
3471
3496
3497
3501
3502
3503
3504
3505
3509
3510
3511
3512
3513
3517
3518
3519
3520
3521
3525
3526
3527
3528
3529
3533
3534
3535
3560
3561
3565
3566
3567
3568
3569
3573
3574
3575
3576
3577
3581
3582
3583
3584
3585
3589
3590
3591
3592
3593
3597
3598
3599
3624
3625
3629
3630
3631
3632
3633
3637
3638
3639
3640
3641
3645
3646
3647
3648
3649
3653
3654
3655
3656
3657
3661
3662
3663
3688
3689
3693
3694
3695
3696
3697
3701
3702
3703
3704
3705
3709
3710
3711
3904
3905
3909
3910
3911
3912
3913
3917
3918
3919
3944
3945
3949
3950
3951
3952
3953
3957
3958
3959
3960
3961
3965
3966
3967
3968
3969
3973
3974
3975
3976
3977
3981
3982
3983
4008
4009
4013
4014
4015
4016
4017
4021
4022
4023
4024
4025
4029
4030
4031
4032
4033
4037
4038
4039
4040
4041
4045
4046
4047
4072
4073
4077
4078
4079
4080
4081
4085
4086
4087
4088
4089
4093
4094
4095
4096
4097
4101
4102
4103
4104
4105
4109
4110
4111
4136
4137
4141
4142
4143
4144
4145
4149
4150
4151
4152
4153
4157
4158
4159
4160
4161
4165
4166
4167
4168
4169
4173
4174
4175
4200
4201
4205
4206
4207
4208
4209
4213
4214
4215
4216
4217
4221
4222
4223
4416
4417
4421
4422
4423
4424
4425
4429
4430
4431
4456
4457
4461
4462
4463
4464
4465
4469
4470
4471
4472
4473
4477
4478
4479
4480
4481
4485
4486
4487
4488
4489
4493
4494
4495
4520
4521
4525
4526
4527
4528
4529
4533
4534
4535
4536
4537
4541
4542
4543
4544
4545
4549
4550
4551
4552
4553
4557
4558
4559
4584
4585
4589
4590
4591
4592
4593
4597
4598
4599
4600
4601
4605
4606
4607
4608
4609
4613
4614
4615
4616
4617
4621
4622
4623
4648
4649
4653
4654
4655
4656
4657
4661
4662
4663
4664
4665
4669
4670
4671
4672
4673
4677
4678
4679
4680
4681
4685
4686
4687
4712
4713
4717
4718
4719
4720
4721
4725
4726
4727
4728
4729
4733
4734
4735
4928
4929
4933
4934
4935
4936
4937
4941
4942
4943
4968
4969
4973
4974
4975
4976
4977
4981
4982
4983
4984
4985
4989
4990
4991
4992
4993
4997
4998
4999
5000
5001
5005
5006
5007
5032
5033
5037
5038
5039
5040
5041
5045
5046
5047
5048
5049
5053
5054
5055
5056
5057
5061
5062
5063
5064
5065
5069
5070
5071
5096
5097
5101
5102
5103
5104
5105
5109
5110
5111
5112
5113
5117
5118
5119
6656
6657
6661
6662
6663
6664
6665
6669
6670
6671
6696
6697
6701
6702
6703
6704
6705
6709
6710
6711
6712
6713
6717
6718
6719
6720
6721
6725
6726
6727
6728
6729
6733
6734
6735
6760
6761
6765
6766
6767
6768
6769
6773
6774
6775
6776
6777
6781
6782
6783
6976
6977
6981
6982
6983
6984
6985
6989
6990
6991
7016
7017
7021
7022
7023
7024
7025
7029
7030
7031
7032
7033
7037
7038
7039
7040
7041
7045
7046
7047
7048
7049
7053
7054
7055
7080
7081
7085
7086
7087
7088
7089
7093
7094
7095
7096
7097
7101
7102
7103
7104
7105
7109
7110
7111
7112
7113
7117
7118
7119
7144
7145
7149
7150
7151
7152
7153
7157
7158
7159
7160
7161
7165
7166
7167
7168
7169
7173
7174
7175
7176
7177
7181
7182
7183
7208
7209
7213
7214
7215
7216
7217
7221
7222
7223
7224
7225
7229
7230
7231
7232
7233
7237
7238
7239
7240
7241
7245
7246
7247
7272
7273
7277
7278
7279
7280
7281
7285
7286
7287
7288
7289
7293
7294
7295
7488
7489
7493
7494
7495
7496
7497
7501
7502
7503
7528
7529
7533
7534
7535
7536
7537
7541
7542
7543
7544
7545
7549
7550
7551
7552
7553
7557
7558
7559
7560
7561
7565
7566
7567
7592
7593
7597
7598
7599
7600
7601
7605
7606
7607
7608
7609
7613
7614
7615
7616
7617
7621
7622
7623
7624
7625
7629
7630
7631
7656
7657
7661
7662
7663
7664
7665
7669
7670
7671
7672
7673
7677
7678
7679
7680
7681
7685
7686
7687
7688
7689
7693
7694
7695
7720
7721
7725
7726
7727
7728
7729
7733
7734
7735
7736
7737
7741
7742
7743
7744
7745
7749
7750
7751
7752
7753
7757
7758
7759
7784
7785
7789
7790
7791
7792
7793
7797
7798
7799
7800
7801
7805
7806
7807
8000
8001
8005
8006
8007
8008
8009
8013
8014
8015
8040
8041
8045
8046
8047
8048
8049
8053
8054
8055
8056
8057
8061
8062
8063
8064
8065
8069
8070
8071
8072
8073
8077
8078
8079
8104
8105
8109
8110
8111
8112
8113
8117
8118
8119
8120
8121
8125
8126
8127
8128
8129
8133
8134
8135
8136
8137
8141
8142
8143
8168
8169
8173
8174
8175
8176
8177
8181
8182
8183
8184
8185
8189
8190
8191
