7
8
9
15
17
39
56
57
63
64
65
71
72
73
79
81
103
113
120
121
127
129
135
136
137
239
247
263
273
303
311
312
319
399
407
448
449
455
456
457
463
504
505
511
512
513
519
520
521
527
561
567
568
569
575
576
577
583
584
585
591
632
633
639
647
648
657
711
785
824
855
879
897
904
953
960
961
967
968
969
975
1016
1017
1023
1079
1080
1087
1088
1089
1095
1143
1912
1976
2151
2184
2185
2193
2215
2223
2249
2424
2488
2496
2497
2697
2705
2727
3192
3193
3249
3256
3584
3585
3591
3592
3593
3599
3640
3641
3647
3648
3649
3655
3656
3657
3663
3697
3704
3705
3711
4032
4033
4039
4040
4041
4047
4088
4089
4095
4096
4097
4103
4104
4105
4111
4135
4152
4153
4159
4160
4161
4167
4168
4169
4175
4209
4216
4217
4223
4335
4343
4369
4495
4503
4544
4545
4551
4552
4553
4559
4600
4601
4607
4608
4609
4615
4616
4617
4623
4664
4665
4671
4672
4673
4679
4680
4681
4687
4728
4729
4735
5056
5057
5063
5064
5065
5071
5112
5113
5119
6833
6840
6897
6935
7225
7232
7233
7239
7281
7680
7681
7687
7688
7689
7695
7736
7737
7743
7744
7745
7751
7752
7753
7759
7800
7801
7807
8128
8129
8135
8136
8137
8143
8184
8185
8191
28672
28673
28679
28680
28681
28687
28728
28729
28735
28736
28737
28743
28744
28745
28751
28792
28793
28799
29120
29121
29127
29128
29129
29135
29176
29177
29183
29184
29185
29191
29192
29193
29199
29240
29241
29247
29248
29249
29255
29256
29257
29263
29304
29305
29311
29632
29633
29639
29640
29641
29647
29688
29689
29695
32256
32257
32263
32264
32265
32271
32312
32313
32319
32320
32321
32327
32328
32329
32335
32376
32377
32383
32704
32705
32711
32712
32713
32719
32760
32761
32767
32768
32769
32775
32776
32777
32783
32824
32825
32831
32832
32833
32839
32840
32841
32847
32888
32889
32895
33216
33217
33223
33224
33225
33231
33272
33273
33279
33280
33281
33287
33288
33289
33295
33336
33337
33343
33344
33345
33351
33352
33353
33359
33400
33401
33407
33728
33729
33735
33736
33737
33743
33784
33785
33791
36352
36353
36359
36360
36361
36367
36408
36409
36415
36416
36417
36423
36424
36425
36431
36472
36473
36479
36800
36801
36807
36808
36809
36815
36856
36857
36863
36864
36865
36871
36872
36873
36879
36920
36921
36927
36928
36929
36935
36936
36937
36943
36984
36985
36991
37312
37313
37319
37320
37321
37327
37368
37369
37375
37376
37377
37383
37384
37385
37391
37432
37433
37439
37440
37441
37447
37448
37449
37455
37496
37497
37503
37824
37825
37831
37832
37833
37839
37880
37881
37887
40448
40449
40455
40456
40457
40463
40504
40505
40511
40512
40513
40519
40520
40521
40527
40568
40569
40575
40896
40897
40903
40904
40905
40911
40952
40953
40959
61440
61441
61447
61448
61449
61455
61496
61497
61503
61504
61505
61511
61512
61513
61519
61560
61561
61567
61888
61889
61895
61896
61897
61903
61944
61945
61951
61952
61953
61959
61960
61961
61967
62008
62009
62015
62016
62017
62023
62024
62025
62031
62072
62073
62079
62400
62401
62407
62408
62409
62415
62456
62457
62463
65024
65025
65031
65032
65033
65039
65080
65081
65087
65088
65089
65095
65096
65097
65103
65144
65145
65151
65472
65473
65479
65480
65481
65487
65528
65529
65535
