2
4
5
6
7
8
9
10
12
13
15
16
17
18
22
23
25
28
29
30
31
32
33
34
36
37
38
39
40
41
45
50
52
53
56
57
58
60
61
63
64
65
66
68
69
71
72
73
74
79
80
81
82
87
92
93
94
96
97
120
121
122
127
128
129
130
135
136
137
138
143
144
145
146
151
184
185
186
191
224
225
228
229
232
233
252
253
256
257
260
261
264
265
284
285
288
289
292
293
296
297
316
317
320
321
324
325
328
329
348
349
448
449
450
455
456
457
458
463
464
465
466
471
480
481
484
485
488
489
504
505
506
511
512
513
514
519
520
521
522
527
528
529
530
535
568
569
570
575
576
577
578
583
584
585
586
591
592
593
594
599
632
633
634
639
640
641
642
647
648
649
650
655
656
657
658
663
696
697
698
703
960
961
962
967
968
969
970
975
976
977
978
983
