6
8
9
10
11
12
41
43
46
48
49
51
52
53
54
57
58
59
60
61
62
64
65
66
67
68
72
73
75
76
78
80
81
83
84
85
86
88
89
91
97
99
102
331
342
344
379
380
384
385
387
388
389
392
395
396
403
409
411
418
419
426
427
435
436
437
443
444
445
451
452
453
454
456
460
465
467
470
472
473
480
481
488
489
491
498
500
501
508
509
512
513
518
520
521
523
524
528
529
531
532
533
536
537
540
542
544
545
569
572
573
576
577
578
584
585
587
589
590
596
597
598
600
601
603
604
605
606
608
609
610
611
612
614
617
618
620
624
625
627
633
648
660
661
668
669
672
673
674
675
680
681
688
689
691
697
701
702
704
705
712
713
715
718
726
728
729
782
790
792
793
795
803
806
816
817
819
2978
2979
2987
3298
3299
3338
3344
3345
3346
3347
3352
3353
3354
3355
3362
3363
3371
3411
3416
3417
3418
3419
3420
3421
3426
3427
3435
3476
3477
3484
3485
3488
3489
3490
3491
3496
3497
3499
3563
3840
3841
3848
3849
3883
3900
3901
3904
3905
3912
3913
3923
3924
3925
3928
3929
3930
3931
3932
3933
3938
3939
3947
3988
3989
3996
3997
4000
4001
4002
4003
4008
4009
4011
4020
4021
4064
4065
4072
4073
4075
4084
4085
4092
4093
4096
4097
4104
4105
4107
4156
4157
4160
4161
4168
4169
4171
4174
4180
4181
4182
4184
4185
4187
4195
4198
4514
4515
4523
4532
4533
4576
4577
4584
4585
4587
4596
4597
4604
4605
4608
4609
4616
4617
4619
4668
4669
4672
4673
4680
4681
4683
4686
4692
4693
4694
4696
4697
4699
4700
4701
4707
4710
4720
4721
4723
4756
4757
4764
4765
4768
4769
4776
4777
4784
4785
4787
4788
4789
4798
4800
4801
4808
4809
4811
4814
4822
4824
4825
4832
4833
4840
4841
4852
4853
4860
4861
4878
4886
4888
4889
4891
4899
4902
4912
4913
4915
4926
4990
4992
4993
5000
5001
5003
5006
5014
5016
5017
5212
5213
5268
5269
5276
5277
5280
5281
5288
5289
5300
5301
5344
5345
5352
5353
5364
5365
5372
5373
5376
5377
5384
5385
5436
5437
5438
5440
5441
5448
5449
5460
5461
5502
5504
5505
5512
5513
5515
5518
5526
5528
5529
5531
5539
5542
5595
5603
5606
5616
5617
5619
5630
5632
5633
5640
5641
5643
5696
5697
5704
5705
5707
5710
5718
5720
5721
5723
5731
5734
5744
5745
5747
5808
5809
5811
5822
5824
5825
5832
5833
5835
6256
6257
6259
6320
6321
6323
6334
6336
6337
6344
6345
6347
6350
6358
6360
6361
6414
6422
6424
6425
6427
6435
6438
6448
6449
6451
6462
6526
6528
6529
6536
6537
6539
6542
6550
6552
6553
