2
4
5
6
7
8
9
10
12
13
14
15
16
17
18
20
22
23
25
26
28
29
30
31
32
33
34
36
37
38
39
40
41
44
45
46
47
48
49
50
52
53
55
56
57
58
60
61
62
63
64
65
66
68
69
70
71
72
73
74
76
78
79
80
81
82
85
87
89
90
92
93
94
95
96
97
98
100
102
103
104
106
108
109
110
111
112
113
114
116
117
118
119
120
121
122
124
125
127
128
129
130
132
133
135
136
137
138
143
144
145
146
148
149
151
153
154
158
159
160
161
162
166
167
170
176
184
185
186
191
198
200
201
206
215
218
223
224
225
228
229
232
233
239
240
241
242
247
248
249
252
253
256
257
260
261
264
265
270
271
272
273
278
279
281
282
284
285
288
289
292
293
296
297
298
303
304
305
306
311
312
313
316
317
320
321
324
325
328
329
334
337
342
348
349
350
351
359
360
364
365
372
373
375
376
377
382
384
385
398
399
400
401
404
405
406
407
409
415
416
417
424
428
437
448
449
450
452
455
456
457
458
460
461
463
464
465
466
468
469
471
473
479
480
481
482
484
485
487
488
489
490
504
505
506
508
509
511
512
513
514
516
517
519
520
521
522
524
525
527
528
529
530
535
537
540
541
542
543
544
545
546
548
549
550
551
552
553
557
562
568
569
570
572
573
575
576
577
578
580
581
583
584
585
586
590
591
592
593
594
599
604
605
606
614
615
623
624
625
632
633
634
639
640
641
642
647
648
649
650
655
656
657
658
663
670
678
679
696
697
698
703
734
736
737
740
741
742
743
744
745
750
751
752
753
758
764
765
768
769
776
780
781
798
813
820
821
825
832
833
855
863
864
865
872
874
876
877
884
885
889
904
905
911
912
916
917
919
921
927
928
929
936
940
960
961
962
967
968
969
970
972
975
976
977
978
983
1016
1017
1018
1023
1024
1025
1026
1031
1032
1033
1034
1039
1040
1041
1042
1047
1074
1080
1081
1082
1087
1088
1089
1090
1095
1096
1097
1098
1103
1104
1105
1106
1111
1118
1144
1145
1146
1151
1152
1153
1154
1159
1160
1161
1162
1167
1168
1169
1170
1175
1182
1190
1191
1208
1209
1210
1215
1246
1254
1255
1262
1263
1264
1265
1270
1310
1318
1319
1326
1327
1328
1329
1334
1335
1336
1337
1343
1382
1383
1472
1473
1474
1479
1480
1481
1482
1487
1488
1489
1490
1495
1528
1529
1530
1535
1792
1793
1796
1797
1800
1801
1820
1821
1824
1825
1828
1829
1832
1833
1852
1853
1856
1857
1860
1861
1864
1865
1884
1885
2016
2017
2020
2021
2024
2025
2044
2045
2048
2049
2052
2053
2056
2057
2076
2077
2080
2081
2084
2085
2088
2089
2108
2109
2112
2113
2116
2117
2120
2121
2140
2141
2272
2273
2276
2277
2280
2281
2300
2301
2304
2305
2308
2309
2312
2313
2332
2333
2336
2337
2340
2341
2344
2345
2364
2365
2368
2369
2372
2373
2376
2377
2396
2397
2528
2529
2532
2533
2536
2537
2556
2557
2560
2561
2564
2565
2568
2569
2588
2589
2592
2593
2596
2597
2600
2601
2620
2621
2624
2625
2628
2629
2632
2633
2652
2653
2784
2785
2788
2789
2792
2793
2812
2813
3584
3585
3586
3591
3592
3593
3594
3599
3600
3601
3602
3607
3640
3641
3642
3647
3648
3649
3650
3655
3656
3657
3658
3663
3664
3665
3666
3671
3704
3705
3706
3711
3712
3713
3714
3719
3720
3721
3722
3727
3728
3729
3730
3735
3768
3769
3770
3775
3840
3841
3844
3845
3848
3849
3868
3869
3872
3873
3876
3877
3880
3881
3900
3901
3904
3905
3908
3909
3912
3913
3932
3933
4032
4033
4034
4039
4040
4041
4042
4047
4048
4049
4050
4055
4064
4065
4068
4069
4072
4073
4088
4089
4090
4092
4093
4095
4096
4097
4098
4100
4101
4103
4104
4105
4106
4111
4112
4113
4114
4119
4124
4125
4128
4129
4132
4133
4136
4137
4152
4153
4154
4156
4157
4159
4160
4161
4162
4164
4165
4167
4168
4169
4170
4175
4176
4177
4178
4183
4188
4189
4216
4217
4218
4223
4224
4225
4226
4231
4232
4233
4234
4239
4240
4241
4242
4247
4280
4281
4282
4287
4320
4321
4324
4325
4328
4329
4348
4349
4352
4353
4356
4357
4360
4361
4380
4381
4384
4385
4388
4389
4392
4393
4412
4413
4416
4417
4420
4421
4424
4425
4444
4445
4544
4545
4546
4551
4552
4553
4554
4559
4560
4561
4562
4567
4576
4577
4580
4581
4584
4585
4600
4601
4602
4604
4605
4607
4608
4609
4610
4612
4613
4615
4616
4617
4618
4623
4624
4625
4626
4631
4636
4637
4640
4641
4644
4645
4648
4649
4664
4665
4666
4668
4669
4671
4672
4673
4674
4676
4677
4679
4680
4681
4682
4687
4688
4689
4690
4695
4700
4701
4728
4729
4730
4735
4736
4737
4738
4743
4744
4745
4746
4751
4752
4753
4754
4759
4792
4793
4794
4799
4832
4833
4836
4837
4840
4841
4860
4861
5056
5057
5058
5063
5064
5065
5066
5071
5072
5073
5074
5079
5112
5113
5114
5119
5120
5121
5122
5127
5128
5129
5130
5135
5136
5137
5138
5143
5176
5177
5178
5183
5184
5185
5186
5191
5192
5193
5194
5199
5200
5201
5202
5207
5240
5241
5242
5247
5248
5249
5250
5255
5256
5257
5258
5263
5264
5265
5266
5271
5304
5305
5306
5311
5568
5569
5570
5575
5576
5577
5578
5583
5584
5585
5586
5591
5624
5625
5626
5631
7680
7681
7682
7687
7688
7689
7690
7695
7696
7697
7698
7703
7736
7737
7738
7743
7744
7745
7746
7751
7752
7753
7754
7759
7760
7761
7762
7767
7800
7801
7802
7807
7808
7809
7810
7815
7816
7817
7818
7823
7824
7825
7826
7831
7864
7865
7866
7871
8128
8129
8130
8135
8136
8137
8138
8143
8144
8145
8146
8151
8184
8185
8186
8191
8192
8193
8194
8199
8200
8201
8202
8207
8208
8209
8210
8215
8248
8249
8250
8255
8256
8257
8258
8263
8264
8265
8266
8271
8272
8273
8274
8279
8312
8313
8314
8319
8320
8321
8322
8327
8328
8329
8330
8335
8336
8337
8338
8343
8376
8377
8378
8383
8640
8641
8642
8647
8648
8649
8650
8655
8656
8657
8658
8663
8696
8697
8698
8703
8704
8705
8706
8711
8712
8713
8714
8719
8720
8721
8722
8727
8760
8761
8762
8767
8768
8769
8770
8775
8776
8777
8778
8783
8784
8785
8786
8791
8824
8825
8826
8831
8832
8833
8834
8839
8840
8841
8842
8847
8848
8849
8850
8855
8888
8889
8890
8895
9152
9153
9154
9159
9160
9161
9162
9167
9168
9169
9170
9175
9208
9209
9210
9215
9216
9217
9218
9223
9224
9225
9226
9231
9232
9233
9234
9239
9272
9273
9274
9279
9280
9281
9282
9287
9288
9289
9290
9295
9296
9297
9298
9303
9336
9337
9338
9343
9344
9345
9346
9351
9352
9353
9354
9359
9360
9361
9362
9367
9400
9401
9402
9407
9664
9665
9666
9671
9672
9673
9674
9679
9680
9681
9682
9687
9720
9721
9722
9727
