2
4
5
6
7
8
9
10
11
12
13
14
15
16
17
18
29
30
31
32
33
34
35
36
37
38
39
40
41
42
43
44
45
46
47
48
49
50
51
52
53
54
55
56
57
58
59
60
61
62
63
64
65
66
67
68
69
70
71
72
73
74
75
76
77
78
79
80
81
82
83
84
85
86
87
88
89
90
91
92
93
94
95
96
97
98
99
100
101
102
103
104
105
106
107
108
109
110
111
112
113
114
115
116
117
118
119
120
121
122
123
124
125
126
127
128
129
130
132
133
134
135
136
137
138
140
142
143
144
145
146
225
226
228
229
230
232
233
234
236
237
238
240
241
242
243
247
248
249
253
256
257
258
260
261
262
264
265
266
268
270
271
272
273
274
276
277
278
280
281
282
284
285
286
287
288
289
290
291
292
293
294
295
296
297
298
300
301
302
304
305
306
308
309
310
312
313
314
315
316
317
318
320
321
322
323
324
325
326
327
328
329
330
331
332
333
334
335
336
337
338
340
341
342
343
344
345
346
347
348
349
350
351
352
353
354
355
356
357
358
359
360
361
362
364
365
366
367
368
369
370
371
372
373
374
375
376
377
378
379
380
381
382
383
384
385
386
388
389
390
391
392
393
394
395
396
397
398
399
400
401
402
403
404
405
406
407
408
409
410
412
413
414
415
416
417
418
419
420
421
422
423
424
425
427
428
429
430
431
432
433
434
435
436
437
438
439
440
441
442
443
444
445
446
447
448
449
450
451
452
453
454
455
456
457
458
459
460
461
462
463
464
465
466
467
468
469
470
471
472
473
474
475
476
477
478
479
480
481
482
484
485
486
487
488
489
490
491
492
493
494
495
496
497
498
499
500
501
502
503
504
505
506
507
508
509
510
512
513
514
516
517
518
519
520
521
522
523
524
525
526
527
528
529
530
531
532
533
534
535
536
537
538
539
540
541
542
543
544
545
546
547
548
549
550
551
552
553
554
556
557
558
559
560
561
562
563
564
565
566
567
568
569
570
571
572
573
574
575
576
577
578
579
580
581
582
583
584
585
586
587
588
589
590
591
592
593
594
596
597
598
599
600
601
602
603
604
605
606
607
608
609
610
611
612
613
614
615
616
617
618
619
620
621
622
623
624
625
626
627
628
629
630
631
632
633
634
635
636
638
639
640
641
642
644
646
647
648
649
650
651
652
653
654
655
656
657
658
660
661
662
663
664
665
666
667
668
669
671
672
673
674
676
678
679
681
684
685
686
687
688
689
690
691
692
693
694
695
696
697
698
699
700
701
702
703
704
705
708
710
711
712
713
714
715
716
717
719
720
721
722
725
726
727
728
729
730
731
732
733
734
735
736
737
740
741
742
743
744
745
746
747
748
749
751
752
753
755
756
759
760
761
762
764
765
766
767
768
769
770
772
774
775
776
777
778
779
780
781
782
783
784
785
786
788
791
793
794
795
796
797
798
799
800
801
802
804
806
807
809
812
813
814
815
816
817
820
821
822
823
824
825
826
827
828
829
830
831
832
833
836
838
839
840
841
842
843
844
845
848
849
850
852
854
855
856
857
858
859
860
861
862
863
864
865
866
868
870
871
872
873
874
875
876
877
878
879
880
881
882
884
885
886
887
888
889
890
891
893
894
896
897
902
906
908
911
912
913
914
916
917
919
921
924
926
927
928
929
930
932
934
935
936
937
940
941
943
944
945
948
950
951
952
953
954
956
959
960
961
962
964
966
968
969
970
971
972
975
976
977
978
980
982
983
984
988
989
991
992
993
994
996
998
999
1000
1002
1003
1007
1016
1017
1018
1024
1025
1026
1032
1033
1034
1036
1039
1040
1041
1042
1088
1089
1090
1096
1097
1098
1100
1103
1104
1105
1106
1111
1119
1120
1121
1122
1124
1127
1132
1140
1143
1144
1145
1146
1148
1152
1153
1154
1160
1161
1162
1164
1167
1168
1169
1170
1821
1824
1825
1826
1828
1849
1863
1891
1895
1896
1920
1921
1928
1932
1936
2048
2049
2052
2053
2054
2056
2057
2080
2081
2084
2085
2086
2088
2089
2096
2097
2098
2102
2106
2108
2109
2110
2112
2113
2116
2117
2118
2120
2121
2138
2142
2144
2145
2146
2190
2191
2235
2240
2241
2242
2243
2244
2270
2287
2296
2304
2305
2308
2309
2310
2312
2313
2322
2336
2337
2340
2341
2342
2344
2345
2352
2353
2354
2358
2362
2364
2365
2366
2368
2369
2372
2373
2374
2376
2377
2390
2394
2396
2397
2398
2422
2426
2428
2429
2430
2432
2433
2436
2437
2438
2440
2441
2448
2449
2450
2454
2458
2460
2461
2462
2463
2464
2465
2468
2480
2481
2482
2496
2497
2502
2503
2504
2505
2510
2512
2513
2514
2516
2518
2519
2522
2524
2525
2526
2527
2528
2529
2532
2533
2534
2535
2536
2537
2540
2542
2543
2544
2545
2546
2560
2561
2564
2565
2566
2568
2569
2588
2592
2593
2596
2597
2598
2600
2601
2608
2609
2610
2614
2618
2620
2621
2622
2624
2625
2628
2629
2630
2632
2633
2657
2663
2665
2668
2732
2736
2737
2738
2739
2741
2742
2766
2768
2769
2770
2772
2774
2775
2778
2780
2781
2782
2784
2785
2788
2789
2790
2792
2793
2800
2801
2802
2804
2808
2809
2810
2812
2814
2815
2816
2817
2818
2822
2823
2824
2825
2830
2836
2838
2839
2847
2848
2849
2852
2868
2872
2873
2876
2878
2911
2912
2913
2916
2919
2924
2926
2927
2928
2929
2932
2936
2937
2940
2942
2944
2945
2950
2951
2952
2953
2975
2976
2977
2980
2992
2993
2994
3008
3009
3014
3015
3016
3017
3022
3024
3025
3026
3028
3030
3031
3034
3036
3037
3038
3039
3040
3041
3044
3045
3046
3047
3048
3049
3052
3054
3055
3056
3057
3058
3072
3073
3076
3077
3078
3079
3080
3081
3082
3083
3084
3085
3104
3105
3108
3109
3110
3111
3112
3113
3116
3118
3119
3120
3121
3122
3124
3126
3127
3128
3129
3130
3131
3132
3133
3134
3136
3137
3140
3141
3142
3143
3144
3145
3146
3147
3148
3149
3150
3152
3153
3156
3158
3159
3160
3161
3162
3163
3164
3165
3166
3168
3169
3174
3175
3176
3177
3178
3179
3180
3181
3190
3194
3196
3197
3198
3200
3201
3204
3205
3206
3208
3209
3216
3217
3218
3222
3226
3228
3229
3230
3248
3249
3250
3277
3278
3280
3281
3282
3284
3285
3286
3287
3289
3290
3292
3293
3294
3296
3297
3300
3301
3302
3304
3305
3312
3313
3314
3316
3320
3321
3324
3326
3328
3329
3334
3335
3336
3337
3342
3348
3350
3351
3359
3360
3361
3364
3390
3391
3398
3400
3401
3404
3414
3418
3420
3421
3422
3444
3446
3450
3452
3453
3454
3456
3457
3460
3461
3462
3463
3464
3465
3466
3467
3468
3469
3472
3473
3474
3478
3482
3484
3485
3486
3504
3505
3510
3511
3512
3513
3514
3515
3516
3517
3519
3520
3521
3524
3526
3527
3528
3529
3530
3531
3532
3533
3536
3537
3542
3543
3544
3545
3546
3547
3548
3549
3552
3553
3558
3559
3560
3561
3562
3563
3564
3565
3567
3584
3585
3590
3591
3592
3593
3594
3595
3596
3597
3623
3628
3630
3631
3632
3633
3636
3638
3639
3640
3641
3642
3643
3644
3645
3646
3648
3649
3650
3652
3654
3655
3656
3657
3658
3659
3660
3661
3662
3664
3665
3668
3670
3671
3672
3673
3674
3675
3676
3677
3678
3680
3681
3686
3687
3688
3689
3690
3691
3692
3693
3694
3695
3696
3697
3698
3702
3706
3708
3709
3710
3712
3713
3716
3717
3718
3719
3720
3721
3722
3723
3724
3725
3726
3728
3729
3730
3732
3734
3735
3738
3740
3741
3742
3743
3744
3745
3748
3751
3756
3758
3759
3760
3761
3762
3764
3766
3767
3768
3769
3770
3771
3772
3773
3774
3776
3777
3782
3783
3784
3785
3786
3787
3788
3789
3790
3792
3793
3794
3796
3798
3799
3800
3801
3802
3803
3804
3805
3806
3808
3809
3812
3813
3814
3815
3816
3817
3818
3819
3820
3821
3824
3825
3826
3828
3832
3833
3836
3838
3840
3841
3844
3845
3846
3847
3848
3849
3850
3851
3852
3853
3854
3860
3862
3863
3871
3872
3873
3876
3877
3878
3880
3881
3888
3889
3890
3892
3894
3895
3896
3897
3898
3899
3900
3901
3902
3904
3905
3908
3909
3910
3911
3912
3913
3914
3915
3916
3917
3920
3921
3926
3927
3928
3929
3930
3931
3932
3933
3934
3935
3936
3937
3940
3942
3943
3944
3945
3946
3947
3948
3949
3950
3951
3952
3953
3956
3958
3960
3961
3962
3964
3965
3966
3968
3969
3972
3973
3974
3975
3976
3977
3984
3985
3986
3990
3994
3996
3997
3998
4096
4097
4098
4100
4101
4102
4103
4104
4105
4106
4107
4108
4109
4111
4112
4113
4114
4128
4129
4132
4133
4134
4135
4136
4137
4140
4142
4143
4144
4145
4146
4148
4150
4151
4152
4153
4154
4155
4156
4157
4158
4160
4161
4162
4164
4165
4166
4167
4168
4169
4170
4171
4172
4173
4174
4175
4176
4177
4178
4180
4182
4183
4184
4185
4186
4187
4188
4189
4191
4192
4193
4194
4196
4198
4199
4200
4201
4202
4203
4204
4205
4212
4215
4216
4217
4218
4220
4224
4225
4226
4232
4233
4234
4236
4239
4240
4241
4242
4352
4353
4356
4357
4358
4360
4361
4384
4385
4388
4389
4390
4392
4393
4400
4401
4402
4404
4406
4408
4409
4410
4412
4413
4414
4416
4417
4420
4421
4422
4424
4425
4438
4442
4444
4445
4446
4447
4448
4449
4452
4455
4460
4462
4463
4464
4465
4468
4470
4472
4473
4474
4476
4477
4478
4480
4481
4484
4485
4486
4487
4488
4489
4490
4491
4492
4493
4496
4497
4498
4502
4506
4508
4509
4510
4511
4512
4513
4516
4528
4529
4530
4534
4535
4536
4537
4538
4539
4540
4541
4544
4545
4550
4551
4552
4553
4554
4555
4556
4557
4558
4560
4561
4562
4564
4566
4567
4568
4569
4570
4571
4572
4573
4574
4575
4576
4577
4580
4581
4582
4583
4584
4585
4586
4587
4588
4589
4590
4591
4592
4593
4594
4608
4609
4610
4612
4613
4614
4615
4616
4617
4618
4619
4620
4621
4623
4624
4625
4626
4640
4641
4644
4645
4646
4647
4648
4649
4652
4654
4655
4656
4657
4658
4660
4662
4663
4664
4665
4666
4667
4668
4669
4670
4672
4673
4674
4676
4677
4678
4679
4680
4681
4682
4683
4684
4685
4686
4687
4688
4689
4690
4692
4694
4695
4696
4697
4698
4699
4700
4701
4703
4704
4705
4706
4708
4710
4711
4712
4713
4714
4715
4716
4717
4718
4719
4720
4721
4724
4727
4728
4729
4730
4732
4736
4737
4738
4742
4743
4744
4745
4746
4747
4748
4749
4750
4751
4752
4753
4754
4756
4758
4759
4767
4768
4769
4772
4775
4780
4782
4783
4784
4785
4788
4790
4791
4792
4793
4794
4795
4796
4797
4798
4800
4801
4806
4807
4808
4809
4810
4811
4812
4813
4816
4817
4822
4823
4824
4825
4826
4827
4828
4829
4832
4833
4838
4839
4840
4841
4842
4843
4844
4845
4852
4855
4856
4857
4858
4860
4864
4865
4866
4870
4871
4872
4873
4874
4875
4876
4877
4879
4880
4881
4882
4887
4895
4896
4897
4898
4900
4903
4908
4912
4913
4916
4918
4919
4920
4921
4922
4923
4924
4925
4926
4928
4929
4934
4935
4936
4937
4938
4939
4940
4941
4944
4945
4950
4951
4952
4953
4954
4955
4956
4957
4959
4960
4961
4962
4964
4966
4967
4968
4969
4970
4971
4972
4973
4974
4975
4976
4977
4980
4984
4985
4988
4990
4992
4993
4998
4999
5000
5001
5015
5023
5024
5025
5026
5028
5031
5036
5044
5047
5048
5049
5050
5052
5056
5057
5058
5064
5065
5066
5068
5071
5072
5073
5074
5079
5087
5088
5089
5090
5092
5095
5120
5121
5122
5126
5127
5128
5129
5130
5131
5132
5133
5135
5136
5137
5138
5168
5169
5174
5175
5176
5177
5178
5179
5180
5181
5184
5185
5186
5190
5191
5192
5193
5194
5195
5196
5197
5199
5200
5201
5202
5206
5207
5208
5209
5210
5211
5212
5213
5215
5216
5217
5218
5220
5222
5223
5224
5225
5226
5227
5228
5229
5230
5231
5232
5233
5236
5239
5240
5241
5242
5244
5248
5249
5250
5256
5257
5258
5260
5262
5263
5264
5265
5266
5268
5270
5271
5279
5280
5281
5284
5287
5292
5294
5295
5296
5297
5300
5304
5305
5308
5310
5326
5332
5334
5335
5364
5368
5369
5372
5374
5376
5377
5382
5383
5384
5385
5390
5396
5398
5399
5407
5408
5409
5412
5428
5432
5433
5436
5438
5463
5471
5472
5473
5474
5476
5479
5484
5486
5487
5488
5489
5492
5496
5497
5500
5502
5504
5505
5510
5511
5512
5513
5514
5515
5516
5517
5527
5535
5536
5537
5538
5540
5543
5548
5552
5553
5556
5558
5559
5560
5561
5562
5563
5564
5565
5568
5569
5570
5574
5575
5576
5577
5578
5579
5580
5581
5582
5583
5584
5585
5586
5588
5590
5591
5592
5593
5594
5595
5596
5597
5599
5600
5601
5602
5604
5606
5607
5608
5609
5610
5611
5612
5613
5614
5615
5616
5617
5632
5633
5638
5639
5640
5641
5642
5643
5644
5645
5680
5681
5686
5687
5688
5689
5690
5691
5692
5693
5696
5697
5702
5703
5704
5705
5706
5707
5708
5709
5712
5713
5718
5719
5720
5721
5722
5723
5724
5725
5728
5729
5734
5735
5736
5737
5738
5739
5740
5741
5760
5761
5766
5767
5768
5769
5770
5771
5772
5773
5808
5809
5814
5815
5816
5817
5818
5819
5820
5821
5824
5825
5830
5831
5832
5833
5834
5835
5836
5837
5840
5841
5846
5847
5848
5849
5850
5851
5852
5853
5856
5857
5862
5863
5864
5865
5866
5867
5868
5869
5888
5889
5894
5895
5896
5897
5898
5899
5900
5901
5936
5937
5942
5943
5944
5945
5946
5947
5948
5949
5952
5953
5958
5959
5960
5961
5962
5963
5964
5965
5968
5969
5974
5975
5976
5977
5978
5979
5980
5981
5983
5984
5985
5986
5988
5990
5991
5992
5993
5994
5995
5996
5997
6039
6047
6048
6049
6050
6052
6055
6060
6068
6071
6072
6073
6074
6076
6080
6081
6082
6088
6089
6090
6092
6095
6096
6097
6098
6103
6111
6112
6113
6114
6116
6119
6144
6145
6146
6150
6151
6152
6153
6154
6155
6156
6157
6159
6160
6161
6162
6192
6193
6198
6199
6200
6201
6202
6203
6204
6205
6208
6209
6210
6214
6215
6216
6217
6218
6219
6220
6221
6223
6224
6225
6226
6230
6231
6232
6233
6234
6235
6236
6237
6239
6240
6241
6242
6244
6246
6247
6248
6249
6250
6251
6252
6253
6260
6263
6264
6265
6266
6268
6272
6273
6274
6280
6281
6282
6284
6287
6288
6289
6290
6316
6324
6327
6328
6329
6330
6332
6380
6388
6391
6392
6393
6394
6396
6400
6401
6402
6408
6409
6410
6412
6415
6416
6417
6418
6423
6431
6432
6433
6434
6436
6439
6444
6452
6455
6456
6457
6458
6460
6487
6495
6496
6497
6498
6500
6503
6528
6529
6534
6535
6536
6537
6538
6539
6540
6541
6551
6559
6560
6561
6562
6564
6567
6572
6576
6577
6580
6582
6583
6584
6585
6586
6587
6588
6589
6592
6593
6594
6598
6599
6600
6601
6602
6603
6604
6605
6607
6608
6609
6610
6614
6615
6616
6617
6618
6619
6620
6621
6623
6624
6625
6626
6628
6630
6631
6632
6633
6634
6635
6636
6637
6656
6657
6662
6663
6664
6665
6666
6667
6668
6669
6704
6705
6710
6711
6712
6713
6714
6715
6716
6717
6720
6721
6726
6727
6728
6729
6730
6731
6732
6733
6736
6737
6742
6743
6744
6745
6746
6747
6748
6749
6752
6753
6758
6759
6760
6761
6762
6763
6764
6765
6784
6785
6790
6791
6792
6793
6794
6795
6796
6797
6828
6832
6833
6836
6838
6839
6840
6841
6842
6843
6844
6845
6848
6849
6854
6855
6856
6857
6858
6859
6860
6861
6864
6865
6870
6871
6872
6873
6874
6875
6876
6877
6880
6881
6886
6887
6888
6889
6890
6891
6892
6893
6900
6903
6904
6905
6906
6908
6912
6913
6914
6918
6919
6920
6921
6922
6923
6924
6925
6927
6928
6929
6930
6935
6943
6944
6945
6946
6948
6951
6956
6960
6961
6964
6966
6967
6968
6969
6970
6971
6972
6973
6976
6977
6982
6983
6984
6985
6986
6987
6988
6989
6992
6993
6998
6999
7000
7001
7002
7003
7004
7005
7008
7009
7014
7015
7016
7017
7018
7019
7020
7021
7340
7348
7351
7352
7353
7354
7356
7404
7412
7415
7416
7417
7418
7420
7424
7425
7426
7432
7433
7434
7436
7439
7440
7441
7442
7447
7455
7456
7457
7458
7460
7463
7468
7476
7479
7480
7481
7482
7484
7511
7519
7520
7521
7522
7524
7527
7575
7583
7584
7585
7586
7588
7591
7596
7604
7607
7608
7609
7610
7612
7616
7617
7618
7624
7625
7626
7628
7631
7632
7633
7634
7639
7647
7648
7649
7650
7652
7655
7680
7681
7682
7688
7689
7690
7692
7695
7696
7697
7698
7744
7745
7746
7752
7753
7754
7756
7759
7760
7761
7762
7767
7775
7776
7777
7778
7780
7783
7788
7796
7799
7800
7801
7802
7804
7808
7809
7810
7816
7817
7818
7820
7823
7824
7825
7826
7852
7860
7863
7864
7865
7866
7868
7916
7924
7927
7928
7929
7930
7932
7936
7937
7938
7944
7945
7946
7948
7951
7952
7953
7954
7959
7967
7968
7969
7970
7972
7975
7980
7988
7991
7992
7993
7994
7996
8192
8193
8194
8200
8201
8202
8204
8207
8208
8209
8210
8256
8257
8258
8264
8265
8266
8268
8271
8272
8273
8274
8279
8287
8288
8289
8290
8292
8295
8300
8308
8311
8312
8313
8314
8316
8320
8321
8322
8328
8329
8330
8332
8335
8336
8337
8338
8704
8705
8706
8712
8713
8714
8716
8719
8720
8721
8722
8768
8769
8770
8776
8777
8778
8780
8783
8784
8785
8786
8791
8799
8800
8801
8802
8804
8807
8812
8820
8823
8824
8825
8826
8828
8832
8833
8834
8840
8841
8842
8844
8847
8848
8849
8850
8876
8884
8887
8888
8889
8890
8892
8940
8948
8951
8952
8953
8954
8956
8960
8961
8962
8968
8969
8970
8972
8975
8976
8977
8978
8983
8991
8992
8993
8994
8996
8999
9004
9012
9015
9016
9017
9018
9020
9047
9055
9056
9057
9058
9060
9063
9111
9119
9120
9121
9122
9124
9127
9132
9140
9143
9144
9145
9146
9148
9152
9153
9154
9160
9161
9162
9164
9167
9168
9169
9170
9175
9183
9184
9185
9186
9188
9191
9216
9217
9218
9224
9225
9226
9228
9231
9232
9233
9234
9280
9281
9282
9288
9289
9290
9292
9295
9296
9297
9298
9303
9311
9312
9313
9314
9316
9319
9324
9332
9335
9336
9337
9338
9340
9344
9345
9346
9352
9353
9354
9356
9359
9360
9361
9362
16384
16385
16388
16389
16390
16392
16393
16416
16417
16420
16421
16422
16424
16425
16432
16433
16434
16438
16442
16444
16445
16446
16448
16449
16452
16453
16454
16456
16457
16640
16641
16644
16645
16646
16648
16649
19662
19668
19670
19671
19700
19704
19705
19708
19710
19712
19713
19718
19719
19720
19721
19726
19732
19734
19735
19743
19744
19745
19748
19968
19969
19974
19975
19976
19977
24576
24577
24582
24583
24584
24585
24586
24587
24588
24589
24624
24625
24630
24631
24632
24633
24634
24635
24636
24637
24640
24641
24646
24647
24648
24649
24650
24651
24652
24653
24656
24657
24662
24663
24664
24665
24666
24667
24668
24669
24672
24673
24678
24679
24680
24681
24682
24683
24684
24685
24960
24961
24966
24967
24968
24969
24970
24971
24972
24973
32768
32769
32770
32776
32777
32778
32780
32783
32784
32785
32786
32832
32833
32834
32840
32841
32842
32844
32847
32848
32849
32850
32855
32863
32864
32865
32866
32868
32871
32876
32884
32887
32888
32889
32890
32892
32896
32897
32898
32904
32905
32906
32908
32911
32912
32913
32914
33280
33281
33282
33288
33289
33290
33292
33295
33296
33297
33298
