2
3
4
5
6
7
8
9
10
11
12
13
14
15
16
17
18
19
20
21
22
23
24
25
26
27
28
29
30
31
32
33
34
35
36
37
38
39
40
41
42
43
44
45
46
47
48
49
50
51
52
53
54
55
56
57
58
59
60
61
62
63
64
65
66
67
68
69
70
71
72
73
74
75
76
77
78
79
80
81
82
83
84
85
86
87
88
89
90
91
92
93
94
95
96
97
98
99
100
101
102
103
104
105
106
107
108
109
110
111
112
113
114
115
116
117
118
119
120
121
122
123
124
125
126
127
128
129
130
131
132
133
134
135
136
137
138
139
140
141
142
143
144
145
146
147
148
149
150
151
152
153
154
155
156
157
158
159
160
161
162
163
164
165
166
167
168
169
170
171
172
173
174
175
176
177
178
179
180
181
182
183
184
185
186
187
188
189
190
191
192
193
194
195
196
197
198
199
200
201
202
203
204
205
206
207
208
209
210
211
212
213
214
215
216
217
218
219
220
221
222
223
224
225
226
227
228
229
230
231
232
233
234
235
236
237
238
239
240
241
242
243
244
245
246
247
248
249
250
251
252
253
254
256
257
258
259
260
261
262
263
264
265
266
267
268
269
270
271
272
273
274
275
276
277
278
279
280
281
282
283
284
285
286
287
288
289
290
291
292
293
294
295
296
297
298
299
300
301
302
303
304
305
306
307
308
309
310
311
312
313
314
315
316
317
318
319
320
321
322
323
324
325
326
327
328
329
330
331
332
333
334
335
336
337
338
339
340
341
342
343
344
345
346
347
348
349
350
351
352
353
354
355
356
357
358
359
360
361
362
363
364
365
366
367
368
369
370
371
372
373
374
375
376
377
378
379
380
381
382
384
385
386
387
388
389
390
391
392
393
394
395
396
397
398
399
400
401
402
403
404
405
406
407
408
409
410
411
412
413
414
415
416
417
418
419
420
421
422
423
424
425
426
427
428
429
430
431
432
433
434
435
436
437
438
439
440
441
442
443
444
445
446
447
448
449
450
451
452
453
454
455
456
457
458
459
460
461
462
463
464
465
466
467
468
469
470
471
472
473
474
475
476
477
478
479
480
481
482
483
484
485
486
487
488
489
490
491
492
493
494
495
496
497
498
499
500
501
502
503
504
505
506
507
512
513
514
515
516
517
518
519
520
521
522
523
524
525
526
527
528
529
530
531
532
533
534
535
536
537
538
539
540
541
542
543
544
545
546
547
548
549
550
551
552
553
554
555
556
557
558
559
560
561
562
563
564
565
566
567
568
569
570
571
572
573
574
576
577
578
579
580
581
582
583
584
585
586
587
588
589
590
591
592
593
594
595
596
597
598
599
600
601
602
603
604
605
606
607
608
609
610
611
612
613
614
615
616
617
618
619
620
621
622
623
624
625
626
627
628
629
630
631
632
633
634
636
637
638
640
641
642
643
644
645
646
647
648
649
650
651
652
653
654
655
656
657
658
659
660
661
662
663
664
665
666
667
668
669
670
671
672
673
674
675
676
677
678
679
680
681
682
683
684
685
686
687
688
689
690
691
692
693
694
695
696
697
698
699
700
701
702
703
704
705
706
707
708
709
710
711
712
713
714
715
716
717
718
719
720
721
722
723
724
725
726
727
728
729
730
731
732
733
734
735
736
737
738
739
740
741
742
743
744
745
746
747
748
749
750
751
752
753
754
755
756
757
758
759
760
761
768
769
770
771
772
773
774
775
776
777
778
779
780
781
782
783
784
785
786
787
788
789
790
791
792
793
794
795
796
797
798
799
800
801
802
803
804
805
806
808
809
810
811
812
813
814
816
817
818
819
820
821
822
823
824
825
826
827
828
829
830
831
832
833
834
835
836
837
838
839
840
841
842
843
844
845
846
847
848
849
850
851
852
853
854
855
856
857
858
859
860
861
862
863
864
865
866
867
868
869
870
871
872
873
874
875
876
877
878
879
880
881
882
883
884
885
886
887
888
890
892
893
894
896
897
898
899
900
901
902
903
904
905
906
907
908
909
910
911
912
913
914
915
916
917
918
919
920
921
922
923
924
925
926
927
928
929
930
932
933
934
935
936
937
938
939
940
941
942
944
945
946
948
949
950
951
952
953
954
955
956
957
958
959
960
961
962
964
965
968
969
972
973
974
976
977
978
980
981
982
985
986
988
989
990
992
993
994
996
997
998
1000
1001
1002
1004
1005
1006
1008
1009
1010
1012
1014
1024
1025
1026
1027
1028
1029
1030
1031
1032
1033
1034
1035
1036
1037
1038
1040
1041
1042
1043
1044
1045
1046
1047
1048
1049
1050
1051
1052
1053
1054
1056
1057
1058
1059
1060
1061
1062
1063
1064
1065
1066
1067
1068
1069
1070
1072
1073
1074
1075
1076
1077
1078
1079
1080
1081
1082
1083
1084
1085
1086
1088
1089
1090
1091
1092
1093
1094
1095
1096
1097
1098
1099
1100
1101
1102
1104
1105
1106
1107
1108
1109
1110
1111
1112
1113
1114
1115
1116
1117
1118
1120
1121
1122
1123
1124
1125
1126
1127
1128
1129
1130
1131
1132
1133
1134
1136
1137
1138
1139
1140
1141
1142
1152
1153
1154
1155
1156
1157
1158
1159
1160
1161
1162
1163
1164
1165
1166
1168
1169
1170
1171
1172
1173
1174
1175
1176
1177
1178
1179
1180
1181
1182
1184
1185
1186
1187
1188
1189
1190
1191
1192
1193
1194
1195
1196
1197
1198
1200
1201
1202
1203
1204
1205
1206
1207
1208
1209
1210
1211
1212
1213
1214
1216
1217
1218
1219
1220
1221
1222
1223
1224
1225
1226
1227
1228
1229
1230
1232
1233
1234
1235
1236
1237
1238
1239
1240
1241
1242
1243
1244
1245
1246
1248
1249
1250
1251
1252
1253
1254
1255
1256
1257
1258
1259
1260
1261
1262
1264
1265
1266
1267
1280
1281
1282
1283
1284
1285
1286
1287
1288
1289
1290
1291
1292
1293
1294
1296
1297
1298
1299
1300
1301
1302
1303
1304
1305
1306
1307
1308
1309
1310
1312
1313
1314
1315
1316
1317
1318
1319
1320
1321
1322
1323
1324
1325
1326
1328
1329
1330
1331
1332
1333
1334
1335
1336
1337
1338
1339
1340
1341
1342
1344
1345
1346
1347
1348
1349
1350
1351
1352
1353
1354
1355
1356
1357
1358
1360
1361
1362
1363
1364
1365
1366
1367
1368
1369
1370
1371
1372
1373
1374
1376
1377
1378
1379
1380
1381
1382
1383
1384
1385
1386
1387
1388
1389
1390
1392
1393
1394
1395
1396
1397
1398
1402
1404
1405
1406
1408
1409
1410
1411
1412
1413
1414
1415
1416
1417
1418
1419
1420
1421
1422
1424
1425
1426
1427
1428
1429
1430
1431
1432
1433
1434
1435
1436
1437
1438
1440
1441
1442
1443
1444
1445
1446
1447
1448
1449
1450
1451
1452
1453
1454
1456
1457
1458
1459
1460
1461
1462
1463
1464
1465
1466
1467
1468
1469
1470
1472
1473
1474
1475
1476
1477
1478
1479
1480
1481
1482
1483
1485
1486
1488
1489
1490
1491
1492
1493
1494
1495
1496
1497
1498
1499
1500
1501
1502
1504
1505
1506
1507
1508
1510
1511
1512
1513
1514
1515
1516
1517
1518
1520
1521
1522
1523
1536
1537
1538
1539
1540
1541
1542
1543
1544
1545
1546
1547
1548
1549
1550
1552
1553
1554
1555
1556
1557
1558
1559
1560
1561
1562
1563
1564
1565
1566
1568
1569
1570
1571
1572
1573
1574
1575
1576
1577
1578
1579
1580
1581
1582
1584
1585
1586
1587
1588
1589
1590
1591
1592
1593
1594
1595
1596
1597
1598
1600
1601
1602
1603
1604
1605
1606
1607
1608
1609
1610
1611
1612
1613
1616
1617
1618
1619
1620
1621
1622
1623
1624
1625
1626
1627
1628
1629
1632
1633
1634
1635
1636
1637
1640
1641
1642
1643
1644
1645
1646
1648
1649
1652
1653
1654
1658
1660
1661
1662
1664
1665
1666
1667
1668
1669
1670
1671
1672
1673
1674
1675
1676
1677
1680
1681
1682
1683
1684
1685
1686
1687
1688
1689
1690
1691
1692
1693
1694
1696
1697
1698
1699
1700
1701
1702
1703
1704
1705
1706
1707
1708
1709
1710
1712
1713
1714
1715
1716
1717
1718
1719
1720
1721
1722
1723
1724
1725
1726
1728
1729
1730
1731
1732
1733
1734
1735
1736
1737
1738
1739
1740
1741
1742
1744
1745
1746
1747
1748
1749
1750
1751
1752
1753
1754
1755
1756
1757
1758
1760
1761
1762
1763
1764
1765
1768
1769
1770
1771
1772
1773
1774
1776
1777
1792
1793
1794
1795
1796
1797
1800
1801
1802
1803
1804
1805
1806
1808
1809
1810
1811
1812
1813
1814
1816
1817
1818
1819
1820
1821
1822
1824
1825
1826
1827
1828
1829
1832
1833
1834
1835
1836
1837
1844
1845
1846
1850
1852
1853
1854
1856
1857
1858
1859
1860
1861
1864
1865
1866
1867
1868
1869
1870
1872
1873
1874
1875
1876
1877
1878
1880
1881
1882
1883
1884
1885
1888
1889
1890
1891
1892
1893
1896
1897
1898
1899
1900
1901
1902
1904
1905
1908
1909
1910
1914
1916
1917
1918
1920
1921
1922
1924
1928
1929
1930
2048
2049
2050
2051
2052
2053
2054
2055
2056
2057
2058
2059
2060
2061
2062
2064
2065
2066
2067
2068
2069
2070
2071
2072
2073
2074
2075
2076
2077
2080
2081
2082
2083
2084
2085
2086
2087
2088
2089
2090
2091
2092
2093
2094
2096
2097
2098
2099
2100
2101
2102
2103
2104
2105
2106
2107
2112
2113
2114
2115
2116
2117
2118
2119
2120
2121
2122
2123
2124
2125
2126
2128
2129
2130
2131
2132
2133
2134
2135
2136
2137
2138
2139
2140
2141
2144
2145
2146
2147
2148
2149
2150
2152
2153
2154
2155
2156
2157
2158
2160
2161
2162
2164
2165
2166
2176
2177
2178
2179
2180
2181
2182
2183
2184
2185
2186
2187
2188
2189
2190
2192
2193
2194
2195
2196
2197
2198
2199
2200
2201
2202
2203
2204
2205
2208
2209
2210
2211
2212
2213
2214
2215
2216
2217
2218
2219
2220
2221
2222
2224
2225
2226
2227
2228
2229
2230
2231
2232
2233
2234
2235
2240
2241
2242
2243
2244
2245
2246
2247
2248
2249
2250
2251
2252
2253
2256
2257
2258
2259
2260
2261
2262
2263
2264
2265
2266
2267
2268
2269
2272
2273
2274
2275
2276
2277
2280
2281
2282
2283
2284
2285
2304
2305
2306
2307
2308
2309
2310
2311
2312
2313
2314
2315
2316
2317
2318
2320
2321
2322
2323
2324
2325
2326
2327
2328
2329
2330
2331
2332
2333
2336
2337
2338
2339
2340
2341
2342
2343
2344
2345
2346
2347
2348
2349
2350
2352
2353
2354
2355
2356
2357
2358
2359
2360
2361
2362
2363
2368
2369
2370
2371
2372
2373
2374
2375
2376
2377
2378
2379
2380
2381
2382
2384
2385
2386
2387
2388
2389
2390
2391
2392
2393
2394
2395
2396
2397
2400
2401
2402
2403
2404
2405
2406
2408
2409
2410
2411
2412
2413
2414
2416
2417
2418
2420
2421
2422
2432
2433
2434
2435
2436
2437
2438
2439
2440
2441
2442
2443
2444
2445
2446
2448
2449
2450
2451
2452
2453
2454
2455
2456
2457
2458
2459
2464
2465
2466
2467
2468
2469
2470
2471
2472
2473
2474
2475
2476
2477
2478
2480
2481
2482
2483
2484
2485
2486
2487
2488
2489
2490
2491
2496
2497
2498
2499
2500
2501
2502
2503
2504
2505
2506
2507
2512
2513
2514
2515
2516
2517
2518
2519
2520
2521
2522
2523
2560
2561
2562
2563
2564
2565
2566
2567
2568
2569
2570
2571
2572
2573
2574
2576
2577
2578
2579
2580
2581
2582
2583
2584
2585
2586
2587
2592
2593
2594
2595
2596
2597
2598
2599
2600
2601
2602
2603
2604
2605
2606
2608
2609
2610
2611
2612
2613
2614
2615
2616
2617
2618
2619
2624
2625
2626
2627
2628
2629
2630
2631
2632
2633
2634
2635
2636
2637
2638
2640
2641
2642
2643
2644
2645
2646
2647
2648
2649
2650
2651
2656
2657
2658
2660
2661
2662
2664
2665
2666
2668
2669
2670
2672
2673
2674
2676
2677
2678
2688
2689
2690
2691
2692
2693
2694
2695
2696
2697
2698
2699
2700
2701
2702
2704
2705
2706
2707
2708
2709
2710
2711
2712
2713
2714
2715
2720
2721
2722
2723
2724
2725
2726
2727
2728
2729
2730
2731
2732
2733
2734
2736
2737
2738
2739
2740
2741
2742
2743
2744
2745
2746
2747
2752
2753
2754
2755
2756
2757
2758
2759
2760
2761
2762
2763
2768
2769
2770
2771
2772
2773
2774
2775
2776
2777
2778
2779
2816
2817
2818
2820
2821
2822
2824
2825
2826
2828
2829
2830
2832
2833
2834
2836
2837
2838
2848
2849
2850
2852
2853
2854
2856
2857
2858
2860
2861
2862
2864
2865
2866
2868
2869
2870
2880
2881
2882
2884
2885
2886
2888
2889
2890
2892
2893
2894
2896
2897
2898
2900
2901
2902
2912
2913
2914
2916
2917
2918
2920
2921
2922
2924
2925
2926
2928
2929
2930
2932
2933
2934
2944
2945
2946
2948
2949
2950
2952
2953
2954
2956
2957
2958
2960
2961
2962
2964
2965
2966
2976
2977
2978
2980
2981
2982
2984
2985
2986
2988
2989
2990
2992
2993
2994
2996
2997
2998
3072
3073
3074
3075
3076
3077
3078
3079
3080
3081
3082
3083
3084
3085
3086
3088
3089
3090
3091
3092
3093
3094
3095
3096
3097
3098
3099
3104
3105
3106
3107
3108
3109
3110
3111
3112
3113
3114
3115
3116
3117
3118
3120
3121
3122
3123
3124
3125
3126
3127
3128
3129
3130
3131
3136
3137
3138
3139
3140
3141
3142
3143
3144
3145
3146
3147
3148
3149
3150
3152
3153
3154
3155
3156
3157
3158
3159
3160
3161
3162
3163
3168
3169
3170
3172
3173
3174
3176
3177
3178
3180
3181
3182
3184
3185
3186
3188
3189
3190
3200
3201
3202
3203
3204
3205
3206
3207
3208
3209
3210
3211
3212
3213
3214
3216
3217
3218
3219
3220
3221
3222
3223
3224
3225
3226
3227
3232
3233
3234
3235
3236
3237
3238
3239
3240
3241
3242
3243
3244
3245
3246
3248
3249
3250
3251
3252
3253
3254
3255
3256
3257
3258
3259
3264
3265
3266
3267
3268
3269
3270
3271
3272
3273
3274
3275
3280
3281
3282
3283
3284
3285
3286
3287
3288
3289
3290
3291
3328
3329
3330
3331
3332
3333
3334
3335
3336
3337
3338
3339
3340
3341
3342
3344
3345
3346
3347
3348
3349
3350
3351
3352
3353
3354
3355
3360
3361
3362
3363
3364
3365
3366
3367
3368
3369
3370
3371
3372
3373
3374
3376
3377
3378
3379
3380
3381
3382
3383
3384
3385
3386
3387
3392
3393
3394
3395
3396
3397
3398
3399
3400
3401
3402
3403
3404
3405
3406
3408
3409
3410
3411
3412
3413
3414
3415
3416
3417
3418
3419
3424
3425
3426
3428
3429
3430
3432
3433
3434
3436
3437
3438
3440
3441
3442
3444
3445
3446
3456
3457
3458
3459
3460
3461
3462
3463
3464
3465
3466
3467
3468
3469
3470
3472
3473
3474
3475
3476
3477
3478
3479
3480
3481
3482
3483
3488
3489
3490
3491
3492
3493
3494
3495
3496
3497
3498
3499
3500
3501
3502
3504
3505
3506
3507
3508
3509
3510
3511
3512
3513
3514
3515
3520
3521
3522
3523
3524
3525
3526
3527
3528
3529
3530
3531
3536
3537
3538
3539
3540
3541
3542
3543
3544
3545
3546
3547
3584
3585
3586
3587
3588
3589
3590
3591
3592
3593
3594
3595
3600
3601
3602
3603
3604
3605
3606
3607
3608
3609
3610
3611
3616
3617
3618
3619
3620
3621
3622
3623
3624
3625
3626
3627
3632
3633
3634
3635
3636
3637
3638
3639
3640
3641
3642
3643
3648
3649
3650
3651
3652
3653
3654
3655
3656
3657
3658
3659
3664
3665
3666
3667
3668
3669
3670
3671
3672
3673
3674
3675
3712
3713
3714
3715
3716
3717
3718
3719
3720
3721
3722
3723
3728
3729
3730
3731
3732
3733
3734
3735
3736
3737
3738
3739
3744
3745
3746
3747
3748
3749
3750
3751
3752
3753
3754
3755
3760
3761
3762
3763
3764
3765
3766
3767
3768
3769
3770
3771
3776
3777
3778
3779
3780
3781
3782
3783
3784
3785
3786
3787
3792
3793
3794
3795
3796
3797
3798
3799
3800
3801
3802
3803
4096
4097
4098
4099
4100
4101
4102
4103
4104
4105
4106
4107
4108
4109
4110
4112
4113
4114
4115
4116
4117
4118
4119
4120
4121
4122
4123
4128
4129
4130
4131
4132
4133
4134
4135
4136
4137
4138
4139
4140
4141
4142
4144
4145
4146
4147
4148
4149
4150
4151
4152
4153
4154
4155
4160
4161
4162
4163
4164
4165
4166
4167
4168
4169
4170
4171
4172
4173
4174
4176
4177
4178
4179
4180
4181
4182
4183
4184
4185
4186
4187
4192
4193
4194
4196
4197
4198
4200
4201
4202
4204
4205
4206
4208
4209
4210
4212
4213
4214
4224
4225
4226
4227
4228
4229
4230
4231
4232
4233
4234
4235
4236
4237
4238
4240
4241
4242
4243
4244
4245
4246
4247
4248
4249
4250
4251
4256
4257
4258
4259
4260
4261
4262
4263
4264
4265
4266
4267
4268
4269
4270
4272
4273
4274
4275
4276
4277
4278
4279
4280
4281
4282
4283
4288
4289
4290
4291
4292
4293
4294
4295
4296
4297
4298
4299
4304
4305
4306
4307
4308
4309
4310
4311
4312
4313
4314
4315
4352
4353
4354
4355
4356
4357
4358
4359
4360
4361
4362
4363
4364
4365
4366
4368
4369
4370
4371
4372
4373
4374
4375
4376
4377
4378
4379
4384
4385
4386
4387
4388
4389
4390
4391
4392
4393
4394
4395
4396
4397
4398
4400
4401
4402
4403
4404
4405
4406
4407
4408
4409
4410
4411
4416
4417
4418
4419
4420
4421
4422
4423
4424
4425
4426
4427
4428
4429
4430
4432
4433
4434
4435
4436
4437
4438
4439
4440
4441
4442
4443
4448
4449
4450
4452
4453
4454
4456
4457
4458
4460
4461
4462
4464
4465
4466
4468
4469
4470
4480
4481
4482
4483
4484
4485
4486
4487
4488
4489
4490
4491
4492
4493
4494
4496
4497
4498
4499
4500
4501
4502
4503
4504
4505
4506
4507
4512
4513
4514
4515
4516
4517
4518
4519
4520
4521
4522
4523
4524
4525
4526
4528
4529
4530
4531
4532
4533
4534
4535
4536
4537
4538
4539
4544
4545
4546
4547
4548
4549
4550
4551
4552
4553
4554
4555
4560
4561
4562
4563
4564
4565
4566
4567
4568
4569
4570
4571
4608
4609
4610
4611
4612
4613
4614
4615
4616
4617
4618
4619
4620
4621
4622
4624
4625
4626
4627
4628
4629
4630
4631
4632
4633
4634
4635
4640
4641
4642
4643
4644
4645
4646
4647
4648
4649
4650
4651
4652
4653
4654
4656
4657
4658
4659
4660
4661
4662
4663
4664
4665
4666
4667
4672
4673
4674
4675
4676
4677
4678
4679
4680
4681
4682
4683
4684
4685
4686
4688
4689
4690
4691
4692
4693
4694
4695
4696
4697
4698
4699
4704
4705
4706
4708
4709
4710
4712
4713
4714
4716
4717
4718
4720
4721
4722
4724
4725
4726
4736
4737
4738
4739
4740
4741
4742
4743
4744
4745
4746
4747
4748
4749
4750
4752
4753
4754
4755
4756
4757
4758
4759
4760
4761
4762
4763
4768
4769
4770
4771
4772
4773
4774
4775
4776
4777
4778
4779
4780
4781
4782
4784
4785
4786
4787
4788
4789
4790
4791
4792
4793
4794
4795
4800
4801
4802
4803
4804
4805
4806
4807
4808
4809
4810
4811
4816
4817
4818
4819
4820
4821
4822
4823
4824
4825
4826
4827
4864
4865
4866
4868
4869
4870
4872
4873
4874
4876
4877
4878
4880
4881
4882
4884
4885
4886
4896
4897
4898
4900
4901
4902
4904
4905
4906
4908
4909
4910
4912
4913
4914
4916
4917
4918
4928
4929
4930
4932
4933
4934
4936
4937
4938
4940
4941
4942
4944
4945
4946
4948
4949
4950
4960
4961
4962
4964
4965
4966
4968
4969
4970
4972
4973
4974
4976
4977
4978
4980
4981
4982
4992
4993
4994
4996
4997
4998
5000
5001
5002
5004
5005
5006
5008
5009
5010
5012
5013
5014
5024
5025
5026
5028
5029
5030
5032
5033
5034
5036
5037
5038
5040
5041
5042
5044
5045
5046
5120
5121
5122
5124
5125
5126
5128
5129
5130
5132
5133
5134
5136
5137
5138
5140
5141
5142
5152
5153
5154
5156
5157
5158
5160
5161
5162
5164
5165
5166
5168
5169
5170
5172
5173
5174
5184
5185
5186
5188
5189
5190
5192
5193
5194
5196
5197
5198
5200
5201
5202
5204
5205
5206
5216
5217
5218
5220
5221
5222
5224
5225
5226
5228
5229
5230
5232
5233
5234
5236
5237
5238
5248
5249
5250
5252
5253
5254
5256
5257
5258
5260
5261
5262
5264
5265
5266
5268
5269
5270
5280
5281
5282
5284
5285
5286
5288
5289
5290
5292
5293
5294
5296
5297
5298
5300
5301
5302
5376
5377
5378
5380
5381
5382
5384
5385
5386
5388
5389
5390
5392
5393
5394
5396
5397
5398
5408
5409
5410
5412
5413
5414
5416
5417
5418
5420
5421
5422
5424
5425
5426
5428
5429
5430
5440
5441
5442
5444
5445
5446
5448
5449
5450
5452
5453
5454
5456
5457
5458
5460
5461
5462
5472
5473
5474
5476
5477
5478
5480
5481
5482
5484
5485
5486
5488
5489
5490
5492
5493
5494
5504
5505
5506
5508
5509
5510
5512
5513
5514
5516
5517
5518
5520
5521
5522
5524
5525
5526
5536
5537
5538
5540
5541
5542
5544
5545
5546
5548
5549
5550
5552
5553
5554
5556
5557
5558
6144
6145
6146
6148
6149
6150
6152
6153
6154
6156
6157
6158
6160
6161
6162
6164
6165
6166
6176
6177
6178
6180
6181
6182
6184
6185
6186
6188
6189
6190
6192
6193
6194
6196
6197
6198
6208
6209
6210
6212
6213
6214
6216
6217
6218
6220
6221
6222
6224
6225
6226
6228
6229
6230
6240
6241
6242
6244
6245
6246
6248
6249
6250
6252
6253
6254
6256
6257
6258
6260
6261
6262
6272
6273
6274
6276
6277
6278
6280
6281
6282
6284
6285
6286
6288
6289
6290
6292
6293
6294
6304
6305
6306
6308
6309
6310
6312
6313
6314
6316
6317
6318
6320
6321
6322
6324
6325
6326
6400
6401
6402
6404
6405
6406
6408
6409
6410
6412
6413
6414
6416
6417
6418
6420
6421
6422
6432
6433
6434
6436
6437
6438
6440
6441
6442
6444
6445
6446
6448
6449
6450
6452
6453
6454
6464
6465
6466
6468
6469
6470
6472
6473
6474
6476
6477
6478
6480
6481
6482
6484
6485
6486
6496
6497
6498
6500
6501
6502
6504
6505
6506
6508
6509
6510
6512
6513
6514
6516
6517
6518
6528
6529
6530
6532
6533
6534
6536
6537
6538
6540
6541
6542
6544
6545
6546
6548
6549
6550
6560
6561
6562
6564
6565
6566
6568
6569
6570
6572
6573
6574
6576
6577
6578
6580
6581
6582
6656
6657
6658
6660
6661
6662
6664
6665
6666
6668
6669
6670
6672
6673
6674
6676
6677
6678
6688
6689
6690
6692
6693
6694
6696
6697
6698
6700
6701
6702
6704
6705
6706
6708
6709
6710
6720
6721
6722
6724
6725
6726
6728
6729
6730
6732
6733
6734
6736
6737
6738
6740
6741
6742
6752
6753
6754
6756
6757
6758
6760
6761
6762
6764
6765
6766
6768
6769
6770
6772
6773
6774
6784
6785
6786
6788
6789
6790
6792
6793
6794
6796
6797
6798
6800
6801
6802
6804
6805
6806
6816
6817
6818
6820
6821
6822
6824
6825
6826
6828
6829
6830
6832
6833
6834
6836
6837
6838
6912
6913
6914
6916
6917
6918
6920
6921
6922
6924
6925
6926
6928
6929
6930
6932
6933
6934
6944
6945
6946
6948
6949
6950
6952
6953
6954
6956
6957
6958
6960
6961
6962
6964
6965
6966
6976
6977
6978
6980
6981
6982
6984
6985
6986
6988
6989
6990
6992
6993
6994
6996
6997
6998
7008
7009
7010
7012
7013
7014
7016
7017
7018
7020
7021
7022
7024
7025
7026
7028
7029
7030
7040
7041
7042
7044
7045
7046
7048
7049
7050
7052
7053
7054
7056
7057
7058
7060
7061
7062
7072
7073
7074
7076
7077
7078
7080
7081
7082
7084
7085
7086
7088
7089
7090
7092
7093
7094
7168
7169
7170
7172
7173
7174
7176
7177
7178
7180
7181
7182
7184
7185
7186
7188
7189
7190
7200
7201
7202
7204
7205
7206
7208
7209
7210
7212
7213
7214
7216
7217
7218
7220
7221
7222
7232
7233
7234
7236
7237
7238
7240
7241
7242
7244
7245
7246
7248
7249
7250
7252
7253
7254
7264
7265
7266
7268
7269
7270
7272
7273
7274
7276
7277
7278
7280
7281
7282
7284
7285
7286
7296
7297
7298
7300
7301
7302
7304
7305
7306
7308
7309
7310
7312
7313
7314
7316
7317
7318
7328
7329
7330
7332
7333
7334
7336
7337
7338
7340
7341
7342
7344
7345
7346
7348
7349
7350
7424
7425
7426
7428
7429
7430
7432
7433
7434
7436
7437
7438
7440
7441
7442
7444
7445
7446
7456
7457
7458
7460
7461
7462
7464
7465
7466
7468
7469
7470
7472
7473
7474
7476
7477
7478
7488
7489
7490
7492
7493
7494
7496
7497
7498
7500
7501
7502
7504
7505
7506
7508
7509
7510
7520
7521
7522
7524
7525
7526
7528
7529
7530
7532
7533
7534
7536
7537
7538
7540
7541
7542
7552
7553
7554
7556
7557
7558
7560
7561
7562
7564
7565
7566
7568
7569
7570
7572
7573
7574
7584
7585
7586
7588
7589
7590
7592
7593
7594
7596
7597
7598
7600
7601
7602
7604
7605
7606
8192
8193
8194
8196
8197
8198
8200
8201
8202
8204
8205
8206
8208
8209
8210
8212
8213
8214
8224
8225
8226
8228
8229
8230
8232
8233
8234
8236
8237
8238
8240
8241
8242
8244
8245
8246
8256
8257
8258
8260
8261
8262
8264
8265
8266
8268
8269
8270
8272
8273
8274
8276
8277
8278
8288
8289
8290
8292
8293
8294
8296
8297
8298
8300
8301
8302
8304
8305
8306
8308
8309
8310
8320
8321
8322
8324
8325
8326
8328
8329
8330
8332
8333
8334
8336
8337
8338
8340
8341
8342
8352
8353
8354
8356
8357
8358
8360
8361
8362
8364
8365
8366
8368
8369
8370
8372
8373
8374
8448
8449
8450
8452
8453
8454
8456
8457
8458
8460
8461
8462
8464
8465
8466
8468
8469
8470
8480
8481
8482
8484
8485
8486
8488
8489
8490
8492
8493
8494
8496
8497
8498
8500
8501
8502
8512
8513
8514
8516
8517
8518
8520
8521
8522
8524
8525
8526
8528
8529
8530
8532
8533
8534
8544
8545
8546
8548
8549
8550
8552
8553
8554
8556
8557
8558
8560
8561
8562
8564
8565
8566
8576
8577
8578
8580
8581
8582
8584
8585
8586
8588
8589
8590
8592
8593
8594
8596
8597
8598
8608
8609
8610
8612
8613
8614
8616
8617
8618
8620
8621
8622
8624
8625
8626
8628
8629
8630
8704
8705
8706
8708
8709
8710
8712
8713
8714
8716
8717
8718
8720
8721
8722
8724
8725
8726
8736
8737
8738
8740
8741
8742
8744
8745
8746
8748
8749
8750
8752
8753
8754
8756
8757
8758
8768
8769
8770
8772
8773
8774
8776
8777
8778
8780
8781
8782
8784
8785
8786
8788
8789
8790
8800
8801
8802
8804
8805
8806
8808
8809
8810
8812
8813
8814
8816
8817
8818
8820
8821
8822
8832
8833
8834
8836
8837
8838
8840
8841
8842
8844
8845
8846
8848
8849
8850
8852
8853
8854
8864
8865
8866
8868
8869
8870
8872
8873
8874
8876
8877
8878
8880
8881
8882
8884
8885
8886
8960
8961
8962
8964
8965
8966
8968
8969
8970
8972
8973
8974
8976
8977
8978
8980
8981
8982
8992
8993
8994
8996
8997
8998
9000
9001
9002
9004
9005
9006
9008
9009
9010
9012
9013
9014
9024
9025
9026
9028
9029
9030
9032
9033
9034
9036
9037
9038
9040
9041
9042
9044
9045
9046
9056
9057
9058
9060
9061
9062
9064
9065
9066
9068
9069
9070
9072
9073
9074
9076
9077
9078
9088
9089
9090
9092
9093
9094
9096
9097
9098
9100
9101
9102
9104
9105
9106
9108
9109
9110
9120
9121
9122
9124
9125
9126
9128
9129
9130
9132
9133
9134
9136
9137
9138
9140
9141
9142
9216
9217
9218
9220
9221
9222
9224
9225
9226
9228
9229
9230
9232
9233
9234
9236
9237
9238
9248
9249
9250
9252
9253
9254
9256
9257
9258
9260
9261
9262
9264
9265
9266
9268
9269
9270
9280
9281
9282
9284
9285
9286
9288
9289
9290
9292
9293
9294
9296
9297
9298
9300
9301
9302
9312
9313
9314
9316
9317
9318
9320
9321
9322
9324
9325
9326
9328
9329
9330
9332
9333
9334
9344
9345
9346
9348
9349
9350
9352
9353
9354
9356
9357
9358
9360
9361
9362
9364
9365
9366
9376
9377
9378
9380
9381
9382
9384
9385
9386
9388
9389
9390
9392
9393
9394
9396
9397
9398
9472
9473
9474
9476
9477
9478
9480
9481
9482
9484
9485
9486
9488
9489
9490
9492
9493
9494
9504
9505
9506
9508
9509
9510
9512
9513
9514
9516
9517
9518
9520
9521
9522
9524
9525
9526
9536
9537
9538
9540
9541
9542
9544
9545
9546
9548
9549
9550
9552
9553
9554
9556
9557
9558
9568
9569
9570
9572
9573
9574
9576
9577
9578
9580
9581
9582
9584
9585
9586
9588
9589
9590
9600
9601
9602
9604
9605
9606
9608
9609
9610
9612
9613
9614
9616
9617
9618
9620
9621
9622
9632
9633
9634
9636
9637
9638
9640
9641
9642
9644
9645
9646
9648
9649
9650
9652
9653
9654
