2
4
5
6
7
8
9
10
11
12
13
14
15
16
17
18
29
30
32
33
34
35
36
37
38
39
40
41
42
44
45
46
47
48
49
50
52
53
54
55
56
57
58
59
60
61
62
63
64
65
66
68
69
70
71
72
73
74
76
77
78
79
80
81
82
83
84
85
86
88
89
90
91
92
94
96
97
98
101
104
105
106
108
109
110
112
113
114
116
117
118
121
122
126
128
129
130
136
137
138
140
141
142
144
145
146
228
232
233
240
241
242
249
256
257
260
261
262
263
264
265
268
271
272
276
278
284
288
289
290
292
293
294
295
296
297
298
300
303
304
305
308
309
310
311
312
313
316
320
321
324
325
326
327
328
329
330
335
336
337
339
342
348
350
352
353
355
360
361
362
365
366
368
380
384
385
388
389
390
391
392
393
396
406
411
412
414
416
417
420
421
422
423
424
425
428
432
433
436
437
438
439
440
441
446
448
449
452
453
454
455
456
457
461
462
464
466
468
469
472
475
486
488
492
493
494
496
497
500
512
513
514
516
517
518
519
520
521
522
524
525
526
528
529
530
542
544
545
548
549
550
551
552
553
556
560
561
564
565
566
567
568
569
576
577
578
580
581
582
583
584
585
586
588
589
590
592
593
594
598
604
606
608
609
610
616
617
618
620
621
622
624
625
626
640
641
642
648
649
650
652
653
654
656
657
658
684
688
689
692
694
726
732
734
736
737
748
752
753
756
758
768
769
770
774
776
777
778
780
781
782
784
785
786
832
833
834
840
841
842
844
845
846
848
849
850
864
865
866
872
873
874
876
877
878
880
881
882
896
897
898
904
905
906
908
909
910
912
913
914
1024
1025
1026
1032
1033
1034
1036
1037
1038
1040
1041
1042
1088
1089
1090
1096
1097
1098
1100
1101
1102
1104
1105
1106
1120
1121
1122
1128
1129
1130
1132
1133
1134
1136
1137
1138
1152
1153
1154
1160
1161
1162
1164
1165
1166
1168
1169
1170
2048
2049
2052
2053
2054
2055
2056
2057
2080
2081
2084
2085
2086
2087
2088
2089
2096
2097
2100
2101
2102
2103
2104
2105
2112
2113
2116
2117
2118
2119
2120
2121
2304
2305
2308
2309
2310
2311
2312
2313
2336
2337
2340
2341
2342
2343
2344
2345
2352
2353
2356
2357
2358
2359
2360
2361
2368
2369
2372
2373
2374
2375
2376
2377
2432
2433
2436
2437
2438
2439
2440
2441
2464
2465
2468
2469
2470
2471
2472
2473
2480
2481
2484
2485
2486
2487
2488
2489
2496
2497
2500
2732
2736
2737
2740
2742
2774
2780
2782
2784
2785
2796
2800
2801
2804
2806
2816
2817
2822
2824
2825
2828
3072
3073
3078
3080
3081
3084
3116
3120
3121
3124
3126
3136
3137
3142
3144
3145
3148
3158
3164
3166
3168
3169
3244
3248
3249
3252
3254
3286
3292
3294
3296
3297
3308
3312
3313
3316
3318
3328
3329
4096
4097
4098
4104
4105
4106
4108
4109
4110
4112
4113
4114
4160
4161
4162
4168
4169
4170
4172
4173
4174
4176
4177
4178
4192
4193
4194
4200
4201
4202
4204
4205
4206
4208
4209
4210
4224
4225
4226
4232
4233
4234
4236
4237
4238
4240
4241
4242
4608
4609
4610
4616
4617
4618
4620
4621
4622
4624
4625
4626
4672
4673
4674
4680
4681
4682
4684
4685
4686
4688
4689
4690
4704
4705
4706
4712
4713
4714
4716
4717
4718
4720
4721
4722
4736
4737
4738
4744
4745
4746
4748
4749
4750
4752
4753
4754
4864
4865
4866
4872
4873
4874
4876
4877
4878
4880
4881
4882
4928
4929
4930
4936
4937
4938
4940
4941
4942
4944
4945
4946
4960
4961
4962
4968
4969
4970
4972
4973
4974
4976
4977
4978
4992
4993
4994
5000
