2
3
4
5
6
7
8
9
10
11
12
13
14
15
16
17
18
19
20
21
22
23
24
25
26
27
28
29
30
31
32
33
34
35
36
37
39
40
41
42
43
44
45
46
47
48
49
50
51
52
53
54
57
58
59
60
61
62
64
65
66
67
68
69
70
71
72
73
74
75
76
77
78
79
80
81
82
83
84
85
86
88
89
90
91
92
93
94
95
96
97
98
99
100
102
104
105
106
109
110
111
112
113
114
115
116
117
118
120
121
122
123
124
125
126
127
128
129
130
131
134
136
137
138
139
140
141
142
143
144
145
146
147
148
149
150
152
153
155
156
157
158
159
160
161
162
163
164
165
168
169
170
171
176
177
178
179
180
181
182
185
186
187
188
189
190
192
193
194
195
196
197
198
200
201
202
203
204
206
208
209
211
212
216
217
218
219
220
221
222
224
225
226
228
232
233
234
235
237
238
240
241
242
243
244
245
246
249
250
252
253
254
256
257
259
260
261
264
265
266
267
268
269
270
271
272
273
276
280
281
286
288
289
292
293
296
297
298
299
302
303
306
307
316
320
321
324
325
328
329
330
331
332
334
335
336
337
339
340
341
344
345
346
347
350
351
358
363
366
368
369
371
372
373
374
376
377
378
379
382
383
384
385
387
390
392
393
401
403
404
408
409
410
411
412
414
416
417
418
419
420
422
424
430
432
433
434
435
436
438
441
442
443
444
452
456
457
461
463
464
465
468
469
470
472
473
474
475
476
477
479
480
481
482
483
484
485
486
500
506
507
508
512
513
514
515
516
517
518
520
521
522
523
524
526
527
528
529
530
531
532
533
534
536
537
538
539
540
541
542
544
545
546
547
548
549
552
553
554
555
558
559
560
561
563
564
566
570
571
572
576
577
578
579
580
581
582
584
585
586
587
588
590
591
592
593
594
596
597
598
600
601
602
603
604
605
606
607
608
609
610
611
624
625
628
629
632
633
634
635
638
639
640
641
642
644
645
648
649
650
651
654
655
656
657
658
660
661
662
668
669
670
672
673
674
676
677
680
681
682
683
686
687
688
689
690
692
693
694
700
701
702
704
705
708
709
712
713
714
715
718
719
720
721
724
725
728
729
730
731
734
735
736
737
738
744
745
746
747
752
753
754
755
756
757
758
760
761
762
763
764
765
766
767
768
769
772
776
777
780
784
785
788
792
793
810
811
818
819
896
897
900
901
904
905
906
907
910
911
928
929
932
933
936
937
938
939
942
943
960
961
964
965
968
969
970
971
974
975
976
977
980
981
984
985
986
987
990
991
1008
1009
1012
1013
1016
1017
1018
1019
1022
1023
1024
1025
1026
1032
1033
1034
1040
1041
1042
1044
1045
1046
1052
1053
1054
1088
1089
1090
1096
1097
1098
1104
1105
1106
1108
1109
1110
1116
1117
1118
1152
1153
1154
1160
1161
1162
1168
1169
1170
1171
1172
1173
1174
1176
1177
1179
1180
1181
1182
1184
1185
1186
1192
1193
1194
1195
1200
1201
1202
1204
1205
1206
1212
1213
1214
1216
1217
1219
1222
1224
1225
1235
1240
1241
1243
1248
1249
1250
1256
1257
1258
1264
1265
1266
1268
1269
1270
1276
1277
1278
1280
1281
1282
1288
1289
1290
1296
1297
1298
1300
1301
1302
1308
1309
1310
1323
1340
1344
1345
1346
1352
1353
1354
1356
1358
1360
1361
1362
1363
1364
1365
1366
1368
1369
1371
1372
1373
1374
1387
1408
1409
1410
1416
1417
1418
1424
1425
1426
1428
1429
1430
1436
1437
1438
1440
1441
1442
1448
1449
1450
1456
1457
1458
1460
1461
1462
1468
1469
1470
1504
1505
1506
1512
1513
1514
1520
1521
1522
1524
1525
1526
1532
1533
1534
1642
1643
1650
1651
1664
1665
1668
1672
1673
1676
1690
1691
1696
1697
1698
1699
1706
1707
1714
1715
1728
1729
1732
1736
1737
1740
1792
1793
1794
1800
1801
1802
1808
1809
1810
1812
1813
1814
1820
1821
1822
1844
1850
1851
1852
1856
1857
1858
1864
1865
1866
1872
1873
1874
1876
1877
1878
1880
1881
1884
1885
1886
1898
1899
1906
1907
1908
1914
1915
1916
1920
1921
1922
1928
1929
1930
1936
1937
1938
1940
1941
1942
1944
1945
1948
1949
1950
1952
1953
1954
1960
1961
1962
1968
1969
1970
1972
1973
1974
1980
1981
1982
2016
2017
2018
2024
2025
2026
2032
2033
2034
2036
2037
2038
2044
2045
2046
2048
2049
2052
2053
2056
2057
2058
2059
2062
2063
2080
2081
2084
2085
2088
2089
2090
2091
2094
2095
2112
2113
2116
2117
2120
2121
2122
2123
2126
2127
2128
2129
2132
2133
2136
2137
2138
2139
2142
2143
2160
2161
2164
2165
2168
2169
2170
2171
2174
2175
2304
2305
2308
2309
2312
2313
2314
2315
2318
2319
2336
2337
2340
2341
2344
2345
2346
2347
2350
2351
2368
2369
2372
2373
2376
2377
2378
2379
2382
2383
2384
2385
2388
2389
2392
2393
2394
2395
2398
2399
2416
2417
2420
2421
2424
2425
2426
2427
2430
2431
4096
4097
4098
4104
4105
4106
4112
4113
4114
4116
4117
4118
4124
4125
4126
4160
4161
4162
4168
4169
4170
4176
4177
4178
4180
4181
4182
4188
4189
4190
4224
4225
4226
4232
4233
4234
4240
4241
4242
4244
4245
4246
4252
4253
4254
4256
4257
4258
4264
4265
4266
4272
4273
4274
4276
4277
4278
4284
4285
4286
4320
4321
4322
4328
4329
4330
4336
4337
4338
4340
4341
4342
4348
4349
4350
4608
4609
4610
4616
4617
4618
4624
4625
4626
4628
4629
4630
4636
4637
4638
4672
4673
4674
4680
4681
4682
4688
4689
4690
4692
4693
4694
4700
4701
4702
4736
4737
4738
4744
4745
4746
4752
4753
4754
4756
4757
4758
4764
4765
4766
4768
4769
4770
4776
4777
4778
4784
4785
4786
4788
4789
4790
4796
4797
4798
4832
4833
4834
4840
4841
4842
4848
4849
4850
4852
4853
4854
4860
4861
4862
