2
3
4
5
6
8
9
10
11
12
13
14
16
17
18
19
20
21
22
24
25
26
27
28
29
30
32
33
34
35
36
37
38
40
41
42
43
44
45
46
48
49
51
52
53
54
57
58
59
60
64
65
66
67
68
69
70
72
73
74
75
76
77
80
81
82
83
88
89
90
91
96
97
100
101
104
105
108
109
128
129
130
131
136
137
138
139
144
145
146
147
152
153
154
155
171
174
176
177
179
192
193
194
195
198
200
201
202
203
208
209
210
211
214
216
217
218
219
222
235
238
240
241
243
256
257
260
261
264
265
268
269
288
289
292
293
296
297
300
301
320
321
324
325
328
329
332
333
352
353
356
357
360
361
364
365
512
513
514
515
520
521
522
523
528
529
530
531
536
537
538
539
576
577
578
579
584
585
586
587
592
593
594
595
600
601
602
603
640
641
642
643
648
649
650
651
656
657
658
659
664
665
666
667
704
705
706
707
712
713
714
715
720
721
722
723
728
729
730
731
