2
3
4
5
6
7
8
9
10
11
12
13
14
15
16
17
18
19
20
21
22
23
24
25
26
27
28
29
30
31
32
33
34
35
36
37
38
39
40
41
42
43
44
45
46
47
48
49
50
51
52
53
54
55
56
57
58
59
60
61
62
63
64
65
66
67
68
69
70
71
72
73
74
75
76
77
78
79
80
81
82
83
84
85
86
87
88
89
90
91
92
93
94
95
96
97
98
99
100
101
102
103
104
105
106
107
108
109
110
111
112
113
114
115
116
117
118
119
120
121
122
123
124
125
126
127
128
129
130
131
132
133
134
135
136
137
138
139
140
141
142
143
144
145
146
147
148
149
150
151
152
153
154
155
156
157
158
159
160
161
162
163
164
165
166
167
168
169
170
171
172
173
174
175
176
177
178
179
180
181
182
183
184
185
186
187
188
189
190
191
192
193
194
195
196
197
198
199
200
201
202
203
204
205
206
207
208
209
210
211
212
213
214
215
216
217
218
219
220
221
222
223
224
225
226
227
228
229
230
231
232
233
234
235
236
237
238
239
240
241
242
243
244
245
246
247
248
249
250
251
252
253
254
255
256
257
258
259
260
261
262
263
264
265
266
267
268
269
270
271
272
273
274
275
276
277
278
279
280
281
282
283
284
285
286
287
288
289
290
291
292
293
294
295
296
297
298
299
300
301
303
304
305
306
307
308
309
310
311
312
313
314
315
316
317
318
319
320
321
322
323
324
325
326
327
328
329
330
331
332
333
334
335
336
337
338
339
340
341
342
343
344
345
346
347
348
349
350
351
352
353
354
355
356
357
358
360
361
362
363
364
365
366
367
368
369
370
371
372
373
374
376
377
378
379
380
381
382
383
384
385
386
387
388
389
390
391
392
393
394
395
396
397
398
399
400
401
402
403
404
405
406
407
408
409
410
411
412
413
414
415
416
417
418
419
420
421
422
423
424
425
426
427
428
429
430
431
432
433
434
435
436
437
438
439
440
441
442
443
444
445
446
447
448
449
450
451
452
453
454
455
456
457
458
459
460
461
462
463
464
465
468
469
470
471
472
473
474
475
476
477
478
479
480
481
482
483
484
486
487
488
489
490
491
492
493
494
495
496
497
498
499
500
501
502
503
504
505
506
507
508
509
510
511
512
513
514
515
516
517
518
519
520
521
522
523
524
525
526
527
528
529
530
531
532
533
534
535
536
537
538
539
540
541
542
543
544
545
546
547
548
549
550
551
552
553
554
555
556
557
558
559
560
561
562
563
564
565
566
567
568
569
570
571
572
573
574
575
576
577
578
579
580
581
582
583
584
585
586
587
588
589
590
591
592
593
594
595
596
597
598
599
600
601
602
603
604
605
606
607
608
609
610
611
612
613
614
615
616
617
618
619
620
621
622
623
624
625
626
627
628
629
630
631
632
633
634
635
636
637
638
639
640
641
642
643
644
645
646
647
648
649
650
651
652
653
654
655
656
657
658
659
660
661
662
663
664
665
666
668
669
670
671
672
673
674
675
676
677
678
679
680
681
682
683
684
685
686
687
688
689
690
691
692
693
694
695
696
697
698
699
700
701
702
703
704
705
706
707
708
709
710
711
712
713
714
715
716
717
718
719
720
721
722
723
724
725
726
727
728
729
730
731
732
734
735
736
737
738
739
740
742
743
744
747
748
749
752
753
755
756
757
758
759
760
761
762
763
764
765
766
767
768
769
770
771
772
773
774
775
776
777
778
779
780
781
782
783
784
785
786
787
788
789
790
791
792
793
795
796
797
798
799
800
801
802
803
804
805
806
807
808
809
810
811
812
813
815
816
817
818
819
820
821
822
823
824
825
827
828
829
830
831
832
833
834
835
836
837
838
839
840
841
842
843
844
845
846
847
848
849
850
851
852
853
854
855
856
857
859
860
861
862
863
864
865
866
867
868
869
870
871
872
873
874
875
876
877
878
879
880
881
882
883
885
886
887
888
889
892
893
894
895
896
897
898
899
900
902
903
904
905
906
907
908
909
910
911
912
913
914
915
916
918
919
920
921
922
923
924
925
926
927
928
929
931
932
933
934
935
936
937
938
940
941
943
944
945
946
947
948
949
950
951
952
953
954
955
956
957
958
959
960
961
962
963
964
966
967
968
969
971
972
973
974
975
976
977
980
981
982
984
985
986
987
988
990
991
992
993
994
995
996
998
999
1000
1001
1004
1005
1006
1007
1008
1009
1010
1011
1012
1013
1014
1015
1016
1017
1018
1019
1020
1021
1022
1023
1024
1025
1026
1027
1028
1029
1030
1031
1032
1033
1034
1035
1036
1037
1038
1039
1040
1041
1042
1043
1044
1045
1046
1047
1048
1049
1050
1052
1053
1054
1055
1056
1057
1058
1060
1061
1062
1064
1065
1066
1068
1069
1072
1073
1074
1075
1076
1077
1078
1079
1080
1081
1084
1085
1086
1087
1088
1089
1090
1091
1092
1093
1094
1095
1096
1097
1098
1099
1100
1101
1102
1103
1104
1105
1106
1107
1108
1109
1111
1112
1113
1114
1120
1121
1122
1123
1125
1126
1127
1128
1129
1130
1132
1133
1134
1135
1136
1137
1138
1139
1141
1142
1143
1144
1145
1148
1149
1150
1151
1152
1153
1154
1155
1156
1157
1158
1159
1160
1161
1162
1163
1164
1165
1166
1167
1168
1169
1170
1171
1172
1173
1174
1175
1176
1177
1178
1180
1181
1182
1183
1184
1185
1186
1192
1193
1194
1195
1196
1197
1200
1201
1202
1203
1204
1205
1206
1207
1208
1209
1210
1211
1212
1213
1214
1215
1216
1217
1218
1219
1220
1221
1222
1223
1224
1225
1226
1227
1228
1229
1230
1231
1232
1233
1234
1235
1236
1237
1238
1242
1246
1248
1249
1250
1251
1254
1255
1256
1257
1259
1260
1261
1262
1263
1264
1265
1266
1267
1268
1269
1270
1271
1272
1273
1274
1275
1276
1277
1278
1279
1280
1281
1282
1283
1284
1285
1286
1288
1289
1290
1291
1292
1293
1296
1297
1298
1299
1300
1301
1312
1313
1314
1316
1317
1318
1320
1321
1322
1323
1324
1325
1328
1329
1331
1332
1333
1339
1340
1341
1344
1345
1346
1347
1348
1349
1350
1352
1353
1354
1355
1356
1357
1360
1361
1362
1363
1364
1365
1368
1369
1370
1376
1377
1378
1384
1385
1386
1387
1388
1389
1395
1396
1397
1403
1404
1405
1408
1409
1410
1411
1414
1415
1416
1417
1420
1421
1422
1423
1424
1425
1426
1427
1430
1431
1432
1433
1434
1436
1437
1438
1439
1440
1441
1442
1448
1449
1450
1451
1452
1453
1456
1457
1458
1459
1460
1461
1462
1463
1464
1465
1467
1468
1469
1470
1471
1472
1473
1474
1475
1478
1479
1480
1481
1484
1485
1486
1487
1496
1497
1498
1504
1505
1506
1507
1510
1511
1512
1513
1514
1515
1516
1517
1518
1519
1520
1521
1522
1523
1524
1525
1526
1527
1528
1529
1531
1532
1533
1534
1535
1536
1537
1538
1539
1540
1541
1542
1543
1544
1545
1546
1547
1548
1549
1550
1551
1552
1553
1554
1555
1556
1557
1558
1559
1560
1561
1562
1563
1564
1565
1566
1567
1568
1569
1570
1571
1572
1574
1575
1576
1577
1578
1584
1585
1586
1587
1588
1590
1591
1592
1593
1595
1596
1597
1598
1599
1600
1601
1602
1603
1604
1605
1606
1607
1608
1609
1610
1611
1612
1613
1614
1615
1616
1617
1618
1619
1620
1621
1624
1625
1626
1627
1628
1630
1631
1632
1633
1634
1635
1636
1638
1639
1640
1641
1642
1644
1645
1646
1647
1648
1649
1650
1651
1652
1654
1655
1656
1657
1659
1660
1661
1662
1663
1664
1665
1666
1667
1668
1669
1672
1673
1674
1675
1676
1677
1680
1681
1682
1683
1684
1685
1688
1689
1690
1696
1697
1698
1704
1705
1706
1728
1729
1731
1732
1734
1735
1736
1737
1739
1740
1742
1743
1752
1753
1755
1756
1758
1759
1760
1761
1763
1764
1766
1767
1776
1777
1779
1780
1782
1783
1784
1785
1787
1788
1790
1791
1792
1793
1794
1795
1796
1798
1799
1800
1801
1803
1804
1805
1806
1807
1808
1809
1810
1811
1814
1815
1816
1817
1819
1820
1821
1822
1823
1824
1825
1827
1828
1830
1831
1840
1841
1842
1843
1844
1846
1847
1848
1849
1851
1852
1853
1854
1855
1856
1857
1858
1859
1862
1863
1864
1865
1868
1869
1870
1871
1880
1881
1882
1888
1889
1890
1891
1894
1895
1896
1897
1898
1899
1900
1901
1902
1903
1904
1905
1906
1907
1908
1909
1910
1911
1912
1913
1915
1916
1917
1918
1919
1920
1921
1922
1923
1924
1926
1927
1928
1929
1931
1932
1933
1934
1935
1936
1937
1938
1939
1942
1943
1944
1945
1946
1947
1948
1949
1950
1951
1952
1953
1954
1955
1956
1958
1959
1960
1961
1962
1963
1964
1965
1968
1969
1970
1971
1972
1973
1974
1975
1976
1977
1979
1980
1981
1982
1983
1984
1985
1986
1987
1988
1990
1991
1992
1993
1995
1996
1997
1998
1999
2008
2009
2010
2011
2012
2014
2015
2016
2017
2018
2019
2020
2022
2023
2024
2025
2026
2027
2028
2029
2030
2031
2032
2033
2034
2035
2036
2037
2038
2039
2040
2041
2043
2044
2045
2046
2047
2048
2049
2050
2051
2052
2053
2054
2055
2056
2057
2058
2059
2060
2061
2062
2063
2064
2065
2066
2067
2068
2069
2072
2073
2074
2075
2076
2078
2079
2080
2081
2082
2083
2084
2086
2087
2088
2089
2090
2096
2097
2099
2100
2102
2103
2104
2105
2107
2108
2110
2111
2112
2113
2114
2115
2116
2117
2118
2119
2120
2121
2122
2123
2124
2125
2126
2127
2128
2129
2130
2131
2132
2133
2136
2137
2138
2139
2140
2142
2143
2144
2145
2146
2147
2148
2150
2151
2152
2153
2154
2160
2161
2163
2164
2166
2167
2168
2169
2171
2172
2174
2175
2176
2177
2178
2179
2180
2181
2184
2185
2186
2187
2188
2189
2192
2193
2194
2195
2196
2197
2200
2201
2202
2208
2209
2210
2216
2217
2218
2240
2241
2243
2244
2246
2247
2248
2249
2251
2252
2254
2255
2264
2265
2267
2268
2270
2271
2272
2273
2275
2276
2278
2279
2288
2289
2291
2292
2294
2295
2296
2297
2299
2300
2302
2303
2304
2305
2307
2308
2310
2311
2312
2313
2315
2316
2318
2319
2328
2329
2331
2332
2334
2335
2336
2337
2339
2340
2342
2343
2352
2353
2355
2356
2358
2359
2360
2361
2363
2364
2366
2367
2392
2393
2394
2400
2401
2402
2408
2409
2410
2411
2412
2413
2419
2420
2421
2427
2428
2429
2432
2433
2435
2436
2438
2439
2440
2441
2443
2444
2446
2447
2456
2457
2458
2459
2460
2462
2463
2464
2465
2466
2467
2468
2470
2471
2472
2473
2474
2475
2476
2477
2480
2481
2483
2484
2485
2486
2487
2488
2489
2491
2492
2493
2494
2495
2496
2497
2499
2500
2502
2503
2504
2505
2507
2508
2510
2511
2520
2521
2522
2523
2524
2526
2527
2528
2529
2530
2531
2532
2534
2535
2536
2537
2538
2539
2540
2541
2544
2545
2547
2548
2549
2550
2551
2552
2553
2555
2556
2557
2558
2559
2560
2561
2562
2563
2564
2565
2568
2569
2570
2571
2572
2573
2576
2577
2578
2579
2580
2581
2584
2585
2586
2592
2593
2594
2600
2601
2602
2624
2625
2626
2627
2628
2629
2632
2633
2634
2635
2636
2637
2640
2641
2642
2643
2644
2645
2648
2649
2650
2656
2657
2658
2664
2665
2666
2688
2689
2690
2691
2692
2693
2696
2697
2698
2699
2700
2701
2704
2705
2706
2707
2708
2709
2712
2713
2714
2720
2721
2722
2728
2729
2730
3072
3073
3075
3076
3078
3079
3080
3081
3083
3084
3086
3087
3096
3097
3099
3100
3102
3103
3104
3105
3107
3108
3110
3111
3120
3121
3123
3124
3126
3127
3128
3129
3131
3132
3134
3135
3136
3137
3139
3140
3142
3143
3144
3145
3147
3148
3150
3151
3160
3161
3163
3164
3166
3167
3168
3169
3171
3172
3174
3175
3184
3185
3187
3188
3190
3191
3192
3193
3195
3196
3198
3199
3264
3265
3267
3268
3270
3271
3272
3273
3275
3276
3278
3279
3288
3289
3291
3292
3294
3295
3296
3297
3299
3300
3302
3303
3312
3313
3315
3316
3318
3319
3320
3321
3323
3324
3326
3327
3328
3329
3331
3332
3334
3335
3336
3337
3339
3340
3342
3343
3352
3353
3355
3356
3358
3359
3360
3361
3363
3364
3366
3367
3376
3377
3379
3380
3382
3383
3384
3385
3387
3388
3390
3391
3456
3457
3459
3460
3462
3463
3464
3465
3467
3468
3470
3471
3480
3481
3483
3484
3486
3487
3488
3489
3491
3492
3494
3495
3504
3505
3507
3508
3510
3511
3512
3513
3515
3516
3518
3519
3520
3521
3523
3524
3526
3527
3528
3529
3531
3532
3534
3535
3544
3545
3547
3548
3550
3551
3552
3553
3555
3556
3558
3559
3568
3569
3571
3572
3574
3575
3576
3577
3579
3580
3582
3583
3584
3585
3587
3588
3590
3591
3592
3593
3595
3596
3598
3599
3608
3609
3611
3612
3614
3615
3616
3617
3619
3620
3622
3623
3632
3633
3635
3636
3638
3639
3640
3641
3643
3644
3646
3647
3648
3649
3651
3652
3654
3655
3656
3657
3659
3660
3662
3663
3672
3673
3675
3676
3678
3679
3680
3681
3683
3684
3686
3687
3696
3697
3699
3700
3702
3703
3704
3705
3707
3708
3710
3711
3776
3777
3779
3780
3782
3783
3784
3785
3787
3788
3790
3791
3800
3801
3803
3804
3806
3807
3808
3809
3811
3812
3814
3815
3824
3825
3827
3828
3830
3831
3832
3833
3835
3836
3838
3839
3840
3841
3843
3844
3846
3847
3848
3849
3851
3852
3854
3855
3864
3865
3867
3868
3870
3871
3872
3873
3875
3876
3878
3879
3888
3889
3891
3892
3894
3895
3896
3897
3899
3900
3902
3903
3968
3969
3971
3972
3974
3975
3976
3977
3979
3980
3982
3983
3992
3993
3995
3996
3998
3999
4000
4001
4003
4004
4006
4007
4016
4017
4019
4020
4022
4023
4024
4025
4027
4028
4030
4031
4032
4033
4035
4036
4038
4039
4040
4041
4043
4044
4046
4047
4056
4057
4059
4060
4062
4063
4064
4065
4067
4068
4070
4071
4080
4081
4083
4084
4086
4087
4088
4089
4091
4092
4094
4095
4096
4097
4099
4100
4102
4103
4104
4105
4107
4108
4110
4111
4120
4121
4123
4124
4126
4127
4128
4129
4131
4132
4134
4135
4144
4145
4147
4148
4150
4151
4152
4153
4155
4156
4158
4159
4160
4161
4163
4164
4166
4167
4168
4169
4171
4172
4174
4175
4184
4185
4187
4188
4190
4191
4192
4193
4195
4196
4198
4199
4208
4209
4211
4212
4214
4215
4216
4217
4219
4220
4222
4223
4288
4289
4291
4292
4294
4295
4296
4297
4299
4300
4302
4303
4312
4313
4315
4316
4318
4319
4320
4321
4323
4324
4326
4327
4336
4337
4339
4340
4342
4343
4344
4345
4347
4348
4350
4351
4352
4353
4355
4356
4358
4359
4360
4361
4363
4364
4366
4367
4376
4377
4379
4380
4382
4383
4384
4385
4387
4388
4390
4391
4400
4401
4403
4404
4406
4407
4408
4409
4411
4412
4414
4415
4480
4481
4483
4484
4486
4487
4488
4489
4491
4492
4494
4495
4504
4505
4507
4508
4510
4511
4512
4513
4515
4516
4518
4519
4528
4529
4531
4532
4534
4535
4536
4537
4539
4540
4542
4543
4544
4545
4547
4548
4550
4551
4552
4553
4555
4556
4558
4559
4568
4569
4571
4572
4574
4575
4576
4577
4579
4580
4582
4583
4592
4593
4595
4596
4598
4599
4600
4601
4603
4604
4606
4607
4608
4609
4611
4612
4614
4615
4616
4617
4619
4620
4622
4623
4632
4633
4635
4636
4638
4639
4640
4641
4643
4644
4646
4647
4656
4657
4659
4660
4662
4663
4664
4665
4667
4668
4670
4671
4672
4673
4675
4676
4678
4679
4680
4681
4683
4684
4686
4687
4696
4697
4699
4700
4702
4703
4704
4705
4707
4708
4710
4711
4720
4721
4723
4724
4726
4727
4728
4729
4731
4732
4734
4735
4800
4801
4803
4804
4806
4807
4808
4809
4811
4812
4814
4815
4824
4825
4827
4828
4830
4831
4832
4833
4835
4836
4838
4839
4848
4849
4851
4852
4854
4855
4856
4857
4859
4860
4862
4863
4864
4865
4867
4868
4870
4871
4872
4873
4875
4876
4878
4879
4888
4889
4891
4892
4894
4895
4896
4897
4899
4900
4902
4903
4912
4913
4915
4916
4918
4919
4920
4921
4923
4924
4926
4927
4992
4993
4995
4996
4998
4999
5000
5001
5003
5004
5006
5007
5016
5017
5019
5020
5022
5023
5024
5025
5027
5028
5030
5031
5040
5041
5043
5044
5046
5047
5048
5049
5051
5052
5054
5055
5056
5057
5059
5060
5062
5063
5064
5065
5067
5068
5070
5071
5080
5081
5083
5084
5086
5087
5088
5089
5091
5092
5094
5095
5104
5105
5107
5108
5110
5111
5112
5113
5115
5116
5118
5119
5632
5633
5635
5636
5638
5639
5640
5641
5643
5644
5646
5647
5656
5657
5659
5660
5662
5663
5664
5665
5667
5668
5670
5671
5680
5681
5683
5684
5686
5687
5688
5689
5691
5692
5694
5695
5696
5697
5699
5700
5702
5703
5704
5705
5707
5708
5710
5711
5720
5721
5723
5724
5726
5727
5728
5729
5731
5732
5734
5735
5744
5745
5747
5748
5750
5751
5752
5753
5755
5756
5758
5759
5824
5825
5827
5828
5830
5831
5832
5833
5835
5836
5838
5839
5848
5849
5851
5852
5854
5855
5856
5857
5859
5860
5862
5863
5872
5873
5875
5876
5878
5879
5880
5881
5883
5884
5886
5887
5888
5889
5891
5892
5894
5895
5896
5897
5899
5900
5902
5903
5912
5913
5915
5916
5918
5919
5920
5921
5923
5924
5926
5927
5936
5937
5939
5940
5942
5943
5944
5945
5947
5948
5950
5951
6016
6017
6019
6020
6022
6023
6024
6025
6027
6028
6030
6031
6040
6041
6043
6044
6046
6047
6048
6049
6051
6052
6054
6055
6064
6065
6067
6068
6070
6071
6072
6073
6075
6076
6078
6079
6080
6081
6083
6084
6086
6087
6088
6089
6091
6092
6094
6095
6104
6105
6107
6108
6110
6111
6112
6113
6115
6116
6118
6119
6128
6129
6131
6132
6134
6135
6136
6137
6139
6140
6142
6143
6144
6145
6147
6148
6150
6151
6152
6153
6155
6156
6158
6159
6168
6169
6171
6172
6174
6175
6176
6177
6179
6180
6182
6183
6192
6193
6195
6196
6198
6199
6200
6201
6203
6204
6206
6207
6208
6209
6211
6212
6214
6215
6216
6217
6219
6220
6222
6223
6232
6233
6235
6236
6238
6239
6240
6241
6243
6244
6246
6247
6256
6257
6259
6260
6262
6263
6264
6265
6267
6268
6270
6271
6336
6337
6339
6340
6342
6343
6344
6345
6347
6348
6350
6351
6360
6361
6363
6364
6366
6367
6368
6369
6371
6372
6374
6375
6384
6385
6387
6388
6390
6391
6392
6393
6395
6396
6398
6399
6400
6401
6403
6404
6406
6407
6408
6409
6411
6412
6414
6415
6424
6425
6427
6428
6430
6431
6432
6433
6435
6436
6438
6439
6448
6449
6451
6452
6454
6455
6456
6457
6459
6460
6462
6463
6528
6529
6531
6532
6534
6535
6536
6537
6539
6540
6542
6543
6552
6553
6555
6556
6558
6559
6560
6561
6563
6564
6566
6567
6576
6577
6579
6580
6582
6583
6584
6585
6587
6588
6590
6591
6592
6593
6595
6596
6598
6599
6600
6601
6603
6604
6606
6607
6616
6617
6619
6620
6622
6623
6624
6625
6627
6628
6630
6631
6640
6641
6643
6644
6646
6647
6648
6649
6651
6652
6654
6655
7168
7169
7171
7172
7174
7175
7176
7177
7179
7180
7182
7183
7192
7193
7195
7196
7198
7199
7200
7201
7203
7204
7206
7207
7216
7217
7219
7220
7222
7223
7224
7225
7227
7228
7230
7231
7232
7233
7235
7236
7238
7239
7240
7241
7243
7244
7246
7247
7256
7257
7259
7260
7262
7263
7264
7265
7267
7268
7270
7271
7280
7281
7283
7284
7286
7287
7288
7289
7291
7292
7294
7295
7360
7361
7363
7364
7366
7367
7368
7369
7371
7372
7374
7375
7384
7385
7387
7388
7390
7391
7392
7393
7395
7396
7398
7399
7408
7409
7411
7412
7414
7415
7416
7417
7419
7420
7422
7423
7424
7425
7427
7428
7430
7431
7432
7433
7435
7436
7438
7439
7448
7449
7451
7452
7454
7455
7456
7457
7459
7460
7462
7463
7472
7473
7475
7476
7478
7479
7480
7481
7483
7484
7486
7487
7552
7553
7555
7556
7558
7559
7560
7561
7563
7564
7566
7567
7576
7577
7579
7580
7582
7583
7584
7585
7587
7588
7590
7591
7600
7601
7603
7604
7606
7607
7608
7609
7611
7612
7614
7615
7616
7617
7619
7620
7622
7623
7624
7625
7627
7628
7630
7631
7640
7641
7643
7644
7646
7647
7648
7649
7651
7652
7654
7655
7664
7665
7667
7668
7670
7671
7672
7673
7675
7676
7678
7679
7680
7681
7683
7684
7686
7687
7688
7689
7691
7692
7694
7695
7704
7705
7707
7708
7710
7711
7712
7713
7715
7716
7718
7719
7728
7729
7731
7732
7734
7735
7736
7737
7739
7740
7742
7743
7744
7745
7747
7748
7750
7751
7752
7753
7755
7756
7758
7759
7768
7769
7771
7772
7774
7775
7776
7777
7779
7780
7782
7783
7792
7793
7795
7796
7798
7799
7800
7801
7803
7804
7806
7807
7872
7873
7875
7876
7878
7879
7880
7881
7883
7884
7886
7887
7896
7897
7899
7900
7902
7903
7904
7905
7907
7908
7910
7911
7920
7921
7923
7924
7926
7927
7928
7929
7931
7932
7934
7935
7936
7937
7939
7940
7942
7943
7944
7945
7947
7948
7950
7951
7960
7961
7963
7964
7966
7967
7968
7969
7971
7972
7974
7975
7984
7985
7987
7988
7990
7991
7992
7993
7995
7996
7998
7999
8064
8065
8067
8068
8070
8071
8072
8073
8075
8076
8078
8079
8088
8089
8091
8092
8094
8095
8096
8097
8099
8100
8102
8103
8112
8113
8115
8116
8118
8119
8120
8121
8123
8124
8126
8127
8128
8129
8131
8132
8134
8135
8136
8137
8139
8140
8142
8143
8152
8153
8155
8156
8158
8159
8160
8161
8163
8164
8166
8167
8176
8177
8179
8180
8182
8183
8184
8185
8187
8188
8190
8191
