3
5
7
8
9
11
13
15
17
19
21
23
24
25
27
29
31
33
35
37
39
40
41
43
45
47
49
51
53
55
56
57
59
61
63
64
65
67
69
71
72
73
75
77
79
81
83
85
87
88
89
91
93
95
97
99
101
103
104
105
107
109
111
113
115
117
119
120
121
123
125
127
133
135
136
141
145
147
149
151
152
153
155
161
165
167
168
169
171
173
177
179
181
183
184
187
192
193
195
197
199
200
201
203
207
209
211
213
216
217
219
221
223
227
229
232
233
235
237
239
241
243
245
247
248
249
251
255
263
264
269
273
277
279
285
287
289
303
305
309
311
312
315
320
321
323
325
328
329
331
333
337
339
341
344
349
369
373
376
379
381
389
392
395
399
401
407
408
419
423
424
425
427
437
448
449
451
455
456
457
459
461
463
465
472
473
475
479
483
504
505
507
511
512
513
515
517
519
520
521
523
525
527
529
531
533
535
536
537
539
541
543
552
553
555
563
568
569
571
575
576
577
579
581
583
584
585
587
589
591
595
597
600
601
603
607
613
616
617
621
627
632
633
635
639
648
653
664
665
669
671
679
680
681
687
699
701
704
705
707
711
712
713
715
717
719
721
728
729
731
735
739
744
760
761
763
767
805
808
809
813
815
832
833
840
841
855
856
867
869
872
873
875
877
881
904
960
961
963
967
968
969
971
975
984
985
987
991
1016
1017
1019
1023
1101
1125
1128
1129
1133
1165
1195
1197
1203
1205
1216
1217
1219
1221
1224
1225
1235
1237
1259
1261
1267
1269
1344
1345
1347
1349
1352
1353
1363
1365
1368
1369
1384
1385
1387
1389
1395
1397
1432
1433
1448
1449
1515
1517
1523
1525
1536
1537
1539
1541
1543
1544
1545
1547
1551
1555
1557
1560
1561
1563
1567
1576
1577
1592
1593
1595
1599
1600
1601
1603
1605
1607
1608
1609
1611
1615
1619
1621
1624
1625
1627
1631
1656
1657
1659
1663
1688
1689
1704
1705
1728
1729
1731
1735
1736
1737
1739
1743
1752
1753
1755
1759
1784
1785
1787
1791
1880
1881
1896
1897
1899
1901
1907
1909
1944
1945
1960
1961
1984
1985
1987
1991
1992
1993
1995
1999
2008
2009
2011
2015
2027
2029
2035
2037
2040
2041
2043
2047
2560
2561
2563
2565
2568
2569
2579
2581
2584
2585
2600
2601
2624
2625
2627
2629
2632
2633
2643
2645
2712
2713
2728
2729
3584
3585
3587
3591
3592
3593
3595
3599
3608
3609
3611
3615
3640
3641
3643
3647
3648
3649
3651
3655
3656
3657
3659
3663
3672
3673
3675
3679
3704
3705
3707
3711
3776
3777
3779
3783
3784
3785
3787
3791
3800
3801
3803
3807
3832
3833
3835
3839
4032
4033
4035
4039
4040
4041
4043
4047
4056
4057
4059
4063
4088
4089
4091
4095
4096
4097
4099
4103
4104
4105
4107
4111
4120
4121
4123
4127
4152
4153
4155
4159
4160
4161
4163
4167
4168
4169
4171
4175
4184
4185
4187
4191
4216
4217
4219
4223
4288
4289
4291
4295
4296
4297
4299
4303
4312
4313
4315
4319
4344
4345
4347
4351
4544
4545
4547
4551
4552
4553
4555
4559
4568
4569
4571
4575
4600
4601
4603
4607
4608
4609
4611
4615
4616
4617
4619
4623
4632
4633
4635
4639
4664
4665
4667
4671
4672
4673
4675
4679
4680
4681
4683
4687
4696
4697
4699
4703
4728
4729
4731
4735
4800
4801
4803
4807
4808
4809
4811
4815
4824
4825
4827
4831
4856
4857
4859
4863
5056
5057
5059
5063
5064
5065
5067
5071
5080
5081
5083
5087
5112
5113
5115
5119
5632
5633
5635
5639
5640
5641
5643
5647
5656
5657
5659
5663
5688
5689
5691
5695
5696
5697
5699
5703
5704
5705
5707
5711
5720
5721
5723
5727
5752
5753
5755
5759
5824
5825
5827
5831
5832
5833
5835
5839
5848
5849
5851
5855
5880
5881
5883
5887
6080
6081
6083
6087
6088
6089
6091
6095
6104
6105
6107
6111
6136
6137
6139
6143
7680
7681
7683
7687
7688
7689
7691
7695
7704
7705
7707
7711
7736
7737
7739
7743
7744
7745
7747
7751
7752
7753
7755
7759
7768
7769
7771
7775
7800
7801
7803
7807
7872
7873
7875
7879
7880
7881
7883
7887
7896
7897
7899
7903
7928
7929
7931
7935
8128
8129
8131
8135
8136
8137
8139
8143
8152
8153
8155
8159
8184
8185
8187
8191
