2
3
4
5
6
7
8
9
10
11
12
13
14
15
16
17
18
19
20
21
22
23
24
25
26
27
28
29
30
31
32
33
34
35
36
37
38
39
40
41
42
43
44
45
46
47
48
49
50
51
52
53
54
55
56
57
58
59
60
61
62
63
64
65
66
67
68
69
70
71
72
73
74
75
76
77
78
79
80
81
82
83
84
85
86
87
88
89
90
91
92
93
94
95
96
97
98
99
100
101
102
103
104
105
106
107
108
109
110
111
112
113
114
115
116
117
118
119
120
121
122
123
124
125
126
127
128
129
130
131
132
133
134
135
136
137
138
139
140
141
142
143
144
145
146
147
148
149
150
151
152
153
154
155
156
157
158
159
160
161
162
163
164
165
166
167
168
169
170
171
172
173
174
175
176
177
178
179
180
181
182
183
184
185
186
187
188
189
190
191
192
193
194
195
196
197
198
199
200
201
202
203
204
205
206
207
208
209
210
211
212
213
214
215
216
217
218
219
220
221
222
223
224
225
226
227
228
229
230
231
232
233
234
235
236
237
238
239
240
241
242
243
244
245
246
247
248
249
250
251
252
253
254
255
256
257
258
259
260
261
262
263
264
265
266
267
268
269
270
271
272
273
274
275
276
277
278
279
280
281
282
283
284
285
286
287
288
289
290
291
292
293
294
295
296
297
298
299
300
301
302
303
304
305
306
307
308
309
310
311
312
313
314
315
316
317
318
319
320
321
322
323
324
325
326
327
328
329
330
331
332
333
334
335
336
337
338
339
340
341
342
343
344
345
346
347
348
349
350
351
352
353
354
355
356
357
358
359
360
361
362
363
364
365
366
367
368
369
370
371
372
373
374
375
376
377
378
379
380
381
382
384
385
386
387
388
389
390
391
392
393
394
395
396
397
398
399
400
401
402
403
404
405
406
407
408
409
410
411
412
413
414
415
416
417
418
419
420
421
422
423
424
425
426
427
428
429
430
431
432
433
434
435
436
437
438
439
440
441
442
443
444
445
446
447
448
449
450
451
452
453
454
455
456
457
458
459
460
461
462
463
464
465
466
467
468
469
470
471
472
473
474
475
476
477
478
479
480
481
482
483
484
485
486
487
488
489
490
491
492
493
494
495
496
497
498
499
500
501
502
503
504
512
513
514
515
516
517
518
519
520
521
522
523
524
525
526
527
528
529
530
531
532
533
534
535
536
537
538
539
540
541
542
543
544
545
546
547
548
549
550
551
552
553
554
555
556
557
558
559
560
561
562
563
564
565
566
567
568
569
570
571
572
573
574
576
577
578
579
580
581
582
583
584
585
586
587
588
589
590
591
592
593
594
595
596
597
598
599
600
601
602
603
604
605
606
607
608
609
610
611
612
613
614
615
616
617
618
619
620
621
622
623
624
625
626
627
628
629
630
631
632
633
634
635
636
637
638
640
641
642
643
644
645
646
647
648
649
650
651
652
653
654
655
656
657
658
659
660
661
662
663
664
665
666
667
668
669
670
671
672
673
674
675
676
677
678
679
680
681
682
683
684
685
686
687
688
689
690
691
692
693
694
695
696
697
698
699
700
701
702
704
705
706
707
708
709
710
711
712
713
714
715
716
717
718
719
720
721
722
723
724
725
726
727
728
729
730
731
732
733
734
735
736
737
738
739
740
741
742
743
744
745
746
747
748
749
750
751
752
753
754
755
756
757
758
759
760
761
762
763
764
765
766
768
769
770
771
772
773
774
775
776
777
778
779
780
781
782
783
784
785
786
787
788
789
790
791
792
793
794
795
796
797
798
799
800
801
802
803
804
805
806
807
808
809
810
811
812
813
814
815
816
817
818
819
820
821
822
823
824
825
826
827
828
829
830
832
833
834
835
836
837
838
839
840
841
842
843
844
845
846
847
848
849
850
851
852
853
854
855
856
857
858
859
860
861
862
863
864
865
866
867
868
869
870
871
872
873
874
875
876
877
878
879
880
881
882
883
884
885
886
887
888
889
890
891
892
893
894
896
897
898
899
900
901
902
903
904
905
906
907
908
909
910
911
912
913
914
915
916
917
918
919
920
921
922
923
924
925
926
927
928
929
930
931
932
933
934
935
936
937
938
939
940
941
942
943
944
945
946
947
948
949
950
951
952
953
954
956
957
958
960
961
962
963
964
965
966
967
968
969
970
971
972
973
974
975
976
977
978
979
980
981
982
984
985
986
988
989
990
991
992
993
994
996
997
1000
1003
1004
1005
1024
1025
1026
1027
1028
1029
1030
1031
1032
1033
1034
1035
1036
1037
1038
1039
1040
1041
1042
1043
1044
1045
1046
1047
1048
1049
1050
1051
1052
1053
1055
1056
1057
1058
1059
1060
1061
1062
1063
1064
1065
1066
1067
1068
1069
1070
1071
1072
1073
1074
1075
1076
1077
1078
1079
1080
1081
1082
1083
1084
1085
1088
1089
1090
1091
1092
1093
1094
1095
1096
1097
1098
1099
1100
1101
1102
1104
1105
1106
1107
1108
1109
1110
1111
1112
1113
1114
1115
1116
1117
1120
1121
1122
1123
1124
1125
1126
1127
1128
1129
1130
1131
1132
1133
1134
1135
1136
1137
1138
1140
1141
1142
1143
1144
1145
1146
1148
1152
1153
1154
1155
1156
1157
1158
1159
1160
1161
1162
1163
1164
1165
1166
1167
1168
1169
1170
1171
1172
1173
1174
1175
1176
1177
1178
1179
1180
1181
1183
1184
1185
1186
1187
1188
1189
1190
1191
1192
1193
1194
1195
1196
1197
1198
1199
1200
1201
1202
1203
1204
1205
1206
1207
1208
1209
1210
1211
1216
1217
1218
1219
1220
1221
1222
1223
1224
1225
1226
1227
1228
1229
1231
1232
1233
1234
1235
1236
1237
1238
1239
1240
1241
1242
1243
1244
1245
1247
1248
1249
1250
1251
1252
1253
1255
1256
1257
1258
1259
1260
1261
1263
1268
1269
1271
1272
1273
1274
1276
1280
1281
1282
1283
1284
1285
1286
1287
1288
1289
1290
1291
1292
1293
1294
1295
1296
1297
1298
1299
1300
1301
1302
1303
1304
1305
1306
1307
1308
1309
1312
1313
1314
1315
1316
1317
1318
1319
1320
1321
1322
1323
1324
1325
1326
1328
1329
1330
1331
1332
1333
1334
1335
1336
1337
1338
1339
1340
1344
1345
1346
1347
1348
1349
1350
1351
1352
1353
1354
1355
1356
1357
1358
1359
1360
1361
1362
1363
1364
1365
1366
1367
1368
1369
1370
1371
1372
1373
1374
1375
1376
1377
1378
1379
1380
1381
1382
1383
1384
1385
1386
1387
1388
1389
1390
1391
1392
1393
1394
1395
1396
1397
1398
1399
1400
1401
1402
1404
1408
1409
1410
1411
1412
1413
1414
1415
1416
1417
1418
1419
1420
1421
1422
1423
1424
1425
1426
1427
1428
1429
1430
1431
1432
1433
1434
1435
1436
1438
1439
1440
1441
1442
1443
1444
1445
1446
1447
1448
1449
1450
1451
1452
1453
1454
1455
1456
1457
1458
1459
1460
1461
1462
1463
1464
1465
1466
1467
1472
1473
1474
1475
1476
1477
1478
1479
1480
1481
1482
1483
1484
1486
1487
1488
1489
1490
1491
1492
1493
1494
1495
1496
1497
1498
1499
1536
1537
1538
1539
1540
1541
1542
1543
1544
1545
1546
1547
1548
1549
1550
1551
1552
1553
1554
1555
1556
1557
1558
1559
1560
1561
1562
1563
1564
1565
1566
1567
1568
1569
1570
1571
1572
1573
1574
1575
1576
1577
1578
1579
1580
1581
1582
1583
1584
1585
1586
1587
1588
1589
1590
1591
1592
1593
1594
1595
1600
1601
1602
1603
1604
1605
1606
1607
1608
1609
1610
1611
1612
1613
1614
1615
1616
1617
1618
1619
1620
1621
1622
1623
1624
1625
1626
1627
1628
1629
1630
1631
1632
1633
1634
1635
1636
1637
1639
1640
1641
1642
1643
1644
1645
1646
1647
1648
1649
1651
1652
1653
1654
1655
1656
1657
1658
1660
1664
1665
1666
1667
1668
1669
1670
1671
1672
1673
1674
1675
1676
1677
1679
1680
1681
1682
1683
1684
1685
1686
1687
1688
1689
1690
1691
1692
1693
1695
1696
1697
1698
1699
1700
1701
1702
1703
1704
1705
1706
1707
1708
1709
1710
1711
1712
1713
1714
1715
1716
1717
1718
1719
1720
1721
1722
1723
1728
1729
1730
1731
1732
1733
1734
1735
1736
1737
1738
1739
1740
1741
1742
1743
1744
1745
1746
1747
1748
1749
1750
1751
1752
1753
1754
1755
1756
1757
1758
1759
1760
1761
1762
1763
1764
1765
1767
1768
1769
1770
1771
1772
1773
1774
1775
1776
1777
1779
1780
1781
1782
1783
1784
1785
1786
1788
1792
1793
1794
1795
1796
1797
1798
1799
1800
1801
1802
1803
1804
1805
1806
1807
1808
1809
1810
1811
1812
1813
1814
1815
1816
1817
1818
1819
1820
1821
1822
1823
1824
1825
1826
1827
1828
1829
1832
1833
1834
1835
1836
1837
1844
1845
1847
1848
1849
1850
1852
1856
1857
1858
1859
1860
1861
1863
1864
1865
1866
1867
1868
1869
1871
1872
1873
1874
1875
1876
1877
1878
1879
1880
1881
1882
1883
1884
1885
1886
1887
1888
1889
1890
1891
1892
1893
1895
1896
1897
1898
1899
1900
1901
1902
1903
1904
1905
1907
1908
1909
1910
1911
1912
1913
1914
1916
1920
1921
1923
1924
1926
1927
1928
1929
1931
1932
1934
1935
1942
1943
1944
1945
1946
1947
1948
1949
1950
1951
1952
1953
1954
1955
1956
1959
1960
1961
1962
1963
1964
1965
1966
1967
1968
1969
1971
1972
1973
1974
1975
1976
1977
1978
1980
1984
1985
1986
1987
1988
1989
1990
1991
1992
1993
1995
1996
1997
1998
1999
2000
2048
2049
2050
2051
2052
2053
2054
2055
2056
2057
2058
2059
2060
2061
2062
2063
2064
2065
2066
2067
2068
2069
2070
2071
2072
2073
2074
2075
2076
2077
2078
2079
2080
2081
2082
2083
2084
2085
2086
2087
2088
2089
2090
2091
2092
2093
2094
2095
2096
2097
2098
2099
2100
2101
2102
2103
2104
2105
2106
2107
2112
2113
2114
2115
2116
2117
2118
2119
2120
2121
2122
2123
2124
2125
2126
2127
2128
2129
2130
2131
2132
2133
2134
2135
2136
2137
2138
2139
2140
2141
2142
2143
2144
2145
2146
2147
2148
2149
2150
2152
2153
2154
2155
2156
2157
2158
2159
2160
2161
2162
2163
2164
2165
2166
2167
2168
2169
2176
2177
2178
2179
2180
2181
2182
2183
2184
2185
2186
2187
2188
2189
2190
2192
2193
2194
2195
2196
2197
2198
2199
2200
2201
2202
2203
2204
2205
2208
2209
2210
2211
2212
2213
2214
2215
2216
2217
2218
2219
2220
2221
2222
2223
2224
2225
2226
2227
2228
2229
2230
2231
2232
2233
2234
2235
2240
2241
2242
2243
2244
2245
2246
2247
2248
2249
2250
2251
2252
2253
2254
2255
2256
2257
2258
2259
2260
2261
2262
2263
2264
2265
2266
2267
2268
2269
2270
2271
2272
2273
2274
2275
2276
2277
2280
2281
2282
2283
2284
2285
2286
2287
2288
2289
2291
2292
2294
2295
2296
2297
2304
2305
2306
2307
2308
2309
2310
2311
2312
2313
2314
2315
2316
2317
2318
2319
2320
2321
2322
2323
2324
2325
2326
2327
2328
2329
2330
2331
2332
2333
2334
2335
2336
2337
2338
2339
2340
2341
2342
2343
2344
2345
2346
2347
2348
2349
2350
2352
2353
2354
2355
2356
2357
2358
2359
2360
2361
2362
2363
2368
2369
2370
2371
2372
2373
2374
2375
2376
2377
2378
2379
2380
2381
2382
2384
2385
2386
2387
2388
2389
2390
2391
2392
2393
2394
2395
2396
2397
2400
2401
2402
2403
2404
2405
2406
2408
2409
2410
2411
2412
2413
2414
2416
2417
2418
2420
2421
2422
2432
2433
2434
2435
2436
2437
2438
2439
2440
2441
2442
2443
2444
2445
2446
2448
2449
2450
2451
2452
2453
2454
2455
2456
2457
2458
2459
2464
2465
2466
2467
2468
2469
2470
2471
2472
2473
2474
2475
2476
2477
2478
2480
2481
2482
2483
2484
2485
2486
2487
2488
2489
2490
2491
2496
2497
2498
2499
2500
2560
2561
2562
2563
2564
2565
2566
2568
2569
2570
2571
2572
2573
2574
2576
2577
2578
2579
2580
2581
2582
2584
2585
2586
2587
2588
2589
2592
2593
2594
2595
2596
2597
2598
2600
2601
2602
2603
2604
2605
2606
2608
2609
2610
2612
2613
2614
2624
2625
2626
2627
2628
2629
2630
2632
2633
2634
2635
2636
2637
2638
2640
2641
2642
2643
2644
2645
2646
2648
2649
2650
2651
2652
2653
2656
2657
2658
2659
2660
2661
2662
2664
2665
2666
2667
2668
2669
2670
2672
2673
2674
2676
2677
2678
2688
2689
2690
2691
2692
2693
2694
2696
2697
2698
2699
2700
2701
2702
2704
2705
2706
2707
2708
2709
2710
2712
2713
2714
2715
2716
2717
2720
2721
2722
2723
2724
2725
2726
2728
2729
2730
2731
2732
2733
2734
2735
2736
2737
2738
2739
2740
2741
2742
2743
2744
2745
2752
2753
2754
2755
2756
2757
2758
2759
2760
2761
2762
2763
2764
2765
2766
2767
2768
2769
2770
2771
2772
2773
2774
2775
2776
2777
2778
2779
2780
2781
2782
2783
2784
2785
2786
2787
2788
2789
2792
2793
2794
2795
2796
2797
2798
2799
2800
2801
2803
2804
2806
2807
2808
2809
2816
2817
2818
2819
2820
2821
2822
2823
2824
2825
2826
2827
2828
2829
2830
2831
2832
2833
2834
2835
2836
2837
2838
2839
2840
2841
2842
2843
2844
2845
2846
2847
2848
2849
2850
2851
2852
2853
2854
2856
2857
2858
2859
2860
2861
2862
2864
2865
2866
2868
2869
2870
2880
2881
2882
2883
2884
2885
2886
2888
2889
2890
2891
2892
2893
2894
2896
2897
2898
2899
2900
2901
2902
2903
2904
2905
2906
2907
2908
2909
2910
2911
2912
2913
2914
2915
2916
2917
2918
2920
2921
2922
2923
2924
2925
2926
2927
2928
2929
2930
2931
2932
2933
2934
2935
2936
2937
2944
2945
2946
2947
2948
2949
2950
2951
2952
2953
2954
2955
2956
2957
2958
2959
2960
2961
2962
2964
2965
2966
2967
2968
2969
2971
2972
2974
2975
2976
2977
2978
2979
2980
2981
2982
2984
2985
2986
2987
2988
2989
2990
2991
2992
2993
2994
2995
2996
2997
2998
2999
3000
3001
3008
3009
3011
3012
3014
3015
3016
3017
3019
3020
3022
3023
3072
3073
3074
3075
3076
3077
3078
3079
3080
3081
3082
3083
3084
3085
3086
3087
3088
3089
3090
3092
3093
3094
3095
3096
3097
3099
3100
3102
3103
3104
3105
3106
3107
3108
3109
3110
3112
3113
3114
3115
3116
3117
3118
3119
3120
3121
3122
3123
3124
3125
3126
3127
3128
3129
3136
3137
3138
3139
3140
3141
3142
3143
3144
3145
3146
3147
3148
3149
3150
3151
3152
3153
3154
3156
3157
3158
3159
3160
3161
3163
3164
3166
3167
3168
3169
3170
3171
3172
3173
3174
3176
3177
3178
3179
3180
3181
3182
3183
3184
3185
3186
3187
3188
3189
3190
3191
3192
3193
3200
3201
3202
3204
3205
3206
3208
3209
3210
3212
3213
3214
3216
3217
3218
3220
3221
3222
3232
3233
3234
3236
3237
3238
3240
3241
3242
3243
3244
3245
3246
3247
3248
3249
3250
3251
3252
3253
3254
3255
3256
3257
3264
3265
3267
3268
3270
3271
3272
3273
3275
3276
3278
3279
3286
3287
3288
3289
3291
3292
3294
3295
3296
3297
3299
3300
3307
3308
3310
3311
3312
3313
3315
3316
3318
3319
3320
3321
3328
3329
3330
3331
3332
3333
3334
3336
3337
3338
3340
3341
3342
3344
3345
3346
3348
3349
3350
3360
3361
3362
3364
3365
3366
3368
3369
3370
3372
3373
3374
3376
3377
3378
3380
3381
3382
3392
3393
3394
3396
3397
3398
3400
3401
3402
3404
3405
3406
3408
3409
3410
3412
3413
3414
3424
3425
3426
3428
3429
3430
3432
3433
3434
3436
3437
3438
3440
3441
3442
3444
3445
3446
3456
3457
3458
3460
3461
3462
3464
3465
3466
3468
3469
3470
3472
3473
3474
3476
3477
3478
3488
3489
3490
3492
3493
3494
3496
3497
3498
3500
3501
3502
3504
3505
3506
3508
3509
3510
4096
4097
4098
4099
4100
4101
4102
4104
4105
4106
4107
4108
4109
4110
4112
4113
4114
4115
4116
4117
4118
4120
4121
4122
4123
4124
4125
4128
4129
4130
4131
4132
4133
4134
4136
4137
4138
4139
4140
4141
4142
4144
4145
4146
4148
4149
4150
4160
4161
4162
4163
4164
4165
4166
4168
4169
4170
4171
4172
4173
4174
4176
4177
4178
4179
4180
4181
4182
4184
4185
4186
4187
4188
4189
4192
4193
4194
4195
4196
4197
4198
4200
4201
4202
4203
4204
4205
4206
4208
4209
4210
4212
4213
4214
4224
4225
4226
4227
4228
4229
4230
4232
4233
4234
4235
4236
4237
4238
4240
4241
4242
4243
4244
4245
4246
4248
4249
4250
4251
4252
4253
4256
4257
4258
4259
4260
4261
4262
4264
4265
4266
4267
4268
4269
4270
4272
4273
4274
4276
4277
4278
4288
4289
4290
4291
4292
4293
4296
4297
4298
4299
4300
4301
4304
4305
4306
4307
4308
4309
4312
4313
4314
4315
4316
4317
4320
4321
4322
4323
4324
4325
4328
4329
4330
4331
4332
4333
4352
4353
4354
4355
4356
4357
4358
4360
4361
4362
4363
4364
4365
4366
4368
4369
4370
4371
4372
4373
4374
4376
4377
4378
4379
4380
4381
4384
4385
4386
4387
4388
4389
4390
4392
4393
4394
4395
4396
4397
4398
4400
4401
4402
4404
4405
4406
4416
4417
4418
4419
4420
4421
4422
4424
4425
4426
4427
4428
4429
4430
4432
4433
4434
4435
4436
4437
4438
4440
4441
4442
4443
4444
4445
4448
4449
4450
4451
4452
4453
4454
4456
4457
4458
4459
4460
4461
4462
4464
4465
4466
4468
4469
4470
4480
4481
4482
4484
4485
4486
4488
4489
4490
4492
4493
4494
4496
4497
4498
4500
4501
4502
4512
4513
4514
4516
4517
4518
4520
4521
4522
4524
4525
4526
4528
4529
4530
4532
4533
4534
4608
4609
4610
4611
4612
4613
4614
4616
4617
4618
4619
4620
4621
4622
4624
4625
4626
4627
4628
4629
4630
4632
4633
4634
4635
4636
4637
4640
4641
4642
4643
4644
4645
4646
4648
4649
4650
4651
4652
4653
4654
4656
4657
4658
4660
4661
4662
4672
4673
4674
4675
4676
4677
4678
4680
4681
4682
4683
4684
4685
4686
4688
4689
4690
4691
4692
4693
4694
4696
4697
4698
4699
4700
4701
4704
4705
4706
4707
4708
4709
4710
4712
4713
4714
4715
4716
4717
4718
4720
4721
4722
4724
4725
4726
4736
4737
4738
4739
4740
4741
4742
4744
4745
4746
4747
4748
4749
4750
4752
4753
4754
4755
4756
4757
4758
4760
4761
4762
4763
4764
4765
4768
4769
4770
4771
4772
4773
4774
4776
4777
4778
4779
4780
4781
4782
4784
4785
4786
4788
4789
4790
4800
4801
4802
4803
4804
4805
4808
4809
4810
4811
4812
4813
4816
4817
4818
4819
4820
4821
4824
4825
4826
4827
4828
4829
4832
4833
4834
4835
4836
4837
4840
4841
4842
4843
4844
4845
4864
4865
4866
4867
4868
4869
4870
4872
4873
4874
4875
4876
4877
4878
4880
4881
4882
4883
4884
4885
4886
4888
4889
4890
4891
4892
4893
4896
4897
4898
4899
4900
4901
4902
4904
4905
4906
4907
4908
4909
4910
4912
4913
4914
4916
4917
4918
4928
4929
4930
4931
4932
4933
4934
4936
4937
4938
4939
4940
4941
4942
4944
4945
4946
4947
4948
4949
4950
4952
4953
4954
4955
4956
4957
4960
4961
4962
4963
4964
4965
4966
4968
4969
4970
4971
4972
4973
4974
4976
4977
4978
4980
4981
4982
4992
4993
4994
4996
4997
4998
5000
5120
5121
5122
5123
5124
5125
5128
5129
5130
5131
5132
5133
5136
5137
5138
5139
5140
5141
5144
5145
5146
5147
5148
5149
5152
5153
5154
5155
5156
5157
5160
5161
5162
5163
5164
5165
5184
5185
5186
5187
5188
5189
5192
5193
5194
5195
5196
5197
5200
5201
5202
5203
5204
5205
5208
5209
5210
5211
5212
5213
5216
5217
5218
5219
5220
5221
5224
5225
5226
5227
5228
5229
5248
5249
5250
5251
5252
5253
5256
5257
5258
5259
5260
5261
5264
5265
5266
5267
5268
5269
5272
5273
5274
5275
5276
5277
5280
5281
5282
5283
5284
5285
5288
5289
5290
5291
5292
5293
5312
5313
5314
5315
5316
5317
5320
5321
5322
5323
5324
5325
5328
5329
5330
5331
5332
5333
5336
5337
5338
5339
5340
5341
5344
5345
5346
5347
5348
5349
5352
5353
5354
5355
5356
5357
5376
5377
5378
5379
5380
5381
5384
5385
5386
5387
5388
5389
5392
5393
5394
5395
5396
5397
5400
5401
5402
5403
5404
5405
5408
5409
5410
5411
5412
5413
5416
5417
5418
5419
5420
5421
5440
5441
5442
5443
5444
5445
5448
5449
5450
5451
5452
5453
5456
5457
5458
5459
5460
5461
5464
5465
5466
5467
5468
5469
5472
5473
5474
5475
5476
5477
5480
5481
5482
5483
5484
5485
5632
5633
5634
5635
5636
5637
5640
5641
5642
5643
5644
5645
5648
5649
5650
5651
5652
5653
5656
5657
5658
5659
5660
5661
5664
5665
5666
5667
5668
5669
5672
5673
5674
5675
5676
5677
5696
5697
5698
5699
5700
5701
5704
5705
5706
5707
5708
5709
5712
5713
5714
5715
5716
5717
5720
5721
5722
5723
5724
5725
5728
5729
5730
5731
5732
5733
5736
5737
5738
5739
5740
5741
5760
5761
5762
5763
5764
5765
5768
5769
5770
5771
5772
5773
5776
5777
5778
5779
5780
5781
5784
5785
5786
5787
5788
5789
5792
5793
5794
5795
5796
5797
5800
5801
5802
5803
5804
5805
5824
5825
5826
5827
5828
5829
5832
5833
5834
5835
5836
5837
5840
5841
5842
5843
5844
5845
5848
5849
5850
5851
5852
5853
5856
5857
5858
5859
5860
5861
5864
5865
5866
5867
5868
5869
5888
5889
5890
5891
5892
5893
5896
5897
5898
5899
5900
5901
5904
5905
5906
5907
5908
5909
5912
5913
5914
5915
5916
5917
5920
5921
5922
5923
5924
5925
5928
5929
5930
5931
5932
5933
5952
5953
5954
5955
5956
5957
5960
5961
5962
5963
5964
5965
5968
5969
5970
5971
5972
5973
5976
5977
5978
5979
5980
5981
5984
5985
5986
5987
5988
5989
5992
5993
5994
5995
5996
5997
6144
6145
6146
6147
6148
6149
6152
6153
6154
6155
6156
6157
6160
6161
6162
6163
6164
6165
6168
6169
6170
6171
6172
6173
6176
6177
6178
6179
6180
6181
6184
6185
6186
6187
6188
6189
6208
6209
6210
6211
6212
6213
6216
6217
6218
6219
6220
6221
6224
6225
6226
6227
6228
6229
6232
6233
6234
6235
6236
6237
6240
6241
6242
6243
6244
6245
6248
6249
6250
6251
6252
6253
6272
6273
6274
6275
6276
6277
6280
6281
6282
6283
6284
6285
6288
6289
6290
6291
6292
6293
6296
6297
6298
6299
6300
6301
6304
6305
6306
6307
6308
6309
6312
6313
6314
6315
6316
6317
6336
6337
6338
6339
6340
6341
6344
6345
6346
6347
6348
6349
6352
6353
6354
6355
6356
6357
6360
6361
6362
6363
6364
6365
6368
6369
6370
6371
6372
6373
6376
6377
6378
6379
6380
6381
6400
6401
6402
6403
6404
6405
6408
6409
6410
6411
6412
6413
6416
6417
6418
6419
6420
6421
6424
6425
6426
6427
6428
6429
6432
6433
6434
6435
6436
6437
6440
6441
6442
6443
6444
6445
6464
6465
6466
6467
6468
6469
6472
6473
6474
6475
6476
6477
6480
6481
6482
6483
6484
6485
6488
6489
6490
6491
6492
6493
6496
6497
6498
6499
6500
6501
6504
6505
6506
6507
6508
6509
6656
6657
6658
6659
6660
6661
6664
6665
6666
6667
6668
6669
6672
6673
6674
6675
6676
6677
6680
6681
6682
6683
6684
6685
6688
6689
6690
6691
6692
6693
6696
6697
6698
6699
6700
6701
6720
6721
6722
6723
6724
6725
6728
6729
6730
6731
6732
6733
6736
6737
6738
6739
6740
6741
6744
6745
6746
6747
6748
6749
6752
6753
6754
6755
6756
6757
6760
6761
6762
6763
6764
6765
6784
6785
6786
6787
6788
6789
6792
6793
6794
6795
6796
6797
6800
6801
6802
6803
6804
6805
6808
6809
6810
6811
6812
6813
6816
6817
6818
6819
6820
6821
6824
6825
6826
6827
6828
6829
6848
6849
6850
6851
6852
6853
6856
6857
6858
6859
6860
6861
6864
6865
6866
6867
6868
6869
6872
6873
6874
6875
6876
6877
6880
6881
6882
6883
6884
6885
6888
6889
6890
6891
6892
6893
6912
6913
6914
6915
6916
6917
6920
6921
6922
6923
6924
6925
6928
6929
6930
6931
6932
6933
6936
6937
6938
6939
6940
6941
6944
6945
6946
6947
6948
6949
6952
6953
6954
6955
6956
6957
6976
6977
6978
6979
6980
6981
6984
6985
6986
6987
6988
6989
6992
6993
6994
6995
6996
6997
7000
7001
7002
7003
7004
7005
7008
7009
7010
7011
7012
7013
7016
7017
7018
7019
7020
7021
8192
8193
8194
8195
8196
8197
8200
8201
8202
8203
8204
8205
8208
8209
8210
8211
8212
8213
8216
8217
8218
8219
8220
8221
8224
8225
8226
8227
8228
8229
8232
8233
8234
8235
8236
8237
8256
8257
8258
8259
8260
8261
8264
8265
8266
8267
8268
8269
8272
8273
8274
8275
8276
8277
8280
8281
8282
8283
8284
8285
8288
8289
8290
8291
8292
8293
8296
8297
8298
8299
8300
8301
8320
8321
8322
8323
8324
8325
8328
8329
8330
8331
8332
8333
8336
8337
8338
8339
8340
8341
8344
8345
8346
8347
8348
8349
8352
8353
8354
8355
8356
8357
8360
8361
8362
8363
8364
8365
8384
8385
8386
8387
8388
8389
8392
8393
8394
8395
8396
8397
8400
8401
8402
8403
8404
8405
8408
8409
8410
8411
8412
8413
8416
8417
8418
8419
8420
8421
8424
8425
8426
8427
8428
8429
8448
8449
8450
8451
8452
8453
8456
8457
8458
8459
8460
8461
8464
8465
8466
8467
8468
8469
8472
8473
8474
8475
8476
8477
8480
8481
8482
8483
8484
8485
8488
8489
8490
8491
8492
8493
8512
8513
8514
8515
8516
8517
8520
8521
8522
8523
8524
8525
8528
8529
8530
8531
8532
8533
8536
8537
8538
8539
8540
8541
8544
8545
8546
8547
8548
8549
8552
8553
8554
8555
8556
8557
8704
8705
8706
8707
8708
8709
8712
8713
8714
8715
8716
8717
8720
8721
8722
8723
8724
8725
8728
8729
8730
8731
8732
8733
8736
8737
8738
8739
8740
8741
8744
8745
8746
8747
8748
8749
8768
8769
8770
8771
8772
8773
8776
8777
8778
8779
8780
8781
8784
8785
8786
8787
8788
8789
8792
8793
8794
8795
8796
8797
8800
8801
8802
8803
8804
8805
8808
8809
8810
8811
8812
8813
8832
8833
8834
8835
8836
8837
8840
8841
8842
8843
8844
8845
8848
8849
8850
8851
8852
8853
8856
8857
8858
8859
8860
8861
8864
8865
8866
8867
8868
8869
8872
8873
8874
8875
8876
8877
8896
8897
8898
8899
8900
8901
8904
8905
8906
8907
8908
8909
8912
8913
8914
8915
8916
8917
8920
8921
8922
8923
8924
8925
8928
8929
8930
8931
8932
8933
8936
8937
8938
8939
8940
8941
8960
8961
8962
8963
8964
8965
8968
8969
8970
8971
8972
8973
8976
8977
8978
8979
8980
8981
8984
8985
8986
8987
8988
8989
8992
8993
8994
8995
8996
8997
9000
9001
9002
9003
9004
9005
9024
9025
9026
9027
9028
9029
9032
9033
9034
9035
9036
9037
9040
9041
9042
9043
9044
9045
9048
9049
9050
9051
9052
9053
9056
9057
9058
9059
9060
9061
9064
9065
9066
9067
9068
9069
9216
9217
9218
9219
9220
9221
9224
9225
9226
9227
9228
9229
9232
9233
9234
9235
9236
9237
9240
9241
9242
9243
9244
9245
9248
9249
9250
9251
9252
9253
9256
9257
9258
9259
9260
9261
9280
9281
9282
9283
9284
9285
9288
9289
9290
9291
9292
9293
9296
9297
9298
9299
9300
9301
9304
9305
9306
9307
9308
9309
9312
9313
9314
9315
9316
9317
9320
9321
9322
9323
9324
9325
9344
9345
9346
9347
9348
9349
9352
9353
9354
9355
9356
9357
9360
9361
9362
9363
9364
9365
9368
9369
9370
9371
9372
9373
9376
9377
9378
9379
9380
9381
9384
9385
9386
9387
9388
9389
9408
9409
9410
9411
9412
9413
9416
9417
9418
9419
9420
9421
9424
9425
9426
9427
9428
9429
9432
9433
9434
9435
9436
9437
9440
9441
9442
9443
9444
9445
9448
9449
9450
9451
9452
9453
9472
9473
9474
9475
9476
9477
9480
9481
9482
9483
9484
9485
9488
9489
9490
9491
9492
9493
9496
9497
9498
9499
9500
9501
9504
9505
9506
9507
9508
9509
9512
9513
9514
9515
9516
9517
9536
9537
9538
9539
9540
9541
9544
9545
9546
9547
9548
9549
9552
9553
9554
9555
9556
9557
9560
9561
9562
9563
9564
9565
9568
9569
9570
9571
9572
9573
9576
9577
9578
9579
9580
9581
9728
9729
9730
9731
9732
9733
9736
9737
9738
9739
9740
9741
9744
9745
9746
9747
9748
9749
9752
9753
9754
9755
9756
9757
9760
9761
9762
9763
9764
9765
9768
9769
9770
9771
9772
9773
9792
9793
9794
9795
9796
9797
9800
9801
9802
9803
9804
9805
9808
9809
9810
9811
9812
9813
9816
9817
9818
9819
9820
9821
9824
9825
9826
9827
9828
9829
9832
9833
9834
9835
9836
9837
9856
9857
9858
9859
9860
9861
9864
9865
9866
9867
9868
9869
9872
9873
9874
9875
9876
9877
9880
9881
9882
9883
9884
9885
9888
9889
9890
9891
9892
9893
9896
9897
9898
9899
9900
9901
9920
9921
9922
9923
9924
9925
9928
9929
9930
9931
9932
9933
9936
9937
9938
9939
9940
9941
9944
9945
9946
9947
9948
9949
9952
9953
9954
9955
9956
9957
9960
9961
9962
9963
9964
9965
9984
9985
9986
9987
9988
9989
9992
9993
9994
9995
9996
9997
10000
