5
6
8
9
10
11
12
13
14
15
33
37
38
39
40
41
42
43
44
46
47
48
49
50
51
52
53
54
57
58
59
60
62
64
65
66
67
71
72
73
74
75
76
77
78
79
80
81
83
84
85
88
89
90
91
92
93
94
95
96
97
99
100
103
104
105
110
112
113
120
121
122
123
124
126
127
274
276
278
279
299
307
308
312
320
321
322
323
328
338
339
340
341
342
344
345
347
355
363
371
372
376
379
381
383
384
385
387
388
389
390
392
393
402
403
404
406
407
408
409
411
412
416
417
419
420
425
426
427
428
430
433
435
436
442
443
444
451
456
461
462
464
465
468
472
473
474
475
476
477
480
481
483
486
489
491
497
500
507
508
512
513
517
518
520
521
522
523
524
525
526
527
528
529
531
535
536
543
546
547
553
554
555
558
563
564
568
569
570
571
572
576
577
579
583
584
585
586
587
588
590
591
592
593
600
601
602
603
606
607
608
609
611
617
624
625
627
632
633
634
635
636
638
639
640
641
643
648
649
650
651
652
653
654
655
659
660
664
670
672
675
679
681
682
684
699
704
705
712
713
714
715
717
718
719
720
721
724
728
729
730
731
734
735
736
739
744
745
752
753
760
761
762
763
766
767
768
769
776
777
780
788
792
793
796
798
800
801
807
809
810
819
828
840
844
852
855
862
867
873
878
880
881
884
896
897
904
905
906
907
910
911
960
961
968
969
970
971
974
975
976
977
984
985
986
987
990
991
1008
1009
1016
1017
1018
1019
1022
1023
2347
2387
2392
2393
2395
2411
2675
2676
2684
2707
2712
2713
2715
2748
2752
2753
2760
2761
2771
2776
2777
2779
2859
2899
2904
2905
2907
2923
2931
2932
2963
2968
2969
2971
2972
2976
2977
2980
2995
2996
3219
3224
3225
3227
3260
3264
3265
3272
3273
3283
3284
3288
3289
3291
3292
3296
3297
3300
3328
3329
3336
3337
3340
3348
3352
3353
3356
3360
3361
3364
3379
3443
3444
3475
3480
3481
3483
3484
3488
3489
3492
3507
3508
3699
3739
3744
3745
3747
3763
3776
3777
3784
3785
3788
3796
3800
3801
3840
3841
3848
3849
3852
3860
3864
3865
3891
3995
4000
4001
4003
4052
4056
4057
4059
4064
4065
4067
4084
4091
4092
4096
4097
4104
4105
4106
4107
4108
4110
4111
4139
4147
4148
4155
4156
4160
4161
4168
4169
4170
4171
4172
4174
4175
4176
4177
4184
4185
4186
4187
4190
4191
4192
4193
4195
4208
4209
4216
4217
4218
4219
4222
4223
4395
4435
4440
4441
4443
4459
4467
4468
4499
4504
4505
4507
4508
4512
4513
4515
4516
4531
4532
4564
4568
4569
4571
4576
4577
4579
4596
4603
4604
4608
4609
4616
4617
4618
4619
4620
4622
4623
4651
4659
4660
4667
4668
4672
4673
4680
4681
4682
4683
4684
4686
4687
4688
4689
4696
4697
4698
4699
4702
4703
4704
4705
4707
4720
4721
4728
4729
4730
4731
4734
4735
4736
4737
4744
4745
4746
4747
4750
4751
4800
4801
4808
4809
4810
4811
4814
4815
4816
4817
4820
4824
4825
4826
4827
4830
4831
4848
4849
4856
4857
4858
4859
4862
4863
4864
4865
4872
4873
4876
4884
4888
4889
4915
4992
4993
5000
5001
5002
5003
5006
5007
5056
5057
5064
5065
5066
5067
5070
5071
5072
5073
5080
5081
5082
5083
5086
5087
5104
5105
5112
5113
5114
5115
5118
5119
5120
5121
5128
5129
5130
5131
5134
5135
5184
5185
5192
5193
5194
5195
5198
5199
5200
5201
5208
5209
5210
5211
5214
5215
5232
5233
5240
5241
5242
5243
5246
5247
5632
5633
5640
5641
5642
5643
5646
5647
5696
5697
5704
5705
5706
5707
5710
5711
5712
5713
5720
5721
5722
5723
5726
5727
5744
5745
5747
5752
5753
5754
5755
5758
5759
5760
5761
5768
5769
5770
5771
5774
5775
5787
5792
5793
5795
5811
5824
5825
5832
5833
5834
5835
5836
5838
5839
5840
5841
5848
5849
5850
5851
5854
5855
5872
5873
5880
5881
5882
5883
5886
5887
6016
6017
6024
6025
6026
6027
6030
6031
6080
6081
6088
6089
6090
6091
6094
6095
6096
6097
6104
6105
6106
6107
6110
6111
6128
6129
6136
6137
6138
6139
6142
6143
6144
6145
6152
6153
6156
6196
6203
6204
6208
6209
6216
6217
6220
6235
6240
6241
6243
6259
6299
6304
6305
6307
6323
6336
6337
6344
6345
6348
6452
6459
6460
6515
6516
6523
6524
6548
6552
6553
7168
7169
7176
7177
7178
7179
7182
7183
7232
7233
7240
7241
7242
7243
7246
7247
7248
7249
7256
7257
7258
7259
7262
7263
7280
7281
7288
7289
7290
7291
7294
7295
7680
7681
7688
7689
7690
7691
7694
7695
7744
7745
7752
7753
7754
7755
7758
7759
7760
7761
7768
7769
7770
7771
7774
7775
7792
7793
7800
7801
7802
7803
7806
7807
7808
7809
7816
7817
7818
7819
7822
7823
7872
7873
7880
7881
7882
7883
7886
7887
7888
7889
7896
7897
7898
7899
7902
7903
7920
7921
7928
7929
7930
7931
7934
7935
8064
8065
8072
8073
8074
8075
8078
8079
8128
8129
8136
8137
8138
8139
8142
8143
8144
8145
8152
8153
8154
8155
8158
8159
8176
8177
8184
8185
8186
8187
8190
8191
