2
3
4
5
6
7
8
9
10
11
12
13
14
15
16
17
18
19
20
21
22
23
24
25
26
27
28
29
30
31
32
33
34
35
36
37
38
39
40
41
42
43
44
45
46
47
48
49
50
51
52
53
54
55
56
57
58
59
60
61
62
63
64
65
66
67
68
69
70
71
72
73
74
75
76
77
78
79
80
81
82
83
84
85
86
87
88
89
90
91
92
93
94
95
96
97
98
99
100
101
102
103
104
105
106
107
108
109
110
111
112
113
114
115
116
117
118
119
120
121
122
123
124
125
126
127
128
129
130
131
132
133
134
135
136
137
138
139
140
141
142
143
144
145
146
147
148
149
150
151
152
153
154
155
156
157
158
159
160
161
162
163
164
165
166
167
168
169
170
171
172
173
174
175
176
177
178
179
181
182
183
184
185
186
187
188
189
190
191
192
193
194
195
196
197
198
199
200
201
202
203
204
205
206
207
208
209
210
211
212
213
214
215
216
217
218
219
220
221
222
223
224
225
226
227
228
229
230
231
232
233
234
235
236
237
238
239
240
241
242
243
244
245
246
247
248
249
250
251
252
253
254
255
256
257
259
260
261
262
263
264
265
266
267
268
269
270
271
272
273
274
275
276
277
278
279
280
281
282
283
284
285
286
287
288
289
290
291
292
293
294
295
296
297
298
299
300
301
302
303
304
305
306
307
308
309
310
311
312
313
314
315
316
317
318
319
320
321
322
323
324
325
326
327
328
329
330
331
332
333
334
335
336
337
338
339
340
341
342
343
344
345
346
347
349
350
351
352
353
355
356
357
358
359
360
361
362
363
364
365
366
367
368
369
370
371
373
374
375
376
377
378
379
381
382
383
384
385
387
389
390
391
392
393
394
395
397
398
399
400
401
402
403
404
405
406
407
408
409
410
411
413
414
415
416
417
418
419
420
421
423
424
425
426
427
428
429
430
431
432
433
434
435
436
437
438
439
440
441
442
443
444
445
446
447
448
449
450
451
453
454
455
456
457
458
459
460
461
462
463
464
465
466
467
468
469
470
471
472
473
474
475
476
477
478
479
480
481
482
483
484
485
488
489
491
492
493
494
495
496
497
498
499
500
501
502
503
504
505
507
508
509
510
511
512
513
514
515
516
517
518
519
520
521
522
523
524
525
526
527
528
529
530
531
532
533
534
535
536
537
538
539
540
541
542
543
544
545
546
547
548
549
550
551
552
553
554
555
556
557
558
559
560
561
562
563
564
565
566
567
568
569
571
572
573
574
575
576
577
578
579
580
581
582
583
584
585
586
587
588
589
590
591
592
593
594
595
596
597
598
599
600
601
602
603
604
605
606
607
608
609
610
611
612
613
614
615
616
617
619
621
622
623
624
625
627
629
630
631
632
633
634
635
636
637
638
639
640
641
642
643
645
647
648
649
650
651
652
653
654
655
656
657
658
659
660
661
662
663
664
665
666
667
668
669
670
671
672
673
674
675
676
677
679
680
681
682
683
684
685
687
688
689
690
691
692
693
694
695
696
697
698
699
700
701
702
703
704
705
706
707
709
710
711
712
713
714
715
716
717
718
719
720
721
722
723
724
725
726
727
728
729
730
731
733
734
735
736
737
738
739
740
741
742
743
744
745
747
748
749
750
751
752
753
755
756
757
758
759
760
761
763
764
765
766
767
768
769
772
773
776
777
780
781
782
783
785
787
788
789
790
791
792
793
795
797
798
799
800
801
803
804
805
806
807
808
809
811
813
815
816
817
818
819
821
822
823
824
825
828
829
830
831
832
833
834
835
836
837
838
839
840
841
843
844
845
846
847
849
851
852
853
854
855
856
857
858
859
861
862
863
865
866
867
869
870
871
872
873
874
875
877
878
879
880
881
883
885
886
887
888
889
890
891
893
894
895
896
897
899
901
902
903
904
905
907
909
910
911
915
917
918
919
920
921
922
923
925
926
927
931
933
934
935
936
937
938
939
940
941
942
943
944
945
947
948
949
950
951
952
953
955
956
957
958
959
960
961
962
963
965
966
967
968
969
970
971
972
973
974
975
976
977
978
979
980
981
983
984
985
986
987
989
990
991
992
993
995
996
997
998
999
1000
1001
1002
1003
1004
1005
1006
1007
1008
1009
1010
1011
1012
1013
1014
1015
1016
1017
1018
1019
1020
1021
1022
1023
1024
1025
1026
1027
1029
1031
1032
1033
1034
1035
1037
1039
1040
1041
1042
1043
1045
1047
1048
1049
1050
1053
1055
1058
1059
1061
1063
1064
1065
1066
1071
1074
1077
1079
1080
1081
1083
1085
1087
1088
1089
1090
1091
1093
1095
1096
1097
1098
1099
1101
1103
1104
1105
1106
1107
1109
1112
1113
1114
1115
1116
1117
1120
1121
1124
1125
1127
1128
1129
1131
1133
1135
1136
1137
1139
1141
1142
1143
1144
1145
1146
1147
1148
1149
1150
1151
1152
1153
1154
1155
1157
1159
1160
1161
1162
1163
1164
1165
1166
1167
1168
1169
1170
1171
1172
1173
1174
1175
1176
1177
1178
1180
1181
1183
1184
1185
1187
1188
1189
1191
1192
1193
1194
1195
1196
1197
1199
1200
1201
1203
1204
1205
1206
1208
1209
1210
1211
1212
1213
1214
1215
1216
1217
1218
1219
1221
1222
1224
1225
1226
1227
1228
1229
1231
1232
1233
1234
1235
1236
1237
1248
1249
1252
1253
1256
1257
1259
1260
1261
1263
1267
1268
1269
1272
1273
1274
1275
1276
1277
1279
1280
1281
1284
1285
1288
1289
1292
1293
1300
1301
1303
1304
1305
1306
1311
1312
1313
1315
1316
1317
1319
1320
1321
1322
1323
1325
1327
1331
1333
1334
1336
1337
1338
1339
1340
1341
1342
1343
1344
1345
1346
1347
1348
1349
1350
1352
1353
1354
1355
1356
1357
1359
1360
1361
1362
1363
1364
1365
1367
1368
1369
1370
1371
1375
1379
1381
1382
1383
1384
1385
1386
1387
1389
1391
1395
1397
1398
1400
1401
1402
1403
1405
1406
1407
1408
1409
1411
1413
1414
1416
1417
1419
1421
1422
1423
1427
1429
1430
1431
1432
1433
1434
1435
1439
1443
1445
1446
1447
1448
1449
1450
1455
1456
1457
1459
1472
1473
1474
1475
1477
1478
1480
1481
1482
1483
1487
1488
1489
1490
1491
1493
1495
1496
1497
1498
1499
1503
1507
1509
1510
1511
1512
1513
1514
1515
1517
1519
1520
1521
1523
1525
1526
1528
1529
1530
1531
1533
1534
1535
1536
1537
1538
1539
1541
1542
1543
1544
1545
1546
1547
1549
1550
1551
1552
1553
1554
1555
1557
1558
1559
1560
1561
1562
1563
1565
1566
1567
1571
1573
1575
1576
1577
1578
1579
1581
1582
1583
1584
1585
1587
1589
1590
1591
1592
1593
1595
1597
1598
1599
1600
1601
1602
1603
1605
1606
1607
1608
1609
1610
1611
1613
1614
1615
1616
1617
1618
1619
1621
1622
1623
1624
1625
1627
1629
1630
1631
1635
1637
1638
1640
1641
1643
1645
1646
1647
1648
1649
1651
1653
1654
1655
1656
1657
1658
1659
1661
1662
1663
1664
1665
1666
1667
1669
1672
1673
1674
1679
1680
1681
1682
1683
1685
1687
1688
1689
1690
1695
1699
1701
1703
1704
1705
1706
1728
1729
1731
1733
1734
1735
1736
1737
1739
1741
1742
1743
1752
1753
1755
1757
1758
1759
1768
1769
1771
1773
1774
1775
1776
1777
1779
1781
1782
1783
1784
1785
1787
1789
1790
1791
1856
1857
1859
1861
1862
1863
1864
1865
1867
1869
1870
1871
1879
1880
1881
1882
1883
1885
1886
1887
1891
1893
1895
1896
1897
1898
1899
1901
1902
1903
1904
1905
1907
1909
1910
1911
1912
1913
1914
1915
1917
1918
1919
1920
1921
1923
1925
1926
1927
1928
1929
1931
1933
1934
1935
1943
1944
1945
1946
1947
1949
1950
1951
1955
1957
1959
1960
1961
1962
1963
1965
1966
1967
1968
1969
1971
1973
1974
1975
1976
1977
1979
1981
1982
1983
1984
1985
1986
1987
1989
1990
1991
1992
1993
1994
1995
1997
1998
1999
2000
2001
2002
2003
2005
2007
2008
2009
2010
2011
2013
2014
2015
2019
2021
2023
2024
2025
2026
2027
2029
2030
2031
2032
2033
2035
2037
2038
2039
2040
2041
2042
2043
2045
2046
2047
2219
2221
2223
2227
2229
2232
2233
2234
2235
2237
2239
2240
2241
2242
2243
2245
2248
2249
2250
2255
2256
2257
2258
2259
2261
2283
2285
2287
2291
2293
2296
2297
2298
2299
2301
2303
2327
2328
2329
2330
2335
2339
2341
2343
2344
2345
2346
2347
2349
2351
2355
2357
2360
2361
2362
2363
2365
2367
2368
2369
2370
2371
2373
2376
2377
2378
2383
2384
2385
2386
2387
2389
2391
2392
2393
2394
2399
2403
2405
2407
2408
2409
2410
2411
2413
2415
2419
2421
2424
2425
2426
2427
2429
2431
2455
2456
2457
2458
2463
2467
2469
2471
2472
2473
2474
2496
2497
2498
2499
2501
2504
2505
2506
2511
2512
2513
2514
2515
2517
2519
2520
2521
2522
2527
2531
2533
2535
2536
2537
2538
2539
2541
2543
2547
2549
2552
2553
2554
2555
2557
2559
2560
2561
2562
2563
2565
2566
2567
2568
2569
2570
2571
2573
2574
2575
2576
2577
2578
2579
2581
2583
2584
2585
2586
2587
2589
2590
2591
2595
2597
2599
2600
2601
2602
2603
2605
2606
2607
2608
2609
2611
2613
2614
2615
2616
2617
2619
2621
2622
2623
2624
2625
2626
2627
2629
2630
2631
2632
2633
2634
2635
2637
2638
2639
2640
2641
2642
2643
2645
2648
2649
2651
2653
2654
2655
2664
2665
2667
2669
2670
2671
2672
2673
2675
2677
2678
2679
2680
2681
2682
2683
2685
2686
2687
2688
2689
2690
2691
2693
2696
2697
2698
2703
2704
2705
2706
2707
2709
2711
2712
2713
2714
2719
2723
2725
2727
2728
2729
2730
2752
2753
2755
2757
2758
2759
2760
2761
2763
2765
2766
2767
2776
2777
2779
2781
2782
2783
2792
2793
2795
2797
2798
2799
2800
2801
2803
2805
2806
2807
2808
2809
2811
2813
2814
2815
2880
2881
2883
2885
2886
2887
2888
2889
2891
2893
2894
2895
2904
2905
2907
2909
2910
2911
2920
2921
2923
2925
2926
2927
2928
2929
2931
2933
2934
2935
2936
2937
2939
2941
2942
2943
2944
2945
2947
2949
2950
2951
2952
2953
2955
2957
2958
2959
2968
2969
2971
2973
2974
2975
2984
2985
2987
2989
2990
2991
2992
2993
2995
2997
2998
2999
3000
3001
3003
3005
3006
3007
3008
3009
3011
3013
3014
3015
3016
3017
3019
3021
3022
3023
3032
3033
3035
3037
3038
3039
3048
3049
3051
3053
3054
3055
3056
3057
3059
3061
3062
3063
3064
3065
3067
3069
3070
3071
3072
3073
3075
3077
3078
3079
3080
3081
3083
3085
3086
3087
3096
3097
3099
3101
3102
3103
3112
3113
3115
3117
3118
3119
3120
3121
3123
3125
3126
3127
3128
3129
3131
3133
3134
3135
3136
3137
3139
3141
3142
3143
3144
3145
3147
3149
3150
3151
3160
3161
3163
3165
3166
3167
3176
3177
3179
3181
3182
3183
3184
3185
3187
3189
3190
3191
3192
3193
3195
3197
3198
3199
3264
3265
3267
3269
3270
3271
3272
3273
3275
3277
3278
3279
3288
3289
3291
3293
3294
3295
3304
3305
3307
3309
3310
3311
3312
3313
3315
3317
3318
3319
3320
3321
3323
3325
3326
3327
3392
3393
3395
3397
3398
3399
3400
3401
3403
3405
3406
3407
3416
3417
3419
3421
3422
3423
3432
3433
3435
3437
3438
3439
3440
3441
3443
3445
3446
3447
3448
3449
3451
3453
3454
3455
3456
3457
3459
3461
3462
3463
3464
3465
3467
3469
3470
3471
3480
3481
3483
3485
3486
3487
3496
3497
3499
3501
3502
3503
3504
3505
3507
3509
3510
3511
3512
3513
3515
3517
3518
3519
3520
3521
3523
3525
3526
3527
3528
3529
3531
3533
3534
3535
3544
3545
3547
3549
3550
3551
3560
3561
3563
3565
3566
3567
3568
3569
3571
3573
3574
3575
3576
3577
3579
3581
3582
3583
3584
3585
3587
3589
3590
3591
3592
3593
3595
3597
3598
3599
3608
3609
3611
3613
3614
3615
3624
3625
3627
3629
3630
3631
3632
3633
3635
3637
3638
3639
3640
3641
3643
3645
3646
3647
3648
3649
3651
3653
3654
3655
3656
3657
3659
3661
3662
3663
3672
3673
3675
3677
3678
3679
3688
3689
3691
3693
3694
3695
3696
3697
3699
3701
3702
3703
3704
3705
3707
3709
3710
3711
3776
3777
3779
3781
3782
3783
3784
3785
3787
3789
3790
3791
3800
3801
3803
3805
3806
3807
3816
3817
3819
3821
3822
3823
3824
3825
3827
3829
3830
3831
3832
3833
3835
3837
3838
3839
3904
3905
3907
3909
3910
3911
3912
3913
3915
3917
3918
3919
3928
3929
3931
3933
3934
3935
3944
3945
3947
3949
3950
3951
3952
3953
3955
3957
3958
3959
3960
3961
3963
3965
3966
3967
3968
3969
3971
3973
3974
3975
3976
3977
3979
3981
3982
3983
3992
3993
3995
3997
3998
3999
4008
4009
4011
4013
4014
4015
4016
4017
4019
4021
4022
4023
4024
4025
4027
4029
4030
4031
4032
4033
4035
4037
4038
4039
4040
4041
4043
4045
4046
4047
4056
4057
4059
4061
4062
4063
4072
4073
4075
4077
4078
4079
4080
4081
4083
4085
4086
4087
4088
4089
4091
4093
4094
4095
4096
4097
4099
4101
4102
4103
4104
4105
4107
4109
4110
4111
4120
4121
4123
4125
4126
4127
4136
4137
4139
4141
4142
4143
4144
4145
4147
4149
4150
4151
4152
4153
4155
4157
4158
4159
4160
4161
4163
4165
4166
4167
4168
4169
4171
4173
4174
4175
4184
4185
4187
4189
4190
4191
4200
4201
4203
4205
4206
4207
4208
4209
4211
4213
4214
4215
4216
4217
4219
4221
4222
4223
4288
4289
4291
4293
4294
4295
4296
4297
4299
4301
4302
4303
4312
4313
4315
4317
4318
4319
4328
4329
4331
4333
4334
4335
4336
4337
4339
4341
4342
4343
4344
4345
4347
4349
4350
4351
4416
4417
4419
4421
4422
4423
4424
4425
4427
4429
4430
4431
4440
4441
4443
4445
4446
4447
4456
4457
4459
4461
4462
4463
4464
4465
4467
4469
4470
4471
4472
4473
4475
4477
4478
4479
4480
4481
4483
4485
4486
4487
4488
4489
4491
4493
4494
4495
4504
4505
4507
4509
4510
4511
4520
4521
4523
4525
4526
4527
4528
4529
4531
4533
4534
4535
4536
4537
4539
4541
4542
4543
4544
4545
4547
4549
4550
4551
4552
4553
4555
4557
4558
4559
4568
4569
4571
4573
4574
4575
4584
4585
4587
4589
4590
4591
4592
4593
4595
4597
4598
4599
4600
4601
4603
4605
4606
4607
4608
4609
4611
4613
4614
4615
4616
4617
4619
4621
4622
4623
4632
4633
4635
4637
4638
4639
4648
4649
4651
4653
4654
4655
4656
4657
4659
4661
4662
4663
4664
4665
4667
4669
4670
4671
4672
4673
4675
4677
4678
4679
4680
4681
4683
4685
4686
4687
4696
4697
4699
4701
4702
4703
4712
4713
4715
4717
4718
4719
4720
4721
4723
4725
4726
4727
4728
4729
4731
4733
4734
4735
4800
4801
4803
4805
4806
4807
4808
4809
4811
4813
4814
4815
4824
4825
4827
4829
4830
4831
4840
4841
4843
4845
4846
4847
4848
4849
4851
4853
4854
4855
4856
4857
4859
4861
4862
4863
4928
4929
4931
4933
4934
4935
4936
4937
4939
4941
4942
4943
4952
4953
4955
4957
4958
4959
4968
4969
4971
4973
4974
4975
4976
4977
4979
4981
4982
4983
4984
4985
4987
4989
4990
4991
4992
4993
4995
4997
4998
4999
5000
5001
5003
5005
5006
5007
5016
5017
5019
5021
5022
5023
5032
5033
5035
5037
5038
5039
5040
5041
5043
5045
5046
5047
5048
5049
5051
5053
5054
5055
5056
5057
5059
5061
5062
5063
5064
5065
5067
5069
5070
5071
5080
5081
5083
5085
5086
5087
5096
5097
5099
5101
5102
5103
5104
5105
5107
5109
5110
5111
5112
5113
5115
5117
5118
5119
5632
5633
5635
5637
5638
5639
5640
5641
5643
5645
5646
5647
5656
5657
5659
5661
5662
5663
5672
5673
5675
5677
5678
5679
5680
5681
5683
5685
5686
5687
5688
5689
5691
5693
5694
5695
5696
5697
5699
5701
5702
5703
5704
5705
5707
5709
5710
5711
5720
5721
5723
5725
5726
5727
5736
5737
5739
5741
5742
5743
5744
5745
5747
5749
5750
5751
5752
5753
5755
5757
5758
5759
5824
5825
5827
5829
5830
5831
5832
5833
5835
5837
5838
5839
5848
5849
5851
5853
5854
5855
5864
5865
5867
5869
5870
5871
5872
5873
5875
5877
5878
5879
5880
5881
5883
5885
5886
5887
5952
5953
5955
5957
5958
5959
5960
5961
5963
5965
5966
5967
5976
5977
5979
5981
5982
5983
5992
5993
5995
5997
5998
5999
6000
6001
6003
6005
6006
6007
6008
6009
6011
6013
6014
6015
6016
6017
6019
6021
6022
6023
6024
6025
6027
6029
6030
6031
6040
6041
6043
6045
6046
6047
6056
6057
6059
6061
6062
6063
6064
6065
6067
6069
6070
6071
6072
6073
6075
6077
6078
6079
6080
6081
6083
6085
6086
6087
6088
6089
6091
6093
6094
6095
6104
6105
6107
6109
6110
6111
6120
6121
6123
6125
6126
6127
6128
6129
6131
6133
6134
6135
6136
6137
6139
6141
6142
6143
6656
6657
6659
6661
6662
6663
6664
6665
6667
6669
6670
6671
6680
6681
6683
6685
6686
6687
6696
6697
6699
6701
6702
6703
6704
6705
6707
6709
6710
6711
6712
6713
6715
6717
6718
6719
6720
6721
6723
6725
6726
6727
6728
6729
6731
6733
6734
6735
6744
6745
6747
6749
6750
6751
6760
6761
6763
6765
6766
6767
6768
6769
6771
6773
6774
6775
6776
6777
6779
6781
6782
6783
6848
6849
6851
6853
6854
6855
6856
6857
6859
6861
6862
6863
6872
6873
6875
6877
6878
6879
6888
6889
6891
6893
6894
6895
6896
6897
6899
6901
6902
6903
6904
6905
6907
6909
6910
6911
6976
6977
6979
6981
6982
6983
6984
6985
6987
6989
6990
6991
7000
7001
7003
7005
7006
7007
7016
7017
7019
7021
7022
7023
7024
7025
7027
7029
7030
7031
7032
7033
7035
7037
7038
7039
7040
7041
7043
7045
7046
7047
7048
7049
7051
7053
7054
7055
7064
7065
7067
7069
7070
7071
7080
7081
7083
7085
7086
7087
7088
7089
7091
7093
7094
7095
7096
7097
7099
7101
7102
7103
7104
7105
7107
7109
7110
7111
7112
7113
7115
7117
7118
7119
7128
7129
7131
7133
7134
7135
7144
7145
7147
7149
7150
7151
7152
7153
7155
7157
7158
7159
7160
7161
7163
7165
7166
7167
7168
7169
7171
7173
7174
7175
7176
7177
7179
7181
7182
7183
7192
7193
7195
7197
7198
7199
7208
7209
7211
7213
7214
7215
7216
7217
7219
7221
7222
7223
7224
7225
7227
7229
7230
7231
7232
7233
7235
7237
7238
7239
7240
7241
7243
7245
7246
7247
7256
7257
7259
7261
7262
7263
7272
7273
7275
7277
7278
7279
7280
7281
7283
7285
7286
7287
7288
7289
7291
7293
7294
7295
7360
7361
7363
7365
7366
7367
7368
7369
7371
7373
7374
7375
7384
7385
7387
7389
7390
7391
7400
7401
7403
7405
7406
7407
7408
7409
7411
7413
7414
7415
7416
7417
7419
7421
7422
7423
7488
7489
7491
7493
7494
7495
7496
7497
7499
7501
7502
7503
7512
7513
7515
7517
7518
7519
7528
7529
7531
7533
7534
7535
7536
7537
7539
7541
7542
7543
7544
7545
7547
7549
7550
7551
7552
7553
7555
7557
7558
7559
7560
7561
7563
7565
7566
7567
7576
7577
7579
7581
7582
7583
7592
7593
7595
7597
7598
7599
7600
7601
7603
7605
7606
7607
7608
7609
7611
7613
7614
7615
7616
7617
7619
7621
7622
7623
7624
7625
7627
7629
7630
7631
7640
7641
7643
7645
7646
7647
7656
7657
7659
7661
7662
7663
7664
7665
7667
7669
7670
7671
7672
7673
7675
7677
7678
7679
7680
7681
7683
7685
7686
7687
7688
7689
7691
7693
7694
7695
7704
7705
7707
7709
7710
7711
7720
7721
7723
7725
7726
7727
7728
7729
7731
7733
7734
7735
7736
7737
7739
7741
7742
7743
7744
7745
7747
7749
7750
7751
7752
7753
7755
7757
7758
7759
7768
7769
7771
7773
7774
7775
7784
7785
7787
7789
7790
7791
7792
7793
7795
7797
7798
7799
7800
7801
7803
7805
7806
7807
7872
7873
7875
7877
7878
7879
7880
7881
7883
7885
7886
7887
7896
7897
7899
7901
7902
7903
7912
7913
7915
7917
7918
7919
7920
7921
7923
7925
7926
7927
7928
7929
7931
7933
7934
7935
8000
8001
8003
8005
8006
8007
8008
8009
8011
8013
8014
8015
8024
8025
8027
8029
8030
8031
8040
8041
8043
8045
8046
8047
8048
8049
8051
8053
8054
8055
8056
8057
8059
8061
8062
8063
8064
8065
8067
8069
8070
8071
8072
8073
8075
8077
8078
8079
8088
8089
8091
8093
8094
8095
8104
8105
8107
8109
8110
8111
8112
8113
8115
8117
8118
8119
8120
8121
8123
8125
8126
8127
8128
8129
8131
8133
8134
8135
8136
8137
8139
8141
8142
8143
8152
8153
8155
8157
8158
8159
8168
8169
8171
8173
8174
8175
8176
8177
8179
8181
8182
8183
8184
8185
8187
8189
8190
8191
