2
3
4
5
7
8
9
10
11
12
13
14
15
16
17
18
20
21
22
23
24
25
26
28
29
30
31
32
33
34
36
37
39
40
41
44
45
46
47
50
52
53
54
57
58
60
61
62
64
65
66
67
68
69
71
72
73
74
78
79
80
81
82
85
92
93
94
96
100
104
105
106
109
110
112
113
114
116
117
118
120
121
122
124
125
126
127
128
129
130
136
137
138
139
142
144
145
146
149
150
156
157
158
162
164
176
177
180
181
182
188
192
193
195
200
201
208
222
224
225
226
228
232
233
234
240
241
242
249
252
253
254
256
257
260
261
264
265
269
270
271
272
286
288
289
292
293
296
297
302
303
316
320
321
324
325
328
329
332
334
335
368
369
372
373
376
377
382
383
401
409
412
416
417
419
424
432
433
435
456
457
461
464
468
469
470
480
481
482
484
485
486
512
513
514
516
517
520
521
522
526
527
528
529
530
537
538
540
541
542
544
545
548
549
552
553
558
559
576
577
578
580
581
584
585
586
590
591
592
593
594
604
605
606
624
625
628
629
632
633
638
639
640
641
642
648
649
650
656
657
658
668
669
670
736
737
738
744
745
746
752
753
754
764
765
766
896
897
900
901
904
905
910
911
928
929
932
933
936
937
942
943
960
961
964
965
968
969
974
975
1008
1009
1012
1013
1016
1017
1022
1023
1024
1025
1026
1032
1033
1034
1040
1041
1042
1052
1053
1054
1088
1089
1090
1096
1097
1098
1104
1105
1106
1116
1117
1118
1152
1153
1154
1160
1161
1162
1168
1169
1170
1180
1181
1182
1212
1248
1249
1250
1256
1257
1258
1264
1265
1266
1276
1277
1278
1340
1356
1358
1792
1793
1794
1800
1801
1802
1808
1809
1810
1820
1821
1822
1856
1857
1858
1864
1865
1866
1872
1873
1874
1884
1885
1886
1920
1921
1922
1928
1929
1930
1936
1937
1938
1948
1949
1950
2016
2017
2018
2024
2025
2026
2032
2033
2034
2044
2045
2046
2048
2049
2052
2053
2056
2057
2062
2063
2080
2081
2084
2085
2088
2089
2094
2095
2112
2113
2116
2117
2120
2121
2126
2127
2160
2161
2164
2165
2168
2169
2174
2175
2304
2305
2308
2309
2312
2313
2318
2319
2336
2337
2340
2341
2344
2345
2350
2351
2368
2369
2372
2373
2376
2377
2382
2383
2416
2417
2420
2421
2424
2425
2430
2431
4096
4097
4098
4104
4105
4106
4112
4113
4114
4124
4125
4126
4160
4161
4162
4168
4169
4170
4176
4177
4178
4188
4189
4190
4224
4225
4226
4232
4233
4234
4240
4241
4242
4252
4253
4254
4320
4321
4322
4328
4329
4330
4336
4337
4338
4348
4349
4350
4608
4609
4610
4616
4617
4618
4624
4625
4626
4636
4637
4638
4672
4673
4674
4680
4681
4682
4688
4689
4690
4700
4701
4702
4736
4737
4738
4744
4745
4746
4752
4753
4754
4764
4765
4766
4832
4833
4834
4840
4841
4842
4848
4849
4850
4860
4861
4862
