8
9
15
39
47
57
64
65
72
73
79
95
103
120
121
312
313
327
329
351
376
377
449
456
497
512
513
520
521
527
551
559
576
577
584
585
591
632
633
713
760
807
817
824
855
863
919
927
960
961
968
969
975
2463
2496
2497
2504
2505
2527
2808
2809
2975
3008
3009
3016
3017
3039
3401
3641
3648
3649
4096
4097
4104
4105
4111
4135
4143
4160
4161
4168
4169
4175
4216
4217
4408
4409
4447
4472
4473
4608
4609
4616
4617
4623
4647
4655
4672
4673
4680
4681
4687
4728
4729
4951
4959
5015
5023
5056
5057
5064
5065
5071
6840
6841
6904
6905
6935
6943
7352
7353
7416
7417
7447
7455
7680
7681
7688
7689
7695
7744
7745
7752
7753
7759
7800
7801
19704
19705
19968
19969
19976
19977
32768
32769
32776
32777
32783
32832
32833
32840
32841
32847
32888
32889
33280
33281
33288
33289
33295
