2
3
4
5
6
7
8
9
10
11
12
13
14
15
16
17
18
19
22
23
24
25
27
28
29
31
32
33
34
35
36
37
38
39
40
41
43
45
47
48
49
50
51
52
53
54
56
57
58
59
63
64
65
66
67
68
69
70
71
72
73
74
75
78
80
81
82
86
87
88
89
91
95
96
97
99
102
104
105
107
108
109
112
113
114
115
118
128
129
130
134
136
137
138
142
144
145
146
150
151
152
153
176
177
178
182
192
193
195
196
197
199
200
201
203
216
217
219
256
257
259
260
261
263
264
265
267
280
281
283
288
289
291
292
293
295
296
297
299
312
313
315
320
321
323
324
325
327
328
329
331
344
345
347
384
385
386
390
392
393
394
398
400
401
402
406
432
433
434
438
448
449
451
452
453
455
456
457
459
472
473
475
512
513
514
518
520
521
522
526
528
529
530
534
560
561
562
566
576
577
578
582
584
585
586
590
592
593
594
598
624
625
626
630
640
641
642
646
648
649
650
654
656
657
658
662
688
689
690
694
896
897
898
902
904
905
906
910
912
913
914
918
944
945
946
950
