2
3
4
5
6
7
8
9
10
11
12
13
14
15
16
17
18
20
21
22
23
24
25
26
27
28
29
30
31
32
33
34
35
36
37
38
39
40
41
42
43
44
45
46
47
48
49
50
51
52
53
54
55
56
57
58
59
60
61
62
63
64
65
66
67
68
69
70
71
72
73
74
75
76
77
78
79
80
81
82
83
84
85
86
87
88
89
90
91
92
93
94
95
96
97
98
99
100
101
102
103
104
105
106
108
109
110
111
112
113
114
116
117
118
119
120
121
122
124
126
127
128
129
130
132
133
134
135
136
137
138
139
140
141
142
143
144
145
146
148
149
150
153
154
158
160
161
162
168
169
170
172
173
174
176
177
178
180
181
182
183
185
187
190
191
192
193
194
196
198
199
200
202
208
209
210
212
213
215
216
217
220
222
224
225
226
227
228
230
231
232
233
234
236
237
239
240
241
242
244
246
247
248
249
250
252
255
256
257
260
261
262
263
264
265
266
267
268
270
271
272
273
274
275
276
278
279
281
284
287
288
289
290
292
293
294
295
296
297
298
299
300
301
303
304
305
308
309
310
311
312
313
314
315
316
319
320
321
324
325
326
327
328
329
330
331
335
336
337
338
339
340
341
342
343
344
345
346
347
348
349
350
351
352
353
354
355
356
359
360
361
362
364
365
366
367
368
369
372
375
376
377
378
380
384
385
388
389
390
391
392
393
394
395
396
398
399
400
401
404
406
407
410
411
412
414
415
416
417
418
420
421
422
423
424
425
426
427
428
432
433
436
437
438
439
440
441
442
443
444
446
447
448
449
450
452
453
454
455
456
457
458
459
460
461
462
463
464
465
466
468
469
470
471
472
473
474
475
477
478
479
480
481
482
486
487
488
492
493
494
495
496
497
498
500
502
503
504
512
513
514
516
517
518
519
520
521
522
523
524
525
526
527
528
529
530
532
533
534
538
542
543
544
545
546
548
549
550
551
552
553
554
555
556
559
560
561
564
565
566
567
568
569
570
571
572
576
577
578
580
581
582
583
584
585
586
587
588
589
590
591
592
593
594
596
597
598
599
600
601
602
603
604
606
607
608
609
610
612
616
617
618
620
621
622
624
625
626
628
629
630
631
632
633
640
641
642
644
645
646
647
648
649
650
651
652
653
654
656
657
658
660
661
662
672
673
674
676
677
678
679
680
681
682
683
684
685
686
688
689
690
692
693
694
695
696
697
698
699
704
705
708
709
710
711
712
713
714
715
720
721
724
725
726
727
728
729
730
731
732
734
735
736
737
740
748
752
753
756
758
759
760
761
768
769
770
774
775
776
777
778
780
781
782
783
784
785
786
788
789
790
791
796
798
799
800
801
804
832
833
834
840
841
842
844
845
846
848
849
850
852
853
854
855
860
862
863
864
865
866
868
872
873
874
876
877
878
880
881
882
884
885
886
896
897
898
902
903
904
905
906
908
909
910
911
912
913
914
916
917
918
919
924
926
927
928
929
930
932
936
937
938
940
941
942
944
945
946
948
949
950
951
952
953
960
961
966
967
968
969
972
974
975
1024
1025
1026
1032
1033
1034
1036
1037
1038
1040
1041
1042
1044
1045
1046
1088
1089
1090
1096
1097
1098
1100
1101
1102
1104
1105
1106
1108
1109
1110
1120
1121
1122
1128
1129
1130
1132
1133
1134
1136
1137
1138
1140
1141
1142
1152
1153
1154
1160
1161
1162
1164
1165
1166
1168
1169
1170
1172
1173
1174
1184
1185
1186
1192
1193
1194
1196
1197
1198
1200
1201
1202
1204
1205
1206
1280
1281
1282
1288
1289
1290
1292
1293
1294
1296
1297
1298
1300
1301
1302
1344
1345
1346
1352
1353
1354
1356
1357
1358
1360
1361
1362
1364
1365
1366
1376
1377
1378
1384
1385
1386
1388
1389
1390
1392
1393
1394
1396
1397
1398
1408
1409
1410
1416
1417
1418
1420
1421
1422
1424
1425
1426
1428
1429
1430
1440
1441
1442
1448
1449
1450
1452
1453
1454
1456
1457
1458
1460
1461
1462
1639
1642
1644
1647
1664
1665
1668
1671
1672
1673
1680
1681
1682
1684
1690
1695
1696
1697
1698
1703
1706
1708
1711
1844
1847
1848
1849
1850
1852
1872
1873
1874
1876
1882
1887
1888
1889
1890
1895
1898
1900
1903
1908
1911
1912
1913
1914
1916
1946
1951
1952
1953
1954
1972
1975
1976
1977
1978
1980
1984
1985
1988
1991
1992
1993
2000
2048
2049
2052
2053
2054
2055
2056
2057
2058
2059
2080
2081
2084
2085
2086
2087
2088
2089
2090
2091
2096
2097
2100
2101
2102
2103
2104
2105
2106
2107
2112
2113
2116
2117
2118
2119
2120
2121
2122
2123
2128
2129
2132
2133
2134
2135
2136
2137
2138
2139
2304
2305
2308
2309
2310
2311
2312
2313
2314
2315
2336
2337
2340
2341
2342
2343
2344
2345
2346
2347
2352
2353
2356
2357
2358
2359
2360
2361
2362
2363
2368
2369
2372
2373
2374
2375
2376
2377
2378
2379
2384
2385
2388
2389
2390
2391
2392
2393
2394
2395
2432
2433
2436
2437
2438
2439
2440
2441
2442
2443
2464
2465
2468
2469
2470
2471
2472
2473
2474
2475
2480
2481
2484
2485
2486
2487
2488
2489
2490
2491
2496
2497
2500
2732
2736
2737
2740
2742
2743
2744
2745
2774
2775
2780
2782
2783
2784
2785
2788
2796
2800
2801
2804
2806
2807
2808
2809
2816
2817
2822
2823
2824
2825
2828
2830
2831
2838
2839
2844
2846
2847
2848
2849
2852
3072
3073
3078
3079
3080
3081
3084
3086
3087
3116
3120
3121
3124
3126
3127
3128
3129
3136
3137
3142
3143
3144
3145
3148
3150
3151
3158
3159
3164
3166
3167
3168
3169
3172
3180
3184
3185
3188
3190
3191
3192
3193
3244
3248
3249
3252
3254
3255
3256
3257
3286
3287
3292
3294
3295
3296
3297
3300
3308
3312
3313
3316
3318
3319
3320
3321
3328
3329
4096
4097
4098
4104
4105
4106
4108
4109
4110
4112
4113
4114
4116
4117
4118
4160
4161
4162
4168
4169
4170
4172
4173
4174
4176
4177
4178
4180
4181
4182
4192
4193
4194
4200
4201
4202
4204
4205
4206
4208
4209
4210
4212
4213
4214
4224
4225
4226
4232
4233
4234
4236
4237
4238
4240
4241
4242
4244
4245
4246
4256
4257
4258
4264
4265
4266
4268
4269
4270
4272
4273
4274
4276
4277
4278
4608
4609
4610
4616
4617
4618
4620
4621
4622
4624
4625
4626
4628
4629
4630
4672
4673
4674
4680
4681
4682
4684
4685
4686
4688
4689
4690
4692
4693
4694
4704
4705
4706
4712
4713
4714
4716
4717
4718
4720
4721
4722
4724
4725
4726
4736
4737
4738
4744
4745
4746
4748
4749
4750
4752
4753
4754
4756
4757
4758
4768
4769
4770
4776
4777
4778
4780
4781
4782
4784
4785
4786
4788
4789
4790
4864
4865
4866
4872
4873
4874
4876
4877
4878
4880
4881
4882
4884
4885
4886
4928
4929
4930
4936
4937
4938
4940
4941
4942
4944
4945
4946
4948
4949
4950
4960
4961
4962
4968
4969
4970
4972
4973
4974
4976
4977
4978
4980
4981
4982
4992
4993
4994
5000
