3
5
7
8
9
11
13
15
17
19
21
23
24
25
27
29
31
39
40
41
43
47
49
51
53
56
57
59
63
64
65
67
69
71
72
73
75
77
79
81
83
85
88
89
91
95
101
104
105
107
109
120
121
123
127
141
152
153
168
169
171
173
179
181
192
193
195
197
199
200
201
203
207
211
213
216
217
219
223
235
237
243
245
248
249
251
255
320
321
323
325
328
329
448
449
451
455
456
457
459
463
472
473
475
479
504
505
507
511
512
513
515
519
520
521
523
527
536
537
539
543
568
569
571
575
576
577
579
583
584
585
587
591
600
601
603
607
632
633
635
639
704
705
707
711
712
713
715
719
728
729
731
735
760
761
763
767
960
961
963
967
968
969
971
975
984
985
987
991
