2
3
4
5
6
7
8
9
10
11
12
13
14
16
17
18
19
20
21
22
23
24
25
26
29
32
33
34
35
36
37
38
39
40
41
42
43
44
48
49
50
51
52
53
54
55
56
57
58
61
64
65
66
67
68
69
70
72
73
74
76
77
78
80
81
82
84
89
96
97
98
100
128
129
130
131
132
133
134
136
137
138
140
144
145
146
147
148
149
152
153
160
161
162
163
164
165
168
169
192
193
194
195
196
197
200
201
256
257
258
260
261
262
264
265
266
268
272
273
274
276
288
289
290
292
293
294
296
297
298
304
305
306
320
321
322
324
325
326
328
329
330
336
337
338
384
385
386
388
389
390
392
393
394
400
401
402
512
513
514
516
520
521
522
524
528
529
530
532
544
545
546
548
576
577
578
580
584
585
586
588
592
593
594
596
608
609
610
612
640
641
642
644
648
649
650
652
656
657
658
660
672
673
674
676
768
769
770
772
776
777
778
780
784
785
786
788
800
801
802
804
