2
4
5
6
7
8
9
10
11
12
13
14
15
16
17
18
29
30
32
33
34
35
36
37
38
40
41
42
44
45
46
47
48
49
50
52
53
54
55
56
57
58
60
61
62
63
64
65
66
67
68
69
70
71
72
73
74
75
76
77
78
80
81
82
84
85
86
87
88
89
92
93
94
96
97
98
100
102
103
104
105
108
109
110
111
112
113
114
115
116
117
118
119
120
121
122
123
127
128
129
130
132
133
134
136
137
138
140
144
145
146
225
226
228
229
232
233
237
238
240
241
242
249
256
257
258
260
261
262
264
265
266
270
272
280
284
285
288
289
292
293
294
296
297
300
301
304
305
306
316
320
321
322
323
324
325
326
328
329
336
338
342
345
346
347
348
349
350
352
353
355
360
361
362
366
368
369
370
374
378
380
382
384
385
386
388
389
390
391
392
393
396
397
399
402
403
405
406
409
410
414
416
417
418
424
428
432
433
437
438
439
440
441
442
444
445
447
448
449
450
454
455
456
457
460
461
462
463
464
466
468
469
473
477
478
480
481
482
484
486
487
488
489
490
492
493
494
495
496
503
504
505
508
510
512
513
514
516
517
518
519
520
521
522
523
524
525
526
527
528
529
530
532
536
540
544
545
546
548
549
550
552
553
556
559
560
561
564
566
567
568
569
570
572
573
576
577
578
580
581
582
583
584
585
586
587
588
589
592
593
594
596
599
600
605
606
608
609
610
614
615
616
617
620
621
622
624
628
629
640
641
642
647
648
649
650
651
652
655
656
657
658
660
665
666
667
672
673
684
688
689
690
692
693
694
695
696
697
698
700
702
703
704
705
708
712
714
722
726
729
732
734
736
737
741
745
748
751
753
756
764
768
769
770
774
775
776
777
778
780
781
784
785
786
801
802
812
816
817
820
821
822
823
824
825
828
829
832
833
838
839
840
841
844
845
864
865
870
871
872
873
876
877
878
879
880
884
885
887
888
894
896
897
902
912
921
928
929
936
943
948
951
952
959
960
961
968
969
976
978
988
996
1002
1003
1024
1025
1026
1032
1033
1034
1036
1040
1041
1042
1088
1089
1090
1096
1097
1098
1100
1104
1105
1106
1120
1121
1122
1152
1153
1154
1160
1161
1162
1164
1168
1169
1170
1821
1824
1825
1828
1849
1891
1896
1920
1921
1928
1932
1936
2048
2049
2052
2053
2054
2056
2057
2080
2081
2084
2085
2086
2088
2089
2096
2097
2112
2113
2116
2117
2118
2120
2121
2304
2305
2308
2309
2310
2312
2313
2336
2337
2340
2341
2342
2344
2345
2352
2353
2368
2369
2372
2373
2374
2376
2377
2390
2394
2398
2422
2426
2430
2432
2433
2436
2437
2438
2440
2441
2454
2458
2462
2560
2561
2564
2565
2566
2568
2569
2592
2593
2596
2597
2598
2600
2601
2608
2609
2624
2625
2628
2629
2630
2632
2633
2732
2736
2737
2742
2768
2769
2774
2778
2782
2800
2801
2816
2817
2992
2993
3024
3025
3030
3034
3038
3056
3057
3072
3073
3076
3077
3078
3079
3080
3081
3084
3085
3104
3105
3108
3109
3110
3112
3113
3120
3121
3126
3127
3128
3129
3132
3133
3136
3137
3140
3141
3142
3143
3144
3145
3148
3149
3168
3169
3174
3175
3176
3177
3180
3181
3248
3249
3277
3278
3280
3281
3284
3285
3286
3290
3294
3312
3313
3328
3329
3456
3457
3462
3463
3464
3465
3468
3469
3504
3505
3510
3511
3512
3513
3516
3517
3519
3520
3521
3526
3527
3528
3529
3532
3533
3552
3553
3558
3559
3560
3561
3564
3565
3567
3584
3585
3590
3591
3592
3593
3596
3597
3632
3633
3638
3639
3640
3641
3642
3644
3645
3648
3649
3650
3654
3655
3656
3657
3660
3661
3680
3681
3686
3687
3688
3689
3692
3693
3698
3840
3841
3846
3847
3848
3849
3852
3853
3888
3889
3894
3895
3896
3897
3900
3901
3904
3905
3910
3911
3912
3913
3916
3917
3936
3937
3942
3943
3944
3945
3948
3949
4096
4097
4098
4100
4101
4102
4103
4104
4105
4106
4108
4109
4112
4113
4114
4128
4129
4132
4133
4134
4136
4137
4144
4145
4150
4151
4152
4153
4156
4157
4160
4161
4162
4164
4165
4166
4167
4168
4169
4170
4172
4173
4176
4177
4178
4192
4193
4194
4198
4199
4200
4201
4204
4205
4224
4225
4226
4232
4233
4234
4236
4240
4241
4242
4352
4353
4356
4357
4358
4360
4361
4384
4385
4388
4389
4390
4392
4393
4400
4401
4416
4417
4420
4421
4422
4424
4425
4438
4442
4446
4470
4474
4478
4480
4481
4484
4485
4486
4487
4488
4489
4492
4493
4502
4506
4510
4528
4529
4534
4535
4536
4537
4540
4541
4544
4545
4550
4551
4552
4553
4556
4557
4576
4577
4582
4583
4584
4585
4588
4589
4608
4609
4610
4612
4613
4614
4615
4616
4617
4618
4620
4621
4624
4625
4626
4640
4641
4644
4645
4646
4648
4649
4656
4657
4662
4663
4664
4665
4668
4669
4672
4673
4674
4676
4677
4678
4679
4680
4681
4682
4684
4685
4688
4689
4690
4704
4705
4706
4710
4711
4712
4713
4716
4717
4736
4737
4738
4744
4745
4746
4748
4752
4753
4754
4780
4788
4796
4844
4852
4860
4864
4865
4866
4870
4871
4872
4873
4874
4876
4877
4880
4881
4882
4908
4912
4913
4916
4918
4919
4920
4921
4924
4925
4928
4929
4934
4935
4936
4937
4940
4941
4960
4961
4966
4967
4968
4969
4972
4973
5120
5121
5122
5128
5129
5130
5132
5136
5137
5138
5184
5185
5186
5192
5193
5194
5196
5200
5201
5202
5216
5217
5218
5248
5249
5250
5256
5257
5258
5260
5264
5265
5266
5472
5473
5474
5536
5537
5538
5548
5556
5564
5600
5601
5602
5984
5985
5986
6048
6049
6050
6060
6068
6076
6112
6113
6114
6144
6145
6146
6150
6151
6152
6153
6154
6156
6157
6160
6161
6162
6192
6193
6198
6199
6200
6201
6204
6205
6208
6209
6210
6214
6215
6216
6217
6218
6220
6221
6224
6225
6226
6240
6241
6242
6246
6247
6248
6249
6252
6253
6272
6273
6274
6280
6281
6282
6284
6288
6289
6290
6496
6497
6498
6528
6529
6534
6535
6536
6537
6540
6541
6560
6561
6562
6572
6576
6577
6580
6582
6583
6584
6585
6588
6589
6592
6593
6598
6599
6600
6601
6604
6605
6624
6625
6626
6630
6631
6632
6633
6636
6637
6656
6657
6662
6663
6664
6665
6668
6669
6704
6705
6710
6711
6712
6713
6716
6717
6720
6721
6726
6727
6728
6729
6732
6733
6752
6753
6758
6759
6760
6761
6764
6765
6912
6913
6918
6919
6920
6921
6924
6925
6960
6961
6966
6967
6968
6969
6972
6973
6976
6977
6982
6983
6984
6985
6988
6989
7008
7009
7014
7015
7016
7017
7020
7021
8192
8193
8194
8200
8201
8202
8204
8208
8209
8210
8256
8257
8258
8264
8265
8266
8268
8272
8273
8274
8288
8289
8290
8320
8321
8322
8328
8329
8330
8332
8336
8337
8338
8704
8705
8706
8712
8713
8714
8716
8720
8721
8722
8768
8769
8770
8776
8777
8778
8780
8784
8785
8786
8800
8801
8802
8832
8833
8834
8840
8841
8842
8844
8848
8849
8850
8876
8884
8892
8940
8948
8956
8960
8961
8962
8968
8969
8970
8972
8976
8977
8978
9004
9012
9020
9216
9217
9218
9224
9225
9226
9228
9232
9233
9234
9280
9281
9282
9288
9289
9290
9292
9296
9297
9298
9312
9313
9314
9344
9345
9346
9352
9353
9354
9356
9360
9361
9362
16384
16385
16388
16389
16390
16392
16393
16416
16417
16420
16421
16422
16424
16425
16432
16433
16448
16449
16452
16453
16454
16456
16457
16640
16641
16644
16645
16646
16648
16649
24576
24577
24582
24583
24584
24585
24588
24589
24624
24625
24630
24631
24632
24633
24636
24637
24640
24641
24646
24647
24648
24649
24652
24653
24672
24673
24678
24679
24680
24681
24684
24685
24960
24961
24966
24967
24968
24969
24972
24973
32768
32769
32770
32776
32777
32778
32780
32784
32785
32786
32832
32833
32834
32840
32841
32842
32844
32848
32849
32850
32864
32865
32866
32896
32897
32898
32904
32905
32906
32908
32912
32913
32914
33280
33281
33282
33288
33289
33290
33292
33296
33297
33298
