2
4
8
9
16
20
21
26
32
33
34
49
57
61
64
65
66
69
72
73
77
84
85
122
128
129
130
138
160
161
168
169
180
181
185
196
208
209
228
234
272
273
392
441
456
473
512
513
520
521
532
533
538
546
576
577
584
585
596
597
672
673
680
681
692
693
1280
1281
1288
1289
1300
1301
1344
1345
1352
1353
1364
1365
1440
1441
1448
1449
1460
1461
1642
1664
1665
1672
1673
1706
1872
1873
4096
4097
4104
4105
4116
4117
4160
4161
4168
4169
4180
4181
4256
4257
4264
4265
4276
4277
4608
4609
4616
4617
4628
4629
4672
4673
4680
4681
4692
4693
4768
4769
4776
4777
4788
4789
