5
6
7
8
9
10
11
12
13
15
35
38
39
40
41
42
43
44
46
47
48
49
50
51
52
53
54
55
56
57
58
59
60
62
63
64
65
66
67
68
69
70
71
72
73
74
75
76
78
79
80
81
84
86
87
88
89
90
91
93
95
96
97
99
100
102
103
104
106
108
116
119
120
121
276
280
281
286
287
304
308
312
313
315
316
320
321
322
327
328
329
331
334
335
338
340
342
344
351
352
353
359
361
364
367
369
372
373
376
377
379
380
383
384
385
388
390
391
392
393
394
395
396
399
404
406
408
409
414
415
416
417
418
419
420
422
424
425
427
431
432
433
435
436
437
438
439
440
441
442
443
444
447
448
449
454
455
456
457
458
459
460
463
464
465
466
468
470
471
472
473
474
475
479
480
481
487
489
492
495
497
499
500
501
502
503
504
505
506
507
508
512
513
517
518
519
520
521
522
523
524
525
527
528
529
530
531
532
534
535
536
537
538
541
543
544
548
551
556
559
560
561
564
566
567
568
569
570
571
572
575
576
577
579
582
583
584
585
586
587
588
591
592
593
596
598
599
600
601
602
603
607
608
609
612
615
617
618
620
627
628
631
632
633
634
639
640
641
646
647
648
649
650
651
652
653
660
663
665
666
669
671
672
678
684
685
687
688
689
692
694
695
696
697
698
699
703
704
705
710
711
712
713
714
715
716
720
721
726
727
728
729
730
731
733
742
743
744
748
756
759
760
761
767
768
769
772
776
777
780
783
785
788
791
794
796
797
799
800
801
804
806
807
813
815
816
817
823
824
825
831
832
833
836
844
855
863
864
865
868
919
927
928
929
932
940
948
951
952
953
960
961
968
969
972
975
2191
2235
2240
2241
2242
2270
2287
2463
2464
2465
2496
2497
2503
2504
2505
2516
2527
2528
2529
2657
2663
2665
2736
2737
2739
2772
2774
2804
2808
2809
2812
2815
2816
2817
2823
2824
2825
2836
2868
2872
2873
2876
2911
2912
2913
2919
2924
2927
2932
2936
2937
2940
2975
2976
2977
3008
3009
3015
3016
3017
3028
3039
3040
3041
3072
3073
3078
3079
3080
3081
3082
3083
3120
3121
3126
3127
3128
3129
3130
3131
3136
3137
3142
3143
3144
3145
3146
3147
3152
3153
3158
3159
3160
3161
3162
3163
3284
3316
3320
3321
3324
3328
3329
3335
3336
3337
3348
3391
3400
3401
3444
3456
3457
3462
3463
3464
3465
3466
3467
3504
3505
3510
3511
3512
3513
3514
3515
3519
3520
3521
3526
3527
3528
3529
3530
3531
3536
3537
3542
3543
3544
3545
3546
3547
3567
3584
3585
3590
3591
3592
3593
3594
3595
3623
3628
3631
3632
3633
3636
3638
3639
3640
3641
3642
3643
3644
3648
3649
3652
3654
3655
3656
3657
3658
3659
3664
3665
3670
3671
3672
3673
3674
3675
3687
3692
3695
3712
3713
3718
3719
3720
3721
3722
3723
3732
3743
3744
3745
3751
3756
3759
3760
3761
3766
3767
3768
3769
3770
3771
3776
3777
3782
3783
3784
3785
3786
3787
3792
3793
3796
3798
3799
3800
3801
3802
3803
3828
3832
3833
3836
3840
3841
3847
3848
3849
3860
4096
4097
4102
4103
4104
4105
4106
4107
4108
4111
4135
4140
4143
4144
4145
4148
4150
4151
4152
4153
4154
4155
4156
4160
4161
4166
4167
4168
4169
4170
4171
4172
4175
4176
4177
4182
4183
4184
4185
4186
4187
4191
4192
4193
4196
4204
4212
4215
4216
4217
4404
4408
4409
4412
4447
4448
4449
4455
4460
4463
4468
4472
4473
4476
4480
4481
4486
4487
4488
4489
4490
4491
4511
4512
4513
4528
4529
4534
4535
4536
4537
4538
4539
4544
4545
4550
4551
4552
4553
4554
4555
4560
4561
4564
4566
4567
4568
4569
4570
4571
4575
4576
4577
4608
4609
4614
4615
4616
4617
4618
4619
4620
4623
4647
4652
4655
4656
4657
4660
4662
4663
4664
4665
4666
4667
4668
4672
4673
4678
4679
4680
4681
4682
4683
4684
4687
4688
4689
4694
4695
4696
4697
4698
4699
4703
4704
4705
4708
4716
4724
4727
4728
4729
4736
4737
4742
4743
4744
4745
4746
4747
4780
4784
4785
4788
4790
4791
4792
4793
4794
4795
4800
4801
4806
4807
4808
4809
4810
4811
4816
4817
4822
4823
4824
4825
4826
4827
4844
4852
4855
4856
4857
4864
4865
4872
4873
4876
4879
4887
4895
4896
4897
4900
4951
4959
4960
4961
4964
5015
5023
5024
5025
5028
5036
5044
5047
5048
5049
5056
5057
5064
5065
5068
5071
5120
5121
5126
5127
5128
5129
5130
5131
5168
5169
5174
5175
5176
5177
5178
5179
5184
5185
5190
5191
5192
5193
5194
5195
5200
5201
5206
5207
5208
5209
5210
5211
5463
5471
5472
5473
5476
5504
5505
5510
5511
5512
5513
5514
5515
5527
5535
5536
5537
5540
5548
5552
5553
5556
5558
5559
5560
5561
5562
5563
5568
5569
5574
5575
5576
5577
5578
5579
5580
5583
5584
5585
5590
5591
5592
5593
5594
5595
5632
5633
5638
5639
5640
5641
5642
5643
5680
5681
5686
5687
5688
5689
5690
5691
5696
5697
5702
5703
5704
5705
5706
5707
5712
5713
5718
5719
5720
5721
5722
5723
5760
5761
5766
5767
5768
5769
5770
5771
5808
5809
5814
5815
5816
5817
5818
5819
5824
5825
5830
5831
5832
5833
5834
5835
5840
5841
5846
5847
5848
5849
5850
5851
5975
5983
5984
5985
5988
6039
6047
6048
6049
6052
6060
6068
6071
6072
6073
6080
6081
6088
6089
6092
6095
6144
6145
6152
6153
6156
6159
6208
6209
6216
6217
6220
6223
6231
6239
6240
6241
6244
6252
6260
6263
6264
6265
6316
6324
6327
6328
6329
6380
6388
6391
6392
6393
6400
6401
6408
6409
6412
6415
6423
6431
6432
6433
6436
6828
6836
6839
6840
6841
6892
6900
6903
6904
6905
6912
6913
6920
6921
6924
6927
6935
6943
6944
6945
6948
7340
7348
7351
7352
7353
7404
7412
7415
7416
7417
7424
7425
7432
7433
7436
7439
7447
7455
7456
7457
7460
7511
7519
7520
7521
7524
7575
7583
7584
7585
7588
7596
7604
7607
7608
7609
7616
7617
7624
7625
7628
7631
7680
7681
7688
7689
7692
7695
7744
7745
7752
7753
7756
7759
7767
7775
7776
7777
7780
7788
7796
7799
7800
7801
19668
19700
19704
19705
19708
19712
19713
19719
19720
19721
19732
19968
19969
19975
19976
19977
24576
24577
24582
24583
24584
24585
24586
24587
24624
24625
24630
24631
24632
24633
24634
24635
24640
24641
24646
24647
24648
24649
24650
24651
24656
24657
24662
24663
24664
24665
24666
24667
24960
24961
24966
24967
24968
24969
24970
24971
32768
32769
32776
32777
32780
32783
32832
32833
32840
32841
32844
32847
32855
32863
32864
32865
32868
32876
32884
32887
32888
32889
33280
33281
33288
33289
33292
33295
