2
3
4
6
7
8
9
10
11
12
14
15
16
17
18
19
20
21
22
23
24
25
26
27
28
29
30
31
32
33
34
35
36
38
41
42
43
44
45
46
47
48
49
50
51
52
53
54
55
56
57
58
59
60
61
62
63
64
65
66
67
68
69
70
71
72
73
74
75
76
77
78
79
80
81
83
84
85
86
87
88
89
90
91
92
93
94
95
96
97
98
99
102
112
114
119
122
123
124
125
126
128
129
130
131
133
135
136
137
138
139
140
142
144
145
146
147
148
149
150
151
152
153
154
155
156
157
158
159
160
161
163
165
167
168
169
170
171
173
174
176
177
178
179
180
181
182
183
184
185
186
187
188
189
190
191
192
193
194
195
196
198
199
200
201
202
203
204
206
207
208
209
210
211
212
213
214
215
216
217
218
219
220
221
223
224
225
227
228
229
231
232
233
234
235
240
241
242
243
244
245
247
248
249
251
252
253
255
270
272
273
278
280
281
282
283
286
290
291
294
298
299
304
305
306
307
358
362
366
368
369
371
374
375
378
379
380
381
384
385
387
389
390
392
393
395
401
403
408
409
411
414
417
418
419
421
422
425
427
430
432
433
435
436
437
438
439
440
441
442
446
448
449
451
455
456
457
458
464
465
466
473
476
479
480
481
483
487
488
489
491
494
496
497
499
500
501
502
504
505
506
508
509
510
511
512
513
515
518
519
520
521
522
523
531
532
533
535
536
537
538
539
540
541
542
543
546
547
550
558
560
561
566
568
569
570
572
573
574
575
576
577
579
582
583
584
585
586
587
590
592
593
595
596
597
598
599
600
601
602
603
604
605
606
607
610
611
614
618
619
624
625
626
627
628
629
640
641
648
649
650
651
659
660
661
664
665
668
669
671
672
673
675
679
680
681
682
683
688
689
690
691
692
693
695
696
697
699
700
701
702
703
704
705
707
712
713
714
715
718
720
721
724
725
726
727
728
729
731
732
733
735
736
737
739
744
745
746
747
752
753
754
755
756
757
759
760
761
763
764
765
767
782
784
785
790
792
793
794
795
798
802
803
806
810
811
816
817
818
819
1171
1176
1177
1178
1179
1195
1216
1217
1219
1222
1224
1225
1226
1232
1233
1234
1235
1240
1241
1242
1243
1280
1281
1283
1288
1289
1291
1300
1301
1303
1304
1305
1307
1308
1309
1311
1323
1338
1342
1344
1345
1347
1352
1353
1355
1363
1364
1365
1367
1368
1369
1370
1371
1372
1373
1374
1375
1378
1379
1387
1395
1396
1397
1419
1427
1428
1429
1432
1433
1436
1437
1439
1440
1441
1443
1447
1448
1449
1451
1460
1461
1463
1464
1465
1467
1468
1469
1471
1472
1473
1475
1480
1481
1483
1492
1493
1495
1496
1497
1499
1500
1501
1503
1504
1505
1507
1512
1513
1515
1524
1525
1527
1528
1529
1531
1532
1533
1535
1536
1537
1539
1543
1544
1545
1547
1556
1557
1559
1560
1561
1563
1564
1565
1567
1592
1593
1596
1597
1599
1600
1601
1603
1607
1608
1609
1611
1619
1620
1621
1623
1624
1625
1627
1628
1629
1631
1642
1643
1648
1649
1650
1651
1664
1665
1672
1673
1674
1675
1696
1697
1699
1704
1705
1706
1707
1712
1713
1714
1715
1716
1717
1719
1720
1721
1723
1724
1725
1726
1727
1728
1729
1731
1736
1737
1738
1739
1748
1749
1751
1752
1753
1755
1756
1757
1759
1760
1761
1763
1768
1769
1771
1780
1781
1783
1784
1785
1787
1788
1789
1791
1792
1793
1795
1800
1801
1803
1812
1813
1815
1816
1817
1819
1820
1821
1823
1854
1856
1857
1859
1864
1865
1867
1870
1872
1873
1876
1877
1878
1879
1880
1881
1883
1884
1885
1887
1918
1920
1921
1928
1929
1930
1931
1934
1936
1937
1942
1944
1945
1952
1953
1955
1960
1961
1963
1972
1973
1975
1976
1977
1979
1980
1981
1983
1984
1985
1987
1992
1993
1995
2004
2005
2007
2008
2009
2011
2012
2013
2015
2016
2017
2019
2024
2025
2027
2036
2037
2039
2040
2041
2043
2044
2045
2047
4096
4097
4099
4104
4105
4107
4116
4117
4119
4120
4121
4123
4124
4125
4127
4160
4161
4163
4168
4169
4171
4180
4181
4183
4184
4185
4187
4188
4189
4191
4256
4257
4259
4264
4265
4267
4276
4277
4279
4280
4281
4283
4284
4285
4287
4288
4289
4291
4296
4297
4299
4308
4309
4311
4312
4313
4315
4316
4317
4319
4320
4321
4323
4328
4329
4331
4340
4341
4343
4344
4345
4347
4348
4349
4351
4608
4609
4611
4616
4617
4619
4628
4629
4631
4632
4633
4635
4636
4637
4639
4672
4673
4675
4680
4681
4683
4692
4693
4695
4696
4697
4699
4700
4701
4703
4768
4769
4771
4776
4777
4779
4788
4789
4791
4792
4793
4795
4796
4797
4799
4800
4801
4803
4808
4809
4811
4820
4821
4823
4824
4825
4827
4828
4829
4831
4832
4833
4835
4840
4841
4843
4852
4853
4855
4856
4857
4859
4860
4861
4863
