2
3
4
5
6
7
8
9
10
11
12
13
14
15
16
17
18
19
20
21
22
23
24
25
26
28
29
30
32
33
34
35
36
37
38
39
40
41
42
43
44
45
46
47
48
49
53
54
55
56
57
59
60
61
62
63
64
65
66
67
68
69
70
71
72
73
74
75
76
77
78
79
80
81
82
83
84
85
86
88
89
90
91
92
93
94
96
97
99
101
102
104
105
109
110
111
112
113
115
117
118
119
120
121
125
126
127
128
129
130
135
136
137
138
139
140
141
148
149
156
157
160
161
168
169
176
177
179
181
182
189
190
192
193
195
200
320
321
325
326
327
328
329
333
334
335
360
361
365
366
367
368
369
373
374
375
376
377
381
382
383
384
385
389
390
391
392
393
397
398
399
424
425
429
430
431
432
433
437
438
439
440
441
445
446
447
448
449
453
454
455
456
457
461
462
463
488
489
493
494
495
496
497
501
502
503
504
505
509
510
511
512
513
517
518
519
520
521
525
526
527
552
553
557
558
559
560
561
565
566
567
568
569
573
574
575
576
577
581
582
583
584
585
589
590
591
616
617
621
622
623
624
625
629
630
631
632
633
637
638
639
832
833
837
838
839
840
841
845
846
847
872
873
877
878
879
880
881
885
886
887
888
889
893
894
895
896
897
901
902
903
904
905
909
910
911
936
937
941
942
943
944
945
949
950
951
952
953
957
958
959
960
961
965
966
967
968
969
973
974
975
1000
