2
3
4
5
6
7
8
9
10
11
12
13
14
15
16
17
18
19
20
21
22
23
24
25
26
27
28
29
30
31
32
33
34
35
36
37
38
39
40
41
42
43
44
45
46
47
48
49
50
51
52
53
54
55
56
57
58
59
60
61
62
63
64
65
66
67
68
69
70
71
72
73
74
75
76
77
78
79
80
81
82
83
84
85
86
87
88
89
90
91
92
93
94
95
96
97
99
100
101
102
103
104
105
107
109
110
111
112
113
115
117
118
119
120
121
122
123
124
125
126
127
128
129
130
131
133
135
136
137
138
139
140
141
142
143
144
145
146
147
148
149
150
151
152
153
154
156
157
159
160
161
163
164
165
167
168
169
170
171
173
175
176
177
179
181
182
184
185
186
187
189
190
191
192
193
194
195
197
198
199
200
201
202
203
205
206
207
208
209
210
211
213
216
217
219
221
222
223
232
233
235
237
238
239
240
241
243
245
246
247
248
249
250
251
253
254
255
279
280
281
282
287
291
293
295
296
297
298
299
301
303
307
309
312
313
314
315
317
319
320
321
322
323
325
326
327
328
329
330
331
333
334
335
344
345
347
349
350
351
360
361
363
365
366
367
368
369
371
373
374
375
376
377
379
381
382
383
384
385
387
389
390
391
392
393
395
397
398
399
408
409
411
413
414
415
424
425
427
429
430
431
432
433
435
437
438
439
440
441
443
445
446
447
448
449
451
453
454
455
456
457
459
461
462
463
472
473
475
477
478
479
488
489
491
493
494
495
496
497
499
501
502
503
504
505
507
509
510
511
512
513
515
517
518
519
520
521
523
525
526
527
536
537
539
541
542
543
552
553
555
557
558
559
560
561
563
565
566
567
568
569
571
573
574
575
576
577
579
581
582
583
584
585
587
589
590
591
600
601
603
605
606
607
616
617
619
621
622
623
624
625
627
629
630
631
632
633
635
637
638
639
704
705
707
709
710
711
712
713
715
717
718
719
728
729
731
733
734
735
744
745
747
749
750
751
752
753
755
757
758
759
760
761
763
765
766
767
832
833
835
837
838
839
840
841
843
845
846
847
856
857
859
861
862
863
872
873
875
877
878
879
880
881
883
885
886
887
888
889
891
893
894
895
896
897
899
901
902
903
904
905
907
909
910
911
920
921
923
925
926
927
936
937
939
941
942
943
944
945
947
949
950
951
952
953
955
957
958
959
960
961
963
965
966
967
968
969
971
973
974
975
984
985
987
989
990
991
1000
