2
3
4
5
6
8
9
10
11
12
13
14
16
17
18
19
20
21
22
24
25
26
27
28
29
30
32
33
34
35
36
37
38
40
41
42
43
44
45
46
48
49
51
52
53
54
57
58
59
60
61
62
64
65
66
67
68
69
70
72
73
74
75
76
77
80
81
82
83
88
89
90
91
93
94
96
97
98
99
100
101
104
105
107
108
109
112
113
114
115
116
117
121
122
123
124
128
129
130
131
136
137
138
139
142
144
145
146
147
152
153
154
155
156
158
160
161
165
168
169
170
171
173
174
176
177
178
179
180
185
186
187
192
193
194
195
198
200
201
202
203
208
209
210
211
214
216
217
218
219
222
227
228
229
232
235
236
238
240
241
242
243
246
249
250
254
256
257
260
261
264
265
268
269
272
275
280
283
288
289
292
293
296
297
300
301
320
321
324
325
328
329
332
333
342
344
345
347
350
352
353
356
357
360
361
363
364
365
366
368
369
371
374
379
384
385
387
390
392
393
406
408
409
411
412
414
416
417
419
424
425
427
429
432
433
438
456
457
458
461
464
465
468
469
472
476
480
481
512
513
514
515
516
517
518
520
521
522
523
524
525
528
529
530
531
534
536
537
538
539
542
544
545
548
549
552
553
555
556
557
558
560
561
563
576
577
578
579
580
581
582
584
585
586
587
588
589
592
593
594
595
600
601
602
603
608
609
612
613
616
617
620
621
640
641
642
643
648
649
650
651
656
657
658
659
664
665
666
667
704
705
706
707
712
713
714
715
720
721
722
723
728
729
730
731
768
769
772
773
776
777
780
781
800
801
804
805
808
809
812
813
832
833
836
837
840
841
844
845
864
865
868
869
872
873
876
877
1024
1025
1026
1027
1032
1033
1034
1035
1040
1041
1042
1043
1048
1049
1050
1051
1088
1089
1090
1091
1096
1097
1098
1099
1104
1105
1106
1107
1112
1113
1114
1115
1152
1153
1154
1155
1160
1161
1162
1163
1168
1169
1170
1171
1176
1177
1178
1179
1216
1217
1218
1219
1224
1225
1226
1227
1232
1233
1234
1235
1240
1241
1242
1243
1366
1368
1369
1371
1374
1387
1390
1392
1393
1395
1408
1409
1411
1414
1416
1417
1430
1432
1433
1435
1438
1536
1537
1538
1539
1542
1544
1545
1546
1547
1552
1553
1554
1555
1558
1560
1561
1562
1563
1566
1579
1582
1584
1585
1587
1600
1601
1602
1603
1606
1608
1609
1610
1611
1616
1617
1618
1619
1624
1625
1626
1627
1664
1665
1666
1667
1672
1673
1674
1675
1680
1681
1682
1683
1688
1689
1690
1691
1728
1729
1730
1731
1736
1737
1738
1739
1744
1745
1746
1747
1752
1753
1754
1755
2048
2049
2052
2053
2056
2057
2060
2061
2080
2081
2084
2085
2088
2089
2092
2093
2112
2113
2116
2117
2120
2121
2124
2125
2144
2145
2148
2149
2152
2153
2156
2157
2304
2305
2308
2309
2312
2313
2316
2317
2336
2337
2340
2341
2344
2345
2348
2349
2368
2369
2372
2373
2376
2377
2380
2381
2400
2401
2404
2405
2408
2409
2412
2413
4096
4097
4098
4099
4104
4105
4106
4107
4112
4113
4114
4115
4120
4121
4122
4123
4160
4161
4162
4163
4168
4169
4170
4171
4176
4177
4178
4179
4184
4185
4186
4187
4224
4225
4226
4227
4232
4233
4234
4235
4240
4241
4242
4243
4248
4249
4250
4251
4288
4289
4290
4291
4296
4297
4298
4299
4304
4305
4306
4307
4312
4313
4314
4315
4608
4609
4610
4611
4616
4617
4618
4619
4624
4625
4626
4627
4632
4633
4634
4635
4672
4673
4674
4675
4680
4681
4682
4683
4688
4689
4690
4691
4696
4697
4698
4699
4736
4737
4738
4739
4744
4745
4746
4747
4752
4753
4754
4755
4760
4761
4762
4763
4800
4801
4802
4803
4808
4809
4810
4811
4816
4817
4818
4819
4824
4825
4826
4827
