3
5
7
8
9
11
13
15
17
19
21
24
25
29
33
35
37
39
40
41
43
45
47
49
55
56
57
61
63
64
65
67
69
71
72
73
75
77
79
83
88
89
91
93
97
99
101
104
105
109
111
115
117
119
120
121
125
127
139
168
169
179
192
193
195
200
320
321
325
327
328
329
333
335
360
361
365
367
376
377
381
383
448
449
453
455
456
457
461
463
488
489
493
495
504
505
509
511
512
513
517
519
520
521
525
527
552
553
557
559
568
569
573
575
576
577
581
583
584
585
589
591
616
617
621
623
632
633
637
639
832
833
837
839
840
841
845
847
872
873
877
879
888
889
893
895
960
961
965
967
968
969
973
975
1000
