2
3
4
5
6
8
9
10
11
12
13
14
16
17
18
19
20
21
22
24
25
26
27
28
29
30
32
33
36
37
40
41
43
44
45
46
48
49
51
52
53
57
60
61
64
65
66
67
68
69
70
72
73
74
75
76
77
80
81
82
83
88
89
90
91
93
96
97
100
101
104
105
108
109
116
117
124
128
129
130
131
136
137
138
139
144
145
146
147
152
153
154
155
156
160
161
168
169
173
192
193
194
195
200
201
202
203
208
209
210
211
216
217
218
219
256
257
260
261
264
265
268
269
288
289
292
293
296
297
300
301
320
321
324
325
328
329
332
333
352
353
356
357
360
361
364
365
512
513
516
517
520
521
524
525
544
545
548
549
552
553
556
557
576
577
580
581
584
585
588
589
608
609
612
613
616
617
620
621
768
769
772
773
776
777
780
781
800
801
804
805
808
809
812
813
832
833
836
837
840
841
844
845
864
865
868
869
872
873
876
877
