2
3
4
5
6
7
8
9
10
11
12
13
14
15
16
17
18
19
20
21
22
23
24
25
26
27
28
29
30
31
32
33
35
36
37
38
39
40
41
42
43
44
45
47
48
49
50
51
52
53
54
55
56
57
59
60
61
62
63
64
65
66
67
68
69
70
71
72
73
75
76
77
78
79
80
81
82
83
84
85
87
88
89
91
92
95
96
97
99
100
101
103
104
105
107
108
109
111
112
113
114
115
118
119
120
121
123
124
126
127
128
129
130
131
134
135
136
137
141
142
143
144
145
146
147
150
151
152
153
158
159
160
161
168
169
171
172
173
176
177
178
179
180
181
182
183
184
185
190
191
192
193
194
195
196
197
198
199
200
201
203
204
205
206
207
211
212
213
216
217
219
220
223
224
225
227
228
231
235
236
237
240
241
242
243
244
245
246
247
248
249
251
252
255
256
257
259
260
261
263
264
265
267
268
269
271
275
276
277
280
281
283
284
287
288
289
291
292
295
312
313
315
316
319
320
321
323
324
325
328
329
331
332
333
448
449
451
452
455
456
457
459
460
463
472
473
475
476
479
480
481
483
484
487
504
505
507
508
511
512
513
515
516
519
520
521
523
524
527
536
537
539
540
543
544
545
547
548
551
568
569
571
572
575
576
577
579
580
583
584
585
587
588
591
600
601
603
604
607
608
609
611
612
615
632
633
635
636
639
704
705
707
708
711
712
713
715
716
719
728
729
731
732
735
736
737
739
740
743
760
761
763
764
767
768
769
771
772
775
776
777
779
780
783
792
793
795
796
799
800
801
803
804
807
824
825
827
828
831
960
961
963
964
967
968
969
971
972
975
984
985
987
988
991
992
993
995
996
999
