2
3
4
5
6
7
8
9
10
11
12
13
14
15
16
17
18
19
20
21
22
23
24
25
26
27
28
29
30
31
32
33
34
35
36
37
38
39
40
41
42
43
44
45
46
47
48
49
50
51
52
53
54
55
56
57
58
59
60
61
62
63
64
65
66
67
68
69
70
71
72
73
74
75
76
77
78
79
80
81
82
83
84
85
86
87
88
89
90
91
92
93
94
95
96
97
98
99
100
101
102
103
104
105
106
107
108
109
110
111
112
113
114
115
116
117
118
119
120
121
122
123
124
125
126
127
128
129
130
131
132
133
134
135
136
137
138
139
140
141
142
143
144
145
146
147
148
149
150
151
152
153
154
155
156
157
158
159
160
161
162
163
164
165
166
167
168
169
170
171
172
173
174
175
176
177
178
179
180
181
182
183
184
185
186
187
188
189
190
191
192
193
194
195
196
197
198
199
200
201
202
203
204
205
206
207
208
209
210
211
212
213
214
215
216
217
218
219
220
221
222
223
224
225
226
227
228
229
230
231
232
233
234
235
236
237
238
239
240
241
242
243
244
245
246
247
248
249
250
251
252
253
254
255
256
257
258
259
260
261
262
263
264
265
266
267
268
269
270
271
272
273
274
275
276
277
278
279
280
281
282
283
284
285
286
287
288
289
290
291
292
293
294
295
296
297
298
299
300
301
302
303
304
305
306
307
308
309
310
311
312
313
314
315
316
317
318
319
320
321
322
323
324
325
326
327
328
329
330
331
332
333
334
335
336
337
340
342
343
344
345
346
347
348
349
350
351
352
353
354
355
356
357
358
359
360
361
363
364
365
366
367
368
369
370
371
372
373
374
375
376
377
378
379
380
381
382
383
384
385
386
387
388
389
390
391
392
393
394
395
396
397
398
399
400
401
402
403
404
405
406
407
408
409
410
411
412
413
414
415
416
417
418
419
420
421
422
423
424
425
426
427
428
429
430
431
432
433
434
435
436
437
438
439
440
441
442
443
444
445
446
447
448
449
450
451
452
453
454
455
456
457
458
459
460
461
462
463
464
465
466
467
468
469
470
471
472
473
474
475
476
477
478
479
480
481
482
483
484
485
486
487
488
489
490
491
492
493
494
495
496
497
498
499
500
501
502
503
504
505
506
512
513
514
515
516
517
518
519
520
521
522
523
524
525
526
527
528
529
530
531
532
533
534
535
536
537
538
539
540
541
542
543
544
545
546
547
548
549
550
551
552
553
555
556
557
558
559
560
561
562
563
564
565
566
567
568
569
570
571
572
573
574
575
576
577
578
579
580
581
582
583
584
585
586
587
588
589
590
591
592
593
594
595
596
597
598
599
600
601
602
603
604
605
606
607
608
609
610
611
612
613
614
615
616
617
618
619
620
621
622
623
624
625
626
627
628
629
630
631
632
633
634
635
636
637
638
639
640
641
642
643
644
646
647
648
649
650
651
652
653
654
655
656
657
658
659
660
661
662
663
664
665
666
667
668
669
670
671
672
673
674
675
676
679
680
681
682
683
684
685
686
687
688
689
690
691
692
693
694
695
696
697
698
699
700
701
702
704
705
706
707
708
709
710
711
712
713
714
715
716
717
718
719
720
721
722
723
724
726
727
728
729
730
731
732
733
734
736
737
738
739
740
741
742
743
744
745
746
747
748
749
750
751
752
753
754
755
756
757
758
759
760
761
762
763
764
765
766
768
769
770
771
772
773
774
775
776
777
778
779
780
781
782
783
784
785
786
787
788
790
791
792
793
794
795
796
797
798
799
800
801
802
803
804
805
806
807
808
809
811
812
813
814
815
816
817
818
819
820
821
822
823
824
825
826
827
828
829
830
832
833
834
835
836
837
838
839
840
841
842
843
844
845
846
848
849
850
851
854
855
856
857
858
859
860
861
862
863
864
865
866
867
868
869
870
871
872
873
874
875
876
877
878
879
880
881
883
884
885
886
887
888
889
890
891
892
893
894
896
897
899
900
901
902
903
904
905
907
908
909
910
919
920
921
922
923
924
925
926
927
928
929
930
931
932
933
934
935
936
937
939
940
941
942
943
944
945
946
947
948
949
950
951
952
953
954
955
956
957
958
960
961
962
963
964
965
966
967
968
969
970
971
972
973
974
975
976
977
978
980
981
982
983
984
985
986
988
989
990
991
992
993
994
995
996
997
998
999
1000
1001
1004
1005
1006
1007
1008
1009
1010
1024
1025
1026
1027
1028
1029
1030
1031
1032
1033
1034
1035
1036
1037
1039
1040
1041
1042
1043
1046
1047
1048
1049
1050
1051
1052
1053
1055
1056
1057
1058
1059
1060
1061
1062
1063
1064
1065
1068
1069
1072
1073
1074
1075
1078
1079
1080
1081
1082
1083
1084
1085
1086
1088
1089
1090
1091
1092
1093
1094
1095
1096
1097
1098
1099
1100
1101
1103
1104
1105
1106
1107
1110
1111
1112
1113
1114
1115
1116
1117
1118
1119
1120
1121
1122
1123
1124
1125
1126
1127
1128
1129
1130
1131
1132
1133
1134
1135
1136
1137
1139
1140
1141
1142
1143
1144
1145
1146
1147
1148
1149
1150
1152
1153
1154
1155
1156
1157
1158
1159
1160
1161
1162
1163
1164
1165
1166
1167
1168
1169
1170
1171
1172
1173
1174
1175
1176
1177
1178
1179
1180
1181
1182
1183
1184
1185
1188
1191
1192
1193
1196
1197
1198
1199
1200
1201
1202
1203
1204
1205
1206
1207
1208
1209
1210
1211
1212
1213
1214
1216
1217
1218
1219
1222
1223
1224
1225
1226
1227
1228
1229
1230
1231
1232
1233
1234
1235
1236
1237
1238
1239
1240
1241
1242
1243
1244
1245
1246
1247
1248
1249
1250
1251
1252
1253
1254
1255
1256
1257
1258
1259
1260
1261
1264
1265
1266
1268
1269
1270
1272
1273
1276
1277
1278
1280
1281
1285
1286
1287
1288
1289
1293
1294
1295
1300
1301
1302
1303
1308
1311
1312
1313
1316
1332
1333
1334
1336
1337
1340
1341
1342
1344
1345
1349
1350
1351
1352
1353
1367
1368
1369
1370
1372
1375
1376
1377
1378
1379
1380
1383
1384
1385
1387
1388
1389
1390
1391
1392
1393
1395
1396
1397
1398
1399
1400
1401
1402
1403
1404
1405
1406
1408
1409
1410
1411
1413
1414
1415
1416
1417
1418
1419
1420
1421
1424
1425
1426
1427
1430
1431
1432
1433
1434
1435
1436
1437
1439
1440
1441
1442
1443
1444
1447
1448
1449
1451
1452
1453
1454
1455
1456
1457
1458
1459
1460
1462
1463
1464
1465
1466
1467
1468
1469
1472
1473
1474
1475
1476
1477
1478
1479
1480
1481
1482
1483
1484
1485
1486
1487
1488
1489
1490
1491
1492
1493
1494
1495
1496
1497
1498
1499
1500
1501
1503
1504
1505
1506
1507
1508
1510
1511
1512
1513
1514
1515
1516
1517
1518
1519
1520
1521
1536
1537
1538
1539
1540
1541
1542
1543
1544
1545
1546
1547
1548
1549
1550
1551
1552
1553
1554
1555
1558
1559
1560
1561
1562
1563
1564
1565
1566
1567
1568
1569
1570
1571
1572
1573
1574
1575
1576
1577
1579
1580
1581
1582
1584
1585
1586
1587
1588
1589
1590
1591
1592
1593
1594
1595
1596
1597
1600
1601
1602
1603
1604
1605
1606
1607
1608
1609
1610
1611
1612
1613
1614
1615
1616
1617
1618
1619
1622
1623
1624
1625
1626
1627
1628
1629
1630
1631
1632
1633
1634
1635
1636
1637
1638
1639
1640
1641
1642
1643
1644
1645
1646
1647
1648
1649
1651
1652
1653
1654
1655
1656
1657
1658
1659
1660
1664
1665
1666
1667
1668
1670
1671
1672
1673
1674
1675
1676
1677
1679
1680
1681
1682
1683
1686
1687
1688
1689
1690
1691
1692
1693
1712
1713
1714
1715
1718
1719
1720
1721
1722
1723
1724
1725
1728
1729
1730
1731
1732
1733
1734
1735
1736
1737
1738
1739
1740
1741
1742
1744
1745
1746
1747
1750
1751
1752
1753
1754
1755
1756
1757
1758
1760
1761
1762
1763
1764
1765
1766
1767
1768
1769
1770
1771
1772
1773
1774
1776
1777
1779
1780
1781
1782
1792
1793
1794
1795
1796
1797
1798
1799
1800
1801
1802
1803
1804
1805
1806
1808
1809
1810
1811
1814
1815
1816
1817
1818
1819
1820
1821
1822
1824
1825
1827
1828
1829
1830
1832
1833
1835
1836
1837
1838
1840
1841
1842
1843
1844
1845
1846
1847
1848
1849
1850
1851
1852
1853
1856
1857
1858
1859
1860
1861
1862
1863
1864
1865
1866
1867
1868
1869
1870
1872
1873
1874
1875
1878
1879
1880
1881
1882
1883
1884
1885
1886
1887
1888
1889
1890
1891
1892
1893
1894
1895
1896
1897
1898
1899
1900
1901
1902
1903
1904
1905
1907
1908
1909
1910
1911
1912
1913
1914
1915
1916
1920
1921
1923
1924
1925
1926
1928
1929
1931
1932
1933
1934
1943
1944
1945
1946
1947
1948
1949
1950
1951
1952
1953
1954
1955
1956
1957
1958
1959
1960
1961
1963
1964
1965
1966
1967
1968
1969
1971
1972
1973
1974
1975
1976
1977
1978
1979
1980
1984
1985
1986
1987
1988
1992
1993
1994
1995
1996
1999
2000
2001
2002
2007
2008
2009
2010
2015
2016
2017
2018
2019
2020
2023
2048
2049
2050
2051
2052
2053
2054
2056
2057
2058
2059
2060
2061
2062
2063
2064
2065
2066
2071
2072
2073
2074
2075
2076
2077
2078
2079
2080
2081
2082
2083
2084
2085
2086
2087
2088
2089
2091
2092
2093
2094
2096
2097
2099
2100
2101
2102
2112
2113
2114
2115
2116
2117
2118
2120
2121
2122
2123
2124
2125
2126
2127
2128
2129
2130
2135
2136
2137
2138
2139
2140
2141
2142
2143
2144
2145
2146
2147
2148
2149
2150
2151
2152
2153
2155
2156
2157
2158
2159
2160
2161
2163
2164
2165
2166
2167
2168
2169
2170
2171
2172
2176
2177
2178
2179
2180
2184
2185
2186
2187
2188
2191
2192
2193
2194
2219
2220
2223
2227
2228
2231
2232
2233
2234
2235
2236
2240
2241
2242
2243
2244
2245
2246
2248
2249
2250
2251
2252
2253
2254
2255
2256
2257
2258
2264
2265
2267
2268
2269
2270
2272
2273
2275
2276
2277
2278
2280
2281
2283
2284
2285
2286
2287
2288
2289
2291
2292
2293
2294
2295
2296
2297
2298
2299
2300
2304
2305
2306
2307
2308
2309
2310
2312
2313
2314
2315
2316
2317
2318
2319
2320
2321
2322
2327
2328
2329
2330
2331
2332
2333
2334
2335
2336
2337
2338
2339
2340
2341
2342
2343
2344
2345
2347
2348
2349
2350
2351
2352
2353
2355
2356
2357
2358
2359
2360
2361
2362
2363
2364
2368
2369
2371
2372
2373
2374
2376
2377
2379
2380
2381
2382
2391
2392
2393
2394
2395
2396
2397
2398
2399
2400
2401
2402
2403
2404
2405
2406
2407
2408
2409
2411
2412
2413
2414
2415
2416
2417
2419
2420
2421
2422
2423
2424
2425
2426
2427
2428
2432
2433
2435
2436
2437
2438
2440
2441
2443
2444
2445
2446
2455
2456
2457
2458
2459
2460
2461
2462
2463
2464
2465
2466
2467
2468
2469
2470
2471
2472
2473
2475
2476
2477
2478
2479
2480
2481
2483
2484
2485
2486
2487
2488
2489
2490
2491
2492
2496
2497
2498
2499
2500
2504
2505
2506
2507
2508
2511
2512
2513
2514
2519
2520
2521
2522
2527
2528
2529
2530
2531
2532
2535
2560
2561
2563
2564
2565
2566
2568
2569
2571
2572
2573
2574
2584
2585
2587
2588
2589
2590
2592
2593
2595
2596
2597
2598
2600
2601
2603
2604
2605
2606
2608
2609
2611
2612
2613
2614
2624
2625
2627
2628
2629
2630
2632
2633
2635
2636
2637
2638
2648
2649
2651
2652
2653
2654
2656
2657
2659
2660
2661
2662
2664
2665
2667
2668
2669
2670
2672
2673
2675
2676
2677
2678
2752
2753
2755
2756
2757
2758
2760
2761
2763
2764
2765
2766
2776
2777
2779
2780
2781
2782
2784
2785
2787
2788
2789
2790
2792
2793
2795
2796
2797
2798
2800
2801
2803
2804
2805
2806
2816
2817
2819
2820
2821
2822
2824
2825
2827
2828
2829
2830
2840
2841
2843
2844
2845
2846
2848
2849
2851
2852
2853
2854
2856
2857
2859
2860
2861
2862
2864
2865
2867
2868
2869
2870
2880
2881
2883
2884
2885
2886
2888
2889
2891
2892
2893
2894
2904
2905
2907
2908
2909
2910
2912
2913
2915
2916
2917
2918
2920
2921
2923
2924
2925
2926
2928
2929
2931
2932
2933
2934
2944
2945
2947
2948
2949
2950
2952
2953
2955
2956
2957
2958
2968
2969
2971
2972
2973
2974
2976
2977
2979
2980
2981
2982
2984
2985
2987
2988
2989
2990
2992
2993
2995
2996
2997
2998
3072
3073
3075
3076
3077
3078
3080
3081
3083
3084
3085
3086
3096
3097
3099
3100
3101
3102
3104
3105
3107
3108
3109
3110
3112
3113
3115
3116
3117
3118
3120
3121
3123
3124
3125
3126
3136
3137
3139
3140
3141
3142
3144
3145
3147
3148
3149
3150
3160
3161
3163
3164
3165
3166
3168
3169
3171
3172
3173
3174
3176
3177
3179
3180
3181
3182
3184
3185
3187
3188
3189
3190
3264
3265
3267
3268
3269
3270
3272
3273
3275
3276
3277
3278
3288
3289
3291
3292
3293
3294
3296
3297
3299
3300
3301
3302
3304
3305
3307
3308
3309
3310
3312
3313
3315
3316
3317
3318
3328
3329
3331
3332
3333
3334
3336
3337
3339
3340
3341
3342
3352
3353
3355
3356
3357
3358
3360
3361
3363
3364
3365
3366
3368
3369
3371
3372
3373
3374
3376
3377
3379
3380
3381
3382
3392
3393
3395
3396
3397
3398
3400
3401
3403
3404
3405
3406
3416
3417
3419
3420
3421
3422
3424
3425
3427
3428
3429
3430
3432
3433
3435
3436
3437
3438
3440
3441
3443
3444
3445
3446
3456
3457
3459
3460
3461
3462
3464
3465
3467
3468
3469
3470
3480
3481
3483
3484
3485
3486
3488
3489
3491
3492
3493
3494
3496
3497
3499
3500
3501
3502
3504
3505
3507
3508
3509
3510
4096
4097
4099
4100
4101
4102
4104
4105
4107
4108
4109
4110
4120
4121
4123
4124
4125
4126
4128
4129
4131
4132
4133
4134
4136
4137
4139
4140
4141
4142
4144
4145
4147
4148
4149
4150
4160
4161
4163
4164
4165
4166
4168
4169
4171
4172
4173
4174
4184
4185
4187
4188
4189
4190
4192
4193
4195
4196
4197
4198
4200
4201
4203
4204
4205
4206
4208
4209
4211
4212
4213
4214
4288
4289
4291
4292
4293
4294
4296
4297
4299
4300
4301
4302
4312
4313
4315
4316
4317
4318
4320
4321
4323
4324
4325
4326
4328
4329
4331
4332
4333
4334
4336
4337
4339
4340
4341
4342
4352
4353
4355
4356
4357
4358
4360
4361
4363
4364
4365
4366
4376
4377
4379
4380
4381
4382
4384
4385
4387
4388
4389
4390
4392
4393
4395
4396
4397
4398
4400
4401
4403
4404
4405
4406
4416
4417
4419
4420
4421
4422
4424
4425
4427
4428
4429
4430
4440
4441
4443
4444
4445
4446
4448
4449
4451
4452
4453
4454
4456
4457
4459
4460
4461
4462
4464
4465
4467
4468
4469
4470
4480
4481
4483
4484
4485
4486
4488
4489
4491
4492
4493
4494
4504
4505
4507
4508
4509
4510
4512
4513
4515
4516
4517
4518
4520
4521
4523
4524
4525
4526
4528
4529
4531
4532
4533
4534
4608
4609
4611
4612
4613
4614
4616
4617
4619
4620
4621
4622
4632
4633
4635
4636
4637
4638
4640
4641
4643
4644
4645
4646
4648
4649
4651
4652
4653
4654
4656
4657
4659
4660
4661
4662
4672
4673
4675
4676
4677
4678
4680
4681
4683
4684
4685
4686
4696
4697
4699
4700
4701
4702
4704
4705
4707
4708
4709
4710
4712
4713
4715
4716
4717
4718
4720
4721
4723
4724
4725
4726
4800
4801
4803
4804
4805
4806
4808
4809
4811
4812
4813
4814
4824
4825
4827
4828
4829
4830
4832
4833
4835
4836
4837
4838
4840
4841
4843
4844
4845
4846
4848
4849
4851
4852
4853
4854
4864
4865
4867
4868
4869
4870
4872
4873
4875
4876
4877
4878
4888
4889
4891
4892
4893
4894
4896
4897
4899
4900
4901
4902
4904
4905
4907
4908
4909
4910
4912
4913
4915
4916
4917
4918
4928
4929
4931
4932
4933
4934
4936
4937
4939
4940
4941
4942
4952
4953
4955
4956
4957
4958
4960
4961
4963
4964
4965
4966
4968
4969
4971
4972
4973
4974
4976
4977
4979
4980
4981
4982
4992
4993
4995
4996
4997
4998
5000
5001
5003
5004
5005
5006
5016
5017
5019
5020
5021
5022
5024
5025
5027
5028
5029
5030
5032
5033
5035
5036
5037
5038
5040
5041
5043
5044
5045
5046
5632
5633
5635
5636
5637
5638
5640
5641
5643
5644
5645
5646
5656
5657
5659
5660
5661
5662
5664
5665
5667
5668
5669
5670
5672
5673
5675
5676
5677
5678
5680
5681
5683
5684
5685
5686
5696
5697
5699
5700
5701
5702
5704
5705
5707
5708
5709
5710
5720
5721
5723
5724
5725
5726
5728
5729
5731
5732
5733
5734
5736
5737
5739
5740
5741
5742
5744
5745
5747
5748
5749
5750
5824
5825
5827
5828
5829
5830
5832
5833
5835
5836
5837
5838
5848
5849
5851
5852
5853
5854
5856
5857
5859
5860
5861
5862
5864
5865
5867
5868
5869
5870
5872
5873
5875
5876
5877
5878
5888
5889
5891
5892
5893
5894
5896
5897
5899
5900
5901
5902
5912
5913
5915
5916
5917
5918
5920
5921
5923
5924
5925
5926
5928
5929
5931
5932
5933
5934
5936
5937
5939
5940
5941
5942
5952
5953
5955
5956
5957
5958
5960
5961
5963
5964
5965
5966
5976
5977
5979
5980
5981
5982
5984
5985
5987
5988
5989
5990
5992
5993
5995
5996
5997
5998
6000
6001
6003
6004
6005
6006
6016
6017
6019
6020
6021
6022
6024
6025
6027
6028
6029
6030
6040
6041
6043
6044
6045
6046
6048
6049
6051
6052
6053
6054
6056
6057
6059
6060
6061
6062
6064
6065
6067
6068
6069
6070
6144
6145
6147
6148
6149
6150
6152
6153
6155
6156
6157
6158
6168
6169
6171
6172
6173
6174
6176
6177
6179
6180
6181
6182
6184
6185
6187
6188
6189
6190
6192
6193
6195
6196
6197
6198
6208
6209
6211
6212
6213
6214
6216
6217
6219
6220
6221
6222
6232
6233
6235
6236
6237
6238
6240
6241
6243
6244
6245
6246
6248
6249
6251
6252
6253
6254
6256
6257
6259
6260
6261
6262
6336
6337
6339
6340
6341
6342
6344
6345
6347
6348
6349
6350
6360
6361
6363
6364
6365
6366
6368
6369
6371
6372
6373
6374
6376
6377
6379
6380
6381
6382
6384
6385
6387
6388
6389
6390
6400
6401
6403
6404
6405
6406
6408
6409
6411
6412
6413
6414
6424
6425
6427
6428
6429
6430
6432
6433
6435
6436
6437
6438
6440
6441
6443
6444
6445
6446
6448
6449
6451
6452
6453
6454
6464
6465
6467
6468
6469
6470
6472
6473
6475
6476
6477
6478
6488
6489
6491
6492
6493
6494
6496
6497
6499
6500
6501
6502
6504
6505
6507
6508
6509
6510
6512
6513
6515
6516
6517
6518
6528
6529
6531
6532
6533
6534
6536
6537
6539
6540
6541
6542
6552
6553
6555
6556
6557
6558
6560
6561
6563
6564
6565
6566
6568
6569
6571
6572
6573
6574
6576
6577
6579
6580
6581
6582
6656
6657
6659
6660
6661
6662
6664
6665
6667
6668
6669
6670
6680
6681
6683
6684
6685
6686
6688
6689
6691
6692
6693
6694
6696
6697
6699
6700
6701
6702
6704
6705
6707
6708
6709
6710
6720
6721
6723
6724
6725
6726
6728
6729
6731
6732
6733
6734
6744
6745
6747
6748
6749
6750
6752
6753
6755
6756
6757
6758
6760
6761
6763
6764
6765
6766
6768
6769
6771
6772
6773
6774
6848
6849
6851
6852
6853
6854
6856
6857
6859
6860
6861
6862
6872
6873
6875
6876
6877
6878
6880
6881
6883
6884
6885
6886
6888
6889
6891
6892
6893
6894
6896
6897
6899
6900
6901
6902
6912
6913
6915
6916
6917
6918
6920
6921
6923
6924
6925
6926
6936
6937
6939
6940
6941
6942
6944
6945
6947
6948
6949
6950
6952
6953
6955
6956
6957
6958
6960
6961
6963
6964
6965
6966
6976
6977
6979
6980
6981
6982
6984
6985
6987
6988
6989
6990
7000
7001
7003
7004
7005
7006
7008
7009
7011
7012
7013
7014
7016
7017
7019
7020
7021
7022
7024
7025
7027
7028
7029
7030
7040
7041
7043
7044
7045
7046
7048
7049
7051
7052
7053
7054
7064
7065
7067
7068
7069
7070
7072
7073
7075
7076
7077
7078
7080
7081
7083
7084
7085
7086
7088
7089
7091
7092
7093
7094
7168
7169
7171
7172
7173
7174
7176
7177
7179
7180
7181
7182
7192
7193
7195
7196
7197
7198
7200
7201
7203
7204
7205
7206
7208
7209
7211
7212
7213
7214
7216
7217
7219
7220
7221
7222
7232
7233
7235
7236
7237
7238
7240
7241
7243
7244
7245
7246
7256
7257
7259
7260
7261
7262
7264
7265
7267
7268
7269
7270
7272
7273
7275
7276
7277
7278
7280
7281
7283
7284
7285
7286
7360
7361
7363
7364
7365
7366
7368
7369
7371
7372
7373
7374
7384
7385
7387
7388
7389
7390
7392
7393
7395
7396
7397
7398
7400
7401
7403
7404
7405
7406
7408
7409
7411
7412
7413
7414
7424
7425
7427
7428
7429
7430
7432
7433
7435
7436
7437
7438
7448
7449
7451
7452
7453
7454
7456
7457
7459
7460
7461
7462
7464
7465
7467
7468
7469
7470
7472
7473
7475
7476
7477
7478
7488
7489
7491
7492
7493
7494
7496
7497
7499
7500
7501
7502
7512
7513
7515
7516
7517
7518
7520
7521
7523
7524
7525
7526
7528
7529
7531
7532
7533
7534
7536
7537
7539
7540
7541
7542
7552
7553
7555
7556
7557
7558
7560
7561
7563
7564
7565
7566
7576
7577
7579
7580
7581
7582
7584
7585
7587
7588
7589
7590
7592
7593
7595
7596
7597
7598
7600
7601
7603
7604
7605
7606
