3
5
7
8
9
11
13
15
17
19
21
23
24
25
27
29
31
33
35
37
39
40
41
43
45
47
49
53
55
56
57
59
61
64
65
67
69
72
73
75
77
79
81
83
85
87
88
89
91
93
95
97
101
103
104
105
107
109
111
113
115
117
119
120
121
125
131
133
135
136
139
141
143
145
149
152
155
159
161
163
165
167
168
169
171
175
177
179
181
183
184
185
187
192
193
195
197
199
200
201
203
205
207
209
211
215
216
217
219
221
225
227
229
231
232
233
235
237
239
241
243
247
248
249
251
263
264
269
275
279
280
281
285
287
289
291
293
296
307
309
312
313
317
320
321
323
325
328
329
331
333
343
344
345
347
349
351
360
361
363
365
373
375
376
377
379
381
391
392
419
423
425
427
439
440
448
449
456
461
465
467
477
481
491
512
513
515
517
519
520
521
523
525
527
529
533
535
536
537
539
541
543
545
547
549
551
552
553
555
557
559
576
577
579
581
584
585
587
589
591
600
601
603
605
609
611
615
616
617
619
621
623
625
627
629
632
633
635
648
664
704
705
707
709
712
713
715
717
728
729
731
733
741
744
745
747
749
761
776
821
824
825
832
833
835
837
840
841
843
845
855
856
857
859
861
863
867
872
873
875
877
879
883
885
888
889
919
920
921
927
931
935
936
937
943
960
961
963
965
968
969
975
991
1127
1128
1129
1135
1141
1144
1145
1165
1167
1173
1191
1192
1193
1199
1333
1336
1337
1344
1345
1349
1352
1353
1367
1368
1369
1375
1379
1387
1391
1395
1397
1400
1401
1431
1432
1433
1439
1443
1472
1473
1475
1480
1481
1487
1536
1537
1539
1541
1544
1545
1547
1549
1551
1559
1560
1561
1563
1565
1567
1571
1576
1577
1579
1581
1600
1601
1603
1605
1608
1609
1611
1613
1615
1624
1625
1627
1629
1640
1641
1643
1645
1647
1651
1656
1657
1728
1729
1731
1733
1736
1737
1739
1741
1752
1753
1755
1757
1768
1769
1771
1773
1856
1857
1859
1861
1864
1865
1867
1869
1879
1880
1881
1883
1885
1887
1891
1896
1897
1899
1901
1903
1907
1912
1913
1943
1944
1945
1951
1955
1984
1985
1987
1992
1993
1999
2219
2223
2227
2232
2233
2240
2241
2243
2248
2249
2255
2283
2287
2291
2296
2297
2327
2328
2329
2335
2339
2560
2561
2563
2565
2568
2569
2571
2573
2584
2585
2587
2589
2600
2601
2603
2605
2624
2625
2627
2629
2632
2633
2635
2637
2648
2649
2651
2653
2664
2665
2667
2669
2752
2753
2755
2757
2760
2761
2763
2765
2776
2777
2779
2781
2792
2793
2795
2797
2880
2881
2883
2885
2888
2889
2891
2893
2904
2905
2907
2909
2920
2921
2923
2925
4096
4097
4099
4101
4104
4105
4107
4109
4120
4121
4123
4125
4136
4137
4139
4141
4160
4161
4163
4165
4168
4169
4171
4173
4184
4185
4187
4189
4200
4201
4203
4205
4288
4289
4291
4293
4296
4297
4299
4301
4312
4313
4315
4317
4328
4329
4331
4333
4416
4417
4419
4421
4424
4425
4427
4429
4440
4441
4443
4445
4456
4457
4459
4461
4608
4609
4611
4613
4616
4617
4619
4621
4632
4633
4635
4637
4648
4649
4651
4653
4672
4673
4675
4677
4680
4681
4683
4685
4696
4697
4699
4701
4712
4713
4715
4717
4800
4801
4803
4805
4808
4809
4811
4813
4824
4825
4827
4829
4840
4841
4843
4845
4928
4929
4931
4933
4936
4937
4939
4941
4952
4953
4955
4957
4968
4969
4971
4973
5632
5633
5635
5637
5640
5641
5643
5645
5656
5657
5659
5661
5672
5673
5675
5677
5696
5697
5699
5701
5704
5705
5707
5709
5720
5721
5723
5725
5736
5737
5739
5741
5824
5825
5827
5829
5832
5833
5835
5837
5848
5849
5851
5853
5864
5865
5867
5869
5952
5953
5955
5957
5960
5961
5963
5965
5976
5977
5979
5981
5992
5993
5995
5997
6656
6657
6659
6661
6664
6665
6667
6669
6680
6681
6683
6685
6696
6697
6699
6701
6720
6721
6723
6725
6728
6729
6731
6733
6744
6745
6747
6749
6760
6761
6763
6765
6848
6849
6851
6853
6856
6857
6859
6861
6872
6873
6875
6877
6888
6889
6891
6893
6976
6977
6979
6981
6984
6985
6987
6989
7000
7001
7003
7005
7016
7017
7019
7021
