2
4
5
8
9
10
13
16
17
18
20
21
25
26
29
32
33
34
36
37
40
41
42
45
49
50
52
53
57
58
64
65
66
68
69
72
73
74
77
80
81
82
84
85
93
97
104
105
106
109
117
128
129
130
133
136
137
138
141
144
145
146
149
160
161
164
165
168
169
170
173
180
181
256
257
260
261
264
265
276
277
288
289
292
293
296
297
308
309
320
321
322
324
325
328
329
330
333
336
337
338
340
341
360
361
362
365
416
417
420
421
424
425
436
437
512
513
514
517
520
521
522
525
528
529
530
533
552
553
554
557
576
577
578
581
584
585
586
589
592
593
594
597
616
617
618
621
640
641
642
645
648
649
650
653
656
657
658
661
680
681
682
685
832
833
834
837
840
841
842
845
848
849
850
853
872
873
874
877
