2
3
4
5
6
7
8
9
10
11
12
13
14
15
16
17
18
19
20
21
22
23
24
25
26
27
28
29
30
31
32
33
34
35
36
37
38
39
40
41
42
43
44
45
46
47
48
49
50
51
52
53
54
55
56
57
58
59
60
61
62
64
65
66
67
68
69
70
71
72
73
74
75
76
77
78
79
80
81
82
83
84
85
86
87
88
89
90
91
92
93
94
95
96
97
98
99
100
101
102
103
104
105
106
107
108
109
110
112
113
114
115
116
117
118
119
120
121
122
123
124
125
126
128
129
130
131
132
133
134
135
136
137
138
139
140
141
142
143
144
145
146
147
148
149
150
152
153
154
155
156
157
158
160
161
162
163
164
165
166
168
169
170
171
172
173
174
175
176
177
178
179
180
181
182
185
186
187
188
189
190
192
193
194
195
196
197
198
200
201
202
203
204
205
206
207
208
209
210
211
213
214
216
217
218
219
220
221
222
223
224
225
226
227
228
229
230
232
233
234
235
236
237
238
239
240
241
243
244
245
246
248
249
250
256
257
259
260
261
262
264
265
268
269
270
276
278
280
281
283
285
286
287
288
289
291
292
293
294
296
297
298
300
301
302
304
305
308
309
310
313
314
316
317
318
320
321
324
325
326
328
329
330
332
333
334
336
337
340
342
344
345
347
348
349
350
351
352
353
354
356
357
358
360
361
363
364
365
366
367
368
369
371
372
373
374
376
377
380
381
382
384
385
386
387
388
389
390
392
393
396
397
398
400
401
402
406
408
409
411
412
413
414
415
416
417
419
420
421
422
424
425
428
429
430
432
433
434
436
437
438
442
444
445
446
456
458
460
461
462
464
465
468
469
470
473
476
477
478
480
481
482
484
485
486
488
489
492
493
494
496
497
498
500
501
502
505
506
512
513
514
515
516
517
518
520
521
522
523
524
525
526
528
529
530
531
532
533
534
536
537
538
539
540
541
542
543
544
545
547
548
549
550
552
553
555
556
557
558
559
560
561
562
563
564
565
566
572
573
574
576
577
578
579
580
581
582
584
585
586
587
588
589
590
591
592
593
594
595
596
597
598
600
601
602
603
604
605
606
607
608
609
610
611
612
613
614
616
617
618
619
620
621
622
623
624
625
627
628
629
630
632
633
636
637
638
640
641
642
643
648
649
650
651
652
653
656
657
658
659
664
665
666
667
668
669
672
673
676
680
681
684
685
686
688
689
690
692
693
694
700
701
702
704
705
706
707
712
713
714
715
716
717
720
721
722
723
724
726
728
729
730
731
732
733
734
736
737
738
739
740
741
742
744
745
746
747
748
749
752
753
754
768
769
770
771
772
773
774
776
777
778
779
780
781
782
784
785
786
787
788
792
793
794
795
796
797
798
800
801
804
805
806
808
809
812
813
814
816
817
818
820
821
822
825
828
829
830
832
833
834
835
836
837
838
840
841
842
843
844
845
846
848
849
850
851
856
857
858
859
860
861
864
865
866
867
868
869
870
872
873
874
875
876
877
878
880
881
884
885
886
892
893
894
896
897
900
901
902
904
905
908
909
910
924
928
929
932
933
934
936
937
940
941
942
944
945
948
949
950
973
974
980
981
982
988
992
993
996
1000
1001
1005
1006
1008
1009
1024
1025
1026
1027
1030
1032
1033
1034
1035
1036
1037
1040
1041
1042
1043
1048
1049
1050
1051
1052
1053
1068
1069
1072
1073
1074
1078
1084
1085
1086
1088
1089
1090
1091
1094
1096
1097
1098
1099
1100
1101
1104
1105
1106
1107
1110
1112
1113
1114
1115
1116
1117
1118
1120
1121
1122
1123
1126
1128
1129
1130
1131
1132
1133
1152
1153
1154
1155
1158
1160
1161
1162
1163
1164
1165
1168
1169
1170
1171
1174
1176
1177
1178
1179
1180
1181
1182
1196
1197
1200
1201
1202
1206
1212
1213
1214
1216
1217
1218
1219
1224
1225
1226
1227
1228
1229
1230
1232
1233
1234
1235
1236
1237
1238
1240
1241
1242
1243
1244
1245
1246
1248
1249
1250
1251
1252
1254
1256
1257
1258
1259
1260
1261
1264
1265
1266
1280
1281
1288
1289
1293
1294
1300
1301
1302
1308
1312
1313
1316
1332
1333
1334
1340
1341
1342
1344
1345
1352
1353
1384
1385
1389
1390
1392
1393
1396
1397
1398
1404
1405
1406
1408
1409
1416
1417
1436
1440
1441
1444
1448
1449
1453
1454
1456
1457
1485
1486
1492
1493
1494
1500
1504
1505
1508
1512
1513
1517
1518
1520
1521
1536
1537
1538
1539
1544
1545
1546
1547
1548
1549
1552
1553
1554
1555
1560
1561
1562
1563
1564
1565
1600
1601
1602
1603
1608
1609
1610
1611
1612
1613
1616
1617
1618
1619
1624
1625
1626
1627
1628
1629
1632
1633
1634
1635
1640
1641
1642
1643
1644
1645
1664
1665
1666
1667
1672
1673
1674
1675
1676
1677
1680
1681
1682
1683
1688
1689
1690
1691
1692
1693
1728
1729
1730
1731
1736
1737
1738
1739
1740
1741
1744
1745
1746
1747
1752
1753
1754
1755
1756
1757
1760
1761
1762
1763
1768
1769
1770
1771
1772
1773
1792
1793
1794
1795
1800
1801
1802
1803
1804
1805
1808
1809
1810
1811
1816
1817
1818
1819
1820
1821
1856
1857
1858
1859
1864
1865
1866
1867
1868
1869
1872
1873
1874
1875
1880
1881
1882
1883
1884
1885
1888
1889
1890
1891
1896
1897
1898
1899
1900
1901
2048
2049
2052
2053
2054
2056
2057
2060
2061
2062
2080
2081
2084
2085
2086
2088
2089
2092
2093
2094
2096
2097
2100
2101
2102
2112
2113
2116
2117
2118
2120
2121
2124
2125
2126
2144
2145
2148
2149
2150
2152
2153
2156
2157
2158
2160
2161
2164
2165
2166
2304
2305
2308
2309
2310
2312
2313
2316
2317
2318
2336
2337
2340
2341
2342
2344
2345
2348
2349
2350
2352
2353
2356
2357
2358
2368
2369
2372
2373
2374
2376
2377
2380
2381
2382
2400
2401
2404
2405
2406
2408
2409
2412
2413
2414
2416
2417
2420
2421
2422
2432
2433
2436
2437
2438
2440
2441
2444
2445
2446
2464
2465
2468
2469
2470
2472
2473
2476
2477
2478
2480
2481
2484
2485
2486
2560
2561
2564
2565
2566
2568
2569
2572
2573
2574
2592
2593
2596
2597
2598
2600
2601
2604
2605
2606
2608
2609
2612
2613
2614
2624
2625
2628
2629
2630
2632
2633
2636
2637
2638
2656
2657
2660
2661
2662
2664
2665
2668
2669
2670
2672
2673
2676
2677
2678
2816
2817
2820
2821
2822
2824
2825
2828
2829
2830
2848
2849
2852
2853
2854
2856
2857
2860
2861
2862
2864
2865
2868
2869
2870
2880
2881
2884
2885
2886
2888
2889
2892
2893
2894
2912
2913
2916
2917
2918
2920
2921
2924
2925
2926
2928
2929
2932
2933
2934
2944
2945
2948
2949
2950
2952
2953
2956
2957
2958
2976
2977
2980
2981
2982
2984
2985
2988
2989
2990
2992
2993
2996
2997
2998
3072
3073
3076
3077
3078
3080
3081
3084
3085
3086
3104
3105
3108
3109
3110
3112
3113
3116
3117
3118
3120
3121
3124
3125
3126
3136
3137
3140
3141
3142
3144
3145
3148
3149
3150
3168
3169
3172
3173
3174
3176
3177
3180
3181
3182
3184
3185
3188
3189
3190
3328
3329
3332
3333
3334
3336
3337
3340
3341
3342
3360
3361
3364
3365
3366
3368
3369
3372
3373
3374
3376
3377
3380
3381
3382
3392
3393
3396
3397
3398
3400
3401
3404
3405
3406
3424
3425
3428
3429
3430
3432
3433
3436
3437
3438
3440
3441
3444
3445
3446
3456
3457
3460
3461
3462
3464
3465
3468
3469
3470
3488
3489
3492
3493
3494
3496
3497
3500
3501
3502
3504
3505
3508
3509
3510
4096
4097
4100
4101
4102
4104
4105
4108
4109
4110
4128
4129
4132
4133
4134
4136
4137
4140
4141
4142
4144
4145
4148
4149
4150
4160
4161
4164
4165
4166
4168
4169
4172
4173
4174
4192
4193
4196
4197
4198
4200
4201
4204
4205
4206
4208
4209
4212
4213
4214
4352
4353
4356
4357
4358
4360
4361
4364
4365
4366
4384
4385
4388
4389
4390
4392
4393
4396
4397
4398
4400
4401
4404
4405
4406
4416
4417
4420
4421
4422
4424
4425
4428
4429
4430
4448
4449
4452
4453
4454
4456
4457
4460
4461
4462
4464
4465
4468
4469
4470
4480
4481
4484
4485
4486
4488
4489
4492
4493
4494
4512
4513
4516
4517
4518
4520
4521
4524
4525
4526
4528
4529
4532
4533
4534
4608
4609
4612
4613
4614
4616
4617
4620
4621
4622
4640
4641
4644
4645
4646
4648
4649
4652
4653
4654
4656
4657
4660
4661
4662
4672
4673
4676
4677
4678
4680
4681
4684
4685
4686
4704
4705
4708
4709
4710
4712
4713
4716
4717
4718
4720
4721
4724
4725
4726
4864
4865
4868
4869
4870
4872
4873
4876
4877
4878
4896
4897
4900
4901
4902
4904
4905
4908
4909
4910
4912
4913
4916
4917
4918
4928
4929
4932
4933
4934
4936
4937
4940
4941
4942
4960
4961
4964
4965
4966
4968
4969
4972
4973
4974
4976
4977
4980
4981
4982
4992
4993
4996
4997
4998
5000
5001
5004
5005
5006
5024
5025
5028
5029
5030
5032
5033
5036
5037
5038
5040
5041
5044
5045
5046
6144
6145
6148
6149
6150
6152
6153
6156
6157
6158
6176
6177
6180
6181
6182
6184
6185
6188
6189
6190
6192
6193
6196
6197
6198
6208
6209
6212
6213
6214
6216
6217
6220
6221
6222
6240
6241
6244
6245
6246
6248
6249
6252
6253
6254
6256
6257
6260
6261
6262
6400
6401
6404
6405
6406
6408
6409
6412
6413
6414
6432
6433
6436
6437
6438
6440
6441
6444
6445
6446
6448
6449
6452
6453
6454
6464
6465
6468
6469
6470
6472
6473
6476
6477
6478
6496
6497
6500
6501
6502
6504
6505
6508
6509
6510
6512
6513
6516
6517
6518
6528
6529
6532
6533
6534
6536
6537
6540
6541
6542
6560
6561
6564
6565
6566
6568
6569
6572
6573
6574
6576
6577
6580
6581
6582
6656
6657
6660
6661
6662
6664
6665
6668
6669
6670
6688
6689
6692
6693
6694
6696
6697
6700
6701
6702
6704
6705
6708
6709
6710
6720
6721
6724
6725
6726
6728
6729
6732
6733
6734
6752
6753
6756
6757
6758
6760
6761
6764
6765
6766
6768
6769
6772
6773
6774
6912
6913
6916
6917
6918
6920
6921
6924
6925
6926
6944
6945
6948
6949
6950
6952
6953
6956
6957
6958
6960
6961
6964
6965
6966
6976
6977
6980
6981
6982
6984
6985
6988
6989
6990
7008
7009
7012
7013
7014
7016
7017
7020
7021
7022
7024
7025
7028
7029
7030
7040
7041
7044
7045
7046
7048
7049
7052
7053
7054
7072
7073
7076
7077
7078
7080
7081
7084
7085
7086
7088
7089
7092
7093
7094
7168
7169
7172
7173
7174
7176
7177
7180
7181
7182
7200
7201
7204
7205
7206
7208
7209
7212
7213
7214
7216
7217
7220
7221
7222
7232
7233
7236
7237
7238
7240
7241
7244
7245
7246
7264
7265
7268
7269
7270
7272
7273
7276
7277
7278
7280
7281
7284
7285
7286
7424
7425
7428
7429
7430
7432
7433
7436
7437
7438
7456
7457
7460
7461
7462
7464
7465
7468
7469
7470
7472
7473
7476
7477
7478
7488
7489
7492
7493
7494
7496
7497
7500
7501
7502
7520
7521
7524
7525
7526
7528
7529
7532
7533
7534
7536
7537
7540
7541
7542
7552
7553
7556
7557
7558
7560
7561
7564
7565
7566
7584
7585
7588
7589
7590
7592
7593
7596
7597
7598
7600
7601
7604
7605
7606
