3
5
7
8
9
11
13
15
17
19
21
23
24
25
27
29
33
35
37
39
40
41
43
45
47
49
53
55
56
57
59
61
63
64
65
67
69
71
72
73
75
77
79
81
83
87
88
89
91
93
97
99
101
103
104
105
109
111
113
115
117
119
120
121
123
125
127
135
136
139
143
152
165
168
169
171
173
175
179
189
192
193
195
197
200
201
203
205
225
232
235
239
243
247
263
264
273
280
281
285
289
293
295
296
301
303
305
307
311
312
315
320
321
325
327
328
329
333
335
341
344
353
355
360
361
363
365
367
375
376
377
381
383
389
392
399
405
407
431
439
440
448
449
451
453
455
456
457
461
463
469
488
489
493
495
497
504
505
509
511
512
513
515
517
519
520
521
523
525
527
533
536
537
541
545
547
549
552
553
557
559
567
568
569
573
575
576
577
579
581
583
584
585
587
589
591
595
600
601
603
611
613
616
617
619
621
623
631
632
633
637
639
651
655
659
664
665
667
704
705
712
713
717
723
725
728
729
731
739
741
744
753
776
781
789
791
792
793
808
809
819
821
832
833
835
837
839
840
841
845
847
855
861
865
872
873
877
879
885
888
889
893
895
904
909
917
920
921
923
931
933
936
937
947
951
952
953
959
960
961
965
967
968
969
973
975
987
995
997
1000
1001
1003
1005
1007
1013
1015
1016
1017
1021
1023
1099
1103
1107
1112
1113
1115
1143
1144
1145
1151
1163
1167
1333
1344
1345
1347
1352
1353
1397
1421
1429
1432
1433
1536
1537
1539
1544
1545
1549
1557
1560
1561
1600
1601
1603
1608
1609
1627
1635
1637
2560
2561
2565
2567
2568
2569
2573
2575
2600
2601
2605
2607
2616
2617
2621
2623
2624
2625
2629
2631
2632
2633
2637
2639
2664
2665
2669
2671
2680
2681
2685
2687
2880
2881
2885
2887
2888
2889
2893
2895
2920
2921
2925
2927
2936
2937
2941
2943
3008
3009
3013
3015
3016
3017
3021
3023
3048
3049
3053
3055
3064
3065
3069
3071
3584
3585
3589
3591
3592
3593
3597
3599
3624
3625
3629
3631
3640
3641
3645
3647
3648
3649
3653
3655
3656
3657
3661
3663
3688
3689
3693
3695
3704
3705
3709
3711
3904
3905
3909
3911
3912
3913
3917
3919
3944
3945
3949
3951
3960
3961
3965
3967
4032
4033
4037
4039
4040
4041
4045
4047
4072
4073
4077
4079
4088
4089
4093
4095
4096
4097
4101
4103
4104
4105
4109
4111
4136
4137
4141
4143
4152
4153
4157
4159
4160
4161
4165
4167
4168
4169
4173
4175
4200
4201
4205
4207
4216
4217
4221
4223
4416
4417
4421
4423
4424
4425
4429
4431
4456
4457
4461
4463
4472
4473
4477
4479
4544
4545
4549
4551
4552
4553
4557
4559
4584
4585
4589
4591
4600
4601
4605
4607
4608
4609
4613
4615
4616
4617
4621
4623
4648
4649
4653
4655
4664
4665
4669
4671
4672
4673
4677
4679
4680
4681
4685
4687
4712
4713
4717
4719
4728
4729
4733
4735
4928
4929
4933
4935
4936
4937
4941
4943
4968
4969
4973
4975
4984
4985
4989
4991
5056
5057
5061
5063
5064
5065
5069
5071
5096
5097
5101
5103
5112
5113
5117
5119
6656
6657
6661
6663
6664
6665
6669
6671
6696
6697
6701
6703
6712
6713
6717
6719
6720
6721
6725
6727
6728
6729
6733
6735
6760
6761
6765
6767
6776
6777
6781
6783
6976
6977
6981
6983
6984
6985
6989
6991
7016
7017
7021
7023
7032
7033
7037
7039
7104
7105
7109
7111
7112
7113
7117
7119
7144
7145
7149
7151
7160
7161
7165
7167
7680
7681
7685
7687
7688
7689
7693
7695
7720
7721
7725
7727
7736
7737
7741
7743
7744
7745
7749
7751
7752
7753
7757
7759
7784
7785
7789
7791
7800
7801
7805
7807
8000
8001
8005
8007
8008
8009
8013
8015
8040
8041
8045
8047
8056
8057
8061
8063
8128
8129
8133
8135
8136
8137
8141
8143
8168
8169
8173
8175
8184
8185
8189
8191
