2
3
4
5
6
7
8
9
10
11
12
13
14
15
16
17
18
19
20
21
22
23
24
25
26
27
28
29
30
31
32
33
34
35
36
37
38
39
40
41
42
43
44
45
46
47
48
49
50
51
52
53
54
55
56
57
58
59
60
61
62
63
64
65
66
67
68
69
70
71
72
73
74
75
76
77
78
79
80
81
82
83
84
85
86
87
88
89
90
91
92
93
94
95
96
97
98
99
100
101
102
103
104
105
106
107
108
109
110
111
112
113
114
115
116
117
118
119
120
121
122
123
124
125
126
128
129
130
131
132
133
134
135
136
137
138
139
140
141
142
143
144
145
146
147
148
149
150
152
153
154
155
156
157
158
159
160
161
162
163
164
165
166
168
169
170
171
172
173
174
176
177
178
179
180
181
182
183
184
185
186
187
188
189
190
192
193
194
195
196
197
198
199
200
201
202
203
204
205
206
207
208
209
210
211
212
213
214
215
216
217
218
219
220
221
222
223
224
225
226
227
228
229
230
231
232
233
234
235
236
237
238
239
240
241
242
243
244
245
246
247
248
249
250
251
252
253
256
257
258
259
260
261
262
263
264
265
266
267
268
269
270
271
272
273
274
275
276
277
278
280
281
282
283
285
286
288
289
290
291
292
293
294
296
297
298
299
300
301
304
305
306
308
309
310
311
312
313
314
316
317
320
321
322
323
324
325
326
328
329
330
331
332
333
335
336
337
338
339
340
341
342
343
344
345
346
347
348
349
350
351
352
353
354
355
356
357
358
360
361
362
363
364
365
366
368
369
370
371
372
374
377
378
380
381
384
385
386
387
388
389
390
391
392
393
394
395
396
397
398
400
401
402
404
405
406
407
408
409
410
411
412
413
414
415
416
417
418
420
421
422
423
424
425
426
427
428
429
430
432
433
434
435
436
437
438
439
440
441
442
444
445
446
448
449
450
451
452
453
454
455
456
457
460
461
462
463
464
465
466
468
469
470
473
474
476
477
478
479
480
481
482
484
485
486
488
489
490
492
493
494
496
497
498
500
501
502
512
513
514
515
516
517
518
519
520
521
522
523
524
525
526
528
529
530
531
532
533
534
535
536
537
538
539
540
541
542
544
545
546
547
548
549
550
552
553
554
555
556
557
558
560
561
562
563
564
565
566
567
568
569
570
572
573
576
577
578
579
580
581
582
583
584
585
586
587
588
589
592
593
594
595
596
597
598
600
601
602
603
605
608
609
610
612
613
616
617
618
620
621
622
624
625
628
629
633
636
640
641
642
643
644
645
646
648
649
650
651
652
653
656
657
658
659
660
661
662
664
665
666
667
669
670
672
673
674
675
676
677
678
680
681
682
683
684
685
686
688
689
690
691
692
693
694
695
696
697
698
701
702
704
705
706
707
708
709
710
711
712
713
714
715
716
717
720
721
722
723
724
725
726
727
728
729
730
731
732
734
736
737
739
740
741
744
747
748
749
750
752
753
754
755
756
768
769
770
771
772
773
774
775
776
777
778
779
780
781
782
784
785
786
788
789
790
791
792
793
795
796
798
800
801
802
804
805
808
809
810
812
813
820
821
826
828
829
830
832
833
834
836
837
840
841
842
844
845
846
848
849
850
852
853
864
865
866
868
869
872
873
874
876
877
878
880
881
884
885
890
892
896
897
898
900
904
906
912
914
921
922
924
925
926
928
929
930
932
936
937
938
940
941
946
948
949
954
956
957
958
968
969
972
973
976
977
978
980
981
985
986
988
989
992
993
994
996
997
1000
1004
1005
1024
1025
1026
1027
1028
1029
1030
1032
1033
1034
1035
1036
1037
1040
1041
1042
1043
1044
1045
1046
1048
1049
1050
1051
1052
1053
1056
1057
1058
1059
1060
1061
1062
1064
1065
1066
1067
1068
1069
1072
1073
1074
1076
1077
1078
1082
1084
1088
1089
1090
1091
1092
1093
1094
1096
1097
1098
1099
1100
1101
1104
1105
1106
1107
1108
1109
1110
1112
1113
1114
1115
1120
1121
1122
1124
1125
1128
1129
1130
1132
1133
1152
1153
1154
1155
1156
1157
1158
1160
1161
1162
1163
1164
1165
1168
1169
1170
1171
1172
1173
1174
1176
1177
1178
1179
1184
1185
1186
1187
1188
1189
1190
1192
1193
1194
1195
1196
1197
1200
1201
1202
1204
1205
1206
1216
1217
1218
1219
1220
1221
1224
1225
1226
1227
1229
1232
1233
1234
1235
1236
1237
1240
1241
1242
1243
1244
1245
1248
1249
1250
1256
1257
1258
1261
1280
1281
1282
1283
1284
1285
1286
1288
1289
1290
1291
1292
1293
1296
1297
1298
1299
1300
1301
1302
1304
1305
1306
1307
1312
1313
1314
1315
1316
1317
1318
1320
1321
1322
1323
1324
1325
1328
1329
1330
1332
1333
1334
1338
1340
1344
1345
1346
1347
1348
1349
1350
1352
1353
1354
1355
1356
1357
1360
1361
1362
1363
1364
1365
1366
1368
1369
1370
1371
1376
1377
1378
1380
1381
1384
1385
1386
1388
1389
1396
1397
1402
1404
1408
1409
1410
1412
1413
1414
1416
1417
1418
1424
1425
1426
1428
1429
1430
1440
1441
1442
1444
1445
1446
1448
1449
1450
1456
1457
1458
1460
1461
1462
1536
1537
1538
1539
1540
1541
1544
1545
1546
1547
1552
1553
1554
1555
1556
1557
1560
1561
1562
1563
1568
1569
1570
1571
1572
1573
1576
1577
1578
1579
1600
1601
1602
1603
1604
1605
1608
1609
1610
1611
1616
1617
1618
1619
1620
1621
1624
1625
1626
1627
1640
1641
1642
1645
1652
1653
1658
1660
1664
1665
1666
1667
1668
1669
1672
1673
1674
1675
1680
1681
1682
1683
1684
1685
1688
1689
1690
1691
1692
1693
1696
1697
1698
1699
1700
1701
1704
1705
1706
1707
1709
1728
1729
1730
1731
1732
1733
1736
1737
1738
1739
1741
1744
1745
1746
1747
1748
1749
1752
1753
1754
1755
1756
1757
1760
1761
1762
1768
1769
1770
1773
1792
1793
1794
1796
1800
1801
1805
1808
1809
1812
1813
1844
1845
1850
1852
1856
1857
1858
1860
1864
1865
1869
1872
1873
1876
1877
1896
1897
1898
1901
1908
1909
1914
1916
2048
2049
2050
2051
2052
2053
2054
2056
2057
2058
2059
2060
2061
2064
2065
2066
2067
2068
2069
2070
2072
2073
2074
2075
2080
2081
2082
2083
2084
2085
2086
2088
2089
2090
2091
2092
2093
2096
2097
2098
2100
2101
2102
2112
2113
2114
2115
2116
2117
2118
2120
2121
2122
2123
2124
2125
2128
2129
2130
2131
2132
2133
2134
2136
2137
2138
2139
2144
2145
2146
2148
2149
2152
2153
2154
2156
2157
2176
2177
2178
2179
2180
2181
2182
2184
2185
2186
2187
2188
2189
2192
2193
2194
2195
2196
2197
2198
2200
2201
2202
2203
2208
2209
2210
2211
2212
2213
2214
2216
2217
2218
2219
2220
2221
2224
2225
2226
2228
2229
2230
2240
2241
2242
2243
2244
2245
2248
2249
2250
2251
2256
2257
2258
2259
2260
2261
2264
2265
2266
2267
2304
2305
2306
2307
2308
2309
2310
2312
2313
2314
2315
2316
2317
2320
2321
2322
2323
2324
2325
2326
2328
2329
2330
2331
2336
2337
2338
2339
2340
2341
2342
2344
2345
2346
2347
2348
2349
2352
2353
2354
2356
2357
2358
2368
2369
2370
2371
2372
2373
2374
2376
2377
2378
2379
2380
2381
2384
2385
2386
2387
2388
2389
2390
2392
2393
2394
2395
2400
2401
2402
2404
2405
2408
2409
2410
2412
2413
2432
2433
2434
2436
2437
2438
2440
2441
2442
2448
2449
2450
2452
2453
2454
2464
2465
2466
2468
2469
2470
2472
2473
2474
2480
2481
2482
2484
2485
2486
2560
2561
2562
2564
2565
2566
2568
2569
2570
2572
2573
2576
2577
2578
2580
2581
2582
2592
2593
2594
2596
2597
2598
2600
2601
2602
2604
2605
2608
2609
2610
2612
2613
2614
2624
2625
2626
2628
2629
2630
2632
2633
2634
2636
2637
2640
2641
2642
2644
2645
2646
2656
2657
2658
2660
2661
2664
2665
2666
2668
2669
2688
2689
2690
2692
2693
2694
2696
2697
2698
2700
2701
2704
2705
2706
2708
2709
2710
2720
2721
2722
2724
2725
2726
2728
2729
2730
2732
2733
2736
2737
2738
2740
2741
2742
2816
2817
2818
2820
2821
2824
2825
2826
2828
2829
2832
2833
2834
2836
2837
2848
2849
2850
2852
2853
2856
2857
2858
2860
2861
2880
2881
2882
2884
2885
2888
2889
2890
2892
2893
2896
2897
2898
2900
2901
2912
2913
2914
2916
2917
2920
2921
2922
2924
2925
3072
3073
3074
3076
3077
3078
3080
3081
3082
3088
3089
3090
3092
3093
3094
3104
3105
3106
3108
3109
3110
3112
3113
3114
3120
3121
3122
3124
3125
3126
3136
3137
3138
3140
3141
3142
3144
3145
3146
3152
3153
3154
3156
3157
3158
3200
3201
3202
3204
3205
3206
3208
3209
3210
3216
3217
3218
3220
3221
3222
3232
3233
3234
3236
3237
3238
3240
3241
3242
3248
3249
3250
3252
3253
3254
3328
3329
3330
3332
3333
3334
3336
3337
3338
3344
3345
3346
3348
3349
3350
3360
3361
3362
3364
3365
3366
3368
3369
3370
3376
3377
3378
3380
3381
3382
3392
3393
3394
3396
3397
3398
3400
3401
3402
3408
3409
3410
3412
3413
3414
3456
3457
3458
3460
3461
3462
3464
3465
3466
3472
3473
3474
3476
3477
3478
3488
3489
3490
3492
3493
3494
3496
3497
3498
3504
3505
3506
3508
3509
3510
4096
4097
4098
4100
4101
4102
4104
4105
4106
4108
4109
4112
4113
4114
4116
4117
4118
4128
4129
4130
4132
4133
4134
4136
4137
4138
4140
4141
4144
4145
4146
4148
4149
4150
4160
4161
4162
4164
4165
4166
4168
4169
4170
4172
4173
4176
4177
4178
4180
4181
4182
4192
4193
4194
4196
4197
4200
4201
4202
4204
4205
4224
4225
4226
4228
4229
4230
4232
4233
4234
4236
4237
4240
4241
4242
4244
4245
4246
4256
4257
4258
4260
4261
4262
4264
4265
4266
4268
4269
4272
4273
4274
4276
4277
4278
4352
4353
4354
4356
4357
4358
4360
4361
4362
4364
4365
4368
4369
4370
4372
4373
4374
4384
4385
4386
4388
4389
4390
4392
4393
4394
4396
4397
4400
4401
4402
4404
4405
4406
4416
4417
4418
4420
4421
4422
4424
4425
4426
4428
4429
4432
4433
4434
4436
4437
4438
4448
4449
4450
4452
4453
4456
4457
4458
4460
4461
4480
4481
4482
4484
4485
4486
4488
4489
4490
4496
4497
4498
4500
4501
4502
4512
4513
4514
4516
4517
4518
4520
4521
4522
4528
4529
4530
4532
4533
4534
4608
4609
4610
4612
4613
4614
4616
4617
4618
4620
4621
4624
4625
4626
4628
4629
4630
4640
4641
4642
4644
4645
4646
4648
4649
4650
4652
4653
4656
4657
4658
4660
4661
4662
4672
4673
4674
4676
4677
4678
4680
4681
4682
4684
4685
4688
4689
4690
4692
4693
4694
4704
4705
4706
4708
4709
4712
4713
4714
4716
4717
4736
4737
4738
4740
4741
4742
4744
4745
4746
4748
4749
4752
4753
4754
4756
4757
4758
4768
4769
4770
4772
4773
4774
4776
4777
4778
4780
4781
4784
4785
4786
4788
4789
4790
4864
4865
4866
4868
4869
4872
4873
4874
4876
4877
4880
4881
4882
4884
4885
4896
4897
4898
4900
4901
4904
4905
4906
4908
4909
4928
4929
4930
4932
4933
4936
4937
4938
4940
4941
4944
4945
4946
4948
4949
4960
4961
4962
4964
4965
4968
4969
4970
4972
4973
5120
5121
5122
5124
5125
5128
5129
5130
5132
5133
5136
5137
5138
5140
5141
5152
5153
5154
5156
5157
5160
5161
5162
5164
5165
5184
5185
5186
5188
5189
5192
5193
5194
5196
5197
5200
5201
5202
5204
5205
5216
5217
5218
5220
5221
5224
5225
5226
5228
5229
5248
5249
5250
5252
5253
5256
5257
5258
5260
5261
5264
5265
5266
5268
5269
5280
5281
5282
5284
5285
5288
5289
5290
5292
5293
5376
5377
5378
5380
5381
5384
5385
5386
5388
5389
5392
5393
5394
5396
5397
5408
5409
5410
5412
5413
5416
5417
5418
5420
5421
5440
5441
5442
5444
5445
5448
5449
5450
5452
5453
5456
5457
5458
5460
5461
5472
5473
5474
5476
5477
5480
5481
5482
5484
5485
6144
6145
6146
6148
6149
6152
6153
6154
6156
6157
6160
6161
6162
6164
6165
6176
6177
6178
6180
6181
6184
6185
6186
6188
6189
6208
6209
6210
6212
6213
6216
6217
6218
6220
6221
6224
6225
6226
6228
6229
6240
6241
6242
6244
6245
6248
6249
6250
6252
6253
6272
6273
6274
6276
6277
6280
6281
6282
6284
6285
6288
6289
6290
6292
6293
6304
6305
6306
6308
6309
6312
6313
6314
6316
6317
6400
6401
6402
6404
6405
6408
6409
6410
6412
6413
6416
6417
6418
6420
6421
6432
6433
6434
6436
6437
6440
6441
6442
6444
6445
6464
6465
6466
6468
6469
6472
6473
6474
6476
6477
6480
6481
6482
6484
6485
6496
6497
6498
6500
6501
6504
6505
6506
6508
6509
6656
6657
6658
6660
6661
6664
6665
6666
6668
6669
6672
6673
6674
6676
6677
6688
6689
6690
6692
6693
6696
6697
6698
6700
6701
6720
6721
6722
6724
6725
6728
6729
6730
6732
6733
6736
6737
6738
6740
6741
6752
6753
6754
6756
6757
6760
6761
6762
6764
6765
6784
6785
6786
6788
6789
6792
6793
6794
6796
6797
6800
6801
6802
6804
6805
6816
6817
6818
6820
6821
6824
6825
6826
6828
6829
6912
6913
6914
6916
6917
6920
6921
6922
6924
6925
6928
6929
6930
6932
6933
6944
6945
6946
6948
6949
6952
6953
6954
6956
6957
6976
6977
6978
6980
6981
6984
6985
6986
6988
6989
6992
6993
6994
6996
6997
7008
7009
7010
7012
7013
7016
7017
7018
7020
7021
8192
8193
8194
8196
8197
8200
8201
8202
8204
8205
8208
8209
8210
8212
8213
8224
8225
8226
8228
8229
8232
8233
8234
8236
8237
8256
8257
8258
8260
8261
8264
8265
8266
8268
8269
8272
8273
8274
8276
8277
8288
8289
8290
8292
8293
8296
8297
8298
8300
8301
8320
8321
8322
8324
8325
8328
8329
8330
8332
8333
8336
8337
8338
8340
8341
8352
8353
8354
8356
8357
8360
8361
8362
8364
8365
8448
8449
8450
8452
8453
8456
8457
8458
8460
8461
8464
8465
8466
8468
8469
8480
8481
8482
8484
8485
8488
8489
8490
8492
8493
8512
8513
8514
8516
8517
8520
8521
8522
8524
8525
8528
8529
8530
8532
8533
8544
8545
8546
8548
8549
8552
8553
8554
8556
8557
8704
8705
8706
8708
8709
8712
8713
8714
8716
8717
8720
8721
8722
8724
8725
8736
8737
8738
8740
8741
8744
8745
8746
8748
8749
8768
8769
8770
8772
8773
8776
8777
8778
8780
8781
8784
8785
8786
8788
8789
8800
8801
8802
8804
8805
8808
8809
8810
8812
8813
8832
8833
8834
8836
8837
8840
8841
8842
8844
8845
8848
8849
8850
8852
8853
8864
8865
8866
8868
8869
8872
8873
8874
8876
8877
8960
8961
8962
8964
8965
8968
8969
8970
8972
8973
8976
8977
8978
8980
8981
8992
8993
8994
8996
8997
9000
9001
9002
9004
9005
9024
9025
9026
9028
9029
9032
9033
9034
9036
9037
9040
9041
9042
9044
9045
9056
9057
9058
9060
9061
9064
9065
9066
9068
9069
9216
9217
9218
9220
9221
9224
9225
9226
9228
9229
9232
9233
9234
9236
9237
9248
9249
9250
9252
9253
9256
9257
9258
9260
9261
9280
9281
9282
9284
9285
9288
9289
9290
9292
9293
9296
9297
9298
9300
9301
9312
9313
9314
9316
9317
9320
9321
9322
9324
9325
9344
9345
9346
9348
9349
9352
9353
9354
9356
9357
9360
9361
9362
9364
9365
9376
9377
9378
9380
9381
9384
9385
9386
9388
9389
9472
9473
9474
9476
9477
9480
9481
9482
9484
9485
9488
9489
9490
9492
9493
9504
9505
9506
9508
9509
9512
9513
9514
9516
9517
9536
9537
9538
9540
9541
9544
9545
9546
9548
9549
9552
9553
9554
9556
9557
9568
9569
9570
9572
9573
9576
9577
9578
9580
9581
