2
4
5
6
7
8
9
10
11
12
13
14
15
16
17
18
19
20
21
25
26
28
29
31
32
33
34
35
36
37
38
39
40
41
42
43
44
45
46
47
48
49
51
52
53
54
55
56
57
58
59
60
61
62
63
64
65
66
67
68
69
70
71
72
73
74
75
76
77
78
79
80
81
82
83
84
85
86
87
88
89
90
91
92
93
94
95
96
97
99
100
101
102
103
104
105
106
108
109
110
111
112
113
116
117
118
119
120
121
122
123
124
125
126
127
128
129
130
131
132
133
135
136
137
138
140
141
144
145
146
151
159
160
161
164
165
168
169
220
224
225
228
251
252
253
256
257
260
261
264
265
269
284
288
289
292
293
296
297
299
301
308
312
313
315
316
319
320
321
324
325
328
329
333
339
344
345
347
351
352
353
355
357
359
360
361
363
364
365
367
371
372
376
377
379
380
383
384
385
390
391
392
393
394
395
397
398
399
403
404
408
409
411
412
415
416
417
419
420
432
433
435
436
438
439
440
441
442
443
446
447
448
449
454
455
456
457
458
459
460
462
463
464
465
467
468
470
471
472
473
474
475
478
479
480
481
483
496
497
500
502
503
504
505
506
507
508
510
511
512
513
516
517
518
519
520
521
522
523
524
525
526
527
532
533
540
544
545
548
549
551
552
553
555
556
557
559
560
561
563
564
566
567
568
569
570
571
572
574
575
576
577
580
581
582
583
584
585
586
587
588
589
590
591
592
593
596
597
598
599
600
601
602
603
606
607
608
609
611
612
613
616
617
620
621
624
625
628
629
630
631
632
633
634
635
638
639
640
641
646
647
648
649
650
651
654
655
663
671
672
673
676
677
680
681
684
685
688
689
692
693
694
695
696
697
698
699
702
703
704
705
710
711
712
713
714
715
718
719
720
721
723
724
726
727
728
729
730
731
734
735
748
749
752
753
756
757
758
759
760
761
762
763
764
766
767
768
769
775
776
777
780
781
783
787
788
789
791
792
793
799
800
801
804
805
807
808
809
812
815
819
832
833
840
841
844
845
847
852
853
855
863
864
865
868
869
872
873
896
897
902
903
904
905
906
907
910
911
919
927
928
929
932
933
936
937
940
941
944
945
948
949
950
951
952
953
954
955
958
959
960
961
966
967
968
969
970
971
972
973
974
975
976
977
980
981
982
983
984
985
986
987
990
991
1004
1005
1008
1009
1012
1013
1014
1015
1016
1017
1018
1019
1022
1023
1196
1197
1204
1205
1207
1208
1209
1215
1260
1261
1268
1269
1271
1272
1273
1279
1280
1281
1288
1289
1292
1293
1295
1300
1301
1303
1311
1312
1313
1316
1317
1320
1321
1344
1345
1352
1353
1356
1357
1359
1364
1365
