2
4
5
6
7
8
9
10
11
12
13
14
15
16
17
18
29
30
31
32
33
34
35
36
37
38
39
40
41
42
43
44
45
46
47
48
49
50
51
52
53
54
55
56
57
58
59
60
61
62
63
64
65
66
67
68
69
70
71
72
73
74
75
76
77
78
79
80
81
82
83
84
86
87
88
89
90
91
92
93
94
95
96
97
98
100
102
103
104
105
106
107
108
109
110
111
112
114
116
117
118
119
120
121
122
123
124
125
127
128
129
130
136
137
138
140
143
144
145
146
256
257
260
261
262
264
265
288
289
292
293
294
296
297
304
305
306
308
310
312
313
314
316
317
318
320
321
324
325
326
328
329
342
346
348
349
350
351
352
353
356
359
364
366
367
368
369
372
374
376
377
378
380
381
382
384
385
388
389
390
391
392
393
394
395
396
397
400
401
402
406
410
412
413
414
415
416
417
420
432
433
434
438
439
440
441
442
443
444
445
448
449
454
455
456
457
458
459
460
461
462
464
465
466
468
470
471
472
473
474
475
476
477
478
479
480
481
484
485
486
487
488
489
490
491
492
493
494
495
496
497
498
512
513
514
516
517
518
519
520
521
522
523
524
525
527
528
529
530
544
545
548
549
550
551
552
553
556
558
559
560
561
562
564
566
567
568
569
570
571
572
573
574
576
577
578
580
581
582
583
584
585
586
587
588
589
590
591
592
593
594
596
598
599
600
601
602
603
604
605
607
608
609
610
612
614
615
616
617
618
619
620
621
622
623
624
625
628
631
632
633
634
636
640
641
642
646
647
648
649
650
651
652
653
654
655
656
657
658
660
662
663
671
672
673
676
679
684
686
687
688
689
692
694
695
696
697
698
699
700
701
702
704
705
710
711
712
713
714
715
716
717
720
721
726
727
728
729
730
731
732
733
736
737
742
743
744
745
746
747
748
749
756
759
760
761
762
764
768
769
770
774
775
776
777
778
779
780
781
783
784
785
786
791
799
800
801
802
804
807
812
816
817
820
822
823
824
825
826
827
828
829
832
833
838
839
840
841
842
843
844
845
848
849
854
855
856
857
858
859
860
861
863
864
865
866
868
870
871
872
873
874
875
876
877
919
927
928
929
930
932
935
940
948
951
952
953
954
956
960
961
962
968
969
970
972
975
976
977
978
983
991
992
993
994
996
999
1024
1025
1026
1032
1033
1034
1036
1039
1040
1041
1042
1088
1089
1090
1096
1097
1098
1100
1103
1104
1105
1106
1111
1119
1120
1121
1122
1124
1127
1132
1140
1143
1144
1145
1146
1148
1152
1153
1154
1160
1161
1162
1164
1167
1168
1169
1170
