2
3
4
6
8
9
10
11
12
14
16
17
18
19
20
21
22
24
25
26
27
28
29
30
32
33
34
35
36
38
41
42
43
44
45
46
48
49
50
51
52
54
57
58
59
60
61
62
64
65
66
67
68
69
70
72
73
74
75
76
77
78
80
81
82
83
84
85
88
89
90
91
92
93
94
96
97
98
99
112
114
118
121
122
123
126
128
129
130
131
132
134
136
138
139
140
141
142
144
145
146
147
148
149
150
152
153
154
155
160
161
162
163
166
168
169
171
174
176
177
179
180
181
182
185
186
187
188
189
190
192
193
194
195
196
198
200
201
202
203
204
205
206
208
209
210
211
212
213
214
216
217
218
219
220
221
224
225
226
227
228
230
232
233
234
235
240
242
243
244
245
249
250
251
252
253
256
257
258
259
260
264
265
266
268
272
273
275
280
281
288
289
290
291
292
298
299
306
307
326
328
336
342
344
347
355
356
358
361
362
363
366
368
369
371
373
374
377
378
382
384
385
386
387
390
392
393
395
400
401
405
408
409
411
414
422
430
432
433
435
438
441
442
443
449
450
451
456
457
458
459
464
466
469
470
472
473
475
476
477
480
481
482
488
489
492
494
496
497
505
507
508
509
512
513
514
515
516
518
520
521
522
523
524
525
526
528
530
531
532
533
534
536
537
538
539
540
541
544
545
546
547
549
552
553
555
558
560
561
563
566
569
573
576
577
578
579
581
582
584
585
587
596
597
602
603
604
605
609
610
611
614
616
617
624
627
635
640
641
643
646
648
651
657
664
665
666
667
672
673
674
675
680
681
684
692
693
694
697
700
701
704
705
708
712
716
720
721
725
728
729
730
731
733
736
737
738
739
744
745
746
747
748
754
755
756
757
764
765
768
769
772
776
777
780
784
785
792
793
810
811
818
819
896
897
907
910
937
976
978
984
1008
1022
1024
1025
1026
1027
1032
1033
1040
1041
1042
1043
1046
1048
1049
1062
1081
1082
1083
1086
1088
1089
1098
1104
1105
1106
1140
1141
1145
1146
1147
1148
1152
1153
1154
1155
1156
1162
1165
1168
1170
1171
1176
1177
1179
1192
1195
1197
1204
1205
1209
1211
1216
1217
1219
1222
1224
1225
1233
1235
1240
1241
1243
1251
1254
1258
1259
1267
1273
1277
1280
1281
1288
1289
1292
1297
1300
1301
1305
1307
1308
1309
1316
1323
1324
1333
1337
1340
1341
1344
1345
1352
1353
1357
1358
1363
1364
1365
1366
1368
1369
1371
1372
1373
1387
1398
1406
1408
1409
1414
1416
1417
1419
1422
1425
1427
1430
1432
1435
1440
1441
1448
1449
1456
1457
1458
1460
1461
1468
1469
1480
1482
1483
1484
1488
1490
1496
1501
1504
1505
1512
1513
1524
1525
1532
1533
1536
1537
1538
1539
1542
1544
1545
1546
1547
1548
1552
1553
1554
1555
1558
1560
1561
1563
1568
1569
1572
1582
1584
1585
1590
1593
1594
1596
1600
1601
1603
1606
1608
1609
1613
1620
1621
1624
1625
1629
1630
1632
1633
1642
1643
1648
1649
1650
1651
1652
1653
1657
1660
1664
1665
1672
1673
1677
1683
1688
1689
1691
1706
1707
1714
1715
1721
1728
1729
1731
1734
1736
1737
1747
1752
1753
1755
1756
1760
1761
1764
1792
1793
1800
1801
1812
1813
1817
1820
1821
1824
1825
1828
1833
1840
1841
1856
1857
1864
1865
1872
1873
1876
1877
1880
1881
1884
1885
1910
1936
1937
1938
1944
1945
1952
1953
1960
1961
1972
1973
1980
1981
1992
1994
1995
2002
2008
2014
2016
2017
2024
2025
2036
2037
2044
2045
2048
2049
2052
2056
2057
2059
2060
2062
2067
2080
2081
2084
2109
2112
2113
2117
2120
2121
2141
2144
2145
2154
2155
2162
2163
2176
2177
2184
2185
2218
2219
2226
2227
2240
2241
2244
2248
2249
2252
2276
2304
2305
2308
2312
2313
2316
2336
2337
2340
2384
2385
2392
2393
2448
2449
2456
2457
2857
2864
2894
2902
2926
2928
2929
2934
2944
2945
2947
2950
2952
2953
2961
2968
2969
2974
2982
2990
2992
2993
2998
3006
3011
3025
3072
3073
3075
3078
3080
3081
3091
3096
3097
3099
3118
3120
3121
3123
3126
3129
3136
3137
3138
3139
3142
3144
3145
3185
3187
3193
3208
3222
3227
3243
3249
3251
3258
3259
3264
3265
3266
3267
3272
3294
3307
3310
3312
3313
3315
3318
3331
3339
3358
3369
3376
3438
3440
3441
3446
3456
3457
3459
3462
3464
3465
3486
3502
3504
3505
3510
3513
3528
3529
3577
3633
3635
3641
3644
3648
3649
3650
3651
3656
3657
3661
3668
3669
3697
3699
3700
3701
3705
3708
3725
3760
3784
3787
3790
3800
3801
3804
3808
3809
3840
3841
3848
3857
3860
3861
3865
3867
3868
3902
3912
4096
4097
4098
4099
4102
4104
4105
4110
4112
4114
4115
4116
4117
4118
4120
4121
4122
4123
4124
4125
4130
4131
4142
4144
4145
4147
4150
4153
4156
4160
4161
4162
4163
4166
4168
4169
4173
4180
4181
4186
4187
4188
4189
4194
4195
4208
4218
4219
4222
4224
4225
4226
4227
4234
4240
4242
4243
4248
4249
4251
4256
4257
4264
4265
4267
4272
4273
4275
4276
4277
4282
4283
4284
4285
4288
4289
4290
4291
4294
4296
4297
4304
4305
4307
4312
4313
4315
4316
4320
4321
4328
4329
4330
4331
4338
4339
4340
4341
4348
4349
4368
4369
4376
4377
4394
4395
4402
4403
4462
4464
4465
4470
4480
4481
4483
4486
4488
4489
4504
4510
4526
4528
4529
4534
4537
4552
4553
4608
4609
4610
4611
4614
4616
4617
4624
4626
4627
4628
4629
4632
4633
4634
4635
4636
4637
4642
4643
4654
4656
4657
4659
4662
4665
4672
4673
4674
4675
4678
4680
4681
4692
4693
4698
4699
4700
4701
4706
4707
4768
4769
4776
4777
4781
4788
4789
4796
4797
4816
4817
4824
4825
4832
4833
4840
4841
4842
4843
4845
4850
4851
4852
4853
4860
4861
4880
4881
4888
4889
4906
4907
4914
4915
4921
4924
4928
4929
4941
4948
4949
4980
4981
4985
4988
5005
5236
5237
5241
5244
5261
5293
5300
5301
5376
5377
5384
5385
5396
5397
5401
5404
5405
5433
5436
5440
5441
5448
5449
5453
5460
5461
5468
5469
5536
5537
5544
5545
5556
5557
5564
5565
5600
5601
5608
5609
5620
5621
5628
5629
5738
5739
5746
5747
5760
5761
5768
5769
5802
5803
5810
5811
5824
5825
5832
5833
5888
5889
5896
5897
5908
5909
5916
5917
5952
5953
5960
5961
5968
5969
5972
5973
5976
5977
5980
5981
6032
6033
6040
6041
6048
6049
6056
6057
6068
6069
6076
6077
6112
6113
6120
6121
6132
6133
6140
6141
6250
6251
6258
6259
6272
6273
6280
6281
6314
6315
6322
6323
6336
6337
6344
6345
6480
6481
6488
6489
6544
6545
6552
6553
9363
9368
9369
9371
9387
9408
9409
9411
9414
9416
9417
9427
9432
9433
9435
9515
9555
9560
9561
9563
9579
9728
9729
9731
9734
9736
9737
9747
9752
9753
9755
9774
9776
9777
9782
9792
9793
9795
9798
9800
9801
9875
9880
9881
9883
9899
9920
9921
9923
9926
9928
9929
9939
9944
9945
9947
10240
10241
10248
10249
10260
10261
10268
10269
10304
10305
10312
10313
10324
10325
10332
10333
10400
10401
10408
10409
10420
10421
10428
10429
10464
10465
10472
10473
10484
10485
10492
10493
10539
10579
10584
10585
10587
10603
10731
10752
10753
10760
10761
10772
10773
10780
10781
10816
10817
10824
10825
10836
10837
10844
10845
10899
10904
10905
10907
10912
10913
10920
10921
10923
10932
10933
10940
10941
10944
10945
10947
10950
10952
10953
10963
10968
10969
10971
10976
10977
10984
10985
10996
10997
11004
11005
11051
11091
11096
11097
11099
11115
11520
11521
11528
11529
11540
11541
11548
11549
11584
11585
11592
11593
11604
11605
11612
11613
11680
11681
11688
11689
11700
11701
11708
11709
11744
11745
11752
11753
11764
11765
11772
11773
12032
12033
12040
12041
12052
12053
12060
12061
12096
12097
12104
12105
12116
12117
12124
12125
12192
12193
12200
12201
12212
12213
12220
12221
12256
12257
12264
12265
12276
12277
12284
12285
12288
12289
12291
12294
12296
12297
12307
12312
12313
12315
12334
12336
12337
12342
12352
12353
12355
12358
12360
12361
12435
12440
12441
12443
12459
12480
12481
12483
12486
12488
12489
12499
12504
12505
12507
12654
12656
12657
12662
12672
12673
12675
12678
12680
12681
12702
12718
12720
12721
12726
12800
12801
12803
12806
12808
12809
12819
12824
12825
12827
12846
12848
12849
12854
12864
12865
12867
12870
12872
12873
13136
13137
13144
13145
13200
13201
13208
13209
13312
13313
13320
13321
13338
13339
13346
13347
13376
13377
13384
13385
13402
13403
13410
13411
13459
13464
13465
13467
13483
13504
13505
13507
13510
13512
13513
13523
13528
13529
13531
13611
13648
13649
13651
13656
13657
13659
13675
13712
13713
13720
13721
13824
13825
13827
13830
13832
13833
13843
13848
13849
13850
13851
13858
13859
13870
13872
13873
13878
13888
13889
13891
13894
13896
13897
13914
13915
13922
13923
13971
13976
13977
13979
13995
14016
14017
14019
14022
14024
14025
14035
14040
14041
14043
14336
14337
14344
14345
14356
14357
14364
14365
14400
14401
14408
14409
14420
14421
14428
14429
14496
14497
14504
14505
14516
14517
14524
14525
14560
14561
14568
14569
14580
14581
14588
14589
14746
14747
14754
14755
14810
14811
14818
14819
14848
14849
14856
14857
14868
14869
14876
14877
14912
14913
14920
14921
14932
14933
14940
14941
14954
14955
14962
14963
14976
14977
14984
14985
15008
15009
15016
15017
15018
15019
15026
15027
15028
15029
15036
15037
15040
15041
15048
15049
15072
15073
15080
15081
15092
15093
15100
15101
15258
15259
15266
15267
15322
15323
15330
15331
15466
15467
15474
15475
15488
15489
15496
15497
15530
15531
15538
15539
15552
15553
15560
15561
15616
15617
15624
15625
15636
15637
15644
15645
15680
15681
15688
15689
15700
15701
15708
15709
15776
15777
15784
15785
15796
15797
15804
15805
15840
15841
15848
15849
15860
15861
15868
15869
16128
16129
16136
16137
16148
16149
16156
16157
16192
16193
16200
16201
16212
16213
16220
16221
16288
16289
16296
16297
16308
16309
16316
16317
16352
16353
16360
16361
16372
16373
16380
16381
17232
17233
17240
17241
17296
17297
17304
17305
17408
17409
17416
17417
17434
17435
17442
17443
17472
17473
17480
17481
17498
17499
17506
17507
17744
17745
17752
17753
17808
17809
17816
17817
17920
17921
17928
17929
17946
17947
17954
17955
17984
17985
17992
17993
18010
18011
18018
18019
18842
18843
18850
18851
18906
18907
18914
18915
19050
19051
19058
19059
19072
19073
19080
19081
19114
19115
19122
19123
19136
19137
19144
19145
19354
19355
19362
19363
19418
19419
19426
19427
19562
19563
19570
19571
19584
19585
19592
19593
19626
19627
19634
19635
19648
19649
19656
19657
32768
32769
32776
32777
32788
32789
32796
32797
32832
32833
32840
32841
32852
32853
32860
32861
32928
32929
32936
32937
32948
32949
32956
32957
32992
32993
33000
33001
33012
33013
33020
33021
33280
33281
33288
33289
33300
33301
33308
33309
33344
33345
33352
33353
33364
33365
33372
33373
33440
33441
33448
33449
33460
33461
33468
33469
33504
33505
33512
33513
33524
33525
33532
33533
34048
34049
34056
34057
34068
34069
34076
34077
34112
34113
34120
34121
34132
34133
34140
34141
34208
34209
34216
34217
34228
34229
34236
34237
34272
34273
34280
34281
34292
34293
34300
34301
34560
34561
34568
34569
34580
34581
34588
34589
34624
34625
34632
34633
34644
34645
34652
34653
34720
34721
34728
34729
34740
34741
34748
34749
34784
34785
34792
34793
34804
34805
34812
34813
36864
36865
36872
36873
36884
36885
36892
36893
36928
36929
36936
36937
36948
36949
36956
36957
37024
37025
37032
37033
37044
37045
37052
37053
37088
37089
37096
37097
37108
37109
37116
37117
37376
37377
37384
37385
37396
37397
37404
37405
37440
37441
37448
37449
37460
37461
37468
37469
37536
37537
37544
37545
37556
37557
37564
37565
37600
37601
37608
37609
37620
37621
37628
37629
38144
38145
38152
38153
38164
38165
38172
38173
38208
38209
38216
38217
38228
38229
38236
38237
38304
38305
38312
38313
38324
38325
38332
38333
38368
38369
38376
38377
38388
38389
38396
38397
38656
38657
38664
38665
38676
38677
38684
38685
38720
38721
38728
38729
38740
38741
38748
38749
38816
38817
38824
38825
38836
38837
38844
38845
38880
38881
38888
38889
38900
38901
38908
38909
43008
43009
43016
43017
43028
43029
43036
43037
43072
43073
43080
43081
43092
43093
43100
43101
43168
43169
43176
43177
43188
43189
43196
43197
43232
43233
43240
43241
43252
43253
43260
43261
43520
43521
43528
43529
43540
43541
43548
43549
43584
43585
43592
43593
43604
43605
43612
43613
43680
43681
43688
43689
43700
43701
43708
43709
43744
43745
43752
43753
43764
43765
43772
43773
44288
44289
44296
44297
44308
44309
44316
44317
44352
44353
44360
44361
44372
44373
44380
44381
44448
44449
44456
44457
44468
44469
44476
44477
44512
44513
44520
44521
44532
44533
44540
44541
44800
44801
44808
44809
44820
44821
44828
44829
44864
44865
44872
44873
44884
44885
44892
44893
44960
44961
44968
44969
44980
44981
44988
44989
45024
45025
45032
45033
45044
45045
45052
45053
47104
47105
47112
47113
47124
47125
47132
47133
47168
47169
47176
47177
47188
47189
47196
47197
47264
47265
47272
47273
47284
47285
47292
47293
47328
47329
47336
47337
47348
47349
47356
47357
47616
47617
47624
47625
47636
47637
47644
47645
47680
47681
47688
47689
47700
47701
47708
47709
47776
47777
47784
47785
47796
47797
47804
47805
47840
47841
47848
47849
47860
47861
47868
47869
48384
48385
48392
48393
48404
48405
48412
48413
48448
48449
48456
48457
48468
48469
48476
48477
48544
48545
48552
48553
48564
48565
48572
48573
48608
48609
48616
48617
48628
48629
48636
48637
48896
48897
48904
48905
48916
48917
48924
48925
48960
48961
48968
48969
48980
48981
48988
48989
49056
49057
49064
49065
49076
49077
49084
49085
49120
49121
49128
49129
49140
49141
49148
49149
