2
3
4
5
8
9
10
11
12
13
14
15
16
17
18
19
20
21
22
24
25
26
27
29
30
31
32
33
34
35
36
37
38
40
41
42
43
46
47
49
50
51
52
53
54
57
58
59
60
61
62
64
65
66
67
68
69
72
73
74
75
76
77
78
79
80
81
82
84
85
86
88
89
90
91
96
97
98
100
104
108
109
111
112
113
114
116
117
118
120
121
122
124
125
126
127
128
129
130
131
132
133
134
136
137
138
141
143
144
145
146
148
149
150
154
160
161
162
164
165
168
169
170
171
176
177
178
180
181
182
185
187
188
189
190
192
193
194
196
198
200
201
202
203
208
209
210
211
212
216
219
221
222
223
225
226
227
228
229
232
233
234
235
236
237
239
240
241
242
244
245
246
248
249
250
251
252
253
256
257
258
260
261
264
265
266
267
271
272
273
274
276
277
280
281
285
288
289
290
291
292
293
296
297
298
299
301
304
305
306
307
308
310
314
320
321
322
324
325
328
329
330
331
336
337
338
340
341
342
344
345
346
347
372
376
379
380
382
383
385
387
392
393
394
395
396
397
398
399
403
404
408
410
413
416
417
418
419
421
424
427
431
436
441
442
444
445
446
449
450
452
456
457
458
461
463
464
465
467
468
469
470
472
473
474
477
478
479
480
481
482
483
484
488
490
492
493
495
496
497
500
505
506
507
508
512
513
514
515
516
517
520
521
522
523
524
525
527
528
529
530
531
532
533
534
536
537
538
541
544
545
546
548
549
552
553
554
555
557
561
562
564
566
569
570
572
573
576
577
578
579
580
581
584
585
586
587
589
592
593
594
596
597
598
600
601
602
603
605
609
610
613
614
616
617
618
627
633
634
640
641
642
644
645
648
649
650
651
656
657
658
660
661
662
666
672
673
674
676
677
680
681
682
683
688
689
690
692
693
694
704
705
708
709
712
713
714
715
720
721
724
725
728
729
730
731
788
794
820
821
832
833
834
836
837
842
872
877
879
884
885
888
890
892
904
912
916
928
929
930
936
948
949
960
961
962
964
965
968
969
976
977
985
986
992
1024
1025
1026
1032
1033
1034
1037
1039
1040
1041
1042
1044
1045
1046
1062
1069
1072
1073
1076
1077
1081
1088
1089
1090
1092
1093
1096
1097
1098
1104
1105
1106
1108
1109
1110
1114
1128
1133
1135
1138
1140
1141
1144
1145
1146
1152
1153
1154
1158
1160
1161
1162
1165
1167
1168
1169
1170
1172
1173
1174
1184
1185
1186
1192
1193
1194
1197
1200
1201
1202
1204
1205
1206
1209
1210
1254
1261
1266
1268
1280
1281
1282
1288
1289
1290
1296
1297
1298
1300
1301
1302
1344
1345
1346
1352
1353
1354
1360
1361
1362
1364
1365
1366
1408
1409
1410
1416
1417
1418
1424
1425
1426
1428
1429
1430
1440
1441
1442
1448
1449
1450
1456
1457
1458
1460
1461
1462
1480
1482
1496
1508
1514
1516
1519
1520
1521
1536
1537
1539
1544
1548
1551
1555
1568
1569
1610
1613
1616
1629
1630
1642
1664
1665
1668
1672
1673
1676
1679
1683
1684
1690
1692
1696
1697
1698
1699
1706
1707
1723
1726
1728
1729
1740
1742
1762
1764
1780
1786
1800
1805
1808
1821
1824
1825
1828
1834
1841
1844
1849
1850
1852
1853
1856
1857
1859
1866
1868
1870
1872
1873
1874
1876
1881
1882
1884
1885
1886
1888
1889
1891
1892
1896
1898
1901
1908
1912
1914
1915
1916
1920
1921
1923
1928
1936
1937
1938
1940
1954
1955
1957
1962
1963
1968
1972
1978
1979
1981
1982
1984
1985
1989
1992
2000
2004
2008
2014
2016
2017
2018
2019
2020
2025
2048
2049
2052
2053
2056
2057
2058
2059
2074
2077
2080
2081
2082
2084
2085
2088
2089
2090
2091
2100
2105
2106
2108
2109
2110
2112
2113
2115
2116
2117
2120
2121
2122
2123
2128
2129
2132
2133
2136
2137
2138
2139
2154
2169
2176
2177
2178
2180
2184
2185
2202
2208
2209
2210
2218
2230
2233
2245
2248
2273
2274
2276
2280
2285
2292
2304
2305
2308
2309
2312
2313
2314
2315
2333
2336
2337
2340
2341
2344
2345
2346
2347
2353
2355
2356
2362
2368
2369
2372
2373
2376
2377
2378
2379
2384
2385
2388
2389
2392
2393
2394
2395
2397
2401
2402
2410
2417
2418
2419
2420
2425
2426
2440
2448
2449
2450
2451
2456
2461
2464
2465
2468
2474
2480
2486
2489
2530
2538
2560
2561
2564
2565
2568
2569
2570
2571
2592
2593
2594
2596
2597
2600
2601
2602
2603
2609
2610
2614
2624
2625
2628
2629
2632
2633
2634
2635
2640
2641
2644
2645
2648
2649
2650
2651
2688
2689
2692
2693
2696
2697
2698
2699
2720
2721
2724
2725
2728
2729
2730
2731
2752
2753
2756
2757
2760
2761
2762
2763
2768
2769
2772
2773
2776
2777
2778
2779
3121
3129
3136
3137
3138
3185
3220
3226
3232
3249
3257
3258
3260
3277
3279
3280
3281
3284
3285
3293
3295
3306
3328
3329
3330
3332
3336
3337
3341
3343
3344
3345
3346
3348
3380
3381
3392
3393
3394
3396
3397
3405
3407
3412
3413
3421
3423
3482
3488
3489
3490
3508
3513
3514
3516
3524
3528
3536
3537
3540
3546
3552
3553
3554
3572
3577
3610
3616
3633
3641
3642
3648
3649
3650
3656
3657
3661
3688
3690
3693
3695
3698
3700
3701
3704
3705
3706
3712
3713
3714
3716
3718
3720
3721
3738
3744
3745
3746
3752
3754
3757
3762
3764
3769
3770
3784
3785
3789
3791
3792
3793
3796
3797
3801
3802
3805
3807
3816
3818
3821
3823
3828
3829
3832
3840
3841
3844
3848
3849
3856
3857
3860
3908
3914
3956
3962
3964
4000
4025
4036
4040
4096
4097
4098
4100
4101
4104
4105
4106
4107
4109
4111
4112
4113
4114
4116
4117
4118
4122
4128
4129
4130
4132
4133
4136
4137
4138
4139
4145
4148
4149
4153
4154
4156
4160
4161
4162
4164
4165
4168
4169
4170
4171
4173
4176
4177
4178
4180
4181
4182
4184
4185
4186
4187
4200
4205
4207
4209
4210
4212
4213
4216
4217
4218
4220
4224
4225
4226
4230
4232
4233
4234
4237
4239
4240
4241
4242
4244
4245
4246
4256
4257
4258
4264
4265
4266
4272
4273
4274
4276
4277
4278
4301
4303
4304
4305
4308
4309
4317
4319
4330
4352
4353
4354
4356
4357
4360
4361
4362
4363
4365
4367
4368
4369
4370
4372
4384
4385
4388
4389
4392
4393
4394
4395
4404
4405
4416
4417
4418
4420
4421
4424
4425
4426
4427
4429
4431
4432
4433
4436
4437
4440
4441
4442
4443
4445
4447
4506
4512
4513
4514
4532
4538
4540
4552
4553
4560
4561
4564
4569
4570
4576
4577
4578
4608
4609
4610
4612
4613
4616
4617
4618
4619
4624
4625
4626
4628
4629
4630
4634
4640
4641
4642
4644
4645
4648
4649
4650
4651
4660
4665
4666
4668
4672
4673
4674
4676
4677
4680
4681
4682
4683
4685
4688
4689
4690
4692
4693
4694
4696
4697
4698
4699
4710
4712
4713
4736
4737
4738
4740
4741
4744
4745
4746
4747
4752
4753
4754
4756
4757
4758
4768
4769
4770
4772
4773
4776
4777
4778
4779
4781
4784
4785
4786
4788
4789
4790
4793
4794
4800
4801
4804
4805
4808
4809
4810
4811
4816
4817
4820
4821
4824
4825
4826
4827
4838
4845
4850
4852
4902
4909
4912
4921
4922
4928
4929
4930
4936
4937
4941
5120
5121
5122
5124
5125
5128
5129
5130
5131
5136
5137
5138
5140
5141
5142
5152
5153
5156
5157
5160
5161
5162
5163
5184
5185
5186
5188
5189
5192
5193
5194
5195
5200
5201
5202
5204
5205
5206
5208
5209
5210
5211
5248
5249
5250
5256
5257
5258
5264
5265
5266
5268
5269
5270
5280
5281
5282
5288
5289
5290
5296
5297
5298
5300
5301
5302
5376
5377
5378
5380
5381
5384
5385
5386
5387
5392
5393
5394
5396
5397
5398
5408
5409
5412
5413
5416
5417
5418
5419
5440
5441
5442
5444
5445
5448
5449
5450
5451
5456
5457
5458
5460
5461
5462
5464
5465
5466
5467
5504
5505
5506
5512
5513
5514
5520
5521
5522
5524
5525
5526
5536
5537
5538
5544
5545
5546
5552
5553
5554
5556
5557
5558
5632
5633
5636
5637
5640
5641
5642
5643
5664
5665
5668
5669
5672
5673
5674
5675
5696
5697
5700
5701
5704
5705
5706
5707
5712
5713
5716
5717
5720
5721
5722
5723
5760
5761
5764
5765
5768
5769
5770
5771
5792
5793
5796
5797
5800
5801
5802
5803
5824
5825
5828
5829
5832
5833
5834
5835
5840
5841
5844
5845
5848
5849
5850
5851
8192
8193
8194
8200
8201
8202
8208
8209
8210
8212
8213
8214
8256
8257
8258
8264
8265
8266
8272
8273
8274
8276
8277
8278
8320
8321
8322
8328
8329
8330
8336
8337
8338
8340
8341
8342
8352
8353
8354
8360
8361
8362
8368
8369
8370
8372
8373
8374
8704
8705
8706
8712
8713
8714
8720
8721
8722
8724
8725
8726
8768
8769
8770
8776
8777
8778
8784
8785
8786
8788
8789
8790
8832
8833
8834
8840
8841
8842
8848
8849
8850
8852
8853
8854
8864
8865
8866
8872
8873
8874
8880
8881
8882
8884
8885
8886
9216
9217
9218
9224
9225
9226
9232
9233
9234
9236
9237
9238
9280
9281
9282
9288
9289
9290
9296
9297
9298
9300
9301
9302
9344
9345
9346
9352
9353
9354
9360
9361
9362
9364
9365
9366
9376
9377
9378
9384
9385
9386
9392
9393
9394
9396
9397
9398
9472
9473
9474
9480
9481
9482
9488
9489
9490
9492
9493
9494
9536
9537
9538
9544
9545
9546
9552
9553
9554
9556
9557
9558
9600
9601
9602
9608
9609
9610
9616
9617
9618
9620
9621
9622
9632
9633
9634
9640
9641
9642
9648
9649
9650
9652
9653
9654
10240
10241
10242
10248
10249
10250
10256
10257
10258
10260
10261
10262
10304
10305
10306
10312
10313
10314
10320
10321
10322
10324
10325
10326
10368
10369
10370
10376
10377
10378
10384
10385
10386
10388
10389
10390
10400
10401
10402
10408
10409
10410
10416
10417
10418
10420
10421
10422
10752
10753
10754
10760
10761
10762
10768
10769
10770
10772
10773
10774
10816
10817
10818
10824
10825
10826
10832
10833
10834
10836
10837
10838
10880
10881
10882
10888
10889
10890
10896
10897
10898
10900
10901
10902
10912
10913
10914
10920
10921
10922
10928
10929
10930
10932
10933
10934
11264
11265
11266
11272
11273
11274
11280
11281
11282
11284
11285
11286
11328
11329
11330
11336
11337
11338
11344
11345
11346
11348
11349
11350
11392
11393
11394
11400
11401
11402
11408
11409
11410
11412
11413
11414
11424
11425
11426
11432
11433
11434
11440
11441
11442
11444
11445
11446
11520
11521
11522
11528
11529
11530
11536
11537
11538
11540
11541
11542
11584
11585
11586
11592
11593
11594
11600
11601
11602
11604
11605
11606
11648
11649
11650
11656
11657
11658
11664
11665
11666
11668
11669
11670
11680
11681
11682
11688
11689
11690
11696
11697
11698
11700
11701
11702
13108
13114
13116
13136
13137
13140
13162
13172
13178
13180
13312
13313
13316
13320
13321
13338
13344
13345
13346
13364
13370
13372
13376
13377
13380
13384
13385
13520
13521
13524
13546
13568
13569
13572
13576
13577
13584
13585
13588
13620
13626
13628
13648
13649
13652
13674
13684
13690
13692
14746
14752
14753
14754
14772
14778
14780
14800
14801
14804
14810
14816
14817
14818
14954
14976
14977
14980
14984
14985
15002
15008
15009
15010
15018
15156
15162
15164
15184
15185
15188
15210
15220
15226
15228
15258
15264
15265
15266
15284
15290
15292
15312
15313
15316
15322
15328
15329
15330
16384
16385
16388
16389
16392
16393
16394
16395
16410
16416
16417
16418
16420
16421
16424
16425
16426
16427
16436
16442
16444
16448
16449
16452
16453
16456
16457
16458
16459
16464
16465
16468
16469
16472
16473
16474
16475
16592
16593
16596
16618
16640
16641
16644
16645
16648
16649
16650
16651
16656
16657
16660
16672
16673
16676
16677
16680
16681
16682
16683
16704
16705
16708
16709
16712
16713
16714
16715
16720
16721
16724
16725
16728
16729
16730
16731
16794
16800
16801
16802
16820
16826
16828
16848
16849
16852
16858
16864
16865
16866
16896
16897
16900
16901
16904
16905
16906
16907
16922
16928
16929
16930
16932
16933
16936
16937
16938
16939
16948
16954
16956
16960
16961
16964
16965
16968
16969
16970
16971
16976
16977
16980
16981
16984
16985
16986
16987
17024
17025
17028
17029
17032
17033
17034
17035
17056
17057
17060
17061
17064
17065
17066
17067
17088
17089
17092
17093
17096
17097
17098
17099
17104
17105
17108
17109
17112
17113
17114
17115
17204
17210
17212
17232
17233
17236
17258
17268
17274
17276
17408
17409
17412
17416
17417
17434
17440
17441
17442
17460
17466
17468
17472
17473
17476
17480
17481
17616
17617
17620
17642
17664
17665
17668
17672
17673
17680
17681
17684
17716
17722
17724
17744
17745
17748
17770
17780
17786
17788
18432
18433
18436
18437
18440
18441
18442
18443
18464
18465
18468
18469
18472
18473
18474
18475
18496
18497
18500
18501
18504
18505
18506
18507
18512
18513
18516
18517
18520
18521
18522
18523
18688
18689
18692
18693
18696
18697
18698
18699
18720
18721
18724
18725
18728
18729
18730
18731
18752
18753
18756
18757
18760
18761
18762
18763
18768
18769
18772
18773
18776
18777
18778
18779
18944
18945
18948
18949
18952
18953
18954
18955
18976
18977
18980
18981
18984
18985
18986
18987
19008
19009
19012
19013
19016
19017
19018
19019
19024
19025
19028
19029
19032
19033
19034
19035
19072
19073
19076
19077
19080
19081
19082
19083
19104
19105
19108
19109
19112
19113
19114
19115
19136
19137
19140
19141
19144
19145
19146
19147
19152
19153
19156
19157
19160
19161
19162
19163
20480
20481
20484
20485
20488
20489
20490
20491
20512
20513
20516
20517
20520
20521
20522
20523
20544
20545
20548
20549
20552
20553
20554
20555
20560
20561
20564
20565
20568
20569
20570
20571
20736
20737
20740
20741
20744
20745
20746
20747
20768
20769
20772
20773
20776
20777
20778
20779
20800
20801
20804
20805
20808
20809
20810
20811
20816
20817
20820
20821
20824
20825
20826
20827
20992
20993
20996
20997
21000
21001
21002
21003
21024
21025
21028
21029
21032
21033
21034
21035
21056
21057
21060
21061
21064
21065
21066
21067
21072
21073
21076
21077
21080
21081
21082
21083
21120
21121
21124
21125
21128
21129
21130
21131
21152
21153
21156
21157
21160
21161
21162
21163
21184
21185
21188
21189
21192
21193
21194
21195
21200
21201
21204
21205
21208
21209
21210
21211
21504
21505
21508
21509
21512
21513
21514
21515
21536
21537
21540
21541
21544
21545
21546
21547
21568
21569
21572
21573
21576
21577
21578
21579
21584
21585
21588
21589
21592
21593
21594
21595
21760
21761
21764
21765
21768
21769
21770
21771
21792
21793
21796
21797
21800
21801
21802
21803
21824
21825
21828
21829
21832
21833
21834
21835
21840
21841
21844
21845
21848
21849
21850
21851
22016
22017
22020
22021
22024
22025
22026
22027
22048
22049
22052
22053
22056
22057
22058
22059
22080
22081
22084
22085
22088
22089
22090
22091
22096
22097
22100
22101
22104
22105
22106
22107
22144
22145
22148
22149
22152
22153
22154
22155
22176
22177
22180
22181
22184
22185
22186
22187
22208
22209
22212
22213
22216
22217
22218
22219
22224
22225
22228
22229
22232
22233
22234
22235
32768
32769
32770
32776
32777
32778
32784
32785
32786
32788
32789
32790
32832
32833
32834
32840
32841
32842
32848
32849
32850
32852
32853
32854
32896
32897
32898
32904
32905
32906
32912
32913
32914
32916
32917
32918
32928
32929
32930
32936
32937
32938
32944
32945
32946
32948
32949
32950
33280
33281
33282
33288
33289
33290
33296
33297
33298
33300
33301
33302
33344
33345
33346
33352
33353
33354
33360
33361
33362
33364
33365
33366
33408
33409
33410
33416
33417
33418
33424
33425
33426
33428
33429
33430
33440
33441
33442
33448
33449
33450
33456
33457
33458
33460
33461
33462
33792
33793
33794
33800
33801
33802
33808
33809
33810
33812
33813
33814
33856
33857
33858
33864
33865
33866
33872
33873
33874
33876
33877
33878
33920
33921
33922
33928
33929
33930
33936
33937
33938
33940
33941
33942
33952
33953
33954
33960
33961
33962
33968
33969
33970
33972
33973
33974
34048
34049
34050
34056
34057
34058
34064
34065
34066
34068
34069
34070
34112
34113
34114
34120
34121
34122
34128
34129
34130
34132
34133
34134
34176
34177
34178
34184
34185
34186
34192
34193
34194
34196
34197
34198
34208
34209
34210
34216
34217
34218
34224
34225
34226
34228
34229
34230
36864
36865
36866
36872
36873
36874
36880
36881
36882
36884
36885
36886
36928
36929
36930
36936
36937
36938
36944
36945
36946
36948
36949
36950
36992
36993
36994
37000
37001
37002
37008
37009
37010
37012
37013
37014
37024
37025
37026
37032
37033
37034
37040
37041
37042
37044
37045
37046
37376
37377
37378
37384
37385
37386
37392
37393
37394
37396
37397
37398
37440
37441
37442
37448
37449
37450
37456
37457
37458
37460
37461
37462
37504
37505
37506
37512
37513
37514
37520
37521
37522
37524
37525
37526
37536
37537
37538
37544
37545
37546
37552
37553
37554
37556
37557
37558
37888
37889
37890
37896
37897
37898
37904
37905
37906
37908
37909
37910
37952
37953
37954
37960
37961
37962
37968
37969
37970
37972
37973
37974
38016
38017
38018
38024
38025
38026
38032
38033
38034
38036
38037
38038
38048
38049
38050
38056
38057
38058
38064
38065
38066
38068
38069
38070
38144
38145
38146
38152
38153
38154
38160
38161
38162
38164
38165
38166
38208
38209
38210
38216
38217
38218
38224
38225
38226
38228
38229
38230
38272
38273
38274
38280
38281
38282
38288
38289
38290
38292
38293
38294
38304
38305
38306
38312
38313
38314
38320
38321
38322
38324
38325
38326
40960
40961
40962
40968
40969
40970
40976
40977
40978
40980
40981
40982
41024
41025
41026
41032
41033
41034
41040
41041
41042
41044
41045
41046
41088
41089
41090
41096
41097
41098
41104
41105
41106
41108
41109
41110
41120
41121
41122
41128
41129
41130
41136
41137
41138
41140
41141
41142
41472
41473
41474
41480
41481
41482
41488
41489
41490
41492
41493
41494
41536
41537
41538
41544
41545
41546
41552
41553
41554
41556
41557
41558
41600
41601
41602
41608
41609
41610
41616
41617
41618
41620
41621
41622
41632
41633
41634
41640
41641
41642
41648
41649
41650
41652
41653
41654
41984
41985
41986
41992
41993
41994
42000
42001
42002
42004
42005
42006
42048
42049
42050
42056
42057
42058
42064
42065
42066
42068
42069
42070
42112
42113
42114
42120
42121
42122
42128
42129
42130
42132
42133
42134
42144
42145
42146
42152
42153
42154
42160
42161
42162
42164
42165
42166
42240
42241
42242
42248
42249
42250
42256
42257
42258
42260
42261
42262
42304
42305
42306
42312
42313
42314
42320
42321
42322
42324
42325
42326
42368
42369
42370
42376
42377
42378
42384
42385
42386
42388
42389
42390
42400
42401
42402
42408
42409
42410
42416
42417
42418
42420
42421
42422
43008
43009
43010
43016
43017
43018
43024
43025
43026
43028
43029
43030
43072
43073
43074
43080
43081
43082
43088
43089
43090
43092
43093
43094
43136
43137
43138
43144
43145
43146
43152
43153
43154
43156
43157
43158
43168
43169
43170
43176
43177
43178
43184
43185
43186
43188
43189
43190
43520
43521
43522
43528
43529
43530
43536
43537
43538
43540
43541
43542
43584
43585
43586
43592
43593
43594
43600
43601
43602
43604
43605
43606
43648
43649
43650
43656
43657
43658
43664
43665
43666
43668
43669
43670
43680
43681
43682
43688
43689
43690
43696
43697
43698
43700
43701
43702
44032
44033
44034
44040
44041
44042
44048
44049
44050
44052
44053
44054
44096
44097
44098
44104
44105
44106
44112
44113
44114
44116
44117
44118
44160
44161
44162
44168
44169
44170
44176
44177
44178
44180
44181
44182
44192
44193
44194
44200
44201
44202
44208
44209
44210
44212
44213
44214
44288
44289
44290
44296
44297
44298
44304
44305
44306
44308
44309
44310
44352
44353
44354
44360
44361
44362
44368
44369
44370
44372
44373
44374
44416
44417
44418
44424
44425
44426
44432
44433
44434
44436
44437
44438
44448
44449
44450
44456
44457
44458
44464
44465
44466
44468
44469
44470
