2
3
4
5
6
8
9
10
11
12
13
14
16
17
18
19
20
21
22
24
25
26
27
28
30
32
33
35
36
37
38
40
41
43
45
46
48
49
51
52
54
57
64
65
66
67
68
69
70
72
73
74
75
78
80
81
82
88
89
91
94
96
97
100
101
104
105
112
113
115
118
128
129
130
131
136
137
138
144
145
146
171
179
187
192
193
194
195
198
200
201
202
203
206
208
209
210
216
217
219
222
235
240
241
243
246
251
299
307
315
384
385
387
390
392
393
395
398
408
409
411
414
432
433
435
438
512
513
515
518
520
521
523
526
536
537
539
542
560
561
563
566
576
577
579
582
584
585
587
590
600
601
603
606
624
625
627
630
704
705
707
710
712
713
715
718
728
729
731
734
752
753
755
758
896
897
899
902
904
905
907
910
920
921
923
926
944
945
947
950
