2
3
4
7
8
9
10
11
15
16
17
18
19
20
21
22
23
24
25
26
27
28
29
30
31
32
33
34
35
46
47
49
51
52
53
54
55
56
57
58
59
60
61
62
63
64
65
66
67
68
69
71
72
73
74
75
76
77
78
80
81
83
84
85
86
87
88
89
91
116
120
122
123
124
128
129
130
131
133
136
137
138
139
143
144
145
149
152
153
154
155
156
157
158
159
160
161
162
163
165
168
169
171
173
174
175
176
177
179
180
181
182
183
184
185
186
187
188
189
190
191
192
193
195
196
199
200
201
202
203
204
206
207
208
209
210
211
212
213
214
215
216
217
218
219
221
222
223
224
225
227
228
229
231
232
233
234
235
236
237
239
240
241
243
244
245
247
248
252
253
255
256
257
259
260
261
264
265
266
267
270
272
273
277
278
280
281
282
286
289
290
368
369
376
377
378
379
380
385
387
388
389
392
394
399
401
405
409
411
413
414
416
417
419
421
424
425
427
431
433
435
437
438
440
441
442
443
444
446
448
449
451
452
455
456
457
458
463
464
465
468
472
473
475
477
478
479
480
481
483
486
487
488
489
490
491
494
495
496
497
499
500
501
502
504
505
507
508
509
511
512
513
514
515
516
519
520
521
522
523
524
525
528
529
531
532
533
535
536
537
538
539
540
541
542
543
545
546
549
550
552
553
554
557
559
561
565
568
569
570
571
572
573
574
576
577
579
583
584
585
586
587
590
591
592
593
596
597
598
599
600
601
603
605
606
607
608
609
613
616
618
619
621
622
624
625
627
628
633
640
641
643
648
649
650
655
657
663
664
665
666
667
668
670
672
673
675
680
681
682
683
688
689
692
693
695
696
697
699
702
704
705
707
712
713
715
724
725
727
728
729
731
931
933
937
939
976
984
992
993
995
997
1024
1025
1026
1032
1040
1048
1055
1064
1065
1067
1073
1087
1088
1089
1098
1104
1118
1119
1123
1125
1130
1137
1139
1140
1142
1145
1160
1179
1180
1183
1195
1197
1203
1204
1215
1216
1217
1219
1226
1233
1235
1240
1248
1249
1251
1253
1257
1259
1262
1264
1265
1267
1269
1272
1273
1275
1276
1280
1281
1283
1288
1289
1291
1297
1299
1300
1301
1303
1304
1305
1307
1310
1311
1313
1329
1331
1332
1334
1337
1339
1344
1345
1347
1352
1353
1355
1363
1364
1365
1367
1368
1369
1371
1372
1373
1375
1379
1384
1387
1389
1391
1392
1395
1398
1416
1418
1419
1423
1425
1427
1429
1432
1433
1436
1437
1440
1441
1443
1447
1448
1449
1450
1451
1455
1456
1460
1461
1463
1464
1465
1466
1467
1472
1473
1475
1480
1481
1482
1483
1484
1488
1492
1493
1495
1496
1497
1499
1501
1515
1517
1528
1529
1533
1536
1537
1539
1543
1544
1545
1547
1555
1556
1557
1559
1560
1561
1563
1564
1565
1568
1569
1589
1592
1593
1595
1596
1597
1600
1601
1603
1607
1608
1609
1611
1612
1615
1619
1620
1621
1623
1624
1625
1627
1629
1630
1631
1632
1633
1637
1642
1643
1646
1647
1648
1649
1653
1656
1657
1664
1665
1672
1673
1674
1675
1677
1679
1681
1688
1689
1691
1696
1697
1699
1704
1705
1706
1707
1710
1712
1713
1716
1717
1719
1720
1721
1722
1723
1724
1726
1728
1729
1731
1736
1737
1739
1748
1749
1751
1752
1753
1755
1759
1761
1764
1765
1775
1779
1780
1781
1783
1784
1789
1792
1793
1795
1799
1800
1801
1809
1811
1816
1817
1820
1821
1824
1825
1829
1832
1839
1848
1849
1852
1853
1854
1856
1857
1859
1863
1864
1865
1870
1871
1872
1873
1877
1878
1880
1881
1884
1885
1895
1896
1899
1900
1901
1907
1918
1920
1921
1928
1929
1930
1931
1933
1935
1938
1939
1944
1945
1948
1949
1959
1960
1967
1977
1978
1984
1985
2010
2015
2023
2024
2029
2035
2048
2049
2052
2056
2074
2078
2080
2081
2109
2112
2113
2117
2149
2154
2160
2161
2171
2173
2176
2177
2180
2184
2185
2186
2207
2216
2218
2223
2224
2225
2229
2238
2254
2256
2257
2262
2282
2288
2289
2318
2320
2321
2326
2330
2334
2338
2979
2981
2985
2987
3032
3040
3041
3043
3045
3096
3103
3112
3113
3115
3121
3129
3135
3136
3137
3138
3178
3185
3190
3249
3258
3262
3274
3352
3359
3368
3369
3371
3400
3416
3417
3420
3421
3435
3443
3467
3475
3480
3481
3483
3484
3485
3487
3491
3493
3497
3499
3513
3518
3528
3530
3562
3566
3568
3577
3578
3584
3585
3587
3591
3592
3593
3608
3609
3612
3613
3633
3640
3641
3644
3645
3648
3649
3650
3651
3655
3656
3657
3658
3659
3661
3664
3665
3678
3699
3700
3705
3720
3784
3793
3801
3807
3819
3821
3832
3833
3840
3841
3843
3847
3848
3849
3864
3865
3868
3869
3896
3897
3900
3901
3904
3905
3907
3911
3912
3913
3928
3929
3932
3933
3947
3955
3963
3964
3971
3973
3976
3979
3987
3992
3993
3996
3997
4027
4028
4032
4033
4041
4043
4056
4064
4065
4067
4069
4096
4097
4098
4099
4103
4104
4105
4106
4107
4112
4113
4115
4116
4117
4119
4120
4121
4122
4123
4124
4125
4126
4130
4145
4152
4153
4156
4157
4159
4160
4161
4162
4163
4167
4168
4169
4170
4171
4173
4174
4176
4177
4180
4181
4182
4183
4184
4185
4187
4218
4219
4220
4224
4225
4226
4227
4229
4232
4234
4241
4248
4251
4252
4255
4256
4257
4259
4264
4265
4267
4269
4275
4276
4277
4279
4280
4281
4283
4287
4288
4289
4291
4295
4296
4297
4298
4299
4302
4304
4305
4308
4309
4310
4311
4312
4313
4315
4320
4321
4323
4327
4328
4329
4330
4331
4336
4337
4339
4342
4346
4360
4366
4368
4369
4374
4378
4382
4386
4414
4432
4446
4458
4523
4531
4544
4545
4547
4551
4552
4553
4576
4577
4579
4583
4584
4585
4587
4595
4608
4609
4611
4615
4616
4617
4618
4619
4628
4629
4631
4632
4633
4634
4635
4636
4637
4638
4642
4664
4665
4668
4669
4672
4673
4675
4679
4680
4681
4682
4683
4686
4688
4689
4692
4693
4694
4695
4696
4697
4699
4714
4720
4721
4736
4737
4744
4745
4746
4768
4769
4771
4776
4777
4778
4779
4781
4784
4785
4787
4788
4789
4791
4792
4793
4795
4798
4799
4800
4801
4803
4808
4809
4811
4820
4821
4823
4824
4825
4827
4843
4845
4856
4857
4921
4926
4928
4929
4931
4939
4941
4942
4944
4945
4950
4952
4959
4968
4971
4973
4990
4992
4993
5000
5001
5002
5009
5016
5024
5025
5027
5064
5073
5081
5087
5120
5121
5128
5129
5130
5146
5150
5151
5154
5169
5171
5172
5177
5184
5185
5187
5192
5193
5194
5195
5197
5198
5200
5201
5206
5376
5377
5379
5384
5385
5387
5396
5397
5399
5400
5401
5403
5438
5440
5441
5443
5448
5449
5451
5454
5456
5457
5460
5461
5462
5463
5464
5465
5467
5502
5504
5505
5512
5513
5514
5530
5534
5536
5537
5538
5539
5544
5545
5547
5556
5557
5559
5560
5561
5563
5566
5568
5569
5571
5576
5577
5579
5588
5589
5591
5592
5593
5594
5595
5598
5602
5610
5616
5617
5632
5633
5635
5640
5641
5643
5652
5653
5655
5656
5657
5659
5696
5697
5699
5704
5705
5707
5716
5717
5719
5720
5721
5723
5792
5793
5795
5800
5801
5803
5812
5813
5815
5816
5817
5819
5824
5825
5827
5832
5833
5835
5844
5845
5847
5848
5849
5851
10240
10241
10243
10248
10249
10251
10260
10261
10263
10264
10265
10267
10304
10305
10307
10312
10313
10315
10324
10325
10327
10328
10329
10331
10400
10401
10403
10408
10409
10411
10420
10421
10423
10424
10425
10427
10432
10433
10435
10440
10441
10443
10452
10453
10455
10456
10457
10459
10752
10753
10755
10760
10761
10763
10772
10773
10775
10776
10777
10779
10816
10817
10819
10824
10825
10827
10836
10837
10839
10840
10841
10843
10912
10913
10915
10920
10921
10923
10931
10932
10933
10935
10936
10937
10939
10944
10945
10947
10951
10952
10953
10955
10964
10965
10967
10968
10969
10971
10976
10977
10979
10983
10984
10985
10987
10995
11096
11097
11100
11101
11115
11123
11147
11155
11160
11161
11164
11165
11352
11353
11356
11357
11371
11379
11403
11411
11416
11417
11420
11421
11435
11443
11456
11457
11459
11463
11464
11465
11488
11489
11491
11495
11496
11497
11499
11507
11520
11521
11523
11528
11529
11531
11540
11541
11543
11544
11545
11547
11584
11585
11587
11592
11593
11595
11604
11605
11607
11608
11609
11611
11680
11681
11683
11688
11689
11691
11700
11701
11703
11704
11705
11707
11712
11713
11715
11720
11721
11723
11732
11733
11735
11736
11737
11739
11776
11777
11779
11784
11785
11787
11796
11797
11799
11800
11801
11803
11840
11841
11843
11848
11849
11851
11860
11861
11863
11864
11865
11867
11936
11937
11939
11944
11945
11947
11956
11957
11959
11960
11961
11963
11968
11969
11971
11976
11977
11979
11988
11989
11991
11992
11993
11995
12288
12289
12291
12295
12296
12297
12299
12308
12309
12311
12312
12313
12315
12316
12317
12344
12345
12348
12349
12352
12353
12355
12359
12360
12361
12363
12372
12373
12375
12376
12377
12379
12448
12449
12451
12456
12457
12459
12467
12468
12469
12471
12472
12473
12475
12480
12481
12483
12487
12488
12489
12491
12500
12501
12503
12504
12505
12507
12512
12513
12515
12519
12520
12521
12523
12531
12715
12723
12736
12737
12739
12743
12744
12745
12768
12769
12771
12775
12776
12777
12779
12787
12800
12801
12803
12807
12808
12809
12811
12820
12821
12823
12824
12825
12827
12828
12829
12856
12857
12860
12861
12864
12865
12867
12871
12872
12873
12875
12884
12885
12887
12888
12889
12891
12960
12961
12963
12968
12969
12971
12980
12981
12983
12984
12985
12987
12992
12993
12995
13000
13001
13003
13012
13013
13015
13016
13017
13019
13118
13134
13136
13137
13142
13182
13184
13185
13192
13193
13194
13312
13313
13320
13321
13322
13338
13342
13346
13376
13377
13384
13385
13386
13390
13392
13393
13398
13568
13569
13571
13576
13577
13579
13588
13589
13591
13592
13593
13595
13630
13632
13633
13635
13640
13641
13643
13646
13648
13649
13652
13653
13654
13655
13656
13657
13659
13694
13696
13697
13704
13705
13706
13722
13726
13728
13729
13730
13731
13736
13737
13739
13748
13749
13751
13752
13753
13755
13758
13760
13761
13763
13768
13769
13771
13780
13781
13783
13784
13785
13786
13787
13790
13794
13802
13808
13809
13824
13825
13827
13832
13833
13835
13844
13845
13847
13848
13849
13851
13888
13889
13891
13896
13897
13899
13908
13909
13911
13912
13913
13915
13984
13985
13987
13992
13993
13995
14004
14005
14007
14008
14009
14011
14016
14017
14019
14024
14025
14027
14036
14037
14039
14040
14041
14043
14336
14337
14339
14343
14344
14345
14360
14361
14364
14365
14392
14393
14396
14397
14400
14401
14403
14407
14408
14409
14507
14515
14528
14529
14531
14535
14536
14537
14560
14561
14563
14567
14568
14569
14571
14579
14746
14750
14754
14763
14771
14782
14784
14785
14787
14791
14792
14793
14810
14814
14816
14817
14818
14819
14823
14824
14825
14826
14827
14832
14833
14835
14848
14849
14851
14855
14856
14857
14872
14873
14876
14877
14904
14905
14908
14909
14912
14913
14915
14919
14920
14921
14954
14960
14961
14976
14977
14984
14985
14986
15018
15019
15024
15025
15027
15038
15040
15041
15043
15047
15048
15049
15072
15073
15075
15079
15080
15081
15083
15091
15192
15193
15196
15197
15211
15219
15243
15251
15256
15257
15258
15260
15261
15262
15266
15294
15322
15326
15330
15338
15344
15345
15360
15361
15368
15369
15370
15386
15390
15394
15424
15425
15432
15433
15434
15438
15440
15441
15446
15448
15449
15452
15453
15467
15475
15499
15507
15512
15513
15516
15517
15531
15539
15552
15553
15555
15559
15560
15561
15584
15585
15587
15591
15592
15593
15595
15603
17214
17230
17232
17233
17238
17278
17280
17281
17288
17289
17290
17408
17409
17416
17417
17418
17434
17438
17442
17472
17473
17480
17481
17482
17486
17488
17489
17494
17726
17742
17744
17745
17750
17790
17792
17793
17800
17801
17802
17818
17822
17826
17854
17882
17886
17890
17898
17904
17905
18026
18032
18033
18048
18049
18056
18057
18058
18090
18096
18097
18110
18238
18254
18256
18257
18262
18302
18304
18305
18312
18313
18314
18538
18544
18545
18560
18561
18568
18569
18570
18602
18608
18609
18622
18638
18640
18641
18646
18666
18672
18673
18702
18704
18705
18710
18714
18718
18722
32768
32769
32771
32776
32777
32779
32788
32789
32791
32792
32793
32795
32832
32833
32835
32840
32841
32843
32852
32853
32855
32856
32857
32859
32928
32929
32931
32936
32937
32939
32948
32949
32951
32952
32953
32955
32960
32961
32963
32968
32969
32971
32980
32981
32983
32984
32985
32987
33280
33281
33283
33288
33289
33291
33300
33301
33303
33304
33305
33307
33344
33345
33347
33352
33353
33355
33364
33365
33367
33368
33369
33371
33440
33441
33443
33448
33449
33451
33460
33461
33463
33464
33465
33467
33472
33473
33475
33480
33481
33483
33492
33493
33495
33496
33497
33499
34048
34049
34051
34056
34057
34059
34068
34069
34071
34072
34073
34075
34112
34113
34115
34120
34121
34123
34132
34133
34135
34136
34137
34139
34208
34209
34211
34216
34217
34219
34228
34229
34231
34232
34233
34235
34240
34241
34243
34248
34249
34251
34260
34261
34263
34264
34265
34267
34304
34305
34307
34312
34313
34315
34324
34325
34327
34328
34329
34331
34368
34369
34371
34376
34377
34379
34388
34389
34391
34392
34393
34395
34464
34465
34467
34472
34473
34475
34484
34485
34487
34488
34489
34491
34496
34497
34499
34504
34505
34507
34516
34517
34519
34520
34521
34523
36864
36865
36867
36872
36873
36875
36884
36885
36887
36888
36889
36891
36928
36929
36931
36936
36937
36939
36948
36949
36951
36952
36953
36955
37024
37025
37027
37032
37033
37035
37044
37045
37047
37048
37049
37051
37056
37057
37059
37064
37065
37067
37076
37077
37079
37080
37081
37083
37376
37377
37379
37384
37385
37387
37396
37397
37399
37400
37401
37403
37440
37441
37443
37448
37449
37451
37460
37461
37463
37464
37465
37467
37536
37537
37539
37544
37545
37547
37556
37557
37559
37560
37561
37563
37568
37569
37571
37576
37577
37579
37588
37589
37591
37592
37593
37595
38144
38145
38147
38152
38153
38155
38164
38165
38167
38168
38169
38171
38208
38209
38211
38216
38217
38219
38228
38229
38231
38232
38233
38235
38304
38305
38307
38312
38313
38315
38324
38325
38327
38328
38329
38331
38336
38337
38339
38344
38345
38347
38356
38357
38359
38360
38361
38363
38400
38401
38403
38408
38409
38411
38420
38421
38423
38424
38425
38427
38464
38465
38467
38472
38473
38475
38484
38485
38487
38488
38489
38491
38560
38561
38563
38568
38569
38571
38580
38581
38583
38584
38585
38587
38592
38593
38595
38600
38601
38603
38612
38613
38615
38616
38617
38619
43008
43009
43011
43016
43017
43019
43028
43029
43031
43032
43033
43035
43072
43073
43075
43080
43081
43083
43092
43093
43095
43096
43097
43099
43168
43169
43171
43176
43177
43179
43188
43189
43191
43192
43193
43195
43200
43201
43203
43208
43209
43211
43220
43221
43223
43224
43225
43227
43520
43521
43523
43528
43529
43531
43540
43541
43543
43544
43545
43547
43584
43585
43587
43592
43593
43595
43604
43605
43607
43608
43609
43611
43680
43681
43683
43688
43689
43691
43700
43701
43703
43704
43705
43707
43712
43713
43715
43720
43721
43723
43732
43733
43735
43736
43737
43739
44288
44289
44291
44296
44297
44299
44308
44309
44311
44312
44313
44315
44352
44353
44355
44360
44361
44363
44372
44373
44375
44376
44377
44379
44448
44449
44451
44456
44457
44459
44468
44469
44471
44472
44473
44475
44480
44481
44483
44488
44489
44491
44500
44501
44503
44504
44505
44507
44544
44545
44547
44552
44553
44555
44564
44565
44567
44568
44569
44571
44608
44609
44611
44616
44617
44619
44628
44629
44631
44632
44633
44635
44704
44705
44707
44712
44713
44715
44724
44725
44727
44728
44729
44731
44736
44737
44739
44744
44745
44747
44756
44757
44759
44760
44761
44763
45056
45057
45059
45064
45065
45067
45076
45077
45079
45080
45081
45083
45120
45121
45123
45128
45129
45131
45140
45141
45143
45144
45145
45147
45216
45217
45219
45224
45225
45227
45236
45237
45239
45240
45241
45243
45248
45249
45251
45256
45257
45259
45268
45269
45271
45272
45273
45275
45568
45569
45571
45576
45577
45579
45588
45589
45591
45592
45593
45595
45632
45633
45635
45640
45641
45643
45652
45653
45655
45656
45657
45659
45728
45729
45731
45736
45737
45739
45748
45749
45751
45752
45753
45755
45760
45761
45763
45768
45769
45771
45780
45781
45783
45784
45785
45787
46336
46337
46339
46344
46345
46347
46356
46357
46359
46360
46361
46363
46400
46401
46403
46408
46409
46411
46420
46421
46423
46424
46425
46427
46496
46497
46499
46504
46505
46507
46516
46517
46519
46520
46521
46523
46528
46529
46531
46536
46537
46539
46548
46549
46551
46552
46553
46555
46592
46593
46595
46600
46601
46603
46612
46613
46615
46616
46617
46619
46656
46657
46659
46664
46665
46667
46676
46677
46679
46680
46681
46683
46752
46753
46755
46760
46761
46763
46772
46773
46775
46776
46777
46779
46784
46785
46787
46792
46793
46795
46804
46805
46807
46808
46809
46811
