2
3
4
5
6
7
8
9
10
11
12
13
14
15
16
17
18
19
20
21
22
23
24
25
26
27
28
29
30
31
32
33
34
35
36
37
38
39
40
41
42
43
44
45
46
47
48
49
50
51
52
53
54
55
56
57
58
59
60
61
62
63
64
65
66
67
68
69
70
71
72
73
74
75
76
77
78
79
80
81
82
83
84
85
86
87
88
89
90
91
92
93
94
95
96
97
98
99
100
101
102
103
104
105
106
107
108
109
110
111
112
113
114
115
116
117
118
119
120
121
122
123
124
125
126
127
128
129
130
131
132
133
134
135
136
137
138
139
140
141
142
143
144
145
146
147
149
150
151
152
153
154
155
156
158
159
160
161
162
163
164
165
166
167
168
169
170
171
172
173
174
175
176
177
178
179
180
182
183
184
185
186
187
188
190
192
193
194
195
196
197
198
199
200
201
202
203
204
205
206
207
208
209
210
211
212
213
214
216
217
218
219
220
221
222
223
224
225
226
227
228
229
230
232
233
234
235
236
237
238
239
240
241
242
243
244
245
246
247
248
249
250
251
252
254
256
257
259
260
261
263
264
265
266
267
268
269
270
271
272
273
274
275
276
277
278
279
280
281
282
283
284
285
286
288
289
290
291
292
293
294
295
296
297
298
299
300
301
302
303
304
305
306
307
308
309
310
311
312
313
314
315
316
317
318
319
320
321
323
324
325
327
328
329
330
331
332
333
334
335
336
337
338
339
340
342
343
344
345
346
347
348
350
351
352
353
354
355
356
357
358
359
360
361
363
364
365
366
367
368
369
370
371
372
373
374
375
376
377
378
379
380
381
382
383
384
385
386
387
390
391
392
393
394
395
396
397
398
399
400
401
402
403
404
405
406
407
408
409
410
411
412
413
414
415
416
417
419
420
421
422
423
424
425
426
427
428
429
430
431
432
433
434
435
437
438
441
442
443
446
448
449
451
452
453
454
455
456
457
458
459
460
461
462
463
464
465
466
467
468
469
470
472
473
474
475
476
477
478
479
480
481
482
483
484
485
486
488
489
490
491
492
494
495
496
497
498
499
500
501
502
504
505
506
512
513
514
515
516
517
518
519
520
521
522
523
524
525
526
527
528
529
530
531
532
533
534
535
536
537
538
539
540
541
542
543
544
545
546
547
548
549
550
551
552
553
554
555
556
557
558
559
560
561
562
563
564
565
566
568
569
570
571
572
574
575
576
577
578
579
580
581
582
583
584
585
586
587
588
589
590
591
592
593
594
595
596
598
599
600
601
602
603
604
606
607
608
609
611
612
613
614
615
616
617
619
620
621
623
624
625
626
627
628
630
631
632
633
634
635
636
637
639
640
641
642
643
646
648
649
650
651
653
654
656
657
658
659
660
662
663
664
665
666
667
668
669
670
671
672
673
674
683
684
685
687
688
689
690
691
694
695
696
697
700
701
703
704
705
706
707
708
709
710
711
712
713
714
715
716
717
718
719
720
721
722
723
724
725
726
728
729
730
731
732
734
735
736
737
739
741
745
746
747
748
749
751
752
753
754
755
756
757
758
760
761
763
768
769
771
772
773
775
776
777
779
780
781
782
783
784
787
791
792
793
794
795
798
800
801
802
803
804
805
806
807
808
809
810
811
812
813
814
815
816
818
819
820
821
824
825
827
828
831
832
833
835
836
837
838
839
840
841
842
843
844
845
846
847
848
850
851
854
855
856
857
858
859
860
863
864
865
867
868
869
871
872
873
874
875
876
877
879
883
884
885
886
887
888
889
891
892
895
896
897
898
899
902
904
905
906
907
909
910
911
912
913
914
915
918
919
920
921
922
923
924
926
927
928
929
930
931
933
934
935
936
937
939
940
941
943
944
945
946
947
950
951
952
953
954
955
960
961
963
964
965
967
968
969
970
971
972
973
975
976
977
979
980
981
982
984
985
987
988
990
991
992
993
994
995
997
1003
1004
1005
1007
1010
1011
1024
1025
1026
1027
1030
1032
1033
1034
1035
1038
1040
1041
1042
1043
1046
1048
1049
1050
1051
1054
1062
1067
1070
1072
1073
1074
1075
1078
1081
1082
1083
1088
1089
1090
1091
1094
1096
1097
1098
1099
1102
1104
1105
1106
1107
1110
1112
1113
1114
1115
1118
1136
1137
1138
1139
1142
1152
1153
1154
1155
1158
1160
1161
1162
1163
1166
1168
1169
1170
1171
1174
1176
1177
1178
1179
1182
1195
1196
1197
1199
1200
1201
1202
1203
1206
1207
1208
1209
1216
1217
1218
1219
1220
1221
1222
1224
1225
1226
1227
1228
1229
1230
1231
1232
1233
1234
1235
1238
1240
1241
1242
1243
1246
1259
1260
1261
1263
1264
1265
1266
1267
1270
1366
1367
1368
1369
1370
1371
1374
1376
1377
1379
1380
1381
1382
1384
1385
1387
1388
1389
1390
1391
1392
1393
1394
1395
1399
1400
1401
1403
1408
1409
1410
1411
1414
1416
1417
1418
1419
1422
1424
1425
1426
1427
1430
1431
1432
1433
1434
1435
1438
1446
1451
1452
1453
1455
1456
1457
1458
1459
1462
1463
1464
1465
1472
1473
1475
1476
1477
1480
1481
1483
1484
1485
1487
1491
1494
1496
1497
1498
1499
1502
1510
1515
1516
1517
1519
1523
1536
1537
1538
1539
1540
1541
1542
1543
1544
1545
1546
1547
1548
1549
1550
1551
1552
1553
1554
1555
1558
1559
1560
1561
1562
1563
1566
1568
1569
1571
1572
1573
1574
1575
1576
1577
1579
1580
1581
1582
1583
1584
1585
1586
1587
1590
1592
1593
1595
1600
1601
1602
1603
1604
1605
1606
1607
1608
1609
1610
1611
1612
1613
1614
1615
1616
1617
1618
1619
1622
1623
1624
1625
1626
1627
1630
1632
1633
1635
1636
1637
1639
1640
1641
1643
1644
1645
1647
1648
1649
1650
1651
1654
1655
1656
1657
1659
1664
1665
1666
1667
1670
1672
1673
1674
1675
1678
1680
1681
1682
1683
1686
1688
1689
1690
1691
1694
1707
1710
1712
1713
1714
1715
1718
1723
1728
1729
1730
1731
1732
1733
1734
1735
1736
1737
1738
1739
1740
1741
1742
1743
1744
1745
1746
1747
1750
1752
1753
1754
1755
1758
1766
1771
1774
1776
1777
1778
1779
1782
1787
1835
1838
1840
1841
1842
1843
1851
1878
1880
1881
1882
1883
1886
1894
1899
1902
1904
1905
1906
1907
1915
1920
1921
1922
1923
1926
1928
1929
1930
1931
1934
1936
1937
1938
1939
1942
1944
1945
1946
1947
1950
1958
1968
1969
1970
1971
1974
2006
2008
2009
2010
2011
2014
2022
2048
2049
2051
2052
2053
2055
2056
2057
2059
2060
2061
2063
2072
2073
2075
2080
2081
2083
2084
2085
2087
2088
2089
2091
2092
2093
2095
2104
2105
2107
2112
2113
2115
2116
2117
2119
2120
2121
2123
2124
2125
2127
2136
2137
2139
2144
2145
2147
2148
2149
2151
2152
2153
2155
2156
2157
2159
2168
2169
2171
2240
2241
2243
2244
2245
2247
2248
2249
2251
2252
2253
2255
2264
2265
2267
2304
2305
2307
2308
2309
2311
2312
2313
2315
2316
2317
2319
2328
2329
2331
2336
2337
2339
2340
2341
2343
2344
2345
2347
2348
2349
2351
2360
2361
2363
2368
2369
2371
2372
2373
2375
2376
2377
2379
2380
2381
2383
2390
2392
2393
2394
2395
2398
2400
2401
2403
2404
2405
2406
2407
2408
2409
2411
2412
2413
2414
2415
2416
2417
2418
2419
2424
2425
2427
2432
2433
2434
2435
2438
2440
2441
2442
2448
2449
2450
2454
2456
2457
2458
2459
2462
2470
2496
2497
2499
2500
2501
2503
2504
2505
2507
2508
2509
2511
2518
2520
2521
2522
2523
2526
2534
2560
2561
2563
2564
2565
2567
2568
2569
2571
2572
2573
2575
2584
2585
2587
2592
2593
2595
2596
2597
2599
2600
2601
2603
2604
2605
2607
2616
2617
2619
2624
2625
2627
2628
2629
2631
2632
2633
2635
2636
2637
2639
2648
2649
2651
2656
2657
2659
2660
2661
2663
2664
2665
2667
2668
2669
2671
2680
2681
2683
2731
2734
2736
2737
2738
2739
2747
2752
2753
2754
2755
2756
2757
2758
2759
2760
2761
2762
2763
2764
2765
2767
2768
2769
2770
2774
2776
2777
2778
2779
2782
2790
2795
2798
2800
2801
2802
2803
2811
2816
2817
2819
2820
2821
2823
2824
2825
2827
2828
2829
2831
2840
2841
2843
2848
2849
2851
2852
2853
2855
2856
2857
2859
2860
2861
2862
2863
2864
2865
2866
2867
2872
2873
2875
2880
2881
2883
2884
2885
2887
2888
2889
2891
2892
2893
2895
2902
2904
2905
2906
2907
2910
2912
2913
2915
2916
2917
2918
2919
2920
2921
2923
2924
2925
2926
2927
2928
2929
2930
2931
2936
2937
2939
2944
2945
2946
2947
2950
2952
2953
2954
2960
2961
2962
2966
2968
2969
2970
2971
2974
2982
3008
3009
3011
3012
3013
3015
3016
3017
3019
3020
3021
3023
3030
3032
3033
3034
3035
3038
3046
3072
3073
3074
3075
3078
3080
3081
3082
3083
3086
3088
3089
3090
3091
3094
3096
3097
3098
3099
3102
3110
3115
3118
3120
3121
3122
3123
3126
3131
3136
3137
3138
3139
3142
3144
3145
3146
3147
3150
3152
3153
3154
3155
3158
3160
3161
3162
3163
3166
3184
3185
3186
3187
3190
3200
3201
3202
3203
3206
3208
3209
3210
3211
3214
3216
3217
3218
3219
3222
3224
3225
3226
3227
3230
3243
3246
3248
3249
3250
3251
3254
3259
3264
3265
3266
3267
3270
3272
3273
3274
3275
3278
3280
3281
3282
3283
3286
3288
3289
3290
3291
3294
3302
3307
3310
3312
3313
3314
3315
3318
3323
3456
3457
3458
3459
3462
3464
3465
3466
3467
3470
3472
3473
3474
3475
3478
3480
3481
3482
3483
3486
3504
3505
3506
3507
3510
3584
3585
3587
3588
3589
3591
3592
3593
3595
3596
3597
3599
3608
3609
3611
3616
3617
3619
3620
3621
3623
3624
3625
3627
3628
3629
3631
3640
3641
3643
3648
3649
3651
3652
3653
3655
3656
3657
3659
3660
3661
3663
3672
3673
3675
3680
3681
3683
3684
3685
3687
3688
3689
3691
3692
3693
3695
3704
3705
3707
3776
3777
3779
3780
3781
3783
3784
3785
3787
3788
3789
3791
3800
3801
3803
4096
4097
4098
4099
4100
4101
4102
4103
4104
4105
4106
4107
4108
4109
4110
4111
4112
4113
4114
4115
4118
4120
4121
4122
4123
4126
4128
4129
4131
4132
4133
4135
4136
4137
4139
4140
4141
4143
4144
4145
4146
4147
4150
4152
4153
4155
4160
4161
4162
4163
4164
4165
4166
4167
4168
4169
4170
4171
4172
4173
4174
4175
4176
4177
4178
4179
4182
4184
4185
4186
4187
4190
4192
4193
4195
4196
4197
4199
4200
4201
4203
4204
4205
4207
4208
4209
4210
4211
4214
4216
4217
4219
4224
4225
4226
4227
4230
4232
4233
4234
4235
4238
4240
4241
4242
4243
4246
4248
4249
4250
4251
4254
4272
4273
4274
4275
4278
4288
4289
4290
4291
4292
4293
4294
4295
4296
4297
4298
4299
4300
4301
4302
4303
4304
4305
4306
4307
4310
4312
4313
4314
4315
4318
4336
4337
4338
4339
4342
4352
4353
4355
4356
4357
4359
4360
4361
4363
4364
4365
4367
4376
4377
4379
4384
4385
4387
4388
4389
4391
4392
4393
4395
4396
4397
4399
4408
4409
4411
4416
4417
4419
4420
4421
4423
4424
4425
4427
4428
4429
4431
4440
4441
4443
4448
4449
4451
4452
4453
4455
4456
4457
4459
4460
4461
4463
4472
4473
4475
4480
4481
4482
4483
4486
4488
4489
4490
4491
4494
4496
4497
4498
4499
4502
4504
4505
4506
4507
4510
4528
4529
4530
4531
4534
4544
4545
4547
4548
4549
4551
4552
4553
4555
4556
4557
4559
4568
4569
4571
4608
4609
4610
4611
4612
4613
4614
4615
4616
4617
4618
4619
4620
4621
4622
4623
4624
4625
4626
4627
4630
4632
4633
4634
4635
4638
4640
4641
4643
4644
4645
4647
4648
4649
4651
4652
4653
4655
4656
4657
4658
4659
4662
4664
4665
4667
4672
4673
4674
4675
4676
4677
4678
4679
4680
4681
4682
4683
4684
4685
4686
4687
4688
4689
4690
4691
4694
4696
4697
4698
4699
4702
4704
4705
4707
4708
4709
4711
4712
4713
4715
4716
4717
4719
4720
4721
4722
4723
4726
4728
4729
4731
4736
4737
4738
4739
4742
4744
4745
4746
4747
4750
4752
4753
4754
4755
4758
4760
4761
4762
4763
4766
4784
4785
4786
4787
4790
4800
4801
4802
4803
4804
4805
4806
4807
4808
4809
4810
4811
4812
4813
4814
4815
4816
4817
4818
4819
4822
4824
4825
4826
4827
4830
4848
4849
4850
4851
4854
4864
4865
4867
4868
4869
4871
4872
4873
4875
4876
4877
4879
4888
4889
4891
4896
4897
4899
4900
4901
4903
4904
4905
4907
4908
4909
4911
4920
4921
4923
4928
4929
4931
4932
4933
4935
4936
4937
4939
4940
4941
4943
4952
4953
4955
4960
4961
4963
4964
4965
4967
4968
4969
4971
4972
4973
4975
4984
4985
4987
4992
4993
4994
4995
4998
5000
5001
5002
5003
5006
5008
5009
5010
5011
5014
5016
5017
5018
5019
5022
5040
5041
5042
5043
5046
5120
5121
5122
5123
5126
5128
5129
5130
5131
5134
5136
5137
5138
5139
5142
5144
5145
5146
5147
5150
5168
5169
5170
5171
5174
5184
5185
5186
5187
5190
5192
5193
5194
5195
5198
5200
5201
5202
5203
5206
5208
5209
5210
5211
5214
5232
5233
5234
5235
5238
5248
5249
5250
5251
5254
5256
5257
5258
5259
5262
5264
5265
5266
5267
5270
5272
5273
5274
5275
5278
5296
5297
5298
5299
5302
5312
5313
5314
5315
5318
5320
5321
5322
5323
5326
5328
5329
5330
5331
5334
5336
5337
5338
5339
5342
5360
5361
5362
5363
5366
5504
5505
5506
5507
5510
5512
5513
5514
5515
5518
5520
5521
5522
5523
5526
5528
5529
5530
5531
5534
5552
5553
5554
5555
5558
5632
5633
5634
5635
5638
5640
5641
5642
5643
5646
5648
5649
5650
5651
5654
5656
5657
5658
5659
5662
5680
5681
5682
5683
5686
5696
5697
5698
5699
5702
5704
5705
5706
5707
5710
5712
5713
5714
5715
5718
5720
5721
5722
5723
5726
5744
5745
5746
5747
5750
5760
5761
5762
5763
5766
5768
5769
5770
5771
5774
5776
5777
5778
5779
5782
5784
5785
5786
5787
5790
5808
5809
5810
5811
5814
5824
5825
5826
5827
5830
5832
5833
5834
5835
5838
5840
5841
5842
5843
5846
5848
5849
5850
5851
5854
5872
5873
5874
5875
5878
6016
6017
6018
6019
6022
6024
6025
6026
6027
6030
6032
6033
6034
6035
6038
6040
6041
6042
6043
6046
6064
6065
6066
6067
6070
7168
7169
7170
7171
7174
7176
7177
7178
7179
7182
7184
7185
7186
7187
7190
7192
7193
7194
7195
7198
7216
7217
7218
7219
7222
7232
7233
7234
7235
7238
7240
7241
7242
7243
7246
7248
7249
7250
7251
7254
7256
7257
7258
7259
7262
7280
7281
7282
7283
7286
7296
7297
7298
7299
7302
7304
7305
7306
7307
7310
7312
7313
7314
7315
7318
7320
7321
7322
7323
7326
7344
7345
7346
7347
7350
7360
7361
7362
7363
7366
7368
7369
7370
7371
7374
7376
7377
7378
7379
7382
7384
7385
7386
7387
7390
7408
7409
7410
7411
7414
7552
7553
7554
7555
7558
7560
7561
7562
7563
7566
7568
7569
7570
7571
7574
7576
7577
7578
7579
7582
7600
7601
7602
7603
7606
8192
8193
8194
8195
8198
8200
8201
8202
8203
8206
8208
8209
8210
8211
8214
8216
8217
8218
8219
8222
8240
8241
8242
8243
8246
8256
8257
8258
8259
8262
8264
8265
8266
8267
8270
8272
8273
8274
8275
8278
8280
8281
8282
8283
8286
8304
8305
8306
8307
8310
8320
8321
8322
8323
8326
8328
8329
8330
8331
8334
8336
8337
8338
8339
8342
8344
8345
8346
8347
8350
8368
8369
8370
8371
8374
8384
8385
8386
8387
8390
8392
8393
8394
8395
8398
8400
8401
8402
8403
8406
8408
8409
8410
8411
8414
8432
8433
8434
8435
8438
8576
8577
8578
8579
8582
8584
8585
8586
8587
8590
8592
8593
8594
8595
8598
8600
8601
8602
8603
8606
8624
8625
8626
8627
8630
8704
8705
8706
8707
8710
8712
8713
8714
8715
8718
8720
8721
8722
8723
8726
8728
8729
8730
8731
8734
8752
8753
8754
8755
8758
8768
8769
8770
8771
8774
8776
8777
8778
8779
8782
8784
8785
8786
8787
8790
8792
8793
8794
8795
8798
8816
8817
8818
8819
8822
8832
8833
8834
8835
8838
8840
8841
8842
8843
8846
8848
8849
8850
8851
8854
8856
8857
8858
8859
8862
8880
8881
8882
8883
8886
8896
8897
8898
8899
8902
8904
8905
8906
8907
8910
8912
8913
8914
8915
8918
8920
8921
8922
8923
8926
8944
8945
8946
8947
8950
9088
9089
9090
9091
9094
9096
9097
9098
9099
9102
9104
9105
9106
9107
9110
9112
9113
9114
9115
9118
9136
9137
9138
9139
9142
9216
9217
9218
9219
9222
9224
9225
9226
9227
9230
9232
9233
9234
9235
9238
9240
9241
9242
9243
9246
9264
9265
9266
9267
9270
9280
9281
9282
9283
9286
9288
9289
9290
9291
9294
9296
9297
9298
9299
9302
9304
9305
9306
9307
9310
9328
9329
9330
9331
9334
9344
9345
9346
9347
9350
9352
9353
9354
9355
9358
9360
9361
9362
9363
9366
9368
9369
9370
9371
9374
9392
9393
9394
9395
9398
9408
9409
9410
9411
9414
9416
9417
9418
9419
9422
9424
9425
9426
9427
9430
9432
9433
9434
9435
9438
9456
9457
9458
9459
9462
9600
9601
9602
9603
9606
9608
9609
9610
9611
9614
9616
9617
9618
9619
9622
9624
9625
9626
9627
9630
9648
9649
9650
9651
9654
9728
9729
9730
9731
9734
9736
9737
9738
9739
9742
9744
9745
9746
9747
9750
9752
9753
9754
9755
9758
9776
9777
9778
9779
9782
9792
9793
9794
9795
9798
9800
9801
9802
9803
9806
9808
9809
9810
9811
9814
9816
9817
9818
9819
9822
9840
9841
9842
9843
9846
9856
9857
9858
9859
9862
9864
9865
9866
9867
9870
9872
9873
9874
9875
9878
9880
9881
9882
9883
9886
9904
9905
9906
9907
9910
9920
9921
9922
9923
9926
9928
9929
9930
9931
9934
9936
9937
9938
9939
9942
9944
9945
9946
9947
9950
9968
9969
9970
9971
9974
