2
4
5
6
7
8
9
10
11
12
13
14
15
16
17
18
20
21
25
26
28
29
30
32
33
34
35
36
37
38
39
40
41
42
44
45
46
48
49
50
52
53
54
55
56
57
58
60
61
62
63
64
65
66
67
68
69
70
71
72
73
74
75
76
77
78
79
80
81
82
84
85
86
87
88
89
90
91
92
94
96
97
98
100
101
102
103
104
105
106
108
109
110
111
112
113
114
116
117
118
119
120
121
122
124
125
126
127
128
129
130
132
133
134
135
136
137
138
139
140
141
143
144
145
146
148
149
160
161
162
168
169
170
220
224
225
228
252
256
257
260
261
262
264
265
266
282
284
288
289
292
293
294
296
297
298
300
301
304
305
308
309
320
321
324
325
326
328
329
330
333
336
337
338
340
341
342
346
348
350
352
353
356
357
360
361
362
364
365
374
378
382
384
385
388
389
390
391
392
393
394
396
397
398
399
406
410
414
416
417
420
421
422
424
425
426
432
433
438
439
440
441
444
445
446
447
448
449
454
455
456
457
460
461
462
463
474
476
480
481
484
486
487
488
489
492
493
494
495
496
497
498
501
502
503
504
505
508
509
510
511
512
513
514
516
517
518
519
520
521
522
524
525
526
527
528
529
530
532
533
540
544
545
548
549
550
552
553
554
556
557
560
561
564
565
566
567
568
569
572
573
574
575
576
577
578
580
581
582
583
584
585
586
588
589
590
591
592
593
594
596
597
598
602
606
608
609
610
614
615
616
617
618
620
621
622
623
624
625
630
631
632
633
634
636
637
638
639
640
641
642
644
645
646
648
649
650
652
653
656
657
658
660
661
662
666
670
672
673
674
676
677
678
680
681
682
684
685
692
693
700
701
748
749
756
757
764
765
768
769
770
774
775
776
777
778
780
781
782
783
784
785
786
788
789
812
813
816
817
820
821
822
823
824
825
828
829
830
831
832
833
834
838
839
840
841
842
844
845
846
847
848
849
850
852
853
864
865
870
871
872
873
876
877
878
879
880
881
886
887
888
889
892
893
894
895
896
897
902
903
904
905
908
909
910
911
944
945
950
951
952
953
956
957
958
959
960
961
966
967
968
969
972
973
974
975
992
993
998
999
1000
1001
1004
1005
1006
1007
1008
1009
1014
1015
1016
1017
1020
1021
1022
1023
1024
1025
1026
1032
1033
1034
1036
1037
1040
1041
1042
1044
1045
1088
1089
1090
1096
1097
1098
1100
1101
1104
1105
1106
1108
1109
1120
1121
1122
1128
1129
1130
1152
1153
1154
1160
1161
1162
1164
1165
1168
1169
1170
1172
1173
1184
1185
1186
1192
1193
1194
1196
1197
1204
1205
1212
1213
1260
1261
1268
1269
1276
1277
1280
1281
1282
1288
1289
1290
1292
1293
1296
1297
1298
1300
1301
1324
1325
1332
1333
1340
1341
1344
1345
1346
1352
1353
1354
1356
1357
1360
1361
1362
1364
1365
