2
3
4
5
6
7
8
9
10
11
12
13
14
15
16
17
18
19
20
21
22
23
24
25
26
27
28
29
30
31
32
33
34
35
36
37
38
39
40
41
42
43
44
45
46
47
48
49
50
51
52
53
54
55
56
57
58
59
60
61
62
63
64
65
66
67
68
69
70
71
72
73
74
75
76
77
78
79
80
81
82
83
84
85
86
87
88
89
90
91
92
93
94
95
96
97
99
102
104
105
106
107
108
109
112
113
114
115
116
117
118
119
120
121
122
126
127
128
129
130
134
135
136
137
138
142
143
144
145
146
150
151
152
153
159
160
161
163
176
177
178
182
183
184
185
186
190
191
192
193
195
196
197
199
200
201
203
216
217
219
220
221
223
224
225
227
228
229
231
232
233
235
248
249
251
252
253
255
256
257
259
260
261
263
264
265
267
280
281
283
284
285
287
288
289
291
292
293
295
296
297
299
312
313
315
316
317
319
320
321
323
324
325
327
328
329
331
344
345
347
348
349
351
384
385
386
390
391
392
393
394
398
399
400
401
402
406
407
432
433
434
438
439
440
441
442
446
447
448
449
450
451
452
453
454
455
456
457
458
459
462
463
464
465
466
470
471
472
473
475
476
477
479
480
481
483
484
485
487
488
489
491
496
497
498
502
503
504
505
506
510
511
512
513
514
518
519
520
521
522
526
527
528
529
530
534
535
560
561
562
566
567
568
569
570
574
575
576
577
578
582
583
584
585
586
590
591
592
593
594
598
599
624
625
626
630
631
632
633
634
638
639
640
641
642
646
647
648
649
650
654
655
656
657
658
662
663
688
689
690
694
695
696
697
698
702
703
896
897
898
902
903
904
905
906
910
911
912
913
914
918
919
944
945
946
950
951
952
953
954
958
959
960
961
962
966
967
968
969
970
974
975
976
977
978
982
983
