3
7
8
9
11
17
19
20
21
22
23
24
25
26
27
28
29
30
31
45
49
53
55
56
57
58
60
61
62
64
65
67
72
73
75
81
83
84
85
88
89
91
92
93
95
133
135
136
137
138
148
149
150
151
152
153
154
155
158
159
160
161
163
165
167
169
170
171
176
178
179
180
181
183
184
187
188
192
193
195
199
200
201
202
203
208
209
210
216
217
218
219
220
221
223
224
225
227
232
233
235
243
244
245
248
249
251
252
253
255
362
375
378
379
381
392
393
395
401
409
419
425
427
439
440
442
446
456
458
464
465
466
480
481
483
494
496
497
502
506
510
512
513
515
520
521
523
536
537
538
539
540
541
543
570
574
576
577
579
584
585
587
595
596
597
600
601
603
604
605
607
619
627
628
629
664
665
671
672
673
675
680
681
704
705
707
712
713
715
728
729
731
732
733
735
736
737
739
744
745
747
760
761
763
764
765
767
1178
1226
1232
1233
1234
1242
1338
1342
1368
1369
1374
1375
1387
1395
1396
1397
1432
1433
1439
1440
1441
1443
1448
1449
1536
1537
1539
1544
1545
1547
1560
1561
1563
1564
1565
1567
1600
1601
1603
1608
1609
1611
1619
1620
1621
1624
1625
1627
1628
1629
1631
1728
1729
1731
1736
1737
1739
1752
1753
1755
1756
1757
1759
1760
1761
1763
1768
1769
1771
1784
1785
1787
1788
1789
1791
1792
1793
1795
1800
1801
1803
1816
1817
1819
1820
1821
1823
1856
1857
1859
1864
1865
1867
1880
1881
1883
1884
1885
1887
1984
1985
1987
1992
1993
1995
2008
2009
2011
2012
2013
2015
2016
2017
2019
2024
2025
2027
2040
2041
2043
2044
2045
2047
4096
4097
4099
4104
4105
4107
4120
4121
4123
4124
4125
4127
4160
4161
4163
4168
4169
4171
4184
4185
4187
4188
4189
4191
4288
4289
4291
4296
4297
4299
4312
4313
4315
4316
4317
4319
4320
4321
4323
4328
4329
4331
4344
4345
4347
4348
4349
4351
4608
4609
4611
4616
4617
4619
4632
4633
4635
4636
4637
4639
4672
4673
4675
4680
4681
4683
4696
4697
4699
4700
4701
4703
4800
4801
4803
4808
4809
4811
4824
4825
4827
4828
4829
4831
4832
4833
4835
4840
4841
4843
4856
4857
4859
4860
4861
4863
