5
6
7
8
9
10
11
12
13
14
15
34
35
38
39
40
42
44
45
46
48
49
52
53
54
56
57
58
60
62
64
65
66
67
68
69
70
71
72
73
74
75
76
77
78
79
80
81
84
85
87
89
90
92
94
96
97
100
101
102
104
105
106
108
109
110
111
112
113
120
121
124
125
126
127
298
300
330
336
337
338
342
348
350
352
353
356
362
364
384
385
390
392
393
394
406
414
416
417
422
424
425
426
444
476
480
481
484
508
512
513
518
520
521
522
524
525
526
527
554
556
560
561
564
565
572
576
577
582
584
585
586
588
589
590
591
592
593
596
597
598
606
608
609
616
617
620
621
622
623
624
625
632
633
636
637
638
639
640
641
646
648
649
650
662
670
672
673
678
680
681
682
768
769
776
777
780
781
782
783
832
833
840
841
844
845
846
847
864
865
872
873
876
877
878
879
880
881
888
889
892
893
894
895
896
897
904
905
908
909
910
911
960
961
968
969
972
973
974
975
992
993
1000
1001
1004
1005
1006
1007
1008
1009
1016
1017
1020
1021
1022
1023
