2
3
4
5
6
7
8
9
10
11
12
13
14
15
16
17
18
19
20
21
22
23
24
25
26
27
28
29
30
31
32
33
34
35
36
37
38
39
40
41
42
43
44
45
46
47
48
49
50
51
52
53
54
55
56
57
58
59
60
61
62
63
64
65
66
67
68
69
70
71
72
73
74
75
76
77
78
79
80
81
82
83
84
85
86
87
88
89
90
91
92
93
94
95
96
97
98
99
100
101
102
103
104
105
106
107
108
109
110
111
112
113
114
115
116
117
118
119
120
121
122
123
124
125
126
127
128
129
130
131
132
133
134
135
136
137
138
139
140
141
142
143
144
145
146
147
148
149
150
151
152
153
154
155
156
157
158
159
160
161
162
163
164
165
166
167
168
169
170
171
172
173
174
175
176
177
178
179
180
181
182
183
184
185
186
187
188
189
190
191
192
193
194
195
196
197
198
199
200
201
202
203
204
205
206
207
208
209
210
211
212
213
214
215
216
217
218
219
220
221
222
223
224
225
226
227
228
229
230
231
232
233
234
236
237
238
239
240
241
242
243
244
245
246
247
248
249
250
251
252
253
254
255
256
257
258
259
260
261
262
263
264
265
266
267
268
269
270
271
272
273
274
275
276
277
278
279
280
281
282
283
284
285
286
287
288
289
290
291
292
293
294
295
296
297
298
299
300
301
302
303
304
305
306
307
308
309
310
311
312
313
314
316
317
318
319
320
321
322
323
324
325
326
327
328
329
330
331
332
333
334
335
336
337
338
339
340
341
342
343
344
345
346
347
348
349
350
351
352
353
354
356
357
358
359
360
361
362
363
364
365
366
367
368
369
370
371
372
373
374
375
376
377
378
379
380
382
383
384
385
386
387
388
389
390
391
392
393
394
396
397
398
399
400
401
402
403
404
405
406
407
408
409
410
412
413
414
415
416
417
418
419
420
421
422
423
424
425
426
428
429
430
431
432
433
434
435
436
437
438
439
440
441
442
443
444
445
446
447
448
449
450
451
452
453
454
455
456
457
458
459
460
461
462
463
464
465
466
467
468
469
470
471
472
473
474
475
476
477
478
479
480
481
482
483
484
485
486
487
488
489
490
491
492
493
494
495
496
497
498
499
500
501
502
503
504
505
506
508
510
511
512
513
514
515
516
517
518
519
520
521
522
523
524
525
526
527
528
529
530
531
532
533
534
535
536
537
538
540
541
542
543
544
545
546
547
548
549
550
551
552
553
554
555
556
557
558
559
560
561
562
563
564
565
566
567
568
569
570
571
572
573
574
575
576
577
578
579
580
581
582
583
584
585
586
588
589
590
591
592
593
594
595
596
597
598
599
600
601
602
603
604
605
606
607
608
609
610
611
612
614
615
616
617
618
619
620
621
622
623
624
625
626
627
628
629
630
631
632
633
634
635
636
637
638
639
640
641
642
643
644
645
646
647
648
649
650
651
652
653
654
655
656
657
658
659
660
662
663
664
665
666
668
670
671
672
673
674
675
676
677
678
679
680
681
682
683
684
685
686
687
688
689
690
691
692
693
694
695
696
697
698
699
700
701
702
703
704
705
706
708
709
710
711
712
713
714
715
716
717
718
719
720
721
722
723
724
726
727
728
729
730
732
734
735
736
737
738
740
741
742
743
744
745
746
747
748
749
750
751
752
753
754
755
756
757
758
759
760
761
762
764
765
766
767
768
769
770
771
772
773
774
775
776
777
778
779
780
781
782
783
784
785
786
787
788
789
791
792
793
794
795
796
797
798
799
800
801
802
803
804
805
806
807
808
809
810
811
812
813
814
815
816
817
818
819
820
821
822
823
824
825
826
828
829
830
831
832
833
834
835
836
837
838
839
840
841
842
844
845
846
847
848
849
850
851
852
853
854
855
856
857
858
859
860
861
862
863
864
865
866
867
868
870
871
872
873
874
876
877
878
879
880
881
882
883
884
885
886
887
888
889
892
893
894
895
896
897
898
899
900
902
903
904
905
907
908
909
910
911
912
913
914
915
916
918
919
920
921
922
923
924
925
926
927
928
929
930
932
933
934
935
936
937
938
940
941
943
944
945
948
950
951
952
953
954
955
956
957
958
959
960
961
962
963
964
965
966
967
968
969
970
972
973
974
975
976
977
978
981
982
985
986
987
988
989
990
991
992
993
994
995
996
997
998
999
1000
1001
1003
1004
1005
1006
1007
1008
1009
1010
1011
1012
1013
1014
1015
1016
1017
1020
1021
1022
1023
1024
1025
1026
1027
1029
1030
1031
1032
1033
1034
1035
1036
1037
1038
1039
1040
1041
1042
1043
1044
1045
1046
1047
1048
1049
1050
1051
1052
1053
1054
1055
1056
1057
1058
1059
1060
1062
1063
1064
1065
1066
1068
1069
1070
1071
1072
1073
1076
1077
1078
1079
1080
1081
1082
1083
1084
1085
1086
1087
1088
1089
1090
1091
1092
1093
1094
1095
1096
1097
1098
1100
1101
1102
1103
1104
1105
1106
1108
1109
1111
1112
1113
1114
1115
1116
1118
1119
1120
1121
1122
1123
1125
1126
1127
1128
1129
1130
1131
1132
1133
1134
1135
1136
1137
1138
1139
1140
1142
1143
1144
1145
1146
1148
1149
1150
1151
1152
1153
1154
1155
1156
1159
1160
1161
1162
1163
1164
1165
1166
1167
1168
1169
1170
1171
1173
1174
1175
1176
1177
1178
1180
1181
1182
1183
1184
1185
1188
1189
1190
1191
1192
1193
1196
1197
1198
1199
1200
1201
1202
1204
1205
1206
1209
1210
1212
1214
1216
1217
1218
1219
1220
1221
1222
1223
1224
1225
1226
1227
1228
1229
1230
1231
1232
1233
1234
1237
1238
1239
1241
1242
1243
1246
1248
1249
1250
1251
1252
1254
1255
1256
1257
1258
1259
1260
1261
1262
1263
1264
1265
1266
1267
1268
1269
1270
1271
1272
1273
1276
1277
1278
1279
1280
1281
1282
1286
1288
1289
1290
1292
1293
1296
1297
1298
1300
1301
1302
1305
1309
1310
1313
1314
1316
1317
1318
1319
1320
1321
1322
1324
1325
1326
1327
1328
1329
1332
1333
1335
1336
1338
1340
1344
1345
1346
1348
1349
1350
1352
1353
1354
1356
1357
1359
1360
1361
1362
1364
1365
1366
1367
1368
1370
1371
1374
1375
1376
1377
1378
1381
1382
1383
1386
1387
1388
1390
1391
1392
1393
1394
1396
1397
1398
1400
1401
1402
1403
1407
1408
1409
1411
1412
1413
1414
1416
1418
1421
1422
1424
1425
1426
1429
1430
1431
1432
1433
1434
1435
1436
1440
1441
1443
1444
1445
1446
1448
1449
1450
1451
1452
1454
1456
1458
1461
1462
1463
1464
1465
1467
1468
1472
1473
1477
1479
1482
1495
1503
1504
1505
1508
1510
1512
1513
1516
1519
1520
1521
1524
1533
1534
1536
1537
1538
1539
1540
1541
1542
1544
1545
1546
1548
1549
1550
1551
1552
1553
1554
1555
1556
1558
1559
1560
1561
1562
1564
1565
1566
1567
1568
1569
1570
1571
1572
1573
1574
1575
1576
1577
1578
1583
1584
1590
1591
1592
1593
1595
1596
1597
1598
1600
1601
1602
1603
1605
1606
1607
1608
1609
1612
1613
1614
1615
1616
1617
1618
1620
1621
1622
1624
1625
1626
1627
1628
1629
1630
1631
1632
1633
1634
1635
1636
1638
1639
1640
1641
1642
1643
1644
1645
1646
1647
1648
1649
1650
1651
1653
1654
1655
1656
1657
1658
1659
1660
1661
1662
1663
1664
1665
1666
1667
1668
1669
1670
1672
1673
1674
1676
1679
1680
1681
1684
1686
1687
1688
1689
1690
1691
1692
1694
1696
1697
1698
1699
1700
1701
1702
1703
1704
1705
1706
1707
1708
1710
1712
1713
1714
1718
1719
1720
1721
1723
1724
1728
1729
1733
1735
1740
1751
1753
1756
1758
1760
1761
1764
1765
1766
1767
1771
1772
1774
1775
1776
1777
1778
1780
1783
1788
1790
1792
1793
1794
1795
1796
1797
1800
1801
1803
1804
1805
1806
1807
1808
1809
1810
1811
1813
1814
1815
1816
1817
1819
1820
1821
1822
1823
1824
1825
1828
1831
1833
1839
1840
1844
1846
1847
1848
1849
1850
1855
1856
1857
1858
1859
1860
1862
1863
1864
1865
1868
1869
1870
1871
1872
1873
1874
1876
1878
1879
1881
1882
1884
1886
1887
1888
1889
1890
1891
1892
1895
1896
1897
1898
1900
1901
1902
1903
1904
1905
1906
1907
1908
1909
1910
1911
1912
1913
1914
1916
1917
1918
1919
1920
1921
1922
1923
1924
1926
1927
1928
1929
1930
1932
1933
1934
1935
1936
1937
1938
1939
1944
1945
1946
1948
1949
1950
1951
1952
1954
1956
1958
1967
1968
1972
1974
1975
1976
1978
1980
1982
1984
1985
1986
1987
1992
1993
1994
1996
1997
1998
1999
2005
2006
2012
2014
2016
2017
2018
2019
2020
2024
2025
2028
2029
2030
2031
2032
2033
2034
2035
2040
2041
2044
2045
2046
2047
2048
2049
2051
2052
2053
2054
2055
2056
2057
2058
2060
2062
2063
2066
2069
2070
2072
2074
2076
2078
2080
2081
2082
2083
2084
2085
2086
2087
2088
2089
2090
2091
2092
2093
2095
2096
2097
2099
2100
2101
2102
2103
2104
2105
2108
2110
2111
2112
2113
2115
2116
2117
2118
2119
2120
2121
2123
2124
2126
2127
2128
2129
2131
2132
2133
2137
2144
2145
2146
2148
2150
2151
2153
2154
2160
2161
2164
2166
2167
2168
2169
2170
2172
2174
2175
2176
2177
2180
2184
2185
2188
2191
2192
2193
2196
2197
2198
2202
2204
2206
2208
2212
2213
2215
2216
2217
2218
2219
2220
2222
2223
2224
2225
2226
2227
2228
2229
2230
2232
2236
2239
2240
2241
2243
2244
2245
2248
2249
2251
2252
2254
2255
2256
2257
2259
2260
2261
2262
2263
2265
2268
2270
2272
2273
2276
2286
2288
2290
2300
2302
2304
2305
2307
2308
2309
2310
2311
2312
2313
2314
2316
2318
2319
2322
2325
2326
2328
2329
2330
2332
2334
2336
2337
2339
2340
2341
2342
2343
2344
2345
2346
2347
2348
2349
2351
2352
2353
2355
2356
2357
2358
2359
2360
2361
2364
2366
2367
2368
2369
2371
2372
2373
2376
2377
2378
2379
2381
2382
2383
2384
2385
2386
2387
2388
2389
2390
2392
2393
2394
2395
2396
2398
2399
2400
2401
2404
2405
2407
2408
2409
2410
2411
2412
2413
2415
2420
2422
2423
2424
2425
2426
2427
2428
2431
2432
2433
2435
2436
2437
2438
2439
2440
2441
2442
2444
2446
2447
2450
2452
2454
2455
2456
2457
2458
2460
2464
2465
2466
2467
2468
2469
2470
2471
2472
2474
2476
2479
2480
2481
2484
2486
2487
2488
2489
2490
2492
2494
2495
2496
2497
2500
2502
2503
2504
2505
2506
2508
2509
2510
2511
2512
2513
2517
2518
2521
2522
2524
2528
2529
2532
2534
2535
2544
2545
2548
2550
2551
2552
2553
2556
2558
2559
2560
2561
2563
2564
2565
2566
2568
2569
2570
2581
2582
2584
2586
2588
2590
2592
2593
2595
2596
2597
2598
2599
2600
2601
2602
2605
2612
2615
2620
2623
2624
2625
2628
2629
2632
2633
2634
2637
2638
2640
2641
2642
2644
2646
2647
2648
2650
2651
2652
2654
2655
2661
2663
2664
2665
2666
2667
2669
2670
2671
2672
2674
2677
2678
2680
2682
2683
2687
2688
2689
2690
2691
2692
2693
2694
2695
2696
2697
2698
2700
2701
2702
2703
2704
2705
2706
2710
2712
2714
2716
2720
2721
2723
2724
2725
2726
2727
2728
2729
2730
2731
2732
2733
2735
2736
2737
2739
2740
2741
2742
2744
2750
2752
2753
2755
2756
2757
2760
2763
2766
2767
2768
2769
2771
2772
2773
2774
2775
2776
2777
2778
2779
2780
2782
2783
2784
2785
2788
2793
2794
2795
2796
2797
2798
2799
2800
2801
2802
2804
2805
2806
2808
2810
2811
2812
2814
2815
2816
2817
2818
2820
2822
2823
2824
2825
2826
2828
2829
2831
2832
2833
2836
2837
2838
2839
2841
2842
2844
2848
2849
2852
2853
2856
2857
2858
2860
2861
2863
2864
2865
2868
2869
2880
2881
2882
2884
2885
2886
2888
2889
2890
2892
2893
2894
2896
2897
2898
2900
2901
2902
2904
2906
2907
2908
2910
2911
2912
2913
2916
2917
2920
2921
2922
2923
2924
2925
2927
2934
2936
2938
2939
2943
2959
2964
2966
2967
2969
2972
2987
2988
2991
2992
2993
2995
2996
2997
3001
3007
3008
3009
3011
3012
3013
3014
3015
3019
3023
3024
3025
3027
3028
3029
3030
3032
3034
3035
3039
3051
3055
3062
3064
3066
3067
3071
3072
3073
3074
3075
3076
3077
3078
3079
3080
3081
3082
3084
3085
3086
3087
3088
3089
3092
3093
3094
3096
3098
3102
3104
3105
3107
3108
3109
3110
3111
3112
3114
3115
3116
3117
3119
3120
3121
3123
3124
3125
3126
3127
3128
3129
3132
3134
3135
3136
3137
3138
3139
3140
3141
3142
3143
3144
3145
3146
3147
3148
3149
3150
3151
3152
3153
3155
3156
3157
3158
3159
3161
3164
3168
3169
3172
3174
3175
3177
3180
3183
3184
3185
3188
3190
3191
3192
3193
3196
3198
3199
3215
3220
3230
3232
3236
3241
3243
3244
3245
3247
3248
3249
3251
3252
3253
3254
3256
3262
3264
3265
3267
3268
3269
3272
3275
3278
3279
3280
3281
3282
3283
3284
3285
3286
3287
3289
3292
3294
3296
3298
3303
3305
3306
3308
3309
3311
3312
3313
3316
3317
3318
3319
3326
3328
3329
3330
3331
3332
3333
3334
3335
3336
3337
3338
3340
3341
3342
3343
3344
3345
3348
3349
3350
3352
3354
3360
3361
3363
3364
3365
3366
3367
3368
3370
3371
3372
3373
3375
3376
3377
3379
3380
3381
3382
3383
3384
3385
3388
3390
3391
3392
3393
3394
3395
3396
3397
3398
3400
3401
3402
3403
3404
3405
3407
3408
3409
3411
3412
3413
3414
3415
3417
3418
3420
3422
3424
3431
3433
3434
3439
3444
3446
3447
3448
3456
3457
3460
3462
3463
3464
3465
3468
3470
3471
3482
3484
3488
3489
3490
3492
3494
3495
3504
3505
3508
3510
3511
3512
3513
3514
3516
3518
3519
3520
3521
3522
3524
3526
3527
3528
3529
3530
3532
3533
3534
3535
3536
3537
3540
3541
3542
3545
3546
3548
3550
3552
3553
3556
3558
3559
3561
3566
3567
3568
3569
3570
3572
3574
3575
3576
3577
3580
3582
3583
3584
3585
3586
3588
3590
3591
3592
3593
3594
3596
3598
3599
3600
3601
3602
3614
3616
3617
3620
3622
3623
3626
3628
3631
3632
3633
3636
3638
3639
3640
3641
3644
3646
3647
3648
3649
3650
3652
3654
3655
3656
3657
3658
3660
3661
3662
3663
3664
3666
3670
3671
3673
3676
3678
3680
3681
3684
3685
3686
3687
3688
3689
3690
3692
3693
3695
3696
3697
3700
3702
3703
3704
3705
3708
3710
3711
3727
3732
3733
3734
3742
3744
3748
3749
3752
3753
3758
3760
3762
3765
3766
3772
3774
3786
3789
3797
3798
3804
3808
3809
3812
3818
3820
3823
3828
3831
3840
3841
3842
3844
3846
3847
3848
3849
3852
3854
3855
3856
3857
3858
3860
3863
3865
3866
3868
3870
3872
3873
3876
3878
3879
3881
3887
3888
3889
3892
3894
3895
3896
3897
3900
3902
3903
3912
3918
3919
3924
3951
3959
3960
3961
3962
3964
3967
3968
3969
3972
3974
3975
3976
3977
3980
3982
3983
3986
3988
3990
3991
3993
3994
3996
4000
4001
4004
4006
4007
4010
4012
4015
4016
4017
4020
4022
4023
4024
4025
4028
4030
4031
4032
4033
4034
4036
4038
4039
4040
4041
4044
4046
4047
4048
4049
4052
4057
4058
4060
4064
4065
4066
4068
4070
4071
4073
4079
4080
4081
4084
4086
4087
4088
4089
4090
4092
4094
4095
4096
4097
4098
4099
4100
4101
4102
4103
4104
4105
4106
4108
4109
4110
4111
4112
4113
4114
4115
4116
4117
4118
4120
4121
4122
4124
4125
4126
4127
4128
4129
4130
4131
4132
4133
4134
4135
4136
4137
4138
4139
4140
4141
4143
4144
4145
4147
4148
4149
4150
4151
4152
4153
4156
4158
4159
4160
4161
4162
4163
4164
4165
4166
4167
4168
4169
4170
4171
4172
4173
4174
4175
4176
4177
4178
4179
4180
4181
4182
4183
4185
4186
4188
4190
4192
4193
4194
4195
4196
4198
4199
4200
4201
4202
4204
4205
4206
4207
4208
4209
4210
4211
4212
4214
4215
4216
4217
4220
4221
4222
4223
4224
4225
4226
4227
4230
4231
4232
4233
4234
4236
4237
4238
4239
4240
4241
4242
4243
4245
4246
4248
4249
4250
4252
4253
4254
4255
4256
4257
4258
4261
4262
4263
4264
4265
4266
4267
4270
4271
4272
4273
4274
4275
4276
4277
4278
4288
4289
4290
4291
4292
4293
4296
4297
4299
4300
4301
4302
4303
4304
4305
4306
4307
4308
4309
4316
4318
4320
4321
4322
4323
4324
4327
4328
4329
4330
4332
4333
4334
4335
4336
4337
4338
4339
4340
4343
4344
4345
4348
4349
4350
4351
4352
4353
4355
4356
4357
4358
4359
4360
4361
4362
4364
4366
4367
4368
4369
4372
4373
4374
4375
4376
4377
4378
4380
4382
4384
4385
4387
4388
4389
4390
4391
4392
4393
4394
4395
4396
4397
4399
4400
4401
4403
4404
4405
4406
4407
4408
4409
4412
4414
4415
4416
4417
4419
4420
4421
4424
4425
4426
4427
4429
4430
4431
4432
4433
4434
4435
4436
4437
4438
4439
4441
4444
4446
4448
4449
4450
4452
4453
4454
4456
4457
4458
4460
4461
4470
4472
4480
4481
4482
4484
4486
4487
4488
4489
4490
4492
4494
4495
4500
4502
4503
4505
4508
4510
4512
4513
4514
4516
4518
4519
4520
4521
4522
4524
4527
4528
4529
4532
4534
4535
4536
4537
4540
4542
4543
4544
4545
4546
4548
4550
4551
4552
4553
4554
4556
4557
4558
4559
4565
4566
4572
4576
4577
4580
4582
4583
4591
4592
4593
4596
4598
4599
4600
4601
4604
4606
4607
4608
4609
4610
4611
4612
4613
4614
4615
4616
4617
4618
4620
4621
4622
4623
4624
4625
4626
4627
4628
4629
4630
4632
4633
4636
4637
4638
4639
4640
4641
4644
4645
4646
4647
4648
4649
4650
4652
4653
4656
4657
4660
4661
4662
4663
4664
4665
4668
4670
4671
4672
4673
4674
4675
4676
4677
4678
4679
4680
4681
4682
4684
4685
4686
4687
4688
4689
4690
4692
4693
4694
4695
4698
4702
4704
4705
4706
4707
4708
4710
4711
4712
4713
4714
4716
4717
4718
4719
4720
4721
4722
4723
4724
4726
4727
4728
4729
4732
4733
4734
4735
4736
4737
4738
4742
4743
4744
4745
4746
4752
4753
4754
4756
4758
4759
4762
4764
4766
4768
4769
4770
4772
4774
4776
4777
4778
4779
4780
4781
4783
4784
4785
4787
4788
4789
4790
4791
4792
4793
4796
4798
4799
4800
4801
4803
4804
4805
4810
4811
4815
4816
4817
4818
4819
4820
4821
4822
4823
4824
4826
4827
4830
4831
4843
4844
4845
4847
4848
4849
4852
4853
4854
4856
4858
4859
4862
4863
4864
4865
4866
4867
4868
4870
4871
4872
4873
4874
4876
4877
4878
4879
4880
4881
4882
4883
4884
4885
4888
4889
4892
4893
4894
4895
4896
4897
4900
4902
4903
4908
4909
4912
4913
4916
4917
4918
4919
4920
4921
4924
4926
4927
4928
4929
4930
4931
4934
4936
4937
4938
4940
4941
4942
4943
4944
4945
4948
4949
4950
4952
4954
4955
4959
4960
4961
4962
4963
4968
4969
4971
4972
4973
4974
4975
4976
4977
4978
4979
4982
4983
4984
4985
4986
4987
4988
4989
4990
4991
4992
4993
4994
4995
4996
4998
4999
5000
5001
5004
5005
5006
5007
5008
5009
5010
5011
5012
5015
5016
5017
5018
5020
5021
5022
5023
5024
5025
5028
5030
5031
5034
5035
5036
5039
5040
5041
5043
5044
5045
5046
5047
5048
5049
5052
5054
5055
5056
5057
5058
5059
5060
5061
5062
5063
5064
5065
5067
5068
5069
5070
5071
5072
5073
5075
5076
5077
5078
5080
5082
5083
5087
5088
5089
5090
5091
5092
5094
5095
5096
5097
5099
5100
5101
5102
5103
5104
5105
5106
5107
5108
5110
5111
5112
5113
5114
5115
5116
5117
5118
5119
5120
5121
5122
5123
5124
5125
5126
5127
5128
5129
5130
5132
5133
5136
5137
5138
5140
5141
5142
5144
5146
5152
5153
5155
5156
5157
5158
5160
5162
5163
5164
5165
5167
5168
5169
5171
5172
5173
5175
5176
5177
5180
5183
5184
5185
5186
5187
5188
5189
5190
5191
5192
5193
5194
5195
5196
5197
5199
5200
5201
5202
5203
5204
5205
5207
5210
5231
5248
5249
5250
5255
5256
5257
5258
5264
5265
5266
5268
5271
5274
5276
5280
5281
5284
5291
5292
5293
5295
5296
5297
5299
5300
5301
5302
5303
5304
5305
5308
5310
5311
5312
5313
5315
5316
5317
5322
5323
5327
5328
5329
5330
5331
5332
5333
5334
5335
5338
5340
5342
5344
5345
5348
5354
5356
5357
5360
5361
5364
5365
5366
5374
5376
5377
5378
5379
5380
5381
5382
5383
5384
5385
5386
5388
5389
5392
5393
5396
5397
5398
5399
5400
5402
5404
5408
5409
5411
5412
5413
5414
5416
5418
5419
5420
5421
5423
5424
5425
5427
5428
5429
5440
5441
5442
5443
5444
5445
5446
5448
5449
5450
5451
5452
5453
5455
5456
5457
5459
5460
5461
5462
5463
5465
5468
5470
5472
5473
5474
5478
5480
5481
5482
5494
5496
5504
5505
5506
5508
5510
5511
5512
5513
5514
5518
5519
5524
5526
5527
5529
5532
5534
5536
5537
5538
5542
5544
5545
5546
5548
5549
5551
5552
5553
5556
5557
5558
5559
5560
5561
5564
5566
5567
5568
5569
5570
5572
5574
5575
5576
5577
5590
5596
5598
5600
5601
5604
5612
5613
5615
5616
5617
5620
5621
5622
5623
5624
5625
5628
5630
5631
5689
5695
5696
5697
5700
5702
5703
5706
5712
5713
5714
5716
5718
5719
5721
5722
5724
5732
5737
5740
5743
5744
5745
5760
5761
5762
5767
5768
5769
5770
5776
5777
5778
5780
5783
5786
5788
5792
5793
5796
5804
5805
5807
5808
5809
5812
5813
5814
5815
5816
5817
5820
5822
5823
5832
5834
5838
5840
5841
5842
5844
5846
5847
5849
5850
5852
5854
5856
5860
5865
5868
5869
5871
5872
5873
5876
5877
5878
5886
5888
5889
5892
5894
5895
5903
5908
5910
5911
5913
5916
5974
5982
5984
5985
5986
5990
5992
5993
5994
6016
6017
6018
6022
6024
6025
6026
6038
6046
6048
6049
6050
6054
6056
6057
6058
6060
6061
6064
6065
6068
6069
6070
6078
6102
6110
6124
6125
6128
6129
6132
6133
6134
6142
6144
6145
6146
6147
6148
6150
6151
6152
6153
6154
6156
6157
6158
6159
6160
6161
6162
6163
6164
6165
6168
6169
6172
6173
6174
6175
6176
6177
6180
6182
6183
6188
6189
6192
6193
6196
6197
6198
6199
6200
6201
6204
6206
6207
6208
6209
6210
6211
6212
6214
6215
6216
6217
6218
6220
6221
6222
6223
6224
6225
6228
6229
6230
6238
6240
6241
6242
6243
6244
6246
6247
6248
6249
6250
6252
6253
6254
6255
6256
6257
6258
6259
6260
6262
6263
6264
6265
6268
6269
6270
6271
6272
6273
6274
6275
6278
6280
6281
6282
6284
6285
6286
6287
6288
6289
6290
6291
6294
6296
6297
6300
6301
6302
6303
6304
6305
6306
6310
6312
6313
6314
6336
6337
6338
6339
6344
6345
6348
6349
6350
6351
6368
6369
6370
6371
6372
6376
6377
6380
6381
6382
6383
6384
6385
6386
6387
6392
6393
6396
6397
6398
6399
6400
6401
6404
6406
6407
6408
6409
6412
6414
6415
6420
6422
6423
6425
6428
6430
6432
6433
6436
6438
6439
6441
6448
6449
6452
6454
6455
6456
6457
6460
6462
6463
6472
6478
6479
6484
6486
6494
6496
6497
6498
6502
6504
6505
6506
6528
6529
6530
6532
6534
6535
6536
6537
6538
6540
6542
6543
6550
6558
6560
6561
6562
6564
6566
6567
6568
6569
6570
6576
6577
6580
6582
6583
6584
6585
6588
6590
6591
6592
6593
6596
6598
6599
6600
6601
6604
6606
6607
6612
6624
6625
6628
6630
6631
6633
6640
6641
6644
6646
6647
6648
6649
6652
6654
6655
6656
6657
6658
6659
6662
6664
6665
6666
6668
6669
6670
6671
6672
6673
6674
6675
6676
6677
6680
6681
6684
6685
6686
6687
6700
6701
6704
6705
6708
6709
6713
6719
6720
6721
6722
6723
6724
6726
6727
6728
6729
6730
6732
6733
6734
6735
6736
6737
6740
6741
6742
6743
6745
6748
6750
6752
6753
6754
6755
6756
6758
6760
6761
6762
6764
6765
6766
6767
6768
6769
6770
6771
6774
6776
6777
6780
6781
6782
6783
6784
6785
6786
6790
6792
6793
6794
6799
6804
6806
6814
6816
6817
6818
6820
6822
6824
6825
6826
6828
6831
6832
6833
6838
6840
6856
6862
6870
6871
6873
6876
6878
6880
6884
6889
6892
6895
6896
6897
6912
6913
6914
6915
6916
6918
6919
6920
6921
6924
6925
6926
6927
6928
6929
6930
6931
6932
6934
6935
6936
6937
6940
6941
6942
6943
6976
6977
6978
6979
6984
6985
6988
6989
6990
6991
7008
7009
7010
7011
7016
7017
7020
7021
7022
7023
7024
7025
7026
7027
7031
7032
7033
7036
7037
7038
7039
7040
7041
7042
7043
7048
7049
7052
7053
7054
7055
7056
7057
7058
7059
7060
7062
7063
7064
7065
7066
7068
7069
7070
7071
7082
7084
7087
7088
7089
7095
7096
7097
7100
7103
7104
7105
7106
7107
7108
7110
7111
7112
7113
7116
7117
7118
7119
7132
7136
7137
7138
7139
7140
7144
7145
7148
7149
7150
7151
7152
7153
7154
7155
7159
7160
7161
7164
7165
7166
7167
7168
7169
7170
7171
7172
7174
7175
7176
7177
7180
7181
7182
7183
7184
7185
7186
7187
7192
7193
7196
7197
7198
7199
7200
7201
7204
7206
7207
7212
7215
7216
7217
7220
7222
7223
7224
7225
7228
7230
7231
7232
7233
7234
7235
7236
7238
7239
7240
7241
7244
7245
7246
7247
7254
7255
7257
7260
7264
7265
7266
7267
7268
7270
7271
7272
7273
7276
7277
7278
7279
7280
7281
7282
7283
7284
7286
7287
7288
7289
7292
7293
7294
7295
7296
7297
7298
7299
7304
7305
7308
7309
7310
7311
7312
7313
7314
7315
7316
7319
7320
7321
7322
7324
7325
7326
7327
7328
7329
7332
7351
7352
7353
7356
7359
7360
7361
7362
7363
7368
7369
7370
7372
7373
7374
7375
7376
7377
7378
7380
7383
7386
7392
7393
7394
7395
7400
7401
7404
7405
7406
7407
7408
7409
7410
7411
7416
7417
7420
7421
7422
7423
7424
7425
7428
7430
7431
7432
7433
7436
7438
7439
7456
7457
7460
7462
7463
7466
7468
7471
7472
7473
7476
7478
7479
7480
7481
7484
7486
7487
7498
7504
7505
7506
7516
7520
7521
7524
7530
7532
7535
7543
7544
7545
7548
7551
7552
7553
7556
7558
7559
7560
7561
7564
7566
7567
7572
7575
7578
7584
7585
7588
7590
7591
7594
7596
7599
7600
7601
7604
7606
7607
7608
7609
7612
7614
7615
7616
7617
7620
7622
7623
7624
7625
7628
7630
7631
7648
7649
7652
7654
7655
7664
7665
7668
7670
7671
7672
7673
7676
7678
7679
7680
7681
7682
7683
7684
7686
7687
7688
7689
7692
7693
7694
7695
7696
7697
7698
7699
7704
7705
7708
7709
7710
7711
7712
7713
7716
7718
7719
7728
7729
7732
7734
7735
7736
7737
7740
7742
7743
7744
7745
7746
7747
7748
7750
7751
7752
7753
7756
7757
7758
7759
7776
7777
7778
7779
7780
7782
7783
7784
7785
7788
7789
7790
7791
7792
7793
7794
7795
7796
7798
7799
7800
7801
7804
7805
7806
7807
7936
7937
7938
7939
7940
7942
7943
7944
7945
7948
7949
7950
7951
7952
7953
7954
7955
7960
7961
7964
7965
7966
7967
7968
7969
7972
7974
7975
7984
7985
7988
7990
7991
7992
7993
7996
7998
7999
8000
8001
8002
8003
8008
8009
8012
8013
8014
8015
8032
8033
8034
8035
8040
8041
8044
8045
8046
8047
8048
8049
8050
8051
8056
8057
8060
8061
8062
8063
8064
8065
8066
8067
8068
8070
8071
8072
8073
8076
8077
8078
8079
8080
8081
8082
8083
8088
8089
8092
8093
8094
8095
8096
8097
8100
8102
8103
8112
8113
8116
8118
8119
8120
8121
8124
8126
8127
8128
8129
8130
8131
8132
8134
8135
8136
8137
8140
8141
8142
8143
8160
8161
8162
8163
8164
8166
8167
8168
8169
8172
8173
8174
8175
8176
8177
8178
8179
8180
8182
8183
8184
8185
8188
8189
8190
8191
8192
8193
8194
8195
8198
8199
8200
8201
8202
8204
8205
8206
8207
8208
8209
8210
8211
8212
8213
8216
8217
8220
8221
8222
8223
8234
8236
8237
8240
8241
8244
8245
8247
8248
8249
8252
8255
8256
8257
8258
8259
8262
8263
8264
8265
8266
8268
8269
8270
8271
8272
8273
8274
8276
8277
8278
8279
8282
8286
8288
8289
8290
8291
8294
8296
8297
8298
8300
8301
8302
8303
8304
8305
8306
8307
8312
8313
8316
8317
8318
8319
8320
8321
8322
8323
8326
8327
8328
8329
8330
8332
8333
8334
8335
8336
8337
8338
8339
8342
8344
8345
8348
8349
8350
8351
8352
8353
8354
8358
8360
8361
8362
8384
8385
8386
8387
8392
8393
8396
8397
8398
8399
8416
8417
8418
8419
8424
8425
8428
8429
8430
8431
8432
8433
8434
8435
8440
8441
8444
8445
8446
8447
8490
8492
8495
8522
8528
8529
8530
8534
8540
8542
8544
8545
8546
8548
8550
8552
8553
8554
8556
8576
8577
8578
8582
8584
8585
8586
8598
8606
8608
8609
8610
8614
8616
8617
8618
8631
8632
8633
8636
8639
8640
8641
8642
8647
8648
8649
8668
8672
8673
8676
8687
8695
8696
8697
8700
8703
8704
8705
8706
8707
8710
8711
8712
8713
8714
8716
8717
8718
8719
8720
8721
8722
8723
8724
8725
8728
8729
8732
8733
8734
8735
8746
8748
8749
8752
8753
8756
8757
8759
8760
8761
8764
8767
8768
8769
8770
8771
8774
8775
8776
8777
8778
8780
8781
8782
8783
8784
8785
8786
8788
8789
8790
8791
8794
8798
8800
8801
8802
8803
8806
8808
8809
8810
8812
8813
8814
8815
8816
8817
8818
8819
8824
8825
8828
8829
8830
8831
8832
8833
8834
8838
8839
8840
8841
8842
8848
8849
8850
8852
8854
8855
8858
8860
8862
8864
8865
8866
8868
8870
8872
8873
8874
8887
8888
8889
8892
8895
8906
8912
8913
8914
8916
8919
8922
8960
8961
8962
8963
8968
8969
8972
8973
8974
8975
8976
8977
8978
8979
8984
8985
8988
8989
8990
8991
9024
9025
9026
9027
9032
9033
9036
9037
9038
9039
9056
9057
9058
9059
9064
9065
9068
9069
9070
9071
9072
9073
9074
9075
9079
9080
9081
9084
9085
9086
9087
9088
9089
9090
9091
9096
9097
9100
9101
9102
9103
9104
9105
9106
9107
9108
9111
9112
9113
9114
9116
9117
9118
9119
9130
9132
9135
9152
9153
9154
9155
9160
9161
9164
9165
9166
9167
9184
9185
9186
9187
9192
9193
9196
9197
9198
9199
9200
9201
9202
9203
9208
9209
9212
9213
9214
9215
9216
9217
9218
9219
9223
9224
9225
9226
9228
9229
9230
9231
9232
9233
9234
9235
9240
9241
9244
9245
9246
9247
9258
9260
9271
9272
9273
9276
9279
9280
9281
9282
9283
9287
9288
9289
9290
9292
9293
9294
9295
9296
9297
9298
9300
9303
9306
9312
9313
9314
9315
9320
9321
9324
9325
9326
9327
9328
9329
9330
9331
9336
9337
9340
9341
9342
9343
9344
9345
9346
9347
9351
9352
9353
9354
9356
9357
9358
9359
9360
9361
9362
9363
9368
9369
9372
9373
9374
9375
9408
9409
9410
9411
9416
9417
9420
9421
9422
9423
9440
9441
9442
9443
9448
9449
9452
9453
9454
9455
9456
9457
9458
9459
9464
9465
9468
9469
9470
9471
9558
9566
9568
9569
9570
9574
9576
9577
9578
9600
9601
9602
9606
9608
9609
9610
9622
9630
9632
9633
9634
9638
9640
9641
9642
9644
9645
9648
9649
9652
9653
9654
9662
9686
9694
9708
9709
9712
9713
9716
9717
9718
9726
9728
9729
9730
9731
9736
9737
9740
9741
9742
9743
9744
9745
9746
9747
9752
9753
9756
9757
9758
9759
9792
9793
9794
9795
9800
9801
9804
9805
9806
9807
9824
9825
9826
9827
9832
9833
9836
9837
9838
9839
9840
9841
9842
9843
9848
9849
9852
9853
9854
9855
9900
9901
9904
9905
9908
9909
9910
9918
9942
9950
9964
9965
9968
9969
9972
9973
9974
9982
9984
9985
9986
9987
9992
9993
9996
9997
9998
9999
10000
10001
10002
10003
10008
10009
10012
10013
10014
10015
10048
10049
10050
10051
10056
10057
10060
10061
10062
10063
10070
10078
10080
10081
10082
10083
10086
10088
10089
10090
10092
10093
10094
10095
10096
10097
10098
10099
10104
10105
10108
10109
10110
10111
10112
10113
10114
10115
10118
10120
10121
10122
10124
10125
10126
10127
10128
10129
10130
10131
10134
10136
10137
10140
10141
10142
10143
10144
10145
10146
10150
10152
10153
10154
10156
10157
10160
10161
10164
10165
10166
10174
10176
10177
10178
10179
10184
10185
10188
10189
10190
10191
10198
10206
10208
10209
10210
10211
10216
10217
10220
10221
10222
10223
10224
10225
10226
10227
10228
10229
10230
10232
10233
10236
10237
10238
10239
10240
10241
10242
10246
10248
10249
10250
10252
10253
10256
10257
10260
10261
10284
10285
10288
10289
10292
10293
10304
10305
10306
10310
10312
10313
10314
10316
10317
10320
10321
10324
10325
10326
10334
10336
10337
10338
10342
10344
10345
10346
10368
10369
10370
10374
10376
10377
10378
10390
10398
10400
10401
10402
10406
10408
10409
10410
10582
10590
10592
10593
10594
10598
10600
10601
10602
10624
10625
10626
10630
10632
10633
10634
10646
10654
10656
10657
10658
10662
10664
10665
10666
10752
10753
10754
10758
10760
10761
10762
10764
10765
10768
10769
10772
10773
10796
10797
10800
10801
10804
10805
10816
10817
10818
10822
10824
10825
10826
10828
10829
10832
10833
10836
10837
10838
10846
10848
10849
10850
10854
10856
10857
10858
10880
10881
10882
10886
10888
10889
10890
10902
10910
10912
10913
10914
10918
10920
10921
10922
12288
12289
12290
12291
12296
12297
12300
12301
12302
12303
12304
12305
12306
12307
12312
12313
12316
12317
12318
12319
12352
12353
12354
12355
12360
12361
12364
12365
12366
12367
12384
12385
12386
12387
12392
12393
12396
12397
12398
12399
12400
12401
12402
12403
12408
12409
12412
12413
12414
12415
12416
12417
12418
12419
12424
12425
12428
12429
12430
12431
12432
12433
12434
12435
12440
12441
12444
12445
12446
12447
12480
12481
12482
12483
12488
12489
12492
12493
12494
12495
12512
12513
12514
12515
12520
12521
12524
12525
12526
12527
12528
12529
12530
12531
12536
12537
12540
12541
12542
12543
12800
12801
12802
12803
12808
12809
12812
12813
12814
12815
12816
12817
12818
12819
12824
12825
12828
12829
12830
12831
12864
12865
12866
12867
12872
12873
12876
12877
12878
12879
12896
12897
12898
12899
12904
12905
12908
12909
12910
12911
12912
12913
12914
12915
12920
12921
12924
12925
12926
12927
13056
13057
13058
13059
13064
13065
13068
13069
13070
13071
13072
13073
13074
13075
13080
13081
13084
13085
13086
13087
13120
13121
13122
13123
13128
13129
13132
13133
13134
13135
13152
13153
13154
13155
13160
13161
13164
13165
13166
13167
13168
13169
13170
13171
13176
13177
13180
13181
13182
13183
13184
13185
13186
13187
13192
13193
13196
13197
13198
13199
13200
13201
13202
13203
13208
13209
13212
13213
13214
13215
13248
13249
13250
13251
13256
13257
13260
13261
13262
13263
13280
13281
13282
13283
13288
13289
13292
13293
13294
13295
13296
13297
13298
13299
13304
13305
13308
13309
13310
13311
14336
14337
14338
14339
14344
14345
14348
14349
14350
14351
14352
14353
14354
14355
14360
14361
14364
14365
14366
14367
14400
14401
14402
14403
14408
14409
14412
14413
14414
14415
14432
14433
14434
14435
14440
14441
14444
14445
14446
14447
14448
14449
14450
14451
14456
14457
14460
14461
14462
14463
14464
14465
14466
14467
14472
14473
14476
14477
14478
14479
14480
14481
14482
14483
14488
14489
14492
14493
14494
14495
14528
14529
14530
14531
14536
14537
14540
14541
14542
14543
14560
14561
14562
14563
14568
14569
14572
14573
14574
14575
14576
14577
14578
14579
14584
14585
14588
14589
14590
14591
14848
14849
14850
14851
14856
14857
14860
14861
14862
14863
14864
14865
14866
14867
14872
14873
14876
14877
14878
14879
14912
14913
14914
14915
14920
14921
14924
14925
14926
14927
14944
14945
14946
14947
14952
14953
14956
14957
14958
14959
14960
14961
14962
14963
14968
14969
14972
14973
14974
14975
15104
15105
15106
15107
15112
15113
15116
15117
15118
15119
15120
15121
15122
15123
15128
15129
15132
15133
15134
15135
15168
15169
15170
15171
15176
15177
15180
15181
15182
15183
15200
15201
15202
15203
15208
15209
15212
15213
15214
15215
15216
15217
15218
15219
15224
15225
15228
15229
15230
15231
15232
15233
15234
15235
15240
15241
15244
15245
15246
15247
15248
15249
15250
15251
15256
15257
15260
15261
15262
15263
15296
15297
15298
15299
15304
15305
15308
15309
15310
15311
15328
15329
15330
15331
15336
15337
15340
15341
15342
15343
15344
15345
15346
15347
15352
15353
15356
15357
15358
15359
15360
15361
15362
15363
15368
15369
15372
15373
15374
15375
15376
15377
15378
15379
15384
15385
15388
15389
15390
15391
15424
15425
15426
15427
15432
15433
15436
15437
15438
15439
15456
15457
15458
15459
15464
15465
15468
15469
15470
15471
15472
15473
15474
15475
15480
15481
15484
15485
15486
15487
15488
15489
15490
15491
15496
15497
15500
15501
15502
15503
15504
15505
15506
15507
15512
15513
15516
15517
15518
15519
15552
15553
15554
15555
15560
15561
15564
15565
15566
15567
15584
15585
15586
15587
15592
15593
15596
15597
15598
15599
15600
15601
15602
15603
15608
15609
15612
15613
15614
15615
15872
15873
15874
15875
15880
15881
15884
15885
15886
15887
15888
15889
15890
15891
15896
15897
15900
15901
15902
15903
15936
15937
15938
15939
15944
15945
15948
15949
15950
15951
15968
15969
15970
15971
15976
15977
15980
15981
15982
15983
15984
15985
15986
15987
15992
15993
15996
15997
15998
15999
16128
16129
16130
16131
16136
16137
16140
16141
16142
16143
16144
16145
16146
16147
16152
16153
16156
16157
16158
16159
16192
16193
16194
16195
16200
16201
16204
16205
16206
16207
16224
16225
16226
16227
16232
16233
16236
16237
16238
16239
16240
16241
16242
16243
16248
16249
16252
16253
16254
16255
16256
16257
16258
16259
16264
16265
16268
16269
16270
16271
16272
16273
16274
16275
16280
16281
16284
16285
16286
16287
16320
16321
16322
16323
16328
16329
16332
16333
16334
16335
16352
16353
16354
16355
16360
16361
16364
16365
16366
16367
16368
16369
16370
16371
16376
16377
16380
16381
16382
16383
16384
16385
16388
16390
16391
16392
16393
16396
16398
16399
16416
16417
16420
16422
16423
16432
16433
16436
16438
16439
16440
16441
16444
16446
16447
16448
16449
16452
16454
16455
16456
16457
16460
16462
16463
16480
16481
16484
16486
16487
16496
16497
16500
16502
16503
16504
16505
16508
16510
16511
16640
16641
16644
16646
16647
16648
16649
16652
16654
16655
16672
16673
16676
16678
16679
16688
16689
16692
16694
16695
16696
16697
16700
16702
16703
16768
16769
16772
16774
16775
16776
16777
16780
16782
16783
16800
16801
16804
16806
16807
16816
16817
16820
16822
16823
16824
16825
16828
16830
16831
16832
16833
16836
16838
16839
16840
16841
16844
16846
16847
16864
16865
16868
16870
16871
16880
16881
16884
16886
16887
16888
16889
16892
16894
16895
16896
16897
16900
16902
16903
16904
16905
16908
16910
16911
16928
16929
16932
16934
16935
16944
16945
16948
16950
16951
16952
16953
16956
16958
16959
16960
16961
16964
16966
16967
16968
16969
16972
16974
16975
16992
16993
16996
16998
16999
17008
17009
17012
17014
17015
17016
17017
17020
17022
17023
17152
17153
17156
17158
17159
17160
17161
17164
17166
17167
17184
17185
17188
17190
17191
17200
17201
17204
17206
17207
17208
17209
17212
17214
17215
17280
17281
17284
17286
17287
17288
17289
17292
17294
17295
17312
17313
17316
17318
17319
17328
17329
17332
17334
17335
17336
17337
17340
17342
17343
17344
17345
17348
17350
17351
17352
17353
17356
17358
17359
17376
17377
17380
17382
17383
17392
17393
17396
17398
17399
17400
17401
17404
17406
17407
18432
18433
18436
18438
18439
18440
18441
18444
18446
18447
18464
18465
18468
18470
18471
18480
18481
18484
18486
18487
18488
18489
18492
18494
18495
18496
18497
18500
18502
18503
18504
18505
18508
18510
18511
18528
18529
18532
18534
18535
18544
18545
18548
18550
18551
18552
18553
18556
18558
18559
18688
18689
18692
18694
18695
18696
18697
18700
18702
18703
18720
18721
18724
18726
18727
18736
18737
18740
18742
18743
18744
18745
18748
18750
18751
18816
18817
18820
18822
18823
18824
18825
18828
18830
18831
18848
18849
18852
18854
18855
18864
18865
18868
18870
18871
18872
18873
18876
18878
18879
18880
18881
18884
18886
18887
18888
18889
18892
18894
18895
18912
18913
18916
18918
18919
18928
18929
18932
18934
18935
18936
18937
18940
18942
18943
19456
19457
19460
19462
19463
19464
19465
19468
19470
19471
19488
19489
19492
19494
19495
19504
19505
19508
19510
19511
19512
19513
19516
19518
19519
19520
19521
19524
19526
19527
19528
19529
19532
19534
19535
19552
19553
19556
19558
19559
19568
19569
19572
19574
19575
19576
19577
19580
19582
19583
19712
19713
19716
19718
19719
19720
19721
19724
19726
19727
19744
19745
19748
19750
19751
19760
19761
19764
19766
19767
19768
19769
19772
19774
19775
19840
19841
19844
19846
19847
19848
19849
19852
19854
19855
19872
19873
19876
19878
19879
19888
19889
19892
19894
19895
19896
19897
19900
19902
19903
19904
19905
19908
19910
19911
19912
19913
19916
19918
19919
19936
19937
19940
19942
19943
19952
19953
19956
19958
19959
19960
19961
19964
19966
19967
19968
19969
19972
19974
19975
19976
19977
19980
19982
19983
20000
20001
20004
20006
20007
20016
20017
20020
20022
20023
20024
20025
20028
20030
20031
20032
20033
20036
20038
20039
20040
20041
20044
20046
20047
20064
20065
20068
20070
20071
20080
20081
20084
20086
20087
20088
20089
20092
20094
20095
20224
20225
20228
20230
20231
20232
20233
20236
20238
20239
20256
20257
20260
20262
20263
20272
20273
20276
20278
20279
20280
20281
20284
20286
20287
20352
20353
20356
20358
20359
20360
20361
20364
20366
20367
20384
20385
20388
20390
20391
20400
20401
20404
20406
20407
20408
20409
20412
20414
20415
20416
20417
20420
20422
20423
20424
20425
20428
20430
20431
20448
20449
20452
20454
20455
20464
20465
20468
20470
20471
20472
20473
20476
20478
20479
24576
24577
24580
24582
24583
24584
24585
24588
24590
24591
24608
24609
24612
24614
24615
24624
24625
24628
24630
24631
24632
24633
24636
24638
24639
24640
24641
24644
24646
24647
24648
24649
24652
24654
24655
24672
24673
24676
24678
24679
24688
24689
24692
24694
24695
24696
24697
24700
24702
24703
24832
24833
24836
24838
24839
24840
24841
24844
24846
24847
24864
24865
24868
24870
24871
24880
24881
24884
24886
24887
24888
24889
24892
24894
24895
24960
24961
24964
24966
24967
24968
24969
24972
24974
24975
24992
24993
24996
24998
24999
25008
25009
25012
25014
25015
25016
25017
25020
25022
25023
25024
25025
25028
25030
25031
25032
25033
25036
25038
25039
25056
25057
25060
25062
25063
25072
25073
25076
25078
25079
25080
25081
25084
25086
25087
25088
25089
25092
25094
25095
25096
25097
25100
25102
25103
25120
25121
25124
25126
25127
25136
25137
25140
25142
25143
25144
25145
25148
25150
25151
25152
25153
25156
25158
25159
25160
25161
25164
25166
25167
25184
25185
25188
25190
25191
25200
25201
25204
25206
25207
25208
25209
25212
25214
25215
25344
25345
25348
25350
25351
25352
25353
25356
25358
25359
25376
25377
25380
25382
25383
25392
25393
25396
25398
25399
25400
25401
25404
25406
25407
25472
25473
25476
25478
25479
25480
25481
25484
25486
25487
25504
25505
25508
25510
25511
25520
25521
25524
25526
25527
25528
25529
25532
25534
25535
25536
25537
25540
25542
25543
25544
25545
25548
25550
25551
25568
25569
25572
25574
25575
25584
25585
25588
25590
25591
25592
25593
25596
25598
25599
26624
26625
26628
26630
26631
26632
26633
26636
26638
26639
26656
26657
26660
26662
26663
26672
26673
26676
26678
26679
26680
26681
26684
26686
26687
26688
26689
26692
26694
26695
26696
26697
26700
26702
26703
26720
26721
26724
26726
26727
26736
26737
26740
26742
26743
26744
26745
26748
26750
26751
26880
26881
26884
26886
26887
26888
26889
26892
26894
26895
26912
26913
26916
26918
26919
26928
26929
26932
26934
26935
26936
26937
26940
26942
26943
27008
27009
27012
27014
27015
27016
27017
27020
27022
27023
27040
27041
27044
27046
27047
27056
27057
27060
27062
27063
27064
27065
27068
27070
27071
27072
27073
27076
27078
27079
27080
27081
27084
27086
27087
27104
27105
27108
27110
27111
27120
27121
27124
27126
27127
27128
27129
27132
27134
27135
27648
27649
27652
27654
27655
27656
27657
27660
27662
27663
27680
27681
27684
27686
27687
27696
27697
27700
27702
27703
27704
27705
27708
27710
27711
27712
27713
27716
27718
27719
27720
27721
27724
27726
27727
27744
27745
27748
27750
27751
27760
27761
27764
27766
27767
27768
27769
27772
27774
27775
27904
27905
27908
27910
27911
27912
27913
27916
27918
27919
27936
27937
27940
27942
27943
27952
27953
27956
27958
27959
27960
27961
27964
27966
27967
28032
28033
28036
28038
28039
28040
28041
28044
28046
28047
28064
28065
28068
28070
28071
28080
28081
28084
28086
28087
28088
28089
28092
28094
28095
28096
28097
28100
28102
28103
28104
28105
28108
28110
28111
28128
28129
28132
28134
28135
28144
28145
28148
28150
28151
28152
28153
28156
28158
28159
28160
28161
28164
28166
28167
28168
28169
28172
28174
28175
28192
28193
28196
28198
28199
28208
28209
28212
28214
28215
28216
28217
28220
28222
28223
28224
28225
28228
28230
28231
28232
28233
28236
28238
28239
28256
28257
28260
28262
28263
28272
28273
28276
28278
28279
28280
28281
28284
28286
28287
28416
28417
28420
28422
28423
28424
28425
28428
28430
28431
28448
28449
28452
28454
28455
28464
28465
28468
28470
28471
28472
28473
28476
28478
28479
28544
28545
28548
28550
28551
28552
28553
28556
28558
28559
28576
28577
28580
28582
28583
28592
28593
28596
28598
28599
28600
28601
28604
28606
28607
28608
28609
28612
28614
28615
28616
28617
28620
28622
28623
28640
28641
28644
28646
28647
28656
28657
28660
28662
28663
28664
28665
28668
28670
28671
28672
28673
28676
28678
28679
28680
28681
28684
28686
28687
28704
28705
28708
28710
28711
28720
28721
28724
28726
28727
28728
28729
28732
28734
28735
28736
28737
28740
28742
28743
28744
28745
28748
28750
28751
28768
28769
28772
28774
28775
28784
28785
28788
28790
28791
28792
28793
28796
28798
28799
28928
28929
28932
28934
28935
28936
28937
28940
28942
28943
28960
28961
28964
28966
28967
28976
28977
28980
28982
28983
28984
28985
28988
28990
28991
29056
29057
29060
29062
29063
29064
29065
29068
29070
29071
29088
29089
29092
29094
29095
29104
29105
29108
29110
29111
29112
29113
29116
29118
29119
29120
29121
29124
29126
29127
29128
29129
29132
29134
29135
29152
29153
29156
29158
29159
29168
29169
29172
29174
29175
29176
29177
29180
29182
29183
29184
29185
29188
29190
29191
29192
29193
29196
29198
29199
29216
29217
29220
29222
29223
29232
29233
29236
29238
29239
29240
29241
29244
29246
29247
29248
29249
29252
29254
29255
29256
29257
29260
29262
29263
29280
29281
29284
29286
29287
29296
29297
29300
29302
29303
29304
29305
29308
29310
29311
29440
29441
29444
29446
29447
29448
29449
29452
29454
29455
29472
29473
29476
29478
29479
29488
29489
29492
29494
29495
29496
29497
29500
29502
29503
29568
29569
29572
29574
29575
29576
29577
29580
29582
29583
29600
29601
29604
29606
29607
29616
29617
29620
29622
29623
29624
29625
29628
29630
29631
29632
29633
29636
29638
29639
29640
29641
29644
29646
29647
29664
29665
29668
29670
29671
29680
29681
29684
29686
29687
29688
29689
29692
29694
29695
30720
30721
30724
30726
30727
30728
30729
30732
30734
30735
30752
30753
30756
30758
30759
30768
30769
30772
30774
30775
30776
30777
30780
30782
30783
30784
30785
30788
30790
30791
30792
30793
30796
30798
30799
30816
30817
30820
30822
30823
30832
30833
30836
30838
30839
30840
30841
30844
30846
30847
30976
30977
30980
30982
30983
30984
30985
30988
30990
30991
31008
31009
31012
31014
31015
31024
31025
31028
31030
31031
31032
31033
31036
31038
31039
31104
31105
31108
31110
31111
31112
31113
31116
31118
31119
31136
31137
31140
31142
31143
31152
31153
31156
31158
31159
31160
31161
31164
31166
31167
31168
31169
31172
31174
31175
31176
31177
31180
31182
31183
31200
31201
31204
31206
31207
31216
31217
31220
31222
31223
31224
31225
31228
31230
31231
31744
31745
31748
31750
31751
31752
31753
31756
31758
31759
31776
31777
31780
31782
31783
31792
31793
31796
31798
31799
31800
31801
31804
31806
31807
31808
31809
31812
31814
31815
31816
31817
31820
31822
31823
31840
31841
31844
31846
31847
31856
31857
31860
31862
31863
31864
31865
31868
31870
31871
32000
32001
32004
32006
32007
32008
32009
32012
32014
32015
32032
32033
32036
32038
32039
32048
32049
32052
32054
32055
32056
32057
32060
32062
32063
32128
32129
32132
32134
32135
32136
32137
32140
32142
32143
32160
32161
32164
32166
32167
32176
32177
32180
32182
32183
32184
32185
32188
32190
32191
32192
32193
32196
32198
32199
32200
32201
32204
32206
32207
32224
32225
32228
32230
32231
32240
32241
32244
32246
32247
32248
32249
32252
32254
32255
32256
32257
32260
32262
32263
32264
32265
32268
32270
32271
32288
32289
32292
32294
32295
32304
32305
32308
32310
32311
32312
32313
32316
32318
32319
32320
32321
32324
32326
32327
32328
32329
32332
32334
32335
32352
32353
32356
32358
32359
32368
32369
32372
32374
32375
32376
32377
32380
32382
32383
32512
32513
32516
32518
32519
32520
32521
32524
32526
32527
32544
32545
32548
32550
32551
32560
32561
32564
32566
32567
32568
32569
32572
32574
32575
32640
32641
32644
32646
32647
32648
32649
32652
32654
32655
32672
32673
32676
32678
32679
32688
32689
32692
32694
32695
32696
32697
32700
32702
32703
32704
32705
32708
32710
32711
32712
32713
32716
32718
32719
32736
32737
32740
32742
32743
32752
32753
32756
32758
32759
32760
32761
32764
32766
32767
32768
32769
32772
32774
32775
32776
32777
32780
32782
32783
32800
32801
32804
32806
32807
32816
32817
32820
32822
32823
32824
32825
32828
32830
32831
32832
32833
32836
32838
32839
32840
32841
32844
32846
32847
32864
32865
32868
32870
32871
32880
32881
32884
32886
32887
32888
32889
32892
32894
32895
33024
33025
33028
33030
33031
33032
33033
33036
33038
33039
33056
33057
33060
33062
33063
33072
33073
33076
33078
33079
33080
33081
33084
33086
33087
33152
33153
33156
33158
33159
33160
33161
33164
33166
33167
33184
33185
33188
33190
33191
33200
33201
33204
33206
33207
33208
33209
33212
33214
33215
33216
33217
33220
33222
33223
33224
33225
33228
33230
33231
33248
33249
33252
33254
33255
33264
33265
33268
33270
33271
33272
33273
33276
33278
33279
33280
33281
33284
33286
33287
33288
33289
33292
33294
33295
33312
33313
33316
33318
33319
33328
33329
33332
33334
33335
33336
33337
33340
33342
33343
33344
33345
33348
33350
33351
33352
33353
33356
33358
33359
33376
33377
33380
33382
33383
33392
33393
33396
33398
33399
33400
33401
33404
33406
33407
33536
33537
33540
33542
33543
33544
33545
33548
33550
33551
33568
33569
33572
33574
33575
33584
33585
33588
33590
33591
33592
33593
33596
33598
33599
33664
33665
33668
33670
33671
33672
33673
33676
33678
33679
33696
33697
33700
33702
33703
33712
33713
33716
33718
33719
33720
33721
33724
33726
33727
33728
33729
33732
33734
33735
33736
33737
33740
33742
33743
33760
33761
33764
33766
33767
33776
33777
33780
33782
33783
33784
33785
33788
33790
33791
34816
34817
34820
34822
34823
34824
34825
34828
34830
34831
34848
34849
34852
34854
34855
34864
34865
34868
34870
34871
34872
34873
34876
34878
34879
34880
34881
34884
34886
34887
34888
34889
34892
34894
34895
34912
34913
34916
34918
34919
34928
34929
34932
34934
34935
34936
34937
34940
34942
34943
35072
35073
35076
35078
35079
35080
35081
35084
35086
35087
35104
35105
35108
35110
35111
35120
35121
35124
35126
35127
35128
35129
35132
35134
35135
35200
35201
35204
35206
35207
35208
35209
35212
35214
35215
35232
35233
35236
35238
35239
35248
35249
35252
35254
35255
35256
35257
35260
35262
35263
35264
35265
35268
35270
35271
35272
35273
35276
35278
35279
35296
35297
35300
35302
35303
35312
35313
35316
35318
35319
35320
35321
35324
35326
35327
35840
35841
35844
35846
35847
35848
35849
35852
35854
35855
35872
35873
35876
35878
35879
35888
35889
35892
35894
35895
35896
35897
35900
35902
35903
35904
35905
35908
35910
35911
35912
35913
35916
35918
35919
35936
35937
35940
35942
35943
35952
35953
35956
35958
35959
35960
35961
35964
35966
35967
36096
36097
36100
36102
36103
36104
36105
36108
36110
36111
36128
36129
36132
36134
36135
36144
36145
36148
36150
36151
36152
36153
36156
36158
36159
36224
36225
36228
36230
36231
36232
36233
36236
36238
36239
36256
36257
36260
36262
36263
36272
36273
36276
36278
36279
36280
36281
36284
36286
36287
36288
36289
36292
36294
36295
36296
36297
36300
36302
36303
36320
36321
36324
36326
36327
36336
36337
36340
36342
36343
36344
36345
36348
36350
36351
36352
36353
36356
36358
36359
36360
36361
36364
36366
36367
36384
36385
36388
36390
36391
36400
36401
36404
36406
36407
36408
36409
36412
36414
36415
36416
36417
36420
36422
36423
36424
36425
36428
36430
36431
36448
36449
36452
36454
36455
36464
36465
36468
36470
36471
36472
36473
36476
36478
36479
36608
36609
36612
36614
36615
36616
36617
36620
36622
36623
36640
36641
36644
36646
36647
36656
36657
36660
36662
36663
36664
36665
36668
36670
36671
36736
36737
36740
36742
36743
36744
36745
36748
36750
36751
36768
36769
36772
36774
36775
36784
36785
36788
36790
36791
36792
36793
36796
36798
36799
36800
36801
36804
36806
36807
36808
36809
36812
36814
36815
36832
36833
36836
36838
36839
36848
36849
36852
36854
36855
36856
36857
36860
36862
36863
36864
36865
36868
36870
36871
36872
36873
36876
36878
36879
36896
36897
36900
36902
36903
36912
36913
36916
36918
36919
36920
36921
36924
36926
36927
36928
36929
36932
36934
36935
36936
36937
36940
36942
36943
36960
36961
36964
36966
36967
36976
36977
36980
36982
36983
36984
36985
36988
36990
36991
37120
37121
37124
37126
37127
37128
37129
37132
37134
37135
37152
37153
37156
37158
37159
37168
37169
37172
37174
37175
37176
37177
37180
37182
37183
37248
37249
37252
37254
37255
37256
37257
37260
37262
37263
37280
37281
37284
37286
37287
37296
37297
37300
37302
37303
37304
37305
37308
37310
37311
37312
37313
37316
37318
37319
37320
37321
37324
37326
37327
37344
37345
37348
37350
37351
37360
37361
37364
37366
37367
37368
37369
37372
37374
37375
37376
37377
37380
37382
37383
37384
37385
37388
37390
37391
37408
37409
37412
37414
37415
37424
37425
37428
37430
37431
37432
37433
37436
37438
37439
37440
37441
37444
37446
37447
37448
37449
37452
37454
37455
37472
37473
37476
37478
37479
37488
37489
37492
37494
37495
37496
37497
37500
37502
37503
37632
37633
37636
37638
37639
37640
37641
37644
37646
37647
37664
37665
37668
37670
37671
37680
37681
37684
37686
37687
37688
37689
37692
37694
37695
37760
37761
37764
37766
37767
37768
37769
37772
37774
37775
37792
37793
37796
37798
37799
37808
37809
37812
37814
37815
37816
37817
37820
37822
37823
37824
37825
37828
37830
37831
37832
37833
37836
37838
37839
37856
37857
37860
37862
37863
37872
37873
37876
37878
37879
37880
37881
37884
37886
37887
38912
38913
38916
38918
38919
38920
38921
38924
38926
38927
38944
38945
38948
38950
38951
38960
38961
38964
38966
38967
38968
38969
38972
38974
38975
38976
38977
38980
38982
38983
38984
38985
38988
38990
38991
39008
39009
39012
39014
39015
39024
39025
39028
39030
39031
39032
39033
39036
39038
39039
39168
39169
39172
39174
39175
39176
39177
39180
39182
39183
39200
39201
39204
39206
39207
39216
39217
39220
39222
39223
39224
39225
39228
39230
39231
39296
39297
39300
39302
39303
39304
39305
39308
39310
39311
39328
39329
39332
39334
39335
39344
39345
39348
39350
39351
39352
39353
39356
39358
39359
39360
39361
39364
39366
39367
39368
39369
39372
39374
39375
39392
39393
39396
39398
39399
39408
39409
39412
39414
39415
39416
39417
39420
39422
39423
39936
39937
39940
39942
39943
39944
39945
39948
39950
39951
39968
39969
39972
39974
39975
39984
39985
39988
39990
39991
39992
39993
39996
39998
39999
40000
40001
40004
40006
40007
40008
40009
40012
40014
40015
40032
40033
40036
40038
40039
40048
40049
40052
40054
40055
40056
40057
40060
40062
40063
40192
40193
40196
40198
40199
40200
40201
40204
40206
40207
40224
40225
40228
40230
40231
40240
40241
40244
40246
40247
40248
40249
40252
40254
40255
40320
40321
40324
40326
40327
40328
40329
40332
40334
40335
40352
40353
40356
40358
40359
40368
40369
40372
40374
40375
40376
40377
40380
40382
40383
40384
40385
40388
40390
40391
40392
40393
40396
40398
40399
40416
40417
40420
40422
40423
40432
40433
40436
40438
40439
40440
40441
40444
40446
40447
40448
40449
40452
40454
40455
40456
40457
40460
40462
40463
40480
40481
40484
40486
40487
40496
40497
40500
40502
40503
40504
40505
40508
40510
40511
40512
40513
40516
40518
40519
40520
40521
40524
40526
40527
40544
40545
40548
40550
40551
40560
40561
40564
40566
40567
40568
40569
40572
40574
40575
40704
40705
40708
40710
40711
40712
40713
40716
40718
40719
40736
40737
40740
40742
40743
40752
40753
40756
40758
40759
40760
40761
40764
40766
40767
40832
40833
40836
40838
40839
40840
40841
40844
40846
40847
40864
40865
40868
40870
40871
40880
40881
40884
40886
40887
40888
40889
40892
40894
40895
40896
40897
40900
40902
40903
40904
40905
40908
40910
40911
40928
40929
40932
40934
40935
40944
40945
40948
40950
40951
40952
40953
40956
40958
40959
49152
49153
49156
49158
49159
49160
49161
49164
49166
49167
49184
49185
49188
49190
49191
49200
49201
49204
49206
49207
49208
49209
49212
49214
49215
49216
49217
49220
49222
49223
49224
49225
49228
49230
49231
49248
49249
49252
49254
49255
49264
49265
49268
49270
49271
49272
49273
49276
49278
49279
49408
49409
49412
49414
49415
49416
49417
49420
49422
49423
49440
49441
49444
49446
49447
49456
49457
49460
49462
49463
49464
49465
49468
49470
49471
49536
49537
49540
49542
49543
49544
49545
49548
49550
49551
49568
49569
49572
49574
49575
49584
49585
49588
49590
49591
49592
49593
49596
49598
49599
49600
49601
49604
49606
49607
49608
49609
49612
49614
49615
49632
49633
49636
49638
49639
49648
49649
49652
49654
49655
49656
49657
49660
49662
49663
49664
49665
49668
49670
49671
49672
49673
49676
49678
49679
49696
49697
49700
49702
49703
49712
49713
49716
49718
49719
49720
49721
49724
49726
49727
49728
49729
49732
49734
49735
49736
49737
49740
49742
49743
49760
49761
49764
49766
49767
49776
49777
49780
49782
49783
49784
49785
49788
49790
49791
49920
49921
49924
49926
49927
49928
49929
49932
49934
49935
49952
49953
49956
49958
49959
49968
49969
49972
49974
49975
49976
49977
49980
49982
49983
50048
50049
50052
50054
50055
50056
50057
50060
50062
50063
50080
50081
50084
50086
50087
50096
50097
50100
50102
50103
50104
50105
50108
50110
50111
50112
50113
50116
50118
50119
50120
50121
50124
50126
50127
50144
50145
50148
50150
50151
50160
50161
50164
50166
50167
50168
50169
50172
50174
50175
51200
51201
51204
51206
51207
51208
51209
51212
51214
51215
51232
51233
51236
51238
51239
51248
51249
51252
51254
51255
51256
51257
51260
51262
51263
51264
51265
51268
51270
51271
51272
51273
51276
51278
51279
51296
51297
51300
51302
51303
51312
51313
51316
51318
51319
51320
51321
51324
51326
51327
51456
51457
51460
51462
51463
51464
51465
51468
51470
51471
51488
51489
51492
51494
51495
51504
51505
51508
51510
51511
51512
51513
51516
51518
51519
51584
51585
51588
51590
51591
51592
51593
51596
51598
51599
51616
51617
51620
51622
51623
51632
51633
51636
51638
51639
51640
51641
51644
51646
51647
51648
51649
51652
51654
51655
51656
51657
51660
51662
51663
51680
51681
51684
51686
51687
51696
51697
51700
51702
51703
51704
51705
51708
51710
51711
52224
52225
52228
52230
52231
52232
52233
52236
52238
52239
52256
52257
52260
52262
52263
52272
52273
52276
52278
52279
52280
52281
52284
52286
52287
52288
52289
52292
52294
52295
52296
52297
52300
52302
52303
52320
52321
52324
52326
52327
52336
52337
52340
52342
52343
52344
52345
52348
52350
52351
52480
52481
52484
52486
52487
52488
52489
52492
52494
52495
52512
52513
52516
52518
52519
52528
52529
52532
52534
52535
52536
52537
52540
52542
52543
52608
52609
52612
52614
52615
52616
52617
52620
52622
52623
52640
52641
52644
52646
52647
52656
52657
52660
52662
52663
52664
52665
52668
52670
52671
52672
52673
52676
52678
52679
52680
52681
52684
52686
52687
52704
52705
52708
52710
52711
52720
52721
52724
52726
52727
52728
52729
52732
52734
52735
52736
52737
52740
52742
52743
52744
52745
52748
52750
52751
52768
52769
52772
52774
52775
52784
52785
52788
52790
52791
52792
52793
52796
52798
52799
52800
52801
52804
52806
52807
52808
52809
52812
52814
52815
52832
52833
52836
52838
52839
52848
52849
52852
52854
52855
52856
52857
52860
52862
52863
52992
52993
52996
52998
52999
53000
53001
53004
53006
53007
53024
53025
53028
53030
53031
53040
53041
53044
53046
53047
53048
53049
53052
53054
53055
53120
53121
53124
53126
53127
53128
53129
53132
53134
53135
53152
53153
53156
53158
53159
53168
53169
53172
53174
53175
53176
53177
53180
53182
53183
53184
53185
53188
53190
53191
53192
53193
53196
53198
53199
53216
53217
53220
53222
53223
53232
53233
53236
53238
53239
53240
53241
53244
53246
53247
57344
57345
57348
57350
57351
57352
57353
57356
57358
57359
57376
57377
57380
57382
57383
57392
57393
57396
57398
57399
57400
57401
57404
57406
57407
57408
57409
57412
57414
57415
57416
57417
57420
57422
57423
57440
57441
57444
57446
57447
57456
57457
57460
57462
57463
57464
57465
57468
57470
57471
57600
57601
57604
57606
57607
57608
57609
57612
57614
57615
57632
57633
57636
57638
57639
57648
57649
57652
57654
57655
57656
57657
57660
57662
57663
57728
57729
57732
57734
57735
57736
57737
57740
57742
57743
57760
57761
57764
57766
57767
57776
57777
57780
57782
57783
57784
57785
57788
57790
57791
57792
57793
57796
57798
57799
57800
57801
57804
57806
57807
57824
57825
57828
57830
57831
57840
57841
57844
57846
57847
57848
57849
57852
57854
57855
57856
57857
57860
57862
57863
57864
57865
57868
57870
57871
57888
57889
57892
57894
57895
57904
57905
57908
57910
57911
57912
57913
57916
57918
57919
57920
57921
57924
57926
57927
57928
57929
57932
57934
57935
57952
57953
57956
57958
57959
57968
57969
57972
57974
57975
57976
57977
57980
57982
57983
58112
58113
58116
58118
58119
58120
58121
58124
58126
58127
58144
58145
58148
58150
58151
58160
58161
58164
58166
58167
58168
58169
58172
58174
58175
58240
58241
58244
58246
58247
58248
58249
58252
58254
58255
58272
58273
58276
58278
58279
58288
58289
58292
58294
58295
58296
58297
58300
58302
58303
58304
58305
58308
58310
58311
58312
58313
58316
58318
58319
58336
58337
58340
58342
58343
58352
58353
58356
58358
58359
58360
58361
58364
58366
58367
59392
59393
59396
59398
59399
59400
59401
59404
59406
59407
59424
59425
59428
59430
59431
59440
59441
59444
59446
59447
59448
59449
59452
59454
59455
59456
59457
59460
59462
59463
59464
59465
59468
59470
59471
59488
59489
59492
59494
59495
59504
59505
59508
59510
59511
59512
59513
59516
59518
59519
59648
59649
59652
59654
59655
59656
59657
59660
59662
59663
59680
59681
59684
59686
59687
59696
59697
59700
59702
59703
59704
59705
59708
59710
59711
59776
59777
59780
59782
59783
59784
59785
59788
59790
59791
59808
59809
59812
59814
59815
59824
59825
59828
59830
59831
59832
59833
59836
59838
59839
59840
59841
59844
59846
59847
59848
59849
59852
59854
59855
59872
59873
59876
59878
59879
59888
59889
59892
59894
59895
59896
59897
59900
59902
59903
60416
60417
60420
60422
60423
60424
60425
60428
60430
60431
60448
60449
60452
60454
60455
60464
60465
60468
60470
60471
60472
60473
60476
60478
60479
60480
60481
60484
60486
60487
60488
60489
60492
60494
60495
60512
60513
60516
60518
60519
60528
60529
60532
60534
60535
60536
60537
60540
60542
60543
60672
60673
60676
60678
60679
60680
60681
60684
60686
60687
60704
60705
60708
60710
60711
60720
60721
60724
60726
60727
60728
60729
60732
60734
60735
60800
60801
60804
60806
60807
60808
60809
60812
60814
60815
60832
60833
60836
60838
60839
60848
60849
60852
60854
60855
60856
60857
60860
60862
60863
60864
60865
60868
60870
60871
60872
60873
60876
60878
60879
60896
60897
60900
60902
60903
60912
60913
60916
60918
60919
60920
60921
60924
60926
60927
60928
60929
60932
60934
60935
60936
60937
60940
60942
60943
60960
60961
60964
60966
60967
60976
60977
60980
60982
60983
60984
60985
60988
60990
60991
60992
60993
60996
60998
60999
61000
61001
61004
61006
61007
61024
61025
61028
61030
61031
61040
61041
61044
61046
61047
61048
61049
61052
61054
61055
61184
61185
61188
61190
61191
61192
61193
61196
61198
61199
61216
61217
61220
61222
61223
61232
61233
61236
61238
61239
61240
61241
61244
61246
61247
61312
61313
61316
61318
61319
61320
61321
61324
61326
61327
61344
61345
61348
61350
61351
61360
61361
61364
61366
61367
61368
61369
61372
61374
61375
61376
61377
61380
61382
61383
61384
61385
61388
61390
61391
61408
61409
61412
61414
61415
61424
61425
61428
61430
61431
61432
61433
61436
61438
61439
61440
61441
61444
61446
61447
61448
61449
61452
61454
61455
61472
61473
61476
61478
61479
61488
61489
61492
61494
61495
61496
61497
61500
61502
61503
61504
61505
61508
61510
61511
61512
61513
61516
61518
61519
61536
61537
61540
61542
61543
61552
61553
61556
61558
61559
61560
61561
61564
61566
61567
61696
61697
61700
61702
61703
61704
61705
61708
61710
61711
61728
61729
61732
61734
61735
61744
61745
61748
61750
61751
61752
61753
61756
61758
61759
61824
61825
61828
61830
61831
61832
61833
61836
61838
61839
61856
61857
61860
61862
61863
61872
61873
61876
61878
61879
61880
61881
61884
61886
61887
61888
61889
61892
61894
61895
61896
61897
61900
61902
61903
61920
61921
61924
61926
61927
61936
61937
61940
61942
61943
61944
61945
61948
61950
61951
61952
61953
61956
61958
61959
61960
61961
61964
61966
61967
61984
61985
61988
61990
61991
62000
62001
62004
62006
62007
62008
62009
62012
62014
62015
62016
62017
62020
62022
62023
62024
62025
62028
62030
62031
62048
62049
62052
62054
62055
62064
62065
62068
62070
62071
62072
62073
62076
62078
62079
62208
62209
62212
62214
62215
62216
62217
62220
62222
62223
62240
62241
62244
62246
62247
62256
62257
62260
62262
62263
62264
62265
62268
62270
62271
62336
62337
62340
62342
62343
62344
62345
62348
62350
62351
62368
62369
62372
62374
62375
62384
62385
62388
62390
62391
62392
62393
62396
62398
62399
62400
62401
62404
62406
62407
62408
62409
62412
62414
62415
62432
62433
62436
62438
62439
62448
62449
62452
62454
62455
62456
62457
62460
62462
62463
63488
63489
63492
63494
63495
63496
63497
63500
63502
63503
63520
63521
63524
63526
63527
63536
63537
63540
63542
63543
63544
63545
63548
63550
63551
63552
63553
63556
63558
63559
63560
63561
63564
63566
63567
63584
63585
63588
63590
63591
63600
63601
63604
63606
63607
63608
63609
63612
63614
63615
63744
63745
63748
63750
63751
63752
63753
63756
63758
63759
63776
63777
63780
63782
63783
63792
63793
63796
63798
63799
63800
63801
63804
63806
63807
63872
63873
63876
63878
63879
63880
63881
63884
63886
63887
63904
63905
63908
63910
63911
63920
63921
63924
63926
63927
63928
63929
63932
63934
63935
63936
63937
63940
63942
63943
63944
63945
63948
63950
63951
63968
63969
63972
63974
63975
63984
63985
63988
63990
63991
63992
63993
63996
63998
63999
64512
64513
64516
64518
64519
64520
64521
64524
64526
64527
64544
64545
64548
64550
64551
64560
64561
64564
64566
64567
64568
64569
64572
64574
64575
64576
64577
64580
64582
64583
64584
64585
64588
64590
64591
64608
64609
64612
64614
64615
64624
64625
64628
64630
64631
64632
64633
64636
64638
64639
64768
64769
64772
64774
64775
64776
64777
64780
64782
64783
64800
64801
64804
64806
64807
64816
64817
64820
64822
64823
64824
64825
64828
64830
64831
64896
64897
64900
64902
64903
64904
64905
64908
64910
64911
64928
64929
64932
64934
64935
64944
64945
64948
64950
64951
64952
64953
64956
64958
64959
64960
64961
64964
64966
64967
64968
64969
64972
64974
64975
64992
64993
64996
64998
64999
65008
65009
65012
65014
65015
65016
65017
65020
65022
65023
65024
65025
65028
65030
65031
65032
65033
65036
65038
65039
65056
65057
65060
65062
65063
65072
65073
65076
65078
65079
65080
65081
65084
65086
65087
65088
65089
65092
65094
65095
65096
65097
65100
65102
65103
65120
65121
65124
65126
65127
65136
65137
65140
65142
65143
65144
65145
65148
65150
65151
65280
65281
65284
65286
65287
65288
65289
65292
65294
65295
65312
65313
65316
65318
65319
65328
65329
65332
65334
65335
65336
65337
65340
65342
65343
65408
65409
65412
65414
65415
65416
65417
65420
65422
65423
65440
65441
65444
65446
65447
65456
65457
65460
65462
65463
65464
65465
65468
65470
65471
65472
65473
65476
65478
65479
65480
65481
65484
65486
65487
65504
65505
65508
65510
65511
65520
65521
65524
65526
65527
65528
65529
65532
65534
65535
