2
3
4
5
6
7
8
9
10
12
13
14
15
16
17
18
19
20
22
23
24
25
26
27
30
31
32
33
36
38
39
40
41
42
43
48
49
51
52
53
55
56
57
60
63
64
65
66
67
68
69
71
72
73
76
78
79
80
81
83
84
87
89
92
96
97
100
103
108
111
112
113
114
115
120
121
124
126
127
128
129
130
131
136
137
142
143
144
145
146
147
152
153
158
159
192
193
194
195
200
201
206
207
240
241
242
243
248
249
256
257
260
263
264
265
268
271
288
289
292
295
312
313
316
319
448
449
452
455
456
457
460
463
480
481
484
487
504
505
508
511
512
513
516
519
520
521
524
527
544
545
548
551
568
569
572
575
576
577
580
583
584
585
588
591
608
609
612
615
632
633
636
639
768
769
772
775
776
777
780
783
800
801
804
807
824
825
828
831
960
961
964
967
968
969
972
975
992
993
996
999
