2
3
4
5
6
7
8
9
10
11
12
13
14
15
16
17
18
19
20
21
22
23
24
25
26
27
28
29
30
31
32
33
34
35
36
37
38
39
40
41
42
43
44
45
46
47
48
49
50
51
52
53
54
55
56
57
58
59
60
61
62
63
64
65
66
67
68
69
70
71
72
73
74
75
76
77
78
79
80
81
82
83
84
85
86
87
88
89
90
91
92
93
94
95
96
97
98
99
100
101
102
103
104
105
106
107
108
109
110
111
112
113
114
115
116
117
118
119
120
121
122
123
124
125
126
127
128
129
130
131
132
133
134
135
136
137
138
139
140
141
142
143
144
145
146
147
148
149
150
151
152
153
154
155
156
157
158
159
160
161
162
163
164
165
166
167
168
169
170
171
172
173
174
175
176
177
178
179
180
181
182
183
184
185
186
187
188
189
190
191
192
193
194
195
196
197
198
199
200
201
202
203
204
205
206
207
208
209
210
211
212
213
214
215
216
217
218
219
220
221
222
223
224
225
226
227
228
229
230
231
232
233
234
235
236
237
238
239
240
241
242
243
244
245
246
247
248
249
250
251
252
253
254
256
257
258
259
260
261
262
263
264
265
266
267
268
269
270
271
272
273
274
275
276
277
278
279
280
281
282
283
284
285
286
287
288
289
290
291
292
293
294
295
296
297
298
299
300
301
302
303
304
305
306
307
308
309
310
311
312
313
314
315
316
317
318
319
320
321
322
323
324
325
326
327
328
329
330
331
332
333
334
335
336
337
338
339
340
341
342
343
344
345
346
347
348
349
350
351
352
353
354
355
356
357
358
359
360
361
362
363
364
365
366
367
368
369
370
371
372
373
374
375
376
377
378
379
380
381
382
383
384
385
386
387
388
389
390
391
392
393
394
395
396
397
398
399
400
401
402
403
404
405
406
407
408
409
410
411
412
413
414
415
416
417
418
419
420
421
422
423
424
425
426
427
428
429
430
431
432
433
434
435
436
437
438
439
440
441
442
443
444
445
446
447
448
449
450
451
452
453
454
455
456
457
458
459
460
461
462
463
464
465
466
467
468
469
470
471
472
473
474
475
476
477
478
479
480
481
482
483
484
485
486
487
488
489
490
491
492
493
494
495
496
497
498
499
500
501
502
503
504
505
506
507
508
512
513
514
515
516
517
518
519
520
521
522
523
524
525
526
527
528
529
530
531
532
533
534
535
536
537
538
539
540
541
542
543
544
545
546
547
548
549
550
551
552
553
554
555
556
557
558
559
560
561
562
563
564
565
566
567
568
569
570
571
572
573
574
575
576
577
578
579
580
581
582
583
584
585
586
587
588
589
590
591
592
593
594
595
596
597
598
599
600
601
602
603
604
605
606
607
608
609
610
611
612
613
614
615
616
617
618
619
620
621
622
623
624
625
626
627
628
629
630
631
632
633
634
635
636
637
638
639
640
641
642
643
644
645
646
647
648
649
650
651
652
653
654
655
656
657
658
659
660
661
662
663
664
665
666
667
668
669
670
671
672
673
674
675
676
677
678
679
680
683
684
685
686
687
688
689
690
691
692
694
695
696
697
698
699
700
701
702
703
704
705
706
707
708
709
710
711
712
713
714
715
716
717
718
719
720
721
722
723
724
725
726
727
728
729
730
731
732
733
734
735
736
737
738
739
740
741
742
743
744
745
746
747
748
749
750
751
752
753
754
755
756
757
758
759
760
761
763
764
768
769
770
771
772
773
774
775
776
777
778
779
780
781
782
783
784
785
786
787
788
789
790
791
792
793
794
795
796
797
798
800
801
802
803
804
805
806
807
808
809
810
811
812
813
814
815
816
817
818
819
820
821
822
823
824
825
826
827
828
829
831
832
833
834
835
836
837
838
839
840
841
842
843
844
845
846
847
848
849
850
851
852
854
855
856
857
858
859
860
861
862
863
864
865
866
867
868
869
870
871
872
873
874
875
876
877
878
879
880
881
882
883
884
885
886
887
888
889
890
891
892
893
894
895
896
897
898
899
900
901
902
903
904
905
906
907
908
909
910
911
912
913
914
915
916
918
919
920
921
922
923
924
925
926
927
928
929
930
931
932
933
934
935
936
937
938
939
940
941
942
943
944
945
946
947
948
949
950
951
952
953
954
955
956
958
960
961
962
963
964
965
966
967
968
969
970
971
972
973
974
975
976
977
978
979
980
981
982
983
984
985
986
987
988
989
990
991
992
993
994
995
996
997
998
999
1000
1001
1003
1004
1005
1006
1007
1008
1009
1010
1011
1012
1014
1024
1025
1026
1027
1028
1029
1030
1031
1032
1033
1034
1035
1036
1037
1038
1039
1040
1041
1042
1043
1044
1045
1046
1047
1048
1049
1050
1051
1052
1053
1054
1056
1057
1058
1059
1060
1061
1062
1063
1064
1065
1066
1067
1068
1069
1070
1071
1072
1073
1074
1075
1076
1077
1078
1079
1080
1081
1082
1083
1084
1085
1088
1089
1090
1091
1092
1093
1094
1095
1096
1097
1098
1099
1100
1101
1102
1103
1104
1105
1106
1107
1108
1110
1112
1113
1114
1115
1116
1118
1120
1121
1122
1123
1124
1125
1126
1127
1128
1129
1130
1131
1132
1133
1134
1135
1136
1137
1138
1139
1140
1142
1144
1145
1146
1147
1152
1153
1154
1155
1156
1157
1158
1159
1160
1161
1162
1163
1164
1165
1166
1167
1168
1169
1170
1171
1172
1173
1174
1175
1176
1177
1178
1179
1180
1181
1182
1184
1185
1186
1187
1188
1189
1190
1191
1192
1193
1195
1196
1197
1198
1199
1200
1201
1202
1203
1204
1205
1206
1207
1208
1209
1210
1211
1212
1213
1214
1216
1217
1218
1219
1220
1221
1222
1223
1224
1225
1226
1227
1228
1229
1230
1231
1232
1233
1234
1235
1236
1238
1239
1240
1241
1242
1243
1244
1246
1248
1249
1250
1251
1252
1253
1254
1255
1256
1257
1259
1260
1261
1262
1263
1264
1265
1266
1267
1268
1270
1280
1281
1282
1283
1284
1285
1286
1287
1288
1289
1290
1291
1292
1293
1294
1296
1297
1298
1299
1300
1301
1302
1303
1304
1305
1306
1307
1308
1309
1310
1312
1313
1314
1315
1316
1317
1318
1319
1320
1321
1324
1325
1328
1329
1330
1331
1332
1333
1334
1335
1336
1337
1340
1341
1344
1345
1346
1347
1348
1349
1350
1351
1352
1353
1356
1357
1366
1367
1368
1369
1370
1371
1372
1374
1376
1377
1378
1379
1380
1381
1382
1383
1384
1385
1387
1388
1389
1390
1391
1392
1393
1394
1395
1396
1398
1399
1400
1401
1402
1403
1404
1406
1408
1409
1410
1411
1412
1413
1414
1415
1416
1417
1418
1419
1420
1421
1422
1424
1425
1426
1427
1428
1429
1430
1431
1432
1433
1434
1435
1436
1437
1438
1440
1441
1442
1443
1444
1445
1446
1447
1448
1449
1451
1452
1453
1454
1455
1456
1457
1458
1459
1460
1461
1462
1463
1464
1465
1466
1467
1468
1469
1470
1472
1473
1474
1475
1476
1477
1478
1479
1480
1481
1483
1484
1485
1486
1487
1488
1489
1491
1494
1495
1496
1497
1498
1499
1500
1502
1504
1505
1506
1507
1508
1509
1510
1511
1512
1513
1515
1516
1517
1518
1519
1520
1521
1523
1536
1537
1538
1539
1540
1541
1542
1543
1544
1545
1546
1547
1548
1549
1550
1551
1552
1553
1554
1555
1556
1557
1558
1559
1560
1561
1562
1563
1564
1565
1566
1568
1569
1570
1571
1572
1573
1574
1575
1576
1577
1578
1579
1580
1581
1582
1583
1584
1585
1586
1587
1588
1589
1590
1591
1592
1593
1594
1595
1596
1597
1600
1601
1602
1603
1604
1605
1606
1607
1608
1609
1610
1611
1612
1613
1614
1615
1616
1617
1618
1619
1620
1622
1623
1624
1625
1626
1627
1628
1630
1632
1633
1634
1635
1636
1637
1638
1639
1640
1641
1642
1643
1644
1645
1646
1647
1648
1649
1650
1651
1652
1654
1655
1656
1657
1658
1659
1662
1664
1665
1666
1667
1668
1669
1670
1671
1672
1673
1674
1675
1676
1677
1678
1679
1680
1681
1682
1683
1684
1686
1688
1689
1690
1691
1692
1694
1696
1697
1698
1699
1700
1702
1707
1708
1710
1712
1713
1714
1715
1716
1718
1723
1724
1728
1729
1730
1731
1732
1733
1734
1735
1736
1737
1738
1739
1740
1741
1742
1743
1744
1745
1746
1747
1748
1750
1752
1753
1754
1755
1756
1758
1760
1761
1762
1763
1764
1766
1771
1772
1774
1776
1777
1778
1779
1780
1782
1787
1788
1792
1793
1794
1795
1796
1797
1798
1799
1800
1801
1802
1803
1804
1805
1806
1808
1809
1810
1811
1812
1813
1814
1815
1816
1817
1818
1819
1820
1821
1822
1824
1825
1826
1827
1828
1829
1830
1831
1832
1833
1835
1836
1837
1838
1840
1841
1842
1843
1844
1845
1846
1847
1848
1849
1851
1852
1853
1856
1857
1858
1859
1860
1861
1862
1863
1864
1865
1868
1869
1878
1880
1881
1882
1883
1884
1886
1888
1889
1890
1891
1892
1893
1894
1895
1896
1897
1899
1900
1901
1902
1904
1905
1906
1907
1908
1910
1915
1916
1920
1921
1922
1923
1924
1926
1928
1929
1930
1931
1932
1934
1936
1937
1938
1939
1940
1942
1944
1945
1946
1947
1948
1950
1952
1953
1954
1955
1956
1958
1963
1964
1966
1968
1969
1970
1971
1972
1974
1979
1980
2006
2008
2009
2010
2011
2012
2014
2016
2017
2018
2022
2048
2049
2050
2051
2052
2053
2054
2055
2056
2057
2058
2059
2060
2061
2062
2063
2064
2065
2066
2067
2068
2069
2070
2071
2072
2073
2074
2075
2076
2077
2078
2080
2081
2082
2083
2084
2085
2086
2087
2088
2089
2090
2091
2092
2093
2094
2095
2096
2097
2098
2099
2100
2101
2102
2103
2104
2105
2106
2107
2108
2109
2112
2113
2114
2115
2116
2117
2118
2119
2120
2121
2122
2123
2124
2125
2126
2127
2128
2129
2130
2131
2132
2134
2136
2137
2138
2139
2140
2142
2144
2145
2146
2147
2148
2149
2150
2151
2152
2153
2154
2155
2156
2157
2158
2159
2160
2161
2162
2163
2164
2166
2168
2169
2170
2171
2176
2177
2178
2179
2180
2181
2182
2183
2184
2185
2186
2187
2188
2189
2190
2191
2192
2193
2194
2195
2196
2197
2198
2199
2200
2201
2202
2203
2204
2205
2206
2208
2209
2210
2211
2212
2213
2214
2215
2216
2217
2220
2221
2224
2225
2226
2227
2228
2229
2230
2231
2232
2233
2236
2237
2240
2241
2242
2243
2244
2245
2246
2247
2248
2249
2250
2251
2252
2253
2254
2255
2256
2257
2258
2259
2260
2262
2264
2265
2266
2267
2268
2270
2272
2273
2274
2275
2276
2277
2278
2279
2280
2281
2284
2285
2288
2289
2290
2291
2292
2294
2304
2305
2306
2307
2308
2309
2310
2311
2312
2313
2314
2315
2316
2317
2318
2319
2320
2321
2322
2323
2324
2325
2326
2327
2328
2329
2330
2331
2332
2333
2334
2336
2337
2338
2339
2340
2341
2342
2343
2344
2345
2346
2347
2348
2349
2350
2351
2352
2353
2354
2355
2356
2357
2358
2359
2360
2361
2362
2363
2364
2365
2368
2369
2370
2371
2372
2373
2374
2375
2376
2377
2378
2379
2380
2381
2382
2383
2384
2385
2386
2387
2390
2392
2393
2394
2395
2396
2398
2400
2401
2402
2403
2404
2405
2406
2407
2408
2409
2410
2411
2412
2413
2414
2415
2416
2417
2418
2419
2420
2422
2424
2425
2426
2427
2428
2432
2433
2434
2435
2436
2437
2438
2439
2440
2441
2442
2443
2444
2445
2446
2447
2448
2449
2450
2451
2452
2453
2454
2455
2456
2457
2458
2459
2460
2461
2462
2464
2465
2466
2467
2468
2469
2470
2471
2472
2473
2475
2476
2477
2478
2480
2481
2482
2483
2484
2485
2486
2487
2488
2489
2491
2492
2493
2496
2497
2498
2499
2500
2501
2502
2503
2504
2505
2506
2507
2508
2509
2510
2511
2512
2513
2514
2515
2518
2520
2521
2522
2523
2524
2526
2528
2529
2530
2534
2560
2561
2562
2563
2564
2565
2566
2567
2568
2569
2570
2571
2572
2573
2574
2575
2576
2577
2578
2579
2584
2585
2586
2587
2592
2593
2594
2595
2596
2597
2598
2599
2600
2601
2602
2603
2604
2605
2606
2607
2608
2609
2610
2611
2616
2617
2618
2619
2624
2625
2626
2627
2628
2629
2630
2631
2632
2633
2634
2635
2636
2637
2638
2639
2640
2641
2642
2643
2648
2649
2650
2651
2656
2657
2658
2659
2660
2661
2662
2663
2664
2665
2666
2667
2668
2669
2670
2671
2672
2673
2674
2675
2680
2681
2682
2683
2688
2689
2690
2691
2692
2693
2694
2695
2696
2697
2698
2699
2700
2701
2702
2703
2704
2705
2706
2707
2712
2713
2714
2715
2731
2732
2734
2736
2737
2738
2739
2740
2742
2747
2748
2752
2753
2754
2755
2756
2757
2758
2759
2760
2761
2762
2763
2764
2765
2766
2767
2768
2769
2770
2771
2774
2776
2777
2778
2779
2780
2782
2784
2785
2786
2790
2795
2796
2798
2800
2801
2802
2803
2804
2806
2811
2812
2816
2817
2818
2819
2820
2821
2822
2823
2824
2825
2826
2827
2828
2829
2830
2831
2832
2833
2834
2835
2840
2841
2842
2843
2848
2849
2850
2851
2852
2853
2854
2855
2856
2857
2858
2859
2860
2861
2862
2863
2864
2865
2866
2867
2868
2870
2872
2873
2874
2875
2876
2880
2881
2882
2883
2884
2885
2886
2887
2888
2889
2890
2891
2892
2893
2894
2895
2896
2897
2898
2899
2902
2904
2905
2906
2907
2908
2910
2912
2913
2914
2915
2916
2917
2918
2919
2920
2921
2922
2923
2924
2925
2926
2927
2928
2929
2930
2931
2932
2934
2936
2937
2938
2939
2940
2944
2945
2946
2947
2948
2949
2950
2951
2952
2953
2954
2955
2956
2957
2958
2959
2960
2961
2962
2963
2966
2968
2969
2970
2971
2972
2974
2976
2977
2978
2982
2987
2988
2990
2992
2993
2994
2995
2996
2998
3003
3004
3008
3009
3010
3011
3012
3013
3014
3015
3016
3017
3018
3019
3020
3021
3022
3023
3024
3025
3026
3027
3030
3032
3033
3034
3035
3036
3038
3040
3041
3042
3046
3072
3073
3074
3075
3076
3077
3078
3079
3080
3081
3082
3083
3084
3085
3086
3087
3088
3089
3090
3091
3092
3094
3096
3097
3098
3099
3100
3102
3104
3105
3106
3107
3108
3109
3110
3111
3112
3113
3114
3115
3116
3117
3118
3119
3120
3121
3122
3123
3124
3126
3128
3129
3130
3131
3132
3136
3137
3138
3139
3140
3141
3142
3143
3144
3145
3146
3147
3148
3149
3150
3151
3152
3153
3154
3155
3156
3158
3160
3161
3162
3163
3164
3166
3168
3169
3170
3171
3172
3173
3174
3175
3176
3177
3178
3179
3180
3181
3182
3183
3184
3185
3186
3187
3188
3190
3192
3193
3194
3195
3200
3201
3202
3203
3204
3205
3206
3207
3208
3209
3210
3211
3212
3213
3214
3215
3216
3217
3218
3219
3220
3222
3224
3225
3226
3227
3228
3230
3232
3233
3234
3235
3236
3238
3243
3244
3246
3248
3249
3250
3251
3252
3254
3259
3260
3264
3265
3266
3267
3268
3269
3270
3271
3272
3273
3274
3275
3276
3277
3278
3279
3280
3281
3282
3283
3284
3286
3288
3289
3290
3291
3292
3294
3296
3297
3298
3299
3300
3302
3307
3308
3310
3312
3313
3314
3315
3316
3318
3323
3324
3328
3329
3330
3331
3332
3334
3336
3337
3338
3339
3340
3342
3344
3345
3346
3347
3348
3350
3352
3353
3354
3355
3356
3358
3360
3361
3362
3363
3364
3366
3376
3377
3378
3379
3380
3382
3456
3457
3458
3459
3460
3462
3464
3465
3466
3467
3468
3470
3472
3473
3474
3475
3476
3478
3480
3481
3482
3483
3484
3486
3488
3489
3490
3491
3492
3494
3504
3505
3506
3507
3508
3510
3584
3585
3586
3587
3588
3589
3590
3591
3592
3593
3594
3595
3596
3597
3598
3599
3600
3601
3602
3603
3608
3609
3610
3611
3616
3617
3618
3619
3620
3621
3622
3623
3624
3625
3626
3627
3628
3629
3630
3631
3632
3633
3634
3635
3640
3641
3642
3643
3648
3649
3650
3651
3652
3653
3654
3655
3656
3657
3658
3659
3660
3661
3662
3663
3664
3665
3666
3667
3672
3673
3674
3675
3680
3681
3682
3683
3684
3685
3686
3687
3688
3689
3690
3691
3692
3693
3694
3695
3696
3697
3698
3699
3704
3705
3706
3707
3712
3713
3714
3715
3716
3717
3718
3719
3720
3721
3722
3723
3724
3725
3726
3727
3728
3729
3730
3731
3736
3737
3738
3739
3776
3777
3778
3779
3780
3781
3782
3783
3784
3785
3786
3787
3788
3789
3790
3791
3792
3793
3794
3795
3800
3801
3802
3803
4096
4097
4098
4099
4100
4101
4102
4103
4104
4105
4106
4107
4108
4109
4110
4111
4112
4113
4114
4115
4116
4118
4120
4121
4122
4123
4124
4126
4128
4129
4130
4131
4132
4133
4134
4135
4136
4137
4138
4139
4140
4141
4142
4143
4144
4145
4146
4147
4148
4150
4152
4153
4154
4155
4160
4161
4162
4163
4164
4165
4166
4167
4168
4169
4170
4171
4172
4173
4174
4175
4176
4177
4178
4179
4180
4182
4184
4185
4186
4187
4188
4190
4192
4193
4194
4195
4196
4197
4198
4199
4200
4201
4202
4203
4204
4205
4206
4207
4208
4209
4210
4211
4212
4214
4216
4217
4218
4219
4224
4225
4226
4227
4228
4229
4230
4231
4232
4233
4234
4235
4236
4237
4238
4239
4240
4241
4242
4243
4244
4246
4248
4249
4250
4251
4252
4254
4256
4257
4258
4259
4260
4262
4272
4273
4274
4275
4276
4278
4288
4289
4290
4291
4292
4293
4294
4295
4296
4297
4298
4299
4300
4301
4302
4303
4304
4305
4306
4307
4308
4310
4312
4313
4314
4315
4316
4318
4320
4321
4322
4323
4324
4326
4336
4337
4338
4339
4340
4342
4352
4353
4354
4355
4356
4357
4358
4359
4360
4361
4362
4363
4364
4365
4366
4367
4368
4369
4370
4371
4372
4374
4376
4377
4378
4379
4380
4382
4384
4385
4386
4387
4388
4389
4390
4391
4392
4393
4394
4395
4396
4397
4398
4399
4400
4401
4402
4403
4404
4406
4408
4409
4410
4411
4416
4417
4418
4419
4420
4421
4422
4423
4424
4425
4426
4427
4428
4429
4430
4431
4432
4433
4434
4435
4440
4441
4442
4443
4448
4449
4450
4451
4452
4453
4454
4455
4456
4457
4458
4459
4460
4461
4462
4463
4464
4465
4466
4467
4472
4473
4474
4475
4480
4481
4482
4483
4484
4485
4486
4487
4488
4489
4490
4491
4492
4493
4494
4495
4496
4497
4498
4499
4500
4502
4504
4505
4506
4507
4508
4510
4512
4513
4514
4515
4516
4518
4528
4529
4530
4531
4532
4534
4544
4545
4546
4547
4548
4549
4550
4551
4552
4553
4554
4555
4556
4557
4558
4559
4560
4561
4562
4563
4568
4569
4570
4571
4608
4609
4610
4611
4612
4613
4614
4615
4616
4617
4618
4619
4620
4621
4622
4623
4624
4625
4626
4627
4628
4630
4632
4633
4634
4635
4636
4638
4640
4641
4642
4643
4644
4645
4646
4647
4648
4649
4650
4651
4652
4653
4654
4655
4656
4657
4658
4659
4660
4662
4664
4665
4666
4667
4672
4673
4674
4675
4676
4677
4678
4679
4680
4681
4682
4683
4684
4685
4686
4687
4688
4689
4690
4691
4692
4694
4696
4697
4698
4699
4700
4702
4704
4705
4706
4707
4708
4709
4710
4711
4712
4713
4714
4715
4716
4717
4718
4719
4720
4721
4722
4723
4724
4726
4728
4729
4730
4731
4736
4737
4738
4739
4740
4741
4742
4743
4744
4745
4746
4747
4748
4749
4750
4751
4752
4753
4754
4755
4756
4758
4760
4761
4762
4763
4764
4766
4768
4769
4770
4771
4772
4774
4784
4785
4786
4787
4788
4790
4800
4801
4802
4803
4804
4805
4806
4807
4808
4809
4810
4811
4812
4813
4814
4815
4816
4817
4818
4819
4820
4822
4824
4825
4826
4827
4828
4830
4832
4833
4834
4835
4836
4838
4848
4849
4850
4851
4852
4854
4864
4865
4866
4867
4868
4869
4870
4871
4872
4873
4874
4875
4876
4877
4878
4879
4880
4881
4882
4883
4884
4886
4888
4889
4890
4891
4892
4894
4896
4897
4898
4899
4900
4901
4902
4903
4904
4905
4906
4907
4908
4909
4910
4911
4912
4913
4914
4915
4916
4918
4920
4921
4922
4923
4928
4929
4930
4931
4932
4933
4934
4935
4936
4937
4938
4939
4940
4941
4942
4943
4944
4945
4946
4947
4952
4953
4954
4955
4960
4961
4962
4963
4964
4965
4966
4967
4968
4969
4970
4971
4972
4973
4974
4975
4976
4977
4978
4979
4984
4985
4986
4987
4992
4993
4994
4995
4996
4997
4998
4999
5000
5001
5002
5003
5004
5006
5008
5009
5010
5011
5012
5014
5016
5017
5018
5019
5020
5022
5024
5025
5026
5027
5028
5030
5040
5041
5042
5043
5044
5046
5120
5121
5122
5123
5124
5126
5128
5129
5130
5131
5132
5134
5136
5137
5138
5139
5140
5142
5144
5145
5146
5147
5148
5150
5152
5153
5154
5155
5156
5158
5168
5169
5170
5171
5172
5174
5184
5185
5186
5187
5188
5190
5192
5193
5194
5195
5196
5198
5200
5201
5202
5203
5204
5206
5208
5209
5210
5211
5212
5214
5216
5217
5218
5219
5220
5222
5232
5233
5234
5235
5236
5238
5248
5249
5250
5251
5252
5254
5256
5257
5258
5259
5260
5262
5264
5265
5266
5267
5268
5270
5272
5273
5274
5275
5276
5278
5280
5281
5282
5283
5284
5286
5296
5297
5298
5299
5300
5302
5312
5313
5314
5315
5316
5318
5320
5321
5322
5323
5324
5326
5328
5329
5330
5331
5332
5334
5336
5337
5338
5339
5340
5342
5344
5345
5346
5347
5348
5350
5360
5361
5362
5363
5364
5366
5376
5377
5378
5379
5380
5382
5384
5385
5386
5387
5388
5390
5392
5393
5394
5395
5396
5398
5400
5401
5402
5403
5404
5406
5408
5409
5410
5411
5412
5414
5424
5425
5426
5427
5428
5430
5504
5505
5506
5507
5508
5510
5512
5513
5514
5515
5516
5518
5520
5521
5522
5523
5524
5526
5528
5529
5530
5531
5532
5534
5536
5537
5538
5539
5540
5542
5552
5553
5554
5555
5556
5558
5632
5633
5634
5635
5636
5638
5640
5641
5642
5643
5644
5646
5648
5649
5650
5651
5652
5654
5656
5657
5658
5659
5660
5662
5664
5665
5666
5667
5668
5670
5680
5681
5682
5683
5684
5686
5696
5697
5698
5699
5700
5702
5704
5705
5706
5707
5708
5710
5712
5713
5714
5715
5716
5718
5720
5721
5722
5723
5724
5726
5728
5729
5730
5731
5732
5734
5744
5745
5746
5747
5748
5750
5760
5761
5762
5763
5764
5766
5768
5769
5770
5771
5772
5774
5776
5777
5778
5779
5780
5782
5784
5785
5786
5787
5788
5790
5792
5793
5794
5795
5796
5798
5808
5809
5810
5811
5812
5814
5824
5825
5826
5827
5828
5830
5832
5833
5834
5835
5836
5838
5840
5841
5842
5843
5844
5846
5848
5849
5850
5851
5852
5854
5856
5857
5858
5859
5860
5862
5872
5873
5874
5875
5876
5878
5888
5889
5890
5891
5892
5894
5896
5897
5898
5899
5900
5902
5904
5905
5906
5907
5908
5910
5912
5913
5914
5915
5916
5918
5920
5921
5922
5923
5924
5926
5936
5937
5938
5939
5940
5942
6016
6017
6018
6019
6020
6022
6024
6025
6026
6027
6028
6030
6032
6033
6034
6035
6036
6038
6040
6041
6042
6043
6044
6046
6048
6049
6050
6051
6052
6054
6064
6065
6066
6067
6068
6070
6144
6145
6146
6147
6148
6150
6152
6153
6154
6155
6156
6158
6160
6161
6162
6163
6164
6166
6168
6169
6170
6171
6172
6174
6176
6177
6178
6179
6180
6182
6192
6193
6194
6195
6196
6198
6208
6209
6210
6211
6212
6214
6216
6217
6218
6219
6220
6222
6224
6225
6226
6227
6228
6230
6232
6233
6234
6235
6236
6238
6240
6241
6242
6243
6244
6246
6256
6257
6258
6259
6260
6262
6272
6273
6274
6275
6276
6278
6280
6281
6282
6283
6284
6286
6288
6289
6290
6291
6292
6294
6296
6297
6298
6299
6300
6302
6304
6305
6306
6307
6308
6310
6320
6321
6322
6323
6324
6326
6336
6337
6338
6339
6340
6342
6344
6345
6346
6347
6348
6350
6352
6353
6354
6355
6356
6358
6360
6361
6362
6363
6364
6366
6368
6369
6370
6371
6372
6374
6384
6385
6386
6387
6388
6390
6400
6401
6402
6403
6404
6406
6408
6409
6410
6411
6412
6414
6416
6417
6418
6419
6420
6422
6424
6425
6426
6427
6428
6430
6432
6433
6434
6435
6436
6438
6448
6449
6450
6451
6452
6454
6528
6529
6530
6531
6532
6534
6536
6537
6538
6539
6540
6542
6544
6545
6546
6547
6548
6550
6552
6553
6554
6555
6556
6558
6560
6561
6562
6563
6564
6566
6576
6577
6578
6579
6580
6582
7168
7169
7170
7171
7172
7174
7176
7177
7178
7179
7180
7182
7184
7185
7186
7187
7188
7190
7192
7193
7194
7195
7196
7198
7200
7201
7202
7203
7204
7206
7216
7217
7218
7219
7220
7222
7232
7233
7234
7235
7236
7238
7240
7241
7242
7243
7244
7246
7248
7249
7250
7251
7252
7254
7256
7257
7258
7259
7260
7262
7264
7265
7266
7267
7268
7270
7280
7281
7282
7283
7284
7286
7296
7297
7298
7299
7300
7302
7304
7305
7306
7307
7308
7310
7312
7313
7314
7315
7316
7318
7320
7321
7322
7323
7324
7326
7328
7329
7330
7331
7332
7334
7344
7345
7346
7347
7348
7350
7360
7361
7362
7363
7364
7366
7368
7369
7370
7371
7372
7374
7376
7377
7378
7379
7380
7382
7384
7385
7386
7387
7388
7390
7392
7393
7394
7395
7396
7398
7408
7409
7410
7411
7412
7414
7424
7425
7426
7427
7428
7430
7432
7433
7434
7435
7436
7438
7440
7441
7442
7443
7444
7446
7448
7449
7450
7451
7452
7454
7456
7457
7458
7459
7460
7462
7472
7473
7474
7475
7476
7478
7552
7553
7554
7555
7556
7558
7560
7561
7562
7563
7564
7566
7568
7569
7570
7571
7572
7574
7576
7577
7578
7579
7580
7582
7584
7585
7586
7587
7588
7590
7600
7601
7602
7603
7604
7606
8192
8193
8194
8195
8196
8198
8200
8201
8202
8203
8204
8206
8208
8209
8210
8211
8212
8214
8216
8217
8218
8219
8220
8222
8224
8225
8226
8227
8228
8230
8240
8241
8242
8243
8244
8246
8256
8257
8258
8259
8260
8262
8264
8265
8266
8267
8268
8270
8272
8273
8274
8275
8276
8278
8280
8281
8282
8283
8284
8286
8288
8289
8290
8291
8292
8294
8304
8305
8306
8307
8308
8310
8320
8321
8322
8323
8324
8326
8328
8329
8330
8331
8332
8334
8336
8337
8338
8339
8340
8342
8344
8345
8346
8347
8348
8350
8352
8353
8354
8355
8356
8358
8368
8369
8370
8371
8372
8374
8384
8385
8386
8387
8388
8390
8392
8393
8394
8395
8396
8398
8400
8401
8402
8403
8404
8406
8408
8409
8410
8411
8412
8414
8416
8417
8418
8419
8420
8422
8432
8433
8434
8435
8436
8438
8448
8449
8450
8451
8452
8454
8456
8457
8458
8459
8460
8462
8464
8465
8466
8467
8468
8470
8472
8473
8474
8475
8476
8478
8480
8481
8482
8483
8484
8486
8496
8497
8498
8499
8500
8502
8576
8577
8578
8579
8580
8582
8584
8585
8586
8587
8588
8590
8592
8593
8594
8595
8596
8598
8600
8601
8602
8603
8604
8606
8608
8609
8610
8611
8612
8614
8624
8625
8626
8627
8628
8630
8704
8705
8706
8707
8708
8710
8712
8713
8714
8715
8716
8718
8720
8721
8722
8723
8724
8726
8728
8729
8730
8731
8732
8734
8736
8737
8738
8739
8740
8742
8752
8753
8754
8755
8756
8758
8768
8769
8770
8771
8772
8774
8776
8777
8778
8779
8780
8782
8784
8785
8786
8787
8788
8790
8792
8793
8794
8795
8796
8798
8800
8801
8802
8803
8804
8806
8816
8817
8818
8819
8820
8822
8832
8833
8834
8835
8836
8838
8840
8841
8842
8843
8844
8846
8848
8849
8850
8851
8852
8854
8856
8857
8858
8859
8860
8862
8864
8865
8866
8867
8868
8870
8880
8881
8882
8883
8884
8886
8896
8897
8898
8899
8900
8902
8904
8905
8906
8907
8908
8910
8912
8913
8914
8915
8916
8918
8920
8921
8922
8923
8924
8926
8928
8929
8930
8931
8932
8934
8944
8945
8946
8947
8948
8950
8960
8961
8962
8963
8964
8966
8968
8969
8970
8971
8972
8974
8976
8977
8978
8979
8980
8982
8984
8985
8986
8987
8988
8990
8992
8993
8994
8995
8996
8998
9008
9009
9010
9011
9012
9014
9088
9089
9090
9091
9092
9094
9096
9097
9098
9099
9100
9102
9104
9105
9106
9107
9108
9110
9112
9113
9114
9115
9116
9118
9120
9121
9122
9123
9124
9126
9136
9137
9138
9139
9140
9142
9216
9217
9218
9219
9220
9222
9224
9225
9226
9227
9228
9230
9232
9233
9234
9235
9236
9238
9240
9241
9242
9243
9244
9246
9248
9249
9250
9251
9252
9254
9264
9265
9266
9267
9268
9270
9280
9281
9282
9283
9284
9286
9288
9289
9290
9291
9292
9294
9296
9297
9298
9299
9300
9302
9304
9305
9306
9307
9308
9310
9312
9313
9314
9315
9316
9318
9328
9329
9330
9331
9332
9334
9344
9345
9346
9347
9348
9350
9352
9353
9354
9355
9356
9358
9360
9361
9362
9363
9364
9366
9368
9369
9370
9371
9372
9374
9376
9377
9378
9379
9380
9382
9392
9393
9394
9395
9396
9398
9408
9409
9410
9411
9412
9414
9416
9417
9418
9419
9420
9422
9424
9425
9426
9427
9428
9430
9432
9433
9434
9435
9436
9438
9440
9441
9442
9443
9444
9446
9456
9457
9458
9459
9460
9462
9472
9473
9474
9475
9476
9478
9480
9481
9482
9483
9484
9486
9488
9489
9490
9491
9492
9494
9496
9497
9498
9499
9500
9502
9504
9505
9506
9507
9508
9510
9520
9521
9522
9523
9524
9526
9600
9601
9602
9603
9604
9606
9608
9609
9610
9611
9612
9614
9616
9617
9618
9619
9620
9622
9624
9625
9626
9627
9628
9630
9632
9633
9634
9635
9636
9638
9648
9649
9650
9651
9652
9654
9728
9729
9730
9731
9732
9734
9736
9737
9738
9739
9740
9742
9744
9745
9746
9747
9748
9750
9752
9753
9754
9755
9756
9758
9760
9761
9762
9763
9764
9766
9776
9777
9778
9779
9780
9782
9792
9793
9794
9795
9796
9798
9800
9801
9802
9803
9804
9806
9808
9809
9810
9811
9812
9814
9816
9817
9818
9819
9820
9822
9824
9825
9826
9827
9828
9830
9840
9841
9842
9843
9844
9846
9856
9857
9858
9859
9860
9862
9864
9865
9866
9867
9868
9870
9872
9873
9874
9875
9876
9878
9880
9881
9882
9883
9884
9886
9888
9889
9890
9891
9892
9894
9904
9905
9906
9907
9908
9910
9920
9921
9922
9923
9924
9926
9928
9929
9930
9931
9932
9934
9936
9937
9938
9939
9940
9942
9944
9945
9946
9947
9948
9950
9952
9953
9954
9955
9956
9958
9968
9969
9970
9971
9972
9974
9984
9985
9986
9987
9988
9990
9992
9993
9994
9995
9996
9998
10000
