5
6
7
8
9
10
11
12
13
14
15
33
34
35
37
38
39
40
41
42
43
44
45
46
48
49
52
53
54
55
56
57
58
60
61
62
63
64
65
66
67
68
69
70
71
72
73
74
75
76
77
78
79
80
81
82
84
85
86
87
88
89
90
92
93
94
96
97
98
100
101
102
103
104
105
106
108
109
110
111
112
113
120
121
124
125
126
127
265
268
269
272
274
280
298
300
302
304
305
306
308
312
313
316
318
320
321
322
324
330
336
337
338
340
342
348
350
352
353
356
360
361
362
363
364
366
368
377
378
380
384
385
389
390
392
393
394
397
406
414
416
417
418
422
424
425
426
428
430
432
433
438
444
446
448
449
451
452
453
454
456
460
461
462
464
466
468
469
474
476
480
481
483
484
486
492
494
496
497
502
508
512
513
517
518
519
520
521
522
524
525
526
527
528
529
530
532
536
537
540
541
542
544
545
546
549
550
552
553
554
556
557
560
561
564
565
567
568
569
570
572
576
577
582
584
585
586
588
589
590
591
592
593
596
597
598
600
606
608
609
616
617
619
620
621
622
623
624
625
629
630
632
633
636
637
638
639
640
641
646
648
649
650
657
660
662
670
672
673
678
680
681
682
684
695
696
702
709
712
714
720
722
729
730
732
736
741
742
746
748
752
753
756
766
768
769
776
777
780
781
782
783
791
793
796
798
800
805
808
809
810
816
820
828
832
833
837
840
841
844
845
846
847
848
849
855
857
862
864
865
872
873
876
877
878
879
880
881
888
889
892
893
894
895
896
897
904
905
908
909
910
911
960
961
968
969
972
973
974
975
992
993
1000
1001
1004
1005
1006
1007
1008
1009
1016
1017
1020
1021
1022
1023
2346
2348
2378
2384
2385
2386
2396
2400
2401
2404
2410
2412
2634
2640
2641
2642
2688
2689
2696
2697
2698
2704
2705
2706
2736
2737
2740
2741
2774
2780
2782
2784
2785
2788
2800
2801
2804
2805
2806
2814
2816
2817
2824
2825
2842
2844
2848
2849
2852
2858
2860
2890
2896
2897
2898
2908
2912
2913
2916
2922
2924
3072
3073
3078
3080
3081
3082
3120
3121
3124
3125
3136
3137
3142
3144
3145
3146
3152
3153
3156
3157
3248
3249
3252
3253
3286
3294
3312
3313
3316
3317
3318
3326
3328
3329
3334
3336
3337
3338
3376
3377
3380
3381
3392
3393
3398
3400
3401
3402
3408
3409
3412
3413
3516
3548
3552
3553
3556
3580
3804
3808
3809
3812
3840
3841
3848
3849
3866
3868
3872
3873
3876
3994
4010
4012
4028
4060
4064
4065
4068
4092
4096
4097
4102
4104
4105
4106
4108
4109
4110
4111
4138
4140
4144
4145
4148
4149
4156
4160
4161
4166
4168
4169
4170
4172
4173
4174
4175
4176
4177
4180
4181
4192
4193
4200
4201
4204
4205
4206
4207
4208
4209
4216
4217
4220
4221
4222
4223
4394
4396
4426
4432
4433
4434
4438
4444
4446
4448
4449
4452
4458
4460
4480
4481
4486
4488
4489
4490
4502
4510
4512
4513
4518
4520
4521
4522
4540
4572
4576
4577
4580
4604
4608
4609
4614
4616
4617
4618
4620
4621
4622
4623
4650
4652
4656
4657
4660
4661
4668
4672
4673
4678
4680
4681
4682
4684
4685
4686
4687
4688
4689
4692
4693
4694
4702
4704
4705
4712
4713
4716
4717
4718
4719
4720
4721
4728
4729
4732
4733
4734
4735
4736
4737
4742
4744
4745
4746
4758
4766
4768
4769
4774
4776
4777
4778
4784
4785
4788
4789
4822
4830
4848
4849
4852
4853
4854
4862
4864
4865
4872
4873
4876
4877
4878
4879
4928
4929
4936
4937
4940
4941
4942
4943
4960
4961
4968
4969
4972
4973
4974
4975
4976
4977
4984
4985
4988
4989
4990
4991
4992
4993
5000
5001
5004
5005
5006
5007
5056
5057
5064
5065
5068
5069
5070
5071
5088
5089
5096
5097
5100
5101
5102
5103
5104
5105
5112
5113
5116
5117
5118
5119
5120
5121
5126
5128
5129
5130
5168
5169
5172
5173
5184
5185
5190
5192
5193
5194
5200
5201
5204
5205
5296
5297
5300
5301
5334
5342
5360
5361
5364
5365
5366
5374
5376
5377
5382
5384
5385
5386
5424
5425
5428
5429
5440
5441
5446
5448
5449
5450
5456
5457
5460
5461
6144
6145
6152
6153
6156
6157
6158
6159
6208
6209
6216
6217
6220
6221
6222
6223
6240
6241
6248
6249
6252
6253
6254
6255
6256
6257
6264
6265
6268
6269
6270
6271
6656
6657
6664
6665
6668
6669
6670
6671
6720
6721
6728
6729
6732
6733
6734
6735
6752
6753
6760
6761
6764
6765
6766
6767
6768
6769
6776
6777
6780
6781
6782
6783
6912
6913
6920
6921
6924
6925
6926
6927
6976
6977
6984
6985
6988
6989
6990
6991
7008
7009
7016
7017
7020
7021
7022
7023
7024
7025
7032
7033
7036
7037
7038
7039
7040
7041
7048
7049
7052
7053
7054
7055
7104
7105
7112
7113
7116
7117
7118
7119
7136
7137
7144
7145
7148
7149
7150
7151
7152
7153
7160
7161
7164
7165
7166
7167
7168
7169
7176
7177
7180
7181
7182
7183
7232
7233
7240
7241
7244
7245
7246
7247
7264
7265
7272
7273
7276
7277
7278
7279
7280
7281
7288
7289
7292
7293
7294
7295
7680
7681
7688
7689
7692
7693
7694
7695
7744
7745
7752
7753
7756
7757
7758
7759
7776
7777
7784
7785
7788
7789
7790
7791
7792
7793
7800
7801
7804
7805
7806
7807
7936
7937
7944
7945
7948
7949
7950
7951
8000
8001
8008
8009
8012
8013
8014
8015
8032
8033
8040
8041
8044
8045
8046
8047
8048
8049
8056
8057
8060
8061
8062
8063
8064
8065
8072
8073
8076
8077
8078
8079
8128
8129
8136
8137
8140
8141
8142
8143
8160
8161
8168
8169
8172
8173
8174
8175
8176
8177
8184
8185
8188
8189
8190
8191
