2
4
5
6
7
8
9
10
11
12
13
14
15
16
17
18
29
30
32
33
34
35
36
37
38
39
40
41
42
44
45
46
47
48
49
50
51
52
53
54
55
56
57
58
59
60
61
62
63
64
65
66
67
68
69
70
71
72
73
74
76
77
78
79
80
81
82
83
84
85
86
87
88
89
90
91
92
93
94
96
97
98
100
101
102
103
104
105
106
108
109
110
111
112
113
114
115
116
117
118
119
120
121
122
123
126
128
129
130
132
133
134
136
137
138
140
141
142
144
145
146
225
226
228
232
233
234
236
237
238
239
240
241
242
244
245
249
253
256
257
258
260
261
262
263
264
265
266
268
271
272
275
276
277
278
280
281
282
283
284
285
286
288
289
290
292
293
294
295
296
297
298
300
301
302
303
304
305
306
308
309
310
311
312
313
315
316
317
318
320
321
322
324
325
326
327
328
329
330
332
333
334
335
336
337
338
339
341
342
343
345
346
348
349
350
351
352
353
354
355
356
357
358
359
360
361
362
364
365
366
367
368
369
370
371
372
373
374
375
376
377
378
380
383
384
385
386
388
389
390
391
392
393
394
395
396
397
398
399
400
401
402
404
405
406
409
411
412
413
414
416
417
418
420
421
422
423
424
425
426
428
429
430
431
432
433
434
435
436
437
438
439
440
441
443
444
446
447
448
449
450
452
453
454
455
456
457
458
460
461
462
463
464
465
466
468
469
472
473
474
475
476
480
481
482
483
484
486
487
488
489
490
492
493
494
495
496
497
499
500
501
502
503
504
505
506
507
509
510
512
513
514
516
517
518
519
520
521
522
523
524
525
526
527
528
529
530
532
533
534
535
536
537
538
540
541
542
544
545
546
548
549
550
551
552
553
555
556
557
560
561
562
564
565
566
567
568
569
570
576
577
578
580
581
582
583
584
585
586
588
589
590
591
592
593
594
595
598
599
601
604
606
607
608
609
610
614
616
617
618
620
621
622
623
624
625
626
627
628
629
630
631
632
636
640
641
642
645
646
647
648
649
650
652
653
654
656
657
658
659
662
663
664
665
666
667
668
672
673
676
677
678
680
684
688
689
690
692
693
694
697
698
699
700
701
702
704
705
709
710
712
714
716
717
718
720
724
725
726
728
729
731
732
734
736
737
741
742
745
748
752
753
754
756
758
766
768
769
770
774
776
777
778
780
781
782
784
785
786
798
805
808
809
812
820
821
827
829
830
832
833
834
840
841
842
844
845
846
848
849
850
864
865
866
870
872
873
874
876
877
878
880
881
882
884
885
896
897
898
904
905
906
907
908
909
910
912
913
914
918
921
922
923
924
926
928
929
932
933
936
944
945
950
958
968
969
972
976
977
978
982
985
997
1004
1008
1010
1024
1025
1026
1032
1033
1034
1036
1037
1038
1040
1041
1042
1088
1089
1090
1096
1097
1098
1100
1101
1102
1104
1105
1106
1120
1121
1122
1128
1129
1130
1132
1133
1134
1136
1137
1138
1152
1153
1154
1160
1161
1162
1164
1165
1166
1168
1169
1170
1821
1824
1825
1828
1849
1853
1855
1856
1857
1864
1869
1871
1873
1878
1881
1885
1908
1910
1920
1921
1928
1932
1934
1936
1937
1962
1964
1966
1977
1981
1992
1994
1996
2048
2049
2052
2053
2054
2055
2056
2057
2077
2080
2081
2084
2085
2086
2087
2088
2089
2095
2096
2097
2100
2101
2102
2103
2104
2105
2109
2111
2112
2113
2116
2117
2118
2119
2120
2121
2140
2142
2144
2156
2166
2168
2169
2173
2176
2177
2191
2196
2198
2205
2208
2209
2212
2218
2220
2222
2223
2224
2225
2228
2230
2233
2237
2257
2268
2272
2273
2276
2280
2281
2288
2289
2290
2297
2304
2305
2308
2309
2310
2311
2312
2313
2319
2320
2324
2326
2333
2336
2337
2338
2340
2341
2342
2343
2344
2345
2346
2348
2350
2351
2352
2353
2354
2356
2357
2358
2359
2360
2361
2368
2369
2372
2373
2374
2375
2376
2377
2378
2383
2384
2385
2387
2390
2396
2400
2401
2403
2410
2414
2415
2416
2417
2418
2419
2423
2424
2428
2432
2433
2436
2437
2438
2439
2440
2441
2444
2446
2448
2461
2464
2465
2468
2469
2470
2471
2472
2473
2474
2476
2478
2480
2481
2484
2485
2486
2487
2488
2489
2492
2496
2497
2500
2501
2502
2503
2504
2505
2508
2522
2528
2529
2560
2561
2564
2565
2566
2567
2568
2569
2570
2581
2586
2588
2592
2593
2596
2597
2598
2599
2600
2601
2605
2608
2609
2610
2612
2613
2614
2615
2616
2617
2624
2625
2628
2629
2630
2631
2632
2633
2634
2639
2640
2641
2643
2671
2675
2679
2680
2688
2689
2695
2696
2698
2707
2711
2712
2714
2716
2732
2735
2736
2737
2740
2742
2760
2765
2767
2774
2777
2780
2782
2784
2785
2787
2793
2796
2798
2800
2801
2804
2806
2812
2816
2817
2822
2823
2824
2825
2826
2828
2835
2837
2838
2839
2840
2842
2844
2846
2857
2858
2860
2863
2876
2880
2881
2885
2886
2888
2892
2896
2897
2898
2901
2906
2920
2921
2922
2925
2926
2927
2928
2929
2930
2931
2935
2936
2937
2940
2941
2944
2945
2950
2963
2964
2966
2967
2968
2969
2970
2972
2986
2988
2991
2994
2999
3000
3002
3004
3007
3008
3009
3034
3040
3041
3053
3058
3061
3072
3073
3076
3077
3078
3079
3080
3081
3082
3084
3092
3097
3104
3105
3108
3109
3110
3111
3112
3113
3116
3118
3120
3121
3124
3125
3126
3127
3128
3129
3136
3137
3140
3141
3142
3143
3144
3145
3148
3152
3157
3158
3162
3164
3166
3168
3169
3196
3200
3201
3210
3216
3218
3221
3237
3238
3240
3244
3248
3249
3252
3254
3277
3278
3284
3285
3286
3288
3291
3292
3294
3296
3297
3308
3312
3313
3316
3318
3328
3329
3332
3333
3334
3335
3336
3337
3339
3340
3341
3342
3355
3360
3361
3364
3365
3366
3367
3368
3369
3376
3377
3380
3381
3382
3383
3384
3385
3387
3389
3390
3392
3393
3396
3397
3398
3399
3400
3401
3414
3420
3422
3424
3425
3456
3457
3460
3461
3462
3463
3464
3465
3468
3478
3484
3486
3488
3489
3492
3493
3494
3495
3496
3497
3500
3504
3505
3508
3509
3510
3511
3512
3513
3516
3518
3519
3520
3521
3524
3525
3526
3527
3528
3529
3532
3537
3542
3545
3548
3552
3553
3555
3558
3564
3567
3568
3569
3571
3572
3584
3585
3588
3589
3590
3591
3592
3593
3616
3617
3620
3621
3622
3623
3624
3625
3632
3633
3636
3637
3638
3639
3640
3641
3642
3648
3649
3650
3652
3653
3654
3655
3656
3657
3680
3686
3688
3689
3693
3694
3696
3697
3698
3700
3701
3705
3706
3710
3712
3713
3714
3728
3737
3738
3739
3742
3744
3745
3748
3749
3752
3756
3762
3764
3765
3769
3770
3771
3773
3774
3776
3777
3781
3782
3786
3789
3790
3792
3796
3797
3800
3803
3821
3826
3829
3840
3841
3845
3846
3888
3889
3892
3893
3894
3899
3901
3902
3904
3905
3936
3942
3944
3948
3949
3950
3952
3953
3956
3957
3968
3969
3976
3979
3981
3982
3990
3995
3996
4000
4001
4004
4005
4008
4096
4097
4098
4100
4101
4102
4103
4104
4105
4106
4107
4108
4109
4110
4112
4113
4114
4128
4129
4132
4133
4134
4135
4136
4137
4140
4144
4145
4148
4149
4150
4151
4152
4153
4154
4155
4157
4158
4160
4161
4162
4164
4165
4166
4167
4168
4169
4170
4172
4173
4174
4176
4177
4178
4180
4181
4182
4184
4185
4187
4188
4190
4192
4193
4194
4197
4200
4201
4202
4204
4205
4206
4208
4209
4210
4212
4213
4214
4217
4218
4222
4224
4225
4226
4232
4233
4234
4236
4237
4238
4240
4241
4242
4313
4320
4325
4326
4332
4336
4338
4352
4353
4356
4357
4358
4359
4360
4361
4374
4377
4380
4382
4384
4385
4388
4389
4390
4391
4392
4393
4396
4400
4401
4404
4405
4406
4407
4408
4409
4410
4416
4417
4418
4420
4421
4422
4423
4424
4425
4428
4433
4438
4444
4446
4448
4449
4450
4453
4480
4481
4484
4485
4486
4487
4488
4489
4492
4502
4508
4510
4512
4513
4516
4517
4518
4519
4520
4521
4524
4528
4529
4532
4533
4534
4535
4536
4537
4544
4545
4548
4549
4550
4551
4552
4553
4560
4562
4608
4609
4610
4612
4613
4614
4615
4616
4617
4618
4620
4621
4622
4624
4625
4626
4638
4640
4641
4644
4645
4646
4647
4648
4649
4652
4656
4657
4660
4661
4662
4663
4664
4665
4666
4672
4673
4674
4676
4677
4678
4679
4680
4681
4682
4684
4685
4686
4688
4689
4690
4694
4700
4702
4704
4705
4706
4712
4713
4714
4716
4717
4718
4720
4721
4722
4736
4737
4738
4744
4745
4746
4748
4749
4750
4752
4753
4754
4780
4784
4785
4788
4790
4822
4828
4830
4832
4833
4844
4848
4849
4852
4854
4864
4865
4866
4870
4872
4873
4874
4876
4877
4878
4880
4881
4882
4916
4917
4923
4925
4926
4928
4929
4930
4936
4937
4938
4940
4941
4942
4944
4945
4946
4960
4961
4962
4968
4969
4970
4972
4973
4974
4976
4977
4978
4980
4981
4992
4993
4994
5000
5001
5002
5004
5005
5006
5008
5009
5010
5120
5121
5122
5128
5129
5130
5132
5133
5134
5136
5137
5138
5174
5182
5184
5185
5186
5192
5193
5194
5196
5197
5198
5200
5201
5202
5216
5217
5218
5224
5225
5226
5228
5229
5230
5232
5233
5234
5236
5238
5248
5249
5250
5256
5257
5258
5260
5261
5262
5264
5265
5266
5462
5468
5470
5472
5473
5474
5477
5504
5505
5510
5512
5513
5516
5520
5526
5529
5530
5532
5534
5536
5537
5548
5552
5553
5554
5556
5558
5804
5808
5809
5812
5814
5846
5852
5854
5856
5857
5868
5872
5873
5876
5878
5888
5889
5894
5896
5897
5900
5974
5980
5982
5984
5985
6016
6017
6022
6024
6025
6028
6038
6044
6046
6048
6049
6060
6064
6065
6068
6070
6144
6145
6146
6150
6152
6153
6154
6156
6157
6158
6160
6161
6162
6188
6192
6193
6196
6198
6208
6209
6210
6214
6216
6217
6218
6220
6221
6222
6224
6225
6226
6230
6236
6238
6240
6241
6242
6248
6249
6250
6252
6253
6254
6256
6257
6258
6272
6273
6274
6280
6281
6282
6284
6285
6286
6288
6289
6290
6656
6657
6658
6664
6665
6666
6668
6669
6670
6672
6673
6674
6720
6721
6722
6728
6729
6730
6732
6733
6734
6736
6737
6738
6752
6753
6754
6760
6761
6762
6764
6765
6766
6768
6769
6770
6784
6785
6786
6792
6793
6794
6796
6797
6798
6800
6801
6802
6912
6913
6914
6920
6921
6922
6924
6925
6926
6928
6929
6930
6976
6977
6978
6984
6985
6986
6988
6989
6990
6992
6993
6994
7008
7009
7010
7016
7017
7018
7020
7021
7022
7024
7025
7026
7040
7041
7042
7048
7049
7050
7052
7053
7054
7056
7057
7058
7168
7169
7170
7176
7177
7178
7180
7181
7182
7184
7185
7186
7232
7233
7234
7240
7241
7242
7244
7245
7246
7248
7249
7250
7264
7265
7266
7272
7273
7274
7276
7277
7278
7280
7281
7282
7296
7297
7298
7304
7305
7306
7308
7309
7310
7312
7313
7314
8192
8193
8194
8200
8201
8202
8204
8205
8206
8208
8209
8210
8256
8257
8258
8264
8265
8266
8268
8269
8270
8272
8273
8274
8288
8289
8290
8296
8297
8298
8300
8301
8302
8304
8305
8306
8320
8321
8322
8328
8329
8330
8332
8333
8334
8336
8337
8338
8704
8705
8706
8712
8713
8714
8716
8717
8718
8720
8721
8722
8768
8769
8770
8776
8777
8778
8780
8781
8782
8784
8785
8786
8800
8801
8802
8808
8809
8810
8812
8813
8814
8816
8817
8818
8832
8833
8834
8840
8841
8842
8844
8845
8846
8848
8849
8850
8960
8961
8962
8968
8969
8970
8972
8973
8974
8976
8977
8978
9024
9025
9026
9032
9033
9034
9036
9037
9038
9040
9041
9042
9056
9057
9058
9064
9065
9066
9068
9069
9070
9072
9073
9074
9088
9089
9090
9096
9097
9098
9100
9101
9102
9104
9105
9106
9216
9217
9218
9224
9225
9226
9228
9229
9230
9232
9233
9234
9280
9281
9282
9288
9289
9290
9292
9293
9294
9296
9297
9298
9312
9313
9314
9320
9321
9322
9324
9325
9326
9328
9329
9330
9344
9345
9346
9352
9353
9354
9356
9357
9358
9360
9361
9362
16384
16385
16388
16389
16390
16391
16392
16393
16416
16417
16420
16421
16422
16423
16424
16425
16432
16433
16436
16437
16438
16439
16440
16441
16448
16449
16452
16453
16454
16455
16456
16457
16640
16641
16644
16645
16646
16647
16648
16649
16672
16673
16676
16677
16678
16679
16680
16681
16688
16689
16692
16693
16694
16695
16696
16697
16704
16705
16708
16709
16710
16711
16712
16713
16768
16769
16772
16773
16774
16775
16776
16777
16800
16801
16804
16805
16806
16807
16808
16809
16816
16817
16820
16821
16822
16823
16824
16825
16832
16833
16836
16837
16838
16839
16840
16841
16896
16897
16900
16901
16902
16903
16904
16905
16928
16929
16932
16933
16934
16935
16936
16937
16944
16945
16948
16949
16950
16951
16952
16953
16960
16961
16964
16965
16966
16967
16968
16969
18432
18433
18436
18437
18438
18439
18440
18441
18464
18465
18468
18469
18470
18471
18472
18473
18480
18481
18484
18485
18486
18487
18488
18489
18496
18497
18500
18501
18502
18503
18504
18505
18688
18689
18692
18693
18694
18695
18696
18697
18720
18721
18724
18725
18726
18727
18728
18729
18736
18737
18740
18741
18742
18743
18744
18745
18752
18753
18756
18757
18758
18759
18760
18761
18816
18817
18820
18821
18822
18823
18824
18825
18848
18849
18852
18853
18854
18855
18856
18857
18864
18865
18868
18869
18870
18871
18872
18873
18880
18881
18884
18885
18886
18887
18888
18889
18944
18945
18948
18949
18950
18951
18952
18953
18976
18977
18980
18981
18982
18983
18984
18985
18992
18993
18996
18997
18998
18999
19000
19001
19008
19009
19012
19013
19014
19015
19016
19017
19456
19457
19460
19461
19462
19463
19464
19465
19488
19489
19492
19493
19494
19495
19496
19497
19504
19505
19508
19509
19510
19511
19512
19513
19520
19521
19524
19525
19526
19527
19528
19529
19712
19713
19716
19717
19718
19719
19720
19721
19744
19745
19748
19749
19750
19751
19752
19753
19760
19761
19764
19765
19766
19767
19768
19769
19776
19777
19780
19781
19782
19783
19784
19785
19840
19841
19844
19845
19846
19847
19848
19849
19872
19873
19876
19877
19878
19879
19880
19881
19888
19889
19892
19893
19894
19895
19896
19897
19904
19905
19908
19909
19910
19911
19912
19913
19968
19969
19972
19973
19974
19975
19976
19977
20000
20001
20004
20005
20006
20007
20008
20009
20016
20017
20020
20021
20022
20023
20024
20025
20032
20033
20036
20037
20038
20039
20040
20041
20480
20481
20484
20485
20486
20487
20488
20489
20512
20513
20516
20517
20518
20519
20520
20521
20528
20529
20532
20533
20534
20535
20536
20537
20544
20545
20548
20549
20550
20551
20552
20553
20736
20737
20740
20741
20742
20743
20744
20745
20768
20769
20772
20773
20774
20775
20776
20777
20784
20785
20788
20789
20790
20791
20792
20793
20800
20801
20804
20805
20806
20807
20808
20809
20864
20865
20868
20869
20870
20871
20872
20873
20896
20897
20900
20901
20902
20903
20904
20905
20912
20913
20916
20917
20918
20919
20920
20921
20928
20929
20932
20933
20934
20935
20936
20937
20992
20993
20996
20997
20998
20999
21000
21001
21024
21025
21028
21029
21030
21031
21032
21033
21040
21041
21044
21045
21046
21047
21048
21049
21056
21057
21060
21061
21062
21063
21064
21065
21846
21852
21854
21856
21857
21888
21889
21894
21896
21897
21900
21910
21916
21918
21920
21921
21932
21936
21937
21940
21942
22188
22192
22193
22196
22198
22230
22236
22238
22240
22241
22252
22256
22257
22260
22262
22272
22273
22278
22280
22281
22284
22358
22364
22366
22368
22369
22400
22401
22406
22408
22409
22412
22422
22428
22430
22432
22433
22444
22448
22449
22452
22454
22528
22529
22534
22536
22537
22540
22572
22576
22577
22580
22582
22592
22593
22598
22600
22601
22604
22614
22620
22622
22624
22625
24576
24577
24580
24581
24582
24583
24584
24585
24588
24608
24609
24612
24613
24614
24615
24616
24617
24620
24624
24625
24628
24629
24630
24631
24632
24633
24640
24641
24644
24645
24646
24647
24648
24649
24652
24662
24668
24670
24672
24673
24832
24833
24836
24837
24838
24839
24840
24841
24864
24865
24868
24869
24870
24871
24872
24873
24880
24881
24884
24885
24886
24887
24888
24889
24896
24897
24900
24901
24902
24903
24904
24905
24918
24924
24926
24928
24929
24960
24961
24964
24965
24966
24967
24968
24969
24972
24982
24988
24990
24992
24993
24996
24997
24998
24999
25000
25004
25008
25009
25012
25014
25088
25089
25094
25096
25097
25100
25132
25136
25137
25140
25142
25152
25153
25158
25160
25161
25164
25174
25180
25182
25184
25185
25260
25264
25265
25268
25270
25302
25308
25310
25312
25313
25324
25328
25329
25332
25334
25344
25345
25350
25352
25353
25356
25942
25948
25950
25952
25953
25984
25985
25990
25992
25993
25996
26006
26012
26014
26016
26017
26028
26032
26033
26036
26038
26284
26288
26289
26292
26294
26326
26332
26334
26336
26337
26348
26352
26353
26356
26358
26368
26369
26374
26376
26377
26380
26454
26460
26462
26464
26465
26496
26497
26502
26504
26505
26508
26518
26524
26526
26528
26529
26540
26544
26545
26548
26550
26624
26625
26630
26632
26633
26636
26668
26672
26673
26676
26678
26688
26689
26694
26696
26697
26700
26710
26716
26718
26720
26721
27308
27312
27313
27316
27318
27350
27356
27358
27360
27361
27372
27376
27377
27380
27382
27392
27393
27398
27400
27401
27404
27648
27649
27654
27656
27657
27660
27692
27696
27697
27700
27702
27712
27713
27718
27720
27721
27724
27734
27740
27742
27744
27745
27820
27824
27825
27828
27830
27862
27868
27870
27872
27873
27884
27888
27889
27892
27894
27904
27905
27910
27912
27913
27916
27990
27996
27998
28000
28001
28032
28033
28038
28040
28041
28044
28054
28060
28062
28064
28065
28076
28080
28081
28084
28086
32768
32769
32770
32774
32776
32777
32778
32780
32781
32782
32784
32785
32786
32812
32816
32817
32820
32822
32832
32833
32834
32838
32840
32841
32842
32844
32845
32846
32848
32849
32850
32854
32860
32862
32864
32865
32866
32872
32873
32874
32876
32877
32878
32880
32881
32882
32896
32897
32898
32904
32905
32906
32908
32909
32910
32912
32913
32914
33110
33116
33118
33120
33121
33152
33153
33158
33160
33161
33164
33174
33180
33182
33184
33185
33196
33200
33201
33204
33206
33280
33281
33282
33286
33288
33289
33290
33292
33293
33294
33296
33297
33298
33324
33328
33329
33332
33344
33345
33346
33352
33353
33354
33356
33357
33358
33360
33361
33362
33376
33377
33378
33384
33385
33386
33388
33389
33390
33392
33393
33394
33408
33409
33410
33416
33417
33418
33420
33421
33422
33424
33425
33426
33536
33537
33538
33544
33545
33546
33548
33549
33550
33552
33553
33554
33600
33601
33602
33608
33609
33610
33612
33613
33614
33616
33617
33618
33632
33633
33634
33640
33641
33642
33644
33645
33646
33648
33649
33650
33664
33665
33666
33672
33673
33674
33676
33677
33678
33680
33681
33682
33792
33793
33794
33800
33801
33802
33804
33805
33806
33808
33809
33810
33856
33857
33858
33864
33865
33866
33868
33869
33870
33872
33873
33874
33888
33889
33890
33896
33897
33898
33900
33901
33902
33904
33905
33906
33920
33921
33922
33928
33929
33930
33932
33933
33934
33936
33937
33938
36864
36865
36866
36872
36873
36874
36876
36877
36878
36880
36881
36882
36928
36929
36930
36936
36937
36938
36940
36941
36942
36944
36945
36946
36960
36961
36962
36968
36969
36970
36972
36973
36974
36976
36977
36978
36992
36993
36994
37000
37001
37002
37004
37005
37006
37008
37009
37010
37376
37377
37378
37384
37385
37386
37388
37389
37390
37392
37393
37394
37440
37441
37442
37448
37449
37450
37452
37453
37454
37456
37457
37458
37472
37473
37474
37480
37481
37482
37484
37485
37486
37488
37489
37490
37504
37505
37506
37512
37513
37514
37516
37517
37518
37520
37521
37522
37632
37633
37634
37640
37641
37642
37644
37645
37646
37648
37649
37650
37696
37697
37698
37704
37705
37706
37708
37709
37710
37712
37713
37714
37728
37729
37730
37736
37737
37738
37740
37741
37742
37744
37745
37746
37760
37761
37762
37768
37769
37770
37772
37773
37774
37776
37777
37778
37888
37889
37890
37896
37897
37898
37900
37901
37902
37904
37905
37906
37952
37953
37954
37960
37961
37962
37964
37965
37966
37968
37969
37970
37984
37985
37986
37992
37993
37994
37996
37997
37998
38000
38001
38002
38016
38017
38018
38024
38025
38026
38028
38029
38030
38032
38033
38034
38912
38913
38914
38920
38921
38922
38924
38925
38926
38928
38929
38930
38976
38977
38978
38984
38985
38986
38988
38989
38990
38992
38993
38994
39008
39009
39010
39016
39017
39018
39020
39021
39022
39024
39025
39026
39040
39041
39042
39048
39049
39050
39052
39053
39054
39056
39057
39058
39424
39425
39426
39432
39433
39434
39436
39437
39438
39440
39441
39442
39488
39489
39490
39496
39497
39498
39500
39501
39502
39504
39505
39506
39520
39521
39522
39528
39529
39530
39532
39533
39534
39536
39537
39538
39552
39553
39554
39560
39561
39562
39564
39565
39566
39568
39569
39570
39680
39681
39682
39688
39689
39690
39692
39693
39694
39696
39697
39698
39744
39745
39746
39752
39753
39754
39756
39757
39758
39760
39761
39762
39776
39777
39778
39784
39785
39786
39788
39789
39790
39792
39793
39794
39808
39809
39810
39816
39817
39818
39820
39821
39822
39824
39825
39826
39936
39937
39938
39944
39945
39946
39948
39949
39950
39952
39953
39954
40000
40001
40002
40008
40009
40010
40012
40013
40014
40016
40017
40018
40032
40033
40034
40040
40041
40042
40044
40045
40046
40048
40049
40050
40064
40065
40066
40072
40073
40074
40076
40077
40078
40080
40081
40082
40960
40961
40962
40968
40969
40970
40972
40973
40974
40976
40977
40978
41024
41025
41026
41032
41033
41034
41036
41037
41038
41040
41041
41042
41056
41057
41058
41064
41065
41066
41068
41069
41070
41072
41073
41074
41088
41089
41090
41096
41097
41098
41100
41101
41102
41104
41105
41106
41472
41473
41474
41480
41481
41482
41484
41485
41486
41488
41489
41490
41536
41537
41538
41544
41545
41546
41548
41549
41550
41552
41553
41554
41568
41569
41570
41576
41577
41578
41580
41581
41582
41584
41585
41586
41600
41601
41602
41608
41609
41610
41612
41613
41614
41616
41617
41618
41728
41729
41730
41736
41737
41738
41740
41741
41742
41744
41745
41746
41792
41793
41794
41800
41801
41802
41804
41805
41806
41808
41809
41810
41824
41825
41826
41832
41833
41834
41836
41837
41838
41840
41841
41842
41856
41857
41858
41864
41865
41866
41868
41869
41870
41872
41873
41874
41984
41985
41986
41992
41993
41994
41996
41997
41998
42000
42001
42002
42048
42049
42050
42056
42057
42058
42060
42061
42062
42064
42065
42066
42080
42081
42082
42088
42089
42090
42092
42093
42094
42096
42097
42098
42112
42113
42114
42120
42121
42122
42124
42125
42126
42128
42129
42130
49152
49153
49154
49160
49161
49162
49164
49165
49166
49168
49169
49170
49216
49217
49218
49224
49225
49226
49228
49229
49230
49232
49233
49234
49248
49249
49250
49256
49257
49258
49260
49261
49262
49264
49265
49266
49280
49281
49282
49288
49289
49290
49292
49293
49294
49296
49297
49298
49664
49665
49666
49672
49673
49674
49676
49677
49678
49680
49681
49682
49728
49729
49730
49736
49737
49738
49740
49741
49742
49744
49745
49746
49760
49761
49762
49768
49769
49770
49772
49773
49774
49776
49777
49778
49792
49793
49794
49800
49801
49802
49804
49805
49806
49808
49809
49810
49920
49921
49922
49928
49929
49930
49932
49933
49934
49936
49937
49938
49984
49985
49986
49992
49993
49994
49996
49997
49998
50000
