2
3
4
5
6
7
8
9
10
11
12
13
14
15
16
17
18
19
20
21
22
23
24
25
26
27
28
29
30
31
32
33
34
35
36
37
38
40
41
42
43
44
45
46
47
48
49
50
51
52
53
54
55
56
57
58
59
60
61
62
63
64
65
66
67
68
69
70
71
72
73
74
75
76
77
78
79
80
81
82
83
84
86
87
88
89
90
91
92
93
94
95
96
97
98
99
100
101
102
103
104
105
106
107
108
109
110
111
112
113
114
115
116
117
118
119
120
121
122
123
124
126
128
129
130
131
132
133
134
135
136
137
138
139
140
141
142
143
144
145
146
147
148
149
150
151
152
153
154
155
156
157
158
159
160
161
162
163
164
165
166
167
168
169
171
172
173
174
175
176
177
178
179
180
182
183
184
185
186
187
188
189
190
191
192
193
194
195
196
198
199
200
201
202
203
204
205
206
207
208
209
210
211
212
213
214
215
216
217
218
219
220
222
223
224
225
226
227
228
229
230
231
232
233
234
235
236
237
238
240
241
242
243
244
246
249
251
252
253
254
256
257
258
259
260
261
262
263
264
265
266
267
268
269
270
271
272
273
274
275
276
278
280
281
282
283
284
286
288
289
290
291
292
293
294
296
297
298
299
300
301
304
305
306
307
308
309
310
313
315
316
320
321
322
324
325
326
328
329
330
333
334
336
342
344
345
346
347
348
349
350
351
352
353
354
356
357
358
360
361
363
364
365
366
367
368
371
374
376
377
378
379
382
384
385
386
387
388
389
390
391
392
393
395
396
397
398
400
401
402
403
404
405
406
407
408
409
410
411
412
413
414
416
417
418
419
420
421
422
424
425
426
427
428
430
432
433
434
435
436
438
439
440
441
443
444
445
446
448
449
450
451
453
454
455
456
457
458
459
460
461
465
468
469
470
472
475
477
478
479
480
481
482
483
484
486
487
488
489
491
492
493
495
499
502
504
512
513
514
515
516
517
518
519
520
521
522
523
524
525
526
528
529
530
531
532
533
534
535
536
537
538
539
540
541
542
544
545
546
547
548
549
550
552
553
555
556
557
558
560
561
562
563
564
566
567
568
569
572
573
576
577
578
579
580
581
582
583
584
585
586
587
588
589
590
592
593
594
596
598
600
601
602
603
604
605
606
607
608
609
610
611
612
614
615
616
617
619
620
621
623
624
625
627
628
630
632
633
636
640
641
642
643
644
648
649
650
651
652
656
657
658
660
670
672
674
675
676
683
684
685
686
688
689
690
691
692
694
698
699
700
702
704
705
706
707
708
710
712
713
714
715
716
717
718
720
721
722
726
728
729
730
731
732
734
736
737
739
740
742
747
748
749
752
753
755
756
758
763
764
768
769
770
771
772
773
774
775
776
777
778
779
780
781
782
784
785
786
787
790
791
792
793
795
796
797
798
800
801
802
803
804
805
806
808
809
811
812
813
816
817
818
819
820
822
823
824
825
827
828
829
832
833
834
835
836
837
838
839
840
841
843
844
845
864
865
866
867
870
871
872
873
876
877
896
897
899
900
902
904
905
907
908
910
920
921
923
924
926
928
929
931
932
934
940
941
944
945
947
948
950
954
958
972
973
976
977
982
986
990
1004
1005
1008
1009
1024
1025
1026
1027
1028
1029
1030
1031
1032
1033
1034
1035
1036
1037
1040
1041
1042
1043
1046
1047
1048
1049
1050
1052
1053
1056
1057
1058
1060
1061
1062
1064
1065
1068
1069
1072
1073
1074
1075
1078
1079
1080
1081
1084
1085
1088
1089
1090
1091
1092
1093
1094
1095
1096
1097
1098
1099
1100
1101
1104
1105
1106
1112
1113
1114
1120
1121
1122
1123
1126
1127
1128
1129
1132
1133
1152
1153
1154
1155
1156
1158
1159
1160
1161
1162
1163
1164
1165
1168
1169
1170
1171
1174
1175
1176
1177
1180
1181
1196
1197
1200
1201
1202
1203
1206
1207
1208
1209
1210
1212
1213
1214
1216
1217
1218
1219
1222
1223
1224
1225
1228
1229
1232
1233
1238
1242
1246
1248
1249
1250
1251
1254
1255
1256
1257
1260
1261
1264
1265
1368
1369
1370
1376
1377
1378
1387
1388
1395
1396
1403
1404
1408
1409
1410
1411
1414
1415
1416
1417
1420
1421
1424
1425
1426
1427
1430
1431
1432
1433
1434
1436
1437
1440
1441
1442
1451
1452
1456
1457
1458
1459
1460
1462
1463
1464
1465
1467
1468
1469
1472
1473
1474
1475
1478
1479
1480
1481
1484
1485
1496
1497
1498
1504
1505
1506
1507
1510
1511
1512
1513
1516
1517
1536
1537
1538
1539
1540
1542
1543
1544
1545
1546
1547
1548
1549
1550
1552
1553
1554
1555
1558
1559
1560
1561
1562
1563
1564
1565
1566
1568
1569
1570
1571
1572
1574
1584
1585
1586
1587
1588
1590
1591
1592
1593
1596
1597
1600
1601
1602
1603
1604
1606
1607
1608
1609
1610
1611
1612
1613
1614
1616
1617
1618
1624
1625
1626
1627
1628
1630
1632
1633
1634
1635
1636
1638
1639
1640
1641
1644
1645
1648
1649
1651
1652
1654
1664
1665
1666
1667
1668
1672
1673
1674
1675
1676
1680
1681
1682
1728
1729
1731
1732
1734
1736
1737
1739
1740
1742
1752
1753
1755
1756
1758
1760
1761
1763
1764
1766
1776
1777
1779
1780
1782
1792
1793
1794
1795
1796
1798
1799
1800
1801
1803
1804
1805
1806
1808
1809
1810
1811
1814
1815
1816
1817
1819
1820
1821
1822
1824
1825
1827
1828
1830
1840
1841
1842
1843
1844
1846
1847
1848
1849
1852
1853
1856
1857
1858
1859
1862
1863
1864
1865
1868
1869
1880
1881
1882
1888
1889
1890
1891
1894
1895
1896
1897
1899
1900
1901
1907
1908
1915
1916
1920
1921
1923
1924
1926
1928
1929
1931
1932
1934
1944
1945
1946
1947
1948
1950
1952
1953
1954
1955
1956
1958
1963
1964
1968
1969
1971
1972
1974
1979
1980
2008
2009
2010
2016
2017
2018
2048
2049
2050
2051
2052
2054
2056
2057
2058
2059
2060
2062
2064
2065
2066
2072
2073
2074
2075
2076
2078
2080
2081
2082
2083
2084
2086
2096
2097
2099
2100
2102
2112
2113
2114
2115
2116
2118
2120
2121
2122
2123
2124
2126
2128
2129
2130
2136
2137
2138
2139
2140
2142
2144
2145
2146
2147
2148
2150
2160
2161
2163
2164
2166
2176
2177
2178
2179
2180
2184
2185
2186
2187
2188
2192
2193
2194
2240
2241
2243
2244
2246
2248
2249
2251
2252
2254
2264
2265
2267
2268
2270
2272
2273
2275
2276
2278
2288
2289
2291
2292
2294
2304
2305
2307
2308
2310
2312
2313
2315
2316
2318
2328
2329
2331
2332
2334
2336
2337
2339
2340
2342
2352
2353
2355
2356
2358
2392
2393
2394
2400
2401
2402
2411
2412
2419
2420
2427
2428
2432
2433
2435
2436
2438
2440
2441
2443
2444
2446
2456
2457
2458
2459
2460
2462
2464
2465
2466
2467
2468
2470
2475
2476
2480
2481
2483
2484
2486
2491
2492
2520
2521
2522
2528
2529
2530
3072
3073
3075
3076
3078
3080
3081
3083
3084
3086
3096
3097
3099
3100
3102
3104
3105
3107
3108
3110
3120
3121
3123
3124
3126
3136
3137
3139
3140
3142
3144
3145
3147
3148
3150
3160
3161
3163
3164
3166
3168
3169
3171
3172
3174
3184
3185
3187
3188
3190
3264
3265
3267
3268
3270
3272
3273
3275
3276
3278
3288
3289
3291
3292
3294
3296
3297
3299
3300
3302
3312
3313
3315
3316
3318
3328
3329
3331
3332
3334
3336
3337
3339
3340
3342
3352
3353
3355
3356
3358
3360
3361
3363
3364
3366
3376
3377
3379
3380
3382
3456
3457
3459
3460
3462
3464
3465
3467
3468
3470
3480
3481
3483
3484
3486
3488
3489
3491
3492
3494
3504
3505
3507
3508
3510
4096
4097
4099
4100
4102
4104
4105
4107
4108
4110
4120
4121
4123
4124
4126
4128
4129
4131
4132
4134
4144
4145
4147
4148
4150
4160
4161
4163
4164
4166
4168
4169
4171
4172
4174
4184
4185
4187
4188
4190
4192
4193
4195
4196
4198
4208
4209
4211
4212
4214
4288
4289
4291
4292
4294
4296
4297
4299
4300
4302
4312
4313
4315
4316
4318
4320
4321
4323
4324
4326
4336
4337
4339
4340
4342
4352
4353
4355
4356
4358
4360
4361
4363
4364
4366
4376
4377
4379
4380
4382
4384
4385
4387
4388
4390
4400
4401
4403
4404
4406
4480
4481
4483
4484
4486
4488
4489
4491
4492
4494
4504
4505
4507
4508
4510
4512
4513
4515
4516
4518
4528
4529
4531
4532
4534
4608
4609
4611
4612
4614
4616
4617
4619
4620
4622
4632
4633
4635
4636
4638
4640
4641
4643
4644
4646
4656
4657
4659
4660
4662
4672
4673
4675
4676
4678
4680
4681
4683
4684
4686
4696
4697
4699
4700
4702
4704
4705
4707
4708
4710
4720
4721
4723
4724
4726
4800
4801
4803
4804
4806
4808
4809
4811
4812
4814
4824
4825
4827
4828
4830
4832
4833
4835
4836
4838
4848
4849
4851
4852
4854
4864
4865
4867
4868
4870
4872
4873
4875
4876
4878
4888
4889
4891
4892
4894
4896
4897
4899
4900
4902
4912
4913
4915
4916
4918
4992
4993
4995
4996
4998
5000
5001
5003
5004
5006
5016
5017
5019
5020
5022
5024
5025
5027
5028
5030
5040
5041
5043
5044
5046
5632
5633
5635
5636
5638
5640
5641
5643
5644
5646
5656
5657
5659
5660
5662
5664
5665
5667
5668
5670
5680
5681
5683
5684
5686
5696
5697
5699
5700
5702
5704
5705
5707
5708
5710
5720
5721
5723
5724
5726
5728
5729
5731
5732
5734
5744
5745
5747
5748
5750
5824
5825
5827
5828
5830
5832
5833
5835
5836
5838
5848
5849
5851
5852
5854
5856
5857
5859
5860
5862
5872
5873
5875
5876
5878
5888
5889
5891
5892
5894
5896
5897
5899
5900
5902
5912
5913
5915
5916
5918
5920
5921
5923
5924
5926
5936
5937
5939
5940
5942
6016
6017
6019
6020
6022
6024
6025
6027
6028
6030
6040
6041
6043
6044
6046
6048
6049
6051
6052
6054
6064
6065
6067
6068
6070
6144
6145
6147
6148
6150
6152
6153
6155
6156
6158
6168
6169
6171
6172
6174
6176
6177
6179
6180
6182
6192
6193
6195
6196
6198
6208
6209
6211
6212
6214
6216
6217
6219
6220
6222
6232
6233
6235
6236
6238
6240
6241
6243
6244
6246
6256
6257
6259
6260
6262
6336
6337
6339
6340
6342
6344
6345
6347
6348
6350
6360
6361
6363
6364
6366
6368
6369
6371
6372
6374
6384
6385
6387
6388
6390
6400
6401
6403
6404
6406
6408
6409
6411
6412
6414
6424
6425
6427
6428
6430
6432
6433
6435
6436
6438
6448
6449
6451
6452
6454
6528
6529
6531
6532
6534
6536
6537
6539
6540
6542
6552
6553
6555
6556
6558
6560
6561
6563
6564
6566
6576
6577
6579
6580
6582
7168
7169
7171
7172
7174
7176
7177
7179
7180
7182
7192
7193
7195
7196
7198
7200
7201
7203
7204
7206
7216
7217
7219
7220
7222
7232
7233
7235
7236
7238
7240
7241
7243
7244
7246
7256
7257
7259
7260
7262
7264
7265
7267
7268
7270
7280
7281
7283
7284
7286
7360
7361
7363
7364
7366
7368
7369
7371
7372
7374
7384
7385
7387
7388
7390
7392
7393
7395
7396
7398
7408
7409
7411
7412
7414
7424
7425
7427
7428
7430
7432
7433
7435
7436
7438
7448
7449
7451
7452
7454
7456
7457
7459
7460
7462
7472
7473
7475
7476
7478
7552
7553
7555
7556
7558
7560
7561
7563
7564
7566
7576
7577
7579
7580
7582
7584
7585
7587
7588
7590
7600
7601
7603
7604
7606
