5
6
8
9
10
11
12
13
14
15
39
40
41
43
47
48
49
51
52
57
58
59
60
64
65
66
67
71
72
73
74
75
76
78
79
80
81
83
84
88
89
90
91
92
93
94
95
96
97
99
100
105
110
112
113
120
121
122
123
126
127
299
339
344
345
347
363
371
372
403
408
409
411
412
416
417
419
420
435
436
468
472
473
475
480
481
483
500
507
508
512
513
520
521
522
523
524
526
527
555
563
564
571
572
576
577
584
585
586
587
588
590
591
592
593
600
601
602
603
606
607
608
609
611
624
625
632
633
634
635
638
639
640
641
648
649
650
651
654
655
704
705
712
713
714
715
718
719
720
721
724
728
729
730
731
734
735
752
753
760
761
762
763
766
767
768
769
776
777
780
788
792
793
819
896
897
904
905
906
907
910
911
960
961
968
969
970
971
974
975
976
977
984
985
986
987
990
991
1008
1009
1016
1017
1018
1019
1022
1023
