2
3
4
5
6
7
8
9
10
11
12
13
14
15
16
17
18
19
20
21
22
23
24
25
26
27
28
29
30
31
32
33
34
35
36
37
38
39
40
41
42
43
44
45
46
47
48
49
50
51
52
53
54
55
56
57
58
59
60
61
62
63
64
65
66
67
68
69
70
71
72
73
74
75
76
77
78
79
80
81
82
83
84
85
86
87
88
89
90
91
92
93
94
95
96
97
98
99
100
101
102
103
104
105
107
108
109
110
111
112
113
114
115
116
117
119
120
121
122
123
124
125
127
128
129
130
131
132
133
134
135
136
137
138
139
140
141
142
143
144
145
146
147
148
149
150
151
152
153
154
155
156
157
158
159
160
161
162
163
164
165
166
167
168
169
171
172
173
174
175
176
177
178
179
180
181
182
183
184
185
186
187
188
189
190
191
192
193
194
195
196
197
198
199
200
201
202
203
204
205
207
208
209
210
211
212
213
214
215
216
217
218
219
220
221
222
223
224
225
227
228
229
230
231
232
233
235
236
237
238
239
240
241
242
243
244
245
246
247
248
249
250
251
252
253
255
256
257
259
260
261
263
264
265
267
268
269
271
275
277
279
280
281
283
284
285
287
288
289
291
292
293
296
297
299
300
301
307
308
309
312
313
316
317
320
321
323
324
325
327
328
329
331
332
333
335
337
340
342
343
344
345
347
348
349
350
351
352
353
355
356
357
358
359
360
361
363
364
365
366
367
368
369
370
371
372
373
375
376
377
379
380
381
384
385
386
387
390
391
392
393
394
395
396
399
400
401
402
403
404
406
407
408
409
410
411
412
413
414
415
416
417
419
420
423
424
425
427
428
429
431
432
433
434
435
436
438
439
440
441
442
443
448
449
450
451
452
453
454
455
456
457
458
459
460
461
463
464
465
466
467
468
469
470
471
472
473
474
475
476
477
478
479
480
481
484
485
486
488
489
491
492
493
494
495
496
497
498
499
500
512
513
514
515
516
517
518
519
520
521
522
523
524
525
527
528
529
530
531
532
533
534
535
536
537
538
539
540
541
542
543
544
545
547
548
549
551
552
553
555
556
557
558
559
560
561
562
563
564
565
566
567
568
569
570
571
572
573
574
576
577
578
579
580
581
582
583
584
585
586
587
588
589
591
592
593
594
595
598
599
600
601
602
603
604
605
607
608
609
611
612
613
615
616
617
619
620
621
623
625
627
628
629
631
632
633
635
636
637
640
641
642
643
646
647
648
649
650
651
652
656
657
658
659
662
663
664
665
666
667
683
684
687
688
689
690
691
692
693
694
695
696
697
698
699
704
705
706
707
708
709
710
711
712
713
714
715
716
717
719
720
721
722
723
726
727
728
729
730
731
732
733
736
737
739
740
741
744
745
747
748
749
751
755
756
759
760
761
764
765
768
769
771
772
773
776
777
779
780
781
783
791
792
793
795
796
797
799
800
801
803
804
805
808
809
811
812
813
820
821
824
825
828
832
833
835
836
837
839
840
841
843
844
845
855
856
857
859
860
861
863
864
865
867
868
869
871
872
873
875
876
877
879
883
884
885
887
888
889
892
919
920
921
924
927
928
929
931
932
935
936
937
939
940
941
943
947
948
951
952
953
960
961
963
964
965
967
968
969
971
972
973
975
980
981
988
991
992
993
1024
1025
1026
1027
1030
1031
1032
1033
1034
1035
1040
1041
1042
1043
1046
1047
1048
1049
1050
1051
1072
1073
1074
1075
1078
1079
1080
1081
1082
1083
1088
1089
1090
1091
1094
1095
1096
1097
1098
1099
1104
1105
1106
1107
1110
1111
1112
1113
1114
1115
1127
1128
1129
1132
1133
1135
1140
1141
1144
1145
1148
1152
1153
1154
1155
1158
1159
1160
1161
1162
1163
1165
1167
1168
1169
1170
1171
1172
1173
1174
1175
1176
1177
1178
1179
1180
1183
1184
1185
1191
1192
1193
1196
1197
1199
1200
1201
1202
1203
1206
1207
1208
1209
1210
1211
1216
1217
1218
1219
1222
1223
1224
1225
1226
1227
1229
1231
1232
1233
1234
1235
1236
1237
1238
1239
1240
1241
1242
1243
1244
1247
1248
1249
1268
1269
1272
1273
1276
1280
1281
1285
1287
1288
1289
1293
1295
1300
1301
1332
1333
1336
1337
1340
1344
1345
1349
1351
1352
1353
1367
1368
1369
1372
1375
1376
1377
1379
1380
1383
1384
1385
1387
1388
1389
1391
1395
1396
1397
1399
1400
1401
1404
1408
1409
1410
1411
1414
1415
1416
1417
1418
1419
1424
1425
1426
1427
1430
1431
1432
1433
1434
1435
1439
1440
1441
1443
1444
1451
1452
1455
1456
1457
1458
1459
1460
1462
1463
1464
1465
1466
1467
1472
1473
1474
1475
1476
1478
1479
1480
1481
1482
1483
1484
1487
1488
1489
1490
1491
1494
1495
1496
1497
1498
1499
1536
1537
1538
1539
1540
1541
1542
1543
1544
1545
1546
1547
1548
1549
1551
1552
1553
1554
1555
1558
1559
1560
1561
1562
1563
1564
1565
1567
1568
1569
1571
1572
1573
1576
1577
1579
1580
1581
1584
1585
1586
1587
1590
1591
1592
1593
1594
1595
1600
1601
1602
1603
1604
1605
1606
1607
1608
1609
1610
1611
1612
1613
1615
1616
1617
1618
1619
1622
1623
1624
1625
1626
1627
1628
1629
1631
1632
1633
1635
1636
1637
1640
1641
1643
1644
1645
1647
1651
1652
1655
1656
1657
1664
1665
1666
1667
1670
1671
1672
1673
1674
1675
1680
1681
1682
1683
1686
1687
1688
1689
1690
1691
1712
1713
1714
1715
1718
1719
1720
1721
1722
1723
1728
1729
1730
1731
1732
1733
1734
1735
1736
1737
1738
1739
1740
1741
1744
1745
1746
1747
1750
1751
1752
1753
1754
1755
1756
1757
1760
1761
1763
1764
1765
1768
1769
1771
1772
1773
1792
1793
1795
1796
1797
1800
1801
1803
1804
1805
1816
1817
1819
1820
1821
1824
1825
1827
1828
1829
1832
1833
1835
1836
1837
1856
1857
1859
1860
1861
1864
1865
1867
1868
1869
1879
1880
1881
1883
1884
1885
1887
1888
1889
1891
1892
1893
1896
1897
1899
1900
1901
1903
1907
1908
1911
1912
1913
1943
1944
1945
1951
1952
1953
1955
1956
1963
1964
1967
1971
1972
1975
1976
1977
1984
1985
1987
1988
1992
1993
1995
1996
1999
2048
2049
2051
2052
2053
2056
2057
2059
2060
2061
2063
2071
2072
2073
2075
2076
2077
2079
2080
2081
2083
2084
2085
2088
2089
2091
2092
2093
2112
2113
2115
2116
2117
2120
2121
2123
2124
2125
2127
2135
2136
2137
2139
2140
2141
2143
2144
2145
2147
2148
2149
2152
2153
2155
2156
2157
2159
2163
2164
2167
2168
2169
2219
2220
2223
2227
2228
2231
2232
2233
2240
2241
2243
2244
2245
2248
2249
2251
2252
2253
2255
2264
2265
2267
2268
2269
2272
2273
2275
2276
2277
2280
2281
2283
2284
2285
2287
2291
2292
2295
2296
2297
2304
2305
2307
2308
2309
2312
2313
2315
2316
2317
2319
2327
2328
2329
2331
2332
2333
2335
2336
2337
2339
2340
2341
2344
2345
2347
2348
2349
2368
2369
2371
2372
2373
2376
2377
2379
2380
2381
2392
2393
2395
2396
2397
2400
2401
2403
2404
2405
2408
2409
2411
2412
2413
2560
2561
2563
2564
2565
2568
2569
2571
2572
2573
2584
2585
2587
2588
2589
2592
2593
2595
2596
2597
2600
2601
2603
2604
2605
2624
2625
2627
2628
2629
2632
2633
2635
2636
2637
2648
2649
2651
2652
2653
2656
2657
2659
2660
2661
2664
2665
2667
2668
2669
2752
2753
2755
2756
2757
2760
2761
2763
2764
2765
2776
2777
2779
2780
2781
2784
2785
2787
2788
2789
2792
2793
2795
2796
2797
2816
2817
2819
2820
2821
2824
2825
2827
2828
2829
2840
2841
2843
2844
2845
2848
2849
2851
2852
2853
2856
2857
2859
2860
2861
2880
2881
2883
2884
2885
2888
2889
2891
2892
2893
2904
2905
2907
2908
2909
2912
2913
2915
2916
2917
2920
2921
2923
2924
2925
4096
4097
4099
4100
4101
4104
4105
4107
4108
4109
4120
4121
4123
4124
4125
4128
4129
4131
4132
4133
4136
4137
4139
4140
4141
4160
4161
4163
4164
4165
4168
4169
4171
4172
4173
4184
4185
4187
4188
4189
4192
4193
4195
4196
4197
4200
4201
4203
4204
4205
4288
4289
4291
4292
4293
4296
4297
4299
4300
4301
4312
4313
4315
4316
4317
4320
4321
4323
4324
4325
4328
4329
4331
4332
4333
4352
4353
4355
4356
4357
4360
4361
4363
4364
4365
4376
4377
4379
4380
4381
4384
4385
4387
4388
4389
4392
4393
4395
4396
4397
4416
4417
4419
4420
4421
4424
4425
4427
4428
4429
4440
4441
4443
4444
4445
4448
4449
4451
4452
4453
4456
4457
4459
4460
4461
4608
4609
4611
4612
4613
4616
4617
4619
4620
4621
4632
4633
4635
4636
4637
4640
4641
4643
4644
4645
4648
4649
4651
4652
4653
4672
4673
4675
4676
4677
4680
4681
4683
4684
4685
4696
4697
4699
4700
4701
4704
4705
4707
4708
4709
4712
4713
4715
4716
4717
4800
4801
4803
4804
4805
4808
4809
4811
4812
4813
4824
4825
4827
4828
4829
4832
4833
4835
4836
4837
4840
4841
4843
4844
4845
4864
4865
4867
4868
4869
4872
4873
4875
4876
4877
4888
4889
4891
4892
4893
4896
4897
4899
4900
4901
4904
4905
4907
4908
4909
4928
4929
4931
4932
4933
4936
4937
4939
4940
4941
4952
4953
4955
4956
4957
4960
4961
4963
4964
4965
4968
4969
4971
4972
4973
5632
5633
5635
5636
5637
5640
5641
5643
5644
5645
5656
5657
5659
5660
5661
5664
5665
5667
5668
5669
5672
5673
5675
5676
5677
5696
5697
5699
5700
5701
5704
5705
5707
5708
5709
5720
5721
5723
5724
5725
5728
5729
5731
5732
5733
5736
5737
5739
5740
5741
5824
5825
5827
5828
5829
5832
5833
5835
5836
5837
5848
5849
5851
5852
5853
5856
5857
5859
5860
5861
5864
5865
5867
5868
5869
5888
5889
5891
5892
5893
5896
5897
5899
5900
5901
5912
5913
5915
5916
5917
5920
5921
5923
5924
5925
5928
5929
5931
5932
5933
5952
5953
5955
5956
5957
5960
5961
5963
5964
5965
5976
5977
5979
5980
5981
5984
5985
5987
5988
5989
5992
5993
5995
5996
5997
6144
6145
6147
6148
6149
6152
6153
6155
6156
6157
6168
6169
6171
6172
6173
6176
6177
6179
6180
6181
6184
6185
6187
6188
6189
6208
6209
6211
6212
6213
6216
6217
6219
6220
6221
6232
6233
6235
6236
6237
6240
6241
6243
6244
6245
6248
6249
6251
6252
6253
6336
6337
6339
6340
6341
6344
6345
6347
6348
6349
6360
6361
6363
6364
6365
6368
6369
6371
6372
6373
6376
6377
6379
6380
6381
6400
6401
6403
6404
6405
6408
6409
6411
6412
6413
6424
6425
6427
6428
6429
6432
6433
6435
6436
6437
6440
6441
6443
6444
6445
6464
6465
6467
6468
6469
6472
6473
6475
6476
6477
6488
6489
6491
6492
6493
6496
6497
6499
6500
6501
6504
6505
6507
6508
6509
6656
6657
6659
6660
6661
6664
6665
6667
6668
6669
6680
6681
6683
6684
6685
6688
6689
6691
6692
6693
6696
6697
6699
6700
6701
6720
6721
6723
6724
6725
6728
6729
6731
6732
6733
6744
6745
6747
6748
6749
6752
6753
6755
6756
6757
6760
6761
6763
6764
6765
6848
6849
6851
6852
6853
6856
6857
6859
6860
6861
6872
6873
6875
6876
6877
6880
6881
6883
6884
6885
6888
6889
6891
6892
6893
6912
6913
6915
6916
6917
6920
6921
6923
6924
6925
6936
6937
6939
6940
6941
6944
6945
6947
6948
6949
6952
6953
6955
6956
6957
6976
6977
6979
6980
6981
6984
6985
6987
6988
6989
7000
7001
7003
7004
7005
7008
7009
7011
7012
7013
7016
7017
7019
7020
7021
