2
3
4
5
6
8
9
10
11
12
13
14
16
17
18
19
20
21
22
24
25
26
27
28
29
30
32
33
34
35
36
37
38
40
41
42
43
44
45
46
48
49
51
52
53
54
57
58
59
60
61
62
64
65
66
67
68
69
70
72
73
74
75
76
77
80
81
82
83
84
88
89
90
91
92
93
94
96
97
98
99
100
101
104
105
107
108
109
112
113
114
115
116
117
121
122
123
124
128
129
130
131
132
133
136
137
138
139
140
141
142
144
145
146
147
148
152
153
154
155
156
157
158
160
161
164
165
168
169
171
173
174
176
177
178
179
180
181
185
186
187
188
192
193
194
195
196
197
198
200
201
202
203
204
205
208
209
210
211
214
216
217
218
219
220
222
224
225
228
229
232
235
236
238
240
241
243
256
257
260
261
264
265
268
269
285
288
289
292
293
296
297
300
301
313
316
317
320
321
324
325
328
329
332
333
340
342
344
345
347
350
352
353
356
357
360
361
363
364
365
366
368
369
371
377
380
384
385
387
390
392
393
406
408
409
411
412
414
416
417
424
425
429
456
460
461
468
469
473
476
480
481
484
485
488
492
493
500
512
513
514
515
516
517
518
520
521
522
523
524
525
528
529
530
531
532
533
534
536
537
538
539
540
541
542
544
545
548
549
552
553
555
556
557
558
560
561
563
564
565
572
576
577
578
579
580
581
582
584
585
586
587
588
589
592
593
594
595
600
601
602
603
608
609
612
613
616
617
620
621
640
641
642
643
648
649
650
651
656
657
658
659
664
665
666
667
684
704
705
706
707
712
713
714
715
716
720
721
722
723
728
729
730
731
740
741
744
748
768
769
772
773
776
777
780
781
800
801
804
805
808
809
812
813
820
821
828
832
833
836
837
840
841
844
845
864
865
868
869
872
873
876
877
884
885
892
924
928
929
936
937
941
973
980
981
988
992
993
1024
1025
1026
1027
1032
1033
1034
1035
1040
1041
1042
1043
1048
1049
1050
1051
1088
1089
1090
1091
1096
1097
1098
1099
1104
1105
1106
1107
1112
1113
1114
1115
1152
1153
1154
1155
1160
1161
1162
1163
1168
1169
1170
1171
1176
1177
1178
1179
1216
1217
1218
1219
1224
1225
1226
1227
1229
1232
1233
1234
1235
1236
1237
1240
1241
1242
1243
1244
1248
1249
1280
1281
1288
1289
1293
1300
1301
1332
1333
1340
1344
1345
1352
1353
1384
1385
1389
1396
1397
1404
1536
1537
1538
1539
1544
1545
1546
1547
1552
1553
1554
1555
1560
1561
1562
1563
1600
1601
1602
1603
1608
1609
1610
1611
1616
1617
1618
1619
1624
1625
1626
1627
1664
1665
1666
1667
1672
1673
1674
1675
1680
1681
1682
1683
1688
1689
1690
1691
1728
1729
1730
1731
1736
1737
1738
1739
1744
1745
1746
1747
1752
1753
1754
1755
2048
2049
2052
2053
2056
2057
2060
2061
2080
2081
2084
2085
2088
2089
2092
2093
2112
2113
2116
2117
2120
2121
2124
2125
2144
2145
2148
2149
2152
2153
2156
2157
2304
2305
2308
2309
2312
2313
2316
2317
2336
2337
2340
2341
2344
2345
2348
2349
2368
2369
2372
2373
2376
2377
2380
2381
2400
2401
2404
2405
2408
2409
2412
2413
2560
2561
2564
2565
2568
2569
2572
2573
2592
2593
2596
2597
2600
2601
2604
2605
2624
2625
2628
2629
2632
2633
2636
2637
2656
2657
2660
2661
2664
2665
2668
2669
2816
2817
2820
2821
2824
2825
2828
2829
2848
2849
2852
2853
2856
2857
2860
2861
2880
2881
2884
2885
2888
2889
2892
2893
2912
2913
2916
2917
2920
2921
2924
2925
4096
4097
4100
4101
4104
4105
4108
4109
4128
4129
4132
4133
4136
4137
4140
4141
4160
4161
4164
4165
4168
4169
4172
4173
4192
4193
4196
4197
4200
4201
4204
4205
4352
4353
4356
4357
4360
4361
4364
4365
4384
4385
4388
4389
4392
4393
4396
4397
4416
4417
4420
4421
4424
4425
4428
4429
4448
4449
4452
4453
4456
4457
4460
4461
4608
4609
4612
4613
4616
4617
4620
4621
4640
4641
4644
4645
4648
4649
4652
4653
4672
4673
4676
4677
4680
4681
4684
4685
4704
4705
4708
4709
4712
4713
4716
4717
4864
4865
4868
4869
4872
4873
4876
4877
4896
4897
4900
4901
4904
4905
4908
4909
4928
4929
4932
4933
4936
4937
4940
4941
4960
4961
4964
4965
4968
4969
4972
4973
6144
6145
6148
6149
6152
6153
6156
6157
6176
6177
6180
6181
6184
6185
6188
6189
6208
6209
6212
6213
6216
6217
6220
6221
6240
6241
6244
6245
6248
6249
6252
6253
6400
6401
6404
6405
6408
6409
6412
6413
6432
6433
6436
6437
6440
6441
6444
6445
6464
6465
6468
6469
6472
6473
6476
6477
6496
6497
6500
6501
6504
6505
6508
6509
6656
6657
6660
6661
6664
6665
6668
6669
6688
6689
6692
6693
6696
6697
6700
6701
6720
6721
6724
6725
6728
6729
6732
6733
6752
6753
6756
6757
6760
6761
6764
6765
6912
6913
6916
6917
6920
6921
6924
6925
6944
6945
6948
6949
6952
6953
6956
6957
6976
6977
6980
6981
6984
6985
6988
6989
7008
7009
7012
7013
7016
7017
7020
7021
