8
9
21
57
64
65
72
73
85
133
141
168
169
449
453
456
512
513
520
521
533
576
577
584
585
589
597
680
681
925
933
989
1057
1064
1121
1128
1197
1205
1261
1269
1344
1345
1352
1353
1365
3173
3641
3648
3649
4096
4097
4104
4105
4117
4160
4161
4168
4169
4181
4264
4265
4608
4609
4616
4617
4629
4672
4673
4680
4681
4693
4776
4777
5293
5301
5357
5365
5440
5441
5448
5449
5461
9576
9577
9640
9641
9709
9717
10088
10089
10152
10153
10221
10229
10752
10753
10760
10761
10773
10816
10817
10824
10825
10837
10920
10921
32768
32769
32776
32777
32789
32832
32833
32840
32841
32853
32936
32937
33280
33281
33288
33289
33301
