2
3
4
5
6
7
8
9
10
11
12
13
14
16
17
18
19
20
21
22
23
24
25
26
27
28
29
32
33
34
35
36
37
38
39
40
41
42
43
44
45
48
49
50
51
52
53
54
55
56
57
58
59
61
64
65
66
67
68
69
70
71
72
73
74
75
76
77
78
80
81
82
83
84
85
86
87
88
89
90
91
92
93
96
97
98
99
100
101
102
103
104
105
106
107
108
109
110
112
113
114
115
116
117
118
119
121
122
123
125
128
129
130
131
132
133
134
135
136
137
138
140
141
142
144
145
146
147
148
149
150
152
153
154
155
157
160
161
162
163
164
165
168
169
170
171
172
173
176
177
178
179
180
181
182
183
184
185
186
187
189
192
193
194
195
196
197
200
201
202
203
204
205
206
208
209
210
212
213
214
216
218
219
221
224
225
226
228
229
230
231
232
233
234
235
236
237
238
241
242
243
244
245
246
247
249
250
253
256
257
258
259
260
261
262
263
264
265
266
267
268
269
270
272
273
274
275
276
277
278
279
280
281
282
283
285
288
289
290
291
292
293
294
296
297
298
300
301
304
305
306
308
309
310
311
312
313
314
320
321
322
323
324
325
326
328
329
330
333
336
337
338
340
341
342
343
344
345
346
347
348
349
352
353
354
355
356
358
359
360
362
363
364
369
370
372
373
377
379
384
385
386
387
388
389
390
391
392
393
394
395
396
397
400
401
402
404
405
406
407
408
409
410
411
413
416
417
418
420
423
424
425
426
427
428
432
433
434
435
436
437
438
439
440
442
445
448
449
450
451
452
453
456
457
458
459
460
461
462
464
465
466
468
469
470
471
472
473
474
476
477
481
482
483
484
485
486
487
488
489
490
491
492
493
497
498
499
500
501
502
503
505
506
509
512
513
514
515
516
517
518
519
520
521
522
523
524
525
526
528
529
530
531
532
533
534
535
536
537
538
539
540
541
544
545
546
547
548
549
550
552
553
554
556
557
560
561
562
563
564
566
567
568
569
570
573
576
577
578
579
580
581
582
584
585
586
587
588
592
593
594
596
599
600
601
602
608
609
610
611
612
613
616
618
621
622
624
625
626
628
629
633
640
641
642
644
645
646
647
648
649
650
652
656
657
658
660
662
664
666
667
672
673
674
675
676
680
681
682
683
684
688
689
690
691
692
693
694
695
696
697
698
699
704
705
707
708
712
713
717
721
722
723
724
725
726
727
728
731
732
736
737
738
739
740
744
745
746
747
748
749
753
754
755
757
768
769
770
771
772
774
775
776
777
778
779
780
781
784
785
786
788
790
791
792
794
800
801
802
804
805
808
809
810
817
820
821
823
824
825
826
827
829
832
833
834
836
837
840
841
842
845
846
848
849
850
852
853
854
855
856
857
858
859
860
864
865
866
867
868
870
871
872
874
875
876
877
878
880
881
884
885
887
890
891
893
896
897
898
900
903
904
905
912
913
914
917
918
920
921
922
923
924
925
928
929
930
931
932
935
936
938
939
940
941
942
944
945
946
947
948
949
953
954
957
961
962
964
965
966
968
969
970
971
972
976
977
978
979
980
981
982
983
984
985
987
989
993
994
995
996
997
998
999
1000
1001
1002
1005
1009
1010
1012
1017
1018
1024
1025
1026
1027
1028
1029
1030
1032
1033
1034
1036
1037
1038
1040
1041
1042
1043
1044
1045
1048
1049
1050
1053
1056
1057
1058
1059
1060
1061
1062
1064
1065
1066
1072
1073
1074
1078
1079
1080
1081
1083
1085
1088
1089
1090
1091
1092
1093
1094
1095
1096
1097
1098
1100
1104
1105
1106
1107
1108
1109
1114
1120
1121
1122
1124
1125
1126
1129
1136
1137
1138
1140
1145
1146
1152
1153
1154
1155
1156
1157
1158
1160
1161
1162
1164
1168
1169
1170
1171
1172
1173
1176
1177
1184
1185
1186
1187
1188
1189
1192
1193
1195
1197
1202
1205
1209
1216
1217
1218
1219
1220
1221
1222
1224
1225
1235
1236
1237
1249
1250
1253
1257
1258
1265
1266
1269
1273
1280
1281
1282
1283
1284
1285
1288
1289
1290
1292
1296
1297
1298
1299
1300
1301
1304
1305
1312
1313
1314
1315
1316
1317
1320
1321
1344
1345
1346
1347
1348
1349
1352
1353
1366
1367
1368
1369
1371
1372
1373
1376
1377
1379
1380
1384
1387
1388
1394
1396
1401
1408
1409
1411
1414
1415
1416
1419
1420
1424
1425
1426
1430
1431
1432
1446
1448
1450
1451
1452
1456
1457
1459
1461
1462
1463
1464
1465
1472
1473
1475
1476
1478
1480
1490
1492
1505
1506
1508
1510
1513
1514
1521
1536
1537
1538
1539
1540
1541
1542
1543
1544
1545
1547
1548
1552
1553
1554
1555
1556
1557
1558
1559
1560
1561
1568
1569
1570
1571
1572
1573
1576
1577
1600
1601
1602
1603
1604
1605
1608
1609
1639
1640
1642
1645
1646
1648
1652
1653
1664
1665
1666
1668
1669
1671
1672
1677
1690
1693
1696
1697
1698
1703
1704
1706
1716
1717
1741
1742
1744
1745
1748
1749
1754
1757
1768
1770
1821
1824
1825
1826
1828
1835
1836
1837
1842
1844
1845
1847
1848
1849
1850
1851
1853
1856
1857
1858
1864
1865
1869
1870
1872
1873
1876
1877
1878
1880
1881
1882
1885
1888
1892
1895
1896
1898
1901
1906
1908
1909
1928
1930
1932
1936
1937
1938
1942
1945
1946
1949
1952
1953
1956
1958
1959
1960
1962
1963
1964
1965
1970
1986
1988
1990
1992
1993
1994
1995
1996
2002
2004
2017
2018
2020
2025
2048
2049
2050
2051
2052
2053
2054
2055
2056
2057
2058
2060
2061
2064
2065
2066
2067
2068
2069
2072
2073
2074
2077
2080
2081
2082
2083
2084
2085
2086
2087
2088
2089
2090
2096
2097
2098
2100
2101
2103
2104
2105
2106
2107
2109
2112
2113
2114
2115
2116
2117
2118
2120
2121
2122
2124
2128
2129
2130
2132
2144
2145
2146
2148
2151
2152
2154
2157
2162
2164
2165
2166
2169
2170
2176
2177
2178
2179
2180
2181
2182
2184
2185
2186
2188
2192
2193
2194
2195
2196
2197
2200
2201
2208
2209
2210
2211
2212
2213
2216
2217
2229
2233
2240
2241
2242
2243
2244
2245
2248
2249
2250
2252
2258
2273
2274
2276
2280
2281
2283
2289
2290
2292
2297
2304
2305
2306
2307
2308
2309
2310
2312
2313
2314
2316
2320
2321
2322
2323
2324
2325
2328
2329
2333
2336
2337
2338
2339
2340
2341
2342
2344
2345
2346
2352
2353
2354
2368
2369
2370
2371
2372
2373
2374
2376
2377
2378
2384
2385
2386
2390
2393
2394
2397
2404
2410
2417
2418
2425
2432
2433
2434
2436
2437
2438
2440
2441
2442
2444
2448
2449
2450
2458
2461
2464
2465
2470
2471
2472
2474
2484
2485
2487
2488
2490
2496
2497
2498
2500
2506
2509
2512
2513
2514
2516
2517
2522
2530
2532
2538
2545
2546
2560
2561
2562
2563
2564
2565
2566
2567
2568
2569
2570
2573
2576
2577
2578
2579
2580
2581
2584
2585
2592
2593
2594
2595
2596
2597
2598
2600
2601
2602
2608
2609
2610
2624
2625
2626
2627
2628
2629
2630
2632
2633
2634
2640
2641
2642
2688
2689
2690
2692
2693
2694
2696
2697
2698
2704
2705
2706
2731
2732
2736
2737
2738
2739
2742
2743
2744
2745
2746
2752
2753
2755
2760
2761
2768
2774
2775
2776
2779
2780
2784
2785
2787
2788
2792
2793
2795
2796
2802
2816
2817
2819
2822
2823
2824
2827
2828
2838
2839
2840
2845
2848
2849
2850
2852
2892
2896
2897
2900
2902
2903
2904
2907
2908
2912
2913
2915
2922
2923
2924
2929
2930
2937
2952
2956
2960
2961
3012
3016
3020
3028
3072
3073
3074
3075
3076
3077
3078
3079
3080
3081
3082
3083
3084
3088
3089
3090
3094
3095
3096
3104
3105
3106
3108
3109
3110
3112
3113
3114
3115
3116
3120
3121
3122
3123
3126
3127
3128
3136
3137
3138
3139
3140
3141
3142
3144
3145
3146
3152
3153
3154
3158
3159
3160
3163
3164
3168
3169
3171
3179
3180
3200
3201
3202
3204
3205
3206
3208
3209
3210
3216
3217
3218
3243
3244
3248
3249
3251
3254
3255
3256
3264
3265
3267
3277
3278
3280
3281
3284
3285
3290
3293
3303
3304
3306
3309
3316
3317
3328
3329
3330
3332
3333
3335
3336
3338
3341
3342
3344
3354
3357
3380
3381
3383
3384
3386
3389
3392
3393
3394
3405
3406
3408
3414
3415
3416
3419
3420
3424
3425
3427
3435
3436
3456
3457
3459
3462
3463
3464
3467
3468
3478
3479
3480
3482
3485
3488
3489
3490
3495
3496
3498
3499
3500
3504
3505
3507
3508
3509
3510
3511
3512
3514
3520
3521
3523
3533
3536
3537
3540
3541
3546
3584
3585
3587
3588
3589
3590
3591
3592
3595
3596
3597
3606
3607
3608
3641
3642
3645
3648
3649
3650
3652
3656
3657
3670
3673
3674
3677
3684
3687
3688
3690
3693
3694
3696
3698
3700
3701
3702
3705
3706
3712
3713
3714
3716
3717
3719
3720
3725
3728
3730
3738
3741
3744
3745
3746
3751
3752
3754
3756
3760
3762
3764
3765
3769
3770
3784
3785
3789
3790
3792
3793
3796
3797
3802
3805
3816
3818
3856
3857
3860
3869
3872
3873
3874
3876
3884
3889
3890
3892
3893
3897
3898
3901
3904
3905
3906
3912
3913
3916
3917
3918
3920
3921
3924
3926
3929
3930
3933
3940
3976
3980
3984
3985
3986
3990
3997
4096
4097
4098
4099
4100
4101
4102
4103
4104
4105
4106
4107
4108
4109
4110
4112
4113
4114
4115
4116
4117
4118
4119
4120
4121
4122
4125
4128
4129
4130
4131
4132
4133
4134
4135
4136
4137
4138
4139
4140
4144
4145
4146
4147
4148
4149
4150
4151
4152
4153
4154
4157
4160
4161
4162
4163
4164
4165
4166
4168
4169
4170
4172
4173
4174
4176
4177
4178
4180
4182
4183
4184
4185
4187
4188
4192
4193
4194
4195
4196
4199
4200
4202
4203
4204
4205
4206
4208
4210
4212
4213
4214
4217
4218
4224
4225
4226
4227
4228
4229
4230
4232
4233
4234
4236
4240
4241
4242
4243
4244
4245
4248
4249
4256
4257
4258
4259
4260
4261
4264
4265
4267
4268
4272
4273
4275
4278
4279
4280
4288
4289
4290
4291
4292
4293
4296
4297
4301
4302
4304
4308
4309
4314
4317
4324
4328
4330
4332
4337
4338
4340
4345
4352
4353
4354
4355
4356
4357
4358
4360
4361
4362
4364
4368
4369
4370
4371
4372
4373
4376
4377
4384
4385
4386
4387
4388
4389
4390
4392
4393
4394
4400
4401
4402
4416
4417
4418
4419
4420
4421
4422
4424
4425
4426
4432
4433
4434
4458
4465
4466
4473
4480
4481
4482
4484
4485
4486
4488
4489
4490
4496
4497
4498
4552
4553
4560
4562
4566
4569
4580
4584
4585
4594
4608
4609
4610
4611
4612
4613
4614
4616
4617
4618
4620
4624
4625
4626
4627
4628
4629
4632
4633
4640
4641
4642
4643
4644
4645
4646
4648
4649
4650
4656
4657
4658
4665
4666
4669
4672
4673
4674
4675
4676
4677
4678
4680
4681
4682
4684
4688
4689
4690
4692
4697
4704
4705
4706
4708
4736
4737
4738
4740
4741
4742
4744
4745
4746
4748
4752
4753
4754
4756
4768
4769
4770
4772
4780
4786
4788
4793
4794
4808
4809
4820
4834
4836
4849
4850
4857
4864
4865
4866
4868
4872
4873
4874
4876
4880
4881
4882
4884
4896
4897
4898
4900
4916
4917
4922
4925
4928
4929
4930
4940
4941
4942
4944
4945
4948
4968
4970
4973
4974
4976
4980
4981
4992
4993
4994
5018
5021
5024
5025
5026
5032
5034
5044
5045
5120
5121
5122
5124
5125
5126
5128
5129
5130
5132
5133
5134
5136
5137
5138
5140
5146
5149
5152
5153
5154
5156
5157
5158
5160
5161
5162
5168
5169
5170
5184
5185
5186
5188
5189
5190
5192
5193
5194
5196
5200
5201
5202
5204
5216
5217
5218
5220
5248
5249
5250
5252
5253
5254
5256
5257
5258
5260
5264
5265
5266
5268
5280
5281
5282
5284
5376
5377
5378
5380
5384
5385
5386
5388
5392
5393
5394
5396
5408
5409
5410
5412
5462
5463
5464
5465
5467
5468
5472
5473
5475
5476
5483
5484
5490
5492
5504
5505
5507
5510
5511
5512
5515
5516
5520
5522
5526
5527
5528
5529
5536
5547
5548
5552
5553
5555
5558
5559
5560
5568
5569
5571
5576
5577
5584
5586
5593
5604
5632
5633
5635
5638
5639
5640
5643
5644
5654
5655
5656
5689
5690
5696
5697
5698
5700
5704
5705
5721
5803
5804
5808
5809
5811
5814
5815
5816
5824
5825
5827
5846
5847
5848
5851
5852
5856
5857
5859
5867
5868
5888
5889
5891
5894
5895
5896
5899
5900
5910
5911
5912
5974
5975
5976
5979
5980
5984
5985
5987
5995
5996
6144
6145
6146
6147
6148
6150
6151
6152
6153
6154
6155
6156
6160
6161
6162
6164
6166
6167
6168
6176
6177
6178
6180
6187
6188
6192
6193
6195
6198
6199
6200
6208
6209
6210
6211
6212
6216
6217
6218
6220
6224
6225
6226
6228
6230
6231
6232
6235
6236
6240
6241
6242
6243
6244
6251
6252
6272
6273
6274
6276
6280
6281
6282
6284
6288
6289
6290
6292
6304
6305
6306
6308
6315
6316
6320
6321
6323
6326
6327
6328
6336
6337
6339
6400
6401
6402
6404
6408
6409
6410
6412
6416
6417
6418
6420
6432
6433
6434
6436
6554
6557
6560
6561
6562
6568
6570
6580
6581
6605
6606
6608
6612
6613
6618
6621
6632
6634
6656
6657
6658
6664
6666
6669
6670
6672
6682
6685
6760
6762
6765
6766
6768
6772
6773
6784
6785
6786
6827
6828
6832
6833
6835
6838
6839
6840
6848
6849
6851
6870
6871
6872
6875
6876
6880
6881
6883
6891
6892
6912
6913
6915
6918
6919
6920
6923
6924
6934
6935
6936
6964
6965
6970
6973
6976
6977
6978
6989
6990
6992
6998
6999
7000
7003
7004
7008
7009
7011
7016
7018
7019
7020
7021
7022
7024
7028
7029
7040
7041
7042
7066
7069
7072
7073
7074
7080
7082
7092
7093
7168
7169
7170
7176
7178
7181
7182
7184
7194
7197
7282
7284
7289
7290
7296
7297
7298
7300
7312
7314
7340
7346
7348
7353
7354
7368
7369
7373
7374
7376
7380
7381
7386
7389
7396
7400
7402
7404
7410
7412
7424
7425
7426
7428
7432
7434
7437
7438
7440
7450
7453
7476
7477
7482
7485
7488
7489
7490
7501
7502
7504
7513
7520
7524
7538
7540
7578
7581
7584
7585
7586
7592
7594
7604
7605
7737
7738
7744
7745
7746
7748
7752
7753
7769
7794
7796
7801
7802
7808
7809
7810
7812
7824
7826
7852
7858
7860
7865
7866
7880
7881
7968
7972
7980
7993
7994
8192
8193
8194
8195
8196
8197
8198
8200
8201
8202
8204
8205
8206
8208
8209
8210
8211
8212
8213
8216
8217
8218
8221
8224
8225
8226
8227
8228
8229
8230
8232
8233
8234
8240
8241
8242
8244
8245
8249
8250
8253
8256
8257
8258
8259
8260
8261
8262
8264
8265
8266
8268
8269
8270
8272
8273
8274
8276
8281
8288
8289
8290
8292
8296
8298
8301
8302
8304
8306
8308
8309
8313
8314
8320
8321
8322
8323
8324
8325
8326
8328
8329
8330
8332
8336
8337
8338
8339
8340
8341
8344
8345
8352
8353
8354
8355
8356
8357
8360
8361
8384
8385
8386
8387
8388
8389
8392
8393
8397
8398
8400
8404
8405
8410
8413
8420
8424
8426
8428
8434
8436
8448
8449
8450
8451
8452
8453
8454
8456
8457
8458
8460
8464
8465
8466
8467
8468
8469
8472
8473
8480
8481
8482
8483
8484
8485
8486
8488
8489
8490
8496
8497
8498
8512
8513
8514
8515
8516
8517
8518
8520
8521
8522
8528
8529
8530
8576
8577
8578
8580
8581
8582
8584
8585
8586
8592
8593
8594
8704
8705
8706
8707
8708
8709
8710
8712
8713
8714
8716
8720
8721
8722
8723
8724
8725
8728
8729
8736
8737
8738
8739
8740
8741
8742
8744
8745
8746
8752
8753
8754
8768
8769
8770
8771
8772
8773
8774
8776
8777
8778
8780
8784
8785
8786
8788
8800
8801
8802
8804
8832
8833
8834
8836
8837
8838
8840
8841
8842
8844
8848
8849
8850
8852
8864
8865
8866
8868
8960
8961
8962
8964
8968
8969
8970
8972
8976
8977
8978
8980
8992
8993
8994
8996
9104
9106
9113
9120
9132
9160
9161
9168
9170
9177
9188
9216
9217
9218
9219
9220
9221
9222
9224
9225
9226
9228
9232
9233
9234
9235
9236
9237
9240
9241
9248
9249
9250
9251
9252
9253
9254
9256
9257
9258
9264
9265
9266
9280
9281
9282
9283
9284
9285
9286
9288
9289
9290
9292
9296
9297
9298
9300
9312
9313
9314
9316
9330
9332
9337
9338
9344
9345
9346
9347
9348
9349
9350
9352
9353
9354
9356
9360
9361
9362
9363
9364
9365
9368
9369
9376
9377
9378
9379
9380
9381
9384
9385
9408
9409
9410
9411
9412
9413
9416
9417
9472
9473
9474
9475
9476
9477
9480
9481
9482
9484
9488
9489
9490
9491
9492
9493
9496
9497
9504
9505
9506
9507
9508
9509
9512
9513
9536
9537
9538
9539
9540
9541
9544
9545
9728
9729
9730
9731
9732
9733
9736
9737
9744
9745
9746
9747
9748
9749
9752
9753
9760
9761
9762
9763
9764
9765
9768
9769
9792
9793
9794
9795
9796
9797
9800
9801
10240
10241
10242
10243
10244
10245
10248
10249
10250
10252
10256
10257
10258
10259
10260
10261
10264
10265
10272
10273
10274
10275
10276
10277
10280
10281
10304
10305
10306
10307
10308
10309
10312
10313
10314
10316
10320
10321
10322
10324
10336
10337
10338
10340
10368
10369
10370
10371
10372
10373
10376
10377
10378
10380
10384
10385
10386
10387
10388
10389
10392
10393
10400
10401
10402
10403
10404
10405
10408
10409
10432
10433
10434
10435
10436
10437
10440
10441
10496
10497
10498
10499
10500
10501
10504
10505
10506
10508
10512
10513
10514
10515
10516
10517
10520
10521
10528
10529
10530
10531
10532
10533
10536
10537
10560
10561
10562
10563
10564
10565
10568
10569
10752
10753
10754
10755
10756
10757
10760
10761
10768
10769
10770
10771
10772
10773
10776
10777
10784
10785
10786
10787
10788
10789
10792
10793
10816
10817
10818
10819
10820
10821
10824
10825
12288
12289
12290
12291
12292
12293
12296
12297
12304
12305
12306
12307
12308
12309
12312
12313
12320
12321
12322
12323
12324
12325
12328
12329
12352
12353
12354
12355
12356
12357
12360
12361
12416
12417
12418
12419
12420
12421
12424
12425
12432
12433
12434
12435
12436
12437
12440
12441
12448
12449
12450
12451
12452
12453
12456
12457
12480
12481
12482
12483
12484
12485
12488
12489
12544
12545
12546
12547
12548
12549
12552
12553
12560
12561
12562
12563
12564
12565
12568
12569
12576
12577
12578
12579
12580
12581
12584
12585
12608
12609
12610
12611
12612
12613
12616
12617
12800
12801
12802
12803
12804
12805
12808
12809
12816
12817
12818
12819
12820
12821
12824
12825
12832
12833
12834
12835
12836
12837
12840
12841
12864
12865
12866
12867
12868
12869
12872
12873
16384
16385
16386
16387
16388
16389
16390
16392
16393
16394
16396
16400
16401
16402
16403
16404
16405
16408
16409
16416
16417
16418
16419
16420
16421
16422
16424
16425
16426
16432
16433
16434
16448
16449
16450
16451
16452
16453
16454
16456
16457
16458
16460
16464
16465
16466
16468
16480
16481
16482
16484
16512
16513
16514
16515
16516
16517
16518
16520
16521
16522
16524
16528
16529
16530
16531
16532
16533
16536
16537
16544
16545
16546
16547
16548
16549
16552
16553
16576
16577
16578
16579
16580
16581
16584
16585
16640
16641
16642
16643
16644
16645
16646
16648
16649
16650
16652
16656
16657
16658
16659
16660
16661
16664
16665
16672
16673
16674
16675
16676
16677
16678
16680
16681
16682
16688
16689
16690
16704
16705
16706
16707
16708
16709
16710
16712
16713
16714
16720
16721
16722
16768
16769
16770
16772
16773
16774
16776
16777
16778
16784
16785
16786
16896
16897
16898
16899
16900
16901
16902
16904
16905
16906
16908
16912
16913
16914
16915
16916
16917
16920
16921
16928
16929
16930
16931
16932
16933
16934
16936
16937
16938
16944
16945
16946
16960
16961
16962
16963
16964
16965
16966
16968
16969
16970
16972
16976
16977
16978
16980
16992
16993
16994
16996
17024
17025
17026
17028
17029
17030
17032
17033
17034
17036
17040
17041
17042
17044
17056
17057
17058
17060
17152
17153
17154
17156
17160
17161
17162
17164
17168
17169
17170
17172
17184
17185
17186
17188
17408
17409
17410
17411
17412
17413
17414
17416
17417
17418
17420
17424
17425
17426
17427
17428
17429
17432
17433
17440
17441
17442
17443
17444
17445
17446
17448
17449
17450
17456
17457
17458
17472
17473
17474
17475
17476
17477
17478
17480
17481
17482
17484
17488
17489
17490
17492
17504
17505
17506
17508
17536
17537
17538
17539
17540
17541
17542
17544
17545
17546
17548
17552
17553
17554
17555
17556
17557
17560
17561
17568
17569
17570
17571
17572
17573
17576
17577
17600
17601
17602
17603
17604
17605
17608
17609
17664
17665
17666
17667
17668
17669
17672
17673
17674
17676
17680
17681
17682
17683
17684
17685
17688
17689
17696
17697
17698
17699
17700
17701
17704
17705
17728
17729
17730
17731
17732
17733
17736
17737
17920
17921
17922
17923
17924
17925
17928
17929
17936
17937
17938
17939
17940
17941
17944
17945
17952
17953
17954
17955
17956
17957
17960
17961
17984
17985
17986
17987
17988
17989
17992
17993
18432
18433
18434
18435
18436
18437
18438
18440
18441
18442
18444
18448
18449
18450
18451
18452
18453
18456
18457
18464
18465
18466
18467
18468
18469
18470
18472
18473
18474
18480
18481
18482
18496
18497
18498
18499
18500
18501
18502
18504
18505
18506
18508
18512
18513
18514
18516
18528
18529
18530
18532
18560
18561
18562
18563
18564
18565
18566
18568
18569
18570
18572
18576
18577
18578
18579
18580
18581
18584
18585
18592
18593
18594
18595
18596
18597
18600
18601
18624
18625
18626
18627
18628
18629
18632
18633
18688
18689
18690
18691
18692
18693
18694
18696
18697
18698
18700
18704
18705
18706
18707
18708
18709
18712
18713
18720
18721
18722
18723
18724
18725
18726
18728
18729
18730
18736
18737
18738
18752
18753
18754
18755
18756
18757
18758
18760
18761
18762
18768
18769
18770
18816
18817
18818
18820
18821
18822
18824
18825
18826
18832
18833
18834
18944
18945
18946
18947
18948
18949
18950
18952
18953
18954
18960
18961
18962
18963
18964
18965
18968
18969
18976
18977
18978
18979
18980
18981
18982
18984
18985
18986
18992
18993
18994
19008
19009
19010
19011
19012
19013
19014
19016
19017
19018
19024
19025
19026
19072
19073
19074
19076
19077
19078
19080
19081
19082
19088
19089
19090
19456
19457
19458
19460
19461
19462
19464
19465
19466
19472
19473
19474
19488
19489
19490
19492
19493
19494
19496
19497
19498
19504
19505
19506
19520
19521
19522
19524
19525
19526
19528
19529
19530
19536
19537
19538
19584
19585
19586
19588
19589
19590
19592
19593
19594
19600
19601
19602
20480
20481
20482
20483
20484
20485
20486
20488
20489
20490
20496
20497
20498
20499
20500
20501
20504
20505
20512
20513
20514
20515
20516
20517
20518
20520
20521
20522
20528
20529
20530
20544
20545
20546
20547
20548
20549
20550
20552
20553
20554
20560
20561
20562
20608
20609
20610
20611
20612
20613
20614
20616
20617
20618
20624
20625
20626
20627
20628
20629
20632
20633
20640
20641
20642
20643
20644
20645
20648
20649
20672
20673
20674
20675
20676
20677
20680
20681
20736
20737
20738
20739
20740
20741
20742
20744
20745
20746
20752
20753
20754
20755
20756
20757
20760
20761
20768
20769
20770
20771
20772
20773
20774
20776
20777
20778
20784
20785
20786
20800
20801
20802
20803
20804
20805
20806
20808
20809
20810
20816
20817
20818
20864
20865
20866
20868
20869
20870
20872
20873
20874
20880
20881
20882
20992
20993
20994
20995
20996
20997
20998
21000
21001
21002
21008
21009
21010
21011
21012
21013
21016
21017
21024
21025
21026
21027
21028
21029
21030
21032
21033
21034
21040
21041
21042
21056
21057
21058
21059
21060
21061
21062
21064
21065
21066
21072
21073
21074
21120
21121
21122
21124
21125
21126
21128
21129
21130
21136
21137
21138
21504
21505
21506
21508
21509
21510
21512
21513
21514
21520
21521
21522
21536
21537
21538
21540
21541
21542
21544
21545
21546
21552
21553
21554
21568
21569
21570
21572
21573
21574
21576
21577
21578
21584
21585
21586
21632
21633
21634
21636
21637
21638
21640
21641
21642
21648
21649
21650
24576
24577
24578
24580
24581
24582
24584
24585
24586
24592
24593
24594
24608
24609
24610
24612
24613
24614
24616
24617
24618
24624
24625
24626
24640
24641
24642
24644
24645
24646
24648
24649
24650
24656
24657
24658
24704
24705
24706
24708
24709
24710
24712
24713
24714
24720
24721
24722
24832
24833
24834
24836
24837
24838
24840
24841
24842
24848
24849
24850
24864
24865
24866
24868
24869
24870
24872
24873
24874
24880
24881
24882
24896
24897
24898
24900
24901
24902
24904
24905
24906
24912
24913
24914
24960
24961
24962
24964
24965
24966
24968
24969
24970
24976
24977
24978
25088
25089
25090
25092
25093
25094
25096
25097
25098
25104
25105
25106
25120
25121
25122
25124
25125
25126
25128
25129
25130
25136
25137
25138
25152
25153
25154
25156
25157
25158
25160
25161
25162
25168
25169
25170
25216
25217
25218
25220
25221
25222
25224
25225
25226
25232
25233
25234
25600
25601
25602
25604
25605
25606
25608
25609
25610
25616
25617
25618
25632
25633
25634
25636
25637
25638
25640
25641
25642
25648
25649
25650
25664
25665
25666
25668
25669
25670
25672
25673
25674
25680
25681
25682
25728
25729
25730
25732
25733
25734
25736
25737
25738
25744
25745
25746
32768
32769
32770
32772
32773
32774
32776
32777
32778
32780
32784
32785
32786
32788
32800
32801
32802
32804
32805
32806
32808
32809
32810
32816
32817
32818
32832
32833
32834
32836
32837
32838
32840
32841
32842
32844
32848
32849
32850
32852
32864
32865
32866
32868
32896
32897
32898
32900
32901
32902
32904
32905
32906
32908
32912
32913
32914
32916
32928
32929
32930
32932
33024
33025
33026
33028
33029
33030
33032
33033
33034
33036
33040
33041
33042
33044
33056
33057
33058
33060
33061
33062
33064
33065
33066
33072
33073
33074
33088
33089
33090
33092
33093
33094
33096
33097
33098
33104
33105
33106
33152
33153
33154
33156
33157
33158
33160
33161
33162
33168
33169
33170
33280
33281
33282
33284
33285
33286
33288
33289
33290
33292
33296
33297
33298
33300
33312
33313
33314
33316
33317
33318
33320
33321
33322
33328
33329
33330
33344
33345
33346
33348
33349
33350
33352
33353
33354
33356
33360
33361
33362
33364
33376
33377
33378
33380
33408
33409
33410
33412
33413
33414
33416
33417
33418
33420
33424
33425
33426
33428
33440
33441
33442
33444
33536
33537
33538
33540
33544
33545
33546
33548
33552
33553
33554
33556
33568
33569
33570
33572
33792
33793
33794
33796
33797
33798
33800
33801
33802
33804
33808
33809
33810
33812
33824
33825
33826
33828
33829
33830
33832
33833
33834
33840
33841
33842
33856
33857
33858
33860
33861
33862
33864
33865
33866
33868
33872
33873
33874
33876
33888
33889
33890
33892
33920
33921
33922
33924
33925
33926
33928
33929
33930
33932
33936
33937
33938
33940
33952
33953
33954
33956
34048
34049
34050
34052
34056
34057
34058
34060
34064
34065
34066
34068
34080
34081
34082
34084
34816
34817
34818
34820
34821
34822
34824
34825
34826
34828
34832
34833
34834
34836
34848
34849
34850
34852
34853
34854
34856
34857
34858
34864
34865
34866
34880
34881
34882
34884
34885
34886
34888
34889
34890
34892
34896
34897
34898
34900
34912
34913
34914
34916
34944
34945
34946
34948
34949
34950
34952
34953
34954
34956
34960
34961
34962
34964
34976
34977
34978
34980
35072
35073
35074
35076
35077
35078
35080
35081
35082
35084
35088
35089
35090
35092
35104
35105
35106
35108
35109
35110
35112
35113
35114
35120
35121
35122
35136
35137
35138
35140
35141
35142
35144
35145
35146
35152
35153
35154
35200
35201
35202
35204
35205
35206
35208
35209
35210
35216
35217
35218
35328
35329
35330
35332
35333
35334
35336
35337
35338
35344
35345
35346
35360
35361
35362
35364
35365
35366
35368
35369
35370
35376
35377
35378
35392
35393
35394
35396
35397
35398
35400
35401
35402
35408
35409
35410
35456
35457
35458
35460
35461
35462
35464
35465
35466
35472
35473
35474
35840
35841
35842
35844
35845
35846
35848
35849
35850
35856
35857
35858
35872
35873
35874
35876
35877
35878
35880
35881
35882
35888
35889
35890
35904
35905
35906
35908
35909
35910
35912
35913
35914
35920
35921
35922
35968
35969
35970
35972
35973
35974
35976
35977
35978
35984
35985
35986
36864
36865
36866
36868
36869
36870
36872
36873
36874
36876
36880
36881
36882
36884
36896
36897
36898
36900
36901
36902
36904
36905
36906
36912
36913
36914
36928
36929
36930
36932
36933
36934
36936
36937
36938
36940
36944
36945
36946
36948
36960
36961
36962
36964
36992
36993
36994
36996
36997
36998
37000
37001
37002
37004
37008
37009
37010
37012
37024
37025
37026
37028
37120
37121
37122
37124
37125
37126
37128
37129
37130
37132
37136
37137
37138
37140
37152
37153
37154
37156
37157
37158
37160
37161
37162
37168
37169
37170
37184
37185
37186
37188
37189
37190
37192
37193
37194
37200
37201
37202
37248
37249
37250
37252
37253
37254
37256
37257
37258
37264
37265
37266
37376
37377
37378
37380
37381
37382
37384
37385
37386
37388
37392
37393
37394
37396
37408
37409
37410
37412
37413
37414
37416
37417
37418
37424
37425
37426
37440
37441
37442
37444
37445
37446
37448
37449
37450
37452
37456
37457
37458
37460
37472
37473
37474
37476
37504
37505
37506
37508
37509
37510
37512
37513
37514
37516
37520
37521
37522
37524
37536
37537
37538
37540
37632
37633
37634
37636
37640
37641
37642
37644
37648
37649
37650
37652
37664
37665
37666
37668
37888
37889
37890
37892
37893
37894
37896
37897
37898
37900
37904
37905
37906
37908
37920
37921
37922
37924
37925
37926
37928
37929
37930
37936
37937
37938
37952
37953
37954
37956
37957
37958
37960
37961
37962
37964
37968
37969
37970
37972
37984
37985
37986
37988
38016
38017
38018
38020
38021
38022
38024
38025
38026
38028
38032
38033
38034
38036
38048
38049
38050
38052
38144
38145
38146
38148
38152
38153
38154
38156
38160
38161
38162
38164
38176
38177
38178
38180
38912
38913
38914
38916
38920
38921
38922
38924
38928
38929
38930
38932
38944
38945
38946
38948
38976
38977
38978
38980
38984
38985
38986
38988
38992
38993
38994
38996
39008
39009
39010
39012
39040
39041
39042
39044
39048
39049
39050
39052
39056
39057
39058
39060
39072
39073
39074
39076
39168
39169
39170
39172
39176
39177
39178
39180
39184
39185
39186
39188
39200
39201
39202
39204
40960
40961
40962
40964
40965
40966
40968
40969
40970
40972
40976
40977
40978
40980
40992
40993
40994
40996
40997
40998
41000
41001
41002
41008
41009
41010
41024
41025
41026
41028
41029
41030
41032
41033
41034
41036
41040
41041
41042
41044
41056
41057
41058
41060
41088
41089
41090
41092
41093
41094
41096
41097
41098
41100
41104
41105
41106
41108
41120
41121
41122
41124
41216
41217
41218
41220
41221
41222
41224
41225
41226
41228
41232
41233
41234
41236
41248
41249
41250
41252
41253
41254
41256
41257
41258
41264
41265
41266
41280
41281
41282
41284
41285
41286
41288
41289
41290
41296
41297
41298
41344
41345
41346
41348
41349
41350
41352
41353
41354
41360
41361
41362
41472
41473
41474
41476
41477
41478
41480
41481
41482
41484
41488
41489
41490
41492
41504
41505
41506
41508
41509
41510
41512
41513
41514
41520
41521
41522
41536
41537
41538
41540
41541
41542
41544
41545
41546
41548
41552
41553
41554
41556
41568
41569
41570
41572
41600
41601
41602
41604
41605
41606
41608
41609
41610
41612
41616
41617
41618
41620
41632
41633
41634
41636
41728
41729
41730
41732
41736
41737
41738
41740
41744
41745
41746
41748
41760
41761
41762
41764
41984
41985
41986
41988
41989
41990
41992
41993
41994
41996
42000
42001
42002
42004
42016
42017
42018
42020
42021
42022
42024
42025
42026
42032
42033
42034
42048
42049
42050
42052
42053
42054
42056
42057
42058
42060
42064
42065
42066
42068
42080
42081
42082
42084
42112
42113
42114
42116
42117
42118
42120
42121
42122
42124
42128
42129
42130
42132
42144
42145
42146
42148
42240
42241
42242
42244
42248
42249
42250
42252
42256
42257
42258
42260
42272
42273
42274
42276
43008
43009
43010
43012
43016
43017
43018
43020
43024
43025
43026
43028
43040
43041
43042
43044
43072
43073
43074
43076
43080
43081
43082
43084
43088
43089
43090
43092
43104
43105
43106
43108
43136
43137
43138
43140
43144
43145
43146
43148
43152
43153
43154
43156
43168
43169
43170
43172
43264
43265
43266
43268
43272
43273
43274
43276
43280
43281
43282
43284
43296
43297
43298
43300
49152
49153
49154
49156
49160
49161
49162
49164
49168
49169
49170
49172
49184
49185
49186
49188
49216
49217
49218
49220
49224
49225
49226
49228
49232
49233
49234
49236
49248
49249
49250
49252
49280
49281
49282
49284
49288
49289
49290
49292
49296
49297
49298
49300
49312
49313
49314
49316
49408
49409
49410
49412
49416
49417
49418
49420
49424
49425
49426
49428
49440
49441
49442
49444
49664
49665
49666
49668
49672
49673
49674
49676
49680
49681
49682
49684
49696
49697
49698
49700
49728
49729
49730
49732
49736
49737
49738
49740
49744
49745
49746
49748
49760
49761
49762
49764
49792
49793
49794
49796
49800
49801
49802
49804
49808
49809
49810
49812
49824
49825
49826
49828
49920
49921
49922
49924
49928
49929
49930
49932
49936
49937
49938
49940
49952
49953
49954
49956
50176
50177
50178
50180
50184
50185
50186
50188
50192
50193
50194
50196
50208
50209
50210
50212
50240
50241
50242
50244
50248
50249
50250
50252
50256
50257
50258
50260
50272
50273
50274
50276
50304
50305
50306
50308
50312
50313
50314
50316
50320
50321
50322
50324
50336
50337
50338
50340
50432
50433
50434
50436
50440
50441
50442
50444
50448
50449
50450
50452
50464
50465
50466
50468
51200
51201
51202
51204
51208
51209
51210
51212
51216
51217
51218
51220
51232
51233
51234
51236
51264
51265
51266
51268
51272
51273
51274
51276
51280
51281
51282
51284
51296
51297
51298
51300
51328
51329
51330
51332
51336
51337
51338
51340
51344
51345
51346
51348
51360
51361
51362
51364
51456
51457
51458
51460
51464
51465
51466
51468
51472
51473
51474
51476
51488
51489
51490
51492
65536
65537
65538
65540
65544
65545
65546
65548
65552
65553
65554
65556
65568
65569
65570
65572
65600
65601
65602
65604
65608
65609
65610
65612
65616
65617
65618
65620
65632
65633
65634
65636
65664
65665
65666
65668
65672
65673
65674
65676
65680
65681
65682
65684
65696
65697
65698
65700
65792
65793
65794
65796
65800
65801
65802
65804
65808
65809
65810
65812
65824
65825
65826
65828
66048
66049
66050
66052
66056
66057
66058
66060
66064
66065
66066
66068
66080
66081
66082
66084
66112
66113
66114
66116
66120
66121
66122
66124
66128
66129
66130
66132
66144
66145
66146
66148
66176
66177
66178
66180
66184
66185
66186
66188
66192
66193
66194
66196
66208
66209
66210
66212
66304
66305
66306
66308
66312
66313
66314
66316
66320
66321
66322
66324
66336
66337
66338
66340
66560
66561
66562
66564
66568
66569
66570
66572
66576
66577
66578
66580
66592
66593
66594
66596
66624
66625
66626
66628
66632
66633
66634
66636
66640
66641
66642
66644
66656
66657
66658
66660
66688
66689
66690
66692
66696
66697
66698
66700
66704
66705
66706
66708
66720
66721
66722
66724
66816
66817
66818
66820
66824
66825
66826
66828
66832
66833
66834
66836
66848
66849
66850
66852
67584
67585
67586
67588
67592
67593
67594
67596
67600
67601
67602
67604
67616
67617
67618
67620
67648
67649
67650
67652
67656
67657
67658
67660
67664
67665
67666
67668
67680
67681
67682
67684
67712
67713
67714
67716
67720
67721
67722
67724
67728
67729
67730
67732
67744
67745
67746
67748
67840
67841
67842
67844
67848
67849
67850
67852
67856
67857
67858
67860
67872
67873
67874
67876
69632
69633
69634
69636
69640
69641
69642
69644
69648
69649
69650
69652
69664
69665
69666
69668
69696
69697
69698
69700
69704
69705
69706
69708
69712
69713
69714
69716
69728
69729
69730
69732
69760
69761
69762
69764
69768
69769
69770
69772
69776
69777
69778
69780
69792
69793
69794
69796
69888
69889
69890
69892
69896
69897
69898
69900
69904
69905
69906
69908
69920
69921
69922
69924
70144
70145
70146
70148
70152
70153
70154
70156
70160
70161
70162
70164
70176
70177
70178
70180
70208
70209
70210
70212
70216
70217
70218
70220
70224
70225
70226
70228
70240
70241
70242
70244
70272
70273
70274
70276
70280
70281
70282
70284
70288
70289
70290
70292
70304
70305
70306
70308
70400
70401
70402
70404
70408
70409
70410
70412
70416
70417
70418
70420
70432
70433
70434
70436
70656
70657
70658
70660
70664
70665
70666
70668
70672
70673
70674
70676
70688
70689
70690
70692
70720
70721
70722
70724
70728
70729
70730
70732
70736
70737
70738
70740
70752
70753
70754
70756
70784
70785
70786
70788
70792
70793
70794
70796
70800
70801
70802
70804
70816
70817
70818
70820
70912
70913
70914
70916
70920
70921
70922
70924
70928
70929
70930
70932
70944
70945
70946
70948
71680
71681
71682
71684
71688
71689
71690
71692
71696
71697
71698
71700
71712
71713
71714
71716
71744
71745
71746
71748
71752
71753
71754
71756
71760
71761
71762
71764
71776
71777
71778
71780
71808
71809
71810
71812
71816
71817
71818
71820
71824
71825
71826
71828
71840
71841
71842
71844
71936
71937
71938
71940
71944
71945
71946
71948
71952
71953
71954
71956
71968
71969
71970
71972
73728
73729
73730
73732
73736
73737
73738
73740
73744
73745
73746
73748
73760
73761
73762
73764
73792
73793
73794
73796
73800
73801
73802
73804
73808
73809
73810
73812
73824
73825
73826
73828
73856
73857
73858
73860
73864
73865
73866
73868
73872
73873
73874
73876
73888
73889
73890
73892
73984
73985
73986
73988
73992
73993
73994
73996
74000
74001
74002
74004
74016
74017
74018
74020
74240
74241
74242
74244
74248
74249
74250
74252
74256
74257
74258
74260
74272
74273
74274
74276
74304
74305
74306
74308
74312
74313
74314
74316
74320
74321
74322
74324
74336
74337
74338
74340
74368
74369
74370
74372
74376
74377
74378
74380
74384
74385
74386
74388
74400
74401
74402
74404
74496
74497
74498
74500
74504
74505
74506
74508
74512
74513
74514
74516
74528
74529
74530
74532
74752
74753
74754
74756
74760
74761
74762
74764
74768
74769
74770
74772
74784
74785
74786
74788
74816
74817
74818
74820
74824
74825
74826
74828
74832
74833
74834
74836
74848
74849
74850
74852
74880
74881
74882
74884
74888
74889
74890
74892
74896
74897
74898
74900
74912
74913
74914
74916
75008
75009
75010
75012
75016
75017
75018
75020
75024
75025
75026
75028
75040
75041
75042
75044
75776
75777
75778
75780
75784
75785
75786
75788
75792
75793
75794
75796
75808
75809
75810
75812
75840
75841
75842
75844
75848
75849
75850
75852
75856
75857
75858
75860
75872
75873
75874
75876
75904
75905
75906
75908
75912
75913
75914
75916
75920
75921
75922
75924
75936
75937
75938
75940
76032
76033
76034
76036
76040
76041
76042
76044
76048
76049
76050
76052
76064
76065
76066
76068
81920
81921
81922
81924
81928
81929
81930
81932
81936
81937
81938
81940
81952
81953
81954
81956
81984
81985
81986
81988
81992
81993
81994
81996
82000
82001
82002
82004
82016
82017
82018
82020
82048
82049
82050
82052
82056
82057
82058
82060
82064
82065
82066
82068
82080
82081
82082
82084
82176
82177
82178
82180
82184
82185
82186
82188
82192
82193
82194
82196
82208
82209
82210
82212
82432
82433
82434
82436
82440
82441
82442
82444
82448
82449
82450
82452
82464
82465
82466
82468
82496
82497
82498
82500
82504
82505
82506
82508
82512
82513
82514
82516
82528
82529
82530
82532
82560
82561
82562
82564
82568
82569
82570
82572
82576
82577
82578
82580
82592
82593
82594
82596
82688
82689
82690
82692
82696
82697
82698
82700
82704
82705
82706
82708
82720
82721
82722
82724
82944
82945
82946
82948
82952
82953
82954
82956
82960
82961
82962
82964
82976
82977
82978
82980
83008
83009
83010
83012
83016
83017
83018
83020
83024
83025
83026
83028
83040
83041
83042
83044
83072
83073
83074
83076
83080
83081
83082
83084
83088
83089
83090
83092
83104
83105
83106
83108
83200
83201
83202
83204
83208
83209
83210
83212
83216
83217
83218
83220
83232
83233
83234
83236
83968
83969
83970
83972
83976
83977
83978
83980
83984
83985
83986
83988
84000
84001
84002
84004
84032
84033
84034
84036
84040
84041
84042
84044
84048
84049
84050
84052
84064
84065
84066
84068
84096
84097
84098
84100
84104
84105
84106
84108
84112
84113
84114
84116
84128
84129
84130
84132
84224
84225
84226
84228
84232
84233
84234
84236
84240
84241
84242
84244
84256
84257
84258
84260
