2
3
4
5
6
7
8
9
10
11
12
13
14
15
16
17
18
20
21
22
23
24
25
26
28
29
30
31
32
33
34
35
36
37
38
39
40
41
42
44
45
46
47
48
49
50
52
53
54
55
56
57
58
59
60
61
62
63
64
65
66
67
68
69
70
71
72
73
74
75
76
77
78
79
80
81
82
83
84
85
86
88
89
90
91
92
93
94
96
97
98
100
101
102
104
105
106
108
109
110
112
113
114
115
116
117
118
119
120
121
122
124
125
126
127
128
129
130
132
133
134
135
136
137
138
139
140
141
142
144
145
146
149
150
154
156
157
158
160
161
162
164
165
168
169
170
172
173
174
176
177
180
181
182
187
188
189
190
192
193
195
197
200
201
203
204
208
210
213
214
220
222
224
225
226
228
232
233
234
236
237
238
240
241
242
246
249
252
253
254
256
257
260
261
262
263
264
265
268
269
270
271
272
276
277
278
284
285
286
288
289
290
292
293
294
295
296
297
298
300
301
302
303
304
305
308
309
310
311
312
313
316
318
319
320
321
324
325
326
327
328
329
330
332
333
334
335
336
337
338
339
342
346
348
349
350
352
353
354
355
357
358
360
361
362
364
365
366
368
369
372
373
374
375
376
377
380
382
383
384
385
388
389
390
391
392
393
396
397
398
399
401
404
405
406
409
411
412
413
414
416
417
419
420
421
422
423
424
425
428
429
430
431
432
433
435
436
437
438
439
440
441
445
446
447
448
449
452
453
454
455
456
457
461
462
463
464
466
468
469
470
472
475
480
481
482
484
485
486
488
492
493
494
496
497
499
500
501
502
503
504
505
509
510
511
512
513
514
516
517
518
519
520
521
522
524
525
526
527
528
529
530
532
533
534
537
538
540
541
542
544
545
548
549
550
551
552
553
556
557
558
559
560
561
564
565
566
567
568
569
574
575
576
577
578
580
581
582
583
584
585
586
588
589
590
591
592
593
594
596
597
598
604
605
606
608
609
610
616
617
618
620
621
622
624
625
626
628
629
630
631
632
633
636
637
638
639
640
641
642
648
649
650
652
653
654
656
657
658
662
668
669
670
672
673
680
681
684
685
688
689
692
693
694
702
726
732
733
734
736
737
738
744
745
746
748
749
750
752
753
754
756
757
758
764
765
766
768
769
770
774
776
777
778
780
781
782
784
785
786
788
789
796
797
798
832
833
834
838
840
841
842
844
845
846
848
849
850
852
853
860
861
862
864
865
866
872
873
874
876
877
878
880
881
882
892
893
894
896
897
898
900
901
902
903
904
905
906
908
909
910
911
912
913
914
924
925
926
928
929
932
933
934
935
936
937
942
943
944
945
948
949
950
951
952
953
958
959
960
961
964
965
966
967
968
969
974
975
992
993
994
1000
1001
1002
1004
1005
1006
1008
1009
1010
1012
1013
1014
1015
1016
1017
1020
1021
1022
1023
1024
1025
1026
1032
1033
1034
1036
1037
1038
1040
1041
1042
1052
1053
1054
1088
1089
1090
1096
1097
1098
1100
1101
1102
1104
1105
1106
1116
1117
1118
1120
1121
1122
1128
1129
1130
1132
1133
1134
1136
1137
1138
1148
1149
1150
1152
1153
1154
1160
1161
1162
1164
1165
1166
1168
1169
1170
1173
1174
1180
1181
1182
1189
1192
1193
1196
1197
1198
1200
1201
1204
1205
1206
1212
1214
1237
1238
1244
1245
1246
1248
1249
1250
1256
1257
1258
1260
1261
1262
1264
1265
1266
1268
1269
1270
1276
1277
1278
1280
1281
1286
1288
1289
1292
1293
1300
1301
1317
1320
1321
1325
1340
1344
1345
1348
1349
1350
1352
1353
1356
1357
1358
1364
1365
1381
1384
1385
1389
1390
1392
1393
1398
1408
1409
1412
1413
1416
1417
1420
1421
1422
1792
1793
1794
1800
1801
1802
1804
1805
1806
1808
1809
1810
1820
1821
1822
1856
1857
1858
1864
1865
1866
1868
1869
1870
1872
1873
1874
1884
1885
1886
1888
1889
1890
1896
1897
1898
1900
1901
1902
1904
1905
1906
1916
1917
1918
1920
1921
1922
1928
1929
1930
1932
1933
1934
1936
1937
1938
1948
1949
1950
2016
2017
2018
2024
2025
2026
2028
2029
2030
2032
2033
2034
2044
2045
2046
2048
2049
2052
2053
2054
2055
2056
2057
2062
2063
2080
2081
2084
2085
2086
2087
2088
2089
2094
2095
2096
2097
2100
2101
2102
2103
2104
2105
2110
2111
2112
2113
2116
2117
2118
2119
2120
2121
2126
2127
2160
2161
2164
2165
2166
2167
2168
2169
2174
2175
2304
2305
2308
2309
2310
2311
2312
2313
2318
2319
2336
2337
2340
2341
2342
2343
2344
2345
2350
2351
2352
2353
2356
2357
2358
2359
2360
2361
2366
2367
2368
2369
2372
2373
2374
2375
2376
2377
2382
2383
2416
2417
2420
2421
2422
2423
2424
2425
2430
2431
2432
2433
2436
2437
2438
2439
2440
2441
2446
2447
2464
2465
2468
2469
2470
2471
2472
2473
2478
2479
2480
2481
2484
2485
2486
2487
2488
2489
2494
2495
2496
2497
2500
2732
2733
2736
2737
2740
2741
2742
2750
2774
2780
2781
2782
2784
2785
2792
2793
2796
2797
2800
2801
2804
2805
2806
2814
2816
2817
2822
2824
2825
2828
2829
2836
2837
2880
2881
2886
2888
2889
2892
2893
2900
2901
3072
3073
3078
3080
3081
3084
3085
3092
3093
3116
3117
3120
3121
3124
3125
3126
3134
3136
3137
3142
3144
3145
3148
3149
3156
3157
3158
3164
3165
3166
3168
3169
3176
3177
3222
3228
3229
3230
3232
3233
3240
3241
3244
3245
3248
3249
3252
3253
3254
3262
3286
3292
3293
3294
3296
3297
3304
3305
3308
3309
3312
3313
3316
3317
3318
3326
3328
3329
4096
4097
4098
4104
4105
4106
4108
4109
4110
4112
4113
4114
4124
4125
4126
4160
4161
4162
4168
4169
4170
4172
4173
4174
4176
4177
4178
4188
4189
4190
4192
4193
4194
4200
4201
4202
4204
4205
4206
4208
4209
4210
4220
4221
4222
4224
4225
4226
4232
4233
4234
4236
4237
4238
4240
4241
4242
4252
4253
4254
4320
4321
4322
4328
4329
4330
4332
4333
4334
4336
4337
4338
4348
4349
4350
4608
4609
4610
4616
4617
4618
4620
4621
4622
4624
4625
4626
4636
4637
4638
4672
4673
4674
4680
4681
4682
4684
4685
4686
4688
4689
4690
4700
4701
4702
4704
4705
4706
4712
4713
4714
4716
4717
4718
4720
4721
4722
4732
4733
4734
4736
4737
4738
4744
4745
4746
4748
4749
4750
4752
4753
4754
4764
4765
4766
4832
4833
4834
4840
4841
4842
4844
4845
4846
4848
4849
4850
4860
4861
4862
4864
4865
4866
4872
4873
4874
4876
4877
4878
4880
4881
4882
4892
4893
4894
4928
4929
4930
4936
4937
4938
4940
4941
4942
4944
4945
4946
4956
4957
4958
4960
4961
4962
4968
4969
4970
4972
4973
4974
4976
4977
4978
4988
4989
4990
4992
4993
4994
5000
