2
3
4
5
6
7
8
9
10
11
12
13
14
15
16
17
18
19
20
21
22
23
24
25
26
27
28
29
30
31
32
33
34
35
36
37
38
39
40
41
42
43
44
45
46
47
48
49
50
51
52
53
54
55
56
57
58
59
60
61
62
63
64
65
66
67
68
69
70
71
72
73
74
75
76
77
78
79
80
81
82
83
84
85
86
87
88
89
90
91
92
93
94
95
96
97
98
99
100
101
102
103
104
105
106
107
108
109
110
111
112
113
114
115
116
117
118
119
120
121
122
123
124
125
126
127
128
129
130
131
134
135
136
137
138
139
140
141
142
143
144
145
146
147
148
149
150
152
153
154
155
156
157
158
159
160
161
162
163
164
165
166
168
169
173
174
176
177
179
180
181
182
187
188
189
190
192
193
194
195
200
201
202
203
204
205
206
207
208
209
210
211
216
217
218
219
220
221
222
223
224
225
226
227
232
233
234
235
236
237
238
239
240
241
242
243
248
249
250
256
257
260
261
262
263
264
265
268
269
270
271
288
289
292
293
294
295
296
297
300
301
302
303
304
305
308
309
310
311
312
313
316
317
318
319
320
321
324
325
326
327
328
329
332
333
334
335
352
353
356
357
358
359
360
361
364
365
366
367
368
369
372
373
374
375
376
377
380
381
382
383
384
385
388
389
390
391
392
393
396
397
398
399
416
417
420
421
422
423
424
425
428
429
430
431
432
433
436
437
438
439
440
441
444
445
446
447
448
449
452
453
454
455
456
457
460
461
462
463
480
481
484
485
486
487
488
489
492
493
494
495
496
497
500
501
502
503
504
505
508
509
510
511
512
513
516
517
518
519
520
521
524
525
526
527
544
545
548
549
550
551
552
553
556
557
558
559
560
561
564
565
566
567
568
569
572
573
574
575
576
577
580
581
582
583
584
585
588
589
590
591
608
609
612
613
614
615
616
617
620
621
622
623
624
625
628
629
630
631
632
633
636
637
638
639
768
769
772
773
774
775
776
777
780
781
782
783
800
801
804
805
806
807
808
809
812
813
814
815
816
817
820
821
822
823
824
825
828
829
830
831
832
833
836
837
838
839
840
841
844
845
846
847
864
865
868
869
870
871
872
873
876
877
878
879
880
881
884
885
886
887
888
889
892
893
894
895
896
897
900
901
902
903
904
905
908
909
910
911
928
929
932
933
934
935
936
937
940
941
942
943
944
945
948
949
950
951
952
953
956
957
958
959
960
961
964
965
966
967
968
969
972
973
974
975
992
993
996
997
998
999
1000
