2
4
5
7
9
10
11
13
14
16
18
19
20
22
23
25
28
29
32
36
37
38
41
45
46
50
52
55
56
58
59
61
63
64
65
67
68
70
73
74
76
77
81
82
83
85
86
88
90
91
95
97
99
100
101
104
109
110
113
115
117
118
126
127
128
131
133
136
144
145
146
148
149
151
154
155
160
162
163
164
171
172
176
227
230
236
254
256
261
262
271
272
290
293
302
319
324
325
328
355
365
369
371
374
379
397
398
405
406
410
412
414
415
416
418
419
421
428
436
450
451
455
457
460
461
468
469
473
475
478
479
481
495
511
514
520
522
523
524
527
531
533
542
550
556
567
568
572
574
576
577
580
581
583
585
586
603
604
612
613
617
619
630
631
635
637
657
671
698
703
718
729
730
731
734
736
738
739
742
743
745
747
748
758
770
774
775
779
781
787
792
793
794
796
797
799
810
811
812
815
817
819
820
824
826
855
856
860
862
873
874
878
880
938
947
949
956
958
1019
1022
1028
1031
1037
1040
1046
1048
1053
1054
1055
1062
1063
1100
1103
1109
1112
1129
1134
1135
1136
1139
1141
1143
1144
1148
1150
1179
1180
1184
1186
1197
1198
1202
1204
1296
1297
1301
1303
1305
1306
1310
1312
1314
1315
1325
1341
1342
1346
1348
1359
1360
1364
1366
1395
1396
1406
1427
1436
1458
1459
1460
1467
1468
1472
1476
1477
1487
1539
1540
1541
1548
1549
1553
1584
1585
3645
3646
3650
3652
3654
3655
3659
3661
3690
3691
3695
3697
3708
3709
3713
3715
3726
3727
3731
3733
3735
3736
3740
3742
3771
3772
3776
3778
3789
3790
3794
3796
4050
4051
4055
4057
4059
4060
4064
4066
4095
4096
4100
4102
4113
4114
4118
4120
4212
4213
4217
4219
4221
4222
4226
4228
4257
4258
4262
4264
4275
4276
4280
4282
5103
5104
5108
5110
5112
5113
5117
5119
5148
5149
5153
5155
5166
5167
5171
5173
5184
5185
5189
5191
5193
5194
5198
5200
5229
5230
5234
5236
5247
5248
5252
5254
5508
5509
5513
5515
5517
5518
5522
5524
5553
5554
5558
5560
5571
5572
5576
5578
5670
5671
5675
5677
5679
5680
5684
5686
5715
5716
5720
5722
5733
5734
5738
5740
6561
6562
6566
6568
6570
6571
6575
6577
6606
6607
6611
6613
6624
6625
6629
6631
6642
6643
6647
6649
6651
6652
6656
6658
6687
6688
6692
6694
6705
6706
6710
6712
6966
6967
6971
6973
6975
6976
6980
6982
7011
7012
7016
7018
7029
7030
7034
7036
7128
7129
7133
7135
7137
7138
7142
7144
7173
7174
7178
7180
7191
7192
7196
7198
7290
7291
7295
7297
7299
7300
7304
7306
7335
7336
7340
7342
7353
7354
7358
7360
7371
7372
7376
7378
7380
7381
7385
7387
7416
7417
7421
7423
7434
7435
7439
7441
7695
7696
7700
7702
7704
7705
7709
7711
7740
7741
7745
7747
7758
7759
7763
7765
7857
7858
7862
7864
7866
7867
7871
7873
7902
7903
7907
7909
7920
7921
7925
7927
