4
6
7
9
10
13
15
16
19
22
24
25
28
31
33
34
36
37
40
42
46
49
51
52
54
55
58
60
61
63
64
69
70
73
76
78
79
81
82
85
87
88
90
91
94
96
100
105
106
109
112
114
115
117
118
121
123
124
127
130
132
135
136
139
141
142
144
145
154
159
160
163
166
168
169
171
172
175
177
178
181
184
186
187
190
193
195
196
198
199
202
204
205
208
211
213
216
217
220
222
223
225
226
229
231
235
240
241
244
249
250
252
253
258
259
262
265
267
271
274
276
277
279
285
289
292
294
297
298
301
303
304
306
307
313
316
319
321
324
325
328
330
331
333
334
337
339
343
346
348
352
358
360
361
364
366
375
378
379
382
384
411
414
424
430
433
438
439
441
442
447
451
456
459
460
463
465
466
468
469
474
483
486
487
490
492
493
495
496
499
501
502
505
508
510
511
514
517
519
522
523
526
528
537
540
541
544
546
547
549
550
564
565
567
568
573
574
576
577
586
601
616
625
627
628
631
634
636
637
640
645
649
654
657
663
667
670
676
681
684
685
690
691
694
697
699
702
703
706
709
711
718
721
724
729
730
733
735
736
738
739
742
744
745
748
751
753
754
757
760
762
763
765
766
769
771
772
775
778
783
784
787
789
790
792
793
796
798
807
810
811
814
816
817
819
820
823
825
829
841
843
844
846
847
850
852
853
861
864
865
868
870
879
883
892
897
900
916
919
924
942
945
946
949
954
955
958
960
973
981
982
997
1000
1005
1008
1009
1014
1015
1026
1032
1033
1035
1041
1042
1050
1051
1053
1054
1057
1059
1060
1062
1063
1066
1068
1069
1077
1084
1086
1089
1090
1093
1095
1096
1099
1102
1104
1107
1108
1111
1113
1114
1116
1117
1123
1126
1135
1140
1141
1143
1144
1149
1150
1153
1156
1158
1162
1167
1168
1176
1177
1185
1188
1189
1192
1194
1215
1216
1219
1221
1222
1224
1225
1228
1230
1231
1246
1251
1252
1255
1257
1269
1270
1273
1275
1276
1278
1279
1282
1296
1297
1302
1303
1305
1306
1408
1414
1423
1431
1432
1435
1440
1473
1500
1504
1512
1513
1518
1521
1522
1546
1548
1555
1563
1570
1575
1581
1582
1593
1594
1597
1599
1600
1602
1603
1606
1626
1629
1633
1635
1636
1644
1653
1654
1662
1663
1671
1672
1674
1675
1678
1689
1710
1711
1716
1723
1725
1735
1750
1752
1753
1755
1756
1759
1762
1764
1765
1771
1774
1777
1782
1783
1786
1788
1791
1801
1804
1806
1824
1825
1831
1833
1836
1837
1842
1843
1845
1846
1852
1878
1879
1894
1905
1906
1914
1917
1918
1944
1945
1948
1950
1953
1954
1959
1966
1968
1977
1980
2022
2023
2025
2026
2031
2034
2044
2047
2049
2056
2059
2061
2074
2076
2079
2103
2104
2112
2113
2115
2137
2143
2152
2160
2242
2250
2268
2269
2314
2326
2346
2355
2356
2358
2362
2373
2383
2385
2391
2392
2400
2403
2404
2425
2454
2464
2481
2482
2491
2493
2494
2500
2625
2628
2634
2638
2646
2647
2650
2661
2673
2674
2677
2679
2682
2695
2697
2701
2706
2709
2731
2734
2736
2737
2743
2746
2754
2755
2763
2764
2769
2815
2817
2818
2824
2827
2841
2844
2854
2859
2869
2916
2917
2920
2922
2925
2926
2929
2931
2938
2940
2949
2952
2953
2956
2958
2965
2970
2971
2974
2976
2997
2998
3001
3003
3006
3007
3010
3012
3031
3033
3034
3037
3039
3051
3052
3055
3057
3066
3070
3085
3087
3100
3111
3112
3114
3240
3241
3244
3246
3249
3250
3253
3255
3259
3276
3277
3280
3282
3291
3294
3295
3298
3300
3372
3375
3390
3394
3402
3403
3406
3408
3411
3412
3415
3417
3438
3439
3442
3444
3456
3457
3460
3462
3937
3939
3942
3943
3946
3961
3969
3970
3973
3975
3988
3991
3993
4011
4015
4018
4020
4023
4042
4059
4131
4132
4135
4137
4140
4153
4155
4164
4167
4231
4234
4236
4240
4261
4263
4266
4281
4374
4375
4378
4380
4381
4383
4384
4387
4389
4390
4396
4398
4407
4410
4411
4414
4416
4423
4425
4428
4429
4432
4434
4435
4437
4438
4447
4455
4456
4459
4461
4462
4464
4465
4468
4470
4491
4492
4495
4497
4498
4509
4510
4513
4515
4516
4518
4519
4543
4545
4551
4552
4569
4570
4572
4578
4579
4590
4591
4594
4599
4605
4609
4624
4626
4636
4666
4668
4671
4672
4675
4690
4698
4699
4702
4704
4707
4708
4711
4713
4734
4735
4738
4740
4752
4753
4756
4758
4767
4771
4776
4777
4804
4807
4860
4861
4864
4866
4867
4869
4870
4873
4875
4876
4879
4885
4888
4896
4897
4900
4902
4914
4915
4918
4920
4921
4923
4924
4941
4942
4947
4948
4950
4951
5047
5050
5056
5073
5076
5085
5103
5104
5109
5110
5112
5113
5118
5119
5128
5131
5145
5157
5158
5163
5164
5166
5167
5184
5185
5190
5191
5193
5194
5272
5274
5299
5388
5409
5424
5425
5689
5692
5694
5719
5721
5743
5757
5760
5770
5881
5883
5886
5887
5890
5905
5913
5914
5917
5919
5941
5955
5959
5982
5986
6000
6003
6013
6016
6027
6030
6198
6202
6205
6210
6229
6246
6346
6351
6354
6376
6391
6561
6562
6565
6567
6568
6570
6571
6574
6576
6577
6583
6585
6586
6589
6594
6595
6597
6598
6601
6603
6610
6612
6615
6616
6619
6621
6622
6624
6625
6634
6642
6643
6646
6648
6649
6651
6652
6655
6657
6670
6678
6679
6682
6684
6685
6688
6693
6696
6697
6700
6702
6703
6705
6706
6738
6739
6747
6757
6765
6766
6774
6777
6778
6786
6792
6796
6811
6813
6823
6828
6838
6853
6858
6862
6865
6867
6868
6874
6885
6886
6889
6891
6894
6895
6898
6900
6904
6907
6921
6922
6925
6927
6936
6939
6940
6943
6945
6999
7002
7008
7012
7035
7047
7048
7051
7053
7054
7056
7057
7060
7062
7063
7083
7084
7087
7089
7101
7102
7105
7107
7108
7110
7111
7128
7129
7134
7135
7137
7138
7290
7291
7294
7296
7297
7299
7300
7303
7305
7306
7314
7324
7326
7327
7330
7332
7344
7345
7348
7350
7351
7353
7354
7371
7372
7375
7377
7378
7380
7381
7384
7386
7407
7408
7411
7413
7414
7422
7425
7426
7429
7431
7575
7596
7611
7612
7614
7615
7618
7620
7623
7624
7627
7629
7633
7650
7651
7654
7656
7657
7665
7668
7669
7672
7674
7675
7677
7678
7684
7737
7738
7746
7749
7750
7776
7777
7780
7782
7785
7786
7789
7791
7812
7813
7816
7818
7830
7831
7834
7836
8533
8538
8541
8563
8578
8608
8614
8635
8640
8655
8821
8829
8830
8833
8835
8857
8871
8875
8968
8979
9000
9019
9477
9478
9481
9483
9486
9487
9490
9492
9513
9514
9517
9519
9531
9532
9535
9537
9558
9559
9562
9564
9567
9568
9571
9573
9594
9595
9598
9600
9612
9613
9616
9618
9801
9802
9805
9807
9810
9811
9814
9816
9837
9838
9841
9843
9844
9847
9850
9852
9855
9856
9859
9861
9862
9864
9865
9871
9874
9891
9897
9898
9915
9918
9924
9925
9928
9933
9936
9937
9951
9963
9964
9967
9969
9970
9972
9973
9976
9978
9979
9999
10000
10003
10005
10017
10018
10021
10023
10024
10026
10027
10033
10044
10045
10050
10051
10053
10054
10059
10105
10107
10108
10114
10149
10159
10329
10330
10341
10342
10347
10348
10350
10351
10383
10384
10410
10411
10572
10573
10581
10584
10585
10590
10591
10593
10594
10600
10626
10627
10653
10654
10662
10665
10666
10692
10693
10701
10702
10707
10935
10936
10939
10941
10942
10944
10945
10948
10950
10951
10959
10969
10971
10972
10975
10977
10989
10990
10993
10995
10996
10998
10999
11016
11017
11020
11022
11023
11025
11026
11029
11031
11052
11053
11056
11058
11059
11067
11070
11071
11074
11076
11077
11079
11080
11112
11113
11139
11140
11259
11260
11263
11265
11268
11269
11272
11274
11295
11296
11299
11301
11313
11314
11317
11319
11421
11422
11425
11427
11428
11430
11431
11434
11436
11437
11457
11458
11461
11463
11475
11476
11479
11481
11482
11484
11485
11502
11503
11508
11509
11511
11512
11664
11665
11670
11671
11673
11674
11679
11680
11718
11719
11724
11725
11727
11728
11745
11746
11751
11752
11754
11755
14217
14218
14229
14230
14235
14236
14238
14239
14271
14272
14298
14299
14337
14338
14343
14344
14346
14347
14352
14353
14391
14392
14397
14398
14400
14401
14418
14419
14424
14425
14427
14428
14703
14704
14715
14716
14721
14722
14724
14725
14757
14758
14766
14776
14784
14785
14793
14796
14797
14847
14857
14884
14886
14887
14893
14946
14947
14955
14958
14959
14964
14965
14967
14968
14974
15000
15001
15027
15028
15036
15039
15040
15066
15067
15075
15076
15081
15495
15505
15513
15514
15522
15525
15526
15576
15586
15613
15615
15616
15622
15856
15858
15859
15865
15876
15877
15885
15886
15891
15937
15939
15940
15946
15981
15991
16404
16405
16413
16416
16417
16422
16423
16425
16426
16432
16458
16459
16485
16486
16494
16497
16498
16524
16525
16530
16531
16533
16534
16539
16540
16578
16579
16584
16585
16587
16588
16594
16605
16606
16611
16612
16614
16615
16620
16666
16668
16669
16675
16710
16720
17133
17134
17142
17145
17146
17152
17154
17155
17161
17214
17215
17223
17226
17227
17253
17254
17262
17263
17268
17496
17497
17505
17506
17511
17520
17530
17577
17578
17586
17587
17592
17619
17620
17628
17631
17632
21327
21337
21345
21346
21354
21357
21358
21408
21418
21445
21447
21448
21454
21507
21508
21516
21519
21520
21526
21528
21529
21535
21588
21589
21597
21600
21601
21627
21628
21636
21637
21642
22056
22066
22074
22075
22083
22086
22087
22137
22147
22174
22176
22177
22183
22417
22419
22420
22426
22437
22438
22446
22447
22452
22498
22500
22501
22507
22542
22552
24604
24606
24607
24613
24624
24625
24633
24634
24639
24685
24687
24688
24694
24729
24739
24786
24787
24795
24796
24801
24810
24820
24867
24868
24876
24877
24882
24909
24910
24918
24921
24922
26244
26245
26248
26250
26253
26254
26257
26259
26280
26281
26284
26286
26298
26299
26302
26304
26325
26326
26329
26331
26334
26335
26338
26340
26361
26362
26365
26367
26379
26380
26383
26385
26568
26569
26572
26574
26577
26578
26581
26583
26604
26605
26608
26610
26622
26623
26626
26628
26730
26731
26734
26736
26739
26740
26743
26745
26766
26767
26770
26772
26784
26785
26788
26790
26973
26974
26977
26979
26982
26983
26986
26988
27009
27010
27013
27015
27027
27028
27031
27033
27054
27055
27058
27060
27063
27064
27067
27069
27090
27091
27094
27096
27108
27109
27112
27114
27297
27298
27301
27303
27306
27307
27310
27312
27333
27334
27337
27339
27351
27352
27355
27357
27459
27460
27463
27465
27468
27469
27472
27474
27495
27496
27499
27501
27513
27514
27517
27519
29160
29161
29164
29166
29169
29170
29173
29175
29196
29197
29200
29202
29214
29215
29218
29220
29241
29242
29245
29247
29250
29251
29254
29256
29277
29278
29281
29283
29295
29296
29299
29301
29484
29485
29488
29490
29493
29494
29497
29499
29520
29521
29524
29526
29538
29539
29542
29544
29646
29647
29650
29652
29655
29656
29659
29661
29682
29683
29686
29688
29700
29701
29704
29706
30618
30619
30622
30624
30627
30628
30631
30633
30654
30655
30658
30660
30672
30673
30676
30678
30699
30700
30703
30705
30708
30709
30712
30714
30735
30736
30739
30741
30753
30754
30757
30759
30942
30943
30946
30948
30951
30952
30955
30957
30978
30979
30982
30984
30996
30997
31000
31002
31104
31105
31108
31110
31113
31114
31117
31119
31140
31141
31144
31146
31158
31159
31162
31164
39366
39367
39370
39372
39375
39376
39379
39381
39402
39403
39406
39408
39420
39421
39424
39426
39447
39448
39451
39453
39456
39457
39460
39462
39483
39484
39487
39489
39501
39502
39505
39507
39690
39691
39694
39696
39699
39700
39703
39705
39726
39727
39730
39732
39744
39745
39748
39750
39852
39853
39856
39858
39861
39862
39865
39867
39888
39889
39892
39894
39906
39907
39910
39912
40095
40096
40099
40101
40104
40105
40108
40110
40131
40132
40135
40137
40149
40150
40153
40155
40176
40177
40180
40182
40185
40186
40189
40191
40212
40213
40216
40218
40230
40231
40234
40236
40419
40420
40423
40425
40428
40429
40432
40434
40455
40456
40459
40461
40473
40474
40477
40479
40581
40582
40585
40587
40590
40591
40594
40596
40617
40618
40621
40623
40635
40636
40639
40641
42282
42283
42286
42288
42291
42292
42295
42297
42318
42319
42322
42324
42336
42337
42340
42342
42363
42364
42367
42369
42372
42373
42376
42378
42399
42400
42403
42405
42417
42418
42421
42423
42606
42607
42610
42612
42615
42616
42619
42621
42642
42643
42646
42648
42660
42661
42664
42666
42768
42769
42772
42774
42777
42778
42781
42783
42804
42805
42808
42810
42822
42823
42826
42828
43740
43741
43744
43746
43749
43750
43753
43755
43776
43777
43780
43782
43794
43795
43798
43800
43821
43822
43825
43827
43830
43831
43834
43836
43857
43858
43861
43863
43875
43876
43879
43881
44064
44065
44068
44070
44073
44074
44077
44079
44100
44101
44104
44106
44118
44119
44122
44124
44226
44227
44230
44232
44235
44236
44239
44241
44262
44263
44266
44268
44280
44281
44284
44286
59049
59050
59053
59055
59058
59059
59062
59064
59085
59086
59089
59091
59103
59104
59107
59109
59130
59131
59134
59136
59139
59140
59143
59145
59166
59167
59170
59172
59184
59185
59188
59190
59373
59374
59377
59379
59382
59383
59386
59388
59409
59410
59413
59415
59427
59428
59431
59433
59535
59536
59539
59541
59544
59545
59548
59550
59571
59572
59575
59577
59589
59590
59593
59595
59778
59779
59782
59784
59787
59788
59791
59793
59814
59815
59818
59820
59832
59833
59836
59838
59859
59860
59863
59865
59868
59869
59872
59874
59895
59896
59899
59901
59913
59914
59917
59919
60102
60103
60106
60108
60111
60112
60115
60117
60138
60139
60142
60144
60156
60157
60160
60162
60264
60265
60268
60270
60273
60274
60277
60279
60300
60301
60304
60306
60318
60319
60322
60324
61965
61966
61969
61971
61974
61975
61978
61980
62001
62002
62005
62007
62019
62020
62023
62025
62046
62047
62050
62052
62055
62056
62059
62061
62082
62083
62086
62088
62100
62101
62104
62106
62289
62290
62293
62295
62298
62299
62302
62304
62325
62326
62329
62331
62343
62344
62347
62349
62451
62452
62455
62457
62460
62461
62464
62466
62487
62488
62491
62493
62505
62506
62509
62511
63423
63424
63427
63429
63432
63433
63436
63438
63459
63460
63463
63465
63477
63478
63481
63483
63504
63505
63508
63510
63513
63514
63517
63519
63540
63541
63544
63546
63558
63559
63562
63564
63747
63748
63751
63753
63756
63757
63760
63762
63783
63784
63787
63789
63801
63802
63805
63807
63909
63910
63913
63915
63918
63919
63922
63924
63945
63946
63949
63951
63963
63964
63967
63969
65610
65611
65614
65616
65619
65620
65623
65625
65646
65647
65650
65652
65664
65665
65668
65670
65691
65692
65695
65697
65700
65701
65704
65706
65727
65728
65731
65733
65745
65746
65749
65751
65934
65935
65938
65940
65943
65944
65947
65949
65970
65971
65974
65976
65988
65989
65992
65994
66096
66097
66100
66102
66105
66106
66109
66111
66132
66133
66136
66138
66150
66151
66154
66156
66339
66340
66343
66345
66348
66349
66352
66354
66375
66376
66379
66381
66393
66394
66397
66399
66420
66421
66424
66426
66429
66430
66433
66435
66456
66457
66460
66462
66474
66475
66478
66480
66663
66664
66667
66669
66672
66673
66676
66678
66699
66700
66703
66705
66717
66718
66721
66723
66825
66826
66829
66831
66834
66835
66838
66840
66861
66862
66865
66867
66879
66880
66883
66885
68526
68527
68530
68532
68535
68536
68539
68541
68562
68563
68566
68568
68580
68581
68584
68586
68607
68608
68611
68613
68616
68617
68620
68622
68643
68644
68647
68649
68661
68662
68665
68667
68850
68851
68854
68856
68859
68860
68863
68865
68886
68887
68890
68892
68904
68905
68908
68910
69012
69013
69016
69018
69021
69022
69025
69027
69048
69049
69052
69054
69066
69067
69070
69072
69984
69985
69988
69990
69993
69994
69997
69999
70020
70021
70024
70026
70038
70039
70042
70044
70065
70066
70069
70071
70074
70075
70078
70080
70101
70102
70105
70107
70119
70120
70123
70125
70308
70309
70312
70314
70317
70318
70321
70323
70344
70345
70348
70350
70362
70363
70366
70368
70470
70471
70474
70476
70479
70480
70483
70485
70506
70507
70510
70512
70524
70525
70528
70530
85293
85294
85297
85299
85302
85303
85306
85308
85329
85330
85333
85335
85347
85348
85351
85353
85374
85375
85378
85380
85383
85384
85387
85389
85410
85411
85414
85416
85428
85429
85432
85434
85617
85618
85621
85623
85626
85627
85630
85632
85653
85654
85657
85659
85671
85672
85675
85677
85779
85780
85783
85785
85788
85789
85792
85794
85815
85816
85819
85821
85833
85834
85837
85839
86022
86023
86026
86028
86031
86032
86035
86037
86058
86059
86062
86064
86076
86077
86080
86082
86103
86104
86107
86109
86112
86113
86116
86118
86139
86140
86143
86145
86157
86158
86161
86163
86346
86347
86350
86352
86355
86356
86359
86361
86382
86383
86386
86388
86400
86401
86404
86406
86508
86509
86512
86514
86517
86518
86521
86523
86544
86545
86548
86550
86562
86563
86566
86568
88209
88210
88213
88215
88218
88219
88222
88224
88245
88246
88249
88251
88263
88264
88267
88269
88290
88291
88294
88296
88299
88300
88303
88305
88326
88327
88330
88332
88344
88345
88348
88350
88533
88534
88537
88539
88542
88543
88546
88548
88569
88570
88573
88575
88587
88588
88591
88593
88695
88696
88699
88701
88704
88705
88708
88710
88731
88732
88735
88737
88749
88750
88753
88755
89667
89668
89671
89673
89676
89677
89680
89682
89703
89704
89707
89709
89721
89722
89725
89727
89748
89749
89752
89754
89757
89758
89761
89763
89784
89785
89788
89790
89802
89803
89806
89808
89991
89992
89995
89997
90000
90001
90004
90006
90027
90028
90031
90033
90045
90046
90049
90051
90153
90154
90157
90159
90162
90163
90166
90168
90189
90190
90193
90195
90207
90208
90211
90213
98415
98416
98419
98421
98424
98425
98428
98430
98451
98452
98455
98457
98469
98470
98473
98475
98496
98497
98500
98502
98505
98506
98509
98511
98532
98533
98536
98538
98550
98551
98554
98556
98739
98740
98743
98745
98748
98749
98752
98754
98775
98776
98779
98781
98793
98794
98797
98799
98901
98902
98905
98907
98910
98911
98914
98916
98937
98938
98941
98943
98955
98956
98959
98961
99144
99145
99148
99150
99153
99154
99157
99159
99180
99181
99184
99186
99198
99199
99202
99204
99225
99226
99229
99231
99234
99235
99238
99240
99261
99262
99265
99267
99279
99280
99283
99285
99468
99469
99472
99474
99477
99478
99481
99483
99504
99505
99508
99510
99522
99523
99526
99528
99630
99631
99634
99636
99639
99640
99643
99645
99666
99667
99670
99672
99684
99685
99688
99690
