4
7
9
10
13
22
25
28
36
37
40
55
61
63
73
79
81
82
85
90
91
94
109
117
118
121
198
205
225
250
252
265
292
301
324
325
328
333
334
337
360
361
364
505
511
514
567
568
586
657
729
730
733
736
738
739
742
754
757
765
766
769
810
811
814
819
820
823
846
847
850
949
981
1053
1054
1057
1062
1063
1066
1089
1090
1093
1663
1825
1843
1845
1846
1852
1906
2392
2916
2917
2920
2925
2926
2929
2952
2953
2956
2997
2998
3001
3006
3007
3010
3033
3034
3037
3240
3241
3244
3249
3250
3253
3276
3277
3280
6561
6562
6565
6570
6571
6574
6597
6598
6601
6642
6643
6646
6651
6652
6655
6678
6679
6682
6885
6886
6889
6894
6895
6898
6921
6922
6925
7290
7291
7294
7299
7300
7303
7326
7327
7330
7371
7372
7375
7380
7381
7384
7407
7408
7411
7614
7615
7618
7623
7624
7627
7650
7651
7654
9477
9478
9481
9486
9487
9490
9513
9514
9517
9558
9559
9562
9567
9568
9571
9594
9595
9598
9801
9802
9805
9810
9811
9814
9837
9838
9841
