2
3
4
5
6
7
8
9
10
11
12
13
14
15
16
17
18
19
20
21
22
23
24
25
26
27
28
29
30
31
32
33
34
35
36
37
38
39
40
41
42
43
44
45
46
47
48
49
50
51
52
53
54
55
56
57
58
59
60
61
62
63
64
65
66
67
68
69
70
71
72
73
74
75
76
77
78
79
80
81
82
83
84
85
86
87
88
89
90
91
92
93
94
95
96
97
98
99
100
101
102
103
104
105
106
107
108
109
110
111
112
113
114
115
116
117
118
119
120
121
122
123
124
125
126
127
128
129
130
131
132
133
134
135
136
137
138
139
140
141
142
143
144
145
146
147
148
149
150
151
152
153
154
155
156
157
158
159
160
161
162
163
164
165
166
167
168
169
170
171
172
173
174
175
176
177
179
180
181
182
183
184
185
186
187
188
189
190
191
192
193
194
195
196
197
198
199
200
201
202
203
204
205
206
207
208
209
210
211
212
213
214
215
216
217
218
219
220
221
222
223
224
225
226
227
228
229
230
231
232
233
234
235
236
237
238
239
240
241
242
243
244
245
246
247
248
249
250
251
252
253
254
255
258
259
260
261
262
263
264
265
266
267
268
269
270
271
272
273
274
275
276
277
278
279
280
281
282
283
284
285
286
287
288
289
290
291
292
293
294
295
296
297
298
299
300
301
302
303
304
305
306
307
308
309
310
311
312
313
314
315
316
318
319
320
321
322
323
324
325
326
327
328
329
330
331
332
333
334
335
336
337
338
339
340
341
342
343
344
345
346
347
348
349
350
351
352
353
354
355
356
357
359
360
361
362
363
364
365
366
367
369
370
371
372
373
374
375
376
377
378
379
380
381
382
383
384
385
386
387
388
389
390
391
392
393
394
395
396
397
398
399
400
401
402
404
405
406
407
408
409
410
411
412
413
414
415
416
417
418
419
420
421
422
423
424
425
426
427
428
429
430
431
432
433
434
435
436
437
438
439
441
442
443
444
445
446
447
448
449
450
451
452
453
454
455
456
457
458
459
460
461
462
463
464
465
466
467
468
469
470
471
472
473
474
475
476
477
478
479
480
481
482
483
484
485
486
487
488
489
490
491
492
493
494
495
496
498
499
500
501
502
503
504
505
506
507
509
510
511
512
513
514
515
516
519
520
521
522
523
524
525
526
527
528
529
530
531
532
533
534
536
538
539
540
541
543
545
546
547
548
549
550
551
552
553
554
555
556
557
558
559
560
561
562
563
564
565
566
567
568
570
572
573
574
575
576
577
578
579
581
582
583
584
585
586
587
588
589
590
591
592
593
594
595
597
599
600
601
602
603
604
606
607
608
609
610
611
612
613
614
615
616
617
618
619
620
621
622
623
624
625
626
627
628
629
630
631
632
633
634
635
636
637
638
639
640
642
645
646
647
648
649
650
651
653
654
655
656
657
658
660
661
662
663
664
665
666
667
668
669
670
671
672
675
676
677
678
681
682
683
687
696
699
702
703
705
706
707
708
709
710
711
712
713
714
715
716
717
718
719
720
721
723
726
727
728
729
730
731
732
733
734
735
736
737
738
739
740
741
742
743
744
745
746
747
748
749
750
751
752
753
754
755
756
757
758
759
760
761
762
763
764
765
766
767
768
770
771
772
774
775
776
777
778
779
780
781
782
783
784
786
788
789
790
791
792
793
794
795
798
799
800
801
802
804
807
808
809
810
811
812
813
814
815
816
817
818
819
820
821
822
823
824
825
826
827
828
829
830
831
832
833
834
835
836
837
838
839
840
841
842
843
844
845
846
847
848
849
850
851
852
853
854
855
856
858
860
861
862
863
864
865
866
867
868
869
870
871
872
873
874
875
876
877
878
879
880
881
882
883
885
888
889
890
891
892
893
894
895
896
899
900
901
902
903
904
905
906
907
908
909
910
911
912
913
914
915
916
917
918
919
920
921
922
923
924
925
927
928
929
930
932
933
934
935
936
937
938
939
940
941
942
943
944
945
946
947
948
949
950
951
954
955
956
957
958
959
960
961
963
964
965
966
967
968
969
970
971
972
973
974
975
976
977
978
979
980
981
982
983
984
985
986
987
988
989
990
991
992
993
995
996
997
998
999
1000
1001
1002
1005
1006
1007
1008
1009
1011
1013
1014
1015
1017
1018
1020
1022
1023
1024
1025
1026
1027
1029
1030
1031
1032
1033
1034
1035
1036
1038
1039
1040
1041
1042
1043
1044
1045
1047
1050
1051
1052
1053
1054
1055
1057
1058
1062
1063
1064
1065
1066
1067
1068
1069
1071
1072
1076
1077
1078
1079
1080
1081
1082
1084
1085
1086
1089
1090
1091
1092
1093
1094
1095
1096
1097
1098
1099
1101
1103
1104
1105
1106
1107
1108
1109
1111
1112
1113
1116
1117
1118
1119
1120
1121
1122
1124
1125
1126
1128
1131
1133
1134
1135
1136
1138
1139
1143
1144
1145
1146
1147
1155
1158
1161
1162
1163
1164
1172
1173
1175
1176
1177
1178
1179
1180
1182
1184
1185
1186
1187
1188
1189
1190
1193
1197
1198
1199
1200
1201
1202
1203
1204
1206
1207
1211
1212
1213
1214
1215
1216
1217
1218
1220
1221
1222
1223
1224
1225
1226
1227
1228
1229
1230
1231
1232
1233
1234
1238
1239
1240
1241
1242
1243
1245
1248
1249
1250
1251
1252
1254
1256
1257
1258
1260
1261
1263
1265
1266
1267
1268
1269
1270
1272
1275
1276
1277
1278
1279
1281
1284
1285
1286
1287
1288
1290
1293
1294
1295
1296
1297
1298
1299
1301
1302
1303
1304
1305
1306
1307
1308
1309
1310
1311
1312
1313
1314
1315
1319
1320
1321
1322
1323
1324
1325
1326
1327
1328
1329
1330
1331
1332
1333
1334
1335
1336
1341
1342
1344
1347
1350
1351
1353
1356
1357
1358
1359
1360
1362
1365
1366
1367
1368
1369
1371
1374
1375
1376
1377
1378
1380
1383
1384
1385
1386
1387
1389
1392
1393
1394
1404
1405
1407
1410
1411
1412
1431
1432
1434
1437
1438
1439
1440
1441
1443
1446
1447
1448
1449
1450
1452
1455
1456
1457
1458
1459
1460
1461
1462
1463
1467
1468
1469
1470
1471
1472
1473
1474
1476
1477
1478
1479
1480
1481
1482
1483
1484
1485
1486
1487
1488
1489
1490
1494
1495
1496
1499
1500
1501
1503
1504
1505
1506
1507
1508
1509
1510
1511
1539
1540
1541
1542
1543
1544
1548
1549
1550
1551
1552
1553
1554
1555
1557
1558
1559
1560
1561
1562
1563
1564
1565
1566
1567
1568
1571
1575
1576
1577
1578
1579
1620
1621
1622
1623
1624
1625
1629
1630
1631
1638
1639
1640
1641
1642
1643
1644
1645
1646
1647
1648
1649
1650
1651
1652
1656
1657
1658
1665
1666
1667
1668
1669
1670
1671
1672
1673
1674
1675
1676
1677
1678
1679
1683
1684
1685
1692
1693
1694
1695
1696
1697
1698
1699
1700
1701
1702
1703
1704
1705
1706
1710
1711
1712
1719
1720
1721
1722
1723
1724
1725
1726
1727
1728
1729
1730
1731
1732
1733
1737
1738
1739
1746
1747
1748
1749
1750
1751
1752
1753
1754
1782
1783
1784
1785
1786
1787
1791
1792
1793
1800
1801
1802
1803
1804
1805
1806
1807
1808
1863
1864
1865
1866
1867
1868
1872
1873
1874
1881
1882
1883
1884
1885
1886
1887
1888
1889
1890
1891
1892
1893
1894
1895
1899
1900
1901
1908
1909
1910
1911
1912
1913
1914
1915
1916
1917
1918
1919
1920
1921
1922
1926
1927
1928
1935
1936
1937
1938
1939
1940
1941
1942
1943
1944
1945
1946
1947
1948
1949
1953
1954
1955
1962
1963
1964
1965
1966
1967
1968
1969
1970
1971
1972
1973
1974
1975
1976
1980
1981
1982
1989
1990
1991
1992
1993
1994
1995
1996
1997
2025
2026
2027
2028
2029
2030
2034
2035
2036
2043
2044
2045
2046
2047
2048
2049
2050
2051
2106
2107
2108
2109
2110
2111
2115
2116
2117
2124
2125
2126
2127
2128
2129
2130
2131
2132
2133
2134
2135
2136
2137
2138
2142
2143
2144
2151
2152
2153
2154
2155
2156
2157
2158
2159
2160
2161
2162
2163
2164
2165
2169
2170
2171
2178
2179
2180
2181
2182
2183
2184
2185
2186
2187
2188
2189
2190
2191
2192
2193
2194
2195
2196
2197
2198
2199
2202
2203
2204
2205
2206
2207
2208
2209
2210
2211
2212
2213
2214
2215
2216
2217
2218
2219
2220
2221
2222
2223
2224
2225
2232
2233
2234
2235
2236
2237
2238
2239
2240
2241
2242
2244
2247
2248
2249
2250
2251
2253
2256
2257
2258
2259
2260
2262
2265
2266
2267
2268
2269
2270
2271
2272
2273
2274
2275
2276
2277
2278
2279
2280
2283
2284
2285
2286
2287
2288
2289
2290
2291
2292
2293
2294
2295
2296
2298
2301
2302
2303
2322
2323
2325
2328
2329
2330
2331
2332
2334
2337
2338
2339
2340
2341
2343
2346
2347
2348
2349
2350
2351
2352
2353
2354
2358
2359
2360
2367
2368
2369
2370
2371
2372
2373
2374
2375
2376
2377
2378
2379
2380
2381
2385
2386
2387
2394
2395
2396
2397
2398
2399
2400
2401
2402
2403
2404
2405
2406
2407
2408
2412
2413
2414
2421
2422
2423
2424
2425
2426
2427
2428
2429
2430
2431
2432
2433
2434
2435
2436
2437
2438
2439
2440
2441
2442
2445
2446
2447
2448
2449
2450
2451
2452
2453
2454
2455
2456
2457
2458
2459
2460
2461
2462
2463
2464
2465
2466
2467
2468
2475
2476
2477
2478
2479
2480
2481
2482
2483
2484
2485
2487
2490
2491
2492
2493
2494
2496
2499
2500
2501
2502
2503
2505
2508
2509
2510
2511
2512
2513
2514
2515
2516
2520
2521
2522
2529
2530
2531
2532
2533
2534
2535
2536
2537
2592
2593
2594
2595
2596
2597
2601
2602
2603
2610
2611
2612
2613
2614
2615
2616
2617
2618
2619
2620
2621
2622
2623
2624
2628
2629
2630
2637
2638
2639
2640
2641
2642
2643
2644
2645
2646
2647
2648
2649
2650
2651
2655
2656
2657
2664
2665
2666
2667
2668
2669
2670
2671
2672
2673
2674
2676
2679
2680
2681
2682
2683
2685
2688
2689
2690
2700
2701
2703
2706
2707
2708
2727
2728
2730
2733
2734
2735
2736
2737
2739
2742
2743
2744
2745
2746
2748
2751
2752
2753
2754
2755
2757
2760
2761
2762
2763
2764
2766
2769
2770
2771
2781
2782
2784
2787
2788
2789
2808
2809
2811
2814
2815
2816
2817
2818
2820
2823
2824
2825
2826
2827
2829
2832
2833
2834
2835
2836
2838
2841
2842
2843
2844
2845
2847
2850
2851
2852
2862
2863
2865
2868
2869
2870
2889
2890
2892
2895
2896
2897
2898
2899
2901
2904
2905
2906
2907
2908
2910
2913
2914
2915
2916
2917
2918
2919
2920
2921
2925
2926
2927
2934
2935
2936
2937
2938
2939
2940
2941
2942
2943
2944
2945
2946
2947
2948
2952
2953
2954
2961
2962
2963
2964
2965
2966
2967
2968
2969
2997
2998
2999
3000
3001
3002
3006
3007
3008
3015
3016
3017
3018
3019
3020
3021
3022
3023
3078
3079
3080
3081
3082
3083
3087
3088
3089
3096
3097
3098
3099
3100
3101
3102
3103
3104
3105
3106
3107
3108
3109
3110
3114
3115
3116
3123
3124
3125
3126
3127
3128
3129
3130
3131
3132
3133
3134
3135
3136
3137
3141
3142
3143
3150
3151
3152
3153
3154
3155
3156
3157
3158
4374
4375
4377
4380
4381
4382
4383
4384
4386
4389
4390
4391
4401
4402
4404
4407
4408
4409
4428
4429
4431
4434
4435
4436
4437
4438
4440
4443
4444
4445
4446
4447
4449
4452
4453
4454
4455
4456
4458
4461
4462
4463
4464
4465
4467
4470
4471
4472
4482
4483
4485
4488
4489
4490
4509
4510
4512
4515
4516
4517
4518
4519
4521
4524
4525
4526
4527
4528
4530
4533
4534
4535
4617
4618
4620
4623
4624
4625
4626
4627
4629
4632
4633
4634
4644
4645
4647
4650
4651
4652
4671
4672
4674
4677
4678
4679
4680
4681
4683
4686
4687
4688
4689
4690
4692
4695
4696
4697
4860
4861
4863
4866
4867
4868
4869
4870
4872
4875
4876
4877
4887
4888
4890
4893
4894
4895
4914
4915
4917
4920
4921
4922
4923
4924
4926
4929
4930
4931
4932
4933
4935
4938
4939
4940
4941
4942
4944
4947
4948
4949
4950
4951
4953
4956
4957
4958
4968
4969
4971
4974
4975
4976
4995
4996
4998
5001
5002
5003
5004
5005
5007
5010
5011
5012
5013
5014
5016
5019
5020
5021
5022
5023
5025
5028
5029
5030
5031
5032
5034
5037
5038
5039
5049
5050
5052
5055
5056
5057
5076
5077
5079
5082
5083
5084
5085
5086
5088
5091
5092
5093
5094
5095
5097
5100
5101
5102
5103
5104
5106
5109
5110
5111
5112
5113
5115
5118
5119
5120
5130
5131
5133
5136
5137
5138
5157
5158
5160
5163
5164
5165
5166
5167
5169
5172
5173
5174
5175
5176
5178
5181
5182
5183
5184
5185
5187
5190
5191
5192
5193
5194
5196
5199
5200
5201
5211
5212
5214
5217
5218
5219
5238
5239
5241
5244
5245
5246
5247
5248
5250
5253
5254
5255
5256
5257
5259
5262
5263
5264
5346
5347
5349
5352
5353
5354
5355
5356
5358
5361
5362
5363
5373
5374
5376
5379
5380
5381
5400
5401
5403
5406
5407
5408
5409
5410
5412
5415
5416
5417
5418
5419
5421
5424
5425
5426
5589
5590
5592
5595
5596
5597
5598
5599
5601
5604
5605
5606
5616
5617
5619
5622
5623
5624
5643
5644
5646
5649
5650
5651
5652
5653
5655
5658
5659
5660
5661
5662
5664
5667
5668
5669
5670
5671
5673
5676
5677
5678
5679
5680
5682
5685
5686
5687
5697
5698
5700
5703
5704
5705
5724
5725
5727
5730
5731
5732
5733
5734
5736
5739
5740
5741
5742
5743
5745
5748
5749
5750
5751
5752
5754
5757
5758
5759
5760
5761
5763
5766
5767
5768
5778
5779
5781
5784
5785
5786
5805
5806
5808
5811
5812
5813
5814
5815
5817
5820
5821
5822
5823
5824
5826
5829
5830
5831
5832
5833
5835
5838
5839
5840
5841
5842
5844
5847
5848
5849
5859
5860
5862
5865
5866
5867
5886
5887
5889
5892
5893
5894
5895
5896
5898
5901
5902
5903
5904
5905
5907
5910
5911
5912
5913
5914
5916
5919
5920
5921
5922
5923
5925
5928
5929
5930
5940
5941
5943
5946
5947
5948
5967
5968
5970
5973
5974
5975
5976
5977
5979
5982
5983
5984
5985
5986
5988
5991
5992
5993
6075
6076
6078
6081
6082
6083
6084
6085
6087
6090
6091
6092
6102
6103
6105
6108
6109
6110
6129
6130
6132
6135
6136
6137
6138
6139
6141
6144
6145
6146
6147
6148
6150
6153
6154
6155
6318
6319
6321
6324
6325
6326
6327
6328
6330
6333
6334
6335
6345
6346
6348
6351
6352
6353
6372
6373
6375
6378
6379
6380
6381
6382
6384
6387
6388
6389
6390
6391
6393
6396
6397
6398
6399
6400
6402
6405
6406
6407
6408
6409
6411
6414
6415
6416
6426
6427
6429
6432
6433
6434
6453
6454
6456
6459
6460
6461
6462
6463
6465
6468
6469
6470
6471
6472
6474
6477
6478
6479
6480
6481
6483
6486
6487
6488
6489
6490
6492
6495
6496
6497
6507
6508
6510
6513
6514
6515
6534
6535
6537
6540
6541
6542
6543
6544
6546
6549
6550
6551
6552
6553
6555
6558
6559
6560
6561
6562
6564
6567
6568
6569
6570
6571
6573
6576
6577
6578
6588
6589
6591
6594
6595
6596
6615
6616
6618
6621
6622
6623
6624
6625
6627
6630
6631
6632
6633
6634
6636
6639
6640
6641
6642
6643
6645
6648
6649
6650
6651
6652
6654
6657
6658
6659
6669
6670
6672
6675
6676
6677
6696
6697
6699
6702
6703
6704
6705
6706
6708
6711
6712
6713
6714
6715
6717
6720
6721
6722
6804
6805
6807
6810
6811
6812
6813
6814
6816
6819
6820
6821
6831
6832
6834
6837
6838
6839
6858
6859
6861
6864
6865
6866
6867
6868
6870
6873
6874
6875
6876
6877
6879
6882
6883
6884
7047
7048
7050
7053
7054
7055
7056
7057
7059
7062
7063
7064
7074
7075
7077
7080
7081
7082
7101
7102
7104
7107
7108
7109
7110
7111
7113
7116
7117
7118
7119
7120
7122
7125
7126
7127
7128
7129
7131
7134
7135
7136
7137
7138
7140
7143
7144
7145
7155
7156
7158
7161
7162
7163
7182
7183
7185
7188
7189
7190
7191
7192
7194
7197
7198
7199
7200
7201
7203
7206
7207
7208
7209
7210
7212
7215
7216
7217
7218
7219
7221
7224
7225
7226
7236
7237
7239
7242
7243
7244
7263
7264
7266
7269
7270
7271
7272
7273
7275
7278
7279
7280
7281
7282
7284
7287
7288
7289
7290
7291
7293
7296
7297
7298
7299
7300
7302
7305
7306
7307
7317
7318
7320
7323
7324
7325
7344
7345
7347
7350
7351
7352
7353
7354
7356
7359
7360
7361
7362
7363
7365
7368
7369
7370
7371
7372
7374
7377
7378
7379
7380
7381
7383
7386
7387
7388
7398
7399
7401
7404
7405
7406
7425
7426
7428
7431
7432
7433
7434
7435
7437
7440
7441
7442
7443
7444
7446
7449
7450
7451
7533
7534
7536
7539
7540
7541
7542
7543
7545
7548
7549
7550
7560
7561
7563
7566
7567
7568
7587
7588
7590
7593
7594
7595
7596
7597
7599
7602
7603
7604
7605
7606
7608
7611
7612
7613
7776
7777
7779
7782
7783
7784
7785
7786
7788
7791
7792
7793
7803
7804
7806
7809
7810
7811
7830
7831
7833
7836
7837
7838
7839
7840
7842
7845
7846
7847
7848
7849
7851
7854
7855
7856
7857
7858
7860
7863
7864
7865
7866
7867
7869
7872
7873
7874
7884
7885
7887
7890
7891
7892
7911
7912
7914
7917
7918
7919
7920
7921
7923
7926
7927
7928
7929
7930
7932
7935
7936
7937
7938
7939
7941
7944
7945
7946
7947
7948
7950
7953
7954
7955
7965
7966
7968
7971
7972
7973
7992
7993
7995
7998
7999
8000
8001
8002
8004
8007
8008
8009
8010
8011
8013
8016
8017
8018
8748
8749
8751
8754
8755
8756
8757
8758
8760
8763
8764
8765
8775
8776
8778
8781
8782
8783
8802
8803
8805
8808
8809
8810
8811
8812
8814
8817
8818
8819
8820
8821
8823
8826
8827
8828
8829
8830
8832
8835
8836
8837
8838
8839
8841
8844
8845
8846
8856
8857
8859
8862
8863
8864
8883
8884
8886
8889
8890
8891
8892
8893
8895
8898
8899
8900
8901
8902
8904
8907
8908
8909
8991
8992
8994
8997
8998
8999
9000
9001
9003
9006
9007
9008
9018
9019
9021
9024
9025
9026
9045
9046
9048
9051
9052
9053
9054
9055
9057
9060
9061
9062
9063
9064
9066
9069
9070
9071
9234
9235
9237
9240
9241
9242
9243
9244
9246
9249
9250
9251
9261
9262
9264
9267
9268
9269
9288
9289
9291
9294
9295
9296
9297
9298
9300
9303
9304
9305
9306
9307
9309
9312
9313
9314
9315
9316
9318
9321
9322
9323
9324
9325
9327
9330
9331
9332
9342
9343
9345
9348
9349
9350
9369
9370
9372
9375
9376
9377
9378
9379
9381
9384
9385
9386
9387
9388
9390
9393
9394
9395
9396
9397
9399
9402
9403
9404
9405
9406
9408
9411
9412
9413
9423
9424
9426
9429
9430
9431
9450
9451
9453
9456
9457
9458
9459
9460
9462
9465
9466
9467
9468
9469
9471
9474
9475
9476
