2
5
9
10
11
18
19
20
37
41
45
46
47
50
68
73
74
77
81
82
83
86
90
91
92
99
100
101
140
146
149
154
155
162
163
164
171
172
173
180
181
182
329
333
365
369
370
374
388
389
401
405
406
410
414
415
423
446
450
451
455
604
612
613
657
658
666
671
729
730
731
734
738
739
740
747
748
749
770
774
775
779
802
803
810
811
812
815
819
820
821
828
829
830
891
892
893
900
901
902
909
910
911
1458
1459
1460
1467
1468
1469
1476
1477
1478
1539
1540
1541
1548
1549
1550
1557
1558
1559
1620
1621
1622
1629
1630
1631
1638
1639
1640
3281
3285
3286
3290
3321
3322
3326
3330
3331
3362
3366
3367
3371
3645
3646
3650
3654
3655
3686
3690
3691
3695
3726
3727
3731
3735
3736
4010
4014
4015
4019
4050
4051
4055
4059
4060
4091
4095
4096
4100
6561
6562
6563
6570
6571
6572
6579
6580
6581
6642
6643
6644
6651
6652
6653
6660
6661
6662
6723
6724
6725
6732
6733
6734
6741
6742
6743
7290
7291
7292
7299
7300
7301
7308
7309
7310
7371
7372
7373
7380
7381
7382
7389
7390
7391
7452
7453
7454
7461
7462
7463
7470
7471
7472
8019
8020
8021
8028
8029
8030
8037
8038
8039
8100
8101
8102
8109
8110
8111
8118
8119
8120
8181
8182
8183
8190
8191
8192
8199
8200
8201
