4
6
7
8
9
10
12
13
15
16
17
19
22
26
28
31
33
35
36
37
39
42
43
46
48
49
51
53
54
55
57
58
60
61
62
63
64
66
67
69
70
71
72
73
75
76
78
79
80
81
82
84
85
87
88
89
90
91
93
94
96
97
98
100
102
106
107
108
109
111
112
114
116
117
118
120
121
123
124
127
129
130
134
135
136
141
142
143
144
145
147
148
150
152
153
154
156
159
160
161
170
171
174
179
188
198
199
204
205
208
231
232
252
262
285
289
292
294
296
297
298
300
301
307
324
325
327
328
331
333
340
351
358
368
372
376
378
384
386
388
394
395
397
399
402
403
408
411
413
414
415
424
426
432
433
436
438
440
441
447
448
451
453
458
459
460
462
463
466
467
469
471
474
475
481
483
486
487
490
492
494
495
496
501
503
510
511
513
514
516
519
522
526
534
540
541
543
546
548
550
556
557
558
559
562
564
566
567
568
570
584
586
591
593
598
600
604
609
615
616
619
620
621
622
624
628
629
630
631
638
639
640
647
648
649
654
656
657
658
660
663
665
667
669
672
673
674
675
676
678
681
682
684
685
687
688
691
692
694
702
703
708
710
712
719
720
721
726
728
729
730
733
735
736
737
738
739
741
742
744
745
746
748
750
751
754
756
757
759
762
765
768
769
775
777
780
783
784
789
791
793
800
801
802
807
809
810
811
813
816
818
819
820
822
823
825
827
829
831
832
836
837
838
840
846
847
849
850
858
859
864
865
870
872
873
876
881
882
883
888
890
894
898
899
900
903
908
910
912
916
918
919
921
925
949
955
957
960
963
969
972
973
980
981
982
984
985
987
988
993
999
1000
1002
1008
1011
1026
1032
1034
1043
1044
1053
1054
1062
1063
1065
1066
1068
1070
1079
1080
1081
1084
1088
1089
1090
1092
1093
1095
1096
1099
1107
1108
1114
1115
1116
1117
1119
1120
1143
1146
1160
1161
1162
1164
1168
1176
1177
1192
1194
1200
1203
1204
1205
1206
1207
1215
1216
1221
1223
1224
1225
1227
1228
1230
1231
1232
1241
1248
1269
1270
1272
1275
1277
1278
1287
1288
1293
1295
1296
1297
1305
1306
1308
1309
1311
1323
1324
1332
1333
1335
1336
1349
1350
1360
1365
1367
1368
1369
1376
1377
1378
1383
1385
1386
1387
1392
1394
1431
1432
1437
1439
1448
1449
1450
1455
1457
1551
1556
1560
1566
1567
1569
1610
1611
1612
1619
1632
1637
1654
1791
1824
1825
1836
1837
1845
1846
1848
1849
1905
1906
1932
1933
2067
2068
2079
2080
2088
2089
2091
2092
2148
2149
2175
2176
2316
2321
2325
2357
2358
2359
2368
2388
2397
2573
2582
2602
2625
2628
2635
2662
2663
2664
2667
2668
2673
2674
2677
2679
2682
2692
2700
2706
2709
2721
2916
2917
2920
2922
2925
2949
2952
2964
3018
3019
3046
3057
3060
3088
3097
3117
3126
3131
3135
3159
3160
3169
3348
3374
3378
3383
3439
3473
3474
3477
3504
3505
3520
3522
3532
3543
3545
3546
3553
3555
3558
3585
3591
3592
3595
3734
3735
3736
3763
3796
3801
3817
3826
3828
3834
3835
3838
3846
3855
3860
3864
3888
3889
3892
3894
3897
3898
3907
3921
3924
3936
3937
3941
3942
3943
3945
3946
3952
3969
3970
3973
3985
3986
3990
3991
3993
4002
4011
4015
4018
4023
4029
4032
4059
4076
4121
4122
4125
4150
4158
4203
4206
4233
4234
4261
4272
4275
4326
4329
4336
4363
4369
4374
4375
4378
4380
4382
4383
4384
4389
4391
4407
4410
4422
4423
4428
4429
4432
4434
4436
4445
4446
4447
4452
4454
4455
4456
4459
4461
4463
4464
4465
4470
4471
4472
4509
4510
4515
4517
4526
4527
4528
4533
4535
4569
4590
4666
4671
4672
4675
4698
4699
4702
4714
4768
4773
4800
4806
4807
4810
4860
4861
4866
4868
4869
4870
4875
4877
4914
4915
4920
4922
4931
4932
4933
4938
4940
4989
5003
5012
5013
5014
5021
5022
5023
5028
5030
5031
5032
5037
5039
5076
5077
5082
5084
5093
5094
5095
5100
5102
5255
5256
5257
5298
5319
5329
5336
5337
5372
5388
5392
5475
5529
5535
5536
5538
5556
5651
5660
5661
5662
5669
5687
5694
5696
5718
5732
5741
5742
5751
5752
5757
5759
5790
5822
5832
5833
5838
5840
5841
5842
5847
5849
5871
5886
5887
5892
5894
5903
5904
5905
5910
5912
5913
5914
5919
5921
5922
5923
5928
5930
5955
5959
5967
5968
5973
5975
5977
5984
5985
5986
5991
5993
6027
6048
6318
6319
6324
6326
6327
6328
6333
6335
6344
6351
6372
6373
6378
6380
6390
6391
6396
6398
6408
6480
6481
6486
6488
6489
6490
6495
6497
6504
6534
6535
6540
6542
6544
6552
6553
6558
6560
6561
6562
6565
6567
6569
6570
6571
6573
6574
6576
6577
6578
6594
6597
6609
6610
6615
6616
6619
6621
6623
6632
6633
6634
6639
6641
6642
6643
6646
6648
6650
6651
6652
6654
6655
6657
6658
6659
6663
6669
6670
6672
6678
6679
6681
6682
6684
6685
6688
6696
6697
6702
6704
6705
6706
6708
6709
6713
6714
6715
6720
6722
6735
6740
6765
6766
6792
6793
6999
7008
7012
7047
7048
7053
7055
7056
7057
7062
7064
7071
7101
7102
7107
7109
7118
7119
7120
7125
7127
7145
7152
7154
7176
7190
7199
7200
7209
7210
7215
7217
7218
7219
7224
7226
7263
7264
7269
7271
7281
7282
7287
7289
7290
7291
7296
7298
7299
7300
7302
7303
7305
7306
7307
7344
7345
7350
7352
7362
7363
7368
7370
7371
7372
7377
7379
7380
7381
7383
7384
7386
7388
7392
7398
7399
7401
7407
7408
7410
7411
7425
7426
7431
7433
7442
7443
7444
7449
7451
7464
7469
7473
7479
7480
7482
7533
7534
7542
7543
7545
7546
7548
7549
7554
7560
7561
7563
7614
7615
7623
7624
7626
7627
7641
7642
7650
7651
7653
7654
7776
7777
7782
7784
7785
7786
7791
7793
7830
7831
7836
7838
7848
7849
7854
7856
7928
7929
7930
7937
7938
7939
7944
7946
7947
7948
7953
7955
7992
7993
7998
8000
8009
8010
8011
8016
8018
8112
8117
8121
8127
8128
8130
8171
8172
8173
8180
8193
8198
8202
8208
8209
8211
8262
8263
8271
8272
8283
8289
8290
8292
8310
8355
8360
8748
8749
8757
8758
8760
8761
8763
8764
8765
8810
8829
8830
8838
8839
8841
8842
8856
8857
8865
8866
8868
8869
8871
8872
8883
8884
8892
8893
8895
8896
8931
8937
8938
8940
8952
8953
8979
8980
8991
8992
9000
9001
9012
9018
9019
9021
9477
9478
9486
9487
9489
9490
9492
9493
9558
9559
9567
9568
9570
9571
9585
9586
9594
9595
9597
9598
9720
9721
9729
9730
9732
9733
9735
9736
9801
9802
9810
9811
9813
9814
9828
9829
9837
9838
9840
9841
9843
9844
9847
9855
9856
9864
9865
9867
9868
9891
9908
9915
9924
9925
9928
9951
9952
9963
9964
9969
9971
9972
9973
9975
9976
9978
9979
9980
9987
10044
10045
10053
10054
10056
10057
10071
10072
10080
10081
10083
10084
10572
10573
10584
10585
10593
10594
10596
10597
10653
10654
10680
10681
10815
10816
10827
10828
10836
10837
10839
10840
10896
10897
10923
10924
10935
10936
10941
10943
10944
10945
10947
10948
10950
10951
10952
10989
10990
10995
10997
11007
11008
11013
11015
11016
11017
11022
11024
11025
11026
11028
11029
11031
11033
11043
11044
11052
11053
11055
11056
11058
11059
11070
11071
11076
11078
11079
11080
11082
11083
11088
11089
11094
11096
11139
11140
11166
11167
11421
11422
11427
11429
11430
11431
11436
11438
11475
11476
11481
11483
11493
11494
11499
11501
11583
11584
11589
11591
11592
11593
11598
11600
11637
11638
11643
11645
11655
11656
11661
11663
11664
11665
11673
11674
11676
11677
11679
11680
11745
11746
11754
11755
11757
11758
11772
11773
11781
11782
11784
11785
11907
11908
11916
11917
11919
11920
11922
11923
11988
11989
11997
11998
12000
12001
12015
12016
12024
12025
12027
12028
12302
12303
12304
12311
12312
12313
12321
12322
12383
12384
12385
12392
12393
12394
12399
12401
12402
12403
12405
12408
12410
12447
12448
12453
12455
12465
12466
12471
12473
12474
12475
12480
12482
12483
12484
12489
12491
12528
12529
12534
12536
12546
12547
12552
12554
12879
12880
12885
12887
12888
12889
12894
12896
12933
12934
12939
12941
12951
12952
12957
12959
13041
13042
13047
13049
13050
13051
13056
13058
13095
13096
13101
13103
13113
13114
13119
13121
16404
16405
16416
16417
16425
16426
16428
16429
16485
16486
16512
16513
16524
16525
16533
16534
16536
16537
16539
16540
16605
16606
16614
16615
16617
16618
16632
16633
16641
16642
16644
16645
39366
39367
39372
39374
39375
39376
39381
39383
39420
39421
39426
39428
39438
39439
39444
39446
39447
39448
39453
39455
39456
39457
39462
39464
39501
39502
39507
39509
39519
39520
39525
39527
39852
39853
39858
39860
39861
39862
39867
39869
39906
39907
39912
39914
39924
39925
39930
39932
40014
40015
40020
40022
40023
40024
40029
40031
40068
40069
40074
40076
40086
40087
40092
40094
40095
40096
40101
40103
40104
40105
40110
40112
40149
40150
40155
40157
40167
40168
40173
40175
40176
40177
40182
40184
40185
40186
40191
40193
40230
40231
40236
40238
40248
40249
40254
40256
40581
40582
40587
40589
40590
40591
40596
40598
40635
40636
40641
40643
40653
40654
40659
40661
40743
40744
40749
40751
40752
40753
40758
40760
40797
40798
40803
40805
40815
40816
40821
40823
43740
43741
43746
43748
43749
43750
43755
43757
43794
43795
43800
43802
43812
43813
43818
43820
43821
43822
43827
43829
43830
43831
43836
43838
43875
43876
43881
43883
43893
43894
43899
43901
44226
44227
44232
44234
44235
44236
44241
44243
44280
44281
44286
44288
44298
44299
44304
44306
44388
44389
44394
44396
44397
44398
44403
44405
44442
44443
44448
44450
44460
44461
44466
44468
45198
45199
45204
45206
45207
45208
45213
45215
45252
45253
45258
45260
45270
45271
45276
45278
45279
45280
45285
45287
45288
45289
45294
45296
45333
45334
45339
45341
45351
45352
45357
45359
45684
45685
45690
45692
45693
45694
45699
45701
45738
45739
45744
45746
45756
45757
45762
45764
45846
45847
45852
45854
45855
45856
45861
45863
45900
45901
45906
45908
45918
45919
45924
45926
52488
52489
52494
52496
52497
52498
52503
52505
52542
52543
52548
52550
52560
52561
52566
52568
52569
52570
52575
52577
52578
52579
52584
52586
52623
52624
52629
52631
52641
52642
52647
52649
52974
52975
52980
52982
52983
52984
52989
52991
53028
53029
53034
53036
53046
53047
53052
53054
53136
53137
53142
53144
53145
53146
53151
53153
53190
53191
53196
53198
53208
53209
53214
53216
53217
53218
53223
53225
53226
53227
53232
53234
53271
53272
53277
53279
53289
53290
53295
53297
53298
53299
53304
53306
53307
53308
53313
53315
53352
53353
53358
53360
53370
53371
53376
53378
53703
53704
53709
53711
53712
53713
53718
53720
53757
53758
53763
53765
53775
53776
53781
53783
53865
53866
53871
53873
53874
53875
53880
53882
53919
53920
53925
53927
53937
53938
53943
53945
56862
56863
56868
56870
56871
56872
56877
56879
56916
56917
56922
56924
56934
56935
56940
56942
56943
56944
56949
56951
56952
56953
56958
56960
56997
56998
57003
57005
57015
57016
57021
57023
57348
57349
57354
57356
57357
57358
57363
57365
57402
57403
57408
57410
57420
57421
57426
57428
57510
57511
57516
57518
57519
57520
57525
57527
57564
57565
57570
57572
57582
57583
57588
57590
58320
58321
58326
58328
58329
58330
58335
58337
58374
58375
58380
58382
58392
58393
58398
58400
58401
58402
58407
58409
58410
58411
58416
58418
58455
58456
58461
58463
58473
58474
58479
58481
58806
58807
58812
58814
58815
58816
58821
58823
58860
58861
58866
58868
58878
58879
58884
58886
58968
58969
58974
58976
58977
58978
58983
58985
59022
59023
59028
59030
59040
59041
59046
59048
59049
59050
59055
59057
59058
59059
59064
59066
59103
59104
59109
59111
59121
59122
59127
59129
59130
59131
59136
59138
59139
59140
59145
59147
59184
59185
59190
59192
59202
59203
59208
59210
59535
59536
59541
59543
59544
59545
59550
59552
59589
59590
59595
59597
59607
59608
59613
59615
59697
59698
59703
59705
59706
59707
59712
59714
59751
59752
59757
59759
59769
59770
59775
59777
59778
59779
59784
59786
59787
59788
59793
59795
59832
59833
59838
59840
59850
59851
59856
59858
59859
59860
59865
59867
59868
59869
59874
59876
59913
59914
59919
59921
59931
59932
59937
59939
60264
60265
60270
60272
60273
60274
60279
60281
60318
60319
60324
60326
60336
60337
60342
60344
60426
60427
60432
60434
60435
60436
60441
60443
60480
60481
60486
60488
60498
60499
60504
60506
63423
63424
63429
63431
63432
63433
63438
63440
63477
63478
63483
63485
63495
63496
63501
63503
63504
63505
63510
63512
63513
63514
63519
63521
63558
63559
63564
63566
63576
63577
63582
63584
63909
63910
63915
63917
63918
63919
63924
63926
63963
63964
63969
63971
63981
63982
63987
63989
64071
64072
64077
64079
64080
64081
64086
64088
64125
64126
64131
64133
64143
64144
64149
64151
64881
64882
64887
64889
64890
64891
64896
64898
64935
64936
64941
64943
64953
64954
64959
64961
64962
64963
64968
64970
64971
64972
64977
64979
65016
65017
65022
65024
65034
65035
65040
65042
65367
65368
65373
65375
65376
65377
65382
65384
65421
65422
65427
65429
65439
65440
65445
65447
65529
65530
65535
65537
65538
65539
65544
65546
65583
65584
65589
65591
65601
65602
65607
65609
65610
65611
65616
65618
65619
65620
65625
65627
65664
65665
65670
65672
65682
65683
65688
65690
65691
65692
65697
65699
65700
65701
65706
65708
65745
65746
65751
65753
65763
65764
65769
65771
66096
66097
66102
66104
66105
66106
66111
66113
66150
66151
66156
66158
66168
66169
66174
66176
66258
66259
66264
66266
66267
66268
66273
66275
66312
66313
66318
66320
66330
66331
66336
66338
66339
66340
66345
66347
66348
66349
66354
66356
66393
66394
66399
66401
66411
66412
66417
66419
66420
66421
66426
66428
66429
66430
66435
66437
66474
66475
66480
66482
66492
66493
66498
66500
66825
66826
66831
66833
66834
66835
66840
66842
66879
66880
66885
66887
66897
66898
66903
66905
66987
66988
66993
66995
66996
66997
67002
67004
67041
67042
67047
67049
67059
67060
67065
67067
69984
69985
69990
69992
69993
69994
69999
70001
70038
70039
70044
70046
70056
70057
70062
70064
70065
70066
70071
70073
70074
70075
70080
70082
70119
70120
70125
70127
70137
70138
70143
70145
70470
70471
70476
70478
70479
70480
70485
70487
70524
70525
70530
70532
70542
70543
70548
70550
70632
70633
70638
70640
70641
70642
70647
70649
70686
70687
70692
70694
70704
70705
70710
70712
71442
71443
71448
71450
71451
71452
71457
71459
71496
71497
71502
71504
71514
71515
71520
71522
71523
71524
71529
71531
71532
71533
71538
71540
71577
71578
71583
71585
71595
71596
71601
71603
71928
71929
71934
71936
71937
71938
71943
71945
71982
71983
71988
71990
72000
72001
72006
72008
72090
72091
72096
72098
72099
72100
72105
72107
72144
72145
72150
72152
72162
72163
72168
72170
98415
98416
98421
98423
98424
98425
98430
98432
98469
98470
98475
98477
98487
98488
98493
98495
98496
98497
98502
98504
98505
98506
98511
98513
98550
98551
98556
98558
98568
98569
98574
98576
98901
98902
98907
98909
98910
98911
98916
98918
98955
98956
98961
98963
98973
98974
98979
98981
99063
99064
99069
99071
99072
99073
99078
99080
99117
99118
99123
99125
99135
99136
99141
99143
99144
99145
99150
99152
99153
99154
99159
99161
99198
99199
99204
99206
99216
99217
99222
99224
99225
99226
99231
99233
99234
99235
99240
99242
99279
99280
99285
99287
99297
99298
99303
99305
99630
99631
99636
99638
99639
99640
99645
99647
99684
99685
99690
99692
99702
99703
99708
99710
99792
99793
99798
99800
99801
99802
99807
99809
99846
99847
99852
99854
99864
99865
99870
99872
