2
4
5
7
8
9
10
11
13
14
16
17
18
19
20
22
23
25
26
28
29
31
32
34
35
36
37
38
40
41
43
44
45
46
47
49
50
52
53
55
56
58
59
61
62
63
64
65
67
68
70
71
72
73
74
76
77
79
80
81
82
83
85
86
88
89
90
91
92
94
95
98
99
100
101
103
104
109
112
113
115
116
117
118
119
121
122
124
125
126
128
130
131
133
134
136
137
139
140
142
143
144
145
146
148
149
151
152
153
154
155
157
158
160
161
162
163
164
166
167
169
171
172
173
175
180
181
182
184
185
187
188
190
191
193
194
197
198
199
200
202
203
205
206
207
208
209
211
212
214
217
218
220
221
223
224
225
226
227
229
230
232
233
234
235
236
238
239
241
242
244
245
247
248
250
251
252
253
254
256
257
259
260
261
262
263
265
266
268
269
272
275
277
278
279
280
281
283
284
287
288
289
290
292
293
295
296
298
301
302
304
305
306
307
308
310
311
313
314
315
316
317
319
320
322
323
324
325
326
328
329
331
333
334
335
337
338
340
341
342
343
344
346
347
355
356
359
360
361
362
364
365
367
369
370
371
373
374
376
379
382
383
385
387
388
389
392
394
395
396
401
403
404
405
406
407
410
414
415
416
419
422
423
424
425
427
428
433
434
436
439
440
441
442
445
446
448
449
450
451
452
454
455
457
458
461
463
464
466
468
469
470
472
473
478
479
482
485
490
491
495
496
497
499
503
504
505
508
509
511
512
514
517
518
520
522
523
524
526
527
529
531
532
533
536
538
541
544
545
549
554
567
568
574
576
577
583
584
585
586
590
599
601
604
605
607
608
610
612
613
617
626
630
631
632
635
637
640
641
643
644
646
648
649
650
655
656
657
658
659
661
662
664
665
666
667
668
671
673
676
679
680
682
684
685
688
689
691
692
693
694
695
697
698
701
703
704
707
709
710
711
712
713
715
716
718
719
722
727
729
730
731
733
734
736
737
738
739
740
742
743
745
746
747
748
749
751
752
754
755
757
758
760
761
763
764
765
766
767
769
770
772
773
774
775
776
778
779
781
784
785
787
788
790
792
793
800
801
802
803
806
808
810
811
812
814
815
819
820
821
823
824
826
827
828
829
830
832
833
836
838
839
841
844
845
846
847
848
850
855
856
859
860
862
863
865
869
874
877
878
880
882
883
887
889
890
891
892
893
895
896
900
901
902
904
909
910
911
913
917
925
926
927
928
929
931
932
935
936
937
940
944
947
949
956
958
964
965
980
981
982
1016
1017
1022
1025
1034
1035
1036
1037
1044
1045
1046
1048
1049
1052
1053
1054
1055
1057
1058
1060
1062
1063
1064
1066
1067
1069
1071
1072
1073
1075
1076
1078
1081
1085
1088
1089
1090
1091
1093
1103
1116
1117
1118
1123
1124
1134
1135
1144
1145
1148
1150
1151
1154
1163
1165
1166
1168
1169
1175
1181
1193
1195
1196
1197
1199
1201
1202
1208
1211
1213
1214
1219
1224
1225
1226
1229
1233
1234
1235
1237
1240
1243
1247
1249
1253
1258
1260
1261
1262
1264
1267
1270
1274
1278
1280
1282
1283
1286
1287
1288
1289
1291
1292
1294
1295
1296
1297
1300
1304
1305
1306
1310
1312
1314
1316
1318
1324
1327
1328
1330
1332
1333
1334
1336
1341
1342
1343
1345
1349
1352
1355
1358
1360
1361
1363
1364
1367
1368
1373
1377
1378
1379
1381
1386
1387
1390
1391
1395
1397
1399
1405
1417
1418
1421
1422
1423
1424
1426
1427
1430
1435
1436
1444
1451
1454
1458
1459
1460
1462
1463
1467
1468
1469
1471
1475
1476
1477
1478
1480
1487
1493
1494
1495
1496
1498
1499
1503
1504
1505
1508
1516
1517
1520
1531
1539
1540
1541
1543
1544
1548
1549
1550
1552
1557
1558
1559
1561
1574
1575
1576
1577
1579
1597
1601
1603
1604
1606
1612
1613
1616
1620
1621
1622
1624
1625
1629
1630
1631
1633
1638
1639
1640
1642
1643
1645
1649
1655
1656
1657
1658
1660
1661
1663
1665
1666
1670
1681
1683
1684
1690
1712
1719
1720
1721
1724
1726
1730
1745
1754
1763
1769
1773
1774
1775
1777
1781
1782
1783
1784
1786
1789
1791
1792
1793
1795
1800
1801
1802
1804
1817
1818
1819
1820
1822
1823
1825
1827
1828
1829
1832
1838
1843
1845
1846
1847
1850
1852
1853
1863
1864
1868
1872
1873
1880
1881
1886
1892
1897
1898
1904
1906
1907
1908
1909
1913
1922
1924
1926
1927
1931
1954
1961
1963
1967
1969
1970
1972
1976
1978
1979
1987
1989
1991
2000
2005
2007
2008
2014
2025
2026
2030
2032
2034
2035
2042
2043
2044
2048
2050
2054
2057
2068
2070
2075
2077
2080
2081
2084
2086
2088
2089
2090
2093
2095
2096
2097
2098
2106
2107
2114
2115
2116
2117
2119
2120
2123
2125
2131
2132
2134
2138
2140
2153
2155
2156
2158
2161
2165
2167
2169
2170
2174
2176
2178
2179
2180
2183
2185
2186
2216
2219
2223
2224
2230
2232
2236
2237
2239
2242
2243
2246
2250
2251
2252
2257
2268
2269
2279
2286
2287
2288
2294
2302
2308
2311
2313
2318
2320
2323
2324
2326
2327
2329
2330
2331
2332
2336
2338
2340
2341
2347
2348
2349
2350
2351
2353
2354
2357
2358
2359
2360
2362
2363
2367
2368
2369
2371
2372
2374
2375
2378
2383
2384
2385
2386
2387
2389
2390
2392
2393
2394
2395
2398
2399
2402
2404
2405
2410
2412
2413
2417
2419
2441
2448
2449
2450
2453
2455
2459
2467
2468
2470
2474
2479
2485
2520
2522
2529
2534
2547
2548
2549
2551
2555
2560
2564
2569
2573
2582
2583
2584
2585
2587
2591
2600
2609
2615
2620
2621
2627
2628
2633
2636
2637
2638
2641
2645
2647
2651
2653
2654
2655
2656
2657
2659
2660
2664
2665
2666
2668
2669
2672
2677
2682
2684
2690
2696
2699
2701
2707
2708
2709
2714
2717
2718
2719
2726
2729
2731
2732
2734
2735
2736
2737
2741
2745
2746
2747
2749
2753
2754
2755
2763
2764
2772
2774
2782
2789
2790
2795
2798
2799
2800
2803
2804
2806
2835
2836
2837
2839
2844
2845
2846
2848
2853
2854
2855
2857
2870
2871
2872
2873
2875
2879
2888
2891
2897
2899
2907
2908
2909
2911
2915
2916
2917
2918
2920
2925
2926
2927
2929
2934
2935
2936
2938
2951
2952
2953
2954
2956
2997
2998
2999
3001
3006
3007
3008
3010
3015
3016
3017
3019
3032
3033
3034
3035
3037
3078
3079
3080
3082
3087
3088
3089
3091
3096
3097
3098
3100
3113
3114
3115
3116
3118
3203
3212
3221
3231
3232
3233
3235
3239
3240
3241
3242
3244
3249
3250
3251
3253
3258
3259
3260
3262
3275
3276
3277
3278
3280
3281
3283
3285
3286
3287
3290
3298
3299
3301
3303
3304
3310
3321
3322
3323
3326
3330
3331
3332
3339
3340
3341
3362
3364
3366
3367
3368
3371
3379
3380
3424
3433
3438
3439
3440
3442
3443
3447
3448
3449
3452
3460
3461
3463
3465
3466
3472
3483
3484
3488
3492
3493
3506
3508
3512
3539
3542
3544
3546
3547
3553
3645
3646
3647
3650
3654
3655
3656
3663
3664
3665
3668
3670
3674
3686
3688
3690
3691
3692
3695
3703
3704
3719
3724
3726
3727
3728
3731
3735
3736
3737
3744
3745
3746
3752
3760
3776
3778
3793
3796
3798
3799
3803
3805
3806
3807
3808
3809
3812
3816
3817
3818
3825
3826
3827
3833
3841
3842
3848
3851
3852
3853
3944
3947
3958
3960
3961
3962
3967
3968
3986
3992
3994
3998
4004
4010
4012
4013
4014
4015
4016
4019
4027
4028
4030
4032
4033
4039
4041
4042
4048
4049
4050
4051
4052
4055
4059
4060
4061
4068
4069
4070
4091
4093
4095
4096
4097
4100
4108
4109
4153
4162
4166
4167
4168
4169
4171
4172
4175
4176
4177
4178
4181
4189
4190
4192
4194
4195
4199
4212
4213
4221
4222
4247
4253
4256
4257
4258
4262
4264
4481
4489
4505
4507
4525
4527
4528
4534
4535
4558
4562
4567
4570
4571
4572
4573
4574
4576
4577
4580
4581
4582
4586
4588
4603
4606
4608
4609
4613
4615
4616
4634
4639
4640
4648
4653
4654
4655
4657
4667
4669
4676
4678
4680
4681
4685
4698
4699
4700
4703
4707
4708
4709
4716
4717
4718
4720
4729
4734
4735
4736
4738
4739
4743
4744
4745
4748
4756
4757
4779
4780
4781
4784
4788
4789
4790
4797
4798
4799
4820
4824
4825
4826
4829
4837
4838
4882
4891
4896
4897
4898
4900
4901
4905
4906
4907
4910
4918
4919
5744
5749
5762
5769
5770
5771
5812
5814
5815
5821
5825
5830
5924
5931
5932
5933
5969
5972
5994
5995
5999
6003
6004
6005
6012
6013
6014
6131
6134
6149
6154
6179
6181
6185
6379
6381
6382
6388
6399
6400
6404
6408
6409
6422
6424
6428
6455
6458
6460
6462
6463
6469
6473
6478
6491
6498
6499
6500
6541
6543
6544
6550
6554
6559
6561
6562
6563
6565
6566
6570
6571
6572
6574
6579
6580
6581
6583
6584
6586
6587
6590
6595
6596
6597
6598
6599
6601
6602
6604
6606
6607
6608
6611
6613
6619
6620
6635
6640
6642
6643
6644
6646
6647
6651
6652
6653
6655
6659
6660
6661
6662
6664
6665
6677
6678
6679
6680
6682
6709
6719
6723
6724
6725
6727
6728
6732
6733
6734
6736
6741
6742
6743
6745
6746
6748
6752
6758
6759
6760
6761
6763
6764
6766
6768
6769
6773
6775
6784
6786
6787
6793
6795
6796
6802
6803
6815
6821
6822
6823
6824
6827
6829
6833
6848
6854
6856
6857
6863
6865
6866
6867
6868
6872
6876
6877
6878
6880
6884
6885
6886
6887
6889
6894
6895
6896
6898
6903
6904
6905
6907
6920
6921
6922
6923
6925
6926
6928
6930
6931
6932
6935
6943
6944
6946
6948
6949
6955
6966
6967
6968
6971
6975
6976
6977
6983
6984
6985
6986
6989
7001
7007
7009
7010
7011
7012
7013
7016
7024
7025
7027
7029
7030
7034
7064
7069
7070
7073
7078
7081
7083
7084
7085
7087
7088
7092
7093
7094
7097
7105
7106
7202
7207
7220
7227
7228
7229
7270
7272
7273
7279
7283
7288
7290
7291
7292
7294
7295
7299
7300
7301
7303
7308
7309
7310
7312
7313
7315
7316
7319
7324
7325
7326
7327
7328
7330
7331
7333
7335
7336
7337
7340
7342
7348
7349
7364
7369
7371
7372
7373
7375
7376
7380
7381
7382
7384
7388
7389
7390
7391
7393
7394
7397
7405
7406
7407
7408
7409
7411
7421
7423
7438
7441
7443
7444
7448
7450
7451
7452
7453
7454
7456
7457
7461
7462
7463
7465
7470
7471
7472
7474
7478
7486
7487
7488
7489
7490
7492
7493
7496
7497
7498
7502
7504
7522
7524
7525
7531
7532
7550
7556
7577
7583
7585
7586
7592
7594
7595
7596
7597
7601
7605
7606
7607
7609
7613
7614
7615
7616
7618
7623
7624
7625
7627
7632
7633
7634
7636
7649
7650
7651
7652
7654
7712
7718
7730
7736
7739
7740
7741
7754
7756
7758
7759
7763
7793
7799
7802
7810
7843
7853
7879
7888
7893
7894
7895
7897
7916
7918
7920
7921
7924
7925
7934
7938
7939
7947
7948
7964
7972
7979
7983
7984
7985
7988
7996
7997
7999
8001
8002
8005
8006
8008
8010
8011
8015
8017
8018
8019
8020
8021
8023
8024
8028
8029
8030
8032
8037
8038
8039
8041
8054
8055
8056
8057
8059
8060
8064
8065
8066
8069
8077
8078
8100
8101
8102
8104
8105
8109
8110
8111
8113
8118
8119
8120
8122
8135
8136
8137
8138
8140
8167
8177
8181
8182
8183
8185
8186
8190
8191
8192
8194
8199
8200
8201
8203
8216
8217
8218
8219
8221
8231
8233
8251
8253
8254
8260
8261
8279
8285
8306
8312
8314
8315
8321
8323
8324
8325
8326
8330
8332
8334
8335
8336
8338
8341
8342
8343
8344
8345
8347
8352
8353
8354
8356
8360
8361
8362
8363
8365
8366
8378
8379
8380
8381
8383
8384
8387
8388
8389
8413
8415
8416
8422
8423
8424
8425
8433
8434
9116
9125
9134
9144
9145
9146
9148
9152
9197
9206
9215
9225
9226
9227
9229
9233
9278
9287
9296
9306
9307
9308
9310
9314
9396
9397
9398
9400
9405
9406
9407
9409
9414
9415
9416
9418
9431
9432
9433
9434
9436
9440
9449
9458
9468
9469
9470
9472
9476
9477
9478
9479
9481
9486
9487
9488
9490
9495
9496
9497
9499
9512
9513
9514
9515
9517
9558
9559
9560
9562
9567
9568
9569
9571
9576
9577
9578
9580
9593
9594
9595
9596
9598
9639
9640
9641
9643
9648
9649
9650
9652
9657
9658
9659
9661
9674
9675
9676
9677
9679
9764
9773
9782
9792
9793
9794
9796
9800
9801
9802
9803
9805
9810
9811
9812
9814
9819
9820
9821
9823
9836
9837
9838
9839
9841
11488
11498
11524
11533
11538
11539
11540
11542
11569
11579
11624
11628
11629
11630
11633
11641
11642
11650
11660
11848
11857
11862
11863
11864
11866
11893
11903
11929
11938
11943
11944
11945
11947
11988
11989
11990
11993
11997
11998
11999
12006
12007
12008
12010
12019
12024
12025
12026
12028
12217
12227
12253
12262
12267
12268
12269
12271
12298
12308
12353
12357
12358
12359
12362
12370
12371
12379
12389
12758
12762
12763
12764
12767
12775
12776
12798
12799
12800
12803
12807
12808
12809
12816
12817
12818
12839
12843
12844
12845
12848
12856
12857
12901
12910
12915
12916
12917
12919
12920
12924
12925
12926
12929
12937
12938
12946
12956
12982
12991
12996
12997
12998
13000
13027
13037
13082
13086
13087
13088
13091
13099
13100
13108
13118
13122
13123
13124
13126
13127
13131
13132
13133
13135
13140
13141
13142
13144
13157
13158
13159
13160
13162
13163
13167
13168
13169
13172
13180
13181
13203
13204
13205
13207
13208
13212
13213
13214
13216
13221
13222
13223
13225
13238
13239
13240
13241
13243
13270
13280
13284
13285
13286
13288
13289
13293
13294
13295
13297
13302
13303
13304
13306
13319
13320
13321
13322
13324
13409
13418
13427
13437
13438
13439
13441
13445
13446
13447
13448
13450
13455
13456
13457
13459
13464
13465
13466
13468
13481
13482
13483
13484
13486
13487
13491
13492
13493
13496
13504
13505
13527
13528
13529
13532
13536
13537
13538
13545
13546
13547
13568
13572
13573
13574
13577
13585
13586
13630
13639
13644
13645
13646
13648
13649
13653
13654
13655
13658
13666
13667
13851
13852
13853
13855
13856
13860
13861
13862
13864
13869
13870
13871
13873
13886
13887
13888
13889
13891
13892
13896
13897
13898
13901
13909
13910
13932
13933
13934
13936
13937
13941
13942
13943
13945
13950
13951
13952
13954
13967
13968
13969
13970
13972
13999
14009
14013
14014
14015
14017
14018
14022
14023
14024
14026
14031
14032
14033
14035
14048
14049
14050
14051
14053
14138
14147
14156
14166
14167
14168
14170
14174
14175
14176
14177
14179
14184
14185
14186
14188
14193
14194
14195
14197
14210
14211
14212
14213
14215
14404
14414
14440
14449
14454
14455
14456
14458
14485
14495
14540
14544
14545
14546
14549
14557
14558
14566
14576
14580
14581
14582
14584
14585
14589
14590
14591
14593
14598
14599
14600
14602
14615
14616
14617
14618
14620
14621
14625
14626
14627
14630
14638
14639
14661
14662
14663
14665
14666
14670
14671
14672
14674
14679
14680
14681
14683
14696
14697
14698
14699
14701
14728
14738
14742
14743
14744
14746
14747
14751
14752
14753
14755
14760
14761
14762
14764
14777
14778
14779
14780
14782
14867
14876
14885
14895
14896
14897
14899
14903
14904
14905
14906
14908
14913
14914
14915
14917
14922
14923
14924
14926
14939
14940
14941
14942
14944
15677
15686
15695
15705
15706
15707
15709
15713
15758
15767
15776
15786
15787
15788
15790
15794
15839
15848
15857
15867
15868
15869
15871
15875
15957
15958
15959
15961
15966
15967
15968
15970
15975
15976
15977
15979
15992
15993
15994
15995
15997
16001
16010
16019
16029
16030
16031
16033
16037
16038
16039
16040
16042
16047
16048
16049
16051
16056
16057
16058
16060
16073
16074
16075
16076
16078
16119
16120
16121
16123
16128
16129
16130
16132
16137
16138
16139
16141
16154
16155
16156
16157
16159
16200
16201
16202
16204
16209
16210
16211
16213
16218
16219
16220
16222
16235
16236
16237
16238
16240
16325
16334
16343
16353
16354
16355
16357
16361
16362
16363
16364
16366
16371
16372
16373
16375
16380
16381
16382
16384
16397
16398
16399
16400
16402
22967
22976
22985
22995
22996
22997
22999
23003
23048
23057
23066
23076
23077
23078
23080
23084
23129
23138
23147
23157
23158
23159
23161
23165
23247
23248
23249
23251
23256
23257
23258
23260
23265
23266
23267
23269
23282
23283
23284
23285
23287
23291
23300
23309
23319
23320
23321
23323
23327
23696
23705
23714
23724
23725
23726
23728
23732
23777
23786
23795
23805
23806
23807
23809
23813
23858
23867
23876
23886
23887
23888
23890
23894
23976
23977
23978
23980
23985
23986
23987
23989
23994
23995
23996
23998
24011
24012
24013
24014
24016
24020
24029
24038
24048
24049
24050
24052
24056
24425
24434
24443
24453
24454
24455
24457
24461
24506
24515
24524
24534
24535
24536
24538
24542
24587
24596
24605
24615
24616
24617
24619
24623
24705
24706
24707
24709
24714
24715
24716
24718
24723
24724
24725
24727
24740
24741
24742
24743
24745
24749
24758
24767
24777
24778
24779
24781
24785
25515
25516
25517
25519
25524
25525
25526
25528
25533
25534
25535
25537
25550
25551
25552
25553
25555
25596
25597
25598
25600
25605
25606
25607
25609
25614
25615
25616
25618
25631
25632
25633
25634
25636
25677
25678
25679
25681
25686
25687
25688
25690
25695
25696
25697
25699
25712
25713
25714
25715
25717
25802
25811
25820
25830
25831
25832
25834
25838
25839
25840
25841
25843
25848
25849
25850
25852
25857
25858
25859
25861
25874
25875
25876
25877
25879
25883
25892
25901
25911
25912
25913
25915
25919
25964
25973
25982
25992
25993
25994
25996
26000
26045
26054
26063
26073
26074
26075
26077
26081
26163
26164
26165
26167
26172
26173
26174
26176
26181
26182
26183
26185
26198
26199
26200
26201
26203
26207
26216
26225
26235
26236
26237
26239
26243
26244
26245
26246
26248
26253
26254
26255
26257
26262
26263
26264
26266
26279
26280
26281
26282
26284
26325
26326
26327
26329
26334
26335
26336
26338
26343
26344
26345
26347
26360
26361
26362
26363
26365
26406
26407
26408
26410
26415
26416
26417
26419
26424
26425
26426
26428
26441
26442
26443
26444
26446
26531
26540
26549
26559
26560
26561
26563
26567
26568
26569
26570
26572
26577
26578
26579
26581
26586
26587
26588
26590
26603
26604
26605
26606
26608
26973
26974
26975
26977
26982
26983
26984
26986
26991
26992
26993
26995
27008
27009
27010
27011
27013
27054
27055
27056
27058
27063
27064
27065
27067
27072
27073
27074
27076
27089
27090
27091
27092
27094
27135
27136
27137
27139
27144
27145
27146
27148
27153
27154
27155
27157
27170
27171
27172
27173
27175
27260
27269
27278
27288
27289
27290
27292
27296
27297
27298
27299
27301
27306
27307
27308
27310
27315
27316
27317
27319
27332
27333
27334
27335
27337
27702
27703
27704
27706
27711
27712
27713
27715
27720
27721
27722
27724
27737
27738
27739
27740
27742
27783
27784
27785
27787
27792
27793
27794
27796
27801
27802
27803
27805
27818
27819
27820
27821
27823
27864
27865
27866
27868
27873
27874
27875
27877
27882
27883
27884
27886
27899
27900
27901
27902
27904
27989
27998
28007
28017
28018
28019
28021
28025
28026
28027
28028
28030
28035
28036
28037
28039
28044
28045
28046
28048
28061
28062
28063
28064
28066
28799
28808
28817
28827
28828
28829
28831
28835
28880
28889
28898
28908
28909
28910
28912
28916
28961
28970
28979
28989
28990
28991
28993
28997
29079
29080
29081
29083
29088
29089
29090
29092
29097
29098
29099
29101
29114
29115
29116
29117
29119
29123
29132
29141
29151
29152
29153
29155
29159
29160
29161
29162
29164
29169
29170
29171
29173
29178
29179
29180
29182
29195
29196
29197
29198
29200
29241
29242
29243
29245
29250
29251
29252
29254
29259
29260
29261
29263
29276
29277
29278
29279
29281
29322
29323
29324
29326
29331
29332
29333
29335
29340
29341
29342
29344
29357
29358
29359
29360
29362
29447
29456
29465
29475
29476
29477
29479
29483
29484
29485
29486
29488
29493
29494
29495
29497
29502
29503
29504
29506
29519
29520
29521
29522
29524
