6
9
10
11
12
14
54
60
65
66
67
68
69
70
73
74
75
76
77
78
79
81
82
83
84
86
87
90
91
92
93
94
95
96
97
99
100
102
103
105
106
108
109
110
111
113
126
127
528
529
532
535
537
540
543
554
556
563
569
579
585
586
587
588
591
600
605
609
615
616
618
619
621
624
630
631
632
634
636
640
642
643
644
651
653
654
657
660
662
664
667
675
676
678
684
685
690
695
696
697
699
700
702
703
704
711
712
713
717
718
724
726
727
729
730
738
739
740
741
742
743
748
750
752
753
754
756
758
762
766
768
772
775
781
783
784
794
804
805
807
808
810
811
819
820
822
824
828
831
832
834
835
837
838
839
840
846
847
851
853
855
856
858
859
861
862
864
865
870
873
874
876
880
883
885
887
891
892
900
913
918
919
927
928
930
939
940
942
943
945
946
954
955
957
964
966
968
972
973
978
981
982
984
986
990
992
997
999
1000
1002
1004
1011
1017
1022
1031
1103
1112
1119
1128
1130
1134
1135
1143
1144
1146
1148
4695
4745
4752
4753
4754
4763
4776
5208
5217
5265
5266
5274
5275
5283
5284
5285
5289
5298
5312
5319
5320
5321
5370
5379
5388
5393
5400
5401
5402
5424
5474
5475
5476
5478
5479
5481
5482
5483
5492
5505
5535
5536
5544
5545
5556
5557
5559
5560
5562
5563
5571
5572
5631
5688
5689
5690
5694
5703
5712
6075
6076
6084
6085
6150
6151
6153
6154
6156
6157
6165
6166
6177
6178
6180
6181
6203
6204
6205
6207
6208
6210
6211
6212
6221
6234
6255
6256
6257
6264
6265
6273
6274
6285
6286
6288
6289
6291
6292
6300
6301
6315
6318
6319
6327
6328
6336
6337
6338
6360
6393
6394
6396
6397
6399
6400
6408
6409
6417
6418
6419
6420
6421
6423
6424
6432
6441
6561
6562
6570
6571
6573
6575
6626
6636
6637
6639
6640
6642
6643
6651
6652
6654
6656
6663
6664
6666
6667
6669
6670
6672
6687
6688
7089
7146
7147
7148
7152
7161
7170
7176
7177
7179
7180
7193
7236
7237
7245
7246
7251
7256
7257
7258
7260
7261
7263
7264
7265
7272
7273
7274
7290
7291
7299
7300
7302
7304
7355
7365
7366
7368
7369
7371
7372
7380
7381
7383
7385
7392
7393
7395
7396
7398
7399
7401
7416
7417
7419
7420
7422
7423
7437
7446
7448
7479
7480
7488
7489
7500
7501
7503
7504
7506
7507
7515
7516
7518
7527
7529
7533
7534
7542
7543
7545
7547
7560
7561
7563
7583
7592
7662
7663
7664
7665
7666
7673
7680
7689
7691
7695
7696
7704
7705
7707
7709
7722
7723
7731
7732
7743
7744
7746
7747
7749
7750
7758
7759
7884
7885
7887
7965
7966
7968
7983
7984
7988
7997
8262
8263
8271
8272
8337
8338
8340
8341
8343
8344
8352
8353
8364
8365
8367
8368
8391
8392
8394
8395
8451
8452
8460
8461
8472
8473
8475
8476
8478
8479
8487
8488
8505
8506
8514
8515
8580
8581
8583
8584
8586
8587
8595
8596
8607
8608
8610
8611
8613
8614
8616
8694
8695
8697
8712
8713
8717
8726
8748
8749
8757
8758
8760
8762
8829
8830
8838
8839
8841
8843
8856
8857
8859
8874
8875
8895
8904
8906
8976
8985
8987
8991
8992
9000
9001
9003
9005
9018
9019
9021
9198
9199
9279
9280
9284
9293
9300
9309
9311
9927
9928
10008
10009
10013
10022
10029
10038
10040
10071
10072
10074
10152
10153
10155
10170
10171
10175
10184
10206
10207
10215
10216
10218
10220
10287
10288
10296
10297
10299
10301
10314
10315
10317
10332
10333
