4
6
9
10
15
16
22
33
36
49
54
55
58
60
73
76
81
82
85
87
90
91
96
114
123
124
127
135
136
141
144
145
198
199
204
205
285
292
297
298
301
324
325
328
411
424
438
441
447
451
466
474
486
487
490
492
495
496
501
519
522
540
541
546
616
649
657
684
685
721
729
730
733
735
738
739
744
745
762
765
775
783
784
789
810
811
816
819
820
825
864
865
870
1026
1095
1096
1099
1107
1108
1114
1116
1117
1143
1162
1168
1176
1177
1194
1215
1216
1221
1224
1225
1230
1231
1269
1270
1275
1296
1297
1305
1306
1654
1791
1824
1825
1836
1837
1845
1846
1905
1906
2625
2628
2673
2674
2677
2679
2682
2706
2709
2916
2917
2920
2922
2925
2949
2952
3937
3942
3943
3946
3969
3970
3973
3991
4011
4015
4018
4023
4059
4234
4261
4374
4375
4378
4380
4383
4384
4389
4407
4410
4423
4428
4429
4432
4434
4455
4456
4459
4461
4464
4465
4470
4509
4510
4515
4666
4671
4672
4675
4698
4699
4702
4860
4861
4866
4869
4870
4875
4914
4915
4920
5905
5913
5914
5919
5955
5959
5986
6027
6351
6391
6561
6562
6565
6567
6570
6571
6576
6577
6594
6597
6610
6615
6616
6619
6621
6634
6642
6643
6646
6648
6651
6652
6657
6684
6685
6688
6696
6697
6702
6705
6706
6765
6766
6999
7008
7012
7047
7048
7053
7056
7057
7062
7101
7102
7107
7290
7291
7296
7299
7300
7305
7306
7344
7345
7350
7371
7372
7377
7380
7381
7386
7425
7426
7431
7776
7777
7782
7785
7786
7791
7830
7831
7836
9843
9844
9847
9855
9856
9864
9865
9891
9915
9924
9925
9928
9963
9964
9969
9972
9973
9978
9979
10044
10045
10053
10054
10572
10573
10584
10585
10593
10594
10653
10654
10935
10936
10941
10944
10945
10950
10951
10989
10990
10995
11016
11017
11022
11025
11026
11031
11058
11059
11070
11071
11076
11079
11080
11139
11140
11421
11422
11427
11430
11431
11436
11475
11476
11481
11664
11665
11673
11674
11679
11680
11745
11746
11754
11755
16404
16405
16416
16417
16425
16426
16485
16486
16524
16525
16533
16534
16539
16540
16605
16606
16614
16615
39366
39367
39372
39375
39376
39381
39420
39421
39426
39447
39448
39453
39456
39457
39462
39501
39502
39507
39852
39853
39858
39861
39862
39867
39906
39907
39912
40095
40096
40101
40104
40105
40110
40149
40150
40155
40176
40177
40182
40185
40186
40191
40230
40231
40236
40581
40582
40587
40590
40591
40596
40635
40636
40641
43740
43741
43746
43749
43750
43755
43794
43795
43800
43821
43822
43827
43830
43831
43836
43875
43876
43881
44226
44227
44232
44235
44236
44241
44280
44281
44286
59049
59050
59055
59058
59059
59064
59103
59104
59109
59130
59131
59136
59139
59140
59145
59184
59185
59190
59535
59536
59541
59544
59545
59550
59589
59590
59595
59778
59779
59784
59787
59788
59793
59832
59833
59838
59859
59860
59865
59868
59869
59874
59913
59914
59919
60264
60265
60270
60273
60274
60279
60318
60319
60324
63423
63424
63429
63432
63433
63438
63477
63478
63483
63504
63505
63510
63513
63514
63519
63558
63559
63564
63909
63910
63915
63918
63919
63924
63963
63964
63969
65610
65611
65616
65619
65620
65625
65664
65665
65670
65691
65692
65697
65700
65701
65706
65745
65746
65751
66096
66097
66102
66105
66106
66111
66150
66151
66156
66339
66340
66345
66348
66349
66354
66393
66394
66399
66420
66421
66426
66429
66430
66435
66474
66475
66480
66825
66826
66831
66834
66835
66840
66879
66880
66885
69984
69985
69990
69993
69994
69999
70038
70039
70044
70065
70066
70071
70074
70075
70080
70119
70120
70125
70470
70471
70476
70479
70480
70485
70524
70525
70530
98415
98416
98421
98424
98425
98430
98469
98470
98475
98496
98497
98502
98505
98506
98511
98550
98551
98556
98901
98902
98907
98910
98911
98916
98955
98956
98961
99144
99145
99150
99153
99154
99159
99198
99199
99204
99225
99226
99231
99234
99235
99240
99279
99280
99285
99630
99631
99636
99639
99640
99645
99684
99685
99690
