2
3
4
5
6
7
8
9
10
11
12
13
14
15
16
17
18
19
20
21
22
23
24
25
26
27
28
29
30
31
32
33
34
35
36
37
38
39
40
41
42
43
44
45
46
47
48
49
50
51
52
53
54
55
56
57
58
59
60
61
62
63
64
65
66
67
68
69
70
71
72
73
74
75
76
77
78
79
80
81
82
83
84
85
86
87
88
89
90
91
92
93
94
95
96
97
98
99
100
101
102
103
104
105
106
107
108
109
110
111
112
113
114
115
116
117
118
119
120
121
122
123
124
125
126
127
128
129
130
131
132
133
134
135
136
137
138
139
140
141
142
143
144
145
146
147
148
149
150
151
152
153
154
155
156
157
158
159
160
161
162
163
164
165
166
167
168
169
170
171
172
173
174
175
176
177
178
179
180
181
182
183
184
185
186
187
188
189
190
191
192
193
194
195
196
197
198
199
200
201
202
203
204
205
206
207
208
209
210
211
212
213
214
215
216
217
218
219
220
221
222
223
224
225
226
227
228
229
230
231
232
233
234
235
236
237
238
239
240
241
242
243
244
245
246
247
248
249
250
251
252
253
254
255
256
257
258
259
260
261
262
263
264
265
266
267
268
269
270
271
272
273
274
275
276
277
278
279
280
281
282
283
284
285
286
287
288
289
290
291
292
293
294
295
296
297
298
299
300
301
302
303
304
305
306
307
308
309
310
311
312
313
314
315
316
317
318
319
320
321
322
323
324
325
326
327
328
329
330
331
333
334
335
336
337
338
339
340
342
343
344
345
346
347
348
349
350
351
352
353
354
355
356
357
358
359
360
361
362
364
365
366
367
368
369
370
372
373
374
375
376
378
379
380
381
382
383
384
385
386
387
388
389
390
391
392
393
394
395
396
397
398
399
400
401
402
403
405
406
407
408
409
410
411
412
413
414
415
416
417
418
419
420
421
422
423
424
425
426
427
428
429
430
431
432
433
434
435
436
437
438
439
440
441
442
443
444
445
446
447
448
450
451
452
453
454
455
456
457
458
459
460
461
462
463
465
466
467
468
469
470
472
473
474
475
476
477
478
479
480
481
482
483
484
485
486
487
488
489
490
491
492
493
495
496
497
499
500
501
502
507
508
509
510
511
512
513
514
515
516
517
519
520
521
522
523
524
526
528
529
530
531
532
533
535
537
538
539
540
541
543
544
545
546
547
549
550
551
553
554
555
556
557
559
561
562
564
565
567
568
569
570
571
572
573
574
576
577
578
580
581
582
583
584
585
586
588
590
591
592
593
594
596
598
599
601
602
603
604
605
607
608
609
610
611
612
613
615
616
618
619
621
622
624
625
626
627
628
629
630
631
632
634
635
636
637
640
642
643
645
646
648
649
650
651
653
654
655
656
657
658
659
660
662
663
664
665
666
667
668
669
670
671
672
673
674
675
676
677
678
679
680
681
682
683
684
685
688
689
690
691
693
694
695
696
697
698
699
700
701
702
703
704
705
706
708
709
711
712
715
717
718
720
721
722
723
724
725
726
727
728
729
730
731
732
733
734
735
736
737
738
739
740
741
742
743
744
745
746
747
748
749
750
751
752
753
754
755
756
757
758
759
760
761
762
763
764
765
766
767
769
770
771
772
773
774
775
776
777
778
779
780
781
782
783
784
786
787
788
789
790
792
793
794
795
796
797
798
799
801
802
803
804
805
806
807
808
809
810
811
812
813
814
815
816
817
818
819
820
821
822
823
824
825
826
827
828
829
830
831
832
833
834
835
836
837
838
839
840
841
842
843
844
845
846
847
850
851
852
853
854
855
856
857
858
859
860
861
862
863
864
865
867
868
869
870
871
872
873
874
875
876
877
878
879
880
882
883
884
885
887
888
889
890
891
892
893
894
896
899
900
901
902
903
904
905
907
908
909
910
911
912
913
914
915
917
918
919
920
921
922
923
924
925
926
927
928
931
932
933
934
935
936
937
938
939
940
941
942
943
944
945
946
947
948
949
951
952
954
955
958
960
961
962
963
964
965
966
968
969
970
971
972
973
974
975
977
980
981
982
983
984
986
989
990
991
992
993
994
995
996
998
999
1000
1001
1002
1003
1004
1005
1006
1007
1008
1009
1012
1014
1015
1016
1017
1018
1019
1020
1022
1023
1024
1025
1026
1027
1032
1033
1034
1035
1036
1039
1042
1044
1045
1046
1047
1049
1052
1053
1054
1057
1058
1059
1060
1062
1063
1066
1067
1068
1069
1076
1077
1078
1084
1086
1087
1089
1090
1093
1094
1095
1096
1097
1098
1099
1102
1103
1104
1105
1106
1107
1108
1111
1113
1114
1115
1116
1117
1120
1123
1124
1125
1126
1130
1131
1132
1133
1134
1135
1136
1137
1138
1139
1140
1141
1142
1143
1144
1145
1146
1147
1148
1149
1150
1151
1152
1153
1154
1155
1157
1158
1159
1160
1161
1162
1163
1164
1166
1167
1168
1169
1170
1171
1172
1174
1175
1176
1177
1178
1179
1180
1181
1182
1183
1184
1185
1186
1187
1188
1189
1192
1197
1198
1199
1201
1203
1204
1206
1207
1208
1209
1211
1212
1213
1214
1215
1216
1217
1218
1219
1220
1221
1222
1224
1225
1228
1229
1230
1231
1238
1239
1240
1242
1243
1245
1246
1248
1249
1251
1252
1253
1255
1257
1258
1262
1266
1267
1269
1270
1272
1273
1275
1276
1278
1279
1284
1285
1293
1294
1296
1297
1298
1299
1300
1301
1302
1303
1305
1306
1309
1310
1311
1312
1314
1315
1316
1318
1319
1320
1321
1327
1329
1330
1332
1333
1334
1336
1338
1339
1343
1345
1347
1348
1350
1351
1353
1354
1356
1357
1359
1360
1361
1363
1365
1366
1370
1374
1375
1377
1378
1379
1380
1382
1385
1386
1387
1388
1389
1391
1394
1395
1396
1397
1398
1399
1400
1403
1404
1405
1406
1407
1408
1409
1412
1418
1419
1420
1422
1423
1424
1425
1426
1427
1428
1429
1430
1431
1432
1434
1435
1437
1438
1440
1441
1442
1444
1446
1447
1449
1450
1451
1452
1454
1455
1456
1457
1458
1459
1460
1461
1462
1463
1464
1465
1466
1467
1468
1469
1470
1472
1473
1474
1475
1476
1477
1478
1479
1480
1481
1484
1485
1486
1487
1488
1489
1490
1491
1492
1493
1494
1495
1496
1500
1501
1503
1504
1505
1506
1507
1508
1509
1510
1511
1512
1513
1516
1521
1522
1530
1531
1532
1533
1535
1538
1539
1540
1541
1542
1543
1544
1545
1546
1547
1548
1549
1550
1551
1553
1554
1555
1556
1557
1558
1559
1560
1562
1565
1566
1567
1568
1569
1571
1574
1584
1585
1586
1587
1588
1589
1590
1591
1592
1593
1594
1597
1602
1603
1604
1606
1608
1609
1611
1612
1613
1614
1616
1619
1620
1621
1622
1623
1624
1625
1626
1627
1628
1629
1630
1631
1632
1634
1635
1636
1637
1638
1639
1640
1641
1642
1643
1646
1647
1648
1649
1650
1651
1652
1653
1654
1655
1656
1657
1658
1662
1663
1665
1666
1667
1668
1670
1673
1685
1687
1689
1690
1692
1693
1694
1695
1697
1700
1701
1702
1703
1704
1706
1709
1710
1711
1712
1713
1715
1718
1719
1720
1721
1722
1724
1727
1728
1729
1730
1731
1733
1734
1735
1736
1737
1738
1739
1743
1744
1746
1747
1748
1749
1750
1751
1752
1753
1754
1755
1756
1759
1764
1765
1766
1768
1770
1771
1773
1774
1775
1776
1778
1781
1782
1783
1784
1786
1788
1789
1791
1792
1797
1798
1800
1801
1802
1804
1813
1823
1824
1825
1827
1828
1831
1832
1833
1834
1836
1837
1840
1845
1846
1849
1859
1860
1861
1863
1864
1865
1866
1867
1868
1869
1870
1871
1872
1873
1874
1875
1876
1877
1878
1879
1880
1881
1882
1883
1884
1885
1886
1887
1888
1889
1890
1891
1892
1893
1894
1895
1898
1899
1900
1903
1904
1905
1906
1908
1909
1910
1911
1912
1913
1914
1915
1916
1917
1918
1921
1926
1927
1930
1935
1936
1937
1938
1940
1941
1942
1943
1944
1945
1947
1948
1949
1950
1951
1953
1954
1957
1958
1959
1960
1967
1968
1969
1971
1972
1974
1975
1977
1978
1980
1981
1984
1986
1987
1995
1996
1998
1999
2001
2002
2004
2005
2007
2008
2013
2014
2022
2023
2025
2026
2028
2029
2030
2031
2032
2034
2035
2038
2039
2040
2041
2048
2049
2050
2061
2062
2065
2079
2080
2082
2083
2085
2086
2088
2089
2094
2095
2103
2104
2106
2107
2108
2109
2111
2114
2115
2116
2117
2118
2120
2123
2124
2125
2126
2127
2129
2132
2133
2134
2135
2136
2138
2141
2147
2148
2149
2151
2152
2153
2154
2155
2156
2157
2158
2159
2160
2161
2163
2164
2166
2167
2169
2170
2173
2175
2176
2178
2179
2180
2181
2183
2184
2185
2186
2187
2188
2189
2190
2191
2192
2193
2194
2195
2196
2197
2198
2199
2201
2202
2203
2204
2205
2206
2207
2208
2210
2211
2212
2213
2214
2215
2216
2217
2218
2219
2220
2221
2222
2223
2224
2229
2230
2232
2233
2234
2235
2237
2238
2239
2240
2241
2242
2244
2245
2247
2248
2250
2251
2256
2257
2259
2260
2261
2262
2264
2265
2266
2267
2268
2269
2270
2271
2272
2273
2274
2275
2276
2277
2278
2279
2280
2282
2283
2284
2285
2286
2287
2288
2289
2291
2292
2293
2294
2295
2296
2297
2298
2300
2303
2313
2314
2315
2316
2318
2321
2322
2323
2325
2326
2328
2329
2331
2332
2337
2338
2340
2341
2342
2343
2345
2346
2347
2348
2349
2350
2351
2352
2354
2357
2358
2359
2360
2361
2363
2366
2367
2368
2369
2370
2372
2375
2376
2377
2378
2379
2381
2384
2394
2395
2396
2397
2399
2402
2403
2404
2406
2407
2409
2410
2412
2413
2418
2419
2421
2422
2423
2424
2426
2427
2428
2429
2430
2431
2432
2433
2434
2435
2436
2437
2438
2439
2440
2441
2442
2444
2445
2446
2447
2448
2449
2450
2451
2453
2454
2455
2456
2457
2458
2459
2460
2461
2462
2463
2464
2465
2466
2467
2472
2473
2475
2476
2477
2478
2480
2481
2482
2483
2484
2485
2487
2488
2490
2491
2493
2494
2499
2500
2502
2503
2504
2505
2507
2508
2509
2510
2511
2512
2514
2515
2517
2518
2520
2521
2526
2527
2535
2536
2565
2566
2568
2569
2571
2572
2574
2575
2580
2581
2589
2590
2592
2593
2594
2595
2597
2600
2601
2602
2603
2604
2606
2609
2610
2611
2612
2613
2615
2618
2619
2620
2621
2622
2624
2627
2637
2638
2639
2640
2642
2645
2646
2647
2649
2650
2652
2653
2655
2656
2661
2662
2664
2665
2666
2667
2669
2670
2671
2672
2673
2674
2676
2677
2679
2680
2682
2683
2688
2689
2697
2698
2700
2701
2703
2704
2706
2707
2709
2710
2715
2716
2724
2725
2727
2728
2730
2731
2733
2734
2736
2737
2742
2743
2751
2752
2754
2755
2757
2758
2760
2761
2763
2764
2769
2770
2778
2779
2808
2809
2811
2812
2814
2815
2817
2818
2823
2824
2832
2833
2835
2836
2837
2838
2840
2843
2844
2845
2846
2847
2849
2852
2853
2854
2855
2856
2858
2861
2862
2863
2864
2865
2867
2870
2880
2881
2882
2883
2885
2888
2889
2890
2892
2893
2895
2896
2898
2899
2904
2905
2907
2908
2909
2910
2912
2913
2914
2915
2916
2917
2919
2920
2921
2922
2923
2925
2926
2929
2930
2931
2932
2939
2940
2941
2943
2944
2946
2947
2949
2950
2952
2953
2956
2957
2958
2959
2961
2962
2965
2966
2967
2968
2970
2971
2973
2974
2976
2977
2979
2980
2983
2985
2986
2993
2994
2995
2997
2998
3000
3001
3002
3003
3004
3006
3007
3010
3011
3012
3013
3020
3021
3022
3033
3034
3037
3038
3039
3040
3042
3043
3046
3047
3048
3049
3051
3052
3054
3055
3057
3058
3060
3061
3064
3066
3067
3074
3075
3076
3119
3120
3121
3123
3124
3127
3128
3129
3130
3132
3133
3135
3136
3138
3139
3141
3142
3145
3147
3148
3155
3156
3157
3240
3241
3244
3245
3246
3247
3249
3250
3253
3254
3255
3256
3263
3264
3265
3276
3277
3280
3281
3282
3283
3285
3286
3289
3290
3291
3292
3294
3295
3298
3303
3304
3307
3317
3318
3319
3321
3322
3325
3326
3327
3328
3330
3331
3334
3335
3336
3337
3344
3345
3346
3357
3358
3361
3362
3363
3364
3366
3367
3370
3371
3372
3373
3375
3376
3379
3384
3385
3388
3398
3399
3400
3402
3403
3406
3407
3408
3409
3411
3412
3415
3416
3417
3418
3425
3426
3427
3438
3439
3442
3483
3484
3487
3488
3489
3490
3492
3493
3496
3497
3498
3499
3506
3507
3508
3519
3520
3523
3605
3606
3607
3609
3610
3613
3614
3615
3616
3618
3619
3622
3627
3628
3631
3641
3642
3643
3645
3646
3647
3648
3649
3650
3651
3652
3653
3654
3655
3656
3657
3658
3659
3660
3661
3662
3663
3664
3665
3666
3668
3669
3670
3671
3672
3673
3674
3675
3677
3680
3681
3682
3685
3686
3687
3688
3690
3691
3692
3693
3694
3695
3696
3697
3698
3699
3700
3703
3708
3709
3712
3717
3718
3719
3720
3722
3723
3724
3725
3726
3727
3728
3729
3730
3731
3732
3733
3734
3735
3736
3737
3738
3739
3740
3741
3742
3743
3744
3745
3746
3747
3749
3750
3751
3752
3753
3754
3755
3756
3758
3761
3762
3763
3766
3767
3768
3769
3771
3772
3773
3774
3775
3776
3777
3778
3779
3780
3781
3784
3789
3790
3793
3798
3799
3800
3801
3803
3804
3805
3806
3807
3808
3809
3810
3812
3815
3816
3817
3818
3819
3821
3824
3825
3826
3827
3828
3830
3833
3834
3835
3836
3837
3839
3842
3848
3849
3850
3852
3853
3854
3855
3856
3857
3858
3859
3860
3861
3862
3865
3870
3871
3874
3879
3880
3881
3882
3884
3885
3886
3887
3888
3889
3890
3891
3893
3896
3897
3898
3899
3900
3902
3905
3906
3907
3908
3909
3911
3914
3915
3916
3917
3918
3920
3923
3933
3934
3935
3936
3938
3941
3960
3961
3962
3963
3965
3968
3969
3970
3973
3974
3975
3976
3978
3979
3982
3983
3984
3985
3992
3993
3994
4005
4006
4009
4010
4011
4012
4014
4015
4018
4019
4020
4021
4023
4024
4027
4032
4033
4036
4046
4047
4048
4050
4051
4052
4053
4054
4055
4056
4057
4058
4059
4060
4061
4062
4063
4064
4065
4066
4067
4068
4069
4070
4071
4073
4074
4075
4076
4077
4078
4079
4080
4082
4085
4086
4087
4090
4091
4092
4093
4095
4096
4097
4098
4099
4100
4101
4102
4103
4104
4105
4108
4113
4114
4117
4122
4123
4124
4125
4127
4128
4129
4130
4131
4132
4135
4136
4137
4138
4140
4141
4144
4145
4146
4147
4154
4155
4156
4167
4168
4171
4212
4213
4216
4217
4218
4219
4221
4222
4225
4226
4227
4228
4235
4236
4237
4248
4249
4252
4293
4294
4295
4296
4298
4301
4302
4303
4304
4305
4307
4310
4311
4312
4313
4314
4316
4319
4320
4321
4322
4323
4325
4328
4334
4335
4336
4338
4339
4340
4341
4342
4343
4344
4345
4346
4347
4348
4351
4356
4357
4360
4365
4366
4367
4368
4370
4371
4372
4373
4374
4375
4378
4379
4380
4381
4383
4384
4387
4388
4389
4390
4397
4398
4399
4410
4411
4414
4415
4416
4417
4419
4420
4423
4424
4425
4426
4428
4429
4432
4437
4438
4441
4451
4452
4453
4455
4456
4459
4460
4461
4462
4464
4465
4468
4469
4470
4471
4478
4479
4480
4491
4492
4495
4496
4497
4498
4500
4501
4504
4505
4506
4507
4509
4510
4513
4518
4519
4522
4532
4533
4534
4577
4578
4579
4581
4582
4585
4586
4587
4588
4590
4591
4594
4599
4600
4603
4613
4614
4615
4698
4699
4702
4703
4704
4705
4707
4708
4711
4712
4713
4714
4721
4722
4723
4734
4735
4738
5832
5833
5834
5835
5837
5840
5841
5842
5843
5844
5846
5849
5850
5851
5852
5853
5855
5858
5859
5860
5861
5862
5864
5867
5877
5878
5879
5880
5882
5885
5904
5905
5906
5907
5909
5912
5913
5914
5915
5916
5918
5921
5922
5923
5924
5925
5927
5930
5931
5932
5933
5934
5936
5939
5940
5941
5942
5943
5945
5948
5958
5959
5960
5961
5963
5966
5985
5986
5987
5988
5990
5993
5994
5995
5996
5997
5999
6002
6003
6004
6005
6006
6008
6011
6012
6013
6014
6015
6017
6020
6021
6022
6023
6024
6026
6029
6039
6040
6041
6042
6044
6047
6066
6067
6068
6069
6071
6074
6075
6076
6077
6078
6080
6083
6084
6085
6086
6087
6089
6092
6093
6094
6095
6096
6098
6101
6102
6103
6104
6105
6107
6110
6120
6121
6122
6123
6125
6128
6147
6148
6149
6150
6152
6155
6237
6238
6239
6240
6242
6245
6246
6247
6248
6249
6251
6254
6255
6256
6257
6258
6260
6263
6264
6265
6266
6267
6269
6272
6282
6283
6284
6285
6287
6290
6309
6310
6311
6312
6314
6317
6480
6481
6482
6483
6485
6488
6489
6490
6491
6492
6494
6497
6498
6499
6500
6501
6503
6506
6507
6508
6509
6510
6512
6515
6525
6526
6527
6528
6530
6533
6552
6553
6554
6555
6557
6560
6561
6562
6563
6564
6566
6569
6570
6571
6572
6573
6575
6578
6579
6580
6581
6582
6584
6587
6588
6589
6590
6591
6593
6596
6606
6607
6608
6609
6611
6614
6633
6634
6635
6636
6638
6641
6642
6643
6644
6645
6647
6650
6651
6652
6653
6654
6656
6659
6660
6661
6662
6663
6665
6668
6669
6670
6671
6672
6674
6677
6687
6688
6689
6690
6692
6695
6714
6715
6716
6717
6719
6722
6723
6724
6725
6726
6728
6731
6732
6733
6734
6735
6737
6740
6741
6742
6743
6744
6746
6749
6750
6751
6752
6753
6755
6758
6768
6769
6770
6771
6773
6776
6795
6796
6797
6798
6800
6803
6804
6805
6806
6807
6809
6812
6813
6814
6815
6816
6818
6821
6822
6823
6824
6825
6827
6830
6831
6832
6833
6834
6836
6839
6849
6850
6851
6852
6854
6857
6876
6877
6878
6879
6881
6884
6966
6967
6968
6969
6971
6974
6975
6976
6977
6978
6980
6983
6984
6985
6986
6987
6989
6992
6993
6994
6995
6996
6998
7001
7011
7012
7013
7014
7016
7019
7038
7039
7040
7041
7043
7046
7209
7210
7211
7212
7214
7217
7218
7219
7220
7221
7223
7226
7227
7228
7229
7230
7232
7235
7236
7237
7238
7239
7241
7244
7254
7255
7256
7257
7259
7262
7281
7282
7283
7284
7286
7289
7290
7291
7292
7293
7295
7298
7299
7300
7301
7302
7304
7307
7308
7309
7310
7311
7313
7316
7317
7318
7319
7320
7322
7325
7335
7336
7337
7338
7340
7343
7362
7363
7364
7365
7367
7370
7371
7372
7373
7374
7376
7379
7380
7381
7382
7383
7385
7388
7389
7390
7391
7392
7394
7397
7398
7399
7400
7401
7403
7406
7416
7417
7418
7419
7421
7424
7443
7444
7445
7446
7448
7451
7452
7453
7454
7455
7457
7460
7461
7462
7463
7464
7466
7469
7470
7471
7472
7473
7475
7478
7479
7480
7481
7482
7484
7487
7497
7498
7499
7500
7502
7505
7524
7525
7526
7527
7529
7532
7533
7534
7535
7536
7538
7541
7542
7543
7544
7545
7547
7550
7551
7552
7553
7554
7556
7559
7560
7561
7562
7563
7565
7568
7578
7579
7580
7581
7583
7586
7605
7606
7607
7608
7610
7613
7695
7696
7697
7698
7700
7703
7704
7705
7706
7707
7709
7712
7713
7714
7715
7716
7718
7721
7722
7723
7724
7725
7727
7730
7740
7741
7742
7743
7745
7748
7767
7768
7769
7770
7772
7775
7938
7939
7940
7941
7943
7946
7947
7948
7949
7950
7952
7955
7956
7957
7958
7959
7961
7964
7965
7966
7967
7968
7970
7973
7983
7984
7985
7986
7988
7991
8010
8011
8012
8013
8015
8018
8019
8020
8021
8022
8024
8027
8028
8029
8030
8031
8033
8036
8037
8038
8039
8040
8042
8045
8046
8047
8048
8049
8051
8054
8064
8065
8066
8067
8069
8072
8091
8092
8093
8094
8096
8099
8100
8101
8102
8103
8105
8108
8109
8110
8111
8112
8114
8117
8118
8119
8120
8121
8123
8126
8127
8128
8129
8130
8132
8135
8145
8146
8147
8148
8150
8153
8172
8173
8174
8175
8177
8180
8181
8182
8183
8184
8186
8189
8190
8191
8192
8193
8195
8198
8199
8200
8201
8202
8204
8207
8208
8209
8210
8211
8213
8216
8226
8227
8228
8229
8231
8234
8253
8254
8255
8256
8258
8261
8262
8263
8264
8265
8267
8270
8271
8272
8273
8274
8276
8279
8280
8281
8282
8283
8285
8288
8289
8290
8291
8292
8294
8297
8307
8308
8309
8310
8312
8315
8334
8335
8336
8337
8339
8342
8424
8425
8426
8427
8429
8432
8433
8434
8435
8436
8438
8441
8442
8443
8444
8445
8447
8450
8451
8452
8453
8454
8456
8459
8469
8470
8471
8472
8474
8477
8496
8497
8498
8499
8501
8504
8667
8668
8669
8670
8672
8675
8676
8677
8678
8679
8681
8684
8685
8686
8687
8688
8690
8693
8694
8695
8696
8697
8699
8702
8712
8713
8714
8715
8717
8720
8739
8740
8741
8742
8744
8747
8748
8749
8750
8751
8753
8756
8757
8758
8759
8760
8762
8765
8766
8767
8768
8769
8771
8774
8775
8776
8777
8778
8780
8783
8793
8794
8795
8796
8798
8801
8820
8821
8822
8823
8825
8828
8829
8830
8831
8832
8834
8837
8838
8839
8840
8841
8843
8846
8847
8848
8849
8850
8852
8855
8856
8857
8858
8859
8861
8864
8874
8875
8876
8877
8879
8882
8901
8902
8903
8904
8906
8909
8910
8911
8912
8913
8915
8918
8919
8920
8921
8922
8924
8927
8928
8929
8930
8931
8933
8936
8937
8938
8939
8940
8942
8945
8955
8956
8957
8958
8960
8963
8982
8983
8984
8985
8987
8990
8991
8992
8993
8994
8996
8999
9000
9001
9002
9003
9005
9008
9009
9010
9011
9012
9014
9017
9018
9019
9020
9021
9023
9026
9036
9037
9038
9039
9041
9044
9063
9064
9065
9066
9068
9071
9153
9154
9155
9156
9158
9161
9162
9163
9164
9165
9167
9170
9171
9172
9173
9174
9176
9179
9180
9181
9182
9183
9185
9188
9198
9199
9200
9201
9203
9206
9225
9226
9227
9228
9230
9233
9396
9397
9398
9399
9401
9404
9405
9406
9407
9408
9410
9413
9414
9415
9416
9417
9419
9422
9423
9424
9425
9426
9428
9431
9441
9442
9443
9444
9446
9449
9468
9469
9470
9471
9473
9476
