2
4
5
7
9
10
11
13
14
16
18
19
20
22
23
25
28
29
31
32
36
37
38
41
43
45
46
47
49
50
52
55
56
58
59
63
64
65
67
68
70
73
74
76
77
81
82
83
85
86
88
90
91
92
95
97
99
100
101
104
106
109
110
112
117
118
119
124
126
127
128
130
131
133
139
140
142
144
146
148
149
154
155
157
158
162
163
164
166
167
169
171
172
173
175
176
178
180
181
182
185
187
190
191
198
199
203
205
207
208
209
212
214
221
223
225
226
227
229
230
236
252
256
257
261
262
265
271
272
279
284
288
289
290
292
295
301
302
308
310
311
313
317
319
324
325
326
328
329
333
334
335
337
340
342
343
346
347
349
352
353
356
358
361
362
365
367
369
370
371
373
374
376
382
383
385
387
388
389
391
397
398
401
405
406
407
410
412
414
415
416
419
423
424
425
428
430
433
439
441
442
446
448
450
451
452
454
455
457
460
468
469
470
472
478
481
493
495
497
499
504
508
511
514
518
522
523
524
527
531
532
533
542
545
550
551
553
559
560
567
568
569
571
572
574
576
577
578
580
585
586
587
589
590
592
595
601
603
604
605
608
612
613
622
631
634
635
641
643
649
650
652
657
658
661
664
666
667
670
671
677
679
682
689
693
694
695
697
698
700
703
706
707
712
713
716
718
721
722
729
730
731
733
734
736
738
739
740
742
743
745
747
748
749
752
754
758
765
766
770
772
774
775
776
779
781
792
793
794
797
802
803
810
811
812
814
815
817
819
820
821
824
826
828
829
830
833
835
847
855
856
857
860
883
884
887
891
892
893
896
900
901
902
905
909
910
911
914
916
919
920
928
932
934
936
937
938
941
943
946
949
950
954
955
956
967
990
991
1001
1010
1019
1022
1031
1037
1040
1045
1048
1053
1054
1062
1063
1071
1072
1073
1090
1111
1116
1117
1134
1135
1136
1139
1143
1144
1145
1148
1152
1153
1154
1157
1179
1180
1181
1183
1184
1190
1193
1195
1197
1198
1199
1201
1202
1207
1210
1228
1231
1234
1260
1261
1262
1265
1267
1274
1276
1278
1296
1297
1314
1315
1316
1319
1325
1327
1330
1332
1333
1337
1341
1342
1343
1345
1354
1355
1364
1386
1387
1395
1396
1397
1405
1406
1427
1429
1432
1436
1444
1445
1451
1458
1459
1460
1462
1463
1467
1468
1469
1472
1474
1476
1477
1478
1481
1494
1495
1499
1503
1504
1505
1508
1526
1539
1540
1541
1543
1544
1548
1549
1550
1553
1555
1557
1558
1559
1562
1567
1571
1584
1585
1586
1589
1594
1603
1604
1606
1613
1620
1621
1622
1624
1625
1629
1630
1631
1634
1638
1639
1640
1643
1645
1652
1657
1658
1661
1663
1665
1666
1667
1670
1679
1681
1683
1685
1687
1693
1694
1697
1719
1729
1748
1765
1766
1774
1787
1810
1823
1825
1827
1828
1832
1834
1838
1843
1845
1846
1855
1863
1864
1865
1868
1870
1872
1873
1874
1877
1881
1882
1883
1886
1888
1904
1906
1908
1909
1910
1912
1913
1915
1919
1926
1927
1928
1940
1958
1963
1972
1989
1994
1999
2025
2026
2030
2032
2034
2035
2041
2043
2044
2045
2048
2050
2061
2062
2074
2080
2083
2124
2125
2126
2344
2349
2350
2358
2396
2407
2425
2448
2449
2459
2477
2575
2585
2587
2601
2603
2605
2610
2611
2628
2629
2638
2641
2650
2657
2659
2666
2709
2710
2728
2772
2773
2774
2790
2791
2803
2812
2853
2854
2855
2857
2871
2890
2902
2916
2917
2918
2920
2925
2926
2934
2935
2936
2952
2953
2957
2959
2961
2975
2984
2989
2993
2997
2998
2999
3001
3006
3007
3015
3019
3020
3034
3049
3056
3058
3060
3065
3087
3115
3119
3123
3124
3130
3137
3139
3141
3142
3145
3151
3155
3168
3170
3177
3187
3188
3205
3206
3281
3283
3285
3286
3290
3292
3299
3301
3303
3304
3305
3314
3316
3317
3321
3322
3323
3326
3328
3330
3331
3344
3346
3355
3357
3358
3362
3364
3366
3367
3370
3371
3373
3376
3379
3384
3385
3386
3388
3394
3395
3431
3438
3439
3443
3447
3458
3463
3465
3467
3472
3475
3483
3484
3488
3490
3492
3493
3494
3497
3501
3506
3508
3530
3539
3609
3619
3645
3646
3647
3650
3652
3654
3655
3656
3659
3663
3664
3665
3668
3670
3682
3686
3688
3690
3691
3692
3695
3697
3704
3708
3709
3726
3727
3728
3731
3733
3735
3736
3737
3740
3744
3745
3746
3749
3751
3771
3772
3773
3776
3796
3799
3803
3807
3808
3809
3812
3816
3817
3818
3821
3825
3826
3827
3830
3848
3850
3852
3853
3854
3857
3859
3870
3871
3880
3884
3897
3899
3997
3998
4010
4012
4014
4015
4019
4021
4032
4033
4043
4045
4050
4051
4052
4055
4057
4059
4060
4061
4064
4068
4069
4070
4073
4075
4091
4093
4095
4096
4097
4100
4102
4113
4114
4153
4160
4212
4213
4217
4219
4221
4222
4225
4230
4231
4235
4237
4248
4250
4270
4276
4277
4279
4285
4302
4322
4329
4331
4351
4484
4491
4493
4595
4597
4599
4613
4672
4676
4687
4690
4693
4698
4699
4716
4717
4745
4771
4775
4779
4780
4784
4792
4797
4798
4835
4843
4844
4856
4874
4878
4916
4933
4950
4954
4959
4960
4977
4979
5027
5031
5033
5036
5050
5103
5104
5108
5110
5112
5113
5126
5128
5144
5146
5148
5149
5153
5155
5161
5166
5167
5168
5170
5184
5185
5189
5191
5193
5194
5207
5209
5213
5220
5222
5260
5265
5266
5274
5306
5308
5310
5311
5315
5317
5328
5329
5369
5380
5383
5387
5405
5407
5409
5419
5422
5427
5428
5436
5443
5445
5446
5450
5472
5473
5508
5509
5517
5542
5704
5707
5711
5715
5716
5738
5905
5906
5913
5914
5915
5918
5922
5923
5950
5965
5972
5974
5976
5978
5981
5986
5987
5994
5995
5996
5999
6003
6023
6031
6035
6039
6040
6046
6053
6059
6067
6068
6093
6098
6109
6112
6116
6134
6136
6138
6274
6278
6282
6287
6296
6298
6300
6305
6310
6311
6334
6337
6561
6562
6563
6565
6566
6568
6570
6571
6572
6574
6575
6577
6579
6580
6581
6584
6586
6590
6597
6598
6602
6604
6606
6607
6608
6611
6613
6619
6624
6625
6626
6628
6629
6634
6635
6642
6643
6644
6646
6647
6649
6651
6652
6653
6656
6660
6661
6662
6665
6667
6671
6678
6679
6680
6687
6688
6689
6692
6694
6701
6703
6705
6707
6709
6710
6715
6716
6723
6724
6725
6727
6728
6732
6733
6734
6737
6741
6742
6743
6746
6752
6764
6766
6768
6769
6770
6773
6775
6786
6787
6788
6790
6797
6822
6823
6833
6851
6853
6862
6869
6871
6878
6885
6886
6887
6889
6894
6895
6901
6904
6908
6926
6928
6930
6931
6934
6935
6937
6943
6944
6948
6949
6966
6967
6968
6971
6973
6975
6976
6977
6980
6984
6985
6986
6989
6991
7007
7009
7011
7012
7013
7016
7018
7029
7030
7128
7129
7133
7135
7137
7138
7151
7153
7218
7219
7227
7238
7259
7290
7291
7292
7294
7295
7297
7299
7300
7301
7304
7308
7309
7310
7313
7315
7326
7327
7331
7333
7335
7336
7337
7340
7342
7353
7354
7363
7364
7371
7372
7373
7375
7376
7378
7380
7381
7382
7385
7389
7390
7391
7394
7396
7408
7416
7417
7418
7421
7452
7453
7454
7457
7461
7462
7463
7466
7470
7471
7472
7475
7493
7495
7497
7498
7499
7502
7504
7515
7516
7583
7592
7598
7623
7624
7695
7696
7697
7700
7704
7705
7706
7709
7713
7714
7715
7718
7740
7741
7742
7745
8019
8020
8021
8024
8028
8029
8030
8033
8037
8038
8039
8042
8064
8065
8066
8069
8100
8101
8102
8105
8109
8110
8111
8114
8118
8119
8120
8123
8145
8146
8147
8150
8181
8182
8183
8186
8190
8191
8192
8195
8199
8200
8201
8204
8226
8227
8228
8231
8352
8359
8362
8366
8384
8386
8388
8389
8393
8395
8406
8407
8424
8425
8426
8429
8431
8433
8434
8435
8438
8442
8443
8444
8447
8449
8458
8465
8467
8469
8470
8471
8474
8476
8483
8485
8487
8488
8492
8521
8524
8586
8587
8591
8593
8595
8596
8609
8611
8683
8686
8690
8701
8719
9190
9194
9198
9203
9226
9227
9263
9271
9275
9279
9299
9333
9344
9352
9374
9550
9551
9558
9559
9560
9563
9567
9568
9595
10206
10207
10208
10211
10215
10216
10217
10220
10224
10225
10226
10229
10251
10252
10253
10256
10287
10288
10289
10292
10296
10297
10298
10301
10305
10306
10307
10310
10332
10333
10334
10337
10368
10369
10370
10373
10377
10378
10379
10382
10386
10387
10388
10391
10413
10414
10415
10418
10611
10612
10613
10616
10620
10621
10622
10625
10629
10630
10631
10634
10656
10657
10658
10661
11810
11812
11819
11826
11827
11828
11830
11835
11836
11844
11845
11846
11891
11893
11900
11956
11965
11972
11974
11981
11988
11989
11990
11992
11997
11998
12037
12046
12105
12106
12118
12127
12134
12136
12143
12186
12187
12539
12541
12548
12555
12556
12557
12559
12564
12565
12573
12574
12575
12620
12622
12629
13122
13123
13124
13126
13127
13131
13132
13133
13136
13140
13141
13142
13145
13158
13159
13167
13168
13169
13172
13203
13204
13205
13207
13208
13212
13213
13214
13217
13221
13222
13223
13226
13248
13249
13250
13253
13268
13270
13277
13284
13285
13286
13288
13289
13293
13294
13295
13298
13302
13303
13304
13307
13329
13330
13331
13334
13349
13351
13358
13414
13423
13430
13432
13439
13446
13447
13448
13450
13455
13456
13495
13504
13527
13528
13529
13532
13536
13537
13538
13541
13545
13546
13547
13550
13572
13573
13574
13577
13851
13852
13853
13855
13856
13860
13861
13862
13865
13869
13870
13871
13874
13887
13888
13896
13897
13898
13901
13932
13933
13934
13936
13937
13941
13942
13943
13946
13950
13951
13952
13955
13977
13978
13979
13982
14013
14014
14015
14018
14022
14023
14024
14027
14031
14032
14033
14036
14058
14059
14060
14063
14256
14257
14258
14261
14265
14266
14267
14270
14274
14275
14276
14279
14301
14302
14303
14306
14436
14437
14438
14454
14455
14467
14476
14517
14518
14519
14580
14581
14582
14584
14585
14589
14590
14591
14594
14598
14599
14600
14603
14616
14617
14625
14626
14627
14630
14661
14662
14663
14665
14666
14670
14671
14672
14675
14679
14680
14681
14684
14706
14707
14708
14711
14726
14728
14735
14742
14743
14744
14746
14747
14751
14752
14753
14756
14760
14761
14762
14765
14787
14788
14789
14792
14807
14809
14816
14985
14986
14987
14990
14994
14995
14996
14999
15003
15004
15005
15008
15030
15031
15032
15035
15165
15166
15167
15183
15184
15196
15205
15246
15247
15248
16403
16405
16407
16408
16412
16414
16425
16426
16443
16444
16448
16450
16452
16453
16466
16468
16484
16486
16488
16489
16493
16495
16506
16507
16605
16606
16610
16612
16614
16615
16628
16630
16767
16768
16769
16772
16774
16776
16777
16778
16781
16785
16786
16787
16790
16792
16808
16810
16812
16813
16814
16817
16819
16830
16831
16848
16849
16850
16853
16855
16857
16858
16859
16862
16866
16867
16868
16871
16873
16893
16894
16895
16898
16929
16930
16931
16934
16938
16939
16940
16943
16947
16948
16949
16952
16970
16972
16974
16975
16976
16979
16981
16992
16993
17132
17134
17136
17137
17141
17143
17154
17155
17172
17173
17174
17177
17179
17181
17182
17183
17186
17190
17191
17192
17195
17197
17213
17215
17217
17218
17219
17222
17224
17235
17236
17334
17335
17339
17341
17343
17344
17357
17359
18225
18226
18230
18232
18234
18235
18248
18250
18266
18268
18270
18271
18275
18277
18288
18289
18306
18307
18311
18313
18315
18316
18329
18331
18371
18373
18380
18387
18388
18389
18391
18396
18397
18405
18406
18407
18428
18430
18432
18433
18437
18439
18450
18451
18452
18454
18461
18517
18526
18533
18535
18542
18549
18550
18551
18553
18558
18559
18598
18607
18666
18667
18679
18688
18695
18697
18704
18747
18748
19100
19102
19109
19116
19117
19118
19120
19125
19126
19134
19135
19136
19181
19183
19190
29525
29527
29529
29530
29534
29536
29547
29548
29565
29566
29570
29572
29574
29575
29588
29590
29606
29608
29610
29611
29615
29617
29628
29629
29727
29728
29732
29734
29736
29737
29750
29752
29889
29890
29894
29896
29898
29899
29912
29914
29930
29932
29934
29935
29939
29941
29952
29953
29970
29971
29975
29977
29979
29980
29993
29995
30092
30094
30096
30097
30101
30103
30114
30115
30254
30256
30258
30259
30263
30265
30276
30277
30294
30295
30299
30301
30303
30304
30317
30319
30335
30337
30339
30340
30344
30346
30357
30358
30456
30457
30461
30463
30465
30466
30479
30481
31347
31348
31352
31354
31356
31357
31370
31372
31388
31390
31392
31393
31397
31399
31410
31411
31428
31429
31433
31435
31437
31438
31451
31453
31550
31552
31554
31555
31559
31561
31572
31573
32805
32806
32807
32810
32812
32814
32815
32816
32819
32823
32824
32825
32828
32830
32846
32848
32850
32851
32852
32855
32857
32868
32869
32886
32887
32888
32891
32893
32895
32896
32897
32900
32904
32905
32906
32909
32911
32931
32932
32933
32936
32967
32968
32969
32972
32976
32977
32978
32981
32985
32986
32987
32990
33008
33010
33012
33013
33014
33017
33019
33030
33031
33170
33172
33174
33175
33179
33181
33192
33193
33210
33211
33212
33215
33217
33219
33220
33221
33224
33228
33229
33230
33233
33235
33251
33253
33255
33256
33257
33260
33262
33273
33274
33372
33373
33377
33379
33381
33382
33395
33397
33534
33535
33536
33539
33541
33543
33544
33545
33548
33552
33553
33554
33557
33559
33575
33577
33579
33580
33581
33584
33586
33597
33598
33615
33616
33617
33620
33622
33624
33625
33626
33629
33633
33634
33635
33638
33640
33660
33661
33662
33665
33696
33697
33698
33701
33705
33706
33707
33710
33714
33715
33716
33719
33737
33739
33741
33742
33743
33746
33748
33759
33760
33939
33940
33941
33944
33948
33949
33950
33953
33957
33958
33959
33962
33984
33985
33986
33989
34263
34264
34265
34268
34272
34273
34274
34277
34281
34282
34283
34286
34308
34309
34310
34313
34344
34345
34346
34349
34353
34354
34355
34358
34362
34363
34364
34367
34389
34390
34391
34394
34425
34426
34427
34430
34434
34435
34436
34439
34443
34444
34445
34448
34470
34471
34472
34475
34628
34630
34632
34633
34637
34639
34650
34651
34668
34669
34670
34673
34675
34677
34678
34679
34682
34686
34687
34688
34691
34693
34709
34711
34713
34714
34715
34718
34720
34731
34732
34830
34831
34835
34837
34839
34840
34853
34855
36086
36088
36090
36091
36095
36097
36108
36109
36126
36127
36131
36133
36135
36136
36149
36151
36167
36169
36171
36172
36176
36178
36189
36190
36288
36289
36293
36295
36297
36298
36311
36313
36450
36451
36452
36455
36457
36459
36460
36461
36464
36468
36469
36470
36473
36475
36491
36493
36495
36496
36497
36500
36502
36513
36514
36531
36532
36533
36536
36538
36540
36541
36542
36545
36549
36550
36551
36554
36556
36576
36577
36578
36581
36612
36613
36614
36617
36621
36622
36623
36626
36630
36631
36632
36635
36653
36655
36657
36658
36659
36662
36664
36675
36676
36815
36817
36819
36820
36824
36826
36837
36838
36855
36856
36857
36860
36862
36864
36865
36866
36869
36873
36874
36875
36878
36880
36896
36898
36900
36901
36902
36905
36907
36918
36919
37017
37018
37022
37024
37026
37027
37040
37042
37908
37909
37913
37915
37917
37918
37931
37933
37949
37951
37953
37954
37958
37960
37971
37972
37989
37990
37994
37996
37998
37999
38012
38014
38111
38113
38115
38116
38120
38122
38133
38134
45927
45928
45932
45934
45936
45937
45950
45952
45968
45970
45972
45973
45977
45979
45990
45991
46008
46009
46013
46015
46017
46018
46031
46033
46130
46132
46134
46135
46139
46141
46152
46153
46292
46294
46296
46297
46301
46303
46314
46315
46332
46333
46337
46339
46341
46342
46355
46357
46373
46375
46377
46378
46382
46384
46395
46396
46494
46495
46499
46501
46503
46504
46517
46519
46656
46657
46661
46663
46665
46666
46679
46681
46697
46699
46701
46702
46706
46708
46719
46720
46737
46738
46742
46744
46746
46747
46760
46762
46859
46861
46863
46864
46868
46870
46881
46882
47750
47752
47754
47755
47759
47761
47772
47773
47790
47791
47795
47797
47799
47800
47813
47815
47831
47833
47835
47836
47840
47842
47853
47854
47952
47953
47957
47959
47961
47962
47975
47977
59049
59050
59051
59054
59058
59059
59060
59063
59067
59068
59069
59072
59094
59095
59096
59099
59130
59131
59132
59135
59139
59140
59141
59144
59148
59149
59150
59153
59175
59176
59177
59180
59211
59212
59213
59216
59220
59221
59222
59225
59229
59230
59231
59234
59256
59257
59258
59261
59454
59455
59456
59459
59463
59464
59465
59468
59472
59473
59474
59477
59499
59500
59501
59504
59778
59779
59780
59783
59787
59788
59789
59792
59796
59797
59798
59801
59823
59824
59825
59828
59859
59860
59861
59864
59868
59869
59870
59873
59877
59878
59879
59882
59904
59905
59906
59909
59940
59941
59942
59945
59949
59950
59951
59954
59958
59959
59960
59963
59985
59986
59987
59990
60183
60184
60185
60188
60192
60193
60194
60197
60201
60202
60203
60206
60228
60229
60230
60233
60507
60508
60509
60512
60516
60517
60518
60521
60525
60526
60527
60530
60552
60553
60554
60557
60588
60589
60590
60593
60597
60598
60599
60602
60606
60607
60608
60611
60633
60634
60635
60638
60669
60670
60671
60674
60678
60679
60680
60683
60687
60688
60689
60692
60714
60715
60716
60719
60912
60913
60914
60917
60921
60922
60923
60926
60930
60931
60932
60935
60957
60958
60959
60962
62694
62695
62696
62699
62703
62704
62705
62708
62712
62713
62714
62717
62739
62740
62741
62744
62775
62776
62777
62780
62784
62785
62786
62789
62793
62794
62795
62798
62820
62821
62822
62825
62856
62857
62858
62861
62865
62866
62867
62870
62874
62875
62876
62879
62901
62902
62903
62906
63099
63100
63101
63104
63108
63109
63110
63113
63117
63118
63119
63122
63144
63145
63146
63149
65610
65611
65612
65615
65619
65620
65621
65624
65628
65629
65630
65633
65655
65656
65657
65660
65691
65692
65693
65696
65700
65701
65702
65705
65709
65710
65711
65714
65736
65737
65738
65741
65772
65773
65774
65777
65781
65782
65783
65786
65790
65791
65792
65795
65817
65818
65819
65822
66015
66016
66017
66020
66024
66025
66026
66029
66033
66034
66035
66038
66060
66061
66062
66065
66339
66340
66341
66344
66348
66349
66350
66353
66357
66358
66359
66362
66384
66385
66386
66389
66420
66421
66422
66425
66429
66430
66431
66434
66438
66439
66440
66443
66465
66466
66467
66470
66501
66502
66503
66506
66510
66511
66512
66515
66519
66520
66521
66524
66546
66547
66548
66551
66744
66745
66746
66749
66753
66754
66755
66758
66762
66763
66764
66767
66789
66790
66791
66794
67068
67069
67070
67073
67077
67078
67079
67082
67086
67087
67088
67091
67113
67114
67115
67118
67149
67150
67151
67154
67158
67159
67160
67163
67167
67168
67169
67172
67194
67195
67196
67199
67230
67231
67232
67235
67239
67240
67241
67244
67248
67249
67250
67253
67275
67276
67277
67280
67473
67474
67475
67478
67482
67483
67484
67487
67491
67492
67493
67496
67518
67519
67520
67523
69255
69256
69257
69260
69264
69265
69266
69269
69273
69274
69275
69278
69300
69301
69302
69305
69336
69337
69338
69341
69345
69346
69347
69350
69354
69355
69356
69359
69381
69382
69383
69386
69417
69418
69419
69422
69426
69427
69428
69431
69435
69436
69437
69440
69462
69463
69464
69467
69660
69661
69662
69665
69669
69670
69671
69674
69678
69679
69680
69683
69705
69706
69707
69710
72171
72172
72173
72176
72180
72181
72182
72185
72189
72190
72191
72194
72216
72217
72218
72221
72252
72253
72254
72257
72261
72262
72263
72266
72270
72271
72272
72275
72297
72298
72299
72302
72333
72334
72335
72338
72342
72343
72344
72347
72351
72352
72353
72356
72378
72379
72380
72383
72576
72577
72578
72581
72585
72586
72587
72590
72594
72595
72596
72599
72621
72622
72623
72626
72900
72901
72902
72905
72909
72910
72911
72914
72918
72919
72920
72923
72945
72946
72947
72950
72981
72982
72983
72986
72990
72991
72992
72995
72999
73000
73001
73004
73026
73027
73028
73031
73062
73063
73064
73067
73071
73072
73073
73076
73080
73081
73082
73085
73107
73108
73109
73112
73305
73306
73307
73310
73314
73315
73316
73319
73323
73324
73325
73328
73350
73351
73352
73355
73629
73630
73631
73634
73638
73639
73640
73643
73647
73648
73649
73652
73674
73675
73676
73679
73710
73711
73712
73715
73719
73720
73721
73724
73728
73729
73730
73733
73755
73756
73757
73760
73791
73792
73793
73796
73800
73801
73802
73805
73809
73810
73811
73814
73836
73837
73838
73841
74034
74035
74036
74039
74043
74044
74045
74048
74052
74053
74054
74057
74079
74080
74081
74084
75816
75817
75818
75821
75825
75826
75827
75830
75834
75835
75836
75839
75861
75862
75863
75866
75897
75898
75899
75902
75906
75907
75908
75911
75915
75916
75917
75920
75942
75943
75944
75947
75978
75979
75980
75983
75987
75988
75989
75992
75996
75997
75998
76001
76023
76024
76025
76028
76221
76222
76223
76226
76230
76231
76232
76235
76239
76240
76241
76244
76266
76267
76268
76271
91854
91855
91856
91859
91863
91864
91865
91868
91872
91873
91874
91877
91899
91900
91901
91904
91935
91936
91937
91940
91944
91945
91946
91949
91953
91954
91955
91958
91980
91981
91982
91985
92016
92017
92018
92021
92025
92026
92027
92030
92034
92035
92036
92039
92061
92062
92063
92066
92259
92260
92261
92264
92268
92269
92270
92273
92277
92278
92279
92282
92304
92305
92306
92309
92583
92584
92585
92588
92592
92593
92594
92597
92601
92602
92603
92606
92628
92629
92630
92633
92664
92665
92666
92669
92673
92674
92675
92678
92682
92683
92684
92687
92709
92710
92711
92714
92745
92746
92747
92750
92754
92755
92756
92759
92763
92764
92765
92768
92790
92791
92792
92795
92988
92989
92990
92993
92997
92998
92999
93002
93006
93007
93008
93011
93033
93034
93035
93038
93312
93313
93314
93317
93321
93322
93323
93326
93330
93331
93332
93335
93357
93358
93359
93362
93393
93394
93395
93398
93402
93403
93404
93407
93411
93412
93413
93416
93438
93439
93440
93443
93474
93475
93476
93479
93483
93484
93485
93488
93492
93493
93494
93497
93519
93520
93521
93524
93717
93718
93719
93722
93726
93727
93728
93731
93735
93736
93737
93740
93762
93763
93764
93767
95499
95500
95501
95504
95508
95509
95510
95513
95517
95518
95519
95522
95544
95545
95546
95549
95580
95581
95582
95585
95589
95590
95591
95594
95598
95599
95600
95603
95625
95626
95627
95630
95661
95662
95663
95666
95670
95671
95672
95675
95679
95680
95681
95684
95706
95707
95708
95711
95904
95905
95906
95909
95913
95914
95915
95918
95922
95923
95924
95927
95949
95950
95951
95954
