3
4
6
7
8
9
10
12
13
15
17
19
21
22
25
26
27
28
30
31
33
35
36
39
42
44
51
54
55
60
61
63
64
66
71
72
73
75
76
78
79
81
82
84
87
88
90
91
94
96
98
100
102
103
105
111
112
114
115
116
117
123
125
132
134
135
136
141
152
153
154
171
177
189
190
195
196
198
199
210
211
215
228
234
235
243
244
246
252
253
256
269
270
271
273
285
287
294
296
297
298
315
316
336
345
350
351
352
396
397
486
487
492
493
495
496
507
508
540
541
546
547
549
550
561
562
567
568
573
574
576
577
588
589
675
676
681
682
684
685
696
697
729
730
732
735
736
738
739
744
746
750
751
755
756
757
762
764
768
773
783
784
789
790
792
793
804
805
810
811
813
816
817
819
820
825
827
831
832
843
845
852
854
861
863
864
865
882
883
918
919
924
925
927
928
939
940
1014
1016
1023
1025
1026
1027
1044
1045
1095
1097
1104
1106
1107
1108
1125
1126
1176
1178
1185
1187
1188
1189
1206
1207
1215
1216
1224
1225
1230
1232
1248
1250
1377
1378
1386
1387
1392
1394
1410
1412
1701
1702
1707
1708
1710
1711
1722
1723
1755
1756
1761
1762
1764
1765
1776
1777
1782
1783
1788
1789
1791
1792
1803
1804
1890
1891
1896
1897
1899
1900
1911
1912
2553
2555
2562
2564
2565
2566
2583
2584
2634
2636
2643
2645
2646
2647
2664
2665
2673
2674
2682
2683
2688
2690
2706
2708
2835
2836
2844
2845
2850
2852
2868
2870
