2
4
5
7
8
9
10
11
13
14
16
17
18
19
20
22
23
25
26
28
29
31
32
34
36
37
38
40
41
43
44
45
46
47
49
50
52
53
55
56
58
59
61
62
63
64
65
67
68
70
71
72
73
74
76
77
79
80
81
82
83
85
86
88
89
90
91
92
94
95
97
98
99
100
101
103
104
106
107
109
110
112
113
115
116
117
118
119
121
124
125
126
127
128
131
133
134
136
137
139
140
142
143
144
145
146
148
149
151
152
153
154
155
158
160
161
162
163
164
169
170
171
172
173
176
178
180
181
182
198
199
207
208
215
220
227
230
236
241
242
252
253
254
256
261
262
266
271
272
275
277
286
288
289
290
293
295
301
302
305
306
307
308
319
320
324
325
328
329
334
341
342
343
344
346
352
355
360
364
365
369
370
371
374
376
377
379
382
386
389
391
394
395
397
398
400
401
405
406
409
410
412
413
414
415
416
418
419
421
422
423
424
425
427
428
430
431
433
434
436
437
446
450
451
455
457
458
460
461
463
464
467
468
469
470
472
473
475
476
477
478
479
481
482
484
485
495
496
497
499
508
511
512
514
515
518
520
522
523
524
527
531
532
533
535
542
550
556
558
565
567
568
572
574
575
576
577
580
581
583
584
585
586
589
590
592
593
599
603
604
612
613
614
617
619
620
623
629
630
631
635
637
638
639
640
644
646
647
648
649
650
653
655
656
657
658
662
664
665
671
693
694
695
697
698
700
701
703
710
711
712
715
716
718
719
720
721
725
727
728
729
730
731
734
736
737
738
739
740
742
743
745
746
747
748
749
751
752
758
761
770
774
775
779
781
782
787
788
791
792
793
794
796
797
799
800
801
802
806
808
809
810
811
812
815
817
818
819
820
821
823
824
826
827
828
829
830
832
833
836
839
844
846
847
853
855
856
857
860
862
863
869
872
873
874
877
878
880
881
882
883
887
889
890
891
892
893
899
900
901
902
909
910
911
913
917
920
922
927
928
931
936
937
938
947
949
950
956
958
959
962
963
964
971
983
990
991
992
994
998
1001
1019
1022
1024
1028
1030
1031
1035
1036
1037
1039
1040
1046
1048
1049
1051
1053
1054
1055
1062
1063
1064
1100
1103
1105
1109
1112
1116
1117
1129
1130
1134
1135
1136
1139
1141
1142
1143
1144
1145
1148
1150
1151
1152
1153
1163
1166
1168
1177
1179
1180
1181
1184
1186
1187
1193
1197
1198
1202
1204
1205
1206
1207
1211
1213
1214
1249
1258
1260
1261
1262
1280
1283
1289
1294
1296
1297
1298
1301
1303
1304
1305
1306
1310
1312
1313
1314
1315
1325
1328
1330
1339
1341
1342
1343
1346
1348
1349
1359
1360
1364
1366
1367
1368
1369
1373
1375
1376
1377
1378
1382
1384
1385
1386
1387
1391
1393
1394
1395
1396
1406
1409
1422
1423
1427
1429
1430
1436
1440
1441
1442
1445
1447
1448
1449
1450
1451
1454
1456
1457
1458
1459
1460
1467
1468
1472
1474
1476
1477
1487
1490
1539
1540
1541
1548
1549
1553
1555
1573
1582
1584
1585
1586
1589
1591
1598
1602
1603
3645
3646
3650
3652
3653
3654
3655
3659
3661
3662
3690
3691
3695
3697
3698
3708
3709
3713
3715
3716
3717
3718
3722
3724
3725
3726
3727
3731
3733
3734
3735
3736
3740
3742
3743
3771
3772
3776
3778
3779
3789
3790
3794
3796
3797
3798
3799
3803
3805
3806
4050
4051
4055
4057
4058
4059
4060
4064
4066
4067
4095
4096
4100
4102
4103
4113
4114
4118
4120
4121
4122
4123
4127
4129
4130
4212
4213
4217
4219
4220
4221
4222
4226
4228
4229
4257
4258
4262
4264
4265
4275
4276
4280
4282
4283
4284
4285
4289
4291
4292
4293
4294
4298
4300
4301
4302
4303
4307
4309
4310
4338
4339
4343
4345
4346
4356
4357
4361
4363
4364
4365
4366
4370
4372
4373
5103
5104
5108
5110
5111
5112
5113
5117
5119
5120
5148
5149
5153
5155
5156
5166
5167
5171
5173
5174
5175
5176
5180
5182
5183
5184
5185
5189
5191
5192
5193
5194
5198
5200
5201
5229
5230
5234
5236
5237
5247
5248
5252
5254
5255
5256
5257
5261
5263
5264
5508
5509
5513
5515
5516
5517
5518
5522
5524
5525
5553
5554
5558
5560
5561
5571
5572
5576
5578
5579
5580
5581
5585
5587
5588
5670
5671
5675
5677
5678
5679
5680
5684
5686
5687
5715
5716
5720
5722
5723
5733
5734
5738
5740
5741
5742
5743
5747
5749
5750
5751
5752
5756
5758
5759
5760
5761
5765
5767
5768
5796
5797
5801
5803
5804
5814
5815
5819
5821
5822
5823
5824
5828
5830
5831
5832
5833
5837
5839
5840
5841
5842
5846
5848
5849
5877
5878
5882
5884
5885
5895
5896
5900
5902
5903
5904
5905
5909
5911
5912
5913
5914
5918
5920
5921
5922
5923
5927
5929
5930
5958
5959
5963
5965
5966
5976
5977
5981
5983
5984
5985
5986
5990
5992
5993
6237
6238
6242
6244
6245
6246
6247
6251
6253
6254
6282
6283
6287
6289
6290
6300
6301
6305
6307
6308
6309
6310
6314
6316
6317
6399
6400
6404
6406
6407
6408
6409
6413
6415
6416
6444
6445
6449
6451
6452
6462
6463
6467
6469
6470
6471
6472
6476
6478
6479
6480
6481
6485
6487
6488
6489
6490
6494
6496
6497
6525
6526
6530
6532
6533
6543
6544
6548
6550
6551
6552
6553
6557
6559
6560
6561
6562
6566
6568
6569
6570
6571
6575
6577
6578
6606
6607
6611
6613
6614
6624
6625
6629
6631
6632
6633
6634
6638
6640
6641
6642
6643
6647
6649
6650
6651
6652
6656
6658
6659
6687
6688
6692
6694
6695
6705
6706
6710
6712
6713
6714
6715
6719
6721
6722
6966
6967
6971
6973
6974
6975
6976
6980
6982
6983
7011
7012
7016
7018
7019
7029
7030
7034
7036
7037
7038
7039
7043
7045
7046
7128
7129
7133
7135
7136
7137
7138
7142
7144
7145
7173
7174
7178
7180
7181
7191
7192
7196
7198
7199
7200
7201
7205
7207
7208
7209
7210
7214
7216
7217
7218
7219
7223
7225
7226
7254
7255
7259
7261
7262
7272
7273
7277
7279
7280
7281
7282
7286
7288
7289
7290
7291
7295
7297
7298
7299
7300
7304
7306
7307
7335
7336
7340
7342
7343
7353
7354
7358
7360
7361
7362
7363
7367
7369
7370
7371
7372
7376
7378
7379
7380
7381
7385
7387
7388
7416
7417
7421
7423
7424
7434
7435
7439
7441
7442
7443
7444
7448
7450
7451
7695
7696
7700
7702
7703
7704
7705
7709
7711
7712
7740
7741
7745
7747
7748
7758
7759
7763
7765
7766
7767
7768
7772
7774
7775
7857
7858
7862
7864
7865
7866
7867
7871
7873
7874
7902
7903
7907
7909
7910
7920
7921
7925
7927
7928
7929
7930
7934
7936
7937
7938
7939
7943
7945
7946
7947
7948
7952
7954
7955
7983
7984
7988
7990
7991
8001
8002
8006
8008
8009
8010
8011
8015
8017
8018
