2
3
4
5
6
7
8
9
10
11
12
13
14
15
16
17
18
19
21
22
27
28
29
30
31
33
36
38
39
41
42
45
46
47
48
49
50
51
52
53
54
55
56
57
58
59
60
62
63
67
69
70
71
72
73
75
76
77
78
80
81
82
83
84
86
87
89
90
91
92
93
94
95
96
97
98
99
100
102
103
107
108
109
111
117
118
120
121
123
124
126
127
129
130
131
132
133
134
135
136
140
141
142
143
144
145
146
147
148
153
154
155
156
158
159
161
162
163
164
165
171
172
173
174
178
405
406
410
411
413
414
415
419
420
422
450
451
455
456
458
459
460
464
465
467
477
478
482
483
485
486
487
491
492
494
495
496
500
501
503
531
532
536
537
539
540
541
545
546
548
558
559
563
564
566
648
649
653
654
656
657
658
662
663
665
693
694
698
699
701
702
703
707
708
710
720
721
725
726
728
729
730
734
735
737
738
739
743
744
746
774
775
779
780
782
783
784
788
789
791
801
802
806
807
809
810
811
815
816
818
819
820
824
825
827
855
856
860
861
863
864
865
869
870
872
882
883
887
888
890
