7
9
10
11
13
14
16
46
47
55
56
58
59
61
63
64
65
67
68
73
74
76
81
82
83
86
90
91
92
95
97
99
100
101
104
109
110
115
117
118
119
121
122
124
126
127
131
140
144
145
416
418
423
463
478
479
481
488
493
495
515
522
531
532
533
535
542
544
550
551
567
568
580
585
586
590
612
613
614
623
631
640
643
657
662
666
671
685
691
695
697
704
712
715
729
730
736
738
739
740
743
745
747
748
757
758
761
772
774
779
781
788
794
797
802
803
810
811
819
820
821
824
826
828
829
833
835
839
842
844
847
853
855
856
860
868
869
873
874
891
892
900
901
902
928
936
937
947
949
976
990
1006
1022
1031
1033
1035
1036
1058
1062
1071
1081
1099
1103
1109
1112
1116
1117
1121
1134
1135
1143
1144
1148
1150
1166
1168
1177
1179
1180
1249
1258
1260
1261
1294
1296
1297
1305
1306
1310
1312
4160
4178
4180
4565
4628
4635
4636
4637
4646
4694
4745
4747
4754
4775
4779
4780
4788
4789
4790
4797
4798
4799
4810
4815
4816
4819
4826
4828
4889
4907
4909
5265
5266
5274
5275
5276
5310
5311
5423
5474
5483
5504
5508
5509
5517
5518
5519
5526
5527
5531
5585
5607
5608
5612
5798
5800
5818
6203
6205
6248
6255
6256
6257
6268
6273
6274
6277
6284
6286
6385
6430
6435
6436
6439
6466
6527
6529
6547
6561
6562
6570
6571
6572
6575
6577
6620
6626
6629
6642
6643
6651
6652
6653
6656
6658
6660
6661
6665
6676
6685
6687
6688
6692
6701
6705
6706
7076
7092
7093
7094
7096
7146
7147
7151
7173
7174
7175
7184
7256
7258
7276
7290
7291
7299
7300
7301
7304
7306
7349
7355
7358
7371
7372
7380
7381
7382
7385
7387
7389
7390
7394
7405
7414
7416
7417
7421
7430
7434
7435
7452
7453
7461
7462
7463
7497
7498
7499
7508
7580
7583
7589
7592
7596
7597
7598
7601
7664
7673
7677
7678
7695
7696
7704
7705
7709
7711
7727
7729
7738
7740
7741
7810
7819
7821
7822
7855
7857
7858
7866
7867
7871
7873
8019
8020
8028
8029
8030
8078
8084
8087
8100
8101
8109
8110
8111
8118
8119
8123
8228
8237
8309
8318
8321
8327
8330
8339
8390
8399
8420
8424
8425
8433
8434
8435
9187
9196
9198
9199
9268
9277
9279
9280
9313
9315
9316
9324
9325
9329
9331
9916
9925
9927
9928
9997
10006
10008
10009
10042
10044
10045
10053
10054
10058
10060
10206
10207
10215
10216
10220
10222
10287
10288
10296
10297
10301
10303
10321
10330
10332
10333
10337
10346
10350
10351
10366
10447
10481
10483
10492
10494
10495
10499
10508
10512
10513
10580
10589
10593
10594
10611
10612
10620
10621
10625
10627
10643
11228
11237
11241
11242
11309
11318
11322
11323
11340
11341
11349
11350
11354
11356
11372
11534
11615
11633
11642
11646
11647
11662
11664
11665
11673
11674
11678
11680
11745
11746
11754
11755
11759
11761
11779
11788
11790
11791
11795
11804
11808
11809
