2
3
4
5
6
7
8
9
10
11
12
13
14
15
16
17
18
19
20
21
22
23
24
25
26
27
28
29
30
31
32
34
35
36
37
38
39
40
41
42
43
44
45
46
47
48
49
50
51
52
53
54
55
56
57
58
59
60
61
62
63
64
65
66
67
68
70
71
72
73
74
75
76
77
78
81
82
83
84
85
86
87
88
89
90
91
93
94
95
96
97
98
100
102
103
106
108
109
110
111
112
113
114
115
116
117
118
119
120
121
122
123
124
126
127
129
130
131
133
135
136
138
139
142
143
144
145
146
147
148
149
150
151
152
153
154
155
156
157
159
162
163
164
168
170
171
172
176
183
184
189
190
192
193
195
197
198
199
200
201
202
204
205
206
210
211
214
215
219
220
243
244
246
247
248
250
252
253
255
256
257
258
259
264
265
270
271
273
274
275
277
279
280
282
283
284
285
286
288
289
291
292
293
295
306
307
309
310
311
313
324
325
327
328
329
331
333
334
336
337
338
340
351
352
354
355
356
358
360
361
363
364
365
367
369
370
372
373
374
376
387
388
390
391
392
394
405
406
408
409
410
412
414
415
417
418
419
421
432
433
435
436
437
439
441
442
444
445
446
448
450
451
453
454
455
457
468
469
471
472
473
475
567
568
570
571
572
574
576
577
579
580
581
583
594
595
597
598
599
601
603
604
606
607
608
610
612
613
615
616
617
619
630
631
633
634
635
637
729
730
732
733
734
736
738
739
741
742
743
745
756
757
759
760
761
763
765
766
768
769
770
772
774
775
777
778
779
781
792
793
795
796
797
799
810
811
813
814
815
817
819
820
822
823
824
826
837
838
840
841
842
844
846
847
849
850
851
853
855
856
858
859
860
862
873
874
876
877
878
880
972
973
975
976
977
979
981
982
984
985
986
988
999
1000
