2
4
5
6
7
8
9
10
11
12
13
14
15
16
17
18
19
20
21
22
23
24
25
26
28
29
30
31
32
33
34
35
36
37
38
39
40
41
42
43
44
45
46
47
48
49
50
51
52
53
54
55
56
57
58
59
60
61
62
63
64
65
66
67
68
69
70
71
72
73
74
75
76
77
78
79
80
81
82
83
84
85
86
87
88
89
90
91
92
93
94
95
96
97
98
99
100
101
102
103
104
105
106
107
108
109
110
111
112
113
114
115
116
117
118
119
120
121
122
123
124
125
126
127
128
129
130
131
132
133
134
135
136
137
138
139
140
141
142
143
144
145
146
147
148
149
150
151
152
153
154
155
156
157
158
159
160
161
162
163
164
165
166
167
168
169
170
171
172
173
174
175
176
177
178
179
180
181
182
183
184
185
186
187
188
189
190
191
192
193
194
195
196
197
198
199
200
201
202
203
204
205
206
207
208
209
210
211
212
213
214
215
216
217
218
220
221
222
223
224
225
226
227
228
229
230
231
232
233
234
235
236
237
238
239
240
241
244
247
248
249
250
251
252
253
254
255
256
257
258
259
260
261
262
263
264
265
266
267
268
269
270
271
272
273
274
275
276
277
278
279
280
281
282
283
284
285
286
287
288
289
290
291
292
293
294
295
296
297
298
300
301
302
303
304
305
306
307
308
309
310
311
312
313
314
315
316
317
318
319
320
321
322
324
325
326
328
329
330
331
332
333
334
335
336
337
338
339
340
341
342
343
344
345
346
347
348
349
350
351
352
353
354
355
356
357
358
360
361
362
364
365
366
367
368
369
370
371
372
373
374
375
376
377
378
379
380
381
382
383
384
385
386
387
388
389
390
391
392
393
394
395
396
397
398
399
400
401
402
403
405
406
407
408
409
410
411
412
413
414
415
416
417
418
419
420
421
422
423
424
425
426
427
428
429
430
431
432
433
434
435
436
437
438
439
441
442
444
445
446
447
448
450
451
452
453
454
455
456
457
458
459
460
461
462
463
464
465
466
467
468
469
470
471
472
473
474
475
476
477
478
479
480
481
482
483
485
486
487
490
491
492
493
494
495
496
497
498
499
500
501
502
503
504
505
506
507
508
509
510
511
512
513
514
515
516
517
518
519
520
522
523
524
525
526
527
528
529
530
531
532
533
534
535
536
537
538
539
540
541
542
543
544
545
546
547
548
549
550
551
552
553
554
555
556
557
558
559
560
561
562
563
564
565
566
567
568
569
570
571
572
573
574
575
576
577
578
579
580
581
582
583
584
585
586
587
588
589
590
591
592
593
594
595
596
597
598
599
600
601
602
603
604
605
606
607
608
609
610
611
612
613
614
615
616
617
618
619
620
621
622
623
624
625
626
627
628
629
630
631
632
633
634
635
636
637
638
639
640
641
642
643
644
645
646
647
648
649
650
652
653
654
655
656
657
658
659
660
661
662
663
664
665
666
667
668
669
670
671
672
673
674
675
676
677
678
679
680
681
682
683
684
685
686
688
689
690
691
692
693
694
695
696
697
698
699
700
701
702
703
704
705
706
707
708
709
710
711
712
713
714
715
716
717
718
719
720
721
722
723
724
725
726
727
728
729
730
731
733
734
735
736
737
738
739
740
741
742
743
744
745
746
747
748
749
750
751
752
753
754
755
756
757
758
759
760
761
762
763
764
765
766
767
768
769
770
771
772
773
774
775
776
777
778
779
780
781
782
783
784
785
787
788
789
790
791
792
793
794
795
796
797
798
799
800
801
802
803
805
806
807
808
809
810
811
812
813
814
815
816
817
818
819
820
821
822
823
824
825
826
827
828
829
830
831
832
833
834
835
836
837
838
839
840
841
842
843
844
845
846
847
848
849
850
852
853
854
855
856
857
858
859
860
861
862
863
864
865
866
868
869
870
871
872
873
874
875
876
877
878
879
880
881
882
883
884
885
886
888
889
890
891
892
893
894
895
896
897
898
899
900
901
902
903
904
905
906
907
908
909
910
911
912
913
914
915
916
917
918
919
920
921
922
923
924
925
926
927
928
929
930
931
933
934
935
936
937
938
939
940
942
943
944
945
946
947
949
950
951
952
953
954
955
956
957
958
959
960
961
962
963
964
965
966
967
969
970
971
972
973
974
975
977
978
979
980
981
982
983
984
985
986
987
988
990
991
992
993
994
995
996
997
998
999
1000
1001
1002
1003
1004
1005
1006
1007
1008
1009
1010
1011
1012
1013
1014
1015
1016
1017
1018
1019
1020
1021
1022
1023
1024
1025
1026
1027
1028
1029
1030
1031
1032
1033
1034
1035
1036
1037
1038
1039
1040
1041
1042
1043
1044
1045
1046
1047
1049
1050
1051
1053
1054
1055
1057
1058
1059
1060
1062
1063
1064
1065
1066
1067
1068
1069
1070
1071
1072
1073
1074
1075
1076
1077
1078
1079
1080
1081
1082
1083
1084
1085
1086
1087
1088
1089
1090
1091
1092
1093
1095
1096
1099
1101
1102
1103
1104
1105
1106
1107
1108
1109
1110
1111
1112
1113
1114
1115
1116
1117
1118
1119
1120
1122
1123
1124
1125
1126
1127
1128
1129
1130
1131
1132
1134
1135
1138
1139
1140
1141
1142
1143
1144
1145
1146
1147
1148
1149
1150
1151
1152
1153
1154
1155
1156
1157
1158
1159
1160
1161
1162
1163
1164
1165
1166
1167
1168
1169
1170
1171
1172
1173
1174
1176
1177
1178
1179
1180
1181
1182
1183
1185
1186
1187
1188
1189
1190
1191
1192
1193
1194
1195
1196
1197
1198
1199
1200
1201
1202
1203
1204
1205
1206
1207
1208
1209
1211
1212
1213
1214
1215
1216
1217
1219
1221
1222
1223
1224
1225
1226
1227
1228
1230
1231
1232
1233
1234
1235
1236
1237
1239
1240
1241
1243
1244
1246
1247
1248
1249
1250
1251
1252
1253
1254
1255
1257
1258
1260
1261
1262
1263
1264
1266
1267
1268
1269
1270
1271
1272
1273
1274
1275
1276
1277
1278
1279
1280
1281
1282
1283
1284
1285
1286
1287
1288
1289
1290
1291
1292
1293
1294
1296
1297
1298
1300
1301
1302
1303
1304
1305
1306
1307
1308
1309
1311
1312
1313
1314
1315
1316
1317
1318
1319
1320
1321
1322
1323
1324
1327
1328
1329
1330
1331
1332
1333
1334
1335
1336
1338
1339
1340
1341
1342
1344
1345
1346
1347
1348
1350
1351
1353
1354
1355
1356
1357
1358
1359
1360
1361
1362
1363
1365
1366
1367
1368
1369
1370
1371
1372
1373
1374
1375
1376
1377
1378
1379
1381
1382
1383
1384
1385
1386
1387
1389
1390
1391
1392
1393
1394
1395
1396
1397
1398
1399
1400
1401
1402
1403
1404
1405
1407
1408
1409
1410
1411
1412
1413
1414
1419
1420
1423
1424
1425
1426
1427
1428
1429
1431
1432
1433
1435
1437
1438
1439
1440
1441
1442
1443
1444
1446
1447
1450
1455
1456
1458
1459
1460
1462
1463
1465
1466
1467
1468
1469
1470
1471
1473
1474
1475
1476
1477
1478
1480
1482
1483
1487
1489
1491
1492
1493
1494
1495
1496
1498
1499
1500
1501
1502
1503
1504
1505
1506
1507
1508
1509
1510
1511
1512
1513
1516
1517
1518
1519
1520
1521
1522
1523
1524
1526
1527
1528
1529
1530
1531
1532
1534
1536
1537
1538
1539
1540
1541
1543
1544
1545
1546
1547
1548
1549
1550
1551
1552
1553
1554
1555
1557
1558
1559
1560
1561
1562
1563
1564
1565
1566
1567
1568
1569
1570
1571
1572
1573
1574
1575
1576
1577
1578
1579
1581
1582
1583
1584
1585
1587
1588
1589
1590
1591
1592
1593
1594
1595
1597
1598
1599
1600
1601
1602
1603
1604
1605
1606
1607
1609
1610
1611
1612
1613
1615
1616
1617
1618
1620
1621
1622
1624
1625
1626
1628
1629
1630
1631
1632
1633
1635
1636
1637
1638
1639
1640
1641
1642
1643
1644
1645
1646
1647
1648
1651
1653
1654
1655
1656
1657
1658
1659
1660
1661
1662
1663
1665
1666
1668
1670
1671
1672
1673
1674
1675
1676
1677
1678
1679
1680
1681
1682
1683
1684
1685
1687
1688
1689
1690
1691
1692
1694
1696
1697
1698
1699
1700
1701
1702
1706
1707
1709
1710
1711
1714
1715
1716
1717
1720
1722
1723
1724
1725
1726
1729
1732
1734
1735
1737
1738
1743
1744
1745
1746
1747
1748
1749
1750
1752
1753
1754
1755
1756
1758
1759
1761
1762
1763
1764
1765
1766
1767
1768
1769
1770
1771
1772
1773
1774
1775
1776
1778
1782
1783
1784
1786
1787
1788
1791
1792
1793
1794
1795
1796
1797
1798
1799
1800
1801
1802
1804
1806
1807
1809
1810
1811
1812
1813
1817
1818
1819
1820
1821
1822
1823
1824
1825
1827
1828
1831
1832
1833
1834
1835
1836
1837
1838
1840
1842
1843
1844
1845
1846
1847
1848
1849
1851
1852
1855
1856
1857
1858
1859
1860
1861
1863
1864
1867
1868
1869
1870
1872
1873
1874
1876
1877
1878
1879
1882
1883
1887
1888
1889
1890
1891
1892
1893
1894
1895
1899
1900
1901
1904
1905
1906
1908
1909
1912
1913
1914
1915
1917
1918
1919
1921
1923
1924
1926
1927
1928
1930
1932
1933
1937
1939
1940
1941
1942
1944
1945
1946
1948
1949
1950
1951
1953
1954
1955
1956
1957
1958
1959
1960
1962
1963
1964
1966
1967
1968
1969
1980
1981
1982
1984
1986
1987
1995
1996
1998
1999
2000
2002
2004
2005
2007
2008
2009
2010
2011
2013
2014
2018
2020
2022
2023
2025
2026
2027
2029
2030
2031
2032
2034
2035
2036
2037
2038
2039
2040
2041
2043
2044
2045
2047
2048
2049
2050
2052
2053
2056
2058
2059
2061
2062
2063
2064
2065
2067
2068
2075
2076
2077
2079
2080
2083
2084
2085
2086
2088
2089
2091
2092
2094
2095
2101
2102
2103
2104
2110
2111
2112
2113
2115
2119
2120
2121
2122
2128
2129
2130
2131
2134
2137
2138
2139
2140
2142
2143
2146
2147
2148
2149
2151
2152
2156
2157
2158
2160
2161
2162
2164
2166
2167
2169
2170
2171
2172
2173
2175
2176
2182
2183
2184
2185
2245
2246
2250
2251
2254
2257
2260
2268
2269
2283
2284
2290
2293
2294
2296
2301
2302
2303
2312
2347
2356
2357
2358
2364
2365
2372
2373
2374
2375
2377
2385
2386
2387
2388
2389
2390
2391
2392
2393
2394
2395
2397
2398
2399
2400
2402
2403
2404
2406
2407
2409
2410
2411
2412
2413
2416
2417
2418
2419
2421
2425
2426
2428
2438
2439
2449
2452
2453
2454
2455
2456
2458
2461
2463
2464
2465
2466
2467
2468
2469
2470
2472
2474
2481
2483
2484
2485
2487
2490
2491
2493
2494
2495
2496
2497
2498
2500
2501
2502
2503
2504
2505
2506
2507
2508
2509
2511
2512
2515
2516
2517
2520
2521
2522
2528
2529
2531
2532
2534
2536
2537
2538
2539
2542
2544
2545
2546
2547
2548
2549
2550
2551
2553
2555
2559
2561
2564
2565
2566
2568
2569
2570
2571
2578
2580
2582
2583
2584
2586
2589
2590
2601
2602
2605
2607
2613
2616
2617
2619
2620
2623
2625
2626
2628
2629
2632
2634
2635
2638
2639
2640
2641
2643
2646
2647
2650
2651
2652
2655
2656
2657
2659
2660
2661
2662
2663
2664
2665
2666
2667
2668
2669
2670
2671
2672
2673
2674
2677
2678
2679
2680
2681
2682
2683
2684
2686
2687
2688
2689
2690
2692
2694
2695
2696
2697
2698
2699
2701
2704
2706
2707
2709
2710
2711
2713
2715
2716
2719
2720
2724
2727
2728
2731
2733
2734
2736
2737
2740
2742
2743
2746
2747
2751
2752
2754
2755
2756
2758
2759
2760
2761
2762
2763
2764
2767
2768
2769
2770
2772
2774
2777
2778
2779
2782
2785
2787
2788
2790
2791
2792
2794
2796
2800
2803
2805
2808
2809
2815
2817
2818
2819
2821
2823
2824
2827
2828
2830
2831
2841
2848
2849
2850
2851
2858
2859
2860
2866
2868
2869
2871
2872
2875
2876
2878
2880
2881
2885
2911
2912
2916
2917
2918
2920
2921
2922
2923
2924
2925
2926
2927
2929
2931
2932
2934
2935
2936
2938
2939
2940
2941
2947
2949
2950
2952
2953
2954
2956
2957
2958
2959
2961
2962
2965
2966
2967
2969
2970
2971
2974
2976
2979
2980
2985
2986
2987
2988
2989
2996
2997
2998
2999
3001
3002
3003
3004
3005
3006
3007
3008
3010
3012
3013
3015
3016
3017
3019
3021
3022
3033
3034
3035
3037
3039
3040
3046
3048
3049
3050
3051
3052
3053
3055
3057
3058
3060
3061
3062
3064
3066
3067
3068
3069
3070
3075
3076
3077
3078
3079
3080
3082
3087
3088
3089
3091
3093
3094
3095
3096
3097
3098
3100
3102
3103
3104
3109
3111
3112
3114
3115
3116
3118
3120
3121
3127
3129
3130
3131
3132
3133
3134
3136
3138
3139
3141
3142
3143
3145
3147
3148
3149
3150
3151
3156
3157
3158
3190
3192
3193
3195
3196
3199
3201
3202
3208
3210
3212
3213
3214
3217
3219
3220
3222
3223
3226
3229
3235
3236
3240
3241
3242
3244
3245
3246
3247
3248
3249
3250
3251
3253
3255
3256
3257
3258
3259
3260
3262
3264
3265
3266
3271
3273
3274
3276
3277
3278
3280
3281
3282
3283
3285
3286
3287
3288
3289
3290
3293
3294
3295
3298
3299
3301
3303
3304
3307
3310
3316
3317
3321
3322
3323
3325
3326
3327
3329
3330
3331
3332
3333
3334
3335
3336
3337
3338
3339
3340
3341
3342
3343
3345
3346
3347
3348
3349
3350
3351
3352
3353
3354
3355
3357
3358
3360
3361
3362
3363
3364
3366
3367
3368
3369
3371
3374
3380
3383
3387
3389
3390
3391
3392
3393
3394
3395
3401
3402
3403
3406
3408
3409
3410
3411
3412
3417
3418
3419
3424
3426
3427
3428
3433
3435
3436
3438
3439
3442
3443
3444
3445
3447
3448
3449
3450
3452
3455
3461
3463
3465
3466
3469
3472
3483
3484
3487
3488
3489
3490
3491
3492
3493
3496
3497
3498
3499
3506
3507
3508
3514
3516
3517
3519
3520
3523
3544
3546
3547
3550
3553
3559
3560
3577
3578
3579
3580
3587
3588
3589
3595
3597
3598
3600
3601
3604
3605
3607
3609
3610
3614
3640
3641
3645
3646
3647
3649
3650
3651
3653
3654
3655
3656
3657
3663
3664
3665
3668
3669
3670
3676
3678
3679
3681
3682
3685
3686
3688
3690
3691
3692
3693
3695
3696
3698
3699
3700
3704
3705
3707
3711
3713
3716
3717
3718
3719
3725
3726
3727
3728
3730
3731
3732
3734
3735
3736
3737
3738
3739
3740
3741
3742
3744
3745
3746
3747
3752
3753
3754
3755
3756
3757
3758
3759
3760
3762
3763
3765
3766
3767
3769
3771
3772
3776
3777
3780
3781
3786
3787
3789
3790
3793
3795
3796
3797
3798
3799
3806
3807
3808
3809
3812
3815
3816
3817
3818
3819
3820
3821
3822
3823
3824
3825
3826
3827
3828
3829
3831
3832
3833
3834
3835
3836
3837
3838
3839
3840
3841
3843
3844
3846
3847
3849
3850
3856
3860
3861
3862
3865
3869
3870
3871
3873
3875
3876
3877
3878
3879
3880
3881
3887
3888
3889
3890
3893
3896
3897
3898
3899
3900
3906
3907
3908
3909
3914
3915
3916
3917
3918
3920
3921
3922
3924
3925
3927
3928
3929
3930
3931
3933
3934
3935
3936
3937
3938
3941
3942
3943
3946
3947
3951
3952
3969
3970
3973
3975
3976
3977
3978
3979
3984
3985
3986
3990
3991
3993
3994
3995
3996
3997
3998
3999
4000
4001
4002
4003
4005
4006
4008
4009
4010
4011
4012
4014
4015
4016
4017
4018
4019
4022
4023
4024
4027
4028
4030
4032
4033
4036
4039
4045
4046
4050
4051
4052
4054
4055
4056
4058
4059
4060
4061
4062
4063
4064
4065
4066
4067
4068
4069
4070
4071
4072
4074
4075
4076
4077
4078
4079
4080
4081
4082
4089
4091
4093
4095
4096
4097
4098
4100
4101
4103
4104
4105
4109
4110
4112
4116
4118
4121
4122
4123
4124
4126
4127
4130
4131
4132
4135
4136
4137
4140
4141
4144
4145
4146
4147
4154
4155
4156
4172
4176
4177
4178
4179
4181
4182
4184
4185
4186
4190
4191
4193
4197
4199
4202
4203
4204
4205
4211
4229
4233
4234
4236
4237
4238
4239
4240
4241
4242
4243
4244
4251
4253
4257
4258
4259
4260
4261
4262
4265
4266
4267
4270
4271
4274
4275
4276
4278
4280
4281
4282
4283
4284
4285
4286
4288
4289
4292
4293
4294
4295
4297
4298
4299
4300
4301
4302
4303
4304
4305
4306
4307
4308
4309
4310
4311
4312
4313
4315
4316
4317
4318
4319
4324
4326
4327
4329
4330
4333
4334
4336
4338
4339
4343
4355
4359
4361
4362
4363
4364
4365
4366
4367
4369
4370
4373
4374
4375
4378
4379
4380
4381
4382
4383
4384
4386
4387
4389
4390
4397
4398
4399
4405
4407
4408
4410
4411
4414
4415
4416
4417
4419
4420
4423
4424
4425
4427
4428
4429
4432
4434
4435
4437
4438
4440
4441
4443
4444
4445
4446
4447
4452
4453
4454
4455
4456
4459
4460
4461
4462
4463
4464
4465
4467
4468
4469
4470
4471
4479
4480
4482
4483
4486
4488
4489
4491
4492
4494
4495
4496
4497
4498
4500
4501
4504
4505
4506
4507
4508
4509
4510
4513
4515
4516
4518
4519
4521
4522
4524
4525
4526
4527
4528
4533
4534
4535
4549
4550
4551
4552
4553
4558
4559
4560
4561
4562
4567
4569
4570
4572
4573
4576
4577
4578
4579
4581
4582
4585
4586
4587
4589
4590
4591
4594
4596
4597
4599
4600
4602
4603
4605
4606
4607
4608
4609
4612
4613
4614
4615
4616
4640
4641
4642
4650
4651
4653
4654
4657
4659
4660
4666
4670
4671
4672
4675
4680
4681
4698
4699
4702
4704
4705
4706
4707
4708
4713
4714
4715
4720
4722
4723
4724
4729
4731
4732
4734
4735
4738
4739
4740
4741
4743
4744
4745
4746
4747
4748
4751
4752
4753
4756
4757
4761
4762
4779
4780
4781
4784
4787
4788
4789
4790
4791
4796
4797
4798
4799
4800
4801
4803
4804
4805
4806
4807
4808
4809
4810
4811
4818
4820
4824
4825
4826
4827
4829
4830
4832
4833
4834
4838
4839
4841
4845
4847
4850
4851
4852
4853
4855
4856
4859
4860
4861
4864
4865
4866
4867
4869
4870
4872
4873
4874
4875
4876
4883
4884
4885
4901
4905
4906
4907
4908
4910
4911
4913
4914
4915
4919
4920
4921
4922
4923
4924
4926
4927
4928
4929
4930
4931
4932
4933
4934
4938
4939
4940
4941
4942
4947
4948
4950
4951
4953
4954
4956
4957
4962
4965
4966
4967
4968
4969
4970
4971
4973
4974
4975
4977
4978
4980
4981
4982
4983
4984
4986
4987
4988
4989
4991
4992
4993
4994
4995
4996
5000
5001
5002
5003
5004
5005
5007
5008
5009
5010
5011
5012
5013
5014
5015
5019
5020
5021
5022
5023
5024
5027
5030
5031
5032
5033
5034
5040
5041
5042
5076
5077
5082
5083
5084
5085
5086
5088
5089
5090
5091
5092
5093
5094
5095
5096
5100
5101
5102
5103
5104
5107
5109
5110
5111
5112
5113
5115
5116
5118
5119
5127
5128
5136
5137
5139
5140
5143
5145
5146
5152
5156
5157
5158
5161
5163
5164
5166
5167
5169
5170
5172
5173
5174
5175
5176
5181
5182
5183
5184
5185
5188
5190
5191
5192
5193
5194
5196
5197
5199
5200
5208
5209
5211
5212
5217
5218
5220
5221
5223
5224
5226
5227
5233
5235
5236
5237
5238
5239
5242
5244
5245
5247
5248
5250
5251
5253
5254
5255
5256
5257
5262
5263
5264
5282
5286
5287
5289
5290
5291
5292
5293
5294
5295
5296
5297
5298
5299
5301
5302
5304
5305
5307
5308
5314
5318
5319
5320
5323
5325
5326
5327
5328
5329
5331
5332
5333
5334
5335
5336
5337
5338
5339
5343
5344
5345
5346
5347
5348
5351
5352
5353
5354
5355
5356
5357
5358
5359
5361
5362
5364
5365
5366
5367
5370
5371
5372
5373
5374
5375
5376
5378
5379
5380
5382
5383
5385
5386
5387
5388
5389
5391
5392
5393
5394
5396
5399
5400
5401
5405
5406
5407
5409
5410
5412
5413
5415
5416
5424
5425
5427
5428
5433
5434
5436
5437
5439
5440
5442
5443
5448
5451
5452
5453
5454
5455
5456
5457
5459
5460
5461
5463
5464
5466
5467
5468
5469
5470
5472
5473
5474
5475
5477
5478
5479
5480
5481
5482
5486
5487
5488
5490
5491
5493
5494
5496
5497
5505
5506
5508
5509
5510
5513
5516
5517
5518
5519
5520
5526
5527
5528
5529
5534
5535
5536
5537
5538
5540
5541
5542
5544
5545
5547
5548
5549
5550
5551
5553
5554
5555
5556
5558
5561
5562
5563
5567
5568
5569
5570
5571
5572
5574
5575
5576
5577
5578
5579
5580
5581
5582
5586
5587
5588
5589
5590
5593
5595
5596
5597
5598
5599
5601
5602
5604
5605
5606
5611
5613
5614
5615
5620
5622
5623
5625
5626
5629
5630
5631
5632
5634
5635
5636
5637
5639
5642
5643
5644
5648
5649
5650
5651
5652
5653
5655
5656
5657
5658
5659
5660
5661
5662
5663
5667
5668
5669
5670
5671
5674
5676
5677
5678
5679
5680
5682
5683
5685
5686
5687
5691
5692
5694
5695
5696
5697
5698
5699
5700
5701
5702
5703
5704
5706
5707
5709
5710
5711
5712
5713
5715
5716
5717
5718
5719
5720
5721
5722
5723
5724
5725
5728
5729
5730
5731
5732
5733
5734
5736
5737
5738
5739
5740
5741
5742
5743
5744
5748
5749
5750
5751
5752
5753
5755
5756
5757
5758
5759
5760
5761
5762
5763
5766
5767
5768
5769
5770
5771
5773
5775
5776
5777
5782
5805
5806
5811
5812
5813
5814
5815
5817
5818
5819
5820
5821
5822
5823
5824
5825
5829
5830
5831
5832
5833
5834
5836
5837
5838
5839
5840
5841
5842
5843
5844
5847
5848
5850
5851
5852
5865
5866
5868
5869
5872
5873
5874
5875
5877
5878
5879
5880
5881
5882
5885
5886
5887
5890
5891
5894
5895
5896
5898
5900
5901
5902
5903
5904
5905
5906
5912
5913
5914
5915
5917
5918
5919
5920
5921
5922
5923
5924
5925
5928
5929
5931
5932
5933
5934
5939
5940
5941
5942
5943
5945
5952
5962
5966
5967
5968
5971
5976
5977
5982
5983
5984
5985
5986
5993
5994
5995
5996
5999
6002
6003
6004
6005
6006
6011
6012
6013
6014
6016
6018
6019
6020
6025
6027
6028
6030
6031
6034
6036
6037
6043
6047
6048
6049
6052
6057
6058
6063
6064
6065
6066
6067
6074
6108
6109
6111
6112
6115
6117
6118
6318
6319
6324
6325
6327
6328
6330
6331
6333
6334
6342
6343
6372
6373
6378
6379
6380
6381
6382
6384
6385
6386
6387
6388
6389
6390
6391
6392
6396
6397
6398
6399
6400
6405
6406
6408
6409
6411
6412
6414
6415
6416
6420
6421
6423
6424
6425
6426
6427
6428
6429
6430
6431
6432
6433
6435
6436
6438
6439
6440
6441
6442
6444
6445
6446
6447
6448
6449
6450
6451
6452
6453
6454
6457
6458
6459
6460
6461
6462
6463
6465
6466
6467
6468
6469
6470
6471
6472
6473
6477
6478
6479
6480
6481
6482
6484
6485
6486
6487
6488
6489
6490
6491
6492
6495
6496
6497
6498
6499
6500
6502
6504
6505
6506
6511
6534
6535
6540
6541
6542
6543
6544
6546
6547
6548
6549
6550
6551
6552
6553
6554
6558
6559
6560
6561
6562
6563
6565
6566
6567
6568
6569
6570
6571
6572
6573
6574
6576
6577
6579
6580
6581
6583
6584
6585
6586
6592
6594
6595
6597
6598
6599
6601
6602
6603
6604
6606
6607
6608
6609
6610
6611
6612
6614
6615
6616
6619
6620
6621
6622
6623
6624
6625
6627
6628
6629
6630
6631
6632
6633
6634
6635
6639
6640
6641
6642
6643
6644
6646
6647
6648
6649
6650
6651
6652
6653
6654
6655
6657
6658
6660
6661
6662
6663
6664
6666
6667
6668
6669
6670
6671
6672
6674
6675
6676
6678
6679
6680
6681
6682
6684
6685
6691
6693
6694
6695
6696
6697
6698
6700
6702
6703
6705
6706
6707
6708
6709
6711
6712
6720
6721
6723
6724
6725
6727
6728
6731
6732
6733
6734
6735
6736
6738
6739
6741
6742
6743
6745
6746
6747
6748
6759
6760
6761
6763
6764
6765
6766
6768
6769
6773
6774
6775
6777
6778
6779
6781
6783
6784
6786
6787
6788
6789
6790
6792
6793
6799
6800
6801
6802
6827
6828
6829
6835
6837
6838
6840
6841
6844
6853
6855
6857
6858
6859
6862
6864
6865
6867
6868
6871
6874
6880
6881
6885
6886
6887
6889
6890
6891
6892
6893
6894
6895
6896
6898
6900
6901
6902
6903
6904
6905
6907
6909
6910
6911
6916
6918
6919
6921
6922
6923
6925
6926
6927
6928
6930
6931
6932
6933
6934
6935
6938
6939
6940
6943
6944
6946
6948
6949
6952
6955
6961
6962
6966
6967
6968
6970
6971
6972
6974
6975
6976
6977
6978
6979
6980
6981
6982
6983
6984
6985
6986
6987
6988
6990
6991
6992
6993
6994
6995
6996
6997
6998
6999
7000
7002
7003
7005
7006
7007
7008
7009
7011
7012
7013
7014
7016
7017
7019
7020
7021
7025
7026
7028
7032
7034
7035
7036
7037
7038
7039
7040
7042
7043
7046
7047
7048
7051
7052
7053
7054
7055
7056
7057
7059
7060
7061
7062
7063
7064
7069
7070
7071
7072
7073
7078
7080
7081
7083
7084
7087
7088
7089
7090
7092
7093
7094
7095
7097
7098
7100
7101
7102
7106
7107
7108
7109
7110
7111
7113
7114
7115
7116
7117
7118
7119
7120
7121
7125
7126
7127
7128
7129
7132
7134
7135
7136
7137
7138
7140
7141
7143
7144
7145
7149
7150
7152
7153
7154
7155
7156
7157
7158
7159
7160
7161
7162
7164
7165
7167
7168
7169
7170
7171
7173
7174
7175
7176
7177
7178
7179
7180
7181
7182
7183
7186
7187
7188
7189
7190
7191
7192
7194
7195
7196
7197
7198
7199
7200
7201
7202
7206
7207
7208
7209
7210
7211
7213
7214
7215
7216
7217
7218
7219
7220
7221
7224
7225
7226
7227
7228
7229
7231
7233
7234
7235
7240
7263
7264
7269
7270
7271
7272
7273
7275
7276
7277
7278
7279
7280
7281
7282
7283
7287
7288
7289
7290
7291
7292
7294
7295
7296
7297
7298
7299
7300
7301
7302
7303
7305
7306
7308
7309
7310
7312
7313
7314
7315
7321
7323
7324
7326
7327
7328
7330
7331
7332
7333
7335
7336
7337
7338
7339
7340
7341
7343
7344
7345
7348
7349
7350
7351
7352
7353
7354
7356
7357
7358
7359
7360
7361
7362
7363
7364
7368
7369
7370
7371
7372
7373
7375
7376
7377
7378
7379
7380
7381
7382
7383
7384
7386
7387
7389
7390
7391
7392
7393
7395
7396
7397
7398
7399
7400
7401
7403
7404
7405
7407
7408
7409
7410
7411
7413
7414
7420
7422
7423
7424
7425
7426
7427
7429
7431
7432
7434
7435
7436
7437
7438
7440
7441
7449
7450
7452
7453
7454
7456
7457
7460
7461
7462
7463
7464
7465
7467
7468
7470
7471
7472
7473
7474
7476
7477
7478
7479
7480
7481
7482
7484
7488
7489
7490
7491
7492
7494
7495
7503
7504
7506
7507
7508
7510
7512
7513
7514
7515
7516
7517
7518
7519
7520
7521
7522
7523
7524
7525
7526
7530
7531
7532
7533
7534
7535
7538
7539
7540
7541
7542
7543
7544
7545
7546
7548
7549
7551
7552
7553
7554
7557
7558
7559
7560
7561
7562
7563
7565
7572
7574
7578
7579
7580
7581
7583
7586
7587
7588
7592
7593
7594
7596
7597
7599
7600
7602
7603
7611
7612
7614
7615
7616
7618
7620
7621
7623
7624
7625
7626
7627
7629
7630
7632
7633
7634
7635
7636
7638
7639
7640
7641
7642
7643
7644
7646
7647
7648
7650
7651
7652
7653
7654
7656
7657
7665
7666
7668
7669
7670
7672
7674
7675
7677
7678
7679
7680
7681
7683
7684
7692
7693
7728
7729
7731
7732
7735
7737
7738
7746
7747
7749
7750
7751
7753
7755
7756
7758
7759
7760
7761
7762
7764
7765
7766
7767
7768
7773
7774
7775
7776
7777
7778
7780
7782
7783
7784
7785
7786
7787
7788
7789
7791
7792
7793
7794
7795
7796
7798
7800
7801
7802
7807
7809
7810
7812
7813
7814
7816
7818
7819
7827
7828
7830
7831
7832
7834
7836
7837
7839
7840
7841
7842
7843
7845
7846
7854
7855
7857
7858
7859
7861
7863
7864
7865
7866
7867
7868
7869
7870
7872
7873
7875
7876
7877
7879
7881
7882
7884
7885
7890
7891
7893
7894
7895
7896
7897
7899
7900
7908
7909
7911
7912
7917
7918
7920
7921
7923
7924
7926
7927
7935
7936
7980
7981
7989
7990
7992
7993
7994
7996
7998
7999
8001
8002
8003
8004
8005
8007
8008
8016
8017
8019
8020
8021
8023
8024
8027
8028
8029
8030
8031
8032
8034
8035
8037
8038
8039
8041
8043
8044
8055
8056
8057
8059
8060
8064
8065
8066
8067
8069
8072
8078
8081
8085
8087
8090
8091
8092
8093
8099
8100
8101
8102
8104
8105
8108
8109
8110
8111
8112
8113
8115
8116
8118
8119
8120
8121
8122
8124
8125
8126
8127
8128
8129
8130
8132
8136
8137
8138
8139
8140
8142
8143
8151
8152
8154
8155
8156
8158
8160
8161
8163
8164
8165
8167
8178
8179
8181
8182
8183
8185
8186
8189
8190
8191
8192
8193
8194
8196
8197
8199
8200
8201
8202
8203
8205
8206
8207
8208
8209
8210
8211
8213
8217
8218
8219
8220
8221
8223
8224
8232
8233
8235
8236
8237
8239
8241
8242
8243
8244
8245
8246
8247
8248
8249
8252
8253
8254
8255
8259
8260
8261
8262
8263
8264
8267
8270
8271
8272
8273
8274
8280
8281
8282
8283
8288
8289
8290
8291
8292
8294
8301
8303
8307
8308
8309
8310
8312
8315
8321
8343
8344
8345
8347
8352
8353
8354
8356
8358
8359
8361
8362
8363
8364
8365
8367
8368
8369
8370
8371
8372
8373
8375
8379
8380
8381
8382
8383
8385
8386
8394
8395
8397
8398
8399
8401
8403
8404
8406
8407
8408
8410
8421
8422
8466
8467
8475
8476
8478
8479
8480
8482
8484
8485
8487
8488
8489
8491
8502
8503
8505
8506
8507
8509
8511
8512
8514
8515
8516
8517
8518
8520
8521
8523
8524
8525
8527
8529
8530
8541
8542
8543
8545
8547
8548
8556
8557
8559
8560
8561
8563
8565
8566
8567
8568
8569
8570
8571
8572
8573
8574
8575
8576
8577
8578
8579
8583
8584
8585
8586
8587
8588
8590
8592
8593
8595
8596
8597
8598
8599
8601
8602
8604
8605
8606
8607
8608
8610
8611
8612
8613
8614
8615
8616
8618
8619
8620
8622
8623
8624
8625
8626
8627
8628
8629
8631
8632
8633
8634
8636
8637
8638
8639
8640
8641
8645
8646
8647
8648
8649
8650
8652
8653
8654
8655
8656
8657
8658
8659
8660
8664
8665
8666
8667
8668
8669
8672
8675
8676
8677
8678
8679
8685
8686
8687
8709
8710
8718
8719
8721
8722
8723
8725
8727
8728
8729
8730
8731
8732
8733
8734
8735
8736
8737
8738
8739
8740
8741
8745
8746
8747
8748
8749
8750
8753
8754
8755
8756
8757
8758
8759
8760
8761
8763
8764
8766
8767
8768
8772
8773
8789
8793
8794
8795
8796
8798
8801
8802
8803
8807
8808
8809
8810
8811
8812
8814
8815
8816
8817
8818
8819
8820
8821
8822
8826
8827
8828
8829
8830
8831
8834
8835
8836
8837
8838
8839
8840
8841
8842
8844
8845
8847
8848
8849
8850
8853
8854
8855
8856
8857
8858
8859
8861
8862
8863
8865
8866
8868
8869
8871
8872
8880
8881
8883
8884
8889
8890
8892
8893
8895
8896
8898
8899
8907
8908
8910
8911
8912
8915
8918
8919
8920
8921
8922
8928
8929
8930
8931
8936
8937
8938
8939
8940
8942
8949
8964
8965
8970
8971
8972
8973
8974
8976
8977
8978
8979
8980
8981
8982
8983
8984
8988
8989
8990
8991
8992
8993
8996
8999
9000
9001
9002
9003
9009
9010
9011
9012
9017
9018
9019
9020
9021
9023
9030
9032
9036
9037
9038
9039
9041
9044
9050
9093
9098
9099
9100
9101
9102
9104
9111
9113
9117
9118
9119
9120
9122
9125
9131
9153
9154
9155
9158
9161
9162
9163
9164
9165
9171
9172
9173
9174
9179
9180
9181
9182
9183
9185
9192
9194
9198
9199
9200
9201
9203
9206
9212
9215
9219
9221
9224
9225
9226
9227
9233
9234
9235
9240
9241
9243
9244
9246
9247
9249
9250
9258
9259
9275
9279
9280
9281
9282
9284
9287
9288
9289
9293
9294
9295
9297
9298
9300
9301
9303
9304
9312
9313
9315
9316
9321
9322
9324
9325
9327
9328
9330
9331
9339
9340
9342
9343
9348
9349
9351
9352
9354
9355
9357
9358
9366
9367
9369
9370
9375
9376
9378
9379
9381
9382
9384
9385
9393
9394
9450
9451
9456
9457
9459
9460
9462
9463
9465
9466
9474
9475
9477
9478
9479
9481
9483
9484
9486
9487
9488
9489
9490
9492
9493
9495
9496
9497
9499
9501
9502
9513
9514
9515
9517
9531
9532
9537
9538
9540
9541
9543
9544
9546
9547
9555
9556
9558
9559
9560
9562
9564
9565
9567
9568
9569
9570
9571
9573
9574
9576
9577
9578
9580
9582
9583
9585
9586
9591
9592
9594
9595
9596
9597
9598
9600
9601
9609
9610
9612
9613
9614
9616
9618
9619
9621
9622
9623
9624
9625
9627
9628
9636
9637
9639
9640
9641
9643
9648
9649
9650
9652
9654
9655
9657
9658
9659
9660
9661
9663
9664
9665
9666
9667
9668
9669
9671
9675
9676
9677
9678
9679
9681
9682
9690
9691
9693
9694
9695
9697
9699
9700
9701
9702
9703
9704
9705
9706
9707
9708
9709
9710
9711
9712
9713
9717
9718
9719
9720
9721
9722
9725
9726
9727
9728
9729
9730
9731
9732
9733
9735
9736
9738
9739
9740
9741
9744
9745
9746
9747
9748
9749
9750
9752
9759
9761
9765
9766
9767
9768
9770
9773
9774
9775
9779
9780
9781
9783
9784
9786
9787
9789
9790
9798
9799
9801
9802
9803
9805
9807
9808
9810
9811
9812
9813
9814
9816
9817
9819
9820
9821
9822
9823
9825
9826
9827
9828
9829
9830
9831
9833
9834
9835
9837
9838
9839
9840
9841
9843
9844
9852
9853
9855
9856
9857
9859
9861
9862
9864
9865
9866
9867
9868
9870
9871
9879
9880
9924
9925
9933
9934
9936
9937
9938
9940
9942
9943
9945
9946
9947
9948
9949
9951
9952
9960
9961
9963
9964
9965
9967
9969
9970
9972
9973
9974
9975
9976
9978
9979
9981
9982
9983
9985
9987
9988
9999
10000
10001
10003
10005
10006
10014
10015
10017
10018
10019
10021
10023
10024
10026
10027
10028
10029
10030
10032
10033
10041
10042
10044
10045
10046
10048
10050
10051
10053
10054
10055
10056
10057
10059
10060
10062
10063
10064
10066
10068
10069
10071
10072
10077
10078
10080
10081
10082
10083
10084
10086
10087
10095
10096
10098
10099
10104
10105
10107
10108
10110
10111
10113
10114
10122
10123
10167
10168
10176
10177
10179
10180
10181
10183
10185
10186
10188
10189
10190
10191
10192
10194
10195
10203
10204
10498
10502
10503
10504
10507
10512
10513
10530
10531
10534
10536
10537
10538
10539
10540
10545
10546
10547
10552
10554
10555
10556
10561
10563
10564
10566
10567
10570
10572
10573
10579
10581
10582
10583
10584
10585
10586
10588
10590
10591
10593
10594
10595
10597
10608
10609
10628
10633
10635
10636
10637
10642
10653
10654
10662
10663
10665
10666
10667
10669
10671
10672
10674
10675
10676
10678
10689
10690
10692
10693
10694
10696
10698
10699
10701
10702
10703
10704
10705
10707
10708
10710
10711
10712
10714
10716
10717
10728
10729
10730
10732
10734
10735
10743
10744
10746
10747
10748
10750
10752
10753
10755
10756
10757
10758
10759
10761
10762
10770
10771
10773
10774
10775
10777
10779
10780
10782
10783
10784
10785
10786
10788
10789
10790
10791
10792
10793
10795
10797
10798
10799
10800
10801
10804
10806
10807
10809
10810
10811
10812
10813
10815
10816
10822
10824
10825
10826
10827
10828
10831
10833
10834
10836
10837
10839
10840
10842
10843
10844
10845
10846
10851
10852
10853
10854
10855
10858
10860
10861
10862
10863
10864
10869
10870
10871
10876
10878
10879
10880
10885
10896
10897
10905
10906
10908
10909
10910
10912
10914
10915
10917
10918
10919
10920
10921
10923
10924
10925
10926
10927
10932
10933
10934
10935
10936
10937
10939
10941
10942
10943
10944
10945
10946
10947
10948
10950
10951
10953
10954
10955
10957
10959
10960
10968
10969
10971
10972
10973
10975
10977
10978
10984
10988
10989
10990
10993
10995
10996
10998
10999
11001
11002
11004
11005
11006
11007
11008
11013
11014
11015
11016
11017
11018
11020
11022
11023
11024
11025
11026
11027
11028
11029
11031
11032
11034
11035
11036
11038
11040
11041
11043
11044
11049
11050
11052
11053
11054
11055
11056
11058
11059
11065
11067
11068
11069
11070
11071
11072
11074
11076
11077
11079
11080
11081
11082
11083
11085
11086
11087
11088
11089
11094
11095
11096
11097
11098
11099
11101
11106
11107
11108
11110
11112
11113
11114
11115
11116
11117
11119
11121
11122
11123
11128
11130
11131
11133
11134
11135
11137
11139
11140
11146
11148
11149
11150
11151
11152
11153
11155
11157
11158
11160
11161
11162
11163
11164
11166
11167
11168
11169
11170
11175
11176
11177
11211
11212
11214
11215
11218
11220
11221
11227
11231
11232
11233
11236
11241
11242
11259
11260
11261
11263
11265
11266
11267
11268
11269
11270
11272
11274
11275
11276
11277
11278
11279
11281
11283
11284
11285
11290
11292
11293
11295
11296
11297
11299
11301
11302
11308
11310
11311
11312
11313
11314
11315
11317
11319
11320
11322
11323
11324
11326
11337
11338
11357
11362
11364
11365
11366
11371
11382
11383
11391
11392
11394
11395
11396
11398
11400
11401
11403
11404
11405
11407
11418
11419
11421
11422
11423
11425
11427
11428
11430
11431
11432
11433
11434
11436
11437
11439
11440
11441
11443
11445
11446
11457
11458
11459
11461
11463
11464
11472
11473
11475
11476
11477
11479
11481
11482
11484
11485
11486
11487
11488
11490
11491
11499
11500
11502
11503
11504
11506
11508
11509
11511
11512
11513
11514
11515
11517
11518
11520
11521
11522
11524
11526
11527
11529
11530
11535
11536
11538
11539
11540
11541
11542
11544
11545
11553
11554
11556
11557
11562
11563
11565
11566
11568
11569
11571
11572
11580
11581
11625
11626
11634
11635
11637
11638
11639
11641
11643
11644
11646
11647
11648
11649
11650
11652
11653
11661
11662
11664
11665
11666
11668
11670
11671
11672
11673
11674
11675
11676
11677
11679
11680
11682
11683
11684
11686
11688
11689
11697
11698
11700
11701
11702
11704
11706
11707
11713
11717
11718
11719
11722
11724
11725
11727
11728
11730
11731
11733
11734
11735
11736
11737
11742
11743
11744
11745
11746
11747
11749
11751
11752
11753
11754
11755
11756
11757
11758
11760
11761
11763
11764
11765
11767
11769
11770
11772
11773
11778
11779
11781
11782
11783
11784
11785
11787
11788
11794
11796
11797
11798
11799
11800
11801
11803
11805
11806
11808
11809
11810
11811
11812
11814
11815
11823
11824
11826
11827
11828
11830
11835
11836
11837
11839
11841
11842
11844
11845
11846
11848
11850
11851
11862
11863
11864
11866
11868
11869
11877
11878
11880
11881
11882
11884
11886
11887
11889
11890
11891
11892
11893
11895
11896
11904
11905
11907
11908
11913
11914
11916
11917
11919
11920
11922
11923
11931
11932
11961
11962
11967
11968
11970
11971
11973
11974
11976
11977
11985
11986
11988
11989
11990
11992
11994
11995
11997
11998
11999
12000
12001
12003
12004
12006
12007
12008
12010
12012
12013
12015
12016
12021
12022
12024
12025
12026
12027
12028
12030
12031
12039
12040
12042
12043
12048
12049
12051
12052
12054
12055
12057
12058
12066
12067
12123
12124
12129
12130
12132
12133
12135
12136
12138
12139
12147
12148
12150
12151
12156
12157
12159
12160
12162
12163
12165
12166
12174
12175
12204
12205
12210
12211
12213
12214
12216
12217
12219
12220
12228
12229
12231
12232
12237
12238
12240
12241
12243
12244
12246
12247
12255
12256
12258
12259
12264
12265
12267
12268
12270
12271
12273
12274
12282
12283
12285
12286
12291
12292
12294
12295
12297
12298
12300
12301
12309
12310
12366
12367
12372
12373
12375
12376
12378
12379
12381
12382
12390
12391
12759
12760
12768
12769
12771
12772
12773
12775
12777
12778
12780
12781
12782
12784
12795
12796
12840
12841
12849
12850
12852
12853
12854
12856
12858
12859
12861
12862
12863
12865
12876
12877
12879
12880
12881
12883
12885
12886
12888
12889
12890
12891
12892
12894
12895
12897
12898
12899
12901
12903
12904
12915
12916
12917
12919
12921
12922
12930
12931
12933
12934
12935
12937
12939
12940
12942
12943
12944
12945
12946
12948
12949
12957
12958
12960
12961
12962
12964
12966
12967
12969
12970
12971
12972
12973
12975
12976
12978
12979
12980
12982
12984
12985
12987
12988
12993
12994
12996
12997
12998
12999
13000
13002
13003
13011
13012
13014
13015
13020
13021
13023
13024
13026
13027
13029
13030
13038
13039
13083
13084
13092
13093
13095
13096
13097
13099
13101
13102
13104
13105
13106
13107
13108
13110
13111
13119
13120
13122
13123
13124
13126
13127
13130
13131
13132
13133
13134
13135
13137
13138
13140
13141
13142
13144
13146
13147
13158
13159
13160
13162
13163
13167
13168
13169
13170
13172
13175
13181
13184
13188
13190
13193
13194
13195
13196
13202
13203
13204
13205
13207
13208
13211
13212
13213
13214
13215
13216
13218
13219
13221
13222
13223
13224
13225
13227
13228
13229
13230
13231
13232
13233
13235
13239
13240
13241
13242
13243
13245
13246
13254
13255
13257
13258
13259
13261
13263
13264
13266
13267
13268
13270
13281
13282
13284
13285
13286
13288
13289
13292
13293
13294
13295
13296
13297
13299
13300
13302
13303
13304
13306
13308
13309
13320
13321
13322
13324
13326
13327
13335
13336
13338
13339
13340
13342
13344
13345
13347
13348
13349
13351
13362
13363
13446
13447
13448
13450
13455
13456
13457
13459
13461
13462
13464
13465
13466
13468
13470
13471
13482
13483
13484
13486
13487
13491
13492
13493
13494
13496
13499
13505
13527
13528
13529
13532
13535
13536
13537
13538
13539
13545
13546
13547
13548
13553
13554
13555
13556
13557
13559
13566
13568
13572
13573
13574
13575
13577
13580
13586
13589
13593
13595
13598
13599
13600
13601
13607
13649
13653
13654
13655
13656
13658
13661
13667
13670
13674
13676
13679
13680
13681
13682
13688
13710
13715
13716
13717
13718
13719
13721
13728
13730
13734
13735
13736
13737
13739
13742
13748
13751
13755
13757
13760
13761
13762
13763
13769
13770
13771
13772
13775
13778
13779
13780
13781
13782
13788
13789
13790
13832
13836
13838
13841
13842
13843
13844
13850
13851
13852
13853
13855
13856
13859
13860
13861
13862
13863
13864
13866
13867
13869
13870
13871
13873
13875
13876
13887
13888
13889
13891
13892
13896
13897
13898
13899
13901
13904
13910
13913
13917
13919
13922
13923
13924
13925
13931
13932
13933
13934
13936
13937
13940
13941
13942
13943
13944
13945
13947
13948
13950
13951
13952
13953
13954
13956
13957
13958
13959
13960
13961
13962
13964
13968
13969
13970
13971
13972
13974
13975
13983
13984
13986
13987
13988
13990
13992
13993
13995
13996
13997
13999
14010
14011
14013
14014
14015
14017
14018
14021
14022
14023
14024
14025
14026
14028
14029
14031
14032
14033
14034
14035
14037
14038
14039
14040
14041
14042
14043
14045
14049
14050
14051
14052
14053
14055
14056
14064
14065
14067
14068
14069
14071
14073
14074
14075
14076
14077
14078
14079
14080
14081
14084
14085
14086
14087
14091
14092
14093
14094
14095
14096
14099
14102
14103
14104
14105
14106
14112
14113
14114
14115
14120
14121
14122
14123
14124
14126
14133
14135
14139
14140
14141
14142
14144
14147
14153
14175
14176
14177
14179
14184
14185
14186
14188
14190
14191
14193
14194
14195
14196
14197
14199
14200
14201
14202
14203
14204
14205
14207
14211
14212
14213
14214
14215
14217
14218
14226
14227
14229
14230
14231
14233
14235
14236
14238
14239
14240
14242
14253
14254
14298
14299
14307
14308
14310
14311
14312
14314
14316
14317
14319
14320
14321
14323
14334
14335
14337
14338
14339
14341
14346
14347
14348
14350
14352
14353
14355
14356
14357
14359
14361
14362
14373
14374
14375
14377
14379
14380
14388
14389
14391
14392
14393
14395
14397
14398
14400
14401
14402
14404
14415
14416
14418
14419
14420
14422
14427
14428
14429
14431
14433
14434
14436
14437
14438
14440
14442
14443
14454
14455
14456
14458
14541
14542
14550
14551
14553
14554
14555
14557
14559
14560
14562
14563
14564
14566
14577
14578
14580
14581
14582
14584
14585
14588
14589
14590
14591
14592
14593
14595
14596
14598
14599
14600
14602
14604
14605
14616
14617
14618
14620
14621
14625
14626
14627
14628
14630
14633
14639
14642
14646
14648
14651
14652
14653
14654
14660
14661
14662
14663
14665
14666
14669
14670
14671
14672
14673
14674
14676
14677
14679
14680
14681
14682
14683
14685
14686
14687
14688
14689
14690
14691
14693
14697
14698
14699
14700
14701
14703
14704
14712
14713
14715
14716
14717
14719
14721
14722
14724
14725
14726
14728
14739
14740
14742
14743
14744
14746
14747
14750
14751
14752
14753
14754
14755
14757
14758
14760
14761
14762
14764
14766
14767
14778
14779
14780
14782
14784
14785
14793
14794
14796
14797
14798
14800
14802
14803
14805
14806
14807
14809
14820
14821
14904
14905
14906
14908
14913
14914
14915
14917
14919
14920
14922
14923
14924
14926
14928
14929
14940
14941
14942
14944
14946
14947
14955
14956
14958
14959
14960
14962
14964
14965
14967
14968
14969
14971
14982
14983
15027
15028
15036
15037
15039
15040
15041
15043
15045
15046
15048
15049
15050
15052
15063
15064
15066
15067
15068
15070
15075
15076
15077
15079
15081
15082
15084
15085
15086
15088
15090
15091
15102
15103
15104
15106
15108
15109
15117
15118
15120
15121
15122
15124
15126
15127
15129
15130
15131
15133
15144
15145
15147
15148
15149
15151
15156
15157
15158
15160
15162
15163
15165
15166
15167
15169
15171
15172
15183
15184
15185
15187
15270
15271
15279
15280
15282
15283
15284
15286
15288
15289
15291
15292
15293
15295
15306
15307
16038
16039
16040
16042
16047
16048
16049
16051
16053
16054
16056
16057
16058
16060
16062
16063
16074
16075
16076
16078
16119
16120
16121
16123
16128
16129
16130
16132
16134
16135
16137
16138
16139
16141
16143
16144
16155
16156
16157
16159
16161
16162
16170
16171
16173
16174
16175
16177
16179
16180
16182
16183
16184
16186
16197
16198
16200
16201
16202
16204
16209
16210
16211
16213
16215
16216
16218
16219
16220
16222
16224
16225
16236
16237
16238
16240
16242
16243
16251
16252
16254
16255
16256
16258
16260
16261
16263
16264
16265
16267
16278
16279
16362
16363
16364
16366
16371
16372
16373
16375
16377
16378
16380
16381
16382
16384
16386
16387
16398
16399
16400
16402
16404
16405
16413
16414
16416
16417
16418
16420
16422
16423
16425
16426
16427
16429
16440
16441
16485
16486
16494
16495
16497
16498
16499
16501
16503
16504
16506
16507
16508
16510
16521
16522
16524
16525
16526
16528
16533
16534
16535
16537
16539
16540
16542
16543
16544
16546
16548
16549
16560
16561
16562
16564
16566
16567
16575
16576
16578
16579
16580
16582
16584
16585
16587
16588
16589
16591
16602
16603
16605
16606
16607
16609
16614
16615
16616
16618
16620
16621
16623
16624
16625
16627
16629
16630
16641
16642
16643
16645
16728
16729
16737
16738
16740
16741
16742
16744
16746
16747
16749
16750
16751
16753
16764
16765
17133
17134
17142
17143
17145
17146
17147
17149
17151
17152
17154
17155
17156
17158
17169
17170
17214
17215
17223
17224
17226
17227
17228
17230
17232
17233
17235
17236
17237
17239
17250
17251
17253
17254
17255
17257
17262
17263
17264
17266
17268
17269
17271
17272
17273
17275
17277
17278
17289
17290
17291
17293
17295
17296
17304
17305
17307
17308
17309
17311
17313
17314
17316
17317
17318
17320
17331
17332
17334
17335
17336
17338
17343
17344
17345
17347
17349
17350
17352
17353
17354
17356
17358
17359
17370
17371
17372
17374
17457
17458
17466
17467
17469
17470
17471
17473
17475
17476
17478
17479
17480
17482
17493
17494
17496
17497
17498
17500
17502
17503
17505
17506
17507
17508
17509
17511
17512
17514
17515
17516
17518
17520
17521
17532
17533
17534
17536
17550
17551
17556
17557
17559
17560
17562
17563
17565
17566
17574
17575
17577
17578
17579
17581
17583
17584
17586
17587
17588
17589
17590
17592
17593
17595
17596
17597
17599
17601
17602
17604
17605
17610
17611
17613
17614
17615
17616
17617
17619
17620
17628
17629
17631
17632
17633
17635
17637
17638
17640
17641
17642
17643
17644
17646
17647
17655
17656
17658
17659
17660
17662
17667
17668
17669
17671
17673
17674
17676
17677
17678
17680
17682
17683
17694
17695
17696
17698
17700
17701
17709
17710
17712
17713
17714
17716
17718
17719
17721
17722
17723
17724
17725
17727
17728
17736
17737
17820
17821
17822
17824
17829
17830
17831
17833
17835
17836
17838
17839
17840
17842
17844
17845
17856
17857
17858
17860
17862
17863
17871
17872
17874
17875
17876
17878
17880
17881
17883
17884
17885
17887
17898
17899
17943
17944
17952
17953
17955
17956
17957
17959
17961
17962
17964
17965
17966
17968
17979
17980
17982
17983
17984
17986
17988
17989
17991
17992
17993
17994
17995
17997
17998
18000
18001
18002
18004
18006
18007
18018
18019
18020
18022
18024
18025
18033
18034
18036
18037
18038
18040
18042
18043
18045
18046
18047
18048
18049
18051
18052
18060
18061
18063
18064
18065
18067
18069
18070
18072
18073
18074
18075
18076
18078
18079
18081
18082
18083
18085
18087
18088
18090
18091
18096
18097
18099
18100
18101
18102
18103
18105
18106
18114
18115
18117
18118
18123
18124
18126
18127
18129
18130
18132
18133
18141
18142
18186
18187
18195
18196
18198
18199
18200
18202
18204
18205
18207
18208
18209
18210
18211
18213
18214
18222
18223
18225
18226
18227
18229
18231
18232
18234
18235
18236
18237
18238
18240
18241
18243
18244
18245
18247
18249
18250
18261
18262
18263
18265
18279
18280
18285
18286
18288
18289
18291
18292
18294
18295
18303
18304
18306
18307
18308
18310
18312
18313
18315
18316
18317
18318
18319
18321
18322
18324
18325
18326
18328
18330
18331
18333
18334
18339
18340
18342
18343
18344
18345
18346
18348
18349
18357
18358
18360
18361
18362
18364
18366
18367
18369
18370
18371
18372
18373
18375
18376
18384
18385
18387
18388
18389
18391
18396
18397
18398
18400
18402
18403
18405
18406
18407
18409
18411
18412
18423
18424
18425
18427
18429
18430
18438
18439
18441
18442
18443
18445
18447
18448
18450
18451
18452
18453
18454
18456
18457
18465
18466
18468
18469
18474
18475
18477
18478
18480
18481
18483
18484
18492
18493
18522
18523
18528
18529
18531
18532
18534
18535
18537
18538
18546
18547
18549
18550
18551
18553
18555
18556
18558
18559
18560
18561
18562
18564
18565
18567
18568
18569
18571
18573
18574
18576
18577
18582
18583
18585
18586
18587
18588
18589
18591
18592
18600
18601
18603
18604
18609
18610
18612
18613
18615
18616
18618
18619
18627
18628
18684
18685
18690
18691
18693
18694
18696
18697
18699
18700
18708
18709
18711
18712
18717
18718
18720
18721
18723
18724
18726
18727
18735
18736
18765
18766
18771
18772
18774
18775
18777
18778
18780
18781
18789
18790
18792
18793
18798
18799
18801
18802
18804
18805
18807
18808
18816
18817
18819
18820
18825
18826
18828
18829
18831
18832
18834
18835
18843
18844
18846
18847
18852
18853
18855
18856
18858
18859
18861
18862
18870
18871
18927
18928
18933
18934
18936
18937
18939
18940
18942
18943
18951
18952
19320
19321
19329
19330
19332
19333
19334
19336
19338
19339
19341
19342
19343
19345
19356
19357
19401
19402
19410
19411
19413
19414
19415
19417
19419
19420
19422
19423
19424
19426
19437
19438
19440
19441
19442
19444
19446
19447
19449
19450
19451
19452
19453
19455
19456
19458
19459
19460
19462
19464
19465
19476
19477
19478
19480
19482
19483
19491
19492
19494
19495
19496
19498
19500
19501
19503
19504
19505
19506
19507
19509
19510
19518
19519
19521
19522
19523
19525
19527
19528
19530
19531
19532
19533
19534
19536
19537
19539
19540
19541
19543
19545
19546
19548
19549
19554
19555
19557
19558
19559
19560
19561
19563
19564
19572
19573
19575
19576
19581
19582
19584
19585
19587
19588
19590
19591
19599
19600
19644
19645
19653
19654
19656
19657
19658
19660
19662
19663
19665
19666
19667
19668
19669
19671
19672
19680
19681
26244
26245
26246
26248
26253
26254
26255
26257
26259
26260
26262
26263
26264
26266
26268
26269
26280
26281
26282
26284
26325
26326
26327
26329
26334
26335
26336
26338
26340
26341
26343
26344
26345
26347
26349
26350
26361
26362
26363
26365
26367
26368
26376
26377
26379
26380
26381
26383
26385
26386
26388
26389
26390
26392
26403
26404
26406
26407
26408
26410
26415
26416
26417
26419
26421
26422
26424
26425
26426
26428
26430
26431
26442
26443
26444
26446
26448
26449
26457
26458
26460
26461
26462
26464
26466
26467
26469
26470
26471
26473
26484
26485
26568
26569
26570
26572
26577
26578
26579
26581
26583
26584
26586
26587
26588
26590
26592
26593
26604
26605
26606
26608
26973
26974
26975
26977
26982
26983
26984
26986
26988
26989
26991
26992
26993
26995
26997
26998
27009
27010
27011
27013
27054
27055
27056
27058
27063
27064
27065
27067
27069
27070
27072
27073
27074
27076
27078
27079
27090
27091
27092
27094
27096
27097
27105
27106
27108
27109
27110
27112
27114
27115
27117
27118
27119
27121
27132
27133
27135
27136
27137
27139
27144
27145
27146
27148
27150
27151
27153
27154
27155
27157
27159
27160
27171
27172
27173
27175
27177
27178
27186
27187
27189
27190
27191
27193
27195
27196
27198
27199
27200
27202
27213
27214
27297
27298
27299
27301
27306
27307
27308
27310
27312
27313
27315
27316
27317
27319
27321
27322
27333
27334
27335
27337
27339
27340
27348
27349
27351
27352
27353
27355
27357
27358
27360
27361
27362
27364
27375
27376
27420
27421
27429
27430
27432
27433
27434
27436
27438
27439
27441
27442
27443
27445
27456
27457
27459
27460
27461
27463
27468
27469
27470
27472
27474
27475
27477
27478
27479
27481
27483
27484
27495
27496
27497
27499
27501
27502
27510
27511
27513
27514
27515
27517
27519
27520
27522
27523
27524
27526
27537
27538
27540
27541
27542
27544
27549
27550
27551
27553
27555
27556
27558
27559
27560
27562
27564
27565
27576
27577
27578
27580
27663
27664
27672
27673
27675
27676
27677
27679
27681
27682
27684
27685
27686
27688
27699
27700
27702
27703
27704
27706
27711
27712
27713
27715
27717
27718
27720
27721
27722
27724
27726
27727
27738
27739
27740
27742
27783
27784
27785
27787
27792
27793
27794
27796
27798
27799
27801
27802
27803
27805
27807
27808
27819
27820
27821
27823
27825
27826
27834
27835
27837
27838
27839
27841
27843
27844
27846
27847
27848
27850
27861
27862
27864
27865
27866
27868
27873
27874
27875
27877
27879
27880
27882
27883
27884
27886
27888
27889
27900
27901
27902
27904
27906
27907
27915
27916
27918
27919
27920
27922
27924
27925
27927
27928
27929
27931
27942
27943
28026
28027
28028
28030
28035
28036
28037
28039
28041
28042
28044
28045
28046
28048
28050
28051
28062
28063
28064
28066
28068
28069
28077
28078
28080
28081
28082
28084
28086
28087
28089
28090
28091
28093
28104
28105
28149
28150
28158
28159
28161
28162
28163
28165
28167
28168
28170
28171
28172
28174
28185
28186
28188
28189
28190
28192
28197
28198
28199
28201
28203
28204
28206
28207
28208
28210
28212
28213
28224
28225
28226
28228
28230
28231
28239
28240
28242
28243
28244
28246
28248
28249
28251
28252
28253
28255
28266
28267
28269
28270
28271
28273
28278
28279
28280
28282
28284
28285
28287
28288
28289
28291
28293
28294
28305
28306
28307
28309
28392
28393
28401
28402
28404
28405
28406
28408
28410
28411
28413
28414
28415
28417
28428
28429
29160
29161
29162
29164
29169
29170
29171
29173
29175
29176
29178
29179
29180
29182
29184
29185
29196
29197
29198
29200
29241
29242
29243
29245
29250
29251
29252
29254
29256
29257
29259
29260
29261
29263
29265
29266
29277
29278
29279
29281
29283
29284
29292
29293
29295
29296
29297
29299
29301
29302
29304
29305
29306
29308
29319
29320
29322
29323
29324
29326
29331
29332
29333
29335
29337
29338
29340
29341
29342
29344
29346
29347
29358
29359
29360
29362
29364
29365
29373
29374
29376
29377
29378
29380
29382
29383
29385
29386
29387
29389
29400
29401
29484
29485
29486
29488
29493
29494
29495
29497
29499
29500
29502
29503
29504
29506
29508
29509
29520
29521
29522
29524
