2
3
4
5
6
7
9
10
11
12
13
14
15
16
18
19
20
21
22
23
24
25
27
28
29
30
31
32
33
34
36
37
38
39
40
41
42
43
45
46
47
48
49
50
51
52
54
55
56
57
58
59
60
61
63
64
65
66
67
68
69
70
73
74
75
76
77
78
79
81
82
83
84
85
86
87
88
90
91
93
94
95
96
97
99
100
101
102
103
104
105
106
108
109
110
111
112
113
114
115
117
118
119
120
121
122
123
124
126
127
128
129
130
131
132
133
135
136
137
138
139
140
142
144
145
146
147
148
149
150
151
154
155
156
157
159
160
162
163
164
165
166
167
168
171
172
173
174
175
176
177
180
183
184
186
187
189
190
192
193
195
198
199
200
201
202
203
204
205
207
208
209
210
211
213
216
217
218
219
220
223
225
227
228
229
230
232
235
236
237
238
239
240
243
244
245
246
247
248
250
252
253
254
255
256
257
258
259
261
262
264
265
266
267
270
271
272
273
274
275
276
277
279
280
281
282
285
286
288
289
290
291
292
293
294
295
300
302
303
304
306
307
309
311
312
313
316
317
319
324
325
326
327
328
333
334
335
336
337
339
340
343
345
346
351
352
354
355
365
369
371
372
374
375
376
378
379
380
381
382
383
384
387
388
390
392
393
394
397
398
399
400
405
406
407
408
410
412
414
415
416
417
418
419
421
424
426
427
428
429
432
433
435
436
437
438
439
441
442
443
447
448
450
451
453
454
455
456
457
459
460
461
463
464
468
469
471
473
475
478
479
481
486
487
488
491
492
495
496
500
501
510
511
513
514
519
520
522
523
524
525
527
528
531
532
533
534
536
538
540
541
542
547
549
550
551
552
554
556
559
560
562
564
567
568
570
571
572
574
576
577
579
580
581
583
585
586
588
594
595
597
598
599
601
603
604
606
610
612
613
615
617
618
619
626
627
628
630
631
633
635
637
642
645
654
655
657
660
666
667
669
671
682
685
687
698
700
703
714
716
718
729
730
731
732
733
734
735
736
738
739
741
742
743
744
745
747
748
750
751
752
753
754
756
757
758
759
760
761
763
765
766
768
770
771
772
774
775
777
778
779
780
781
783
784
786
787
788
792
793
794
795
796
797
799
810
811
812
813
814
815
816
817
819
820
822
824
825
826
831
832
837
838
840
842
843
844
848
852
855
856
858
860
862
864
865
867
868
873
874
876
878
879
880
883
885
886
900
916
918
919
921
922
927
928
932
933
934
936
938
939
940
947
949
956
958
972
973
974
975
976
977
979
981
982
984
986
988
999
1000
1002
1004
1006
1017
1018
1019
1020
1022
1023
1024
1026
1027
1028
1031
1035
1036
1037
1038
1040
1042
1046
1048
1050
1053
1054
1055
1057
1062
1063
1071
1072
1076
1080
1081
1082
1083
1100
1101
1103
1104
1107
1108
1109
1112
1127
1129
1134
1135
1136
1137
1139
1140
1141
1143
1144
1146
1148
1150
1161
1162
1164
1166
1168
1179
1180
1182
1184
1186
1197
1198
1200
1202
1204
1215
1216
1218
1219
1224
1225
1230
1231
1236
1237
1242
1243
1245
1246
1251
1252
1254
1257
1258
1262
1263
1264
1271
1289
1291
1296
1297
1299
1300
1301
1303
1305
1306
1308
1309
1310
1311
1312
1314
1315
1317
1318
1319
1323
1324
1325
1326
1328
1329
1330
1332
1333
1334
1335
1338
1341
1342
1344
1346
1348
1350
1351
1353
1354
1359
1360
1361
1362
1364
1365
1366
1370
1371
1372
1374
1395
1396
1400
1404
1405
1406
1407
1408
1413
1414
1419
1420
1425
1426
1427
1428
1431
1432
1436
1458
1459
1460
1464
1467
1468
1472
1476
1477
1481
1487
1508
1509
1512
1513
1517
1539
1540
1541
1545
1548
1549
1553
1572
1577
1581
1584
1585
1701
1702
1704
1705
1710
1711
1716
1717
1722
1723
1728
1729
1731
1732
1737
1738
1743
1744
1749
1750
1751
1752
1755
1756
1760
1766
1769
1775
1779
1782
1783
1785
1786
1791
1792
1797
1798
1800
1801
1803
1804
1805
1811
1832
1833
1836
1837
1839
1840
1841
1845
1846
1851
1852
1857
1858
1863
1864
1865
1869
1872
1873
1877
1890
1891
1893
1894
1899
1900
1905
1906
1911
1912
2187
2188
2190
2191
2192
2194
2196
2197
2199
2201
2202
2203
2208
2209
2214
2215
2217
2218
2219
2221
2223
2224
2229
2230
2232
2233
2235
2236
2237
2239
2250
2251
2253
2255
2257
2268
2269
2271
2272
2273
2275
2277
2278
2280
2282
2283
2284
2289
2290
2295
2296
2298
2300
2302
2313
2314
2316
2318
2320
2322
2323
2325
2326
2331
2332
2334
2336
2337
2338
2343
2344
2376
2377
2379
2380
2385
2386
2391
2392
2397
2398
2430
2431
2433
2434
2435
2437
2439
2440
2442
2444
2445
2446
2451
2452
2457
2458
2460
2461
2462
2464
2466
2467
2472
2473
2475
2476
2478
2479
2480
2482
2493
2494
2496
2498
2500
2511
2512
2514
2515
2520
2521
2526
2527
2532
2533
2565
2566
2568
2569
2574
2575
2580
2581
2586
2587
2592
2593
2595
2597
2599
2601
2602
2604
2606
2608
2619
2620
2622
2623
2624
2626
2628
2629
2634
2635
2637
2638
2640
2641
2642
2644
2655
2656
2658
2660
2662
2754
2755
2757
2759
2761
2763
2764
2766
2768
2770
2781
2782
2784
2786
2788
2799
2800
2802
2804
2806
2817
2818
2820
2822
2824
2916
2917
2919
2920
2925
2926
2931
2932
2937
2938
2943
2944
2946
2947
2952
2953
2958
2959
2964
2965
2997
2998
3000
3001
3006
3007
3012
3013
3018
3019
3051
3052
3054
3055
3060
3061
3066
3067
3072
3073
3105
3106
3108
3109
3114
3115
3120
3121
3126
3127
3645
3646
3648
3650
3652
3654
3655
3657
3659
3661
3672
3673
3675
3677
3679
3690
3691
3693
3695
3697
3708
3709
3711
3713
3715
3726
3727
3729
3731
3733
3735
3736
3738
3740
3742
3753
3754
3756
3758
3760
3771
3772
3774
3776
3778
3789
3790
3792
3794
3796
3888
3889
3891
3893
3895
3897
3898
3900
3902
3904
3915
3916
3918
3920
3922
3933
3934
3936
3938
3940
3951
3952
3954
3956
3958
4050
4051
4053
4055
4057
4059
4060
4062
4064
4066
4077
4078
4080
4082
4084
4095
4096
4098
4100
4102
4113
4114
4116
4118
4120
4212
4213
4215
4217
4219
4221
4222
4224
4226
4228
4239
4240
4242
4244
4246
4257
4258
4260
4262
4264
4275
4276
4278
4280
4282
5103
5104
5106
5108
5110
5112
5113
5115
5117
5119
5130
5131
5133
5135
5137
5148
5149
5151
5153
5155
5166
5167
5169
5171
5173
5184
5185
5187
5189
5191
5193
5194
5196
5198
5200
5211
5212
5214
5216
5218
5229
5230
5232
5234
5236
5247
5248
5250
5252
5254
5346
5347
5349
5351
5353
5355
5356
5358
5360
5362
5373
5374
5376
5378
5380
5391
5392
5394
5396
5398
5409
5410
5412
5414
5416
5508
5509
5511
5513
5515
5517
5518
5520
5522
5524
5535
5536
5538
5540
5542
5553
5554
5556
5558
5560
5571
5572
5574
5576
5578
5670
5671
5673
5675
5677
5679
5680
5682
5684
5686
5697
5698
5700
5702
5704
5715
5716
5718
5720
5722
5733
5734
5736
5738
5740
6561
6562
6564
6566
6568
6570
6571
6573
6575
6577
6588
6589
6591
6593
6595
6606
6607
6609
6611
6613
6624
6625
6627
6629
6631
6642
6643
6645
6647
6649
6651
6652
6654
6656
6658
6669
6670
6672
6674
6676
6687
6688
6690
6692
6694
6705
6706
6708
6710
6712
6804
6805
6807
6809
6811
6813
6814
6816
6818
6820
6831
6832
6834
6836
6838
6849
6850
6852
6854
6856
6867
6868
6870
6872
6874
6966
6967
6969
6971
6973
6975
6976
6978
6980
6982
6993
6994
6996
6998
7000
7011
7012
7014
7016
7018
7029
7030
7032
7034
7036
7128
7129
7131
7133
7135
7137
7138
7140
7142
7144
7155
7156
7158
7160
7162
7173
7174
7176
7178
7180
7191
7192
7194
7196
7198
7290
7291
7293
7295
7297
7299
7300
7302
7304
7306
7317
7318
7320
7322
7324
7335
7336
7338
7340
7342
7353
7354
7356
7358
7360
7371
7372
7374
7376
7378
7380
7381
7383
7385
7387
7398
7399
7401
7403
7405
7416
7417
7419
7421
7423
7434
7435
7437
7439
7441
7533
7534
7536
7538
7540
7542
7543
7545
7547
7549
7560
7561
7563
7565
7567
7578
7579
7581
7583
7585
7596
7597
7599
7601
7603
7695
7696
7698
7700
7702
7704
7705
7707
7709
7711
7722
7723
7725
7727
7729
7740
7741
7743
7745
7747
7758
7759
7761
7763
7765
7857
7858
7860
7862
7864
7866
7867
7869
7871
7873
7884
7885
7887
7889
7891
7902
7903
7905
7907
7909
7920
7921
7923
7925
7927
8748
8749
8751
8753
8755
8757
8758
8760
8762
8764
8775
8776
8778
8780
8782
8793
8794
8796
8798
8800
8811
8812
8814
8816
8818
8829
8830
8832
8834
8836
8838
8839
8841
8843
8845
8856
8857
8859
8861
8863
8874
8875
8877
8879
8881
8892
8893
8895
8897
8899
8991
8992
8994
8996
8998
9000
9001
9003
9005
9007
9018
9019
9021
9023
9025
9036
9037
9039
9041
9043
9054
9055
9057
9059
9061
9153
9154
9156
9158
9160
9162
9163
9165
9167
9169
9180
9181
9183
9185
9187
9198
9199
9201
9203
9205
9216
9217
9219
9221
9223
9315
9316
9318
9320
9322
9324
9325
9327
9329
9331
9342
9343
9345
9347
9349
9360
9361
9363
9365
9367
9378
9379
9381
9383
9385
