2
3
4
5
6
7
8
9
10
11
12
13
14
15
16
17
18
19
20
21
22
23
24
25
26
27
28
29
30
31
32
33
34
35
36
37
38
39
40
41
42
43
44
45
46
47
48
49
50
51
52
53
54
55
56
57
58
59
60
61
62
63
64
65
66
67
68
69
70
71
72
73
74
75
76
77
78
79
80
81
82
83
84
85
86
87
88
89
90
91
92
93
94
95
96
97
98
99
100
101
102
103
104
105
106
107
108
109
110
112
113
114
115
116
117
118
119
120
121
122
123
124
125
126
127
129
130
131
132
133
134
135
136
138
139
140
141
142
143
144
145
146
147
150
151
153
154
155
156
159
160
161
162
163
164
165
166
168
169
170
171
172
173
174
175
177
178
179
180
181
183
184
186
187
188
189
190
191
192
193
195
196
197
198
199
200
204
205
206
207
208
209
210
211
213
214
215
216
217
218
219
220
222
225
226
227
228
229
231
234
235
236
237
240
242
243
244
245
246
247
249
250
251
252
253
254
255
259
260
261
262
263
264
265
266
267
268
269
270
271
273
274
276
277
278
279
285
286
287
290
292
293
294
295
296
297
298
299
300
301
304
305
306
307
312
313
314
315
316
319
321
322
324
325
327
328
329
330
333
334
336
337
338
339
340
341
342
343
344
345
346
350
351
360
361
364
365
366
368
369
370
373
374
375
377
378
379
382
383
384
397
401
402
405
406
409
410
411
414
415
418
419
420
438
441
442
445
446
447
450
451
454
455
456
459
460
462
463
464
465
468
469
474
477
478
482
483
486
487
489
490
491
492
493
495
496
498
499
500
501
502
504
505
506
507
508
510
511
512
513
514
516
517
519
521
522
523
524
525
526
527
528
530
531
532
535
536
537
539
540
541
544
545
546
547
548
549
550
555
556
558
559
561
562
564
565
567
568
573
574
576
577
584
585
586
592
593
594
595
601
602
609
610
611
615
616
621
622
627
628
630
631
640
648
649
650
651
654
656
657
658
659
660
661
662
663
664
665
666
667
669
670
674
675
676
677
678
681
682
683
684
685
686
687
689
690
691
692
693
694
696
697
698
701
702
703
704
706
710
712
729
730
731
732
733
734
735
736
737
738
739
740
741
742
743
744
745
746
747
748
750
751
753
754
755
756
757
762
763
764
765
766
769
770
771
774
775
778
779
780
783
784
787
788
789
790
792
793
794
795
798
799
801
802
803
804
805
810
811
812
813
814
815
816
817
818
819
820
821
822
823
824
825
827
828
829
834
836
837
838
843
844
845
846
847
850
851
852
853
854
855
856
859
860
861
862
863
864
865
868
869
870
875
876
882
883
884
885
891
892
893
894
899
900
901
902
903
915
924
925
926
933
934
935
942
943
944
945
946
947
948
949
956
957
960
963
964
965
966
972
973
974
975
980
981
982
983
984
985
986
994
996
1000
1005
1006
1007
1014
1015
1016
1023
1024
1025
1026
1027
1033
1034
1035
1036
1042
1043
1044
1045
1053
1054
1057
1058
1059
1062
1063
1066
1067
1068
1089
1090
1093
1094
1095
1096
1097
1098
1099
1101
1102
1103
1104
1105
1106
1107
1108
1111
1112
1113
1114
1115
1116
1117
1123
1124
1125
1126
1134
1135
1138
1139
1140
1143
1144
1147
1148
1149
1150
1155
1156
1161
1162
1167
1168
1170
1171
1174
1175
1176
1177
1178
1179
1180
1182
1183
1184
1185
1186
1187
1188
1189
1192
1193
1194
1195
1196
1197
1198
1204
1205
1206
1207
1215
1216
1219
1220
1221
1222
1224
1225
1228
1229
1230
1231
1236
1237
1251
1252
1255
1256
1257
1260
1261
1264
1265
1266
1269
1270
1273
1274
1275
1276
1278
1279
1284
1285
1290
1291
1296
1297
1302
1303
1305
1306
1313
1314
1315
1322
1323
1324
1331
1340
1377
1378
1379
1380
1385
1386
1387
1388
1389
1394
1395
1396
1403
1404
1405
1412
1421
1458
1459
1460
1461
1466
1467
1468
1469
1470
1475
1476
1477
1484
1485
1486
1523
1524
1530
1531
1532
1533
1539
1540
1541
1542
1547
1548
1549
1550
1551
1556
1557
1558
1565
1566
1567
1581
1582
1587
1588
1593
1594
1599
1600
1602
1603
1635
1636
1641
1642
1644
1647
1648
1653
1654
1655
1656
1657
1662
1663
1664
1671
1672
1673
1674
1675
1725
1734
1735
1736
1743
1744
1745
1752
1753
1754
1755
1756
1762
1763
1764
1765
1771
1772
1773
1774
1824
1825
1826
1833
1834
1835
1836
1837
1843
1844
1845
1846
1852
1853
1854
1855
1898
1905
1906
1907
1914
1915
1916
1917
1918
1919
1920
1924
1925
1926
1927
1933
1934
1935
1936
1944
1945
1953
1954
1959
1961
1962
1963
1970
1971
1972
1979
1988
2000
2373
2382
2383
2384
2391
2392
2393
2400
2401
2402
2403
2404
2454
2463
2464
2465
2472
2473
2474
2481
2482
2483
2484
2485
2491
2492
2493
2494
2500
2916
2917
2920
2921
2922
2925
2926
2929
2930
2931
2952
2953
2956
2957
2958
2961
2962
2965
2966
2967
2970
2971
2974
2975
2976
2997
2998
3001
3002
3003
3006
3007
3010
3011
3012
3033
3034
3037
3038
3039
3042
3043
3046
3047
3048
3051
3052
3055
3056
3057
3240
3241
3244
3245
3246
3249
3250
3253
3254
3255
3276
3277
3280
3281
3282
3285
3286
3289
3290
3291
3294
3295
3298
3299
3300
3321
3322
3325
3326
3327
3330
3331
3334
3335
3336
3357
3358
3361
3362
3363
3366
3367
3370
3371
3372
3375
3376
3379
3380
3381
3402
3403
3406
3407
3408
3411
3412
3415
3416
3417
3438
3439
3442
3443
3444
3447
3448
3451
3452
3453
3456
3457
3460
3461
3462
3645
3646
3649
3650
3651
3654
3655
3658
3659
3660
3681
3682
3685
3686
3687
3690
3691
3694
3695
3696
3699
3700
3703
3704
3705
3726
3727
3730
3731
3732
3735
3736
3739
3740
3741
3762
3763
3766
3767
3768
3771
3772
3775
3776
3777
3780
3781
3784
3785
3786
3969
3970
3973
3974
3975
3978
3979
3982
3983
3984
4005
4006
4009
4010
4011
4014
4015
4018
4019
4020
4023
4024
4027
4028
4029
4050
4051
4054
4055
4056
4059
4060
4063
4064
4065
4086
4087
4090
4091
4092
4095
4096
4099
4100
4101
4104
4105
4108
4109
4110
4131
4132
4135
4136
4137
4140
4141
4144
4145
4146
4167
4168
4171
4172
4173
4176
4177
4180
4181
4182
4185
4186
4189
4190
4191
4374
4375
4378
4379
4380
4383
4384
4387
4388
4389
4410
4411
4414
4415
4416
4419
4420
4423
4424
4425
4428
4429
4432
4433
4434
4455
4456
4459
4460
4461
4464
4465
4468
4469
4470
4491
4492
4495
4496
4497
4500
4501
4504
4505
4506
4509
4510
4513
4514
4515
4698
4699
4702
4703
4704
4707
4708
4711
4712
4713
4734
4735
4738
4739
4740
4743
4744
4747
4748
4749
4752
4753
4756
4757
4758
4779
4780
4783
4784
4785
4788
4789
4792
4793
4794
4815
4816
4819
4820
4821
4824
4825
4828
4829
4830
4833
4834
4837
4838
4839
4860
4861
4864
4865
4866
4869
4870
4873
4874
4875
4896
4897
4900
4901
4902
4905
4906
4909
4910
4911
4914
4915
4918
4919
4920
6561
6562
6565
6566
6567
6570
6571
6574
6575
6576
6597
6598
6601
6602
6603
6606
6607
6610
6611
6612
6615
6616
6619
6620
6621
6642
6643
6646
6647
6648
6651
6652
6655
6656
6657
6678
6679
6682
6683
6684
6687
6688
6691
6692
6693
6696
6697
6700
6701
6702
6885
6886
6889
6890
6891
6894
6895
6898
6899
6900
6921
6922
6925
6926
6927
6930
6931
6934
6935
6936
6939
6940
6943
6944
6945
6966
6967
6970
6971
6972
6975
6976
6979
6980
6981
7002
7003
7006
7007
7008
7011
7012
7015
7016
7017
7020
7021
7024
7025
7026
7047
7048
7051
7052
7053
7056
7057
7060
7061
7062
7083
7084
7087
7088
7089
7092
7093
7096
7097
7098
7101
7102
7105
7106
7107
7290
7291
7294
7295
7296
7299
7300
7303
7304
7305
7326
7327
7330
7331
7332
7335
7336
7339
7340
7341
7344
7345
7348
7349
7350
7371
7372
7375
7376
7377
7380
7381
7384
7385
7386
7407
7408
7411
7412
7413
7416
7417
7420
7421
7422
7425
7426
7429
7430
7431
7614
7615
7618
7619
7620
7623
7624
7627
7628
7629
7650
7651
7654
7655
7656
7659
7660
7663
7664
7665
7668
7669
7672
7673
7674
7695
7696
7699
7700
7701
7704
7705
7708
7709
7710
7731
7732
7735
7736
7737
7740
7741
7744
7745
7746
7749
7750
7753
7754
7755
7776
7777
7780
7781
7782
7785
7786
7789
7790
7791
7812
7813
7816
7817
7818
7821
7822
7825
7826
7827
7830
7831
7834
7835
7836
9477
9478
9481
9482
9483
9486
9487
9490
9491
9492
9513
9514
9517
9518
9519
9522
9523
9526
9527
9528
9531
9532
9535
9536
9537
9558
9559
9562
9563
9564
9567
9568
9571
9572
9573
9594
9595
9598
9599
9600
9603
9604
9607
9608
9609
9612
9613
9616
9617
9618
9801
9802
9805
9806
9807
9810
9811
9814
9815
9816
9837
9838
9841
9842
9843
9846
9847
9850
9851
9852
9855
9856
9859
9860
9861
9882
9883
9886
9887
9888
9891
9892
9895
9896
9897
9918
9919
9922
9923
9924
9927
9928
9931
9932
9933
9936
9937
9940
9941
9942
9963
9964
9967
9968
9969
9972
9973
9976
9977
9978
9999
10000
