2
5
6
7
9
10
11
12
13
14
15
16
18
19
20
37
41
42
43
45
46
47
48
49
50
51
52
54
55
56
57
58
59
60
61
63
64
65
66
67
68
69
70
73
74
75
76
77
78
79
81
82
83
84
85
86
87
88
90
91
92
93
94
95
96
97
99
100
101
102
103
104
105
106
108
109
110
111
112
114
115
117
118
119
120
121
123
126
127
128
129
130
131
132
133
135
136
137
138
139
140
141
142
144
145
146
147
148
149
150
151
154
155
156
157
158
159
160
162
163
164
167
168
169
171
172
173
174
177
180
181
182
329
333
335
336
337
365
369
370
372
374
375
376
378
379
381
382
383
384
385
388
389
391
393
398
399
400
401
402
403
405
406
408
409
410
411
412
414
415
418
420
423
424
426
428
429
432
433
434
435
438
441
442
443
444
445
446
448
450
451
453
454
455
456
457
459
460
461
462
463
464
465
466
468
469
471
472
473
474
482
484
486
487
492
493
495
496
497
498
499
500
502
504
505
509
510
511
513
514
515
516
517
518
519
520
522
523
526
527
528
529
532
536
537
540
541
543
544
546
547
549
550
551
552
553
554
560
563
564
565
567
568
570
571
572
573
574
576
577
579
580
581
582
585
586
588
591
592
594
595
596
597
598
600
601
603
604
606
607
608
612
613
615
617
618
619
621
622
623
624
625
626
627
630
631
632
633
634
635
636
640
642
643
644
645
646
650
652
653
654
655
657
658
661
663
664
666
667
670
671
672
673
675
676
677
678
679
680
681
682
684
685
686
687
688
689
690
691
693
694
695
696
698
699
700
702
703
704
705
706
707
708
709
711
712
714
715
716
717
718
721
725
726
727
729
730
731
734
735
736
738
739
740
741
742
744
745
747
748
749
750
751
753
754
756
757
760
761
762
765
766
767
769
770
771
772
774
775
776
777
778
779
780
781
783
784
785
786
788
789
790
792
793
794
795
796
797
798
799
802
803
804
806
807
808
810
811
812
815
816
817
819
820
821
822
823
824
825
826
828
829
830
831
832
833
834
835
837
838
842
843
844
846
847
849
850
852
855
856
857
858
859
861
862
864
865
866
868
870
871
873
874
876
877
879
880
883
886
888
889
891
892
893
896
900
901
902
903
905
906
909
910
911
914
915
916
918
919
923
924
925
929
930
932
934
936
937
938
939
942
943
945
946
947
949
951
952
954
955
956
957
958
961
965
968
969
970
972
973
974
977
978
979
981
982
984
985
987
990
991
994
995
996
1000
1008
1009
1014
1018
1019
1020
1023
1024
1026
1027
1029
1032
1033
1035
1036
1038
1039
1040
1049
1050
1051
1053
1054
1055
1057
1058
1059
1060
1062
1063
1065
1066
1068
1069
1071
1072
1073
1074
1075
1077
1078
1080
1081
1084
1085
1086
1087
1089
1090
1092
1093
1095
1104
1107
1108
1109
1111
1113
1119
1120
1126
1127
1129
1131
1140
1143
1144
1145
1149
1150
1152
1157
1158
1161
1162
1171
1176
1179
1180
1184
1185
1188
1189
1190
1191
1192
1193
1194
1202
1207
1209
1212
1213
1215
1216
1217
1222
1224
1225
1226
1228
1230
1233
1234
1235
1237
1239
1246
1251
1252
1253
1255
1257
1260
1261
1263
1266
1267
1269
1270
1271
1272
1273
1274
1275
1284
1288
1289
1291
1293
1296
1297
1301
1303
1305
1307
1308
1314
1320
1321
1323
1324
1325
1327
1330
1332
1333
1336
1337
1339
1341
1342
1347
1354
1356
1363
1364
1369
1371
1372
1373
1374
1386
1387
1390
1395
1398
1399
1401
1402
1404
1405
1408
1413
1414
1415
1417
1419
1423
1428
1431
1432
1433
1435
1437
1453
1455
1458
1459
1460
1467
1468
1469
1473
1476
1477
1478
1539
1540
1541
1548
1549
1550
1554
1557
1558
1559
1581
1590
1593
1594
1595
1597
1599
1615
1617
1620
1621
1622
1629
1630
1631
1635
1638
1639
1640
3281
3285
3286
3288
3290
3321
3322
3326
3330
3331
3342
3348
3349
3350
3351
3359
3360
3362
3366
3367
3369
3371
3645
3646
3650
3654
3655
3686
3690
3691
3693
3695
3711
3713
3726
3727
3731
3735
3736
3750
3758
3759
3760
3796
3804
3805
3828
3830
3831
3834
3835
3836
3837
3839
3840
3841
3848
3850
3852
3853
3873
3875
3888
3889
3893
3897
3898
3899
3906
3907
3908
3909
3915
3916
3917
3918
3926
3927
3980
3987
3988
3989
3990
3996
3997
3998
3999
4007
4008
4010
4014
4015
4017
4019
4050
4051
4055
4059
4060
4071
4077
4078
4079
4080
4088
4089
4091
4095
4096
4098
4100
4172
4174
4176
4177
4212
4213
4218
4221
4222
4236
4244
4245
4246
4253
4255
4257
4258
4264
4266
4267
4374
4375
4380
4381
4383
4384
4386
4387
4426
4428
4429
4434
4435
4437
4438
4440
4441
4444
4452
4453
4455
4456
4461
4462
4464
4465
4467
4468
4478
4479
4480
4482
4483
4487
4488
4489
4491
4492
4494
4495
4525
4533
4534
4559
4560
4568
4569
4570
4577
4579
4581
4582
4588
4590
4591
4640
4658
4660
4662
4663
4669
4671
4672
4676
4680
4681
4685
4686
4860
4861
4866
4867
4869
4870
4872
4873
4914
4915
4920
4921
4923
4924
4926
4927
4928
4941
4942
4947
4948
4950
4951
4953
4954
4962
4965
4966
4968
4969
4970
4971
4974
4975
4977
4978
4980
4981
4982
4986
4987
4989
4991
4997
5000
5007
5009
5103
5104
5109
5110
5112
5113
5115
5116
5157
5158
5163
5164
5166
5167
5169
5170
5184
5185
5190
5191
5193
5194
5196
5197
5208
5209
5211
5212
5217
5218
5220
5221
5223
5224
5235
5236
5286
5289
5290
5292
5293
5294
5295
5316
5317
5319
5320
5325
5326
5328
5329
5331
5332
5333
5343
5344
5346
5347
5351
5352
5353
5355
5356
5357
5358
5359
5364
5365
5366
5367
5373
5374
5375
5376
5400
5401
5406
5407
5409
5410
5412
5413
5427
5428
5433
5434
5436
5437
5439
5440
5451
5452
5454
5455
5460
5461
5463
5464
5466
5467
5468
5472
5473
5475
5477
5508
5509
5513
5517
5518
5529
5535
5536
5537
5538
5546
5547
5549
5553
5554
5556
5558
5564
5567
5600
5607
5608
5609
5627
5628
5630
5632
5634
5635
5637
5639
5645
5648
5655
5657
5670
5671
5676
5679
5680
5691
5694
5697
5698
5699
5700
5702
5703
5704
5711
5713
5715
5716
5718
5720
5722
5724
5725
5726
5729
5736
5738
5789
5790
5807
5810
5817
5819
6046
6048
6049
6098
6113
6114
6116
6118
6120
6121
6127
6129
6130
6134
6138
6139
6143
6144
6167
6174
6175
6176
6177
6183
6184
6185
6186
6194
6195
6260
6293
6296
6300
6301
6305
6306
6318
6319
6324
6327
6328
6329
6336
6337
6338
6341
6342
6350
6351
6352
6356
6357
6359
6361
6363
6364
6366
6368
6374
6377
6384
6386
6399
6400
6405
6408
6409
6420
6423
6426
6427
6428
6429
6431
6432
6433
6440
6442
6444
6445
6447
6449
6451
6453
6454
6455
6458
6462
6463
6465
6467
6468
6504
6512
6513
6514
6518
6519
6532
6534
6535
6536
6539
6543
6544
6546
6548
6549
6550
6558
6559
6561
6562
6563
6566
6567
6568
6570
6571
6572
6573
6574
6576
6579
6580
6581
6602
6606
6607
6609
6611
6613
6615
6616
6621
6622
6624
6625
6627
6628
6629
6631
6639
6640
6642
6643
6644
6647
6648
6649
6651
6652
6653
6654
6655
6657
6660
6661
6662
6665
6666
6667
6669
6670
6675
6676
6678
6679
6681
6682
6684
6693
6696
6697
6698
6700
6702
6718
6720
6723
6724
6725
6732
6733
6734
6738
6741
6742
6743
6926
6930
6931
6933
6935
6966
6967
6971
6975
6976
6987
6989
6993
6994
6995
6996
7004
7005
7007
7011
7012
7014
7016
7025
7029
7030
7034
7035
7047
7048
7053
7054
7056
7057
7059
7060
7070
7071
7079
7080
7081
7101
7102
7107
7108
7110
7111
7113
7114
7115
7128
7129
7134
7135
7137
7138
7140
7141
7149
7152
7153
7155
7156
7157
7158
7161
7162
7164
7165
7167
7168
7169
7173
7174
7176
7178
7184
7187
7191
7192
7194
7196
7197
7233
7241
7242
7243
7247
7248
7261
7263
7264
7265
7268
7272
7273
7275
7277
7278
7279
7287
7288
7290
7291
7292
7295
7296
7297
7299
7300
7301
7302
7303
7305
7308
7309
7310
7331
7335
7336
7338
7340
7342
7344
7345
7350
7351
7353
7354
7356
7357
7358
7360
7368
7369
7371
7372
7373
7376
7377
7378
7380
7381
7382
7383
7384
7386
7389
7390
7391
7394
7395
7396
7398
7399
7403
7404
7405
7407
7408
7410
7411
7413
7422
7423
7425
7426
7427
7429
7431
7441
7447
7449
7450
7452
7453
7454
7461
7462
7463
7467
7470
7471
7472
7475
7476
7477
7484
7485
7486
7493
7495
7497
7498
7503
7504
7506
7507
7512
7513
7515
7516
7518
7519
7530
7531
7533
7534
7539
7540
7542
7543
7545
7546
7556
7574
7576
7578
7579
7585
7587
7588
7592
7593
7594
7596
7597
7599
7600
7601
7602
7614
7615
7620
7621
7623
7624
7626
7627
7638
7639
7641
7642
7647
7648
7650
7651
7653
7654
7656
7665
7666
7668
7669
7670
7672
7674
7719
7720
7737
7746
7747
7749
7750
7751
7753
7755
7756
7758
7759
7761
7762
7773
7774
7776
7777
7778
7785
7786
7787
7791
7794
7795
7796
7798
7807
7812
7813
7814
7816
7818
7827
7830
7831
7832
7834
7836
7852
7854
7916
7920
7921
7925
7926
7933
7935
7960
7962
7969
7970
7971
7972
7974
7975
7976
7978
7980
7989
7990
7992
7993
7994
7996
7997
7998
8001
8002
8006
8007
8008
8014
8016
8017
8019
8020
8021
8028
8029
8030
8034
8037
8038
8039
8100
8101
8102
8109
8110
8111
8115
8118
8119
8120
8124
8132
8133
8134
8142
8151
8152
8154
8155
8156
8158
8160
8170
8176
8178
8179
8181
8182
8183
8190
8191
8192
8196
8199
8200
8201
8204
8205
8206
8213
8214
8215
8222
8224
8226
8227
8232
8233
8235
8236
8241
8242
8244
8245
8247
8248
8259
8260
8285
8303
8305
8307
8308
8314
8316
8317
8321
8325
8326
8330
8331
8332
8340
8341
8384
8386
8388
8389
8394
8395
8402
8406
8407
8411
8412
8413
8421
8422
8424
8425
8430
8433
8434
8448
8449
8475
8476
8478
8479
8484
8485
8487
8488
8490
8491
8502
8503
8505
8506
8511
8512
8514
8515
8517
8518
8559
8560
8565
8566
8568
8569
8571
8572
8586
8587
8592
8593
8595
8596
8598
8599
8610
8611
8613
8614
8619
8620
8622
8623
8625
8626
8637
8638
8691
8692
8718
8719
8721
8722
8727
8728
8730
8731
8733
8734
8745
8746
8748
8749
8754
8755
8757
8758
8760
8761
8802
8803
8808
8809
8811
8812
8814
8815
8829
8830
8835
8836
8838
8839
8841
8842
8853
8854
8856
8857
8862
8863
8865
8866
8868
8869
9234
9235
9240
9241
9243
9244
9246
9247
9288
9289
9294
9295
9297
9298
9300
9301
9315
9316
9321
9322
9324
9325
9327
9328
9339
9340
9342
9343
9348
9349
9351
9352
9354
9355
9477
9478
9483
9484
9486
9487
9489
9490
9531
9532
9537
9538
9540
9541
9543
9544
9558
9559
9564
9565
9567
9568
9570
9571
9582
9583
9585
9586
9591
9592
9594
9595
9597
9598
9609
9610
9663
9664
9690
9691
9693
9694
9699
9700
9702
9703
9705
9706
9717
9718
9720
9721
9726
9727
9729
9730
9732
9733
9774
9775
9780
9781
9783
9784
9786
9787
9801
9802
9807
9808
9810
9811
9813
9814
9825
9826
9828
9829
9834
9835
9837
9838
9840
9841
9843
9852
9855
9856
9857
9859
9861
9924
9933
9936
9937
9938
9940
9942
9963
9964
9965
9972
9973
9974
9978
9981
9982
9983
9985
9994
9999
10000
10001
10003
10005
10014
10017
10018
10019
10021
10023
10572
10581
10584
10585
10586
10588
10590
10653
10662
10665
10666
10667
10669
10671
10692
10693
10694
10701
10702
10703
10707
10710
10711
10712
10714
10723
10728
10729
10730
10732
10734
10743
10746
10747
10748
10750
10752
10935
10936
10937
10944
10945
10946
10950
10953
10954
10955
11016
11017
11018
11025
11026
11027
11031
11034
11035
11036
11058
11067
11070
11071
11072
11074
11076
11092
11094
11097
11098
11099
11106
11107
11108
11112
11115
11116
11117
11119
11128
11133
11134
11135
11137
11200
11209
11214
11215
11216
11218
11254
11256
11259
11260
11261
11268
11269
11270
11274
11277
11278
11279
11281
11290
11295
11296
11297
11299
11301
11310
11313
11314
11315
11317
11319
11382
11391
11394
11395
11396
11398
11400
11421
11422
11423
11430
11431
11432
11436
11439
11440
11441
11443
11452
11457
11458
11459
11461
11463
11472
11475
11476
11477
11479
11481
11497
11499
11578
11580
11605
11614
11619
11620
11621
11623
11625
11634
11637
11638
11639
11641
11643
11659
11661
12226
12228
12307
12309
12334
12343
12348
12349
12350
12352
12354
12363
12366
12367
12368
12370
12372
12388
12390
12577
12586
12591
12592
12593
12595
12658
12667
12672
12673
12674
12676
12712
12714
12717
12718
12719
12726
12727
12728
12732
12735
12736
12737
12739
12748
12753
12754
12755
12757
12759
12768
12771
12772
12773
12775
12777
12840
12849
12852
12853
12854
12856
12858
12879
12880
12881
12888
12889
12890
12894
12897
12898
12899
12901
12910
12915
12916
12917
12919
12921
12930
12933
12934
12935
12937
12939
12955
12957
13036
13038
13063
13072
13077
13078
13079
13081
13083
13092
13095
13096
13097
13099
13101
13117
13119
13122
13123
13124
13131
13132
13133
13137
13140
13141
13142
13203
13204
13205
13212
13213
13214
13218
13221
13222
13223
13245
13254
13257
13258
13259
13261
13263
13279
13281
13284
13285
13286
13293
13294
13295
13299
13302
13303
13304
13851
13852
13853
13860
13861
13862
13866
13869
13870
13871
13932
13933
13934
13941
13942
13943
13947
13950
13951
13952
13974
13983
13986
13987
13988
13990
13992
14008
14010
14013
14014
14015
14022
14023
14024
14028
14031
14032
14033
14217
14226
14229
14230
14231
14233
14235
14298
14307
14310
14311
14312
14314
14316
14337
14338
14339
14346
14347
14348
14352
14355
14356
14357
14359
14368
14373
14374
14375
14377
14379
14388
14391
14392
14393
14395
14397
14413
14415
14494
14496
14521
14530
14535
14536
14537
14539
14541
14550
14553
14554
14555
14557
14559
14575
14577
14580
14581
14582
14589
14590
14591
14595
14598
14599
14600
14661
14662
14663
14670
14671
14672
14676
14679
14680
14681
14703
14712
14715
14716
14717
14719
14721
14737
14739
14742
14743
14744
14751
14752
14753
14757
14760
14761
14762
