2
4
5
7
8
9
10
11
13
14
16
17
18
19
20
22
23
25
26
28
29
31
32
34
35
36
37
38
40
41
43
44
45
46
47
49
50
52
53
55
56
58
59
61
62
63
64
65
67
68
70
71
72
73
74
76
77
79
80
81
82
83
85
86
88
89
90
91
92
94
95
97
98
99
100
101
103
104
106
107
109
110
112
116
117
118
119
121
124
125
126
127
128
130
131
133
134
136
139
140
142
143
144
145
146
148
149
151
152
153
154
155
157
158
161
162
163
164
166
167
169
170
171
172
173
175
176
178
179
180
181
182
184
185
187
188
190
191
193
194
196
197
198
199
200
202
203
205
207
208
209
211
212
214
215
217
218
220
224
225
226
227
229
230
232
233
234
235
236
239
241
242
250
251
252
253
254
256
259
261
262
265
268
269
271
272
277
278
279
280
286
287
289
290
292
295
296
298
301
302
304
306
307
308
310
311
313
314
315
316
317
319
324
325
326
328
329
331
333
334
335
337
338
340
342
343
346
347
349
350
352
353
358
360
361
364
365
367
368
369
370
373
374
376
379
380
382
383
385
386
387
388
389
391
392
395
396
397
400
401
403
405
406
407
409
410
412
413
414
415
416
418
419
422
423
424
425
427
428
430
431
433
434
436
437
439
441
442
445
446
448
450
451
452
454
455
457
458
460
463
466
467
468
469
470
472
475
476
477
478
479
481
482
484
485
496
499
508
511
512
515
522
524
526
531
532
533
535
538
539
545
547
549
550
551
553
567
568
571
572
574
576
577
578
580
584
585
586
590
592
593
596
598
599
601
602
603
604
605
607
608
612
613
616
626
629
631
634
635
640
648
649
650
653
656
657
658
659
662
664
665
666
667
668
670
671
674
677
679
680
682
684
689
691
693
694
695
697
698
700
701
704
711
712
715
720
721
722
724
725
727
728
729
730
731
733
734
736
737
738
739
740
742
743
745
746
747
748
749
751
752
754
755
760
763
765
766
769
770
772
774
775
776
778
779
781
782
788
790
792
793
794
796
801
802
803
806
808
809
810
811
812
814
815
817
818
819
820
821
823
824
826
827
828
829
830
832
833
835
836
841
845
846
847
850
855
856
857
859
860
862
863
868
869
871
872
873
874
877
880
882
883
884
887
890
891
892
893
896
899
900
901
902
904
905
907
908
909
910
911
913
914
917
922
927
928
931
932
934
936
937
938
940
941
943
944
954
955
958
962
963
964
965
968
970
971
994
998
1003
1008
1009
1012
1015
1024
1025
1053
1054
1057
1058
1060
1062
1063
1066
1076
1078
1084
1089
1090
1093
1134
1135
1136
1139
1142
1143
1144
1145
1148
1151
1152
1153
1154
1157
1160
1168
1170
1171
1177
1179
1180
1181
1183
1184
1186
1187
1192
1197
1198
1199
1201
1204
1206
1207
1208
1211
1214
1249
1251
1252
1258
1262
1296
1297
1298
1300
1305
1306
1312
1314
1315
1316
1327
1330
1332
1333
1339
1343
1345
1348
1354
1359
1360
1377
1378
1379
1382
1385
1386
1387
1388
1391
1394
1395
1396
1397
1400
1403
1408
1422
1423
1424
1427
1430
1442
1444
1447
1449
1450
1451
1454
1457
1458
1459
1460
1462
1463
1466
1467
1468
1469
1472
1474
1475
1476
1477
1478
1481
1484
1489
1492
1494
1495
1501
1503
1504
1505
1508
1511
1530
1531
1532
1535
1538
1539
1540
1541
1543
1544
1547
1548
1549
1550
1553
1555
1556
1557
1558
1559
1562
1565
1584
1585
1586
1588
1589
1591
1592
1597
1602
1603
1604
1606
1609
1611
1612
1613
1616
1619
1620
1621
1622
1624
1625
1628
1629
1630
1631
1634
1636
1637
1638
1639
1640
1643
1646
1651
1665
1666
1667
1670
1673
1685
1687
1690
1692
1693
1694
1697
1700
1735
1737
1738
1744
1748
1823
1825
1827
1828
1831
1832
1834
1845
1846
1849
1859
1861
1863
1864
1865
1867
1868
1870
1871
1872
1873
1874
1876
1877
1880
1881
1882
1883
1886
1888
1889
1899
1900
1903
1904
1906
1908
1909
1910
1912
1913
1915
1916
1926
1927
1930
1935
1936
1937
1940
1942
1943
2025
2026
2029
2030
2032
2034
2035
2038
2048
2050
2061
2062
2065
2106
2107
2108
2111
2114
2115
2116
2117
2120
2123
2124
2125
2126
2129
2132
2147
2149
2151
2152
2153
2155
2156
2158
2159
2169
2170
2173
2178
2179
2180
2183
2185
2186
2916
2917
2920
2921
2923
2925
2926
2929
2939
2941
2952
2953
2956
2957
2959
2961
2962
2965
2966
2968
2979
2980
2983
2993
2995
2997
2998
3001
3002
3004
3006
3007
3010
3020
3022
3033
3034
3037
3119
3121
3123
3124
3127
3128
3130
3141
3142
3145
3155
3157
3240
3241
3244
3245
3247
3249
3250
3253
3263
3265
3276
3277
3280
3281
3283
3285
3286
3289
3290
3292
3303
3304
3307
3317
3319
3321
3322
3325
3326
3328
3330
3331
3334
3344
3346
3357
3358
3361
3362
3364
3366
3367
3370
3371
3373
3384
3385
3388
3398
3400
3483
3484
3487
3488
3490
3492
3493
3496
3506
3508
3519
3520
3523
3605
3607
3609
3610
3613
3614
3616
3627
3628
3631
3641
3643
3645
3646
3647
3649
3650
3652
3653
3654
3655
3656
3658
3659
3662
3663
3664
3665
3668
3670
3671
3681
3682
3685
3686
3688
3690
3691
3692
3694
3695
3697
3698
3708
3709
3712
3717
3718
3719
3722
3724
3725
3726
3727
3728
3730
3731
3733
3734
3735
3736
3737
3739
3740
3743
3744
3745
3746
3749
3751
3752
3762
3763
3766
3771
3772
3773
3776
3779
3798
3799
3800
3803
3806
3807
3808
3809
3812
3815
3816
3817
3818
3821
3824
3825
3826
3827
3830
3833
3848
3850
3852
3853
3854
3856
3857
3859
3860
3870
3871
3874
3879
3880
3881
3884
3886
3887
3969
3970
3973
3974
3976
3978
3979
3982
3992
3994
4005
4006
4009
4010
4012
4014
4015
4018
4019
4021
4032
4033
4036
4046
4048
4050
4051
4052
4054
4055
4057
4058
4059
4060
4061
4063
4064
4067
4068
4069
4070
4073
4075
4076
4086
4087
4090
4091
4093
4095
4096
4097
4099
4100
4102
4103
4113
4114
4117
4122
4123
4124
4127
4129
4130
4212
4213
4216
4217
4219
4221
4222
4225
4235
4237
4248
4249
4252
4293
4294
4295
4298
4301
4302
4303
4304
4307
4310
4311
4312
4313
4316
4319
4334
4336
4338
4339
4340
4342
4343
4345
4346
4356
4357
4360
4365
4366
4367
4370
4372
4373
5832
5833
5834
5837
5840
5841
5842
5843
5846
5849
5850
5851
5852
5855
5858
5877
5878
5879
5882
5885
5904
5905
5906
5909
5912
5913
5914
5915
5918
5921
5922
5923
5924
5927
5930
5931
5932
5933
5936
5939
5958
5959
5960
5963
5966
5985
5986
5987
5990
5993
5994
5995
5996
5999
6002
6003
6004
6005
6008
6011
6012
6013
6014
6017
6020
6039
6040
6041
6044
6047
6066
6067
6068
6071
6074
6237
6238
6239
6242
6245
6246
6247
6248
6251
6254
6255
6256
6257
6260
6263
6282
6283
6284
6287
6290
6309
6310
6311
6314
6317
6480
6481
6482
6485
6488
6489
6490
6491
6494
6497
6498
6499
6500
6503
6506
6525
6526
6527
6530
6533
6552
6553
6554
6557
6560
6561
6562
6563
6566
6569
6570
6571
6572
6575
6578
6579
6580
6581
6584
6587
6606
6607
6608
6611
6614
6633
6634
6635
6638
6641
6642
6643
6644
6647
6650
6651
6652
6653
6656
6659
6660
6661
6662
6665
6668
6687
6688
6689
6692
6695
6714
6715
6716
6719
6722
6723
6724
6725
6728
6731
6732
6733
6734
6737
6740
6741
6742
6743
6746
6749
6768
6769
6770
6773
6776
6795
6796
6797
6800
6803
6966
6967
6968
6971
6974
6975
6976
6977
6980
6983
6984
6985
6986
6989
6992
7011
7012
7013
7016
7019
7038
7039
7040
7043
7046
7209
7210
7211
7214
7217
7218
7219
7220
7223
7226
7227
7228
7229
7232
7235
7254
7255
7256
7259
7262
7281
7282
7283
7286
7289
7290
7291
7292
7295
7298
7299
7300
7301
7304
7307
7308
7309
7310
7313
7316
7335
7336
7337
7340
7343
7362
7363
7364
7367
7370
7371
7372
7373
7376
7379
7380
7381
7382
7385
7388
7389
7390
7391
7394
7397
7416
7417
7418
7421
7424
7443
7444
7445
7448
7451
7452
7453
7454
7457
7460
7461
7462
7463
7466
7469
7470
7471
7472
7475
7478
7497
7498
7499
7502
7505
7524
7525
7526
7529
7532
7695
7696
7697
7700
7703
7704
7705
7706
7709
7712
7713
7714
7715
7718
7721
7740
7741
7742
7745
7748
7767
7768
7769
7772
7775
7938
7939
7940
7943
7946
7947
7948
7949
7952
7955
7956
7957
7958
7961
7964
7983
7984
7985
7988
7991
8010
8011
8012
8015
8018
8019
8020
8021
8024
8027
8028
8029
8030
8033
8036
8037
8038
8039
8042
8045
8064
8065
8066
8069
8072
8091
8092
8093
8096
8099
8100
8101
8102
8105
8108
8109
8110
8111
8114
8117
8118
8119
8120
8123
8126
8145
8146
8147
8150
8153
8172
8173
8174
8177
8180
8181
8182
8183
8186
8189
8190
8191
8192
8195
8198
8199
8200
8201
8204
8207
8226
8227
8228
8231
8234
8253
8254
8255
8258
8261
8424
8425
8426
8429
8432
8433
8434
8435
8438
8441
8442
8443
8444
8447
8450
8469
8470
8471
8474
8477
8496
8497
8498
8501
8504
8667
8668
8669
8672
8675
8676
8677
8678
8681
8684
8685
8686
8687
8690
8693
8712
8713
8714
8717
8720
8739
8740
8741
8744
8747
