2
3
4
5
6
7
8
9
10
11
12
13
14
15
16
17
18
19
20
21
22
23
24
25
26
27
28
29
30
31
32
33
34
35
36
37
38
39
40
41
42
43
44
45
46
47
48
49
50
51
52
53
54
55
56
57
58
59
60
61
62
63
64
65
66
67
68
69
70
71
72
73
74
75
76
77
78
79
80
81
82
83
84
85
86
87
88
89
90
91
92
93
94
95
96
98
99
100
101
102
105
106
107
108
109
110
111
112
113
114
115
116
117
118
120
121
122
123
124
125
126
127
129
130
131
132
134
135
136
137
138
139
140
141
143
144
145
147
148
149
150
151
152
153
154
155
156
158
159
161
162
163
164
165
166
167
168
169
170
171
172
173
174
177
179
180
181
182
183
186
187
188
189
190
191
192
195
197
216
217
218
219
220
221
222
223
224
225
226
227
234
235
236
237
240
241
242
243
244
245
246
247
248
249
250
251
252
253
254
255
256
257
258
260
261
262
263
264
267
268
269
270
271
272
273
274
275
276
277
278
279
280
281
282
283
288
289
290
294
295
296
297
298
299
300
301
302
303
304
305
306
307
308
315
316
317
318
321
322
323
324
325
326
327
328
329
330
331
332
333
334
336
337
338
339
351
352
354
355
360
361
363
364
365
366
369
370
372
373
374
375
378
379
381
382
392
393
401
402
405
406
408
409
410
411
414
415
417
418
419
420
432
433
435
436
441
442
444
445
446
447
450
451
453
454
455
456
459
460
462
463
473
474
482
483
486
487
488
489
490
491
492
494
495
496
497
498
499
500
501
503
504
505
506
507
510
512
513
514
515
516
519
521
540
541
542
543
546
548
558
559
560
561
564
566
648
649
650
651
654
656
657
658
659
660
663
665
666
667
668
669
672
674
675
676
677
678
681
683
702
703
704
705
708
710
720
721
722
723
726
728
729
730
731
732
735
737
738
739
740
741
744
746
747
748
749
750
753
755
756
757
758
759
762
764
783
784
785
786
789
791
801
802
803
804
807
809
810
811
812
813
816
818
819
820
821
822
825
827
828
829
830
831
834
836
837
838
839
840
843
845
864
865
866
867
870
872
882
883
884
885
888
890
891
892
893
894
897
899
900
901
902
903
906
908
909
910
911
912
915
917
918
919
920
921
924
926
945
946
947
948
951
953
963
964
965
966
969
971
972
973
974
975
978
980
981
982
983
984
987
989
990
991
992
993
996
998
999
1000
