2
3
4
5
6
7
9
10
11
12
13
14
15
16
18
19
20
21
22
24
25
27
28
29
30
31
33
36
37
38
39
41
42
45
46
49
50
51
52
54
55
56
57
58
59
60
61
63
64
65
67
68
69
70
73
75
76
78
79
81
82
83
84
86
87
88
90
91
92
93
95
96
97
99
100
102
103
105
106
108
109
110
111
112
114
117
118
123
124
126
127
129
130
131
132
133
135
136
140
141
142
144
145
146
147
149
150
151
155
156
158
162
163
164
165
171
172
173
174
176
405
406
410
411
412
414
415
419
420
421
450
451
455
456
457
459
460
464
465
466
468
469
473
474
475
486
487
491
492
493
495
496
500
501
502
531
532
536
537
538
540
541
545
546
547
549
550
554
555
556
567
568
572
573
574
576
577
581
582
583
612
613
617
618
619
621
622
626
627
628
630
631
635
636
637
729
730
734
735
736
738
739
743
744
745
774
775
779
780
781
783
784
788
789
790
792
793
797
798
799
810
811
815
816
817
819
820
824
825
826
855
856
860
861
862
864
865
869
870
871
873
874
878
879
880
