2
3
4
5
6
7
8
9
10
11
12
13
14
15
16
17
18
19
20
21
22
23
24
25
26
27
28
29
30
31
32
33
34
35
36
37
38
39
40
41
42
43
44
45
46
47
48
49
50
51
52
53
54
55
56
57
58
59
60
61
62
63
64
65
66
67
68
69
70
71
72
73
74
75
76
78
79
80
81
82
83
84
85
86
87
88
89
90
91
92
93
94
95
96
97
98
99
100
101
102
103
104
105
106
107
108
109
110
111
112
113
114
115
116
117
118
119
120
121
122
123
124
125
126
127
128
129
130
131
132
133
134
135
136
137
138
139
140
141
142
143
144
145
146
147
148
150
151
152
153
154
156
157
159
160
161
162
163
164
165
166
167
169
171
172
173
174
175
176
177
178
180
181
182
183
184
185
186
187
188
189
190
191
192
193
194
196
198
199
200
201
202
203
204
205
207
208
209
210
211
212
213
214
215
216
217
218
219
220
221
222
225
226
227
228
229
230
234
235
236
237
238
239
240
241
242
243
244
245
246
247
248
249
250
251
252
253
254
255
256
257
258
259
260
261
262
263
264
265
266
267
268
269
270
271
272
273
274
275
276
277
278
279
280
281
282
283
284
285
286
287
288
289
290
291
292
293
294
295
296
297
298
300
301
303
304
305
306
307
309
310
312
313
314
315
316
318
319
321
322
323
324
325
326
327
328
329
330
331
332
333
334
336
337
339
340
341
351
352
354
355
357
358
359
360
361
363
364
366
367
368
378
379
381
382
384
385
386
387
388
390
391
393
394
395
396
397
399
400
402
403
404
486
487
489
490
492
493
494
495
496
498
499
501
502
503
513
514
516
517
519
520
521
522
523
525
526
528
529
530
540
541
543
544
546
547
548
549
550
552
553
555
556
557
558
559
561
562
564
565
566
567
568
570
571
573
574
575
576
577
579
580
582
583
584
594
595
597
598
600
601
602
603
604
606
607
609
610
611
621
622
624
625
627
628
629
630
631
633
634
636
637
638
639
640
642
643
645
646
647
648
649
651
652
654
655
656
657
658
660
661
663
664
665
675
676
678
679
681
682
683
684
685
687
688
690
691
692
702
703
705
706
708
709
710
711
712
714
715
717
718
719
720
721
723
724
726
727
728
729
730
732
733
735
736
737
738
739
741
742
744
745
746
756
757
759
760
762
763
764
765
766
768
769
771
772
773
783
784
786
787
789
790
791
792
793
795
796
798
799
800
801
802
804
805
807
808
809
810
811
813
814
816
817
818
819
820
822
823
825
826
827
837
838
840
841
843
844
845
846
847
849
850
852
853
854
864
865
867
868
870
871
872
873
874
876
877
879
880
881
882
883
885
886
888
889
890
972
973
975
976
978
979
980
981
982
984
985
987
988
989
999
1000
