2
4
5
7
8
9
10
11
14
15
16
17
18
19
20
21
22
23
31
32
34
36
37
39
40
41
45
46
47
48
50
51
52
62
63
64
65
66
67
68
70
71
72
73
74
75
76
77
78
81
82
83
86
90
91
92
93
94
95
99
100
101
102
103
104
105
106
128
132
135
136
140
142
144
145
146
147
148
149
154
155
156
159
162
163
164
167
171
172
173
180
181
182
183
184
185
186
187
189
190
191
195
198
199
200
203
207
208
209
210
211
212
282
289
302
306
316
317
321
324
325
326
329
333
336
338
340
341
348
351
352
353
355
357
360
363
365
369
370
374
375
376
383
385
388
389
390
401
402
405
406
410
414
415
416
423
432
433
436
446
450
451
455
456
457
459
460
464
468
469
470
571
575
578
579
588
594
595
601
603
604
606
612
613
630
633
634
637
638
639
641
643
645
648
649
652
657
658
660
666
669
670
671
672
675
676
677
680
682
693
695
696
699
700
702
703
706
714
723
726
729
730
731
733
734
737
738
739
740
744
747
748
749
750
751
752
753
757
762
763
766
768
770
774
775
776
777
779
780
781
785
802
803
804
806
807
810
811
812
815
819
820
821
823
824
828
829
830
831
832
833
834
835
837
846
847
851
855
856
860
861
862
883
891
892
893
896
900
901
902
905
909
910
911
912
913
914
918
919
920
927
928
929
932
936
937
938
939
940
941
942
943
945
946
950
954
955
956
1158
1167
1173
1193
1195
1202
1211
1212
1224
1239
1260
1261
1274
1276
1278
1305
1308
1314
1317
1323
1324
1332
1333
1341
1342
1351
1355
1357
1360
1364
1386
1387
1395
1400
1401
1404
1405
1406
1409
1411
1416
1431
1432
1458
1459
1460
1467
1468
1469
1476
1477
1478
1479
1480
1481
1497
1503
1509
1526
1531
1532
1533
1539
1540
1541
1548
1549
1550
1552
1557
1558
1559
1560
1561
1562
1563
1604
1606
1612
1613
1614
1620
1621
1622
1625
1629
1630
1631
1638
1639
1640
1641
1642
1643
1647
1648
1649
1656
1657
1658
1665
1666
1667
1668
1669
1670
1679
1685
1687
1693
1694
1695
1701
1702
1703
1710
1711
1712
1719
1720
1721
1722
1723
1724
1782
1783
1784
1791
1792
1793
1800
1801
1802
1803
1804
1805
1863
1864
1865
1872
1873
1874
1881
1882
1883
1884
1885
1886
1890
1891
1892
1899
1900
1901
1908
1909
1910
1911
1912
1913
2820
2847
2856
2886
2889
2890
2901
3129
3132
3133
3159
3160
3168
3169
3198
3210
3213
3214
3281
3285
3286
3290
3291
3292
3321
3322
3326
3330
3331
3332
3362
3366
3367
3371
3372
3373
3375
3376
3380
3384
3385
3386
3441
3480
3507
3510
3511
3516
3522
3549
3576
3585
3615
3618
3619
3630
3645
3646
3650
3654
3655
3656
3686
3690
3691
3695
3696
3697
3726
3727
3731
3735
3736
3737
3740
3744
3745
3749
3750
3751
4010
4014
4015
4019
4020
4021
4050
4051
4055
4059
4060
4061
4091
4095
4096
4100
4101
4102
4104
4105
4109
4113
4114
4115
4131
4132
4136
4140
4141
4142
4172
4176
4177
4181
4182
4183
4212
4213
4217
4221
4222
4223
4226
4230
4231
4235
4236
4237
5628
5667
5694
5697
5698
5703
5709
5937
5940
5941
5946
5979
6006
6015
6018
6021
6022
6027
6249
6258
6288
6291
6292
6318
6319
6327
6328
6330
6339
6357
6396
6423
6426
6427
6432
6438
6561
6562
6563
6566
6570
6571
6572
6579
6580
6581
6582
6583
6584
6600
6602
6606
6607
6611
6612
6613
6639
6642
6643
6644
6647
6651
6652
6653
6656
6660
6661
6662
6663
6664
6665
6666
6667
6723
6724
6725
6732
6733
6734
6741
6742
6743
6744
6745
6746
6750
6751
6752
6759
6760
6761
6768
6769
6770
6771
6772
6773
6882
6909
6912
6913
6918
6926
6930
6931
6935
6936
6937
6951
6963
6966
6967
6971
6975
6976
6977
7007
7011
7012
7016
7017
7018
7020
7021
7025
7029
7030
7031
7194
7221
7230
7260
7263
7264
7275
7290
7291
7292
7295
7299
7300
7301
7308
7309
7310
7311
7312
7313
7329
7331
7335
7336
7340
7341
7342
7368
7371
7372
7373
7376
7380
7381
7382
7385
7389
7390
7391
7392
7393
7394
7395
7396
7412
7416
7417
7421
7422
7423
7452
7453
7454
7457
7461
7462
7463
7470
7471
7472
7473
7474
7475
7479
7480
7481
7488
7489
7490
7493
7497
7498
7499
7500
7501
7502
7503
7504
7506
7507
7511
7515
7516
7517
7655
7659
7660
7664
7665
7666
7695
7696
7700
7704
7705
7706
7736
7740
7741
7745
7746
7747
7749
7750
7754
7758
7759
7760
8019
8020
8021
8024
8028
8029
8030
8037
8038
8039
8040
8041
8042
8060
8064
8065
8069
8070
8071
8100
8101
8102
8105
8109
8110
8111
8114
8118
8119
8120
8121
8122
8123
8124
8125
8181
8182
8183
8190
8191
8192
8199
8200
8201
8202
8203
8204
8208
8209
8210
8217
8218
8219
8226
8227
8228
8229
8230
8231
8262
8263
8264
8271
8272
8273
8280
8281
8282
8283
8284
8285
8343
8344
8345
8352
8353
8354
8361
8362
8363
8364
8365
8366
8384
8388
8389
8393
8394
8395
8424
8425
8426
8429
8433
8434
8435
8442
8443
8444
8445
8446
8447
8451
8452
8453
8460
8461
8462
8465
8469
8470
8471
8472
8473
8474
8475
8476
8478
8479
8483
8487
8488
8489
8505
8506
8510
8514
8515
8516
8546
8550
8551
8555
8556
8557
8586
8587
8591
8595
8596
8597
8600
8604
8605
8609
8610
8611
13122
13123
13124
13131
13132
13133
13140
13141
13142
13143
13144
13145
13203
13204
13205
13212
13213
13214
13221
13222
13223
13224
13225
13226
13284
13285
13286
13293
13294
13295
13302
13303
13304
13305
13306
13307
13311
13312
13313
13320
13321
13322
13329
13330
13331
13332
13333
13334
13851
13852
13853
13860
13861
13862
13869
13870
13871
13872
13873
13874
13932
13933
13934
13941
13942
13943
13950
13951
13952
13953
13954
13955
14013
14014
14015
14022
14023
14024
14031
14032
14033
14034
14035
14036
14040
14041
14042
14049
14050
14051
14058
14059
14060
14061
14062
14063
14580
14581
14582
14589
14590
14591
14598
14599
14600
14601
14602
14603
14661
14662
14663
14670
14671
14672
14679
14680
14681
14682
14683
14684
14742
14743
14744
14751
14752
14753
14760
14761
14762
14763
14764
14765
14769
14770
14771
14778
14779
14780
14787
14788
14789
14790
14791
14792
14823
14824
14825
14832
14833
14834
14841
14842
14843
14844
14845
14846
14904
14905
14906
14913
14914
14915
14922
14923
14924
14925
14926
14927
14985
14986
14987
14994
14995
14996
15003
15004
15005
15006
15007
15008
15012
15013
15014
15021
15022
15023
15030
15031
15032
15033
15034
15035
15309
15310
15311
15318
15319
15320
15327
15328
15329
15330
15331
15332
15390
15391
15392
15399
15400
15401
15408
15409
15410
15411
15412
15413
15471
15472
15473
15480
15481
15482
15489
15490
15491
15492
15493
15494
15498
15499
15500
15507
15508
15509
15516
15517
15518
15519
15520
15521
16038
16039
16040
16047
16048
16049
16056
16057
16058
16059
16060
16061
16119
16120
16121
16128
16129
16130
16137
16138
16139
16140
16141
16142
16200
16201
16202
16209
16210
16211
16218
16219
16220
16221
16222
16223
16227
16228
16229
16236
16237
16238
16245
16246
16247
16248
16249
16250
16767
16768
16769
16776
16777
16778
16785
16786
16787
16788
16789
16790
16848
16849
16850
16857
16858
16859
16866
16867
16868
16869
16870
16871
16929
16930
16931
16938
16939
16940
16947
16948
16949
16950
16951
16952
16956
16957
16958
16965
16966
16967
16974
16975
16976
16977
16978
16979
17010
17011
17012
17019
17020
17021
17028
17029
17030
17031
17032
17033
17091
17092
17093
17100
17101
17102
17109
17110
17111
17112
17113
17114
17172
17173
17174
17181
17182
17183
17190
17191
17192
17193
17194
17195
17199
17200
17201
17208
17209
17210
17217
17218
17219
17220
17221
17222
