2
3
4
5
6
7
8
9
10
11
12
13
14
15
16
17
18
19
20
21
22
23
24
25
26
27
28
29
30
31
32
33
34
35
36
37
38
39
41
42
43
44
45
46
47
48
49
50
51
52
54
55
56
57
58
59
60
61
62
63
64
65
66
67
68
69
70
72
73
74
75
76
77
78
79
81
82
83
84
85
86
87
88
89
90
91
92
93
94
95
96
98
99
100
101
102
103
104
105
106
108
109
110
111
114
115
116
117
118
119
120
121
122
123
125
126
127
128
129
130
131
132
134
135
136
137
138
139
141
143
147
148
149
150
152
153
154
155
156
157
158
159
162
163
164
165
168
169
170
171
172
173
174
175
176
177
179
180
181
182
183
184
185
189
190
191
192
195
196
197
198
199
200
201
202
203
207
208
209
210
211
212
243
244
245
246
252
253
254
255
258
260
261
262
263
264
270
271
272
273
276
278
285
287
294
296
297
298
299
300
303
305
312
314
315
316
317
318
