2
3
4
5
6
7
8
9
10
11
12
13
14
15
16
17
18
19
20
21
22
23
24
25
26
27
28
29
30
31
32
33
34
35
36
37
39
40
41
42
43
44
45
46
47
49
50
51
53
54
55
58
59
60
61
62
63
64
65
66
67
68
69
70
71
72
73
74
75
76
77
78
79
80
81
82
83
84
85
86
87
88
89
90
91
93
94
95
96
97
98
99
100
101
102
103
104
105
106
107
108
109
110
111
112
113
114
115
116
117
118
120
121
123
125
127
130
131
132
133
134
135
136
137
138
139
141
143
144
145
146
149
150
151
152
153
154
155
156
157
158
159
160
161
162
163
164
165
166
167
168
169
170
171
172
173
175
176
177
178
179
180
181
184
185
186
187
188
189
190
191
192
193
194
195
196
197
198
199
200
201
202
203
204
205
206
207
208
210
211
212
213
214
215
216
217
218
219
220
221
222
223
224
225
226
227
228
230
231
232
233
234
235
236
237
238
239
240
241
242
243
244
245
246
248
249
250
251
252
253
254
256
257
258
259
260
261
262
263
264
265
267
268
269
270
271
272
273
274
276
277
278
279
280
281
282
283
284
285
286
287
289
290
291
292
293
294
296
297
298
300
301
302
303
304
305
306
307
308
309
310
311
312
313
314
315
316
317
318
319
321
322
323
324
325
327
328
330
331
332
333
334
336
337
339
340
341
343
345
347
348
350
351
352
353
357
358
359
360
361
362
364
365
368
369
375
376
378
379
384
386
387
388
390
393
394
395
396
397
404
405
406
408
410
414
415
423
431
433
437
438
443
445
448
450
451
456
457
458
459
460
467
469
476
477
486
487
492
493
495
496
503
505
506
507
508
510
511
512
514
515
519
523
525
526
528
529
532
534
536
537
539
540
541
543
546
547
549
550
552
553
554
557
558
560
561
562
563
564
565
567
568
569
573
574
575
576
577
578
579
581
582
583
584
585
586
587
588
589
590
591
592
593
594
596
599
601
605
606
608
610
612
613
614
615
616
618
620
621
622
624
625
627
628
629
630
631
632
634
636
638
639
640
641
642
643
644
645
646
648
649
650
651
652
654
655
656
657
659
660
662
663
664
666
667
668
670
672
674
675
676
677
678
679
681
682
684
685
686
688
690
691
692
693
696
697
699
700
701
702
703
704
705
706
708
709
711
712
713
715
717
718
719
722
723
724
726
727
729
730
731
732
733
734
735
736
737
738
739
742
743
744
746
747
748
750
751
752
753
754
755
756
757
758
759
760
761
762
763
764
765
766
768
769
771
772
773
774
775
778
780
782
783
784
785
786
787
789
790
792
793
795
797
798
799
800
801
803
804
805
807
808
810
811
813
814
815
816
817
818
819
820
822
823
825
826
827
831
832
833
834
835
836
837
838
839
841
843
844
845
846
847
850
852
853
854
855
856
858
860
861
863
864
865
866
867
868
869
870
871
872
873
876
877
878
879
881
882
883
886
888
890
895
897
898
900
901
904
906
913
915
917
918
919
924
925
926
927
928
930
931
933
935
936
937
939
940
942
943
944
945
946
948
949
951
952
954
955
956
960
963
964
966
967
969
970
978
979
980
981
990
991
992
994
996
998
999
1000
1002
1004
1006
1008
1009
1014
1016
1017
1018
1020
1022
1023
1025
1026
1027
1030
1035
1039
1041
1044
1045
1048
1050
1052
1053
1054
1056
1057
1061
1062
1063
1066
1068
1070
1072
1086
1088
1089
1090
1093
1095
1097
1102
1104
1106
1107
1108
1111
1122
1125
1126
1129
1131
1133
1176
1178
1185
1187
1188
1189
1191
1192
1195
1206
1207
1210
1212
1214
1215
1216
1218
1219
1224
1225
1228
1230
1232
1241
1242
1243
1245
1246
1248
1249
1250
1251
1252
1255
1268
1269
1273
1275
1277
1279
1284
1287
1288
1305
1314
1320
1321
1329
1333
1351
1353
1356
1358
1359
1360
1361
1368
1377
1378
1381
1386
1387
1390
1392
1393
1394
1395
1396
1403
1410
1412
1413
1414
1416
1417
1419
1421
1422
1423
1428
1430
1431
1432
1434
1435
1449
1450
1453
1455
1457
1458
1459
1460
1465
1467
1476
1486
1496
1503
1505
1508
1518
1519
1520
1522
1529
1530
1531
1533
1537
1539
1540
1542
1544
1546
1548
1549
1551
1552
1553
1555
1563
1564
1565
1567
1582
1585
1587
1589
1590
1592
1593
1594
1596
1599
1602
1606
1610
1612
1614
1616
1625
1626
1628
1629
1635
1642
1644
1649
1653
1656
1657
1660
1663
1666
1667
1671
1674
1675
1680
1683
1684
1685
1701
1702
1707
1708
1710
1711
1712
1713
1715
1719
1720
1721
1722
1723
1725
1726
1730
1733
1734
1747
1749
1752
1755
1756
1761
1762
1764
1765
1768
1771
1774
1776
1777
1779
1780
1782
1783
1786
1788
1789
1791
1792
1803
1804
1806
1807
1808
1810
1818
1819
1822
1825
1828
1829
1830
1833
1835
1842
1843
1845
1846
1847
1848
1850
1851
1852
1856
1860
1861
1863
1864
1866
1867
1871
1875
1878
1880
1882
1884
1885
1886
1890
1891
1894
1896
1897
1898
1899
1900
1902
1905
1906
1907
1908
1909
1911
1912
1913
1914
1915
1917
1918
1920
1923
1924
1926
1927
1930
1934
1935
1937
1938
1939
1941
1942
1944
1945
1950
1951
1953
1954
1956
1963
1964
1965
1966
1967
1968
1969
1970
1971
1972
1973
1986
1987
1991
1995
1997
1998
1999
2000
2004
2005
2007
2008
2011
2017
2019
2020
2022
2023
2025
2026
2031
2032
2033
2034
2035
2042
2043
2044
2045
2046
2047
2048
2049
2050
2051
2052
2064
2070
2073
2076
2078
2080
2084
2085
2087
2093
2096
2097
2098
2103
2104
2106
2107
2109
2111
2112
2113
2115
2116
2118
2123
2125
2126
2127
2129
2133
2134
2139
2140
2142
2143
2154
2155
2157
2158
2159
2160
2161
2165
2166
2167
2168
2169
2170
2174
2178
2179
2181
2182
2184
2185
2186
2187
2188
2190
2192
2196
2197
2200
2202
2210
2213
2214
2215
2216
2217
2218
2221
2222
2224
2226
2231
2232
2233
2238
2241
2243
2250
2252
2260
2265
2266
2268
2269
2271
2273
2277
2278
2279
2280
2286
2287
2288
2289
2291
2292
2299
2301
2302
2304
2305
2308
2310
2311
2312
2313
2316
2319
2322
2323
2325
2326
2328
2330
2332
2334
2336
2340
2349
2350
2358
2359
2360
2367
2368
2369
2371
2373
2378
2385
2392
2398
2400
2402
2403
2404
2407
2409
2418
2421
2430
2431
2433
2438
2439
2441
2443
2445
2448
2449
2450
2454
2457
2458
2459
2460
2461
2463
2464
2466
2476
2481
2484
2485
2490
2491
2493
2494
2495
2497
2499
2500
2503
2508
2511
2512
2514
2530
2535
2540
2544
2545
2553
2555
2560
2562
2564
2565
2566
2569
2572
2578
2580
2583
2584
2587
2589
2591
2596
2599
2600
2601
2604
2605
2607
2613
2615
2616
2618
2620
2627
2628
2631
2632
2634
2636
2637
2638
2642
2643
2645
2646
2647
2649
2650
2652
2654
2656
2664
2665
2666
2668
2670
2671
2672
2673
2674
2677
2682
2683
2685
2686
2688
2690
2694
2696
2699
2700
2701
2706
2708
2709
2710
2712
2713
2716
2717
2718
2719
2724
2726
2727
2728
2731
2732
2733
2734
2735
2736
2737
2738
2741
2742
2743
2745
2746
2751
2753
2754
2755
2757
2763
2764
2765
2772
2773
2774
2778
2785
2788
2789
2790
2793
2798
2799
2800
2804
2805
2808
2809
2811
2813
2814
2815
2816
2817
2818
2819
2822
2823
2824
2835
2836
2838
2839
2840
2844
2845
2847
2848
2850
2852
2856
2858
2868
2870
2871
2872
2875
2877
2879
2881
2886
2888
2889
2890
2893
2894
2895
2897
2903
2907
2908
2911
2913
2915
2916
2917
2920
2925
2926
2929
2931
2933
2949
2951
2952
2953
2956
2997
2998
3001
3006
3007
3010
3012
3014
3023
3024
3025
3030
3032
3033
3034
3037
3039
3041
3047
3048
3050
3051
3052
3054
3055
3056
3059
3065
3069
3070
3073
3075
3077
3102
3104
3105
3106
3107
3113
3117
3121
3122
3123
3124
3128
3129
3132
3133
3135
3138
3150
3151
3158
3159
3160
3162
3164
3168
3169
3170
3177
3178
3179
3183
3188
3192
3193
3201
3203
3209
3210
3212
3213
3214
3216
3217
3218
3219
3220
3221
3222
3223
3224
3227
3228
3229
3231
3232
3235
3237
3239
3240
3241
3244
3249
3250
3253
3255
3257
3264
3269
3273
3274
3275
3276
3277
3280
3542
3545
3551
3564
3565
3567
3569
3573
3574
3576
3585
3587
3623
3626
3632
3636
3637
3644
3645
3646
3648
3650
3654
3655
3671
3672
3673
3680
3684
3689
3690
3691
3726
3727
3729
3731
3735
3736
3738
3747
3749
4374
4375
4380
4381
4383
4384
4395
4396
4398
4399
4428
4429
4434
4435
4437
4438
4449
4450
4452
4453
4455
4456
4461
4462
4464
4465
4476
4477
4479
4480
4563
4564
4569
4570
4572
4573
4584
4585
4587
4588
4590
4591
4596
4597
4599
4600
4611
4612
4614
4615
4860
4861
4866
4867
4869
4870
4881
4882
4884
4885
4914
4915
4920
4921
4923
4924
4935
4936
4938
4939
4941
4942
4947
4948
4950
4951
4962
4963
4965
4966
5049
5050
5055
5056
5058
5059
5070
5071
5073
5074
5076
5077
5082
5083
5085
5086
5097
5098
5100
5101
5103
5104
5109
5110
5112
5113
5124
5125
5127
5128
5157
5158
5163
5164
5166
5167
5178
5179
5181
5182
5184
5185
5190
5191
5193
5194
5205
5206
5208
5209
5292
5293
5298
5299
5301
5302
5313
5314
5316
5317
5319
5320
5325
5326
5328
5329
5340
5341
5343
5344
5744
5749
5762
5769
5770
5771
5775
5780
5812
5814
5815
5816
5820
5821
5825
5830
5924
5931
5932
5933
5946
5947
5956
5994
5995
6003
6004
6005
6012
6013
6014
6018
6023
6037
6045
6048
6049
6054
6075
6076
6081
6082
6084
6085
6086
6093
6094
6095
6096
6097
6099
6100
6104
6129
6130
6135
6136
6138
6139
6150
6151
6153
6154
6156
6157
6162
6163
6165
6166
6177
6178
6180
6181
6264
6265
6270
6271
6273
6274
6285
6286
6288
6289
6291
6292
6297
6298
6300
6301
6312
6313
6315
6316
6318
6319
6324
6325
6327
6328
6339
6340
6342
6343
6372
6373
6378
6379
6381
6382
6383
6387
6388
6393
6394
6396
6397
6399
6400
6405
6406
6408
6409
6410
6417
6418
6419
6420
6421
6423
6424
6450
6453
6454
6459
6460
6462
6463
6464
6468
6469
6473
6478
6491
6498
6499
6500
6504
6507
6508
6509
6513
6514
6516
6517
6528
6529
6531
6532
6534
6535
6540
6541
6543
6544
6545
6549
6550
6554
6555
6556
6558
6559
6561
6562
6564
6565
6566
6567
6568
6570
6571
6574
6576
6578
6582
6583
6585
6586
6587
6588
6589
6590
6594
6595
6596
6597
6598
6600
6601
6605
6606
6607
6615
6616
6621
6622
6624
6625
6635
6636
6637
6639
6640
6642
6643
6645
6646
6647
6648
6649
6651
6652
6654
6655
6657
6659
6663
6664
6665
6666
6667
6675
6677
6678
6679
6682
6684
6686
6693
6695
6696
6697
6700
6714
6715
6718
6720
6722
6747
6750
6751
6752
6756
6757
6759
6760
6766
6771
6772
6773
6774
6775
6777
6778
6780
6783
6784
6786
6787
6795
6796
6798
6799
6801
6802
6803
6804
6805
6807
6809
6813
6814
6815
6822
6823
6824
6828
6833
6837
6838
6846
6848
6854
6855
6857
6858
6859
6861
6862
6863
6864
6865
6866
6867
6868
6869
6872
6873
6874
6876
6877
6880
6882
6884
6885
6886
6889
6894
6895
6897
6898
6900
6902
6906
6908
6909
6911
6912
6913
6914
6918
6919
6920
6921
6922
6925
6957
6958
6965
6966
6967
6969
6971
6975
6976
7047
7048
7053
7054
7056
7057
7068
7069
7071
7072
7101
7102
7107
7108
7110
7111
7122
7123
7125
7126
7128
7129
7134
7135
7137
7138
7149
7150
7152
7153
7202
7207
7220
7227
7228
7229
7233
7236
7237
7238
7242
7243
7245
7246
7257
7258
7260
7261
7263
7264
7269
7270
7272
7273
7274
7278
7279
7283
7284
7285
7287
7288
7290
7291
7293
7294
7295
7296
7297
7299
7300
7303
7305
7307
7311
7312
7314
7315
7316
7317
7318
7319
7323
7324
7325
7326
7327
7329
7330
7334
7335
7336
7344
7345
7350
7351
7353
7354
7364
7365
7366
7368
7369
7371
7372
7374
7375
7376
7377
7378
7380
7381
7383
7384
7386
7388
7392
7393
7394
7395
7396
7397
7398
7399
7404
7406
7407
7408
7411
7413
7415
7421
7422
7424
7425
7426
7428
7429
7430
7433
7439
7443
7444
7447
7449
7451
7478
7479
7480
7485
7486
7487
7488
7489
7491
7496
7497
7498
7500
7501
7502
7503
7504
7506
7507
7509
7512
7513
7515
7516
7524
7525
7527
7528
7530
7531
7532
7533
7534
7536
7538
7542
7543
7575
7577
7583
7584
7586
7587
7588
7590
7591
7592
7595
7601
7605
7606
7609
7611
7613
7614
7615
7618
7623
7624
7627
7629
7631
7647
7649
7650
7651
7654
7656
7658
7665
7667
7668
7669
7672
7686
7687
7690
7692
7694
7707
7716
7718
7730
7734
7737
7739
7740
7741
7745
7746
7748
7749
7750
7752
7753
7767
7768
7771
7773
7775
7776
7777
7780
7785
7786
7788
7789
7791
7793
7797
7799
7802
7803
7804
7809
7811
7812
7813
7815
7816
7820
7821
7822
7835
7838
7844
7848
7849
7856
7892
7896
7901
7902
7903
7907
7914
7938
7939
7942
7947
7948
7951
7953
7955
7971
7973
7974
7975
7978
7980
7982
7989
7991
7992
7993
7996
8010
8011
8014
8016
8018
8231
8238
8253
8254
8261
8262
8263
8265
8267
8268
8269
8271
8272
8283
8284
8286
8287
8312
8316
8317
8319
8321
8322
8323
8324
8325
8326
8330
8334
8335
8337
8338
8340
8341
8342
8343
8344
8349
8350
8352
8353
8355
8364
8365
8366
8367
8368
8369
8370
8371
8415
8416
8423
8424
8425
8427
8429
8433
8434
8451
8452
8457
8458
8460
8461
8472
8473
8475
8476
8478
8479
8484
8485
8487
8488
8499
8500
8502
8503
8505
8506
8511
8512
8514
8515
8526
8527
8529
8530
8559
8560
8565
8566
8568
8569
8580
8581
8583
8584
8586
8587
8592
8593
8595
8596
8607
8608
8610
8611
8694
8695
8700
8701
8703
8704
8715
8716
8718
8719
8721
8722
8727
8728
8730
8731
8742
8743
8745
8746
9114
9116
9123
9125
9126
9127
9130
9144
9145
9148
9150
9152
9195
9197
9204
9206
9207
9208
9211
9225
9226
9229
9231
9233
9234
9235
9238
9243
9244
9247
9249
9251
9267
9269
9270
9271
9274
9396
9397
9400
9405
9406
9409
9411
9413
9429
9431
9432
9433
9436
9438
9440
9447
9449
9450
9451
9454
9468
9469
9472
9474
9476
9477
9478
9481
9486
9487
9490
9492
9494
9510
9512
9513
9514
9517
9558
9559
9562
9567
9568
9571
9573
9575
9591
9593
9594
9595
9598
9600
9602
9609
9611
9612
9613
9616
9630
9631
9634
9636
9638
9762
9764
9771
9773
9774
9775
9778
9792
9793
9796
9798
9800
9801
9802
9805
9810
9811
9814
9816
9818
9834
9836
9837
9838
9841
9843
9845
9852
9854
9855
9856
9859
9873
9874
9877
9879
9881
9924
9926
9933
9935
9936
9937
9940
9954
9955
9958
9960
9962
9963
9964
9967
9972
9973
9976
9978
9980
9996
9998
9999
10000
10003
10125
10126
10129
10134
10135
10138
10140
10142
10158
10160
10161
10162
10165
10167
10169
10176
10178
10179
10180
10183
10197
10198
10201
10203
10205
10572
10574
10581
10583
10584
10585
10588
10602
10603
10606
10608
10610
10653
10655
10662
10664
10665
10666
10669
10683
10684
10687
10689
10691
10692
10693
10696
10701
10702
10705
10707
10709
10725
10727
10728
10729
10732
10854
10855
10858
10863
10864
10867
10869
10871
10887
10889
10890
10891
10894
10896
10898
10905
10907
10908
10909
10912
10926
10927
10930
10932
10934
10935
10936
10939
10944
10945
10948
10950
10952
10968
10970
10971
10972
10975
11016
11017
11020
11025
11026
11029
11031
11033
11049
11051
11052
11053
11056
11058
11060
11067
11069
11070
11071
11074
11088
11089
11092
11094
11096
11220
11222
11229
11231
11232
11233
11236
11250
11251
11254
11256
11258
11259
11260
11263
11268
11269
11272
11274
11276
11292
11294
11295
11296
11299
12393
12394
12397
12402
12403
12406
12408
12410
12426
12428
12429
12430
12433
12474
12475
12478
12483
12484
12487
12489
12491
12507
12509
12510
12511
12514
12516
12518
12525
12527
12528
12529
12532
12546
12547
12550
12552
12554
12678
12680
12687
12689
12690
12691
12694
12708
12709
12712
12714
12716
12717
12718
12721
12726
12727
12730
12732
12734
12750
12752
12753
12754
12757
12759
12761
12768
12770
12771
12772
12775
12789
12790
12793
12795
12797
12840
12842
12849
12851
12852
12853
12856
12870
12871
12874
12876
12878
12879
12880
12883
12888
12889
12892
12894
12896
12912
12914
12915
12916
12919
13041
13042
13045
13050
13051
13054
13056
13058
13074
13076
13077
13078
13081
13083
13085
13092
13094
13095
13096
13099
13113
13114
13117
13119
13121
15309
15310
15315
15316
15318
15319
15330
15331
15333
15334
15363
15364
15369
15370
15372
15373
15384
15385
15387
15388
15390
15391
15396
15397
15399
15400
15411
15412
15414
15415
15498
15499
15504
15505
15507
15508
15519
15520
15522
15523
15525
15526
15531
15532
15534
15535
15546
15547
15549
15550
15795
15796
15801
15802
15804
15805
15816
15817
15819
15820
15849
15850
15855
15856
15858
15859
15870
15871
15873
15874
15876
15877
15882
15883
15885
15886
15897
15898
15900
15901
15984
15985
15990
15991
15993
15994
16005
16006
16008
16009
16011
16012
16017
16018
16020
16021
16032
16033
16035
16036
16038
16039
16044
16045
16047
16048
16059
16060
16062
16063
16092
16093
16098
16099
16101
16102
16113
16114
16116
16117
16119
16120
16125
16126
16128
16129
16140
16141
16143
16144
16227
16228
16233
16234
16236
16237
16248
16249
16251
16252
16254
16255
16260
16261
16263
16264
16275
16276
16278
16279
17010
17011
17016
17017
17019
17020
17031
17032
17034
17035
17064
17065
17070
17071
17073
17074
17085
17086
17088
17089
17091
17092
17097
17098
17100
17101
17112
17113
17115
17116
17199
17200
17205
17206
17208
17209
17220
17221
17223
17224
17226
17227
17232
17233
17235
17236
17247
17248
17250
17251
17253
17254
17259
17260
17262
17263
17274
17275
17277
17278
17307
17308
17313
17314
17316
17317
17328
17329
17331
17332
17334
17335
17340
17341
17343
17344
17355
17356
17358
17359
17442
17443
17448
17449
17451
17452
17463
17464
17466
17467
17469
17470
17475
17476
17478
17479
17490
17491
17493
17494
17496
17497
17502
17503
17505
17506
17517
17518
17520
17521
17550
17551
17556
17557
17559
17560
17571
17572
17574
17575
17577
17578
17583
17584
17586
17587
17598
17599
17601
17602
17685
17686
17691
17692
17694
17695
17706
17707
17709
17710
17712
17713
17718
17719
17721
17722
17733
17734
17736
17737
17982
17983
17988
17989
17991
17992
18003
18004
18006
18007
18036
18037
18042
18043
18045
18046
18057
18058
18060
18061
18063
18064
18069
18070
18072
18073
18084
18085
18087
18088
18171
18172
18177
18178
18180
18181
18192
18193
18195
18196
18198
18199
18204
18205
18207
18208
18219
18220
18222
18223
18225
18226
18231
18232
18234
18235
18246
18247
18249
18250
18279
18280
18285
18286
18288
18289
18300
18301
18303
18304
18306
18307
18312
18313
18315
18316
18327
18328
18330
18331
18414
18415
18420
18421
18423
18424
18435
18436
18438
18439
18441
18442
18447
18448
18450
18451
18462
18463
18465
18466
19197
19198
19203
19204
19206
19207
19218
19219
19221
19222
19251
19252
19257
19258
19260
19261
19272
19273
19275
19276
19278
19279
19284
19285
19287
19288
19299
19300
19302
19303
19386
19387
19392
19393
19395
19396
19407
19408
19410
19411
19413
19414
19419
19420
19422
19423
19434
19435
19437
19438
19440
19441
19446
19447
19449
19450
19461
19462
19464
19465
19494
19495
19500
19501
19503
19504
19515
19516
19518
19519
19521
19522
19527
19528
19530
19531
19542
19543
19545
19546
19629
19630
19635
19636
19638
19639
19650
19651
19653
19654
19656
19657
19662
19663
19665
19666
19677
19678
19680
19681
22965
22967
22974
22976
22977
22978
22981
22995
22996
22999
23001
23003
23046
23048
23055
23057
23058
23059
23062
23076
23077
23080
23082
23084
23085
23086
23089
23094
23095
23098
23100
23102
23118
23120
23121
23122
23125
23247
23248
23251
23256
23257
23260
23262
23264
23280
23282
23283
23284
23287
23289
23291
23298
23300
23301
23302
23305
23319
23320
23323
23325
23327
23694
23696
23703
23705
23706
23707
23710
23724
23725
23728
23730
23732
23775
23777
23784
23786
23787
23788
23791
23805
23806
23809
23811
23813
23814
23815
23818
23823
23824
23827
23829
23831
23847
23849
23850
23851
23854
23976
23977
23980
23985
23986
23989
23991
23993
24009
24011
24012
24013
24016
24018
24020
24027
24029
24030
24031
24034
24048
24049
24052
24054
24056
24057
24058
24061
24066
24067
24070
24072
24074
24090
24092
24093
24094
24097
24138
24139
24142
24147
24148
24151
24153
24155
24171
24173
24174
24175
24178
24180
24182
24189
24191
24192
24193
24196
24210
24211
24214
24216
24218
24342
24344
24351
24353
24354
24355
24358
24372
24373
24376
24378
24380
24381
24382
24385
24390
24391
24394
24396
24398
24414
24416
24417
24418
24421
25515
25516
25519
25524
25525
25528
25530
25532
25548
25550
25551
25552
25555
25596
25597
25600
25605
25606
25609
25611
25613
25629
25631
25632
25633
25636
25638
25640
25647
25649
25650
25651
25654
25668
25669
25672
25674
25676
25800
25802
25809
25811
25812
25813
25816
25830
25831
25834
25836
25838
25839
25840
25843
25848
25849
25852
25854
25856
25872
25874
25875
25876
25879
25881
25883
25890
25892
25893
25894
25897
25911
25912
25915
25917
25919
25962
25964
25971
25973
25974
25975
25978
25992
25993
25996
25998
26000
26001
26002
26005
26010
26011
26014
26016
26018
26034
26036
26037
26038
26041
26163
26164
26167
26172
26173
26176
26178
26180
26196
26198
26199
26200
26203
26205
26207
26214
26216
26217
26218
26221
26235
26236
26239
26241
26243
26244
26245
26248
26253
26254
26257
26259
26261
26277
26279
26280
26281
26284
26325
26326
26329
26334
26335
26338
26340
26342
26358
26360
26361
26362
26365
26367
26369
26376
26378
26379
26380
26383
26397
26398
26401
26403
26405
26529
26531
26538
26540
26541
26542
26545
26559
26560
26563
26565
26567
26568
26569
26572
26577
26578
26581
26583
26585
26601
26603
26604
26605
26608
26973
26974
26977
26982
26983
26986
26988
26990
27006
27008
27009
27010
27013
27054
27055
27058
27063
27064
27067
27069
27071
27087
27089
27090
27091
27094
27096
27098
27105
27107
27108
27109
27112
27126
27127
27130
27132
27134
27258
27260
27267
27269
27270
27271
27274
27288
27289
27292
27294
27296
27297
27298
27301
27306
27307
27310
27312
27314
27330
27332
27333
27334
27337
27339
27341
27348
27350
27351
27352
27355
27369
27370
27373
27375
27377
27420
27422
27429
27431
27432
27433
27436
27450
27451
27454
27456
27458
27459
27460
27463
27468
27469
27472
27474
27476
27492
27494
27495
27496
27499
27621
27622
27625
27630
27631
27634
27636
27638
27654
27656
27657
27658
27661
27663
27665
27672
27674
27675
27676
27679
27693
27694
27697
27699
27701
28797
28799
28806
28808
28809
28810
28813
28827
28828
28831
28833
28835
28878
28880
28887
28889
28890
28891
28894
28908
28909
28912
28914
28916
28917
28918
28921
28926
28927
28930
28932
28934
28950
28952
28953
28954
28957
29079
29080
29083
29088
29089
29092
29094
29096
29112
29114
29115
29116
29119
29121
29123
29130
29132
29133
29134
29137
29151
29152
29155
29157
29159
29160
29161
29164
29169
29170
29173
29175
29177
29193
29195
29196
29197
29200
29241
29242
29245
29250
29251
29254
29256
29258
29274
29276
29277
29278
29281
29283
29285
29292
29294
29295
29296
29299
29313
29314
29317
29319
29321
29445
29447
29454
29456
29457
29458
29461
29475
29476
29479
29481
29483
29484
29485
29488
29493
29494
29497
29499
29501
29517
29519
29520
29521
29524
