2
4
5
6
7
8
9
10
11
12
13
14
15
16
17
18
19
20
21
22
23
24
25
26
29
33
34
35
36
37
39
41
42
44
45
46
47
48
50
51
53
54
55
56
57
58
59
60
61
62
63
64
65
66
67
68
69
70
73
74
75
76
77
78
79
81
82
83
84
85
86
87
88
90
91
92
93
94
95
96
97
98
99
100
101
102
103
104
105
106
107
108
109
110
111
112
113
114
115
116
117
118
119
120
121
122
123
126
127
128
129
132
133
134
135
136
137
139
140
141
144
145
146
147
148
149
150
151
153
154
155
156
158
159
162
163
164
167
168
170
171
172
173
174
175
176
177
178
179
180
181
182
185
186
187
188
189
190
197
198
200
201
204
205
207
210
212
213
216
217
218
225
226
227
228
229
230
234
235
236
240
241
242
309
311
318
321
338
339
365
369
370
371
372
374
377
399
402
405
406
410
411
412
414
415
417
418
419
423
424
425
426
428
429
431
432
433
435
446
450
451
452
453
455
458
473
477
478
479
482
485
486
487
491
492
493
495
496
498
499
527
531
532
533
536
539
540
541
545
546
547
549
550
552
553
554
555
561
567
568
572
573
574
576
577
579
580
581
582
588
591
594
595
597
599
600
601
603
604
606
607
608
609
612
613
615
617
618
621
622
623
627
633
635
636
642
669
675
676
677
678
687
717
723
729
730
731
734
735
736
738
739
740
741
742
743
744
747
748
749
753
754
755
770
774
775
776
777
779
782
783
784
788
789
790
792
793
795
796
797
798
804
810
811
812
815
816
817
819
820
821
822
823
824
825
828
829
830
834
835
836
837
838
839
842
843
844
846
847
848
849
850
851
852
855
856
857
858
861
862
863
864
865
866
870
891
892
893
900
901
902
903
904
905
906
909
910
911
915
916
917
945
946
947
954
955
956
957
958
959
963
964
965
969
970
971
972
973
974
977
978
979
981
982
983
984
985
986
990
991
992
996
997
998
1013
1017
1018
1019
1022
1025
1026
1027
1031
1032
1033
1035
1036
1038
1039
1053
1054
1055
1058
1059
1060
1062
1063
1064
1065
1066
1067
1071
1072
1073
1077
1078
1079
1080
1081
1082
1085
1086
1087
1089
1090
1091
1092
1093
1094
1095
1098
1099
1100
1101
1104
1105
1106
1107
1108
1109
1113
1134
1135
1136
1143
1144
1145
1146
1147
1148
1152
1153
1154
1155
1158
1159
1160
1161
1162
1163
1164
1173
1176
1182
1185
1188
1189
1190
1194
1197
1198
1199
1200
1201
1202
1206
1207
1208
1212
1213
1214
1215
1216
1217
1224
1225
1226
1230
1233
1234
1235
1257
1263
1266
1269
1270
1271
1275
1458
1459
1460
1467
1468
1469
1470
1471
1472
1473
1476
1477
1478
1482
1483
1484
1527
1533
1539
1540
1541
1548
1549
1550
1551
1552
1553
1554
1557
1558
1559
1563
1564
1565
1566
1567
1568
1575
1576
1577
1578
1579
1580
1581
1584
1585
1586
1587
1590
1591
1592
1593
1594
1595
1599
1620
1621
1622
1629
1630
1631
1632
1633
1634
1635
1638
1639
1640
1644
1645
1646
1674
1675
1676
1683
1684
1685
1686
1687
1688
1692
1693
1694
1698
1699
1700
1944
1945
1946
1953
1954
1955
1956
1957
1958
1962
1963
1964
1968
1969
1970
2025
2026
2027
2034
2035
2036
2037
2038
2039
2043
2044
2045
2049
2050
2051
2052
2053
2054
2061
2062
2063
2064
2065
2066
2070
2071
2072
2076
2077
2078
2106
2107
2108
2115
2116
2117
2118
2119
2120
2124
2125
2126
2130
2131
2132
2160
2161
2162
2169
2170
2171
2172
2173
2174
2178
2179
2180
2184
2185
2186
