2
3
4
5
6
7
8
9
10
11
12
13
14
15
16
17
18
19
20
21
22
23
24
25
26
27
28
29
30
31
32
33
34
35
36
37
38
39
40
41
42
43
44
45
46
47
48
49
50
51
52
53
54
55
56
57
58
59
60
61
62
63
64
65
66
67
68
69
70
71
72
73
74
75
76
77
78
79
80
81
82
83
84
85
86
87
88
89
90
91
92
93
94
95
96
97
98
99
100
101
102
103
104
105
106
107
108
109
110
111
112
113
114
115
116
117
118
119
120
121
122
123
124
125
126
127
128
129
130
131
132
133
134
135
136
137
138
139
140
141
142
143
144
145
146
147
148
149
150
151
152
153
154
155
156
157
158
159
160
161
162
163
164
165
166
167
168
169
170
171
172
173
174
175
176
177
178
179
180
181
182
183
184
185
186
187
188
189
190
191
192
193
194
195
196
197
198
199
200
201
202
203
204
205
206
207
208
209
210
211
212
213
214
215
216
217
218
219
220
221
222
223
224
225
226
227
228
229
230
231
232
233
234
235
236
237
238
239
240
241
242
243
244
245
246
247
248
249
250
251
252
253
254
255
256
257
258
259
260
261
262
263
264
265
266
267
268
269
270
271
272
273
274
275
276
277
278
279
280
281
282
283
284
285
286
287
288
289
290
291
292
293
294
295
296
297
298
299
300
301
302
303
304
305
306
307
308
309
310
311
312
313
314
315
316
317
318
319
320
321
322
323
324
325
326
327
328
329
330
331
332
333
334
335
336
337
338
339
340
341
342
343
344
345
346
347
348
349
350
351
352
353
354
355
356
357
358
359
360
361
362
363
364
365
366
367
368
369
370
371
372
373
374
375
376
377
378
379
380
381
382
383
384
385
386
387
388
389
390
391
392
393
394
395
396
397
398
399
400
401
402
403
404
405
406
407
408
409
410
411
412
413
414
415
416
417
418
419
420
421
422
423
424
425
426
427
428
429
430
431
432
433
434
435
436
437
438
439
440
441
442
443
444
445
446
447
448
449
450
451
452
453
454
455
456
457
458
459
460
461
462
463
464
465
466
467
468
469
470
471
472
473
474
475
476
477
478
479
480
481
482
483
484
485
486
487
488
489
490
491
492
493
494
495
496
497
498
499
500
501
502
503
504
505
506
507
508
509
510
511
512
513
514
515
516
517
518
519
520
521
522
523
524
525
526
527
528
529
530
531
532
533
534
535
536
537
538
539
540
541
542
543
544
545
546
547
548
549
550
552
553
554
555
556
557
558
559
560
561
562
563
564
565
566
567
568
569
570
571
572
573
574
575
576
577
578
579
580
581
582
583
584
585
586
587
588
589
590
591
592
593
594
595
596
597
598
599
600
601
602
603
604
605
606
607
608
609
610
611
612
613
614
615
616
617
618
619
620
621
622
623
624
625
626
627
628
629
630
631
632
633
634
635
636
637
638
639
640
642
643
644
645
646
647
648
649
650
651
652
653
654
655
656
657
658
659
660
661
662
663
664
665
666
667
669
670
671
672
673
674
675
676
677
678
679
680
681
682
683
684
685
686
687
688
689
690
691
692
693
694
695
696
697
698
699
700
701
702
703
704
705
706
707
708
709
710
711
712
713
714
715
716
717
718
719
720
721
722
723
724
725
726
727
728
729
730
731
732
733
734
735
736
737
738
739
740
741
742
743
744
745
746
747
748
749
750
751
752
753
754
755
756
757
758
759
760
761
762
763
764
765
766
767
769
770
771
772
773
774
775
776
777
778
779
780
781
782
783
784
785
786
787
788
789
790
791
792
793
794
795
796
797
798
799
800
801
802
803
804
805
806
807
808
809
810
811
812
813
814
815
816
817
818
819
820
821
822
823
824
825
826
827
828
829
830
831
832
833
834
835
836
837
838
839
840
841
842
843
844
845
846
847
848
849
850
851
852
853
854
855
856
857
858
859
860
861
862
863
864
865
866
867
868
869
870
871
872
873
874
875
876
877
878
879
880
881
882
883
884
885
886
887
888
889
890
891
892
893
894
895
896
897
898
899
900
901
902
903
904
905
906
907
908
909
910
911
912
913
914
915
916
917
918
919
920
921
922
923
924
925
926
927
928
929
930
931
932
933
934
935
936
937
938
939
940
941
942
943
944
945
946
947
948
949
950
951
952
953
954
955
956
957
958
959
960
961
962
963
964
965
966
967
968
969
970
971
972
973
974
975
977
978
979
980
981
982
983
984
985
986
987
988
989
990
991
992
993
994
995
996
997
998
999
1000
1001
1002
1003
1004
1005
1006
1007
1008
1009
1010
1012
1013
1014
1015
1016
1017
1018
1019
1020
1022
1023
1024
1025
1026
1027
1028
1029
1030
1031
1032
1033
1034
1035
1036
1037
1038
1039
1040
1041
1042
1043
1044
1045
1046
1047
1048
1049
1050
1051
1052
1053
1054
1055
1057
1058
1059
1060
1061
1062
1063
1064
1065
1066
1067
1068
1069
1070
1071
1072
1073
1074
1075
1077
1078
1080
1081
1084
1086
1087
1088
1089
1090
1091
1092
1093
1094
1095
1096
1097
1098
1099
1100
1101
1102
1103
1104
1105
1106
1107
1108
1109
1110
1111
1112
1113
1114
1115
1116
1117
1118
1119
1120
1121
1122
1123
1124
1125
1126
1127
1128
1129
1130
1131
1132
1133
1134
1135
1136
1137
1138
1139
1140
1141
1142
1143
1144
1145
1146
1147
1148
1149
1150
1151
1152
1153
1155
1156
1158
1159
1160
1161
1162
1163
1164
1166
1167
1168
1169
1170
1171
1173
1174
1175
1176
1177
1178
1179
1180
1181
1182
1183
1184
1185
1186
1187
1188
1189
1190
1191
1192
1193
1194
1195
1196
1197
1198
1199
1200
1201
1202
1203
1204
1205
1206
1207
1208
1209
1210
1211
1212
1213
1214
1215
1216
1217
1219
1220
1221
1222
1223
1224
1225
1226
1227
1228
1229
1230
1231
1232
1233
1234
1235
1236
1237
1239
1240
1241
1242
1243
1244
1245
1246
1247
1248
1249
1250
1251
1252
1253
1255
1256
1257
1258
1259
1260
1261
1262
1263
1264
1265
1266
1267
1268
1269
1270
1271
1272
1273
1274
1275
1276
1277
1278
1279
1280
1281
1282
1283
1284
1285
1286
1287
1288
1289
1290
1291
1292
1293
1294
1295
1296
1297
1298
1299
1300
1301
1302
1303
1304
1305
1306
1307
1308
1309
1310
1311
1312
1313
1314
1315
1316
1317
1318
1320
1321
1322
1323
1324
1325
1326
1328
1329
1330
1331
1332
1333
1335
1336
1337
1338
1339
1340
1341
1342
1343
1344
1345
1346
1347
1348
1349
1350
1351
1354
1355
1356
1357
1358
1359
1360
1361
1363
1364
1365
1366
1367
1368
1369
1370
1372
1373
1374
1375
1376
1377
1378
1379
1380
1381
1382
1383
1384
1385
1386
1387
1388
1389
1390
1391
1392
1393
1394
1395
1396
1397
1399
1401
1402
1403
1404
1405
1406
1407
1408
1409
1410
1411
1412
1413
1414
1415
1417
1418
1419
1420
1421
1422
1423
1424
1425
1426
1427
1428
1429
1430
1431
1432
1433
1434
1435
1436
1437
1438
1439
1440
1441
1442
1443
1444
1445
1446
1447
1448
1449
1450
1451
1452
1453
1454
1455
1456
1457
1458
1459
1460
1461
1462
1466
1467
1468
1469
1470
1471
1472
1473
1474
1475
1476
1477
1478
1480
1482
1483
1484
1485
1486
1487
1488
1489
1490
1491
1492
1493
1494
1495
1496
1498
1523
1524
1526
1530
1531
1532
1533
1535
1537
1538
1539
1540
1541
1542
1543
1547
1548
1549
1550
1551
1552
1553
1554
1555
1556
1557
1558
1559
1561
1563
1564
1565
1566
1567
1568
1569
1570
1571
1572
1573
1574
1575
1576
1577
1579
1580
1581
1582
1583
1584
1585
1586
1587
1588
1589
1590
1591
1592
1593
1594
1595
1596
1597
1598
1599
1600
1601
1602
1603
1604
1605
1606
1609
1610
1611
1612
1613
1615
1617
1618
1619
1620
1621
1622
1624
1629
1630
1631
1633
1635
1636
1637
1638
1639
1640
1641
1642
1644
1645
1647
1648
1651
1653
1654
1655
1656
1657
1658
1659
1660
1662
1663
1664
1671
1672
1673
1674
1675
1676
1678
1680
1723
1725
1732
1734
1735
1736
1737
1738
1739
1741
1743
1744
1745
1752
1753
1754
1755
1756
1757
1759
1761
1762
1763
1764
1765
1766
1771
1772
1773
1774
1775
1777
1779
1780
1781
1782
1783
1784
1786
1791
1792
1793
1795
1797
1798
1799
1800
1801
1802
1804
1806
1813
1815
1816
1817
1818
1819
1820
1822
1824
1825
1826
1833
1834
1835
1836
1837
1838
1840
1842
1843
1844
1845
1846
1847
1852
1853
1854
1855
1856
1858
1860
1861
1862
1897
1898
1904
1905
1906
1907
1908
1909
1910
1911
1913
1914
1915
1916
1917
1918
1919
1920
1921
1922
1923
1924
1925
1926
1927
1928
1933
1934
1935
1936
1937
1939
1941
1942
1943
1944
1945
1946
1948
1953
1954
1955
1957
1959
1960
1961
1962
1963
1964
1966
1968
1969
1970
1971
1972
1973
1974
1975
1976
1977
1978
1979
1980
1981
1982
1984
1985
1986
1987
1988
1989
1990
1991
1992
1994
1995
1996
1997
1998
1999
2000
2002
2004
2371
2373
2380
2382
2383
2384
2385
2386
2387
2389
2391
2392
2393
2400
2401
2402
2403
2404
2405
2407
2409
2452
2454
2461
2463
2464
2465
2466
2467
2468
2470
2472
2473
2474
2481
2482
2483
2484
2485
2486
2488
2490
2491
2492
2493
2494
2495
2500
2916
2917
2920
2921
2922
2923
2924
2925
2926
2929
2930
2931
2932
2933
2952
2953
2956
2957
2958
2959
2960
2961
2962
2965
2966
2967
2968
2969
2970
2971
2974
2975
2976
2977
2978
2979
2980
2983
2984
2985
2986
2987
2988
2989
2992
2993
2994
2995
2996
2997
2998
3001
3002
3003
3004
3005
3006
3007
3010
3011
3012
3013
3014
3033
3034
3037
3038
3039
3040
3041
3042
3043
3046
3047
3048
3049
3050
3051
3052
3055
3056
3057
3058
3059
3060
3061
3064
3065
3066
3067
3068
3069
3070
3073
3074
3075
3076
3077
3240
3241
3244
3245
3246
3247
3248
3249
3250
3253
3254
3255
3256
3257
3276
3277
3280
3281
3282
3283
3284
3285
3286
3289
3290
3291
3292
3293
3294
3295
3298
3299
3300
3301
3302
3303
3304
3307
3308
3309
3310
3311
3312
3313
3316
3317
3318
3319
3320
3321
3322
3325
3326
3327
3328
3329
3330
3331
3334
3335
3336
3337
3338
3357
3358
3361
3362
3363
3364
3365
3366
3367
3370
3371
3372
3373
3374
3375
3376
3379
3380
3381
3382
3383
3384
3385
3388
3389
3390
3391
3392
3393
3394
3397
3398
3399
3400
3401
3402
3403
3406
3407
3408
3409
3410
3411
3412
3415
3416
3417
3418
3419
3438
3439
3442
3443
3444
3445
3446
3447
3448
3451
3452
3453
3454
3455
3456
3457
3460
3461
3462
3463
3464
3465
3466
3469
3470
3471
3472
3473
3474
3475
3478
3479
3480
3481
3482
3483
3484
3487
3488
3489
3490
3491
3492
3493
3496
3497
3498
3499
3500
3519
3520
3523
3524
3525
3526
3527
3528
3529
3532
3533
3534
3535
3536
3537
3538
3541
3542
3543
3544
3545
3546
3547
3550
3551
3552
3553
3554
3555
3556
3559
3560
3561
3562
3563
3564
3565
3568
3569
3570
3571
3572
3573
3574
3577
3578
3579
3580
3581
3600
3601
3604
3605
3606
3607
3608
3609
3610
3613
3614
3615
3616
3617
3618
3619
3622
3623
3624
3625
3626
3627
3628
3631
3632
3633
3634
3635
3636
3637
3640
3641
3642
3643
3644
3645
3646
3649
3650
3651
3652
3653
3654
3655
3658
3659
3660
3661
3662
3681
3682
3685
3686
3687
3688
3689
3690
3691
3694
3695
3696
3697
3698
3699
3700
3703
3704
3705
3706
3707
3708
3709
3712
3713
3714
3715
3716
3717
3718
3721
3722
3723
3724
3725
3726
3727
3730
3731
3732
3733
3734
3735
3736
3739
3740
3741
3742
3743
3762
3763
3766
3767
3768
3769
3770
3771
3772
3775
3776
3777
3778
3779
3780
3781
3784
3785
3786
3787
3788
3789
3790
3793
3794
3795
3796
3797
3798
3799
3802
3803
3804
3805
3806
3969
3970
3973
3974
3975
3976
3977
3978
3979
3982
3983
3984
3985
3986
4005
4006
4009
4010
4011
4012
4013
4014
4015
4018
4019
4020
4021
4022
4023
4024
4027
4028
4029
4030
4031
4032
4033
4036
4037
4038
4039
4040
4041
4042
4045
4046
4047
4048
4049
4050
4051
4054
4055
4056
4057
4058
4059
4060
4063
4064
4065
4066
4067
4086
4087
4090
4091
4092
4093
4094
4095
4096
4099
4100
4101
4102
4103
4104
4105
4108
4109
4110
4111
4112
4113
4114
4117
4118
4119
4120
4121
4122
4123
4126
4127
4128
4129
4130
4131
4132
4135
4136
4137
4138
4139
4140
4141
4144
4145
4146
4147
4148
4167
4168
4171
4172
4173
4174
4175
4176
4177
4180
4181
4182
4183
4184
4185
4186
4189
4190
4191
4192
4193
4194
4195
4198
4199
4200
4201
4202
4203
4204
4207
4208
4209
4210
4211
4212
4213
4216
4217
4218
4219
4220
4221
4222
4225
4226
4227
4228
4229
4248
4249
4252
4253
4254
4255
4256
4257
4258
4261
4262
4263
4264
4265
4266
4267
4270
4271
4272
4273
4274
4275
4276
4279
4280
4281
4282
4283
4284
4285
4288
4289
4290
4291
4292
4293
4294
4297
4298
4299
4300
4301
4302
4303
4306
4307
4308
4309
4310
4329
4330
4333
4334
4335
4336
4337
4338
4339
4342
4343
4344
4345
4346
4347
4348
4351
4352
4353
4354
4355
4356
4357
4360
4361
4362
4363
4364
4365
4366
4369
4370
4371
4372
4373
4374
4375
4378
4379
4380
4381
4382
4383
4384
4387
4388
4389
4390
4391
4410
4411
4414
4415
4416
4417
4418
4419
4420
4423
4424
4425
4426
4427
4428
4429
4432
4433
4434
4435
4436
4437
4438
4441
4442
4443
4444
4445
4446
4447
4450
4451
4452
4453
4454
4455
4456
4459
4460
4461
4462
4463
4464
4465
4468
4469
4470
4471
4472
4491
4492
4495
4496
4497
4498
4499
4500
4501
4504
4505
4506
4507
4508
4509
4510
4513
4514
4515
4516
4517
4518
4519
4522
4523
4524
4525
4526
4527
4528
4531
4532
4533
4534
4535
4698
4699
4702
4703
4704
4705
4706
4707
4708
4711
4712
4713
4714
4715
4734
4735
4738
4739
4740
4741
4742
4743
4744
4747
4748
4749
4750
4751
4752
4753
4756
4757
4758
4759
4760
4761
4762
4765
4766
4767
4768
4769
4770
4771
4774
4775
4776
4777
4778
4779
4780
4783
4784
4785
4786
4787
4788
4789
4792
4793
4794
4795
4796
4815
4816
4819
4820
4821
4822
4823
4824
4825
4828
4829
4830
4831
4832
4833
4834
4837
4838
4839
4840
4841
4842
4843
4846
4847
4848
4849
4850
4851
4852
4855
4856
4857
4858
4859
4860
4861
4864
4865
4866
4867
4868
4869
4870
4873
4874
4875
4876
4877
4896
4897
4900
4901
4902
4903
4904
4905
4906
4909
4910
4911
4912
4913
4914
4915
4918
4919
4920
4921
4922
4923
4924
4927
4928
4929
4930
4931
4932
4933
4936
4937
4938
4939
4940
4941
4942
4945
4946
4947
4948
4949
4950
4951
4954
4955
4956
4957
4958
4977
4978
4981
4982
4983
4984
4985
4986
4987
4990
4991
4992
4993
4994
4995
4996
4999
5000
5001
5002
5003
5004
5005
5008
5009
5010
5011
5012
5013
5014
5017
5018
5019
5020
5021
5022
5023
5026
5027
5028
5029
5030
5031
5032
5035
5036
5037
5038
5039
5058
5059
5062
5063
5064
5065
5066
5067
5068
5071
5072
5073
5074
5075
5076
5077
5080
5081
5082
5083
5084
5085
5086
5089
5090
5091
5092
5093
5094
5095
5098
5099
5100
5101
5102
5103
5104
5107
5108
5109
5110
5111
5112
5113
5116
5117
5118
5119
5120
5139
5140
5143
5144
5145
5146
5147
5148
5149
5152
5153
5154
5155
5156
5157
5158
5161
5162
5163
5164
5165
5166
5167
5170
5171
5172
5173
5174
5175
5176
5179
5180
5181
5182
5183
5184
5185
5188
5189
5190
5191
5192
5193
5194
5197
5198
5199
5200
5201
5220
5221
5224
5225
5226
5227
5228
5229
5230
5233
5234
5235
5236
5237
5238
5239
5242
5243
5244
5245
5246
5247
5248
5251
5252
5253
5254
5255
5256
5257
5260
5261
5262
5263
5264
5427
5428
5431
5432
5433
5434
5435
5436
5437
5440
5441
5442
5443
5444
5463
5464
5467
5468
5469
5470
5471
5472
5473
5476
5477
5478
5479
5480
5481
5482
5485
5486
5487
5488
5489
5490
5491
5494
5495
5496
5497
5498
5499
5500
5503
5504
5505
5506
5507
5508
5509
5512
5513
5514
5515
5516
5517
5518
5521
5522
5523
5524
5525
5544
5545
5548
5549
5550
5551
5552
5553
5554
5557
5558
5559
5560
5561
5562
5563
5566
5567
5568
5569
5570
5571
5572
5575
5576
5577
5578
5579
5580
5581
5584
5585
5586
5587
5588
5589
5590
5593
5594
5595
5596
5597
5598
5599
5602
5603
5604
5605
5606
5625
5626
5629
5630
5631
5632
5633
5634
5635
5638
5639
5640
5641
5642
5643
5644
5647
5648
5649
5650
5651
5652
5653
5656
5657
5658
5659
5660
5661
5662
5665
5666
5667
5668
5669
5670
5671
5674
5675
5676
5677
5678
5679
5680
5683
5684
5685
5686
5687
5706
5707
5710
5711
5712
5713
5714
5715
5716
5719
5720
5721
5722
5723
5724
5725
5728
5729
5730
5731
5732
5733
5734
5737
5738
5739
5740
5741
5742
5743
5746
5747
5748
5749
5750
5751
5752
5755
5756
5757
5758
5759
5760
5761
5764
5765
5766
5767
5768
5787
5788
5791
5792
5793
5794
5795
5796
5797
5800
5801
5802
5803
5804
5805
5806
5809
5810
5811
5812
5813
5814
5815
5818
5819
5820
5821
5822
5823
5824
5827
5828
5829
5830
5831
5832
5833
5836
5837
5838
5839
5840
5841
5842
5845
5846
5847
5848
5849
5868
5869
5872
5873
5874
5875
5876
5877
5878
5881
5882
5883
5884
5885
5886
5887
5890
5891
5892
5893
5894
5895
5896
5899
5900
5901
5902
5903
5904
5905
5908
5909
5910
5911
5912
5913
5914
5917
5918
5919
5920
5921
5922
5923
5926
5927
5928
5929
5930
5949
5950
5953
5954
5955
5956
5957
5958
5959
5962
5963
5964
5965
5966
5967
5968
5971
5972
5973
5974
5975
5976
5977
5980
5981
5982
5983
5984
5985
5986
5989
5990
5991
5992
5993
6156
6157
6160
6161
6162
6163
6164
6165
6166
6169
6170
6171
6172
6173
6192
6193
6196
6197
6198
6199
6200
6201
6202
6205
6206
6207
6208
6209
6210
6211
6214
6215
6216
6217
6218
6219
6220
6223
6224
6225
6226
6227
6228
6229
6232
6233
6234
6235
6236
6237
6238
6241
6242
6243
6244
6245
6246
6247
6250
6251
6252
6253
6254
6273
6274
6277
6278
6279
6280
6281
6282
6283
6286
6287
6288
6289
6290
6291
6292
6295
6296
6297
6298
6299
6300
6301
6304
6305
6306
6307
6308
6309
6310
6313
6314
6315
6316
6317
6318
6319
6322
6323
6324
6325
6326
6327
6328
6331
6332
6333
6334
6335
6354
6355
6358
6359
6360
6361
6362
6363
6364
6367
6368
6369
6370
6371
6372
6373
6376
6377
6378
6379
6380
6381
6382
6385
6386
6387
6388
6389
6390
6391
6394
6395
6396
6397
6398
6399
6400
6403
6404
6405
6406
6407
6408
6409
6412
6413
6414
6415
6416
6435
6436
6439
6440
6441
6442
6443
6444
6445
6448
6449
6450
6451
6452
6453
6454
6457
6458
6459
6460
6461
6462
6463
6466
6467
6468
6469
6470
6471
6472
6475
6476
6477
6478
6479
6480
6481
6484
6485
6486
6487
6488
6489
6490
6493
6494
6495
6496
6497
6516
6517
6520
6521
6522
6523
6524
6525
6526
6529
6530
6531
6532
6533
6534
6535
6538
6539
6540
6541
6542
6543
6544
6547
6548
6549
6550
6551
6552
6553
6556
6557
6558
6559
6560
6561
6562
6565
6566
6567
6568
6569
6570
6571
6574
6575
6576
6577
6578
6597
6598
6601
6602
6603
6604
6605
6606
6607
6610
6611
6612
6613
6614
6615
6616
6619
6620
6621
6622
6623
6624
6625
6628
6629
6630
6631
6632
6633
6634
6637
6638
6639
6640
6641
6642
6643
6646
6647
6648
6649
6650
6651
6652
6655
6656
6657
6658
6659
6678
6679
6682
6683
6684
6685
6686
6687
6688
6691
6692
6693
6694
6695
6696
6697
6700
6701
6702
6703
6704
6705
6706
6709
6710
6711
6712
6713
6714
6715
6718
6719
6720
6721
6722
6885
6886
6889
6890
6891
6892
6893
6894
6895
6898
6899
6900
6901
6902
6921
6922
6925
6926
6927
6928
6929
6930
6931
6934
6935
6936
6937
6938
6939
6940
6943
6944
6945
6946
6947
6948
6949
6952
6953
6954
6955
6956
6957
6958
6961
6962
6963
6964
6965
6966
6967
6970
6971
6972
6973
6974
6975
6976
6979
6980
6981
6982
6983
7002
7003
7006
7007
7008
7009
7010
7011
7012
7015
7016
7017
7018
7019
7020
7021
7024
7025
7026
7027
7028
7029
7030
7033
7034
7035
7036
7037
7038
7039
7042
7043
7044
7045
7046
7047
7048
7051
7052
7053
7054
7055
7056
7057
7060
7061
7062
7063
7064
7083
7084
7087
7088
7089
7090
7091
7092
7093
7096
7097
7098
7099
7100
7101
7102
7105
7106
7107
7108
7109
7110
7111
7114
7115
7116
7117
7118
7119
7120
7123
7124
7125
7126
7127
7128
7129
7132
7133
7134
7135
7136
7137
7138
7141
7142
7143
7144
7145
7164
7165
7168
7169
7170
7171
7172
7173
7174
7177
7178
7179
7180
7181
7182
7183
7186
7187
7188
7189
7190
7191
7192
7195
7196
7197
7198
7199
7200
7201
7204
7205
7206
7207
7208
7209
7210
7213
7214
7215
7216
7217
7218
7219
7222
7223
7224
7225
7226
7245
7246
7249
7250
7251
7252
7253
7254
7255
7258
7259
7260
7261
7262
7263
7264
7267
7268
7269
7270
7271
7272
7273
7276
7277
7278
7279
7280
7281
7282
7285
7286
7287
7288
7289
7290
7291
7294
7295
7296
7297
7298
7299
7300
7303
7304
7305
7306
7307
7326
7327
7330
7331
7332
7333
7334
7335
7336
7339
7340
7341
7342
7343
7344
7345
7348
7349
7350
7351
7352
7353
7354
7357
7358
7359
7360
7361
7362
7363
7366
7367
7368
7369
7370
7371
7372
7375
7376
7377
7378
7379
7380
7381
7384
7385
7386
7387
7388
7407
7408
7411
7412
7413
7414
7415
7416
7417
7420
7421
7422
7423
7424
7425
7426
7429
7430
7431
7432
7433
7434
7435
7438
7439
7440
7441
7442
7443
7444
7447
7448
7449
7450
7451
7614
7615
7618
7619
7620
7621
7622
7623
7624
7627
7628
7629
7630
7631
7650
7651
7654
7655
7656
7657
7658
7659
7660
7663
7664
7665
7666
7667
7668
7669
7672
7673
7674
7675
7676
7677
7678
7681
7682
7683
7684
7685
7686
7687
7690
7691
7692
7693
7694
7695
7696
7699
7700
7701
7702
7703
7704
7705
7708
7709
7710
7711
7712
7731
7732
7735
7736
7737
7738
7739
7740
7741
7744
7745
7746
7747
7748
7749
7750
7753
7754
7755
7756
7757
7758
7759
7762
7763
7764
7765
7766
7767
7768
7771
7772
7773
7774
7775
7776
7777
7780
7781
7782
7783
7784
7785
7786
7789
7790
7791
7792
7793
7812
7813
7816
7817
7818
7819
7820
7821
7822
7825
7826
7827
7828
7829
7830
7831
7834
7835
7836
7837
7838
7839
7840
7843
7844
7845
7846
7847
7848
7849
7852
7853
7854
7855
7856
7857
7858
7861
7862
7863
7864
7865
7866
7867
7870
7871
7872
7873
7874
7893
7894
7897
7898
7899
7900
7901
7902
7903
7906
7907
7908
7909
7910
7911
7912
7915
7916
7917
7918
7919
7920
7921
7924
7925
7926
7927
7928
7929
7930
7933
7934
7935
7936
7937
7938
7939
7942
7943
7944
7945
7946
7947
7948
7951
7952
7953
7954
7955
7974
7975
7978
7979
7980
7981
7982
7983
7984
7987
7988
7989
7990
7991
7992
7993
7996
7997
7998
7999
8000
8001
8002
8005
8006
8007
8008
8009
8010
8011
8014
8015
8016
8017
8018
9477
9478
9481
9482
9483
9484
9485
9486
9487
9490
9491
9492
9493
9494
9513
9514
9517
9518
9519
9520
9521
9522
9523
9526
9527
9528
9529
9530
9531
9532
9535
9536
9537
9538
9539
9540
9541
9544
9545
9546
9547
9548
9549
9550
9553
9554
9555
9556
9557
9558
9559
9562
9563
9564
9565
9566
9567
9568
9571
9572
9573
9574
9575
9594
9595
9598
9599
9600
9601
9602
9603
9604
9607
9608
9609
9610
9611
9612
9613
9616
9617
9618
9619
9620
9621
9622
9625
9626
9627
9628
9629
9630
9631
9634
9635
9636
9637
9638
9801
9802
9805
9806
9807
9808
9809
9810
9811
9814
9815
9816
9817
9818
9837
9838
9841
9842
9843
9844
9845
9846
9847
9850
9851
9852
9853
9854
9855
9856
9859
9860
9861
9862
9863
9864
9865
9868
9869
9870
9871
9872
9873
9874
9877
9878
9879
9880
9881
9882
9883
9886
9887
9888
9889
9890
9891
9892
9895
9896
9897
9898
9899
9918
9919
9922
9923
9924
9925
9926
9927
9928
9931
9932
9933
9934
9935
9936
9937
9940
9941
9942
9943
9944
9945
9946
9949
9950
9951
9952
9953
9954
9955
9958
9959
9960
9961
9962
9963
9964
9967
9968
9969
9970
9971
9972
9973
9976
9977
9978
9979
9980
9999
10000
