2
3
4
5
6
7
8
9
10
11
12
13
14
15
16
17
18
19
20
21
22
23
24
25
27
28
29
30
31
32
33
34
36
37
38
39
40
41
42
43
45
46
47
48
49
50
51
52
53
54
55
56
57
58
59
60
61
62
63
64
65
67
68
69
70
71
72
73
75
76
77
78
79
80
81
82
83
84
86
87
88
89
90
91
92
93
94
95
96
97
98
99
100
101
102
103
104
105
106
107
108
109
110
111
112
113
114
115
117
118
120
121
123
124
126
127
128
129
130
131
132
133
134
135
136
140
141
142
143
144
145
146
147
148
149
150
151
152
153
154
155
156
158
159
160
161
162
163
164
165
171
172
173
174
176
178
405
406
410
411
412
413
414
415
419
420
421
422
450
451
455
456
457
458
459
460
464
465
466
467
468
469
473
474
475
476
477
478
482
483
484
485
486
487
491
492
493
494
495
496
500
501
502
503
531
532
536
537
538
539
540
541
545
546
547
548
549
550
554
555
556
557
558
559
563
564
565
566
567
568
572
573
574
575
576
577
581
582
583
584
612
613
617
618
619
620
621
622
626
627
628
629
630
631
635
636
637
638
639
640
644
645
646
647
648
649
653
654
655
656
657
658
662
663
664
665
693
694
698
699
700
701
702
703
707
708
709
710
711
712
716
717
718
719
720
721
725
726
727
728
729
730
734
735
736
737
738
739
743
744
745
746
774
775
779
780
781
782
783
784
788
789
790
791
792
793
797
798
799
800
801
802
806
807
808
809
810
811
815
816
817
818
819
820
824
825
826
827
855
856
860
861
862
863
864
865
869
870
871
872
873
874
878
879
880
881
882
883
887
888
889
890
