2
4
5
7
9
10
11
13
14
18
19
20
22
23
25
28
29
31
32
34
36
37
38
40
41
43
45
46
47
49
50
52
55
56
59
61
63
64
65
68
70
73
74
77
79
81
82
83
85
86
90
91
92
94
95
99
100
101
103
104
109
113
115
117
118
119
121
126
133
136
140
146
148
149
154
155
162
163
164
166
167
169
171
172
173
175
180
181
182
184
185
187
194
198
199
200
202
203
205
207
208
212
217
220
223
225
226
232
239
241
250
252
254
261
265
266
268
280
281
292
298
301
302
306
308
310
313
324
325
326
328
329
333
334
335
337
338
342
343
344
346
347
355
360
361
362
364
365
367
369
370
371
374
383
385
387
388
389
394
401
405
406
407
410
414
415
416
419
423
424
425
427
439
441
446
448
450
451
452
455
464
478
479
482
491
499
504
505
508
511
514
517
518
520
527
531
532
533
536
545
567
568
574
576
586
604
605
612
613
617
626
630
631
657
658
666
668
671
676
693
694
729
730
731
733
734
736
738
739
740
742
743
747
748
749
751
752
754
757
765
766
767
769
770
772
774
775
776
779
788
802
803
810
811
812
814
815
819
820
821
823
828
829
830
832
838
846
847
848
850
865
869
878
891
892
893
895
896
900
901
902
904
909
910
911
913
927
928
929
931
949
956
958
964
965
981
982
1053
1054
1055
1057
1062
1063
1064
1066
1071
1072
1073
1075
1089
1090
1091
1093
1458
1459
1460
1462
1463
1467
1468
1469
1471
1476
1477
1478
1480
1494
1495
1496
1498
1499
1503
1504
1505
1508
1517
1539
1540
1541
1543
1544
1548
1549
1550
1552
1557
1558
1559
1561
1575
1576
1577
1579
1620
1621
1622
1624
1625
1629
1630
1631
1633
1638
1639
1640
1642
1643
1645
1656
1657
1658
1660
1661
1663
1665
1666
1670
1681
1683
1684
1690
1724
1726
1782
1783
1784
1786
1791
1792
1793
1795
1800
1801
1802
1804
1818
1819
1820
1822
1823
1825
1827
1828
1832
1843
1845
1846
1852
1863
1864
1868
1872
1873
1904
1906
1908
1909
1913
2005
2007
2008
2014
2025
2026
2030
2034
2035
2048
2050
2086
2088
2089
2095
2372
2374
2390
2392
2394
2395
2399
2410
2412
2413
2419
2453
2455
2916
2917
2918
2920
2925
2926
2927
2929
2934
2935
2936
2938
2952
2953
2954
2956
2997
2998
2999
3001
3006
3007
3008
3010
3015
3016
3017
3019
3033
3034
3035
3037
3078
3079
3080
3082
3087
3088
3089
3091
3096
3097
3098
3100
3114
3115
3116
3118
3240
3241
3242
3244
3249
3250
3251
3253
3258
3259
3260
3262
3276
3277
3278
3280
3281
3285
3286
3287
3290
3299
3321
3322
3323
3326
3330
3331
3332
3339
3340
3341
3362
3366
3367
3368
3371
3380
3443
3447
3448
3449
3452
3461
3645
3646
3647
3650
3654
3655
3656
3663
3664
3665
3686
3690
3691
3692
3695
3704
3726
3727
3728
3731
3735
3736
3737
3744
3745
3746
3807
3808
3809
3812
3816
3817
3818
3825
3826
3827
4010
4014
4015
4016
4019
4028
4050
4051
4052
4055
4059
4060
4061
4068
4069
4070
4091
4095
4096
4097
4100
4109
4172
4176
4177
4178
4181
4190
4739
4743
4744
4745
4748
4757
4779
4780
4781
4784
4788
4789
4790
4797
4798
4799
4820
4824
4825
4826
4829
4838
4901
4905
4906
4907
4910
4919
6561
6562
6563
6565
6570
6571
6572
6574
6579
6580
6581
6583
6597
6598
6599
6601
6642
6643
6644
6646
6651
6652
6653
6655
6660
6661
6662
6664
6678
6679
6680
6682
6723
6724
6725
6727
6732
6733
6734
6736
6741
6742
6743
6745
6759
6760
6761
6763
6885
6886
6887
6889
6894
6895
6896
6898
6903
6904
6905
6907
6921
6922
6923
6925
7290
7291
7292
7294
7299
7300
7301
7303
7308
7309
7310
7312
7326
7327
7328
7330
7371
7372
7373
7375
7380
7381
7382
7384
7389
7390
7391
7393
7407
7408
7409
7411
7452
7453
7454
7456
7461
7462
7463
7465
7470
7471
7472
7474
7488
7489
7490
7492
7614
7615
7616
7618
7623
7624
7625
7627
7632
7633
7634
7636
7650
7651
7652
7654
8019
8020
8021
8023
8028
8029
8030
8032
8037
8038
8039
8041
8055
8056
8057
8059
8100
8101
8102
8104
8109
8110
8111
8113
8118
8119
8120
8122
8136
8137
8138
8140
8181
8182
8183
8185
8190
8191
8192
8194
8199
8200
8201
8203
8217
8218
8219
8221
8343
8344
8345
8347
8352
8353
8354
8356
8361
8362
8363
8365
8379
8380
8381
8383
9477
9478
9479
9481
9486
9487
9488
9490
9495
9496
9497
9499
9513
9514
9515
9517
9558
9559
9560
9562
9567
9568
9569
9571
9576
9577
9578
9580
9594
9595
9596
9598
9639
9640
9641
9643
9648
9649
9650
9652
9657
9658
9659
9661
9675
9676
9677
9679
9801
9802
9803
9805
9810
9811
9812
9814
9819
9820
9821
9823
9837
9838
9839
9841
