2
4
5
6
7
8
9
10
11
12
13
14
15
16
17
18
19
20
21
22
23
24
25
26
28
29
30
31
32
33
34
35
36
37
38
39
40
41
42
43
44
45
46
47
48
49
50
51
52
53
54
55
56
57
58
59
60
61
62
63
64
65
66
67
68
69
70
71
72
73
74
75
76
77
78
79
80
81
82
83
84
85
86
87
88
89
90
91
92
93
94
95
96
97
98
99
100
101
102
103
104
105
106
107
108
109
110
111
112
113
114
115
116
117
118
119
120
121
122
123
124
125
126
127
128
129
130
131
132
133
134
135
136
137
138
139
140
141
142
143
144
145
146
147
148
149
150
151
152
153
154
155
156
157
158
159
160
161
162
163
164
165
166
167
168
169
170
171
172
173
174
175
176
177
178
179
180
181
182
183
184
185
186
187
188
189
190
191
192
193
194
195
196
197
198
199
200
201
202
204
205
206
207
208
209
210
211
212
213
214
215
216
217
218
219
221
222
224
225
226
227
228
229
231
232
234
235
236
237
238
240
241
247
250
252
254
257
260
265
270
271
274
279
280
281
282
283
284
285
286
288
290
291
292
293
294
295
296
297
298
299
300
301
302
303
304
306
307
308
309
310
311
312
313
315
316
317
318
319
320
322
324
325
327
328
329
330
331
332
333
334
335
336
337
338
339
340
341
342
343
344
345
346
347
348
349
350
351
352
353
354
355
356
358
359
360
361
363
364
365
366
369
370
371
373
374
375
376
377
378
379
380
381
382
383
384
385
386
387
388
389
390
391
392
393
394
395
396
397
398
399
400
401
402
403
405
406
407
408
409
410
411
412
413
414
415
416
417
418
419
420
421
422
423
424
425
426
427
428
429
430
431
432
433
434
435
436
437
438
439
440
441
442
443
445
446
447
448
449
450
451
452
453
454
455
456
457
458
459
460
461
462
463
464
465
466
467
468
469
470
471
472
473
474
475
476
477
478
479
480
481
482
483
484
485
486
487
488
489
490
491
492
493
494
495
496
497
498
499
500
501
502
503
504
505
506
507
508
509
510
511
512
513
514
515
516
517
518
519
520
521
522
523
524
525
526
527
528
529
530
531
532
533
534
535
536
537
538
539
540
541
542
543
544
545
546
548
549
550
551
552
553
554
555
556
557
558
559
560
561
562
563
564
565
566
567
568
569
570
571
572
573
574
575
576
577
578
579
580
581
582
583
584
585
586
587
588
589
590
591
592
593
594
595
596
597
598
599
600
601
603
604
605
606
607
608
609
610
611
612
613
614
615
616
617
618
619
620
621
622
623
624
625
626
627
628
629
630
631
632
633
634
635
636
637
638
639
640
641
642
643
644
645
646
647
648
649
650
651
652
653
654
655
656
657
658
659
660
661
662
663
664
665
666
667
668
669
670
671
672
673
674
675
676
677
678
679
680
681
682
684
685
686
687
688
689
690
691
692
693
694
695
696
697
698
699
700
701
702
703
704
705
706
707
708
709
710
711
712
713
714
715
716
717
718
719
720
721
722
723
724
725
726
727
728
729
730
731
733
734
735
736
737
738
739
740
741
742
743
744
745
746
747
748
749
750
751
752
753
754
755
756
757
758
759
760
761
762
763
764
765
766
767
768
769
770
771
772
773
774
775
776
777
778
779
780
781
782
783
784
785
786
787
788
789
790
791
792
793
794
795
796
797
798
799
800
801
802
803
804
805
806
807
808
809
810
811
812
813
814
815
816
817
818
819
820
821
822
823
824
825
826
827
828
829
830
831
832
833
834
835
836
837
838
839
840
841
842
843
844
845
846
847
848
849
850
851
852
853
854
855
856
857
858
859
860
861
862
863
864
865
866
867
868
869
870
871
872
873
874
875
876
877
878
879
880
881
882
883
884
885
886
887
888
889
890
891
892
893
894
895
896
897
898
899
900
901
902
903
904
905
906
907
908
909
910
911
912
913
914
915
916
918
919
920
921
922
923
924
925
926
927
928
929
930
931
932
933
934
935
936
937
938
939
940
941
942
943
944
945
946
947
948
949
950
951
952
953
954
955
956
957
958
959
960
961
962
963
964
965
966
967
968
969
970
971
972
973
974
975
976
977
978
979
980
981
982
983
984
985
986
987
988
989
990
991
992
993
994
995
996
997
998
999
1000
1001
1002
1003
1004
1005
1006
1008
1009
1010
1011
1012
1014
1015
1016
1017
1018
1019
1020
1021
1022
1024
1025
1026
1027
1029
1030
1031
1032
1033
1034
1035
1036
1037
1039
1040
1041
1042
1043
1044
1045
1046
1047
1048
1049
1050
1053
1054
1055
1056
1057
1058
1059
1060
1061
1062
1063
1064
1065
1066
1067
1068
1069
1070
1071
1072
1073
1074
1075
1076
1077
1078
1079
1080
1081
1082
1083
1084
1085
1086
1087
1089
1090
1091
1092
1093
1094
1095
1096
1098
1099
1100
1101
1102
1103
1104
1105
1106
1107
1108
1109
1111
1112
1113
1114
1115
1116
1117
1119
1120
1121
1122
1123
1124
1125
1126
1127
1128
1129
1130
1131
1132
1134
1135
1136
1137
1138
1139
1140
1141
1142
1143
1144
1145
1146
1147
1148
1149
1150
1151
1152
1153
1154
1155
1156
1157
1158
1159
1160
1161
1162
1163
1164
1165
1166
1167
1168
1170
1171
1172
1173
1174
1175
1176
1177
1178
1179
1180
1181
1182
1183
1185
1186
1187
1188
1189
1190
1191
1192
1193
1194
1195
1196
1197
1198
1199
1200
1201
1202
1203
1204
1205
1206
1207
1209
1210
1211
1212
1213
1214
1215
1216
1217
1218
1219
1220
1221
1222
1223
1224
1225
1227
1228
1229
1230
1231
1232
1233
1234
1235
1236
1237
1238
1239
1240
1241
1242
1243
1244
1245
1246
1247
1248
1249
1251
1252
1253
1254
1256
1257
1258
1259
1260
1261
1262
1264
1266
1267
1269
1270
1272
1273
1274
1275
1276
1277
1278
1279
1280
1281
1282
1283
1284
1285
1286
1287
1288
1289
1290
1291
1292
1293
1294
1295
1296
1297
1298
1299
1300
1302
1303
1304
1305
1306
1307
1308
1309
1310
1311
1312
1313
1314
1315
1316
1317
1318
1319
1320
1321
1322
1323
1324
1325
1326
1327
1329
1332
1333
1334
1335
1336
1338
1339
1341
1342
1344
1345
1346
1347
1348
1349
1350
1351
1352
1353
1354
1356
1357
1358
1359
1360
1362
1363
1364
1365
1366
1367
1368
1369
1370
1371
1372
1373
1374
1375
1376
1377
1378
1379
1383
1384
1385
1386
1387
1388
1389
1390
1391
1392
1394
1395
1396
1397
1402
1403
1404
1405
1406
1408
1409
1410
1411
1413
1414
1415
1416
1417
1419
1420
1422
1425
1426
1427
1428
1429
1430
1431
1432
1433
1434
1435
1436
1437
1438
1439
1440
1441
1443
1444
1445
1446
1447
1448
1449
1450
1451
1452
1453
1454
1455
1456
1457
1458
1459
1460
1466
1467
1468
1469
1470
1471
1472
1475
1476
1477
1478
1479
1480
1481
1483
1484
1485
1486
1487
1488
1489
1490
1492
1493
1494
1495
1496
1497
1501
1502
1503
1504
1505
1507
1508
1509
1510
1512
1513
1514
1515
1516
1517
1518
1519
1520
1521
1522
1526
1528
1529
1530
1531
1532
1533
1535
1536
1538
1539
1540
1541
1543
1544
1545
1546
1547
1548
1549
1550
1551
1552
1553
1554
1555
1556
1557
1558
1559
1560
1561
1562
1563
1564
1565
1566
1567
1568
1569
1570
1571
1574
1575
1576
1577
1578
1579
1584
1585
1586
1587
1590
1593
1594
1595
1596
1601
1603
1604
1605
1606
1607
1609
1610
1611
1612
1613
1614
1615
1616
1617
1619
1620
1621
1622
1624
1625
1626
1627
1628
1629
1630
1631
1632
1633
1637
1638
1639
1640
1641
1643
1644
1647
1648
1650
1651
1652
1653
1654
1655
1656
1657
1658
1659
1662
1663
1665
1666
1667
1668
1670
1672
1674
1675
1678
1679
1680
1684
1685
1687
1692
1693
1694
1695
1701
1702
1703
1705
1706
1708
1710
1711
1712
1713
1714
1715
1716
1717
1720
1722
1723
1724
1725
1726
1728
1729
1733
1735
1737
1740
1741
1743
1744
1745
1746
1747
1749
1752
1753
1754
1755
1759
1762
1763
1764
1765
1766
1769
1770
1771
1772
1773
1774
1777
1782
1783
1786
1791
1792
1794
1795
1797
1798
1799
1800
1801
1802
1803
1804
1806
1807
1808
1809
1810
1811
1812
1813
1814
1818
1819
1820
1821
1822
1824
1825
1826
1830
1831
1833
1834
1835
1836
1837
1843
1844
1845
1846
1848
1849
1851
1852
1855
1857
1858
1860
1861
1867
1870
1871
1872
1873
1880
1881
1882
1883
1884
1887
1890
1891
1892
1893
1894
1899
1900
1901
1902
1903
1905
1906
1911
1912
1914
1915
1917
1918
1921
1926
1927
1929
1930
1932
1933
1938
1939
1941
1942
1944
1945
1953
1954
1956
1957
1959
1960
1963
1965
1966
1968
1969
2025
2026
2034
2035
2037
2038
2040
2041
2046
2047
2049
2050
2052
2053
2061
2062
2064
2065
2067
2068
2073
2074
2076
2077
2079
2080
2088
2089
2091
2092
2094
2095
2100
2101
2103
2104
2133
2134
2142
2143
2145
2146
2148
2149
2154
2155
2157
2158
2160
2161
2169
2170
2172
2173
2175
2176
2181
2182
2184
2185
2461
2466
2467
2470
2495
2497
2499
2506
2507
2511
2512
2515
2516
2517
2520
2521
2535
2540
2542
2547
2548
2551
2738
2740
2742
2765
2768
2769
2772
2773
2774
2778
2783
2785
2790
2791
2794
2805
2808
2809
2810
2813
2814
2817
2818
2819
2821
2822
2823
2830
2831
2847
2851
2853
2854
2856
2858
2859
2862
2863
2864
2865
2866
2869
2871
2872
2874
2875
2876
2880
2881
2882
2884
2885
2894
2898
2899
2900
2902
2903
2904
2905
2909
2910
2911
2912
2914
2916
2917
2920
2921
2922
2925
2926
2947
2952
2953
2956
2957
2961
2962
2963
2965
2966
2967
2970
2971
2972
2975
2976
2992
2993
2997
2998
3001
3002
3003
3006
3007
3102
3107
3125
3129
3130
3132
3133
3134
3135
3137
3138
3143
3145
3147
3154
3155
3159
3160
3164
3166
3168
3169
3170
3171
3173
3174
3175
3177
3178
3179
3180
3182
3183
3186
3187
3188
3189
3190
3193
3195
3196
3199
3206
3211
3215
3216
3218
3222
3223
3224
3226
3227
3228
3229
3233
3234
3235
3236
3238
3240
3241
3244
3245
3246
3249
3250
3264
3267
3268
3269
3270
3271
3274
3276
3277
3279
3280
3281
3285
3286
3287
3289
3290
3292
3296
3297
3310
3314
3315
3316
3317
3319
3321
3322
3325
3326
3327
3328
3330
3331
3332
3333
3335
3336
3337
3339
3340
3341
3342
3344
3352
3357
3358
3361
3362
3366
3367
3368
3370
3371
3373
3377
3378
3380
3384
3385
3386
3389
3391
3395
3396
3398
3400
3414
3418
3420
3421
3423
3425
3429
3430
3431
3432
3436
3542
3546
3547
3548
3551
3559
3560
3576
3580
3582
3583
3585
3587
3588
3591
3592
3593
3594
3595
3598
3600
3601
3603
3604
3605
3609
3610
3611
3613
3614
3623
3627
3628
3629
3631
3632
3633
3634
3638
3639
3640
3641
3643
3645
3646
3649
3650
3651
3652
3654
3655
3656
3676
3681
3682
3684
3685
3686
3690
3691
3692
3694
3695
3696
3697
3699
3700
3701
3702
3704
3705
3708
3709
3710
3713
3721
3722
3726
3727
3730
3731
3732
3733
3735
3736
3737
3738
3740
3741
3742
3744
3745
3746
3747
3749
3753
3754
3755
3756
3760
3767
3771
3772
3773
3775
3776
3777
3780
3781
3782
3785
3786
3789
3790
3791
3793
3794
3795
3796
3800
3801
3803
3805
3807
3808
3811
3812
3813
3814
3816
3817
3818
3821
3822
3825
3826
3827
3834
3835
3836
3837
3841
3846
3848
3852
3853
3919
3924
3925
3928
3938
3942
3943
3947
3950
3951
3952
3953
3955
3957
3964
3965
3969
3970
3973
3974
3975
3978
3979
3986
3992
3993
3994
3995
3998
4000
4001
4002
4003
4005
4006
4009
4010
4011
4012
4014
4015
4016
4018
4019
4023
4024
4028
4031
4032
4033
4045
4046
4050
4051
4054
4055
4056
4057
4058
4059
4060
4061
4062
4064
4065
4066
4067
4068
4069
4070
4071
4073
4074
4075
4076
4081
4082
4086
4087
4090
4091
4095
4096
4097
4099
4100
4101
4102
4104
4105
4106
4107
4109
4110
4113
4114
4115
4118
4120
4124
4125
4127
4129
4131
4132
4135
4136
4137
4140
4141
4142
4143
4145
4146
4147
4149
4150
4151
4152
4154
4155
4158
4159
4160
4161
4165
4170
4172
4176
4177
4178
4180
4181
4182
4185
4186
4187
4190
4191
4201
4205
4206
4208
4210
4212
4213
4217
4219
4221
4222
4223
4224
4228
4230
4231
4233
4235
4251
4253
4257
4258
4259
4264
4268
4269
4271
4275
4276
4277
4280
4305
4309
4311
4312
4314
4316
4320
4321
4322
4323
4327
4332
4334
4338
4339
4352
4356
4357
4358
4361
4363
4367
4368
4370
4372
4374
4375
4378
4379
4380
4381
4382
4383
4384
4388
4389
4390
4405
4410
4411
4414
4415
4419
4420
4421
4423
4424
4425
4428
4429
4430
4433
4434
4436
4437
4438
4445
4446
4447
4450
4451
4452
4453
4454
4455
4456
4459
4460
4461
4462
4463
4464
4465
4466
4469
4470
4471
4473
4474
4475
4482
4483
4484
4485
4488
4489
4496
4497
4498
4500
4501
4502
4504
4505
4506
4509
4510
4511
4514
4515
4517
4518
4519
4520
4522
4523
4524
4525
4526
4527
4528
4529
4530
4532
4533
4534
4535
4536
4537
4540
4541
4542
4543
4545
4546
4547
4550
4551
4554
4555
4556
4560
4563
4564
4565
4566
4569
4570
4575
4577
4578
4579
4581
4582
4583
4586
4587
4588
4590
4591
4592
4593
4595
4596
4598
4599
4600
4601
4603
4605
4607
4608
4609
4612
4613
4614
4615
4616
4617
4618
4622
4624
4626
4627
4628
4629
4631
4632
4633
4634
4635
4636
4637
4638
4640
4641
4642
4643
4644
4645
4646
4647
4649
4650
4651
4658
4659
4660
4662
4663
4664
4667
4669
4671
4672
4673
4674
4676
4679
4680
4681
4682
4685
4687
4691
4692
4694
4696
4715
4721
4722
4723
4724
4725
4726
4727
4728
4730
4731
4732
4737
4739
4740
4741
4743
4744
4745
4747
4748
4750
4752
4753
4754
4755
4757
4760
4761
4762
4768
4772
4773
4774
4775
4777
4779
4780
4783
4784
4785
4786
4787
4788
4789
4790
4793
4794
4795
4796
4797
4798
4799
4802
4803
4804
4805
4810
4811
4815
4816
4819
4820
4824
4825
4826
4828
4829
4830
4833
4834
4835
4838
4839
4860
4861
4864
4865
4866
4869
4870
4871
4874
4875
4878
4879
4880
4884
4889
4901
4905
4906
4907
4909
4910
4911
4914
4915
4916
4919
4920
4922
4931
4932
4933
4934
4940
4958
4964
4965
4966
4967
4973
4989
4990
4994
4998
4999
5000
5003
5004
5005
5006
5009
5012
5013
5014
5015
5019
5020
5021
5022
5023
5024
5028
5029
5030
5031
5032
5033
5034
5035
5036
5037
5038
5039
5040
5041
5042
5043
5045
5046
5047
5048
5049
5050
5051
5052
5054
5056
5061
5063
5067
5068
5070
5071
5072
5075
5076
5077
5079
5080
5081
5084
5085
5086
5087
5090
5092
5093
5094
5095
5096
5097
5099
5100
5101
5102
5103
5104
5108
5109
5110
5111
5112
5113
5114
5117
5118
5119
5142
5144
5148
5149
5150
5153
5155
5157
5158
5159
5160
5162
5165
5166
5167
5168
5171
5174
5175
5176
5181
5182
5183
5184
5185
5189
5190
5191
5192
5193
5194
5195
5196
5198
5199
5200
5202
5203
5205
5207
5211
5212
5213
5214
5217
5218
5225
5226
5227
5229
5230
5234
5238
5239
5243
5246
5247
5248
5249
5252
5254
5255
5256
5257
5258
5259
5261
5262
5263
5264
5265
5266
5270
5272
5274
5275
5276
5292
5293
5294
5295
5298
5299
5304
5306
5307
5308
5310
5311
5315
5319
5320
5324
5327
5328
5329
5336
5337
5338
5343
5344
5345
5363
5369
5370
5371
5372
5378
5379
5380
5387
5388
5389
5391
5392
5416
5420
5421
5423
5425
5454
5455
5456
5457
5461
5466
5468
5472
5473
5474
5475
5476
5479
5480
5483
5484
5485
5497
5501
5502
5504
5506
5508
5509
5513
5515
5517
5518
5519
5520
5524
5526
5527
5529
5530
5531
5535
5536
5537
5538
5539
5544
5545
5546
5547
5548
5555
5556
5557
5560
5561
5564
5565
5566
5567
5570
5571
5572
5573
5576
5578
5579
5580
5581
5582
5583
5585
5587
5588
5601
5605
5607
5608
5610
5611
5612
5616
5617
5618
5619
5620
5623
5625
5626
5627
5628
5629
5637
5638
5642
5646
5647
5651
5660
5661
5662
5663
5669
5687
5693
5694
5695
5696
5702
5718
5719
5723
5727
5728
5732
5741
5742
5743
5744
5746
5747
5748
5749
5750
5751
5752
5753
5757
5758
5759
5760
5761
5762
5763
5764
5765
5766
5767
5768
5769
5770
5771
5774
5775
5776
5777
5780
5782
5783
5787
5788
5791
5792
5796
5797
5798
5799
5800
5801
5804
5805
5806
5808
5809
5810
5813
5814
5815
5816
5818
5820
5822
5823
5824
5825
5827
5828
5829
5830
5831
5832
5833
5834
5838
5839
5840
5841
5842
5843
5844
5845
5846
5847
5848
5849
5850
5851
5852
5882
5886
5887
5891
5894
5895
5896
5903
5904
5905
5906
5910
5911
5912
5913
5914
5915
5919
5920
5921
5922
5923
5924
5925
5926
5927
5928
5929
5930
5931
5932
5933
5934
5935
5940
5941
5942
5943
5944
5946
5947
5949
5950
5951
5952
5953
5954
5955
5956
5958
5959
5963
5967
5968
5972
5975
5976
5977
5984
5985
5986
5987
5991
5992
5993
5994
5995
5996
6002
6003
6004
6005
6006
6007
6011
6012
6013
6014
6018
6023
6027
6028
6035
6036
6037
6039
6040
6044
6045
6048
6049
6050
6053
6054
6056
6057
6058
6059
6061
6063
6065
6066
6067
6070
6071
6072
6073
6074
6086
6089
6090
6092
6093
6094
6095
6098
6099
6100
6101
6104
6106
6107
6108
6109
6111
6112
6115
6116
6117
6118
6120
6121
6140
6142
6144
6151
6152
6156
6157
6160
6161
6162
6165
6166
6180
6185
6187
6192
6193
6196
6197
6201
6202
6203
6204
6205
6206
6209
6213
6214
6232
6233
6237
6238
6241
6242
6243
6246
6247
6248
6251
6252
6255
6256
6257
6258
6259
6264
6265
6266
6267
6268
6270
6271
6273
6274
6275
6276
6277
6278
6279
6280
6282
6283
6284
6285
6286
6287
6290
6294
6295
6299
6308
6309
6310
6311
6317
6318
6319
6324
6325
6326
6327
6328
6332
6333
6334
6335
6339
6340
6341
6342
6343
6344
6345
6346
6347
6348
6349
6350
6351
6352
6354
6355
6356
6357
6358
6359
6360
6361
6363
6364
6366
6367
6371
6375
6376
6380
6383
6385
6387
6389
6390
6391
6392
6396
6397
6398
6399
6400
6405
6406
6407
6408
6409
6410
6413
6414
6415
6416
6417
6418
6419
6422
6423
6424
6425
6428
6430
6431
6435
6436
6439
6447
6448
6450
6452
6453
6454
6455
6456
6457
6458
6459
6461
6464
6466
6468
6470
6471
6472
6473
6475
6476
6477
6478
6479
6480
6481
6482
6486
6487
6488
6489
6490
6491
6492
6493
6494
6495
6496
6497
6498
6499
6500
6503
6504
6505
6506
6509
6511
6512
6516
6517
6520
6521
6525
6526
6527
6528
6529
6530
6533
6534
6535
6537
6538
6539
6542
6543
6544
6545
6547
6549
6551
6552
6553
6554
6556
6557
6558
6559
6560
6561
6562
6563
6565
6566
6567
6568
6569
6570
6571
6572
6573
6574
6575
6576
6577
6578
6579
6580
6581
6582
6583
6585
6586
6592
6597
6598
6600
6601
6602
6606
6607
6608
6610
6611
6612
6613
6615
6616
6617
6618
6620
6621
6623
6624
6625
6626
6629
6632
6633
6634
6635
6637
6638
6639
6640
6641
6642
6643
6644
6646
6647
6648
6649
6650
6651
6652
6653
6654
6655
6656
6657
6658
6659
6660
6661
6662
6663
6664
6665
6666
6667
6669
6670
6671
6672
6673
6675
6676
6678
6679
6680
6681
6682
6683
6684
6685
6687
6688
6690
6691
6692
6693
6694
6696
6697
6701
6704
6705
6706
6708
6709
6711
6712
6713
6714
6715
6716
6717
6718
6720
6721
6722
6723
6724
6725
6731
6732
6733
6734
6735
6736
6740
6741
6742
6743
6750
6751
6759
6760
6762
6763
6765
6766
6771
6772
6774
6775
6777
6778
6786
6787
6789
6790
6792
6793
6798
6799
6801
6802
6835
6840
6841
6844
6869
6871
6873
6874
6878
6879
6880
6881
6883
6885
6886
6889
6890
6891
6894
6895
6909
6912
6913
6914
6915
6916
6919
6921
6922
6924
6925
6926
6930
6931
6932
6934
6935
6937
6941
6942
6955
6959
6960
6961
6962
6964
6966
6967
6970
6971
6972
6973
6975
6976
6977
6978
6980
6981
6982
6984
6985
6986
6987
6989
6997
6999
7000
7002
7003
7006
7007
7008
7009
7011
7012
7013
7015
7016
7017
7018
7020
7021
7022
7023
7025
7026
7029
7030
7031
7034
7036
7040
7041
7043
7045
7047
7048
7051
7052
7053
7054
7055
7056
7057
7058
7059
7061
7062
7063
7064
7065
7066
7067
7068
7070
7071
7072
7073
7074
7075
7076
7077
7079
7080
7081
7086
7088
7089
7090
7092
7093
7094
7096
7097
7098
7101
7102
7103
7106
7107
7109
7117
7118
7119
7120
7121
7122
7124
7125
7126
7127
7128
7129
7133
7134
7135
7136
7137
7138
7139
7140
7142
7143
7144
7145
7146
7147
7149
7151
7152
7153
7154
7160
7167
7169
7173
7174
7175
7176
7177
7180
7181
7184
7185
7186
7190
7199
7200
7201
7202
7204
7205
7206
7207
7208
7209
7210
7211
7215
7216
7217
7218
7219
7220
7221
7222
7223
7224
7225
7226
7227
7228
7229
7232
7233
7234
7235
7238
7240
7241
7245
7246
7249
7250
7254
7255
7256
7257
7258
7259
7262
7263
7264
7266
7267
7268
7271
7272
7273
7274
7276
7278
7280
7281
7282
7283
7285
7286
7287
7288
7289
7290
7291
7292
7294
7295
7296
7297
7298
7299
7300
7301
7302
7303
7304
7305
7306
7307
7308
7309
7310
7311
7312
7314
7315
7321
7326
7327
7329
7330
7331
7335
7336
7337
7339
7340
7341
7342
7344
7345
7346
7347
7349
7350
7352
7353
7354
7355
7358
7361
7362
7363
7364
7366
7367
7368
7369
7370
7371
7372
7373
7375
7376
7377
7378
7379
7380
7381
7382
7383
7384
7385
7386
7387
7388
7389
7390
7391
7392
7393
7394
7395
7396
7398
7399
7400
7401
7402
7404
7405
7407
7408
7409
7410
7411
7412
7413
7414
7416
7417
7419
7420
7421
7422
7423
7425
7426
7430
7433
7434
7435
7436
7437
7438
7439
7440
7441
7442
7443
7444
7445
7446
7447
7448
7449
7450
7451
7452
7453
7454
7457
7459
7460
7461
7462
7463
7464
7465
7469
7470
7471
7472
7473
7474
7479
7480
7481
7482
7483
7486
7488
7489
7490
7491
7492
7493
7494
7495
7497
7498
7499
7500
7501
7503
7504
7506
7507
7508
7509
7515
7516
7518
7519
7521
7522
7527
7528
7530
7531
7533
7534
7535
7538
7540
7541
7542
7543
7544
7545
7546
7548
7549
7550
7551
7552
7553
7554
7555
7556
7557
7558
7560
7561
7562
7563
7564
7567
7569
7570
7571
7572
7573
7580
7581
7582
7583
7585
7586
7587
7588
7589
7590
7591
7592
7595
7596
7597
7598
7601
7614
7615
7616
7622
7623
7624
7625
7626
7627
7629
7630
7631
7632
7633
7634
7635
7636
7637
7638
7639
7640
7641
7642
7643
7644
7645
7646
7647
7648
7650
7651
7652
7653
7654
7655
7656
7657
7659
7660
7662
7663
7664
7665
7666
7668
7669
7673
7676
7677
7678
7680
7681
7683
7684
7689
7690
7692
7693
7695
7696
7701
7702
7703
7704
7705
7709
7710
7711
7712
7718
7719
7720
7721
7722
7723
7727
7728
7729
7731
7732
7734
7735
7736
7737
7738
7740
7741
7743
7744
7746
7747
7749
7750
7758
7759
7761
7762
7764
7765
7770
7771
7773
7774
7776
7777
7782
7783
7784
7785
7786
7788
7789
7790
7791
7792
7793
7797
7798
7799
7800
7801
7802
7808
7809
7810
7815
7817
7818
7819
7821
7822
7838
7846
7847
7848
7849
7850
7851
7853
7854
7855
7856
7857
7858
7862
7863
7864
7865
7866
7867
7868
7869
7870
7871
7872
7873
7875
7876
7878
7879
7880
7881
7882
7884
7885
7893
7894
7896
7897
7898
7899
7900
7902
7903
7904
7905
7906
7908
7909
7910
7911
7912
7913
7914
7915
7916
7919
7920
7921
7922
7923
7924
7925
7926
7927
7928
7929
7930
7931
7932
7933
7935
7936
7937
7938
7939
7940
7946
7947
7948
7949
7950
7951
7954
7955
7956
7957
7958
7959
7961
7965
7966
7967
7968
7972
7974
7975
7977
7978
7979
7980
7981
7983
7984
7986
7987
7989
7990
7991
7992
7993
7995
7996
7997
8000
8001
8002
8003
8004
8005
8006
8007
8008
8009
8010
8011
8012
8013
8014
8015
8016
8017
8018
8019
8020
8021
8024
8026
8027
8028
8029
8030
8031
8032
8036
8037
8038
8039
8058
8060
8064
8065
8066
8071
8075
8076
8078
8081
8082
8083
8084
8087
8090
8091
8092
8093
8099
8100
8101
8102
8105
8107
8108
8109
8110
8111
8112
8113
8116
8117
8118
8119
8120
8121
8122
8123
8127
8128
8129
8130
8131
8136
8137
8138
8139
8140
8162
8171
8172
8173
8174
8180
8181
8182
8183
8189
8190
8191
8192
8193
8194
8198
8199
8200
8201
8202
8203
8208
8209
8210
8211
8212
8217
8218
8219
8220
8221
8228
8233
8237
8238
8262
8263
8264
8267
8269
8270
8271
8272
8273
8274
8275
8277
8278
8279
8280
8281
8282
8283
8284
8285
8286
8287
8289
8290
8291
8292
8293
8296
8298
8299
8300
8301
8302
8309
8310
8311
8314
8315
8318
8319
8320
8321
8325
8326
8327
8330
8332
8336
8337
8339
8341
8343
8344
8345
8351
8352
8353
8354
8355
8356
8358
8359
8360
8361
8362
8363
8364
8365
8367
8368
8370
8371
8372
8373
8374
8377
8379
8380
8381
8382
8383
8384
8385
8386
8388
8389
8390
8391
8392
8394
8395
8397
8398
8399
8400
8406
8407
8409
8410
8412
8413
8417
8418
8419
8420
8421
8422
8424
8425
8429
8431
8433
8434
8435
8451
8452
8460
8461
8463
8464
8466
8467
8472
8473
8475
8476
8478
8479
8487
8488
8490
8491
8493
8494
8499
8500
8502
8503
8505
8506
8514
8515
8517
8518
8520
8521
8526
8527
8529
8530
8586
8587
8595
8596
8598
8599
8601
8602
8607
8608
8610
8611
8613
8614
8622
8623
8625
8626
8628
8629
8634
8635
8637
8638
8640
8641
8649
8650
8652
8653
8655
8656
8661
8662
8664
8665
8694
8695
8703
8704
8706
8707
8709
8710
8715
8716
8718
8719
8721
8722
8730
8731
8733
8734
8736
8737
8742
8743
8745
8746
8748
8749
8750
8756
8757
8758
8759
8760
8761
8763
8764
8765
8766
8767
8768
8769
8770
8772
8773
8810
8819
8820
8821
8822
8828
8829
8830
8831
8837
8838
8839
8840
8841
8842
8844
8845
8846
8847
8848
8849
8850
8851
8853
8854
8856
8857
8858
8859
8860
8865
8866
8867
8868
8869
8871
8872
8877
8878
8880
8881
8883
8884
8891
8892
8893
8895
8896
8898
8899
8900
8901
8902
8903
8904
8905
8907
8908
8909
8910
8911
8912
8918
8919
8920
8921
8922
8923
8927
8928
8929
8930
8931
8932
8937
8938
8939
8940
8941
8946
8947
8948
8949
8950
8952
8953
8958
8959
8961
8962
8964
8965
8973
8974
8976
8977
8979
8980
8985
8986
8988
8989
8991
8992
8993
8999
9000
9001
9002
9003
9004
9008
9009
9010
9011
9012
9013
9018
9019
9020
9021
9022
9027
9028
9029
9030
9031
9039
9040
9044
9048
9049
9072
9073
9074
9080
9081
9082
9083
9084
9085
9089
9090
9091
9092
9093
9094
9099
9100
9101
9102
9103
9108
9109
9110
9111
9112
9120
9121
9125
9129
9130
9174
9175
9180
9181
9182
9183
9184
9186
9187
9189
9190
9191
9192
9193
9194
9195
9196
9198
9199
9201
9202
9206
9210
9211
9215
9224
9225
9226
9227
9233
9234
9235
9240
9241
9242
9243
9244
9248
9249
9250
9251
9255
9256
9257
9258
9259
9260
9261
9262
9263
9264
9265
9266
9267
9268
9270
9271
9272
9273
9274
9275
9276
9277
9279
9280
9282
9283
9287
9291
9292
9305
9306
9307
9312
9313
9314
9315
9316
9321
9322
9323
9324
9325
9329
9330
9331
9477
9478
9479
9485
9486
9487
9488
9489
9490
9492
9493
9494
9495
9496
9497
9498
9499
9501
9502
9539
9548
9549
9550
9551
9557
9558
9559
9560
9566
9567
9568
9569
9570
9571
9573
9574
9575
9576
9577
9578
9579
9580
9582
9583
9585
9586
9587
9588
9589
9594
9595
9596
9597
9598
9600
9601
9606
9607
9609
9610
9612
9613
9620
9621
9622
9624
9625
9627
9628
9629
9630
9631
9632
9633
9634
9636
9637
9638
9639
9640
9641
9647
9648
9649
9650
9651
9652
9656
9657
9658
9659
9660
9661
9666
9667
9668
9669
9670
9672
9673
9675
9676
9677
9678
9679
9680
9681
9682
9684
9685
9687
9688
9689
9690
9691
9693
9694
9698
9701
9702
9703
9705
9706
9708
9709
9710
9711
9712
9714
9715
9717
9718
9719
9720
9721
9722
9728
9729
9730
9731
9732
9733
9735
9736
9737
9738
9739
9740
9741
9742
9743
9744
9745
9746
9747
9748
9749
9750
9751
9752
9753
9754
9756
9757
9758
9759
9760
9761
9762
9763
9765
9766
9768
9769
9770
9773
9774
9775
9777
9778
9779
9782
9783
9784
9801
9802
9803
9809
9810
9811
9812
9813
9814
9816
9817
9818
9819
9820
9821
9822
9823
9824
9825
9826
9827
9828
9829
9830
9831
9832
9833
9834
9835
9837
9838
9839
9840
9841
9842
9843
9844
9846
9847
9849
9850
9851
9852
9853
9855
9856
9860
9863
9864
9865
9867
9868
9870
9871
9876
9877
9879
9880
9882
9883
9888
9889
9890
9891
9892
9896
9897
9898
9899
9905
9906
9907
9908
9909
9910
9914
9915
9916
9918
9919
9921
9922
9923
9924
9925
9927
9928
9930
9931
9933
9934
9936
9937
9945
9946
9948
9949
9951
9952
9957
9958
9960
9961
9963
9964
9969
9970
9971
9972
9973
9975
9976
9977
9978
9979
9980
9984
9985
9986
9987
9988
9989
9995
9996
9997
10004
10005
10006
10008
10009
10034
10035
10036
10041
10042
10043
10044
10045
10050
10051
10052
10053
10054
10056
10057
10058
10059
10060
10065
10066
10068
10069
10071
10072
10080
10081
10083
10084
10086
10087
10092
10093
10095
10096
10098
10099
10107
10108
10110
10111
10113
10114
10119
10120
10122
10123
10152
10153
10161
10162
10164
10165
10167
10168
10173
10174
10176
10177
10179
10180
10188
10189
10191
10192
10194
10195
10200
10201
10203
10204
10206
10207
10212
10213
10214
10215
10216
10220
10221
10222
10256
10260
10261
10265
10268
10269
10270
10277
10278
10279
10284
10285
10286
10287
10288
10293
10294
10295
10296
10297
10301
10302
10303
10320
10321
10328
10329
10330
10332
10333
10337
10341
10342
10346
10349
10350
10351
10358
10359
10360
10365
10366
10367
10401
10402
10409
10410
10411
10413
10414
10418
10422
10423
10427
10430
10431
10432
10439
10440
10441
10446
10447
10448
10449
10450
10458
10459
10461
10462
10464
10465
10466
10470
10471
10472
10473
10474
10475
10481
10482
10483
10490
10491
10492
10494
10495
10499
10503
10504
10508
10511
10512
10513
10530
10531
10539
10540
10542
10543
10545
10546
10547
10551
10552
10553
10554
10555
10556
10557
10558
10562
10563
10564
10566
10567
10569
10570
10571
10572
10573
10575
10576
10578
10579
10580
10581
10582
10584
10585
10589
10592
10593
10594
10596
10597
10599
10600
10605
10606
10608
10609
10611
10612
10617
10618
10619
10620
10621
10625
10626
10627
10628
10634
10635
10636
10637
10638
10639
10643
10647
10648
10650
10651
10653
10654
10659
10660
10662
10663
10665
10666
10674
10675
10677
10678
10680
10681
10686
10687
10689
10690
10692
10693
10701
10702
10704
10705
10707
10708
10713
10714
10716
10717
10773
10774
10782
10783
10785
10786
10788
10789
10794
10795
10797
10798
10800
10801
10809
10810
10812
10813
10815
10816
10821
10822
10824
10825
10827
10828
10836
10837
10839
10840
10842
10843
10848
10849
10851
10852
10881
10882
10890
10891
10893
10894
10896
10897
10902
10903
10905
10906
10908
10909
10917
10918
10920
10921
10923
10924
10929
10930
10932
10933
10935
10936
10941
10942
10943
10944
10945
10947
10948
10949
10950
10951
10956
10957
10959
10960
10985
10989
10990
10994
10997
10998
10999
11006
11007
11008
11013
11014
11015
11016
11017
11022
11023
11024
11025
11026
11028
11029
11030
11031
11032
11037
11038
11040
11041
11043
11044
11049
11050
11052
11053
11055
11056
11057
11058
11059
11061
11062
11064
11065
11066
11067
11068
11070
11071
11075
11078
11079
11080
11082
11083
11085
11086
11087
11088
11089
11091
11092
11094
11095
11096
11124
11125
11130
11131
11133
11134
11136
11137
11138
11139
11140
11142
11143
11145
11146
11147
11148
11149
11151
11152
11156
11159
11160
11161
11163
11164
11166
11167
11168
11169
11170
11172
11173
11175
11176
11177
11195
11201
11202
11203
11204
11210
11211
11212
11219
11220
11221
11223
11224
11228
11232
11233
11237
11240
11241
11242
11276
11282
11283
11284
11285
11291
11292
11293
11300
11301
11302
11304
11305
11309
11313
11314
11318
11321
11322
11323
11340
11341
11346
11347
11348
11349
11350
11354
11355
11356
11357
11363
11364
11365
11366
11372
11483
11492
11493
11494
11495
11501
11519
11525
11526
11527
11528
11534
11550
11551
11555
11559
11560
11564
11573
11574
11575
11576
11580
11581
11582
11583
11584
11585
11589
11590
11591
11592
11593
11594
11595
11596
11597
11598
11599
11600
11601
11602
11603
11606
11607
11608
11609
11615
11631
11632
11633
11636
11637
11638
11640
11641
11642
11645
11646
11647
11654
11655
11656
11657
11661
11662
11663
11664
11665
11670
11671
11672
11673
11674
11676
11677
11678
11679
11680
11685
11686
11688
11689
11714
11718
11719
11723
11726
11727
11728
11735
11736
11737
11742
11743
11744
11745
11746
11751
11752
11753
11754
11755
11757
11758
11759
11760
11761
11766
11767
11769
11770
11772
11773
11778
11779
11781
11782
11784
11785
11786
11787
11788
11790
11791
11793
11794
11795
11796
11797
11799
11800
11804
11807
11808
11809
11811
11812
11814
11815
11820
11821
11823
11824
11853
11854
11862
11863
11865
11866
11868
11869
11874
11875
11877
11878
11880
11881
11889
11890
11892
11893
11895
11896
11901
11902
11904
11905
11907
11908
11916
11917
11919
11920
11922
11923
11928
11929
11931
11932
11988
11989
11997
11998
12000
12001
12003
12004
12009
12010
12012
12013
12015
12016
12024
12025
12027
12028
12030
12031
12036
12037
12039
12040
12041
12042
12043
12045
12046
12051
12052
12054
12055
12057
12058
12063
12064
12066
12067
12090
12091
12096
12097
12098
12099
12100
12105
12106
12107
12108
12109
12111
12112
12117
12118
12120
12121
12122
12123
12124
12126
12127
12131
12132
12133
12135
12136
12138
12139
12140
12141
12142
12143
12144
12145
12147
12148
12149
12150
12151
12159
12160
12162
12163
12165
12166
12171
12172
12174
12175
12177
12178
12179
12180
12181
12186
12187
12188
12189
12190
12198
12199
12203
12207
12208
12212
12221
12222
12223
12224
12230
12231
12232
12240
12241
12243
12244
12246
12247
12252
12253
12255
12256
12258
12259
12267
12268
12270
12271
12273
12274
12279
12280
12282
12283
12284
12285
12286
12288
12289
12293
12294
12295
12297
12298
12300
12301
12302
12303
12304
12305
12306
12307
12309
12310
12311
12312
12313
12314
12320
12321
12322
12323
12324
12325
12329
12330
12331
12332
12339
12340
12348
12349
12351
12352
12354
12355
12360
12361
12363
12364
12365
12366
12367
12369
12370
12374
12375
12376
12378
12379
12381
12382
12383
12384
12385
12386
12387
12388
12390
12391
12392
12393
12394
12395
12401
12402
12403
12404
12405
12406
12410
12411
12412
12413
12455
12464
12465
12466
12467
12473
12474
12475
12476
12482
12483
12484
12485
12486
12487
12491
12492
12493
12494
12495
12496
12501
12502
12503
12504
12505
12510
12511
12512
12513
12514
12536
12545
12546
12547
12548
12554
12555
12556
12557
12563
12564
12565
12566
12567
12568
12572
12573
12574
12575
12636
12637
12645
12646
12648
12649
12651
12652
12657
12658
12660
12661
12717
12718
12726
12727
12729
12730
12732
12733
12738
12739
12741
12742
12744
12745
12753
12754
12756
12757
12759
12760
12765
12766
12768
12769
12770
12771
12772
12774
12775
12780
12781
12783
12784
12786
12787
12792
12793
12795
12796
12819
12820
12825
12826
12827
12828
12829
12834
12835
12836
12837
12838
12840
12841
12846
12847
12849
12850
12851
12852
12853
12855
12856
12860
12861
12862
12864
12865
12867
12868
12869
12870
12871
12872
12873
12874
12876
12877
12878
12879
12880
12888
12889
12891
12892
12894
12895
12900
12901
12903
12904
12906
12907
12908
12909
12910
12915
12916
12917
12918
12919
12927
12928
12932
12936
12937
12941
12950
12951
12952
12953
12959
12960
12961
12969
12970
12972
12973
12975
12976
12981
12982
12984
12985
12987
12988
12996
12997
12999
13000
13002
13003
13008
13009
13011
13012
13013
13014
13015
13017
13018
13022
13023
13024
13026
13027
13029
13030
13031
13032
13033
13034
13035
13036
13038
13039
13040
13041
13042
13043
13049
13050
13051
13052
13053
13054
13058
13059
13060
13061
13068
13069
13077
13078
13080
13081
13083
13084
13089
13090
13092
13093
13094
13095
13096
13098
13099
13103
13104
13105
13107
13108
13110
13111
13112
13113
13114
13115
13116
13117
13119
13120
13121
13122
13123
13124
13130
13131
13132
13133
13134
13135
13139
13140
13141
13142
13184
13193
13194
13195
13196
13202
13203
13204
13205
13211
13212
13213
13214
13215
13216
13220
13221
13222
13223
13224
13225
13230
13231
13232
13233
13234
13239
13240
13241
13242
13243
13265
13274
13275
13276
13277
13283
13284
13285
13286
13292
13293
13294
13295
13296
13297
13301
13302
13303
13304
13670
13679
13680
13681
13682
13688
13737
13738
13742
13746
13747
13751
13760
13761
13762
13763
13769
13770
13771
13772
13778
13779
13780
13781
13782
13783
13787
13788
13789
13790
13818
13819
13823
13827
13828
13832
13841
13842
13843
13844
13850
13851
13852
13853
13859
13860
13861
13862
13863
13864
13868
13869
13870
13871
13913
13922
13923
13924
13925
13931
13932
13933
13934
13940
13941
13942
13943
13944
13945
13949
13950
13951
13952
13953
13954
13959
13960
13961
13962
13963
13968
13969
13970
13971
13972
13994
14003
14004
14005
14006
14012
14013
14014
14015
14021
14022
14023
14024
14025
14026
14030
14031
14032
14033
14034
14035
14040
14041
14042
14043
14044
14049
14050
14051
14052
14053
14094
14095
14096
14102
14103
14104
14105
14106
14107
14111
14112
14113
14114
14115
14116
14121
14122
14123
14124
14125
14130
14131
14132
14133
14134
14142
14143
14147
14151
14152
14175
14176
14177
14183
14184
14185
14186
14187
14188
14192
14193
14194
14195
14196
14197
14202
14203
14204
14205
14206
14211
14212
14213
14214
14215
14399
14408
14409
14410
14411
14417
14466
14467
14471
14475
14476
14480
14489
14490
14491
14492
14498
14499
14500
14501
14507
14508
14509
14510
14511
14512
14516
14517
14518
14519
14547
14548
14552
14556
14557
14561
14570
14571
14572
14573
14579
14580
14581
14582
14588
14589
14590
14591
14592
14593
14597
14598
14599
14600
14642
14651
14652
14653
14654
14660
14661
14662
14663
14669
14670
14671
14672
14673
14674
14678
14679
14680
14681
14682
14683
14688
14689
14690
14691
14692
14697
14698
14699
14700
14701
14723
14732
14733
14734
14735
14741
14742
14743
14744
14750
14751
14752
14753
14754
14755
14759
14760
14761
14762
15309
15310
15318
15319
15321
15322
15324
15325
15330
15331
15333
15334
15390
15391
15399
15400
15402
15403
15405
15406
15411
15412
15414
15415
15417
15418
15426
15427
15429
15430
15432
15433
15438
15439
15441
15442
15444
15445
15453
15454
15456
15457
15459
15460
15465
15466
15468
15469
15498
15499
15507
15508
15510
15511
15513
15514
15519
15520
15522
15523
15525
15526
15534
15535
15537
15538
15540
15541
15546
15547
15549
15550
16038
16039
16047
16048
16050
16051
16053
16054
16059
16060
16062
16063
16119
16120
16128
16129
16131
16132
16134
16135
16140
16141
16143
16144
16146
16147
16155
16156
16158
16159
16161
16162
16167
16168
16170
16171
16173
16174
16182
16183
16185
16186
16188
16189
16194
16195
16197
16198
16227
16228
16236
16237
16239
16240
16242
16243
16248
16249
16251
16252
16254
16255
16263
16264
16266
16267
16269
16270
16275
16276
16278
16279
16281
16282
16290
16291
16293
16294
16296
16297
16302
16303
16305
16306
16362
16363
16371
16372
16374
16375
16377
16378
16383
16384
16386
16387
16389
16390
16398
16399
16401
16402
16404
16405
16410
16411
16413
16414
16416
16417
16425
16426
16428
16429
16431
16432
16437
16438
16440
16441
16470
16471
16479
16480
16482
16483
16485
16486
16491
16492
16494
16495
16497
16498
16506
16507
16509
16510
16512
16513
16518
16519
16521
16522
16524
16525
16533
16534
16536
16537
16539
16540
16545
16546
16548
16549
16605
16606
16614
16615
16617
16618
16620
16621
16626
16627
16629
16630
16632
16633
16641
16642
16644
16645
16647
16648
16653
16654
16656
16657
16659
16660
16668
16669
16671
16672
16674
16675
16680
16681
16683
16684
16713
16714
16722
16723
16725
16726
16728
16729
16734
16735
16737
16738
16740
16741
16749
16750
16752
16753
16755
16756
16761
16762
16764
16765
17010
17011
17019
17020
17022
17023
17025
17026
17031
17032
17034
17035
17091
17092
17100
17101
17103
17104
17106
17107
17112
17113
17115
17116
17118
17119
17127
17128
17130
17131
17133
17134
17139
17140
17142
17143
17145
17146
17154
17155
17157
17158
17160
17161
17166
17167
17169
17170
17199
17200
17208
17209
17211
17212
17214
17215
17220
17221
17223
17224
17226
17227
17235
17236
17238
17239
17241
17242
17247
17248
17250
17251
17253
17254
17262
17263
17265
17266
17268
17269
17274
17275
17277
17278
17334
17335
17343
17344
17346
17347
17349
17350
17355
17356
17358
17359
17361
17362
17370
17371
17373
17374
17376
17377
17382
17383
17385
17386
17388
17389
17397
17398
17400
17401
17403
17404
17409
17410
17412
17413
17442
17443
17451
17452
17454
17455
17457
17458
17463
17464
17466
17467
17469
17470
17478
17479
17481
17482
17484
17485
17490
17491
17493
17494
17496
17497
17505
17506
17508
17509
17511
17512
17517
17518
17520
17521
17577
17578
17586
17587
17589
17590
17592
17593
17598
17599
17601
17602
17604
17605
17613
17614
17616
17617
17619
17620
17625
17626
17628
17629
17631
17632
17640
17641
17643
17644
17646
17647
17652
17653
17655
17656
17685
17686
17694
17695
17697
17698
17700
17701
17706
17707
17709
17710
17712
17713
17721
17722
17724
17725
17727
17728
17733
17734
17736
17737
18225
18226
18234
18235
18237
18238
18240
18241
18246
18247
18249
18250
18306
18307
18315
18316
18318
18319
18321
18322
18327
18328
18330
18331
18333
18334
18342
18343
18345
18346
18348
18349
18354
18355
18357
18358
18360
18361
18369
18370
18372
18373
18375
18376
18381
18382
18384
18385
18414
18415
18423
18424
18426
18427
18429
18430
18435
18436
18438
18439
18441
18442
18450
18451
18453
18454
18456
18457
18462
18463
18465
18466
18468
18469
18477
18478
18480
18481
18483
18484
18489
18490
18492
18493
18549
18550
18558
18559
18561
18562
18564
18565
18570
18571
18573
18574
18576
18577
18585
18586
18588
18589
18591
18592
18597
18598
18600
18601
18603
18604
18612
18613
18615
18616
18618
18619
18624
18625
18627
18628
18657
18658
18666
18667
18669
18670
18672
18673
18678
18679
18681
18682
18684
18685
18693
18694
18696
18697
18699
18700
18705
18706
18708
18709
18711
18712
18720
18721
18723
18724
18726
18727
18732
18733
18735
18736
18792
18793
18801
18802
18804
18805
18807
18808
18813
18814
18816
18817
18819
18820
18828
18829
18831
18832
18834
18835
18840
18841
18843
18844
18846
18847
18855
18856
18858
18859
18861
18862
18867
18868
18870
18871
18900
18901
18909
18910
18912
18913
18915
18916
18921
18922
18924
18925
18927
18928
18936
18937
18939
18940
18942
18943
18948
18949
18951
18952
19197
19198
19206
19207
19209
19210
19212
19213
19218
19219
19221
19222
19278
19279
19287
19288
19290
19291
19293
19294
19299
19300
19302
19303
19305
19306
19314
19315
19317
19318
19320
19321
19326
19327
19329
19330
19332
19333
19341
19342
19344
19345
19347
19348
19353
19354
19356
19357
19386
19387
19395
19396
19398
19399
19401
19402
19407
19408
19410
19411
19413
19414
19422
19423
19425
19426
19428
19429
19434
19435
19437
19438
19440
19441
19449
19450
19452
19453
19455
19456
19461
19462
19464
19465
19521
19522
19530
19531
19533
19534
19536
19537
19542
19543
19545
19546
19548
19549
19557
19558
19560
19561
19563
19564
19569
19570
19572
19573
19575
19576
19584
19585
19587
19588
19590
19591
19596
19597
19599
19600
19629
19630
19638
19639
19641
19642
19644
19645
19650
19651
19653
19654
19656
19657
19665
19666
19668
19669
19671
19672
19677
19678
19680
19681
