2
4
5
7
8
9
10
11
13
14
16
17
18
19
20
22
23
25
26
28
29
31
32
34
35
36
37
38
40
41
43
44
45
46
47
49
50
52
53
55
56
58
59
61
62
63
64
65
67
68
70
71
72
73
74
76
77
79
80
81
82
83
85
86
88
89
90
91
92
94
95
97
98
99
100
101
103
104
106
107
109
110
112
113
115
116
117
118
119
121
122
124
125
126
127
128
130
131
133
134
136
137
139
140
142
143
144
145
146
148
149
151
152
153
154
155
157
158
160
161
162
163
164
166
167
169
170
171
172
173
175
176
178
179
180
181
182
184
185
187
188
190
191
193
194
196
197
198
199
200
202
203
205
206
207
208
209
211
212
214
215
217
218
220
221
223
224
225
226
227
229
230
232
233
234
236
238
239
241
244
247
250
252
253
254
256
259
261
262
265
266
268
269
271
274
275
277
278
279
280
281
283
284
286
288
290
292
295
296
298
299
301
302
304
305
306
307
308
310
311
313
317
319
320
322
323
324
325
326
328
329
331
332
333
334
335
337
338
340
341
342
343
344
346
347
349
350
352
353
355
356
358
359
360
361
362
364
365
367
368
369
370
371
373
374
376
377
379
380
382
383
385
386
387
388
389
391
392
394
395
396
397
398
400
401
403
404
405
406
407
409
410
412
413
414
415
416
418
419
421
423
424
425
427
428
430
431
433
434
437
439
440
441
442
443
445
446
448
449
450
451
452
454
455
457
458
460
461
463
464
466
467
468
469
470
472
473
475
476
477
479
481
482
487
488
490
493
495
496
497
499
500
504
505
506
508
509
511
512
514
517
518
520
522
523
526
527
529
530
531
532
533
535
536
538
539
541
544
547
549
550
551
553
554
556
558
559
560
562
563
565
566
567
568
571
572
574
575
576
577
580
581
583
584
585
586
587
589
590
592
593
595
596
598
599
601
602
603
604
605
607
608
610
611
612
613
614
616
617
619
620
622
623
625
626
628
629
630
631
634
635
637
638
639
640
643
644
646
647
648
649
650
652
653
655
656
657
658
659
661
662
664
665
666
668
670
671
673
676
677
679
680
682
683
684
685
686
688
689
691
692
693
694
695
697
698
700
703
704
706
707
709
710
711
712
715
716
718
719
720
721
722
724
725
727
728
729
730
731
733
734
736
737
738
739
740
742
743
745
746
747
748
749
751
752
754
755
757
758
760
761
763
764
765
766
767
769
770
772
773
774
775
776
778
779
781
782
784
785
787
790
791
792
793
796
799
800
801
802
803
805
806
808
809
810
811
812
814
815
817
818
819
820
821
823
824
826
827
828
829
830
832
833
835
838
839
841
842
844
846
847
848
850
851
853
854
855
856
859
862
863
865
866
868
869
871
872
873
874
875
877
880
881
882
883
884
886
887
889
890
891
892
893
895
896
898
899
900
901
902
904
907
909
910
911
913
914
916
917
919
920
922
923
925
926
927
928
929
931
932
934
936
937
938
940
941
943
944
946
947
949
950
952
953
954
955
958
959
962
963
965
967
970
971
973
974
976
979
980
981
982
983
985
986
988
990
991
992
994
995
997
998
1000
1001
1003
1004
1006
1008
1009
1012
1015
1017
1022
1024
1025
1027
1028
1030
1031
1033
1035
1036
1039
1040
1042
1044
1045
1046
1048
1051
1052
1053
1054
1057
1060
1061
1062
1063
1064
1066
1067
1069
1070
1071
1072
1073
1075
1076
1081
1084
1085
1087
1089
1090
1093
1094
1096
1097
1098
1099
1105
1106
1111
1112
1114
1115
1116
1117
1120
1123
1124
1125
1126
1129
1130
1132
1133
1134
1135
1138
1139
1143
1144
1148
1150
1152
1153
1160
1162
1165
1168
1169
1170
1174
1178
1179
1180
1181
1183
1184
1189
1190
1193
1196
1197
1198
1199
1201
1202
1204
1206
1207
1208
1210
1211
1213
1217
1219
1222
1224
1225
1226
1229
1231
1232
1233
1234
1235
1237
1238
1240
1241
1243
1246
1247
1249
1250
1251
1252
1255
1256
1259
1260
1261
1262
1265
1268
1270
1271
1273
1274
1276
1278
1279
1280
1285
1289
1291
1292
1294
1296
1297
1298
1300
1303
1304
1305
1306
1307
1309
1310
1312
1313
1314
1315
1316
1318
1322
1324
1330
1331
1332
1333
1336
1339
1340
1341
1342
1343
1345
1351
1354
1355
1357
1359
1360
1361
1363
1364
1366
1367
1368
1369
1370
1372
1373
1375
1376
1377
1378
1381
1384
1385
1386
1387
1390
1393
1394
1395
1399
1402
1403
1405
1408
1411
1413
1414
1417
1420
1421
1422
1423
1424
1429
1430
1435
1436
1438
1440
1441
1442
1444
1445
1447
1448
1449
1450
1453
1456
1457
1458
1459
1460
1462
1463
1466
1467
1468
1469
1474
1476
1477
1478
1480
1486
1489
1492
1493
1494
1495
1496
1498
1499
1501
1503
1504
1505
1507
1508
1511
1513
1516
1526
1528
1529
1530
1531
1535
1538
1539
1540
1541
1543
1544
1547
1548
1549
1550
1552
1553
1555
1557
1558
1559
1565
1567
1568
1573
1574
1575
1576
1584
1585
1586
1589
1592
1594
1595
1597
1598
1600
1602
1603
1604
1606
1607
1609
1610
1612
1613
1616
1618
1619
1620
1621
1622
1624
1625
1628
1629
1630
1631
1633
1636
1638
1639
1640
1642
1643
1645
1648
1651
1656
1657
1658
1660
1661
1663
1665
1667
1669
1670
1672
1675
1678
1679
1681
1683
1684
1687
1688
1690
1692
1710
1711
1714
1715
1717
1719
1720
1721
1723
1724
1726
1729
1732
1735
1736
1737
1738
1739
1741
1751
1753
1754
1756
1759
1760
1764
1765
1768
1769
1771
1773
1777
1780
1782
1783
1784
1786
1789
1791
1792
1793
1795
1798
1800
1801
1802
1804
1810
1813
1818
1819
1820
1822
1823
1825
1827
1828
1832
1840
1843
1844
1845
1846
1847
1852
1853
1854
1858
1859
1861
1862
1863
1864
1867
1868
1870
1872
1873
1881
1882
1883
1886
1889
1891
1892
1906
1908
1910
1921
1925
1933
1935
1940
1946
1948
1953
1955
1960
1964
1966
1967
1969
1970
1975
1980
1981
1982
1984
1987
1999
2002
2005
2007
2014
2018
2020
2021
2025
2026
2029
2030
2041
2044
2045
2047
2048
2050
2053
2059
2062
2063
2068
2069
2070
2071
2072
2074
2080
2081
2084
2086
2101
2104
2110
2119
2122
2124
2125
2126
2128
2134
2142
2153
2167
2207
2209
2215
2221
2223
2248
2250
2260
2261
2263
2268
2269
2270
2275
2277
2278
2287
2288
2290
2293
2296
2299
2314
2321
2323
2326
2329
2371
2380
2385
2386
2387
2389
2392
2393
2402
2407
2412
2423
2437
2439
2452
2455
2458
2461
2464
2465
2466
2467
2468
2470
2473
2477
2479
2493
2511
2512
2513
2515
2518
2520
2521
2522
2527
2529
2530
2531
2533
2542
2547
2548
2549
2551
2626
2628
2632
2664
2682
2689
2690
2698
2699
2701
2702
2704
2707
2709
2711
2713
2723
2731
2734
2735
2736
2737
2744
2745
2747
2750
2753
2754
2755
2758
2761
2762
2763
2764
2768
2770
2780
2782
2783
2871
2875
2876
2878
2880
2882
2893
2907
2909
2911
2912
2915
2916
2917
2918
2920
2921
2923
2924
2925
2926
2927
2929
2932
2933
2934
2935
2936
2938
2939
2941
2947
2950
2952
2953
2954
2956
2957
2959
2960
2961
2974
2977
2979
2980
2983
2986
2987
2988
2989
2992
2995
2996
2997
2998
2999
3001
3002
3004
3005
3006
3007
3008
3010
3011
3013
3014
3015
3016
3017
3023
3025
3033
3034
3037
3040
3041
3042
3044
3047
3050
3052
3055
3058
3060
3061
3062
3064
3067
3068
3069
3070
3073
3074
3076
3077
3078
3079
3080
3082
3083
3087
3088
3089
3092
3094
3096
3097
3098
3100
3107
3109
3114
3115
3116
3118
3121
3123
3125
3128
3131
3133
3136
3139
3141
3142
3150
3152
3164
3168
3169
3173
3175
3181
3190
3193
3195
3196
3197
3199
3208
3212
3214
3217
3220
3222
3223
3229
3235
3236
3240
3241
3242
3244
3245
3247
3248
3249
3250
3251
3253
3256
3257
3258
3259
3260
3262
3263
3265
3266
3268
3271
3274
3276
3277
3278
3280
3281
3283
3284
3285
3286
3290
3293
3295
3296
3299
3301
3303
3304
3307
3310
3311
3312
3313
3316
3317
3319
3320
3321
3322
3323
3325
3326
3329
3330
3331
3349
3353
3356
3362
3364
3366
3367
3371
3377
3380
3383
3392
3393
3395
3407
3411
3413
3420
3421
3422
3425
3428
3430
3431
3440
3443
3447
3448
3452
3458
3461
3463
3464
3465
3472
3473
3474
3476
3479
3482
3483
3484
3487
3488
3490
3491
3492
3493
3496
3497
3499
3500
3506
3508
3509
3511
3512
3519
3520
3521
3523
3526
3527
3536
3538
3539
3544
3546
3547
3550
3553
3554
3555
3556
3557
3559
3562
3563
3564
3565
3568
3571
3572
3573
3574
3577
3580
3581
3582
3583
3584
3586
3589
3592
3595
3598
3600
3601
3604
3605
3607
3608
3609
3619
3620
3622
3627
3628
3631
3634
3635
3636
3637
3638
3640
3641
3643
3644
3645
3646
3647
3649
3650
3653
3654
3655
3656
3663
3664
3665
3668
3670
3681
3683
3685
3686
3688
3690
3691
3695
3700
3715
3716
3717
3718
3725
3726
3727
3728
3730
3731
3734
3735
3736
3742
3751
3757
3760
3762
3763
3764
3766
3767
3769
3771
3772
3776
3779
3781
3787
3796
3797
3802
3805
3807
3808
3812
3816
3817
3821
3825
3826
3832
3836
3841
3843
3844
3847
3848
3852
3853
3854
3857
3859
3860
3862
3865
3866
3870
3871
3874
3875
3877
3879
3881
3893
3897
3898
3901
3902
3906
3907
3908
3910
3911
3913
3916
3920
3923
3926
3929
3931
3933
3934
3935
3937
3938
3940
3941
3943
3946
3947
3951
3952
3955
3956
3959
3960
3961
3968
3969
3970
3976
3978
3982
3987
3988
3989
3991
3998
4001
4004
4007
4010
4012
4014
4015
4019
4025
4028
4030
4031
4032
4040
4043
4045
4046
4050
4051
4052
4054
4055
4058
4059
4060
4063
4068
4069
4070
4073
4078
4082
4084
4085
4086
4087
4088
4091
4093
4095
4096
4097
4099
4100
4105
4106
4108
4124
4138
4140
4141
4144
4147
4149
4154
4156
4160
4167
4168
4169
4171
4172
4176
4177
4181
4183
4186
4189
4193
4202
4203
4205
4208
4211
4212
4213
4221
4222
4226
4238
4240
4241
4248
4249
4252
4253
4257
4258
4264
4267
4268
4273
4288
4289
4306
4311
4312
4313
4315
4321
4324
4420
4424
4429
4435
4437
4444
4455
4456
4459
4460
4464
4465
4471
4474
4475
4477
4480
4483
4486
4489
4491
4492
4493
4495
4496
4498
4500
4501
4505
4510
4516
4525
4531
4534
4536
4537
4543
4545
4549
4554
4561
4570
4572
4573
4576
4577
4581
4582
4588
4591
4592
4594
4595
4597
4599
4600
4603
4604
4608
4610
4624
4626
4630
4631
4633
4639
4640
4642
4645
4648
4651
4653
4654
4657
4666
4669
4670
4672
4675
4676
4678
4680
4681
4684
4685
4698
4699
4702
4705
4706
4723
4724
4726
4729
4732
4734
4738
4772
4774
4792
4797
4813
4815
4816
4817
4822
4885
4886
4888
4891
4894
4896
4900
4918
4921
4923
4924
4936
4941
4942
4945
4948
4949
4950
4957
4960
4961
4963
4979
4984
4988
4990
4996
4997
5002
5017
5018
5021
5022
5023
5035
5040
5041
5042
5044
5047
5050
5051
5053
5056
5058
5059
5060
5067
5069
5077
5078
5094
5096
5098
5099
5102
5103
5104
5107
5110
5111
5112
5113
5116
5119
5120
5128
5131
5134
5137
5139
5140
5143
5146
5147
5150
5152
5158
5159
5161
5164
5166
5167
5170
5173
5174
5175
5176
5179
5182
5183
5184
5185
5188
5189
5191
5192
5193
5194
5197
5198
5200
5201
5209
5210
5212
5215
5220
5221
5224
5227
5228
5229
5231
5233
5237
5239
5242
5245
5247
5248
5251
5254
5255
5256
5257
5260
5263
5264
5272
5274
5278
5282
5283
5299
5301
5302
5314
5318
5320
5321
5323
5326
5328
5329
5335
5337
5339
5351
5355
5356
5360
5362
5364
5365
5366
5369
5371
5374
5377
5380
5382
5384
5386
5396
5399
5401
5416
5427
5428
5431
5434
5435
5436
5437
5440
5443
5444
5445
5446
5447
5449
5463
5464
5465
5467
5470
5471
5488
5490
5491
5494
5497
5498
5499
5500
5501
5503
5506
5507
5517
5518
5521
5526
5536
5542
5544
5545
5546
5548
5549
5551
5553
5554
5558
5580
5598
5605
5606
5650
5652
5659
5670
5671
5674
5675
5677
5678
5679
5680
5683
5686
5687
5693
5695
5698
5701
5706
5707
5710
5713
5714
5716
5720
5731
5733
5734
5737
5740
5741
5742
5743
5746
5749
5750
5751
5752
5753
5755
5756
5758
5759
5760
5761
5764
5767
5768
5783
5786
5787
5788
5791
5794
5795
5813
5814
5815
5818
5821
5822
5823
5824
5827
5830
5831
5832
5833
5834
5836
5837
5839
5840
5841
5842
5843
5845
5848
5849
5850
5851
5852
5866
5868
5869
5872
5873
5875
5876
5877
5878
5882
5890
5893
5895
5896
5899
5902
5903
5904
5905
5908
5911
5912
5913
5914
5915
5917
5918
5920
5921
5922
5923
5926
5929
5930
5938
5939
5941
5944
5949
5950
5953
5956
5957
5962
5966
5968
5971
5974
5976
5977
5980
5983
5984
5985
5986
5989
5992
5993
6011
6043
6047
6049
6107
6110
6116
6120
6121
6125
6146
6147
6148
6155
6156
6157
6160
6163
6164
6165
6166
6169
6172
6173
6185
6188
6191
6192
6193
6196
6199
6200
6205
6209
6211
6219
6220
6223
6226
6227
6228
6229
6232
6235
6236
6254
6262
6263
6265
6268
6380
6389
6390
6391
6398
6399
6400
6403
6406
6407
6408
6409
6412
6415
6416
6424
6425
6427
6428
6430
6435
6436
6439
6442
6443
6448
6452
6454
6455
6458
6461
6462
6463
6466
6469
6470
6471
6472
6475
6478
6479
6480
6481
6482
6484
6485
6487
6488
6489
6490
6493
6496
6497
6512
6515
6516
6517
6520
6523
6524
6542
6543
6544
6547
6550
6551
6552
6553
6556
6559
6560
6561
6562
6563
6565
6566
6568
6569
6570
6571
6572
6574
6575
6577
6578
6579
6580
6581
6583
6584
6586
6589
6592
6595
6597
6598
6599
6601
6602
6604
6605
6606
6607
6608
6610
6611
6613
6616
6617
6619
6622
6624
6625
6628
6631
6632
6633
6634
6637
6640
6641
6642
6643
6644
6646
6647
6649
6650
6651
6652
6653
6655
6656
6658
6659
6660
6661
6662
6664
6665
6667
6668
6670
6671
6673
6676
6678
6679
6682
6683
6685
6686
6687
6688
6691
6695
6697
6698
6700
6701
6703
6705
6706
6707
6709
6712
6713
6714
6715
6718
6721
6722
6723
6724
6725
6727
6728
6731
6732
6733
6734
6739
6741
6742
6743
6745
6748
6754
6757
6759
6760
6761
6763
6764
6766
6768
6769
6781
6786
6797
6811
6813
6826
6829
6832
6835
6838
6840
6841
6842
6844
6853
6857
6859
6862
6865
6867
6868
6885
6886
6887
6889
6892
6893
6894
6895
6896
6898
6901
6902
6903
6904
6905
6907
6910
6911
6913
6916
6919
6921
6922
6923
6925
6926
6928
6929
6930
6931
6935
6941
6944
6948
6949
6952
6955
6956
6957
6958
6959
6961
6964
6965
6966
6967
6968
6971
6974
6975
6976
6979
6980
6984
6988
6989
6991
6998
7000
7001
7002
7003
7004
7007
7009
7011
7012
7013
7015
7016
7021
7022
7024
7025
7029
7030
7033
7034
7040
7054
7056
7060
7061
7065
7069
7070
7072
7073
7075
7078
7081
7083
7087
7105
7108
7110
7111
7128
7129
7132
7135
7136
7137
7138
7141
7144
7145
7153
7154
7156
7159
7164
7165
7168
7171
7172
7177
7181
7183
7191
7192
7195
7198
7199
7200
7201
7204
7207
7208
7209
7210
7211
7213
7214
7216
7217
7218
7219
7222
7225
7226
7241
7244
7245
7246
7249
7252
7253
7271
7272
7273
7276
7279
7280
7281
7282
7285
7288
7289
7290
7291
7292
7294
7295
7297
7298
7299
7300
7301
7303
7304
7306
7307
7308
7309
7310
7312
7313
7321
7326
7327
7328
7330
7331
7333
7334
7335
7336
7340
7342
7353
7354
7357
7360
7361
7362
7363
7366
7369
7370
7371
7372
7373
7375
7376
7378
7379
7380
7381
7382
7384
7385
7387
7388
7389
7390
7391
7393
7394
7396
7400
7405
7407
7408
7411
7412
7414
7415
7416
7417
7427
7430
7432
7434
7435
7436
7438
7441
7442
7443
7444
7447
7450
7451
7452
7453
7454
7456
7457
7460
7461
7462
7463
7468
7470
7471
7472
7477
7481
7484
7486
7487
7488
7489
7492
7493
7497
7498
7504
7510
7511
7514
7515
7516
7519
7520
7544
7546
7547
7551
7552
7553
7555
7556
7562
7585
7591
7592
7596
7597
7600
7601
7603
7612
7614
7615
7618
7621
7622
7623
7624
7627
7630
7631
7650
7651
7654
7655
7657
7658
7659
7660
7677
7678
7681
7684
7685
7686
7687
7690
7693
7694
7695
7696
7704
7705
7751
7754
7757
7787
7794
7795
7796
7817
7821
7822
7826
7832
7835
7837
7839
7840
7841
7846
7855
7857
7858
7859
7861
7864
7865
7866
7867
7868
7870
7873
7874
7875
7876
7877
7893
7894
7897
7900
7901
7915
7916
7918
7920
7921
7922
7924
7925
7927
7928
7929
7930
7933
7936
7937
7938
7939
7942
7945
7946
7947
7948
7951
7954
7955
7963
7972
7974
7975
7978
7981
7982
7996
7997
7999
8001
8002
8003
8005
8006
8008
8009
8010
8011
8014
8017
8018
8019
8020
8021
8023
8024
8027
8028
8029
8030
8035
8037
8038
8039
8041
8050
8055
8056
8057
8059
8060
8064
8065
8069
8090
8091
8092
8099
8100
8101
8102
8104
8105
8108
8109
8110
8111
8116
8118
8119
8120
8129
8156
8159
8161
8163
8164
8165
8170
8179
8181
8182
8183
8185
8186
8189
8190
8191
8192
8197
8199
8200
8201
8210
8213
8216
8233
8239
8240
8243
8244
8245
8248
8249
8273
8275
8276
8280
8281
8282
8284
8285
8291
8294
8297
8303
8307
8308
8312
8314
8320
8321
8325
8326
8329
8330
8332
8333
8334
8335
8341
8342
8343
8344
8352
8353
8372
8375
8378
8379
8380
8383
8384
8388
8389
8413
8422
8424
8425
8433
8434
8437
8438
8446
8447
8449
8458
8482
8483
8487
8488
8491
8492
8518
8519
8527
8528
8530
8531
8533
8536
8539
8541
8542
8545
8546
8550
8551
8557
8563
8566
8567
8568
8569
8576
8577
8578
8585
8586
8587
8590
8593
8594
8595
8596
8602
8603
8611
8612
8614
8615
8617
8622
8623
8626
8627
8631
8632
8635
8638
8639
8641
8642
8645
8648
8659
8666
8667
8668
8671
8674
8675
8821
8828
8829
8830
8833
8836
8837
8840
8847
8848
8849
8854
8855
8857
8858
8860
8863
8865
8866
8869
8870
8874
8875
8878
8882
8884
8885
8887
8888
8890
8892
8893
8899
8908
8910
8911
8912
8915
8918
8919
8920
8921
8928
8929
8930
8935
8939
8942
8944
8945
8946
8947
8950
8951
8955
8956
8972
9002
9009
9010
9011
9020
9040
9044
9046
9049
9052
9054
9055
9072
9073
9076
9079
9080
9097
9098
9100
9103
9106
9108
9112
9121
9125
9127
9145
9152
9166
9167
9170
9175
9176
9178
9179
9181
9184
9187
9211
9212
9216
9217
9220
9221
9247
9248
9256
9257
9259
9268
9270
9271
9274
9275
9279
9280
9286
9315
9316
9324
9325
9351
9352
9355
9356
9360
9361
9367
9373
9374
9378
9379
9382
9383
9385
9394
9421
9430
9454
9455
9459
9460
9463
9464
9466
9475
9477
9478
9481
9484
9485
9486
9487
9490
9491
9493
9494
9499
9500
9513
9514
9517
9520
9521
9529
9540
9541
9544
9547
9548
9549
9550
9553
9556
9557
9558
9559
9562
9565
9566
9567
9568
9571
9572
9574
9575
9580
9581
9594
9595
9598
9601
9602
9621
9622
9625
9628
9629
9630
9631
9634
9637
9638
9790
9799
9801
9802
9805
9808
9809
9810
9811
9814
9817
9818
9837
9838
9841
9842
9844
9845
9846
9847
9864
9865
9868
9871
9872
9873
9874
9877
9880
9881
9882
9883
9891
9892
10044
10045
10048
10051
10052
10053
10054
10057
10060
10061
10080
10081
10084
10087
10088
10102
10103
10107
10108
10111
10112
10114
10115
10116
10117
10120
10123
10124
10125
10126
10129
10132
10133
10134
10135
10138
10141
10142
10150
10159
10161
10162
10165
10168
10169
10183
10184
10188
10189
10192
10193
10195
10196
10197
10198
10201
10204
10205
10206
10207
10215
10216
10219
10220
10228
10229
10258
10287
10288
10296
10297
10300
10301
10309
10310
10667
10670
10673
10703
10710
10711
10712
10733
10737
10738
10742
10748
10751
10754
10763
10764
10765
10772
10802
10829
10832
10835
11027
11034
11035
11036
11045
11072
11075
11097
11098
11099
11102
11105
11106
11107
11108
11115
11116
11117
11300
11304
11305
11309
11315
11318
11340
11341
11342
11345
11348
11349
11350
11372
11375
11381
11385
11386
11390
11396
11399
11402
11432
11439
11440
11441
11462
11466
11467
11471
11477
11480
11482
11484
11485
11486
11491
11500
11502
11503
11504
11506
11511
11512
11513
11518
11520
11521
11522
11563
11565
11566
11567
11572
11581
11626
11641
11644
11646
11647
11648
11653
11662
11664
11665
11666
11668
11671
11672
11673
11674
11675
11677
11680
11681
11682
11683
11684
11686
11695
11700
11701
11702
11704
11707
11708
11727
11728
11731
11734
11735
11736
11737
11740
11743
11744
11745
11746
11747
11749
11752
11753
11754
11755
11756
11758
11761
11762
11763
11764
11765
11781
11782
11785
11788
11789
11806
11808
11809
11810
11812
11815
11816
11817
11818
11821
11824
11825
11826
11827
11828
11830
11835
11836
11837
11842
11844
11845
11846
11988
11989
11992
11995
11996
11997
11998
12001
12004
12005
12024
12025
12028
12031
12032
12051
12052
12055
12058
12059
12060
12061
12064
12067
12068
12186
12187
12190
12191
12195
12196
12202
12211
12213
12214
12215
12220
12229
12231
12232
12233
12235
12238
12239
12240
12241
12242
12244
12247
12248
12249
12250
12251
12267
12268
12271
12272
12274
12275
12276
12277
12283
12289
12290
12292
12294
12295
12296
12298
12299
12301
12302
12303
12304
12307
12310
12311
12312
12313
12316
12319
12320
12321
12322
12325
12328
12329
12337
12346
12348
12349
12352
12355
12356
12370
12371
12373
12375
12376
12377
12379
12380
12382
12383
12384
12385
12388
12391
12392
12393
12394
12397
12400
12401
12402
12403
12406
12409
12410
12429
12430
12433
12436
12437
12456
12457
12460
12463
12464
12465
12466
12469
12472
12473
12474
12475
12478
12481
12482
12483
12484
12487
12490
12491
12510
12511
12514
12517
12518
12537
12538
12541
12544
12545
12546
12547
12550
12553
12554
12607
12613
12614
12618
12619
12622
12623
12649
12650
12658
12659
12688
12694
12695
12699
12700
12703
12704
12717
12718
12721
12724
12725
12726
12727
12730
12733
12734
12753
12754
12757
12760
12761
12775
12778
12780
12781
12782
12784
12787
12788
12789
12790
12793
12796
12797
12841
12856
12901
12910
12915
12916
12917
12919
12920
12922
12924
12925
12931
12937
12940
12942
12943
12944
12949
12958
12960
12961
12962
12964
12967
12968
12969
12970
12971
12973
12976
12977
12978
12979
12980
12996
12997
13000
13001
13003
13004
13005
13006
13012
13018
13019
13021
13023
13024
13025
13027
13028
13030
13031
13032
13033
13036
13039
13040
13041
13042
13045
13048
13049
13050
13051
13054
13057
13058
13066
13075
13077
13078
13081
13084
13085
13099
13100
13102
13104
13105
13106
13108
13109
13111
13112
13113
13114
13117
13120
13121
13122
13123
13124
13126
13131
13132
13133
13138
13140
13141
13142
13144
13153
13158
13159
13160
13162
13203
13204
13205
13207
13212
13213
13214
13219
13221
13222
13223
13264
13266
13267
13268
13273
13282
13284
13285
13286
13288
13293
13294
13295
13300
13302
13303
13304
13306
13315
13320
13321
13322
13324
13327
13342
13387
13396
13401
13402
13403
13405
13446
13447
13448
13450
13455
13456
13457
13462
13464
13465
13466
13468
13477
13482
13483
13484
13486
13851
13852
13853
13855
13860
13861
13862
13867
13869
13870
13871
13873
13882
13887
13888
13889
13891
13932
13933
13934
13936
13941
13942
13943
13948
13950
13951
13952
13993
13995
13996
13997
14002
14011
14013
14014
14015
14017
14022
14023
14024
14029
14031
14032
14033
14398
14400
14401
14402
14407
14416
14418
14419
14420
14422
14427
14428
14429
14434
14436
14437
14438
14479
14481
14482
14483
14488
14497
14542
14557
14560
14562
14563
14564
14569
14578
14580
14581
14582
14584
14589
14590
14591
14596
14598
14599
14600
14602
14611
14616
14617
14618
14620
14661
14662
14663
14665
14670
14671
14672
14677
14679
14680
14681
14722
14724
14725
14726
14731
14740
14742
14743
14744
14746
14751
14752
14753
14758
14760
14761
14762
14764
14773
14778
14779
14780
14782
14785
14800
14845
14854
14859
14860
14861
14863
14904
14905
14906
14908
14913
14914
14915
14920
14922
14923
14924
14926
14935
14940
14941
14942
14944
14947
14962
14965
14967
14968
14969
14974
14983
15028
15043
15088
15097
15102
15103
15104
15106
15109
15124
15493
15502
15507
15508
15509
15511
15514
15529
15574
15583
15588
15589
15590
15592
15633
15634
15635
15637
15642
15643
15644
15649
15651
15652
15653
15655
15664
15669
15670
15671
15673
16038
16039
16040
16042
16047
16048
16049
16054
16056
16057
16058
16060
16069
16074
16075
16076
16078
16119
16120
16121
16123
16128
16129
16130
16135
16137
16138
16139
16180
16182
16183
16184
16189
16198
16200
16201
16202
16204
16209
16210
16211
16216
16218
16219
16220
16222
16231
16236
16237
16238
16240
16243
16258
16303
16312
16317
16318
16319
16321
16362
16363
16364
16366
16371
16372
16373
16378
16380
16381
16382
16384
16393
16398
16399
16400
16402
16405
16420
16423
16425
16426
16427
16432
16441
16486
16501
16546
16555
16560
16561
16562
16564
16567
16582
16585
16587
16588
16589
16594
16603
16605
16606
16607
16609
16614
16615
16616
16621
16623
16624
16625
16666
16668
16669
16670
16675
16684
16729
16744
16747
16749
16750
16751
16756
16765
17134
17149
17152
17154
17155
17156
17161
17170
17215
17230
17275
17284
17289
17290
17291
17293
17296
17311
17680
17689
17694
17695
17696
17698
17701
17716
17761
17770
17775
17776
17777
17779
17820
17821
17822
17824
17829
17830
17831
17836
17838
17839
17840
17842
17851
17856
17857
17858
17860
17863
17878
17881
17883
17884
17885
17890
17899
17944
17959
18004
18013
18018
18019
18020
18022
18025
18040
21325
21334
21339
21340
21341
21343
21346
21361
21406
21415
21420
21421
21422
21424
21465
21466
21467
21469
21474
21475
21476
21481
21483
21484
21485
21487
21496
21501
21502
21503
21505
21508
21523
21526
21528
21529
21530
21535
21544
21589
21604
21649
21658
21663
21664
21665
21667
21670
21685
22054
22063
22068
22069
22070
22072
22075
22090
22135
22144
22149
22150
22151
22153
22194
22195
22196
22198
22203
22204
22205
22210
22212
22213
22214
22216
22225
22230
22231
22232
22234
22599
22600
22601
22603
22608
22609
22610
22615
22617
22618
22619
22621
22630
22635
22636
22637
22639
22680
22681
22682
22684
22689
22690
22691
22696
22698
22699
22700
22741
22743
22744
22745
22750
22759
22761
22762
22763
22765
22770
22771
22772
22777
22779
22780
22781
22783
22792
22797
22798
22799
22801
22804
22819
22864
22873
22878
22879
22880
22882
22923
22924
22925
22927
22932
22933
22934
22939
22941
22942
22943
22945
22954
22959
22960
22961
22963
26244
26245
26248
26251
26252
26253
26254
26257
26260
26261
26280
26281
26284
26287
26288
26307
26308
26311
26314
26315
26316
26317
26320
26323
26324
26325
26326
26329
26332
26333
26334
26335
26338
26341
26342
26361
26362
26365
26368
26369
26388
26389
26392
26395
26396
26397
26398
26401
26404
26405
26568
26569
26572
26575
26576
26577
26578
26581
26584
26585
26604
26605
26608
26611
26612
26631
26632
26635
26638
26639
26640
26641
26644
26647
26648
26811
26812
26815
26818
26819
26820
26821
26824
26827
26828
26847
26848
26851
26854
26855
26874
26875
26878
26881
26882
26883
26884
26887
26890
26891
26892
26893
26896
26899
26900
26901
26902
26905
26908
26909
26928
26929
26932
26935
26936
26955
26956
26959
26962
26963
26964
26965
26968
26971
26972
26973
26974
26977
26980
26981
26982
26983
26986
26989
26990
27009
27010
27013
27016
27017
27036
27037
27040
27043
27044
27045
27046
27049
27052
27053
27054
27055
27058
27061
27062
27063
27064
27067
27070
27071
27090
27091
27094
27097
27098
27117
27118
27121
27124
27125
27126
27127
27130
27133
27134
27297
27298
27301
27304
27305
27306
27307
27310
27313
27314
27333
27334
27337
27340
27341
27360
27361
27364
27367
27368
27369
27370
27373
27376
27377
27540
27541
27544
27547
27548
27549
27550
27553
27556
27557
27576
27577
27580
27583
27584
27603
27604
27607
27610
27611
27612
27613
27616
27619
27620
27621
27622
27625
27628
27629
27630
27631
27634
27637
27638
27657
27658
27661
27664
27665
27684
27685
27688
27691
27692
27693
27694
27697
27700
27701
29160
29161
29164
29167
29168
29169
29170
29173
29176
29177
29196
29197
29200
29203
29204
29223
29224
29227
29230
29231
29232
29233
29236
29239
29240
29241
29242
29245
29248
29249
29250
29251
29254
29257
29258
29277
29278
29281
29284
29285
29304
29305
29308
29311
29312
29313
29314
29317
29320
29321
29484
29485
29488
29491
29492
29493
29494
29497
29500
29501
29520
29521
29524
29527
29528
29547
29548
29551
29554
29555
29556
29557
29560
29563
29564
29727
29728
29731
29734
29735
29736
29737
29740
29743
29744
29763
29764
29767
29770
29771
29790
29791
29794
29797
29798
29799
29800
29803
29806
29807
29808
29809
29812
29815
29816
29817
29818
29821
29824
29825
29844
29845
29848
29851
29852
29871
29872
29875
29878
29879
29880
29881
29884
29887
29888
31347
31348
31351
31354
31355
31356
31357
31360
31363
31364
31383
31384
31387
31390
31391
31410
31411
31414
31417
31418
31419
31420
31423
31426
31427
31428
31429
31432
31435
31436
31437
31438
31441
31444
31445
31464
31465
31468
31471
31472
31491
31492
31495
31498
31499
31500
31501
31504
31507
31508
31671
31672
31675
31678
31679
31680
31681
31684
31687
31688
31707
31708
31711
31714
31715
31734
31735
31738
31741
31742
31743
31744
31747
31750
31751
31914
31915
31918
31921
31922
31923
31924
31927
31930
31931
31950
31951
31954
31957
31958
31977
31978
31981
31984
31985
31986
31987
31990
31993
31994
31995
31996
31999
32002
32003
32004
32005
32008
32011
32012
32031
32032
32035
32038
32039
32058
32059
32062
32065
32066
32067
32068
32071
32074
32075
32076
32077
32080
32083
32084
32085
32086
32089
32092
32093
32112
32113
32116
32119
32120
32139
32140
32143
32146
32147
32148
32149
32152
32155
32156
32157
32158
32161
32164
32165
32166
32167
32170
32173
32174
32193
32194
32197
32200
32201
32220
32221
32224
32227
32228
32229
32230
32233
32236
32237
32400
32401
32404
32407
32408
32409
32410
32413
32416
32417
32436
32437
32440
32443
32444
32463
32464
32467
32470
32471
32472
32473
32476
32479
32480
32643
32644
32647
32650
32651
32652
32653
32656
32659
32660
32679
32680
32683
32686
32687
32706
32707
32710
32713
32714
32715
32716
32719
32722
32723
32724
32725
32728
32731
32732
32733
32734
32737
32740
32741
32760
32761
32764
32767
32768
32787
32788
32791
32794
32795
32796
32797
32800
32803
32804
45927
45928
45931
45934
45935
45936
45937
45940
45943
45944
45963
45964
45967
45970
45971
45990
45991
45994
45997
45998
45999
46000
46003
46006
46007
46008
46009
46012
46015
46016
46017
46018
46021
46024
46025
46044
46045
46048
46051
46052
46071
46072
46075
46078
46079
46080
46081
46084
46087
46088
46251
46252
46255
46258
46259
46260
46261
46264
46267
46268
46287
46288
46291
46294
46295
46314
46315
46318
46321
46322
46323
46324
46327
46330
46331
46494
46495
46498
46501
46502
46503
46504
46507
46510
46511
46530
46531
46534
46537
46538
46557
46558
46561
46564
46565
46566
46567
46570
46573
46574
46575
46576
46579
46582
46583
46584
46585
46588
46591
46592
46611
46612
46615
46618
46619
46638
46639
46642
46645
46646
46647
46648
46651
46654
46655
46656
46657
46660
46663
46664
46665
46666
46669
46672
46673
46692
46693
46696
46699
46700
46719
46720
46723
46726
46727
46728
46729
46732
46735
46736
46737
46738
46741
46744
46745
46746
46747
46750
46753
46754
46773
46774
46777
46780
46781
46800
46801
46804
46807
46808
46809
46810
46813
46816
46817
46980
46981
46984
46987
46988
46989
46990
46993
46996
46997
47016
47017
47020
47023
47024
47043
47044
47047
47050
47051
47052
47053
47056
47059
47060
47223
47224
47227
47230
47231
47232
47233
47236
47239
47240
47259
47260
47263
47266
47267
47286
47287
47290
47293
47294
47295
47296
47299
47302
47303
47304
47305
47308
47311
47312
47313
47314
47317
47320
47321
47340
47341
47344
47347
47348
47367
47368
47371
47374
47375
47376
47377
47380
47383
47384
48843
48844
48847
48850
48851
48852
48853
48856
48859
48860
48879
48880
48883
48886
48887
48906
48907
48910
48913
48914
48915
48916
48919
48922
48923
48924
48925
48928
48931
48932
48933
48934
48937
48940
48941
48960
48961
48964
48967
48968
48987
48988
48991
48994
48995
48996
48997
49000
49003
49004
49167
49168
49171
49174
49175
49176
49177
49180
49183
49184
49203
49204
49207
49210
49211
49230
49231
49234
49237
49238
49239
49240
49243
49246
49247
49410
49411
49414
49417
49418
49419
49420
49423
49426
49427
49446
49447
49450
49453
49454
49473
49474
49477
49480
49481
49482
49483
49486
49489
49490
49491
49492
49495
49498
49499
49500
49501
49504
49507
49508
49527
49528
49531
49534
49535
49554
49555
49558
49561
49562
49563
49564
49567
49570
49571
51030
51031
51034
51037
51038
51039
51040
51043
51046
51047
51066
51067
51070
51073
51074
51093
51094
51097
51100
51101
51102
51103
51106
51109
51110
51111
51112
51115
51118
51119
51120
51121
51124
51127
51128
51147
51148
51151
51154
51155
51174
51175
51178
51181
51182
51183
51184
51187
51190
51191
51354
51355
51358
51361
51362
51363
51364
51367
51370
51371
51390
51391
51394
51397
51398
51417
51418
51421
51424
51425
51426
51427
51430
51433
51434
51597
51598
51601
51604
51605
51606
51607
51610
51613
51614
51633
51634
51637
51640
51641
51660
51661
51664
51667
51668
51669
51670
51673
51676
51677
51678
51679
51682
51685
51686
51687
51688
51691
51694
51695
51714
51715
51718
51721
51722
51741
51742
51745
51748
51749
51750
51751
51754
51757
51758
51759
51760
51763
51766
51767
51768
51769
51772
51775
51776
51795
51796
51799
51802
51803
51822
51823
51826
51829
51830
51831
51832
51835
51838
51839
51840
51841
51844
51847
51848
51849
51850
51853
51856
51857
51876
51877
51880
51883
51884
51903
51904
51907
51910
51911
51912
51913
51916
51919
51920
52083
52084
52087
52090
52091
52092
52093
52096
52099
52100
52119
52120
52123
52126
52127
52146
52147
52150
52153
52154
52155
52156
52159
52162
52163
52326
52327
52330
52333
52334
52335
52336
52339
52342
52343
52362
52363
52366
52369
52370
52389
52390
52393
52396
52397
52398
52399
52402
52405
52406
52407
52408
52411
52414
52415
52416
52417
52420
52423
52424
52443
52444
52447
52450
52451
52470
52471
52474
52477
52478
52479
52480
52483
52486
52487
52488
52489
52492
52495
52496
52497
52498
52501
52504
52505
52524
52525
52528
52531
52532
52551
52552
52555
52558
52559
52560
52561
52564
52567
52568
52569
52570
52573
52576
52577
52578
52579
52582
52585
52586
52605
52606
52609
52612
52613
52632
52633
52636
52639
52640
52641
52642
52645
52648
52649
52812
52813
52816
52819
52820
52821
52822
52825
52828
52829
52848
52849
52852
52855
52856
52875
52876
52879
52882
52883
52884
52885
52888
52891
52892
53055
53056
53059
53062
53063
53064
53065
53068
53071
53072
53091
53092
53095
53098
53099
53118
53119
53122
53125
53126
53127
53128
53131
53134
53135
53136
53137
53140
53143
53144
53145
53146
53149
53152
53153
53172
53173
53176
53179
53180
53199
53200
53203
53206
53207
53208
53209
53212
53215
53216
53217
53218
53221
53224
53225
53226
53227
53230
53233
53234
53253
53254
53257
53260
53261
53280
53281
53284
53287
53288
53289
53290
53293
53296
53297
53298
53299
53302
53305
53306
53307
53308
53311
53314
53315
53334
53335
53338
53341
53342
53361
53362
53365
53368
53369
53370
53371
53374
53377
53378
53541
53542
53545
53548
53549
53550
53551
53554
53557
53558
53577
53578
53581
53584
53585
53604
53605
53608
53611
53612
53613
53614
53617
53620
53621
53784
53785
53788
53791
53792
53793
53794
53797
53800
53801
53820
53821
53824
53827
53828
53847
53848
53851
53854
53855
53856
53857
53860
53863
53864
53865
53866
53869
53872
53873
53874
53875
53878
53881
53882
53901
53902
53905
53908
53909
53928
53929
53932
53935
53936
53937
53938
53941
53944
53945
55404
55405
55408
55411
55412
55413
55414
55417
55420
55421
55440
55441
55444
55447
55448
55467
55468
55471
55474
55475
55476
55477
55480
55483
55484
55485
55486
55489
55492
55493
55494
55495
55498
55501
55502
55521
55522
55525
55528
55529
55548
55549
55552
55555
55556
55557
55558
55561
55564
55565
55728
55729
55732
55735
55736
55737
55738
55741
55744
55745
55764
55765
55768
55771
55772
55791
55792
55795
55798
55799
55800
55801
55804
55807
55808
55971
55972
55975
55978
55979
55980
55981
55984
55987
55988
56007
56008
56011
56014
56015
56034
56035
56038
56041
56042
56043
56044
56047
56050
56051
56052
56053
56056
56059
56060
56061
56062
56065
56068
56069
56088
56089
56092
56095
56096
56115
56116
56119
56122
56123
56124
56125
56128
56131
56132
57591
57592
57595
57598
57599
57600
57601
57604
57607
57608
57627
57628
57631
57634
57635
57654
57655
57658
57661
57662
57663
57664
57667
57670
57671
57672
57673
57676
57679
57680
57681
57682
57685
57688
57689
57708
57709
57712
57715
57716
57735
57736
57739
57742
57743
57744
57745
57748
57751
57752
57915
57916
57919
57922
57923
57924
57925
57928
57931
57932
57951
57952
57955
57958
57959
57978
57979
57982
57985
57986
57987
57988
57991
57994
57995
58158
58159
58162
58165
58166
58167
58168
58171
58174
58175
58194
58195
58198
58201
58202
58221
58222
58225
58228
58229
58230
58231
58234
58237
58238
58239
58240
58243
58246
58247
58248
58249
58252
58255
58256
58275
58276
58279
58282
58283
58302
58303
58306
58309
58310
58311
58312
58315
58318
58319
58320
58321
58324
58327
58328
58329
58330
58333
58336
58337
58356
58357
58360
58363
58364
58383
58384
58387
58390
58391
58392
58393
58396
58399
58400
58401
58402
58405
58408
58409
58410
58411
58414
58417
58418
58437
58438
58441
58444
58445
58464
58465
58468
58471
58472
58473
58474
58477
58480
58481
58644
58645
58648
58651
58652
58653
58654
58657
58660
58661
58680
58681
58684
58687
58688
58707
58708
58711
58714
58715
58716
58717
58720
58723
58724
58887
58888
58891
58894
58895
58896
58897
58900
58903
58904
58923
58924
58927
58930
58931
58950
58951
58954
58957
58958
58959
58960
58963
58966
58967
58968
58969
58972
58975
58976
58977
58978
58981
58984
58985
59004
59005
59008
59011
59012
59031
59032
59035
59038
59039
59040
59041
59044
59047
59048
59049
59050
59053
59056
59057
59058
59059
59062
59065
59066
59085
59086
59089
59092
59093
59112
59113
59116
59119
59120
59121
59122
59125
59128
59129
59130
59131
59134
59137
59138
59139
59140
59143
59146
59147
59166
59167
59170
59173
59174
59193
59194
59197
59200
59201
59202
59203
59206
59209
59210
59373
59374
59377
59380
59381
59382
59383
59386
59389
59390
59409
59410
59413
59416
59417
59436
59437
59440
59443
59444
59445
59446
59449
59452
59453
59616
59617
59620
59623
59624
59625
59626
59629
59632
59633
59652
59653
59656
59659
59660
59679
59680
59683
59686
59687
59688
59689
59692
59695
59696
59697
59698
59701
59704
59705
59706
59707
59710
59713
59714
59733
59734
59737
59740
59741
59760
59761
59764
59767
59768
59769
59770
59773
59776
59777
59778
59779
59782
59785
59786
59787
59788
59791
59794
59795
59814
59815
59818
59821
59822
59841
59842
59845
59848
59849
59850
59851
59854
59857
59858
59859
59860
59863
59866
59867
59868
59869
59872
59875
59876
59895
59896
59899
59902
59903
59922
59923
59926
59929
59930
59931
59932
59935
59938
59939
60102
60103
60106
60109
60110
60111
60112
60115
60118
60119
60138
60139
60142
60145
60146
60165
60166
60169
60172
60173
60174
60175
60178
60181
60182
60345
60346
60349
60352
60353
60354
60355
60358
60361
60362
60381
60382
60385
60388
60389
60408
60409
60412
60415
60416
60417
60418
60421
60424
60425
60426
60427
60430
60433
60434
60435
60436
60439
60442
60443
60462
60463
60466
60469
60470
60489
60490
60493
60496
60497
60498
60499
60502
60505
60506
61965
61966
61969
61972
61973
61974
61975
61978
61981
61982
62001
62002
62005
62008
62009
62028
62029
62032
62035
62036
62037
62038
62041
62044
62045
62046
62047
62050
62053
62054
62055
62056
62059
62062
62063
62082
62083
62086
62089
62090
62109
62110
62113
62116
62117
62118
62119
62122
62125
62126
62289
62290
62293
62296
62297
62298
62299
62302
62305
62306
62325
62326
62329
62332
62333
62352
62353
62356
62359
62360
62361
62362
62365
62368
62369
62532
62533
62536
62539
62540
62541
62542
62545
62548
62549
62568
62569
62572
62575
62576
62595
62596
62599
62602
62603
62604
62605
62608
62611
62612
62613
62614
62617
62620
62621
62622
62623
62626
62629
62630
62649
62650
62653
62656
62657
62676
62677
62680
62683
62684
62685
62686
62689
62692
62693
64152
64153
64156
64159
64160
64161
64162
64165
64168
64169
64188
64189
64192
64195
64196
64215
64216
64219
64222
64223
64224
64225
64228
64231
64232
64233
64234
64237
64240
64241
64242
64243
64246
64249
64250
64269
64270
64273
64276
64277
64296
64297
64300
64303
64304
64305
64306
64309
64312
64313
64476
64477
64480
64483
64484
64485
64486
64489
64492
64493
64512
64513
64516
64519
64520
64539
64540
64543
64546
64547
64548
64549
64552
64555
64556
64719
64720
64723
64726
64727
64728
64729
64732
64735
64736
64755
64756
64759
64762
64763
64782
64783
64786
64789
64790
64791
64792
64795
64798
64799
64800
64801
64804
64807
64808
64809
64810
64813
64816
64817
64836
64837
64840
64843
64844
64863
64864
64867
64870
64871
64872
64873
64876
64879
64880
64881
64882
64885
64888
64889
64890
64891
64894
64897
64898
64917
64918
64921
64924
64925
64944
64945
64948
64951
64952
64953
64954
64957
64960
64961
64962
64963
64966
64969
64970
64971
64972
64975
64978
64979
64998
64999
65002
65005
65006
65025
65026
65029
65032
65033
65034
65035
65038
65041
65042
65205
65206
65209
65212
65213
65214
65215
65218
65221
65222
65241
65242
65245
65248
65249
65268
65269
65272
65275
65276
65277
65278
65281
65284
65285
65448
65449
65452
65455
65456
65457
65458
65461
65464
65465
65484
65485
65488
65491
65492
65511
65512
65515
65518
65519
65520
65521
65524
65527
65528
65529
65530
65533
65536
65537
65538
65539
65542
65545
65546
65565
65566
65569
65572
65573
65592
65593
65596
65599
65600
65601
65602
65605
65608
65609
65610
65611
65614
65617
65618
65619
65620
65623
65626
65627
65646
65647
65650
65653
65654
65673
65674
65677
65680
65681
65682
65683
65686
65689
65690
65691
65692
65695
65698
65699
65700
65701
65704
65707
65708
65727
65728
65731
65734
65735
65754
65755
65758
65761
65762
65763
65764
65767
65770
65771
65934
65935
65938
65941
65942
65943
65944
65947
65950
65951
65970
65971
65974
65977
65978
65997
65998
66001
66004
66005
66006
66007
66010
66013
66014
66177
66178
66181
66184
66185
66186
66187
66190
66193
66194
66213
66214
66217
66220
66221
66240
66241
66244
66247
66248
66249
66250
66253
66256
66257
66258
66259
66262
66265
66266
66267
66268
66271
66274
66275
66294
66295
66298
66301
66302
66321
66322
66325
66328
66329
66330
66331
66334
66337
66338
66339
66340
66343
66346
66347
66348
66349
66352
66355
66356
66375
66376
66379
66382
66383
66402
66403
66406
66409
66410
66411
66412
66415
66418
66419
66420
66421
66424
66427
66428
66429
66430
66433
66436
66437
66456
66457
66460
66463
66464
66483
66484
66487
66490
66491
66492
66493
66496
66499
66500
66663
66664
66667
66670
66671
66672
66673
66676
66679
66680
66699
66700
66703
66706
66707
66726
66727
66730
66733
66734
66735
66736
66739
66742
66743
66906
66907
66910
66913
66914
66915
66916
66919
66922
66923
66942
66943
66946
66949
66950
66969
66970
66973
66976
66977
66978
66979
66982
66985
66986
66987
66988
66991
66994
66995
66996
66997
67000
67003
67004
67023
67024
67027
67030
67031
67050
67051
67054
67057
67058
67059
67060
67063
67066
67067
68526
68527
68530
68533
68534
68535
68536
68539
68542
68543
68562
68563
68566
68569
68570
68589
68590
68593
68596
68597
68598
68599
68602
68605
68606
68607
68608
68611
68614
68615
68616
68617
68620
68623
68624
68643
68644
68647
68650
68651
68670
68671
68674
68677
68678
68679
68680
68683
68686
68687
68850
68851
68854
68857
68858
68859
68860
68863
68866
68867
68886
68887
68890
68893
68894
68913
68914
68917
68920
68921
68922
68923
68926
68929
68930
69093
69094
69097
69100
69101
69102
69103
69106
69109
69110
69129
69130
69133
69136
69137
69156
69157
69160
69163
69164
69165
69166
69169
69172
69173
69174
69175
69178
69181
69182
69183
69184
69187
69190
69191
69210
69211
69214
69217
69218
69237
69238
69241
69244
69245
69246
69247
69250
69253
69254
70713
70714
70717
70720
70721
70722
70723
70726
70729
70730
70749
70750
70753
70756
70757
70776
70777
70780
70783
70784
70785
70786
70789
70792
70793
70794
70795
70798
70801
70802
70803
70804
70807
70810
70811
70830
70831
70834
70837
70838
70857
70858
70861
70864
70865
70866
70867
70870
70873
70874
71037
71038
71041
71044
71045
71046
71047
71050
71053
71054
71073
71074
71077
71080
71081
71100
71101
71104
71107
71108
71109
71110
71113
71116
71117
71280
71281
71284
71287
71288
71289
71290
71293
71296
71297
71316
71317
71320
71323
71324
71343
71344
71347
71350
71351
71352
71353
71356
71359
71360
71361
71362
71365
71368
71369
71370
71371
71374
71377
71378
71397
71398
71401
71404
71405
71424
71425
71428
71431
71432
71433
71434
71437
71440
71441
71442
71443
71446
71449
71450
71451
71452
71455
71458
71459
71478
71479
71482
71485
71486
71505
71506
71509
71512
71513
71514
71515
71518
71521
71522
71523
71524
71527
71530
71531
71532
71533
71536
71539
71540
71559
71560
71563
71566
71567
71586
71587
71590
71593
71594
71595
71596
71599
71602
71603
71766
71767
71770
71773
71774
71775
71776
71779
71782
71783
71802
71803
71806
71809
71810
71829
71830
71833
71836
71837
71838
71839
71842
71845
71846
72009
72010
72013
72016
72017
72018
72019
72022
72025
72026
72045
72046
72049
72052
72053
72072
72073
72076
72079
72080
72081
72082
72085
72088
72089
72090
72091
72094
72097
72098
72099
72100
72103
72106
72107
72126
72127
72130
72133
72134
72153
72154
72157
72160
72161
72162
72163
72166
72169
72170
85293
85294
85297
85300
85301
85302
85303
85306
85309
85310
85329
85330
85333
85336
85337
85356
85357
85360
85363
85364
85365
85366
85369
85372
85373
85374
85375
85378
85381
85382
85383
85384
85387
85390
85391
85410
85411
85414
85417
85418
85437
85438
85441
85444
85445
85446
85447
85450
85453
85454
85617
85618
85621
85624
85625
85626
85627
85630
85633
85634
85653
85654
85657
85660
85661
85680
85681
85684
85687
85688
85689
85690
85693
85696
85697
85860
85861
85864
85867
85868
85869
85870
85873
85876
85877
85896
85897
85900
85903
85904
85923
85924
85927
85930
85931
85932
85933
85936
85939
85940
85941
85942
85945
85948
85949
85950
85951
85954
85957
85958
85977
85978
85981
85984
85985
86004
86005
86008
86011
86012
86013
86014
86017
86020
86021
86022
86023
86026
86029
86030
86031
86032
86035
86038
86039
86058
86059
86062
86065
86066
86085
86086
86089
86092
86093
86094
86095
86098
86101
86102
86103
86104
86107
86110
86111
86112
86113
86116
86119
86120
86139
86140
86143
86146
86147
86166
86167
86170
86173
86174
86175
86176
86179
86182
86183
86346
86347
86350
86353
86354
86355
86356
86359
86362
86363
86382
86383
86386
86389
86390
86409
86410
86413
86416
86417
86418
86419
86422
86425
86426
86589
86590
86593
86596
86597
86598
86599
86602
86605
86606
86625
86626
86629
86632
86633
86652
86653
86656
86659
86660
86661
86662
86665
86668
86669
86670
86671
86674
86677
86678
86679
86680
86683
86686
86687
86706
86707
86710
86713
86714
86733
86734
86737
86740
86741
86742
86743
86746
86749
86750
88209
88210
88213
88216
88217
88218
88219
88222
88225
88226
88245
88246
88249
88252
88253
88272
88273
88276
88279
88280
88281
88282
88285
88288
88289
88290
88291
88294
88297
88298
88299
88300
88303
88306
88307
88326
88327
88330
88333
88334
88353
88354
88357
88360
88361
88362
88363
88366
88369
88370
88533
88534
88537
88540
88541
88542
88543
88546
88549
88550
88569
88570
88573
88576
88577
88596
88597
88600
88603
88604
88605
88606
88609
88612
88613
88776
88777
88780
88783
88784
88785
88786
88789
88792
88793
88812
88813
88816
88819
88820
88839
88840
88843
88846
88847
88848
88849
88852
88855
88856
88857
88858
88861
88864
88865
88866
88867
88870
88873
88874
88893
88894
88897
88900
88901
88920
88921
88924
88927
88928
88929
88930
88933
88936
88937
90396
90397
90400
90403
90404
90405
90406
90409
90412
90413
90432
90433
90436
90439
90440
90459
90460
90463
90466
90467
90468
90469
90472
90475
90476
90477
90478
90481
90484
90485
90486
90487
90490
90493
90494
90513
90514
90517
90520
90521
90540
90541
90544
90547
90548
90549
90550
90553
90556
90557
90720
90721
90724
90727
90728
90729
90730
90733
90736
90737
90756
90757
90760
90763
90764
90783
90784
90787
90790
90791
90792
90793
90796
90799
90800
90963
90964
90967
90970
90971
90972
90973
90976
90979
90980
90999
91000
91003
91006
91007
91026
91027
91030
91033
91034
91035
91036
91039
91042
91043
91044
91045
91048
91051
91052
91053
91054
91057
91060
91061
91080
91081
91084
91087
91088
91107
91108
91111
91114
91115
91116
91117
91120
91123
91124
91125
91126
91129
91132
91133
91134
91135
91138
91141
91142
91161
91162
91165
91168
91169
91188
91189
91192
91195
91196
91197
91198
91201
91204
91205
91206
91207
91210
91213
91214
91215
91216
91219
91222
91223
91242
91243
91246
91249
91250
91269
91270
91273
91276
91277
91278
91279
91282
91285
91286
91449
91450
91453
91456
91457
91458
91459
91462
91465
91466
91485
91486
91489
91492
91493
91512
91513
91516
91519
91520
91521
91522
91525
91528
91529
91692
91693
91696
91699
91700
91701
91702
91705
91708
91709
91728
91729
91732
91735
91736
91755
91756
91759
91762
91763
91764
91765
91768
91771
91772
91773
91774
91777
91780
91781
91782
91783
91786
91789
91790
91809
91810
91813
91816
91817
91836
91837
91840
91843
91844
91845
91846
91849
91852
91853
