2
3
4
5
6
7
8
9
10
11
12
13
14
15
16
17
18
19
20
21
22
23
24
25
26
27
28
29
30
31
32
33
34
35
36
37
38
39
40
41
42
43
44
45
46
47
48
49
50
51
52
53
54
55
56
57
58
59
60
61
62
63
64
66
67
68
69
70
71
72
73
75
76
77
78
79
80
81
82
83
84
85
86
87
88
89
90
91
93
95
96
97
98
99
100
102
103
104
105
106
107
108
109
111
112
113
114
115
116
117
118
119
120
121
122
123
124
125
126
127
128
129
130
131
132
133
134
135
136
137
138
139
140
142
143
144
145
146
148
149
150
151
153
154
155
156
157
158
159
160
161
162
163
164
166
168
169
171
172
175
177
178
179
180
183
184
186
189
190
192
193
195
196
198
199
200
204
205
206
208
209
210
211
213
215
216
217
218
219
220
222
223
224
225
226
227
228
229
230
231
232
233
234
236
237
239
240
241
243
244
246
247
248
249
251
252
253
255
257
258
259
260
261
262
264
265
266
267
268
270
271
273
274
275
276
277
278
279
280
281
283
284
285
286
287
288
289
290
291
292
293
294
295
296
300
304
305
306
307
310
312
313
315
316
318
320
323
324
325
327
328
330
333
334
336
339
340
346
348
349
355
358
359
360
361
364
365
368
369
370
372
374
378
379
381
382
384
386
387
388
390
391
392
393
394
395
396
402
403
405
406
408
410
413
414
415
417
419
420
422
423
427
429
431
432
433
434
435
437
438
439
440
443
445
447
448
450
451
452
453
455
456
457
458
459
460
462
463
465
467
468
469
472
474
475
477
478
480
482
483
484
485
486
487
488
490
492
493
495
496
499
501
502
507
508
510
512
515
519
520
521
522
523
524
526
528
529
532
533
537
539
540
541
544
546
547
549
550
553
555
556
557
567
568
569
571
573
574
576
577
582
583
584
586
588
593
594
599
601
603
607
608
610
611
612
615
618
624
627
628
629
630
631
634
636
642
645
646
648
649
651
653
654
655
656
657
658
659
660
662
664
665
667
669
672
675
676
678
680
683
685
693
694
696
698
701
720
721
723
725
728
729
730
731
732
733
734
735
736
737
738
739
741
742
743
744
745
746
747
748
750
753
754
755
756
757
759
760
761
763
764
765
766
769
770
771
772
773
774
775
777
779
780
781
782
783
784
787
789
792
793
795
797
801
802
804
806
809
810
811
812
813
814
815
816
817
818
819
820
822
824
825
826
827
832
834
835
836
837
838
840
842
845
852
854
855
856
858
860
861
862
863
864
865
867
868
872
873
874
876
877
878
879
880
882
883
885
887
888
889
890
900
913
915
917
918
922
923
927
928
931
941
942
945
946
948
949
951
954
955
960
961
962
963
964
969
970
971
972
973
975
977
980
981
982
984
986
989
994
996
998
999
1000
1002
1004
1007
1017
1018
1020
1022
1025
1044
1045
1047
1049
1052
1095
1097
1104
1107
1108
1113
1124
1125
1126
1133
1134
1135
1137
1139
1142
1143
1144
1146
1148
1151
1161
1162
1164
1166
1167
1168
1169
1172
1176
1177
1178
1179
1180
1181
1182
1184
1185
1186
1187
1188
1189
1197
1198
1206
1207
1209
1211
1214
1215
1216
1217
1218
1219
1221
1222
1224
1225
1230
1231
1239
1240
1242
1243
1245
1246
1248
1249
1251
1252
1253
1257
1258
1262
1266
1267
1296
1297
1298
1299
1300
1302
1303
1305
1306
1311
1312
1314
1315
1320
1321
1329
1330
1334
1338
1339
1343
1350
1351
1353
1354
1359
1360
1361
1365
1366
1370
1374
1375
1377
1378
1380
1382
1385
1386
1387
1389
1391
1394
1395
1396
1404
1405
1407
1409
1412
1422
1423
1425
1427
1430
1431
1432
1434
1435
1440
1441
1442
1446
1447
1449
1450
1451
1452
1454
1455
1456
1457
1458
1459
1460
1464
1465
1467
1468
1473
1474
1476
1477
1509
1510
1512
1513
1521
1522
1539
1540
1541
1545
1546
1548
1549
1554
1555
1590
1591
1593
1594
1602
1603
1752
1753
1755
1756
1764
1765
1766
1775
1800
1801
1833
1834
1836
1837
1845
1846
1881
1882
1944
1945
1947
1948
1953
1954
1959
1960
1968
1969
1971
1972
1974
1975
1980
1981
1986
1987
1995
1996
2025
2026
2028
2029
2034
2035
2040
2041
2049
2050
2079
2080
2082
2083
2088
2089
2094
2095
2103
2104
2160
2161
2163
2164
2169
2170
2175
2176
2184
2185
2187
2188
2190
2191
2192
2195
2196
2197
2199
2201
2202
2203
2204
2211
2212
2214
2215
2217
2218
2219
2222
2223
2224
2229
2230
2232
2233
2235
2237
2238
2239
2240
2259
2260
2262
2264
2267
2268
2269
2271
2272
2273
2276
2277
2278
2280
2282
2283
2284
2285
2292
2293
2295
2296
2298
2300
2303
2313
2314
2316
2318
2321
2322
2323
2325
2326
2331
2332
2337
2338
2340
2341
2343
2345
2346
2347
2348
2403
2404
2406
2407
2412
2413
2418
2419
2427
2428
2430
2431
2433
2434
2435
2438
2439
2440
2442
2444
2445
2446
2447
2454
2455
2457
2458
2460
2461
2462
2465
2466
2467
2472
2473
2475
2476
2478
2480
2481
2482
2483
2502
2503
2505
2507
2510
2511
2512
2514
2515
2520
2521
2526
2527
2535
2536
2565
2566
2568
2569
2574
2575
2580
2581
2589
2590
2592
2593
2595
2597
2600
2601
2602
2604
2606
2609
2619
2620
2622
2624
2627
2637
2638
2640
2642
2645
2646
2647
2649
2650
2655
2656
2661
2662
2664
2665
2667
2669
2670
2671
2672
2835
2836
2838
2840
2843
2844
2845
2847
2849
2852
2862
2863
2865
2867
2870
2880
2881
2883
2885
2888
2907
2908
2910
2912
2915
2916
2917
2919
2920
2925
2926
2931
2932
2940
2941
2943
2944
2946
2947
2952
2953
2958
2959
2967
2968
2997
2998
3000
3001
3006
3007
3012
3013
3021
3022
3051
3052
3054
3055
3060
3061
3066
3067
3075
3076
3132
3133
3135
3136
3141
3142
3147
3148
3156
3157
3645
3646
3648
3650
3653
3654
3655
3657
3659
3662
3672
3673
3675
3677
3680
3690
3691
3693
3695
3698
3717
3718
3720
3722
3725
3726
3727
3729
3731
3734
3735
3736
3738
3740
3743
3753
3754
3756
3758
3761
3771
3772
3774
3776
3779
3798
3799
3801
3803
3806
3888
3889
3891
3893
3896
3897
3898
3900
3902
3905
3915
3916
3918
3920
3923
3933
3934
3936
3938
3941
3960
3961
3963
3965
3968
4050
4051
4053
4055
4058
4059
4060
4062
4064
4067
4077
4078
4080
4082
4085
4095
4096
4098
4100
4103
4122
4123
4125
4127
4130
4293
4294
4296
4298
4301
4302
4303
4305
4307
4310
4320
4321
4323
4325
4328
4338
4339
4341
4343
4346
4365
4366
4368
4370
4373
5832
5833
5835
5837
5840
5841
5842
5844
5846
5849
5859
5860
5862
5864
5867
5877
5878
5880
5882
5885
5904
5905
5907
5909
5912
5913
5914
5916
5918
5921
5922
5923
5925
5927
5930
5940
5941
5943
5945
5948
5958
5959
5961
5963
5966
5985
5986
5988
5990
5993
6075
6076
6078
6080
6083
6084
6085
6087
6089
6092
6102
6103
6105
6107
6110
6120
6121
6123
6125
6128
6147
6148
6150
6152
6155
6237
6238
6240
6242
6245
6246
6247
6249
6251
6254
6264
6265
6267
6269
6272
6282
6283
6285
6287
6290
6309
6310
6312
6314
6317
6480
6481
6483
6485
6488
6489
6490
6492
6494
6497
6507
6508
6510
6512
6515
6525
6526
6528
6530
6533
6552
6553
6555
6557
6560
6561
6562
6564
6566
6569
6570
6571
6573
6575
6578
6588
6589
6591
6593
6596
6606
6607
6609
6611
6614
6633
6634
6636
6638
6641
6642
6643
6645
6647
6650
6651
6652
6654
6656
6659
6669
6670
6672
6674
6677
6687
6688
6690
6692
6695
6714
6715
6717
6719
6722
6804
6805
6807
6809
6812
6813
6814
6816
6818
6821
6831
6832
6834
6836
6839
6849
6850
6852
6854
6857
6876
6877
6879
6881
6884
6966
6967
6969
6971
6974
6975
6976
6978
6980
6983
6993
6994
6996
6998
7001
7011
7012
7014
7016
7019
7038
7039
7041
7043
7046
7209
7210
7212
7214
7217
7218
7219
7221
7223
7226
7236
7237
7239
7241
7244
7254
7255
7257
7259
7262
7281
7282
7284
7286
7289
7290
7291
7293
7295
7298
7299
7300
7302
7304
7307
7317
7318
7320
7322
7325
7335
7336
7338
7340
7343
7362
7363
7365
7367
7370
7371
7372
7374
7376
7379
7380
7381
7383
7385
7388
7398
7399
7401
7403
7406
7416
7417
7419
7421
7424
7443
7444
7446
7448
7451
7533
7534
7536
7538
7541
7542
7543
7545
7547
7550
7560
7561
7563
7565
7568
7578
7579
7581
7583
7586
7605
7606
7608
7610
7613
7695
7696
7698
7700
7703
7704
7705
7707
7709
7712
7722
7723
7725
7727
7730
7740
7741
7743
7745
7748
7767
7768
7770
7772
7775
7938
7939
7941
7943
7946
7947
7948
7950
7952
7955
7965
7966
7968
7970
7973
7983
7984
7986
7988
7991
8010
8011
8013
8015
8018
8748
8749
8751
8753
8756
8757
8758
8760
8762
8765
8775
8776
8778
8780
8783
8793
8794
8796
8798
8801
8820
8821
8823
8825
8828
8829
8830
8832
8834
8837
8838
8839
8841
8843
8846
8856
8857
8859
8861
8864
8874
8875
8877
8879
8882
8901
8902
8904
8906
8909
8991
8992
8994
8996
8999
9000
9001
9003
9005
9008
9018
9019
9021
9023
9026
9036
9037
9039
9041
9044
9063
9064
9066
9068
9071
9153
9154
9156
9158
9161
9162
9163
9165
9167
9170
9180
9181
9183
9185
9188
9198
9199
9201
9203
9206
9225
9226
9228
9230
9233
9396
9397
9399
9401
9404
9405
9406
9408
9410
9413
9423
9424
9426
9428
9431
9441
9442
9444
9446
9449
9468
9469
9471
9473
9476
