2
3
4
5
6
7
8
9
10
11
12
13
14
15
16
17
18
19
20
21
22
23
24
25
27
28
29
30
31
32
33
34
35
36
37
38
39
40
41
42
43
44
45
46
47
49
50
51
54
55
56
57
58
59
60
61
62
63
64
65
68
69
70
71
72
73
75
76
81
82
83
84
85
86
87
88
90
91
92
93
94
95
96
99
100
101
108
109
110
111
112
113
114
117
118
119
120
121
122
123
124
126
127
128
129
131
132
135
136
137
138
139
140
141
142
144
145
162
163
164
165
166
167
171
172
173
174
175
176
180
181
182
183
186
189
190
192
196
204
205
210
213
216
217
243
244
245
246
247
248
249
250
252
253
254
255
256
257
258
261
262
263
270
271
272
273
274
275
276
279
280
281
282
283
284
285
288
289
290
297
298
300
301
303
324
325
326
327
328
329
330
333
334
336
337
339
351
352
354
355
357
360
361
363
364
366
378
379
381
382
384
486
487
489
490
492
495
496
498
499
501
513
514
516
517
519
522
523
525
526
528
540
541
543
544
546
729
730
732
733
735
738
739
741
742
744
756
757
759
760
762
765
766
768
769
771
783
784
786
787
789
810
811
813
814
816
819
820
822
823
825
837
838
840
841
843
846
847
849
850
852
864
865
867
868
870
972
973
975
976
978
981
982
984
985
987
999
1000
