2
4
5
7
8
9
10
11
13
14
16
17
18
19
20
22
23
25
26
28
29
31
32
34
35
36
37
38
40
41
43
44
45
46
47
49
50
52
53
55
56
58
59
61
62
63
64
65
67
68
70
71
72
73
74
76
77
79
80
81
82
83
85
86
88
89
90
91
92
94
95
97
98
99
100
101
103
104
106
107
109
110
112
113
115
116
117
118
119
121
122
124
125
126
127
128
130
131
133
134
136
137
139
140
142
143
144
145
146
148
149
151
152
153
154
155
157
158
160
161
162
163
164
166
167
169
170
171
172
173
175
176
178
179
180
181
182
184
185
187
188
190
191
193
194
196
197
198
199
200
202
203
205
206
207
208
209
211
212
214
215
217
218
220
221
223
224
225
226
227
229
230
232
233
234
235
236
238
239
241
242
244
245
247
250
251
252
253
254
257
259
260
261
262
263
265
266
268
269
271
272
274
275
277
278
279
280
281
283
284
286
287
288
289
290
292
293
295
296
298
299
301
304
305
306
307
310
313
314
315
316
317
322
323
324
325
328
329
331
332
333
334
335
337
338
340
341
342
343
344
346
347
349
350
352
353
358
360
361
362
364
365
368
369
370
373
374
377
379
382
383
385
386
387
388
389
391
392
394
395
396
397
398
400
401
403
404
405
406
407
409
410
412
413
414
415
416
418
419
421
422
423
424
425
427
431
433
434
436
437
439
440
441
442
443
445
446
448
449
450
451
452
454
455
457
458
460
461
463
464
466
467
468
469
472
473
475
476
477
478
479
481
482
484
485
487
488
490
491
493
494
495
496
497
499
500
502
503
504
505
506
508
509
511
512
514
515
517
518
521
522
523
524
529
530
531
532
533
535
536
538
539
541
542
544
545
547
548
549
550
551
553
554
556
557
558
559
562
563
565
566
567
568
571
572
575
576
577
581
583
584
585
586
587
589
590
592
593
595
596
598
599
601
602
603
604
605
607
608
610
611
612
613
614
616
617
619
620
622
623
625
626
629
630
631
634
635
638
639
641
643
644
648
649
650
652
653
656
657
658
659
661
662
664
665
666
667
668
670
671
673
674
677
679
680
682
683
684
685
686
688
689
691
692
693
694
695
697
698
700
701
703
704
706
707
709
710
711
712
713
715
716
720
721
722
724
725
727
728
729
730
731
733
734
736
737
738
739
740
742
743
745
746
747
748
749
751
752
754
755
757
758
760
761
763
764
765
766
767
769
770
772
773
774
775
776
778
779
781
782
784
785
787
788
790
791
792
793
794
797
800
801
802
803
805
806
808
809
810
811
812
814
815
817
818
819
820
821
823
824
826
827
828
829
830
832
835
836
838
839
841
842
846
847
848
850
851
854
855
856
859
860
862
863
865
866
868
869
871
872
873
874
875
877
878
881
882
883
886
887
889
890
891
892
893
895
898
899
900
901
902
905
907
908
909
910
911
913
916
917
919
920
922
923
926
927
928
929
931
934
935
937
940
941
943
944
946
947
949
950
953
954
955
958
962
963
964
967
968
971
973
977
979
980
981
982
985
988
989
990
992
994
995
997
998
1001
1003
1004
1006
1007
1009
1010
1012
1013
1015
1016
1017
1021
1022
1024
1025
1030
1033
1034
1035
1036
1042
1043
1044
1045
1046
1048
1049
1051
1052
1053
1054
1057
1058
1061
1062
1063
1066
1067
1069
1070
1071
1072
1073
1078
1081
1084
1087
1088
1089
1090
1093
1094
1097
1098
1099
1102
1103
1106
1108
1109
1114
1115
1116
1117
1118
1120
1121
1123
1124
1125
1126
1129
1130
1132
1133
1134
1135
1136
1138
1139
1141
1142
1143
1144
1145
1147
1148
1150
1151
1153
1154
1156
1157
1159
1162
1165
1166
1168
1169
1170
1171
1172
1174
1175
1177
1178
1179
1180
1181
1183
1184
1186
1187
1189
1190
1192
1193
1195
1196
1197
1198
1201
1202
1204
1205
1206
1207
1210
1211
1213
1214
1219
1220
1223
1224
1225
1229
1231
1232
1233
1234
1235
1237
1238
1240
1241
1243
1247
1249
1250
1251
1252
1253
1255
1258
1259
1260
1261
1262
1264
1267
1268
1270
1273
1274
1277
1278
1279
1282
1283
1286
1287
1288
1289
1291
1292
1294
1295
1296
1297
1298
1300
1304
1305
1306
1307
1309
1310
1312
1313
1314
1315
1318
1319
1321
1322
1325
1327
1328
1330
1331
1332
1333
1334
1336
1339
1340
1341
1342
1343
1345
1348
1349
1351
1355
1357
1358
1361
1363
1364
1367
1368
1369
1370
1372
1377
1378
1379
1381
1382
1385
1386
1387
1390
1391
1393
1394
1395
1396
1402
1403
1406
1412
1413
1414
1415
1417
1418
1420
1421
1422
1423
1426
1427
1429
1430
1432
1435
1436
1438
1440
1442
1444
1445
1449
1450
1451
1453
1454
1457
1458
1459
1460
1466
1467
1468
1469
1474
1475
1476
1477
1478
1483
1484
1490
1493
1494
1502
1504
1505
1507
1508
1511
1516
1517
1520
1521
1523
1526
1529
1530
1531
1532
1535
1538
1539
1540
1541
1544
1546
1547
1548
1549
1550
1553
1555
1556
1557
1558
1559
1561
1562
1565
1567
1570
1574
1575
1576
1583
1584
1585
1589
1591
1592
1594
1595
1597
1598
1601
1602
1603
1604
1606
1607
1610
1611
1612
1615
1616
1618
1619
1620
1621
1622
1624
1625
1627
1628
1629
1630
1631
1633
1634
1638
1639
1640
1663
1664
1665
1666
1667
1672
1673
1675
1676
1678
1679
1683
1687
1691
1692
1693
1697
1699
1700
1709
1714
1717
1718
1719
1720
1723
1727
1730
1733
1735
1736
1737
1741
1742
1744
1745
1746
1747
1748
1753
1754
1756
1759
1760
1763
1764
1765
1766
1771
1773
1778
1782
1783
1789
1790
1791
1792
1795
1796
1798
1799
1801
1802
1804
1805
1807
1808
1810
1816
1817
1825
1826
1829
1834
1835
1837
1838
1843
1844
1845
1846
1847
1850
1852
1853
1854
1855
1856
1861
1862
1863
1864
1871
1872
1873
1874
1876
1880
1881
1882
1883
1885
1888
1889
1891
1892
1894
1897
1898
1901
1906
1907
1908
1909
1910
1913
1915
1916
1918
1919
1921
1924
1925
1926
1927
1928
1930
1931
1933
1934
1935
1936
1937
1939
1940
1942
1943
1948
1949
1951
1953
1954
1955
1957
1958
1961
1962
1963
1966
1969
1970
1973
1975
1978
1979
1980
1981
1987
1988
1989
1990
1991
1994
1996
1997
1999
2006
2007
2011
2012
2015
2016
2020
2024
2025
2026
2027
2029
2033
2034
2035
2041
2042
2043
2044
2045
2050
2051
2053
2054
2059
2060
2061
2062
2068
2069
2070
2072
2074
2078
2081
2084
2086
2087
2088
2089
2090
2096
2097
2098
2099
2102
2105
2106
2107
2108
2113
2114
2115
2116
2117
2119
2120
2122
2123
2124
2125
2126
2128
2131
2132
2134
2135
2138
2141
2142
2144
2147
2151
2152
2153
2155
2156
2159
2161
2162
2164
2167
2168
2169
2171
2174
2178
2179
2180
2183
2185
2186
2222
2223
2231
2234
2236
2240
2249
2250
2252
2258
2259
2260
2261
2267
2268
2269
2273
2275
2277
2278
2282
2293
2294
2296
2297
2299
2302
2303
2305
2306
2311
2313
2314
2315
2320
2321
2323
2324
2326
2327
2330
2331
2332
2333
2335
2336
2338
2339
2340
2341
2347
2349
2350
2367
2369
2375
2383
2385
2386
2392
2393
2394
2395
2396
2401
2402
2404
2405
2407
2408
2416
2419
2421
2422
2428
2446
2447
2465
2466
2467
2468
2473
2474
2475
2477
2482
2483
2485
2486
2493
2494
2495
2502
2503
2504
2510
2511
2512
2518
2520
2521
2527
2529
2530
2531
2545
2546
2549
2554
2555
2557
2558
2563
2564
2567
2572
2573
2574
2575
2576
2579
2581
2582
2583
2584
2585
2590
2591
2592
2593
2599
2600
2601
2603
2608
2609
2610
2611
2612
2617
2618
2627
2628
2629
2630
2632
2633
2635
2636
2637
2638
2644
2645
2650
2651
2653
2654
2655
2656
2657
2659
2662
2663
2664
2665
2666
2669
2671
2672
2690
2699
2701
2705
2709
2710
2713
2716
2717
2725
2726
2731
2735
2737
2745
2754
2755
2761
2763
2765
2767
2771
2773
2774
2779
2780
2782
2783
2789
2792
2798
2801
2807
2809
2810
2816
2835
2836
2854
2855
2916
2917
2920
2921
2924
2925
2926
2929
2930
2933
2952
2953
2956
2957
2960
2961
2962
2965
2966
2969
2978
2979
2988
2989
2992
2993
2996
2997
2998
3001
3002
3004
3005
3006
3007
3010
3011
3014
3022
3023
3025
3026
3029
3033
3034
3037
3038
3041
3042
3043
3046
3047
3050
3055
3059
3061
3069
3070
3073
3074
3077
3088
3092
3095
3097
3109
3114
3121
3122
3128
3130
3131
3133
3136
3150
3154
3155
3169
3173
3202
3203
3208
3209
3211
3212
3217
3221
3223
3240
3241
3244
3245
3248
3249
3250
3253
3254
3257
3262
3266
3276
3277
3280
3281
3284
3285
3286
3289
3290
3293
3298
3302
3307
3311
3312
3313
3316
3317
3320
3321
3322
3325
3326
3329
3330
3331
3334
3335
3338
3343
3347
3349
3353
3357
3358
3361
3362
3365
3366
3367
3370
3371
3374
3383
3388
3393
3394
3397
3398
3401
3419
3424
3428
3433
3438
3452
3455
3457
3469
3473
3474
3478
3479
3493
3497
3500
3502
3514
3519
3524
3536
3538
3541
3555
3559
3564
3565
3568
3569
3572
3573
3574
3577
3578
3581
3600
3601
3604
3605
3608
3609
3610
3613
3614
3617
3636
3637
3640
3641
3644
3645
3646
3649
3650
3653
3654
3655
3658
3659
3662
3667
3671
3681
3682
3685
3686
3689
3690
3691
3694
3695
3698
3707
3712
3716
3717
3718
3721
3722
3725
3726
3727
3730
3731
3734
3735
3736
3739
3740
3743
3748
3752
3755
3762
3763
3766
3767
3770
3771
3772
3773
3775
3776
3778
3779
3781
3788
3793
3796
3798
3799
3802
3803
3805
3806
3807
3808
3817
3821
3824
3825
3826
3827
3833
3838
3843
3851
3853
3857
3860
3862
3865
3869
3871
3879
3883
3884
3897
3898
3901
3902
3905
3907
3910
3924
3929
3933
3941
3943
3958
3960
3961
3967
3969
3970
3973
3974
3977
3978
3979
3982
3983
3986
3987
3989
4004
4005
4006
4007
4009
4010
4013
4014
4015
4016
4018
4019
4021
4022
4031
4033
4036
4039
4040
4041
4042
4045
4046
4049
4050
4051
4054
4055
4057
4058
4059
4060
4061
4063
4064
4066
4067
4068
4069
4070
4072
4076
4081
4086
4087
4088
4090
4091
4093
4094
4095
4096
4097
4099
4100
4103
4106
4112
4117
4122
4123
4126
4127
4130
4147
4149
4153
4157
4166
4169
4175
4177
4192
4193
4194
4195
4198
4202
4203
4204
4207
4208
4211
4212
4213
4219
4221
4222
4223
4226
4229
4231
4234
4238
4241
4243
4244
4247
4248
4249
4250
4252
4265
4267
4268
4273
4274
4275
4276
4279
4293
4294
4297
4298
4300
4301
4302
4303
4304
4306
4307
4310
4312
4313
4318
4319
4321
4322
4327
4328
4329
4330
4333
4334
4337
4338
4339
4342
4343
4346
4349
4355
4365
4366
4369
4370
4373
4427
4429
4435
4437
4453
4455
4456
4473
4475
4477
4481
4484
4489
4490
4492
4493
4498
4502
4507
4508
4510
4517
4518
4522
4525
4527
4528
4536
4537
4543
4545
4546
4552
4554
4558
4562
4567
4568
4570
4571
4572
4573
4574
4576
4579
4598
4599
4603
4607
4608
4609
4612
4613
4616
4624
4626
4627
4633
4635
4637
4639
4643
4651
4652
4654
4661
4663
4664
4669
4681
4687
4689
4690
4696
4715
4716
4718
4733
4736
4742
4744
4745
4750
4762
4768
4770
4771
4786
4788
4790
4795
4797
4798
4799
4817
4822
4823
4826
4832
4835
4841
4846
4851
4876
4878
4882
4886
4895
4898
4904
4906
4921
4923
4924
4941
4942
4948
4950
4952
4958
4970
4976
4979
4994
4996
4997
5003
5018
5022
5023
5039
5041
5042
5044
5047
5048
5050
5051
5056
5057
5058
5059
5063
5067
5068
5075
5078
5080
5084
5099
5103
5104
5110
5112
5113
5114
5128
5129
5131
5132
5137
5138
5140
5150
5155
5156
5159
5189
5193
5194
5198
5210
5215
5229
5230
5234
5237
5239
5249
5251
5255
5256
5257
5258
5260
5261
5264
5265
5266
5267
5270
5272
5273
5274
5275
5281
5282
5283
5291
5293
5297
5299
5300
5302
5303
5308
5314
5315
5317
5318
5321
5323
5327
5328
5329
5330
5337
5338
5339
5345
5353
5355
5356
5359
5362
5363
5364
5365
5368
5380
5381
5382
5383
5387
5389
5391
5393
5398
5399
5401
5402
5404
5408
5409
5410
5411
5418
5419
5420
5423
5426
5427
5428
5444
5446
5449
5453
5461
5462
5468
5470
5472
5473
5474
5479
5483
5485
5490
5491
5499
5524
5525
5526
5527
5528
5533
5534
5544
5545
5546
5548
5549
5551
5553
5575
5579
5580
5581
5584
5585
5594
5598
5599
5603
5606
5615
5617
5620
5621
5625
5626
5629
5639
5642
5644
5647
5651
5653
5656
5660
5661
5679
5683
5747
5751
5752
5768
5770
5773
5787
5832
5833
5834
5836
5837
5840
5841
5842
5845
5846
5848
5849
5850
5851
5857
5858
5868
5869
5872
5873
5876
5877
5878
5881
5882
5885
5897
5904
5905
5906
5908
5909
5912
5913
5914
5915
5917
5918
5921
5922
5923
5926
5927
5929
5930
5939
5941
5945
5949
5950
5953
5954
5957
5958
5959
5962
5963
5965
5966
5969
5971
5975
5976
5977
5978
5985
5986
5987
5989
5990
5993
5994
5995
5996
6002
6003
6004
6010
6011
6020
6022
6026
6043
6044
6046
6047
6050
6057
6058
6059
6066
6067
6068
6074
6093
6095
6101
6109
6110
6118
6119
6121
6122
6127
6139
6145
6147
6148
6154
6156
6157
6160
6161
6164
6165
6166
6169
6170
6173
6174
6176
6191
6192
6193
6194
6196
6197
6200
6201
6202
6205
6206
6209
6228
6229
6232
6233
6236
6237
6238
6241
6242
6245
6246
6247
6250
6251
6254
6263
6265
6269
6273
6274
6277
6278
6281
6282
6283
6286
6287
6290
6301
6307
6309
6310
6313
6314
6317
6325
6327
6329
6335
6347
6353
6356
6362
6364
6379
6381
6382
6399
6400
6416
6417
6418
6424
6425
6433
6434
6442
6446
6480
6481
6482
6484
6485
6488
6489
6490
6493
6494
6496
6497
6498
6499
6505
6506
6509
6515
6516
6517
6518
6520
6521
6524
6525
6526
6529
6530
6533
6535
6541
6543
6545
6552
6553
6554
6556
6557
6559
6560
6561
6562
6563
6565
6566
6568
6569
6570
6571
6572
6574
6575
6577
6578
6579
6580
6581
6586
6587
6589
6590
6595
6596
6597
6598
6601
6602
6605
6606
6607
6608
6610
6611
6613
6614
6616
6617
6622
6623
6624
6626
6633
6634
6635
6637
6638
6640
6641
6642
6643
6644
6646
6647
6649
6650
6651
6652
6653
6655
6656
6658
6659
6660
6661
6662
6664
6667
6668
6670
6671
6674
6678
6679
6682
6683
6686
6687
6688
6691
6692
6694
6695
6698
6700
6704
6705
6706
6707
6709
6714
6715
6716
6718
6719
6722
6723
6724
6725
6731
6732
6733
6734
6739
6741
6742
6743
6766
6767
6770
6775
6776
6778
6779
6786
6787
6788
6793
6795
6796
6797
6802
6803
6811
6813
6814
6820
6821
6822
6824
6830
6838
6839
6841
6842
6847
6848
6850
6851
6853
6854
6856
6857
6862
6866
6867
6868
6876
6885
6886
6889
6890
6892
6893
6894
6895
6898
6899
6902
6921
6922
6925
6926
6929
6930
6931
6934
6935
6938
6957
6958
6961
6962
6965
6966
6967
6970
6971
6974
6975
6976
6979
6980
6983
6984
6986
6992
6994
6998
7001
7002
7003
7004
7006
7007
7010
7011
7012
7013
7015
7016
7019
7022
7027
7028
7029
7033
7038
7039
7042
7043
7046
7063
7065
7066
7067
7069
7072
7073
7075
7076
7091
7094
7100
7103
7119
7128
7129
7145
7146
7147
7148
7153
7154
7156
7157
7160
7162
7163
7171
7172
7175
7177
7178
7181
7186
7190
7192
7209
7210
7211
7213
7214
7217
7218
7219
7222
7223
7225
7226
7227
7228
7234
7235
7245
7246
7249
7250
7253
7254
7255
7258
7259
7262
7274
7281
7282
7283
7285
7286
7289
7290
7291
7292
7294
7295
7297
7298
7299
7300
7301
7303
7304
7306
7307
7308
7309
7310
7315
7316
7318
7319
7324
7325
7326
7327
7330
7331
7334
7335
7336
7339
7340
7343
7346
7352
7353
7355
7362
7363
7364
7366
7367
7370
7371
7372
7373
7375
7376
7378
7379
7380
7381
7382
7384
7385
7387
7388
7389
7390
7391
7393
7396
7397
7399
7400
7407
7408
7411
7412
7415
7416
7417
7420
7421
7423
7424
7427
7433
7434
7435
7438
7443
7444
7447
7448
7451
7452
7453
7454
7461
7462
7463
7470
7471
7472
7474
7478
7483
7484
7487
7488
7489
7492
7495
7496
7504
7505
7514
7515
7519
7523
7524
7525
7528
7529
7532
7540
7542
7543
7549
7551
7555
7559
7567
7568
7570
7576
7577
7585
7586
7614
7615
7618
7619
7622
7623
7624
7627
7628
7631
7650
7651
7654
7655
7658
7659
7660
7663
7664
7667
7686
7687
7690
7691
7694
7695
7696
7699
7700
7703
7704
7705
7708
7709
7712
7729
7730
7731
7732
7735
7736
7738
7739
7740
7741
7742
7744
7745
7747
7748
7751
7757
7758
7759
7762
7767
7768
7771
7772
7775
7793
7794
7795
7798
7801
7802
7810
7811
7819
7823
7838
7843
7847
7848
7849
7852
7853
7856
7857
7858
7859
7865
7866
7867
7873
7879
7883
7888
7889
7892
7893
7894
7897
7919
7924
7938
7939
7942
7943
7946
7947
7948
7951
7952
7955
7974
7975
7978
7979
7982
7983
7984
7987
7988
7991
8010
8011
8014
8015
8018
8019
8020
8021
8028
8029
8030
8037
8038
8039
8100
8101
8102
8109
8110
8111
8118
8119
8120
8122
8126
8162
8167
8181
8182
8183
8190
8191
8192
8199
8200
8201
8203
8207
8212
8213
8216
8217
8218
8221
8224
8225
8233
8234
8243
8248
8252
8253
8254
8257
8258
8261
8284
8288
8293
8294
8297
8298
8299
8302
8303
8305
8306
8307
8308
8312
8314
8315
8333
8334
8335
8338
8339
8342
8343
8344
8348
8352
8353
8374
8375
8378
8379
8380
8383
8386
8387
8395
8396
8404
8405
8406
8407
8408
8413
8414
8415
8416
8417
8422
8423
8467
8468
8476
8477
8485
8486
8487
8488
8489
8494
8495
8496
8497
8498
8503
8504
8531
8533
8537
8541
8542
8545
8548
8549
8557
8558
8563
8567
8569
8572
8576
8577
8578
8581
8582
8585
8595
8599
8603
8608
8612
8614
8617
8618
8621
8622
8623
8626
8635
8636
8639
8644
8648
8650
8653
8657
8658
8659
8662
8663
8666
8667
8668
8671
8672
8675
8676
8677
8698
8699
8702
8703
8704
8707
8708
8712
8713
8717
8738
8739
8740
8743
8744
8747
8821
8825
8829
8830
8833
8834
8837
8855
8857
8861
8865
8866
8869
8887
8891
8893
8901
8902
8906
8927
8932
8936
8938
8941
8942
8945
8946
8947
8950
8953
8954
8959
8960
8962
8963
8972
8977
8981
8982
8983
8986
8987
8990
9013
9017
9034
9035
9043
9044
9113
9115
9116
9117
9121
9122
9124
9125
9133
9134
9135
9136
9137
9142
9143
9144
9145
9146
9149
9151
9152
9153
9154
9157
9158
9161
9179
9181
9185
9189
9190
9193
9194
9196
9197
9198
9205
9206
9214
9215
9216
9217
9218
9223
9224
9225
9226
9227
9230
9232
9233
9251
9260
9262
9266
9270
9271
9274
9277
9278
9286
9287
9292
9296
9298
9306
9324
9328
9477
9478
9481
9482
9485
9486
9487
9490
9491
9494
9513
9514
9517
9518
9521
9522
9523
9526
9527
9530
9549
9550
9553
9554
9557
9558
9559
9562
9563
9566
9567
9568
9571
9572
9575
9584
9586
9590
9594
9595
9598
9599
9602
9603
9604
9607
9608
9611
9616
9620
9622
9630
9631
9634
9635
9638
9682
9683
9691
9692
9763
9764
9769
9770
9772
9773
9778
9782
9784
9801
9802
9805
9806
9809
9810
9811
9814
9815
9818
9837
9838
9841
9842
9845
9846
9847
9850
9851
9854
9873
9874
9877
9878
9881
9882
9883
9886
9887
9890
9891
9892
9895
9896
9899
9918
9919
9922
9923
9926
9927
9928
9931
9932
9935
9954
9955
9958
9959
9962
10125
10126
10129
10130
10133
10134
10135
10138
10139
10142
10161
10162
10165
10166
10169
10170
10171
10174
10175
10178
10197
10198
10201
10202
10205
10206
10207
10210
10211
10214
10215
10216
10219
10220
10223
10242
10243
10246
10247
10250
10251
10252
10255
10256
10259
10278
10279
10282
10283
10286
10287
10288
10291
10292
10295
10296
10297
10300
10301
10304
10323
10324
10327
10328
10331
10332
10333
10336
10337
10340
10359
10360
10363
10364
10367
10501
10505
10512
10513
10514
10521
10522
10523
10529
10530
10531
10534
10535
10538
10539
10540
10543
10544
10547
10564
10565
10566
10567
10570
10571
10573
10574
10575
10576
10577
10579
10580
10582
10583
10586
10593
10594
10602
10603
10606
10607
10610
10611
10612
10615
10616
10619
10620
10621
10624
10625
10628
10629
10630
10636
10637
10645
10646
10647
10648
10651
10652
10654
10655
10656
10657
10658
10660
10661
10663
10664
10667
10673
10674
10675
10678
10683
10684
10687
10688
10691
10709
10710
10711
10714
10717
10718
10726
10727
10735
10739
10754
10759
10763
10764
10765
10768
10769
10772
10773
10774
10775
10781
10782
10783
10789
10795
10799
10804
10805
10808
10809
10810
10813
10835
10840
10854
10855
10858
10859
10862
10863
10864
10867
10868
10871
10890
10891
10894
10895
10898
10899
10900
10903
10904
10907
10926
10927
10930
10931
10934
11038
11042
11078
11081
11083
11088
11089
11090
11096
11097
11098
11099
11105
11106
11107
11113
11119
11123
11128
11129
11132
11133
11134
11137
11149
11153
11159
11160
11161
11162
11164
11168
11169
11170
11171
11173
11174
11177
11200
11204
11212
11213
11221
11225
11230
11234
11241
11242
11243
11250
11251
11252
11258
11293
11294
11302
11306
11311
11315
11322
11323
11357
11358
11359
11365
11366
11402
11407
11443
11447
11483
11488
11492
11493
11494
11497
11498
11501
11524
11528
11533
11534
11537
11538
11539
11542
11564
11569
11573
11574
11575
11578
11579
11582
11583
11584
11588
11592
11593
11614
11615
11618
11619
11620
11623
11624
11628
11629
11633
11654
11655
11656
11659
11660
11663
11664
11665
11666
11672
11673
11674
11680
11681
11682
11683
11689
11690
11729
11736
11737
11738
11744
11745
11746
11747
11753
11754
11755
11761
11797
11801
11808
11809
11810
11817
11818
11819
11825
11826
11827
11828
11834
11835
11836
11842
11848
11852
11857
11858
11861
11862
11863
11866
11878
11882
11888
11889
11890
11891
11893
11897
11898
11899
11900
11902
11903
11906
11929
11933
11938
11939
11941
11942
11943
11944
11947
11948
11950
11952
11953
11954
11957
11959
11963
11970
11971
11972
11978
11979
11980
11981
11983
11984
11987
11988
11989
11993
11997
11998
12019
12020
12022
12023
12024
12025
12028
12031
12035
12040
12044
12051
12052
12086
12087
12088
12094
12095
12212
12217
12221
12222
12223
12226
12227
12230
12253
12257
12262
12263
12266
12267
12268
12271
12293
12298
12393
12394
12395
12397
12398
12401
12402
12403
12406
12407
12409
12410
12411
12412
12418
12419
12429
12430
12433
12434
12437
12438
12439
12442
12443
12446
12458
12465
12466
12467
12469
12470
12473
12474
12475
12476
12478
12479
12482
12483
12484
12487
12488
12490
12491
12510
12511
12514
12515
12518
12519
12520
12523
12524
12526
12527
12530
12537
12538
12539
12546
12547
12548
12550
12551
12554
12555
12556
12557
12563
12564
12565
12571
12607
12611
12618
12619
12620
12627
12628
12629
12635
12670
12671
12679
12683
12717
12718
12721
12722
12725
12726
12727
12730
12731
12734
12753
12754
12757
12758
12761
12762
12763
12766
12767
12770
12789
12790
12793
12794
12797
12798
12799
12802
12803
12806
12807
12808
12811
12812
12815
12834
12835
12838
12839
12842
12843
12844
12847
12848
12851
12870
12871
12874
12875
12878
12977
12978
12979
12985
12986
12994
12995
13003
13007
13041
13042
13043
13045
13046
13049
13050
13051
13054
13055
13057
13058
13059
13060
13066
13067
13077
13078
13081
13082
13085
13086
13087
13090
13091
13094
13106
13113
13114
13115
13117
13118
13121
13122
13123
13124
13130
13131
13132
13133
13138
13139
13140
13141
13142
13147
13148
13187
13194
13195
13196
13202
13203
13204
13205
13211
13212
13213
13214
13219
13221
13222
13223
13255
13259
13266
13267
13268
13275
13276
13277
13283
13284
13285
13286
13292
13293
13294
13295
13300
13302
13303
13304
13327
13328
13336
13337
13340
13347
13348
13349
13356
13357
13358
13364
13399
13400
13408
13409
13412
13417
13418
13706
13707
13708
13714
13715
13723
13724
13732
13736
13770
13771
13772
13778
13779
13780
13786
13787
13788
13789
13795
13796
13835
13842
13843
13844
13850
13851
13852
13853
13859
13860
13861
13862
13867
13868
13869
13870
13871
13876
13877
13916
13923
13924
13925
13931
13932
13933
13934
13940
13941
13942
13943
13948
13950
13951
13952
13984
13988
13995
13996
14013
14014
14015
14022
14023
14024
14031
14032
14033
14056
14057
14065
14066
14137
14138
14146
14147
14290
14291
14299
14303
14308
14312
14319
14320
14354
14355
14356
14362
14363
14371
14372
14380
14384
14418
14419
14420
14426
14427
14428
14434
14580
14581
14582
14589
14590
14591
14598
14599
14600
14661
14662
14663
14670
14671
14672
14679
14680
14681
14742
14743
14744
14751
14752
14753
14760
14761
14762
14785
14786
14794
14795
14866
14867
14875
14876
14947
14948
14956
14957
14965
14966
14967
14968
14969
14974
14975
14976
14977
14978
14983
14984
15028
15029
15037
15038
15046
15047
15048
15049
15050
15055
15056
15057
15058
15059
15064
15065
15109
15110
15118
15119
15514
15515
15523
15524
15595
15596
15604
15605
15676
15677
15685
15686
15694
15695
15696
15697
15698
15703
15704
15705
15706
15707
15712
15713
15757
15758
15766
15767
15775
15776
15777
15778
15779
15784
15785
15786
15787
15788
15793
15794
15838
15839
15847
15848
16243
16244
16252
16253
16324
16325
16333
16334
16405
16406
16414
16415
16423
16424
16425
16426
16427
16432
16433
16434
16435
16436
16441
16442
16486
16487
16495
16496
16504
16505
16506
16507
16508
16513
16514
16515
16516
16517
16522
16523
16567
16568
16576
16577
16585
16586
16587
16588
16589
16594
16595
16596
16597
16598
16603
16604
16605
16606
16607
16614
16615
16616
16623
16624
16625
16666
16667
16668
16669
16670
16675
16676
16677
16678
16679
16684
16685
16686
16687
16688
16695
16696
16697
16704
16705
16706
16747
16748
16749
16750
16751
16756
16757
16758
16759
16760
16765
16766
17062
17066
17073
17074
17075
17082
17083
17084
17090
17125
17126
17134
17135
17138
17143
17144
17147
17152
17153
17154
17155
17156
17161
17162
17163
17164
17165
17170
17171
17189
17190
17191
17197
17198
17206
17207
17215
17216
17219
17224
17225
17228
17233
17234
17235
17236
17237
17242
17243
17244
17245
17246
17251
17252
17270
17271
17272
17278
17279
17287
17288
17296
17297
17300
17305
17306
17314
17315
17316
17317
17318
17323
17324
17325
17326
17327
17332
17333
17334
17335
17336
17342
17343
17344
17345
17350
17352
17353
17354
17395
17396
17397
17398
17399
17404
17405
17406
17407
17408
17413
17414
17415
17416
17417
17424
17425
17426
17433
17434
17435
17476
17477
17478
17479
17480
17485
17486
17487
17488
17489
17494
17495
17642
17649
17650
17651
17657
17658
17659
17660
17666
17667
17668
17674
17710
17714
17721
17722
17723
17730
17731
17732
17738
17773
17774
17782
17786
17791
17795
17802
17803
17804
17811
17812
17813
17819
17854
17855
17863
17864
17867
17872
17873
17876
17881
17882
17883
17884
17885
17890
17891
17892
17893
17894
17899
17900
17918
17919
17920
17926
17927
17944
17945
17953
17954
17962
17963
17964
17965
17966
17971
17972
17973
17974
17975
17980
17981
18025
18026
18034
18035
18225
18226
18227
18233
18234
18235
18241
18242
18243
18244
18250
18251
18290
18297
18298
18299
18305
18306
18307
18308
18314
18315
18316
18322
18358
18362
18369
18370
18371
18378
18379
18380
18386
18387
18388
18389
18395
18396
18397
18403
18439
18443
18450
18451
18452
18459
18460
18461
18467
18502
18503
18511
18515
18520
18524
18531
18532
18533
18540
18541
18542
18548
18583
18584
18592
18596
18601
18605
18612
18613
18647
18648
18649
18655
18656
18954
18955
18956
18962
18963
18964
18970
18971
18972
18973
18979
18980
19019
19026
19027
19028
19034
19035
19036
19037
19043
19044
19045
19051
19087
19091
19098
19099
19100
19107
19108
19109
19115
19116
19117
19118
19124
19125
19126
19132
19168
19172
19179
19180
19181
19188
19189
19190
19196
19231
19232
19240
19244
19538
19539
19540
19546
19547
19555
19556
19564
19568
19602
19603
19604
19610
19611
19612
19618
19619
19620
19621
19627
19628
19667
19674
19675
19676
19682
21346
21347
21355
21356
21427
21428
21436
21437
21508
21509
21517
21518
21526
21527
21528
21529
21530
21535
21536
21537
21538
21539
21544
21545
21589
21590
21598
21599
21607
21608
21609
21610
21611
21616
21617
21618
21619
21620
21625
21626
21670
21671
21679
21680
22075
22076
22084
22085
22156
22157
22165
22166
22237
22238
22246
22247
22255
22256
22257
22258
22259
22264
22265
22266
22267
22268
22273
22274
22318
22319
22327
22328
22336
22337
22338
22339
22340
22345
22346
22347
22348
22349
22354
22355
22399
22400
22408
22409
22804
22805
22813
22814
22885
22886
22894
22895
22966
22967
22975
22976
22984
22985
22986
22987
22988
22993
22994
22995
22996
22997
23002
23003
23047
23048
23056
23057
23065
23066
23067
23068
23069
23074
23075
23076
23077
23078
23083
23084
23128
23129
23137
23138
23146
23147
23148
23149
23150
23155
23156
23157
23158
23159
23164
23165
23166
23167
23168
23175
23176
23177
23184
23185
23186
23227
23228
23229
23230
23231
23236
23237
23238
23239
23240
23245
23246
23247
23248
23249
23256
23257
23258
23265
23266
23267
23308
23309
23310
23311
23312
23317
23318
23319
23320
23321
23326
23327
23695
23696
23704
23705
23713
23714
23715
23716
23717
23722
23723
23724
23725
23726
23731
23732
23776
23777
23785
23786
23794
23795
23796
23797
23798
23803
23804
23805
23806
23807
23812
23813
23857
23858
23866
23867
23875
23876
23877
23878
23879
23884
23885
23886
23887
23888
23893
23894
23895
23896
23897
23904
23905
23906
23913
23914
23915
23956
23957
23958
23959
23960
23965
23966
23967
23968
23969
23974
23975
23976
23977
23978
23985
23986
23987
23994
23995
23996
24037
24038
24039
24040
24041
24046
24047
24048
24049
24050
24055
24056
24424
24425
24433
24434
24442
24443
24444
24445
24446
24451
24452
24453
24454
24455
24460
24461
24505
24506
24514
24515
24523
24524
24525
24526
24527
24532
24533
24534
24535
24536
24541
24542
24586
24587
24595
24596
26244
26245
26248
26249
26252
26253
26254
26257
26258
26261
26280
26281
26284
26285
26288
26289
26290
26293
26294
26297
26316
26317
26320
26321
26324
26325
26326
26329
26330
26333
26334
26335
26338
26339
26342
26361
26362
26365
26366
26369
26370
26371
26374
26375
26378
26397
26398
26401
26402
26405
26568
26569
26572
26573
26576
26577
26578
26581
26582
26585
26604
26605
26608
26609
26612
26613
26614
26617
26618
26621
26640
26641
26644
26645
26648
26649
26650
26653
26654
26657
26658
26659
26662
26663
26666
26685
26686
26689
26690
26693
26694
26695
26698
26699
26702
26721
26722
26725
26726
26729
26892
26893
26896
26897
26900
26901
26902
26905
26906
26909
26928
26929
26932
26933
26936
26937
26938
26941
26942
26945
26964
26965
26968
26969
26972
26973
26974
26977
26978
26981
26982
26983
26986
26987
26990
27009
27010
27013
27014
27017
27018
27019
27022
27023
27026
27045
27046
27049
27050
27053
27054
27055
27058
27059
27062
27063
27064
27067
27068
27071
27090
27091
27094
27095
27098
27099
27100
27103
27104
27107
27126
27127
27130
27131
27134
27297
27298
27301
27302
27305
27306
27307
27310
27311
27314
27333
27334
27337
27338
27341
27342
27343
27346
27347
27350
27369
27370
27373
27374
27377
27378
27379
27382
27383
27386
27387
27388
27391
27392
27395
27414
27415
27418
27419
27422
27423
27424
27427
27428
27431
27450
27451
27454
27455
27458
27621
27622
27625
27626
27629
27630
27631
27634
27635
27638
27657
27658
27661
27662
27665
27666
27667
27670
27671
27674
27693
27694
27697
27698
27701
29160
29161
29164
29165
29168
29169
29170
29173
29174
29177
29196
29197
29200
29201
29204
29205
29206
29209
29210
29213
29232
29233
29236
29237
29240
29241
29242
29245
29246
29249
29250
29251
29254
29255
29258
29277
29278
29281
29282
29285
29286
29287
29290
29291
29294
29313
29314
29317
29318
29321
29484
29485
29488
29489
29492
29493
29494
29497
29498
29501
29520
29521
29524
29525
29528
29529
29530
29533
29534
29537
29556
29557
29560
29561
29564
29565
29566
29569
29570
29573
29574
29575
29578
29579
29582
29601
29602
29605
29606
29609
29610
29611
29614
29615
29618
29637
29638
29641
29642
29645
29808
29809
29812
29813
29816
29817
29818
29821
29822
29825
29844
29845
29848
29849
29852
29853
29854
29857
29858
29861
29880
29881
29884
29885
29888
29889
29890
29893
29894
29897
29898
29899
29902
29903
29906
29925
29926
29929
29930
29933
29934
29935
29938
29939
29942
29961
29962
29965
29966
29969
29970
29971
29974
29975
29978
29979
29980
29983
29984
29987
30006
30007
30010
30011
30014
30015
30016
30019
30020
30023
30042
30043
30046
30047
30050
30213
30214
30217
30218
30221
30222
30223
30226
30227
30230
30249
30250
30253
30254
30257
30258
30259
30262
30263
30266
30285
30286
30289
30290
30293
30294
30295
30298
30299
30302
30303
30304
30307
30308
30311
30330
30331
30334
30335
30338
30339
30340
30343
30344
30347
30366
30367
30370
30371
30374
30537
30538
30541
30542
30545
30546
30547
30550
30551
30554
30573
30574
30577
30578
30581
30582
30583
30586
30587
30590
30609
30610
30613
30614
30617
32076
32077
32080
32081
32084
32085
32086
32089
32090
32093
32112
32113
32116
32117
32120
32121
32122
32125
32126
32129
32148
32149
32152
32153
32156
32157
32158
32161
32162
32165
32166
32167
32170
32171
32174
32193
32194
32197
32198
32201
32202
32203
32206
32207
32210
32229
32230
32233
32234
32237
32400
32401
32404
32405
32408
32409
32410
32413
32414
32417
32436
32437
32440
32441
32444
32445
32446
32449
32450
32453
32472
32473
32476
32477
32480
32481
32482
32485
32486
32489
32490
32491
32494
32495
32498
32517
32518
32521
32522
32525
32526
32527
32530
32531
32534
32553
32554
32557
32558
32561
32724
32725
32728
32729
32732
32733
32734
32737
32738
32741
32760
32761
32764
32765
32768
32769
32770
32773
32774
32777
32796
32797
32800
32801
32804
32805
32806
32809
32810
32813
32814
32815
32818
32819
32822
32841
32842
32845
32846
32849
32850
32851
32854
32855
32858
32877
32878
32881
32882
32885
32886
32887
32890
32891
32894
32895
32896
32899
32900
32903
32922
32923
32926
32927
32930
32931
32932
32935
32936
32939
32958
32959
32962
32963
32966
33129
33130
33133
33134
33137
33138
33139
33142
33143
33146
33165
33166
33169
33170
33173
33174
33175
33178
33179
33182
33201
33202
33205
33206
33209
33210
33211
33214
33215
33218
33219
33220
33223
33224
33227
33246
33247
33250
33251
33254
33255
33256
33259
33260
33263
33282
33283
33286
33287
33290
33453
33454
33457
33458
33461
33462
33463
33466
33467
33470
33489
33490
33493
33494
33497
33498
33499
33502
33503
33506
33525
33526
33529
33530
33533
33534
33535
33538
33539
33542
33543
33544
33547
33548
33551
33570
33571
33574
33575
33578
33579
33580
33583
33584
33587
33606
33607
33610
33611
33614
33615
33616
33619
33620
33623
33624
33625
33628
33629
33632
33651
33652
33655
33656
33659
33660
33661
33664
33665
33668
33687
33688
33691
33692
33695
33858
33859
33862
33863
33866
33867
33868
33871
33872
33875
33894
33895
33898
33899
33902
33903
33904
33907
33908
33911
33930
33931
33934
33935
33938
33939
33940
33943
33944
33947
33948
33949
33952
33953
33956
33975
33976
33979
33980
33983
33984
33985
33988
33989
33992
34011
34012
34015
34016
34019
34182
34183
34186
34187
34190
34191
34192
34195
34196
34199
34218
34219
34222
34223
34226
34227
34228
34231
34232
34235
34254
34255
34258
34259
34262
35721
35722
35725
35726
35729
35730
35731
35734
35735
35738
35757
35758
35761
35762
35765
35766
35767
35770
35771
35774
35793
35794
35797
35798
35801
35802
35803
35806
35807
35810
35811
35812
35815
35816
35819
35838
35839
35842
35843
35846
35847
35848
35851
35852
35855
35874
35875
35878
35879
35882
36045
36046
36049
36050
36053
36054
36055
36058
36059
36062
36081
36082
36085
36086
36089
36090
36091
36094
36095
36098
36117
36118
36121
36122
36125
36126
36127
36130
36131
36134
36135
36136
36139
36140
36143
36162
36163
36166
36167
36170
36171
36172
36175
36176
36179
36198
36199
36202
36203
36206
36369
36370
36373
36374
36377
36378
36379
36382
36383
36386
36405
36406
36409
36410
36413
36414
36415
36418
36419
36422
36441
36442
36445
36446
36449
36450
36451
36454
36455
36458
36459
36460
36463
36464
36467
36486
36487
36490
36491
36494
36495
36496
36499
36500
36503
36522
36523
36526
36527
36530
36531
36532
36535
36536
36539
36540
36541
36544
36545
36548
36567
36568
36571
36572
36575
36576
36577
36580
36581
36584
36603
36604
36607
36608
36611
36774
36775
36778
36779
36782
36783
36784
36787
36788
36791
36810
36811
36814
36815
36818
36819
36820
36823
36824
36827
36846
36847
36850
36851
36854
36855
36856
36859
36860
36863
36864
36865
36868
36869
36872
36891
36892
36895
36896
36899
36900
36901
36904
36905
36908
36927
36928
36931
36932
36935
37098
37099
37102
37103
37106
37107
37108
37111
37112
37115
37134
37135
37138
37139
37142
37143
37144
37147
37148
37151
37170
37171
37174
37175
37178
38637
38638
38641
38642
38645
38646
38647
38650
38651
38654
38673
38674
38677
38678
38681
38682
38683
38686
38687
38690
38709
38710
38713
38714
38717
38718
38719
38722
38723
38726
38727
38728
38731
38732
38735
38754
38755
38758
38759
38762
38763
38764
38767
38768
38771
38790
38791
38794
38795
38798
38961
38962
38965
38966
38969
38970
38971
38974
38975
38978
38997
38998
39001
39002
39005
39006
39007
39010
39011
39014
39033
39034
39037
39038
39041
39042
39043
39046
39047
39050
39051
39052
39055
39056
39059
39078
39079
39082
39083
39086
39087
39088
39091
39092
39095
39114
39115
39118
39119
39122
39285
39286
39289
39290
39293
39294
39295
39298
39299
39302
39321
39322
39325
39326
39329
39330
39331
39334
39335
39338
39357
39358
39361
39362
39365
52488
52489
52492
52493
52496
52497
52498
52501
52502
52505
52524
52525
52528
52529
52532
52533
52534
52537
52538
52541
52560
52561
52564
52565
52568
52569
52570
52573
52574
52577
52578
52579
52582
52583
52586
52605
52606
52609
52610
52613
52614
52615
52618
52619
52622
52641
52642
52645
52646
52649
52812
52813
52816
52817
52820
52821
52822
52825
52826
52829
52848
52849
52852
52853
52856
52857
52858
52861
52862
52865
52884
52885
52888
52889
52892
52893
52894
52897
52898
52901
52902
52903
52906
52907
52910
52929
52930
52933
52934
52937
52938
52939
52942
52943
52946
52965
52966
52969
52970
52973
53136
53137
53140
53141
53144
53145
53146
53149
53150
53153
53172
53173
53176
53177
53180
53181
53182
53185
53186
53189
53208
53209
53212
53213
53216
53217
53218
53221
53222
53225
53226
53227
53230
53231
53234
53253
53254
53257
53258
53261
53262
53263
53266
53267
53270
53289
53290
53293
53294
53297
53298
53299
53302
53303
53306
53307
53308
53311
53312
53315
53334
53335
53338
53339
53342
53343
53344
53347
53348
53351
53370
53371
53374
53375
53378
53541
53542
53545
53546
53549
53550
53551
53554
53555
53558
53577
53578
53581
53582
53585
53586
53587
53590
53591
53594
53613
53614
53617
53618
53621
53622
53623
53626
53627
53630
53631
53632
53635
53636
53639
53658
53659
53662
53663
53666
53667
53668
53671
53672
53675
53694
53695
53698
53699
53702
53865
53866
53869
53870
53873
53874
53875
53878
53879
53882
53901
53902
53905
53906
53909
53910
53911
53914
53915
53918
53937
53938
53941
53942
53945
55404
55405
55408
55409
55412
55413
55414
55417
55418
55421
55440
55441
55444
55445
55448
55449
55450
55453
55454
55457
55476
55477
55480
55481
55484
55485
55486
55489
55490
55493
55494
55495
55498
55499
55502
55521
55522
55525
55526
55529
55530
55531
55534
55535
55538
55557
55558
55561
55562
55565
55728
55729
55732
55733
55736
55737
55738
55741
55742
55745
55764
55765
55768
55769
55772
55773
55774
55777
55778
55781
55800
55801
55804
55805
55808
55809
55810
55813
55814
55817
55818
55819
55822
55823
55826
55845
55846
55849
55850
55853
55854
55855
55858
55859
55862
55881
55882
55885
55886
55889
56052
56053
56056
56057
56060
56061
56062
56065
56066
56069
56088
56089
56092
56093
56096
56097
56098
56101
56102
56105
56124
56125
56128
56129
56132
56133
56134
56137
56138
56141
56142
56143
56146
56147
56150
56169
56170
56173
56174
56177
56178
56179
56182
56183
56186
56205
56206
56209
56210
56213
56214
56215
56218
56219
56222
56223
56224
56227
56228
56231
56250
56251
56254
56255
56258
56259
56260
56263
56264
56267
56286
56287
56290
56291
56294
56457
56458
56461
56462
56465
56466
56467
56470
56471
56474
56493
56494
56497
56498
56501
56502
56503
56506
56507
56510
56529
56530
56533
56534
56537
56538
56539
56542
56543
56546
56547
56548
56551
56552
56555
56574
56575
56578
56579
56582
56583
56584
56587
56588
56591
56610
56611
56614
56615
56618
56781
56782
56785
56786
56789
56790
56791
56794
56795
56798
56817
56818
56821
56822
56825
56826
56827
56830
56831
56834
56853
56854
56857
56858
56861
58320
58321
58324
58325
58328
58329
58330
58333
58334
58337
58356
58357
58360
58361
58364
58365
58366
58369
58370
58373
58392
58393
58396
58397
58400
58401
58402
58405
58406
58409
58410
58411
58414
58415
58418
58437
58438
58441
58442
58445
58446
58447
58450
58451
58454
58473
58474
58477
58478
58481
58644
58645
58648
58649
58652
58653
58654
58657
58658
58661
58680
58681
58684
58685
58688
58689
58690
58693
58694
58697
58716
58717
58720
58721
58724
58725
58726
58729
58730
58733
58734
58735
58738
58739
58742
58761
58762
58765
58766
58769
58770
58771
58774
58775
58778
58797
58798
58801
58802
58805
58968
58969
58972
58973
58976
58977
58978
58981
58982
58985
59004
59005
59008
59009
59012
59013
59014
59017
59018
59021
59040
59041
59044
59045
59048
59049
59050
59053
59054
59057
59058
59059
59062
59063
59066
59085
59086
59089
59090
59093
59094
59095
59098
59099
59102
59121
59122
59125
59126
59129
59130
59131
59134
59135
59138
59139
59140
59143
59144
59147
59166
59167
59170
59171
59174
59175
59176
59179
59180
59183
59202
59203
59206
59207
59210
59373
59374
59377
59378
59381
59382
59383
59386
59387
59390
59409
59410
59413
59414
59417
59418
59419
59422
59423
59426
59445
59446
59449
59450
59453
59454
59455
59458
59459
59462
59463
59464
59467
59468
59471
59490
59491
59494
59495
59498
59499
59500
59503
59504
59507
59526
59527
59530
59531
59534
59697
59698
59701
59702
59705
59706
59707
59710
59711
59714
59733
59734
59737
59738
59741
59742
59743
59746
59747
59750
59769
59770
59773
59774
59777
59778
59779
59782
59783
59786
59787
59788
59791
59792
59795
59814
59815
59818
59819
59822
59823
59824
59827
59828
59831
59850
59851
59854
59855
59858
59859
59860
59863
59864
59867
59868
59869
59872
59873
59876
59895
59896
59899
59900
59903
59904
59905
59908
59909
59912
59931
59932
59935
59936
59939
60102
60103
60106
60107
60110
60111
60112
60115
60116
60119
60138
60139
60142
60143
60146
60147
60148
60151
60152
60155
60174
60175
60178
60179
60182
60183
60184
60187
60188
60191
60192
60193
60196
60197
60200
60219
60220
60223
60224
60227
60228
60229
60232
60233
60236
60255
60256
60259
60260
60263
60426
60427
60430
60431
60434
60435
60436
60439
60440
60443
60462
60463
60466
60467
60470
60471
60472
60475
60476
60479
60498
60499
60502
60503
60506
61965
61966
61969
61970
61973
61974
61975
61978
61979
61982
62001
62002
62005
62006
62009
62010
62011
62014
62015
62018
62037
62038
62041
62042
62045
62046
62047
62050
62051
62054
62055
62056
62059
62060
62063
62082
62083
62086
62087
62090
62091
62092
62095
62096
62099
62118
62119
62122
62123
62126
62289
62290
62293
62294
62297
62298
62299
62302
62303
62306
62325
62326
62329
62330
62333
62334
62335
62338
62339
62342
62361
62362
62365
62366
62369
62370
62371
62374
62375
62378
62379
62380
62383
62384
62387
62406
62407
62410
62411
62414
62415
62416
62419
62420
62423
62442
62443
62446
62447
62450
62613
62614
62617
62618
62621
62622
62623
62626
62627
62630
62649
62650
62653
62654
62657
62658
62659
62662
62663
62666
62685
62686
62689
62690
62693
62694
62695
62698
62699
62702
62703
62704
62707
62708
62711
62730
62731
62734
62735
62738
62739
62740
62743
62744
62747
62766
62767
62770
62771
62774
62775
62776
62779
62780
62783
62784
62785
62788
62789
62792
62811
62812
62815
62816
62819
62820
62821
62824
62825
62828
62847
62848
62851
62852
62855
63018
63019
63022
63023
63026
63027
63028
63031
63032
63035
63054
63055
63058
63059
63062
63063
63064
63067
63068
63071
63090
63091
63094
63095
63098
63099
63100
63103
63104
63107
63108
63109
63112
63113
63116
63135
63136
63139
63140
63143
63144
63145
63148
63149
63152
63171
63172
63175
63176
63179
63342
63343
63346
63347
63350
63351
63352
63355
63356
63359
63378
63379
63382
63383
63386
63387
63388
63391
63392
63395
63414
63415
63418
63419
63422
64881
64882
64885
64886
64889
64890
64891
64894
64895
64898
64917
64918
64921
64922
64925
64926
64927
64930
64931
64934
64953
64954
64957
64958
64961
64962
64963
64966
64967
64970
64971
64972
64975
64976
64979
64998
64999
65002
65003
65006
65007
65008
65011
65012
65015
65034
65035
65038
65039
65042
65205
65206
65209
65210
65213
65214
65215
65218
65219
65222
65241
65242
65245
65246
65249
65250
65251
65254
65255
65258
65277
65278
65281
65282
65285
65286
65287
65290
65291
65294
65295
65296
65299
65300
65303
65322
65323
65326
65327
65330
65331
65332
65335
65336
65339
65358
65359
65362
65363
65366
65529
65530
65533
65534
65537
65538
65539
65542
65543
65546
65565
65566
65569
65570
65573
65574
65575
65578
65579
65582
65601
65602
65605
65606
65609
65610
65611
65614
65615
65618
65619
65620
65623
65624
65627
65646
65647
65650
65651
65654
65655
65656
65659
65660
65663
65682
65683
65686
65687
65690
65691
65692
65695
65696
65699
65700
65701
65704
65705
65708
65727
65728
65731
65732
65735
65736
65737
65740
65741
65744
65763
65764
65767
65768
65771
65934
65935
65938
65939
65942
65943
65944
65947
65948
65951
65970
65971
65974
65975
65978
65979
65980
65983
65984
65987
66006
66007
66010
66011
66014
66015
66016
66019
66020
66023
66024
66025
66028
66029
66032
66051
66052
66055
66056
66059
66060
66061
66064
66065
66068
66087
66088
66091
66092
66095
66258
66259
66262
66263
66266
66267
66268
66271
66272
66275
66294
66295
66298
66299
66302
66303
66304
66307
66308
66311
66330
66331
66334
66335
66338
66339
66340
66343
66344
66347
66348
66349
66352
66353
66356
66375
66376
66379
66380
66383
66384
66385
66388
66389
66392
66411
66412
66415
66416
66419
66420
66421
66424
66425
66428
66429
66430
66433
66434
66437
66456
66457
66460
66461
66464
66465
66466
66469
66470
66473
66492
66493
66496
66497
66500
66663
66664
66667
66668
66671
66672
66673
66676
66677
66680
66699
66700
66703
66704
66707
66708
66709
66712
66713
66716
66735
66736
66739
66740
66743
66744
66745
66748
66749
66752
66753
66754
66757
66758
66761
66780
66781
66784
66785
66788
66789
66790
66793
66794
66797
66816
66817
66820
66821
66824
66987
66988
66991
66992
66995
66996
66997
67000
67001
67004
67023
67024
67027
67028
67031
67032
67033
67036
67037
67040
67059
67060
67063
67064
67067
68526
68527
68530
68531
68534
68535
68536
68539
68540
68543
68562
68563
68566
68567
68570
68571
68572
68575
68576
68579
68598
68599
68602
68603
68606
68607
68608
68611
68612
68615
68616
68617
68620
68621
68624
68643
68644
68647
68648
68651
68652
68653
68656
68657
68660
68679
68680
68683
68684
68687
68850
68851
68854
68855
68858
68859
68860
68863
68864
68867
68886
68887
68890
68891
68894
68895
68896
68899
68900
68903
68922
68923
68926
68927
68930
68931
68932
68935
68936
68939
68940
68941
68944
68945
68948
68967
68968
68971
68972
68975
68976
68977
68980
68981
68984
69003
69004
69007
69008
69011
69174
69175
69178
69179
69182
69183
69184
69187
69188
69191
69210
69211
69214
69215
69218
69219
69220
69223
69224
69227
69246
69247
69250
69251
69254
69255
69256
69259
69260
69263
69264
69265
69268
69269
69272
69291
69292
69295
69296
69299
69300
69301
69304
69305
69308
69327
69328
69331
69332
69335
69336
69337
69340
69341
69344
69345
69346
69349
69350
69353
69372
69373
69376
69377
69380
69381
69382
69385
69386
69389
69408
69409
69412
69413
69416
69579
69580
69583
69584
69587
69588
69589
69592
69593
69596
69615
69616
69619
69620
69623
69624
69625
69628
69629
69632
69651
69652
69655
69656
69659
69660
69661
69664
69665
69668
69669
69670
69673
69674
69677
69696
69697
69700
69701
69704
69705
69706
69709
69710
69713
69732
69733
69736
69737
69740
69903
69904
69907
69908
69911
69912
69913
69916
69917
69920
69939
69940
69943
69944
69947
69948
69949
69952
69953
69956
69975
69976
69979
69980
69983
71442
71443
71446
71447
71450
71451
71452
71455
71456
71459
71478
71479
71482
71483
71486
71487
71488
71491
71492
71495
71514
71515
71518
71519
71522
71523
71524
71527
71528
71531
71532
71533
71536
71537
71540
71559
71560
71563
71564
71567
71568
71569
71572
71573
71576
71595
71596
71599
71600
71603
71766
71767
71770
71771
71774
71775
71776
71779
71780
71783
71802
71803
71806
71807
71810
71811
71812
71815
71816
71819
71838
71839
71842
71843
71846
71847
71848
71851
71852
71855
71856
71857
71860
71861
71864
71883
71884
71887
71888
71891
71892
71893
71896
71897
71900
71919
71920
71923
71924
71927
72090
72091
72094
72095
72098
72099
72100
72103
72104
72107
72126
72127
72130
72131
72134
72135
72136
72139
72140
72143
72162
72163
72166
72167
72170
85293
85294
85297
85298
85301
85302
85303
85306
85307
85310
85329
85330
85333
85334
85337
85338
85339
85342
85343
85346
85365
85366
85369
85370
85373
85374
85375
85378
85379
85382
85383
85384
85387
85388
85391
85410
85411
85414
85415
85418
85419
85420
85423
85424
85427
85446
85447
85450
85451
85454
85617
85618
85621
85622
85625
85626
85627
85630
85631
85634
85653
85654
85657
85658
85661
85662
85663
85666
85667
85670
85689
85690
85693
85694
85697
85698
85699
85702
85703
85706
85707
85708
85711
85712
85715
85734
85735
85738
85739
85742
85743
85744
85747
85748
85751
85770
85771
85774
85775
85778
85941
85942
85945
85946
85949
85950
85951
85954
85955
85958
85977
85978
85981
85982
85985
85986
85987
85990
85991
85994
86013
86014
86017
86018
86021
86022
86023
86026
86027
86030
86031
86032
86035
86036
86039
86058
86059
86062
86063
86066
86067
86068
86071
86072
86075
86094
86095
86098
86099
86102
86103
86104
86107
86108
86111
86112
86113
86116
86117
86120
86139
86140
86143
86144
86147
86148
86149
86152
86153
86156
86175
86176
86179
86180
86183
86346
86347
86350
86351
86354
86355
86356
86359
86360
86363
86382
86383
86386
86387
86390
86391
86392
86395
86396
86399
86418
86419
86422
86423
86426
86427
86428
86431
86432
86435
86436
86437
86440
86441
86444
86463
86464
86467
86468
86471
86472
86473
86476
86477
86480
86499
86500
86503
86504
86507
86670
86671
86674
86675
86678
86679
86680
86683
86684
86687
86706
86707
86710
86711
86714
86715
86716
86719
86720
86723
86742
86743
86746
86747
86750
88209
88210
88213
88214
88217
88218
88219
88222
88223
88226
88245
88246
88249
88250
88253
88254
88255
88258
88259
88262
88281
88282
88285
88286
88289
88290
88291
88294
88295
88298
88299
88300
88303
88304
88307
88326
88327
88330
88331
88334
88335
88336
88339
88340
88343
88362
88363
88366
88367
88370
88533
88534
88537
88538
88541
88542
88543
88546
88547
88550
88569
88570
88573
88574
88577
88578
88579
88582
88583
88586
88605
88606
88609
88610
88613
88614
88615
88618
88619
88622
88623
88624
88627
88628
88631
88650
88651
88654
88655
88658
88659
88660
88663
88664
88667
88686
88687
88690
88691
88694
88857
88858
88861
88862
88865
88866
88867
88870
88871
88874
88893
88894
88897
88898
88901
88902
88903
88906
88907
88910
88929
88930
88933
88934
88937
88938
88939
88942
88943
88946
88947
88948
88951
88952
88955
88974
88975
88978
88979
88982
88983
88984
88987
88988
88991
89010
89011
89014
89015
89018
89019
89020
89023
89024
89027
89028
89029
89032
89033
89036
89055
89056
89059
89060
89063
89064
89065
89068
89069
89072
89091
89092
89095
89096
89099
89262
89263
89266
89267
89270
89271
89272
89275
89276
89279
89298
89299
89302
89303
89306
89307
89308
89311
89312
89315
89334
89335
89338
89339
89342
89343
89344
89347
89348
89351
89352
89353
89356
89357
89360
89379
89380
89383
89384
89387
89388
89389
89392
89393
89396
89415
89416
89419
89420
89423
89586
89587
89590
89591
89594
89595
89596
89599
89600
89603
89622
89623
89626
89627
89630
89631
89632
89635
89636
89639
89658
89659
89662
89663
89666
91125
91126
91129
91130
91133
91134
91135
91138
91139
91142
91161
91162
91165
91166
91169
91170
91171
91174
91175
91178
91197
91198
91201
91202
91205
91206
91207
91210
91211
91214
91215
91216
91219
91220
91223
91242
91243
91246
91247
91250
91251
91252
91255
91256
91259
91278
91279
91282
91283
91286
91449
91450
91453
91454
91457
91458
91459
91462
91463
91466
91485
91486
91489
91490
91493
91494
91495
91498
91499
91502
91521
91522
91525
91526
91529
91530
91531
91534
91535
91538
91539
91540
91543
91544
91547
91566
91567
91570
91571
91574
91575
91576
91579
91580
91583
91602
91603
91606
91607
91610
91773
91774
91777
91778
91781
91782
91783
91786
91787
91790
91809
91810
91813
91814
91817
91818
91819
91822
91823
91826
91845
91846
91849
91850
91853
91854
91855
91858
91859
91862
91863
91864
91867
91868
91871
91890
91891
91894
91895
91898
91899
91900
91903
91904
91907
91926
91927
91930
91931
91934
91935
91936
91939
91940
91943
91944
91945
91948
91949
91952
91971
91972
91975
91976
91979
91980
91981
91984
91985
91988
92007
92008
92011
92012
92015
92178
92179
92182
92183
92186
92187
92188
92191
92192
92195
92214
92215
92218
92219
92222
92223
92224
92227
92228
92231
92250
92251
92254
92255
92258
92259
92260
92263
92264
92267
92268
92269
92272
92273
92276
92295
92296
92299
92300
92303
92304
92305
92308
92309
92312
92331
92332
92335
92336
92339
92502
92503
92506
92507
92510
92511
92512
92515
92516
92519
92538
92539
92542
92543
92546
92547
92548
92551
92552
92555
92574
92575
92578
92579
92582
92583
92584
92587
92588
92591
92592
92593
92596
92597
92600
92619
92620
92623
92624
92627
92628
92629
92632
92633
92636
92655
92656
92659
92660
92663
92664
92665
92668
92669
92672
92673
92674
92677
92678
92681
92700
92701
92704
92705
92708
92709
92710
92713
92714
92717
92736
92737
92740
92741
92744
92907
92908
92911
92912
92915
92916
92917
92920
92921
92924
92943
92944
92947
92948
92951
92952
92953
92956
92957
92960
92979
92980
92983
92984
92987
92988
92989
92992
92993
92996
92997
92998
93001
93002
93005
93024
93025
93028
93029
93032
93033
93034
93037
93038
93041
93060
93061
93064
93065
93068
93231
93232
93235
93236
93239
93240
93241
93244
93245
93248
93267
93268
93271
93272
93275
93276
93277
93280
93281
93284
93303
93304
93307
93308
93311
94770
94771
94774
94775
94778
94779
94780
94783
94784
94787
94806
94807
94810
94811
94814
94815
94816
94819
94820
94823
94842
94843
94846
94847
94850
94851
94852
94855
94856
94859
94860
94861
94864
94865
94868
94887
94888
94891
94892
94895
94896
94897
94900
94901
94904
94923
94924
94927
94928
94931
95094
95095
95098
95099
95102
95103
95104
95107
95108
95111
95130
95131
95134
95135
95138
95139
95140
95143
95144
95147
95166
95167
95170
95171
95174
95175
95176
95179
95180
95183
95184
95185
95188
95189
95192
95211
95212
95215
95216
95219
95220
95221
95224
95225
95228
95247
95248
95251
95252
95255
95418
95419
95422
95423
95426
95427
95428
95431
95432
95435
95454
95455
95458
95459
95462
95463
95464
95467
95468
95471
95490
95491
95494
95495
95498
95499
95500
95503
95504
95507
95508
95509
95512
95513
95516
95535
95536
95539
95540
95543
95544
95545
95548
95549
95552
95571
95572
95575
95576
95579
95580
95581
95584
95585
95588
95589
95590
95593
95594
95597
95616
95617
95620
95621
95624
95625
95626
95629
95630
95633
95652
95653
95656
95657
95660
95823
95824
95827
95828
95831
95832
95833
95836
95837
95840
95859
95860
95863
95864
95867
95868
95869
95872
95873
95876
95895
95896
95899
95900
95903
95904
95905
95908
95909
95912
95913
95914
95917
95918
95921
95940
95941
95944
95945
95948
95949
95950
95953
95954
95957
95976
95977
95980
95981
95984
96147
96148
96151
96152
96155
96156
96157
96160
96161
96164
96183
96184
96187
96188
96191
96192
96193
96196
96197
96200
96219
96220
96223
96224
96227
97686
97687
97690
97691
97694
97695
97696
97699
97700
97703
97722
97723
97726
97727
97730
97731
97732
97735
97736
97739
97758
97759
97762
97763
97766
97767
97768
97771
97772
97775
97776
97777
97780
97781
97784
97803
97804
97807
97808
97811
97812
97813
97816
97817
97820
97839
97840
97843
97844
97847
98010
98011
98014
98015
98018
98019
98020
98023
98024
98027
98046
98047
98050
98051
98054
98055
98056
98059
98060
98063
98082
98083
98086
98087
98090
98091
98092
98095
98096
98099
98100
98101
98104
98105
98108
98127
98128
98131
98132
98135
98136
98137
98140
98141
98144
98163
98164
98167
98168
98171
98334
98335
98338
98339
98342
98343
98344
98347
98348
98351
98370
98371
98374
98375
98378
98379
98380
98383
98384
98387
98406
98407
98410
98411
98414
