2
3
4
5
6
7
8
9
10
11
12
13
14
15
16
17
18
19
20
21
22
23
24
25
26
27
28
29
30
31
32
33
34
35
36
37
38
39
40
41
42
43
44
45
46
47
48
49
50
51
52
53
54
55
57
58
59
60
61
62
63
64
65
66
67
68
69
70
71
72
73
74
75
76
77
78
79
80
81
82
83
84
85
86
87
88
89
90
91
92
93
94
95
96
97
98
99
100
101
102
103
104
105
106
107
108
109
110
111
113
114
115
116
117
118
120
121
122
123
124
125
126
127
129
130
131
132
134
135
136
138
139
140
144
145
146
147
151
152
153
154
155
156
157
158
159
160
161
162
163
164
165
169
170
171
172
173
174
178
179
180
181
182
183
187
188
189
190
191
192
193
195
196
197
198
199
210
211
213
214
216
217
219
220
222
223
225
226
227
228
232
233
234
235
236
237
238
240
241
242
243
244
245
246
247
249
250
251
252
253
254
255
259
260
261
262
263
264
265
267
268
269
270
271
272
273
274
276
277
278
279
280
284
285
287
288
289
291
292
293
294
295
296
297
298
300
301
303
304
306
307
308
309
313
314
315
316
317
318
319
320
321
322
323
324
325
327
328
329
330
331
332
333
334
337
338
339
341
356
357
359
360
361
364
365
366
368
369
370
373
374
375
377
378
379
382
396
397
400
401
402
404
405
406
409
410
411
413
414
415
418
419
420
422
437
438
440
441
442
445
446
447
449
450
451
454
455
456
458
459
460
463
477
478
481
482
483
485
486
487
490
491
492
494
495
496
499
500
567
568
569
570
574
575
576
577
578
579
583
584
585
586
587
588
592
593
594
595
596
597
601
602
630
631
632
633
637
638
639
640
641
642
646
647
648
649
650
651
655
656
657
658
659
660
664
665
666
667
668
669
673
674
675
676
677
678
682
683
711
712
713
714
718
719
720
721
722
723
727
728
729
730
731
732
736
737
738
739
740
741
745
746
747
748
749
750
754
755
756
757
758
759
763
764
792
793
794
795
799
800
801
802
803
804
808
809
810
811
812
813
817
818
819
820
821
822
826
827
828
829
830
831
835
836
837
838
839
840
844
845
873
874
875
876
880
881
882
883
884
885
889
890
891
892
893
894
898
899
900
901
902
903
907
908
909
910
911
912
916
917
918
919
920
921
925
926
954
955
956
957
961
962
963
964
965
966
970
971
972
973
974
975
979
980
981
982
983
984
988
989
990
991
992
993
997
998
999
1000
