2
4
5
7
8
9
10
11
13
14
16
17
18
19
20
22
23
25
26
28
29
31
32
34
35
36
37
41
43
44
45
46
53
62
63
64
65
70
71
72
73
76
79
81
82
83
85
86
88
90
91
94
95
99
100
101
103
106
107
109
110
115
116
117
118
125
126
127
146
149
153
155
160
162
163
164
169
171
173
180
184
193
194
198
199
200
202
205
206
207
208
209
214
215
218
221
225
226
227
229
230
234
235
259
261
263
269
271
274
275
278
279
286
287
290
292
293
295
296
299
301
302
306
307
315
316
324
325
326
328
329
333
334
337
338
365
369
373
374
382
383
405
406
409
410
414
415
418
419
469
477
496
505
511
512
521
524
530
542
548
550
551
567
568
584
585
586
589
592
593
598
602
605
611
631
634
635
639
640
643
644
657
659
668
677
683
684
686
689
697
698
701
710
711
712
729
730
731
733
734
736
738
739
740
742
743
746
747
748
754
755
763
764
765
766
770
774
775
792
794
808
810
811
814
815
819
820
823
824
835
836
844
845
846
847
855
856
862
891
892
919
920
927
928
934
935
943
944
949
954
955
962
963
964
981
982
990
1000
1015
1016
1021
1022
1024
1025
1030
1031
1035
1036
1044
1045
1053
1054
1057
1058
1062
1063
1066
1067
1102
1103
1111
1112
1134
1135
1138
1139
1143
1144
1147
1148
1313
1314
1315
1331
1377
1378
1379
1387
1394
1395
1396
1444
1445
1453
1454
1458
1459
1460
1467
1475
1476
1477
1490
1499
1523
1539
1540
1541
1585
1594
1651
1656
1663
1664
1666
1672
1675
1736
1744
1745
1825
1826
1834
1835
1838
1843
1844
1845
1846
1852
1854
1855
1856
1881
1882
1898
1901
1906
1907
1915
1916
1918
1919
1924
1925
1926
1927
1935
1936
1962
1963
1999
2000
2025
2026
2034
2035
2042
2043
2044
2050
2051
2059
2060
2061
2070
2080
2090
2106
2107
2115
2116
2131
2132
2140
2141
2144
2150
2171
2173
2174
2182
2183
2219
2228
2320
2392
2393
2396
2401
2402
2405
2421
2422
2456
2477
2482
2483
2486
2500
2502
2554
2555
2563
2564
2572
2573
2574
2575
2581
2583
2584
2610
2611
2627
2628
2629
2630
2635
2636
2637
2638
2644
2645
2655
2656
2664
2665
2691
2692
2709
2710
2718
2719
2754
2755
2763
2764
2779
2780
2788
2789
2835
2836
2844
2845
2860
2861
2869
2870
2916
2917
2920
2921
2925
2926
2929
2930
2952
2953
2961
2962
2997
2998
3001
3002
3006
3007
3010
3011
3033
3034
3042
3043
3357
3358
3366
3367
3438
3439
3447
3448
3645
3646
3649
3650
3654
3655
3658
3659
3681
3682
3690
3691
3726
3727
3730
3731
3735
3736
3739
3740
3762
3763
3771
3772
4689
4690
4716
4717
4745
4751
4754
4770
4771
4895
4898
4904
4925
4959
4960
4976
4979
4985
5210
5231
5237
5240
5265
5266
5274
5275
5291
5418
5419
5445
5446
5474
5480
5483
5499
5500
6561
6562
6565
6566
6570
6571
6574
6575
6586
6587
6595
6596
6597
6598
6606
6607
6626
6642
6643
6646
6647
6651
6652
6655
6656
6667
6668
6676
6677
6678
6679
6687
6688
6766
6767
6770
6775
6776
6779
6786
6787
6795
6796
6830
6847
6848
6851
6853
6854
6856
6857
6860
6862
6863
6867
6868
6876
6877
6885
6886
6889
6890
6894
6895
6898
6899
6934
6935
6943
6944
6966
6967
6970
6971
6975
6976
6979
6980
7082
7085
7091
7112
7146
7147
7163
7166
7172
7290
7291
7294
7295
7299
7300
7303
7304
7315
7316
7324
7325
7326
7327
7335
7336
7355
7371
7372
7375
7376
7380
7381
7384
7385
7396
7397
7405
7406
7407
7408
7416
7417
7495
7496
7504
7505
7515
7516
7524
7525
7576
7577
7582
7583
7585
7586
7591
7592
7596
7597
7605
7606
7614
7615
7618
7619
7623
7624
7627
7628
7663
7664
7672
7673
7695
7696
7699
7700
7704
7705
7708
7709
8386
8387
8395
8396
8406
8407
8415
8416
8467
8468
8476
8477
8487
8488
8496
8497
8586
8587
8595
8596
8611
8612
8620
8621
8667
8668
8676
8677
8692
8693
8701
8702
9115
9116
9124
9125
9135
9136
9144
9145
9189
9190
9196
9197
9198
9199
9205
9206
9216
9217
9225
9226
9270
9271
9279
9280
9315
9316
9324
9325
9340
9341
9349
9350
9396
9397
9405
9406
9421
9422
9430
9431
9477
9478
9481
9482
9486
9487
9490
9491
9513
9514
9522
9523
9558
9559
9562
9563
9567
9568
9571
9572
9594
9595
9603
9604
9918
9919
9927
9928
9999
10000
10008
10009
10206
10207
10210
10211
10215
10216
10219
10220
10242
10243
10251
10252
10287
10288
10291
10292
10296
10297
10300
10301
10323
10324
10332
10333
16405
16406
16414
16415
16425
16426
16434
16435
16486
16487
16495
16496
16506
16507
16515
16516
16605
16606
16614
16615
16630
16631
16639
16640
16686
16687
16695
16696
16711
16712
16720
16721
17134
17135
17143
17144
17154
17155
17163
17164
17215
17216
17224
17225
17235
17236
17244
17245
17334
17335
17343
17344
17359
17360
17368
17369
17415
17416
17424
17425
17440
17441
17449
17450
18225
18226
18234
18235
18250
18251
18259
18260
18306
18307
18315
18316
18331
18332
18340
18341
18430
18431
18439
18440
18450
18451
18459
18460
18511
18512
18520
18521
18531
18532
18540
18541
18954
18955
18963
18964
18979
18980
18988
18989
19035
19036
19044
19045
19060
19061
19069
19070
19159
19160
19168
19169
19179
19180
19188
19189
19240
19241
19249
19250
19260
19261
19269
19270
22966
22967
22975
22976
22986
22987
22995
22996
23047
23048
23056
23057
23067
23068
23076
23077
23166
23167
23175
23176
23191
23192
23200
23201
23247
23248
23256
23257
23272
23273
23281
23282
23695
23696
23704
23705
23715
23716
23724
23725
23776
23777
23785
23786
23796
23797
23805
23806
23895
23896
23904
23905
23920
23921
23929
23930
23976
23977
23985
23986
24001
24002
24010
24011
24786
24787
24795
24796
24811
24812
24820
24821
24867
24868
24876
24877
24892
24893
24901
24902
24991
24992
25000
25001
25011
25012
25020
25021
25072
25073
25081
25082
25092
25093
25101
25102
25515
25516
25524
25525
25540
25541
25549
25550
25596
25597
25605
25606
25621
25622
25630
25631
25720
25721
25729
25730
25740
25741
25749
25750
25801
25802
25810
25811
25821
25822
25830
25831
