2
4
5
7
8
9
10
11
13
14
16
17
18
19
20
22
23
25
26
28
29
31
32
34
35
36
37
38
40
41
43
44
45
46
47
49
50
52
53
55
56
58
59
61
62
63
64
65
67
68
70
71
72
73
74
76
77
79
80
81
82
83
85
86
88
89
90
91
92
94
95
97
98
99
100
101
103
104
106
107
109
110
112
113
115
116
117
118
119
121
122
124
125
126
127
128
130
131
133
134
136
137
139
140
142
143
144
145
146
148
149
151
152
153
154
155
157
158
160
161
162
163
164
166
167
169
170
171
172
173
175
176
178
179
180
181
182
184
185
187
188
190
191
193
194
196
197
198
199
200
202
203
205
206
207
208
209
211
212
214
215
217
218
220
221
223
224
225
226
227
229
230
232
233
234
235
236
238
239
241
242
247
248
250
252
253
254
256
257
259
260
261
262
263
265
266
268
269
271
272
274
275
277
278
279
280
281
283
284
286
287
288
289
290
292
293
295
296
298
299
301
302
304
305
306
307
308
310
311
313
314
315
316
317
319
320
323
324
325
326
328
329
331
332
333
334
335
337
338
340
341
342
343
344
346
347
349
350
352
353
355
356
358
359
360
361
362
364
365
367
368
369
370
371
373
374
376
377
379
380
382
383
385
386
387
388
389
391
392
394
395
396
397
398
400
401
403
404
405
406
407
409
410
413
414
415
416
418
419
421
422
423
424
425
427
428
430
431
433
434
437
439
440
441
442
443
445
446
448
449
450
451
452
454
455
457
458
460
461
463
464
466
467
468
469
470
472
473
475
476
477
478
479
481
482
485
491
493
494
495
496
497
499
500
502
503
504
505
506
508
509
511
512
514
517
518
520
521
522
523
524
526
527
529
530
531
532
533
535
536
538
539
541
544
545
547
548
549
550
551
554
556
558
559
560
562
563
566
567
568
569
571
572
574
575
576
577
578
580
581
583
584
585
586
587
589
590
592
593
595
596
598
599
601
602
603
604
605
607
610
611
612
613
614
616
617
620
622
623
625
626
628
630
631
632
634
635
637
638
639
640
641
643
646
647
648
649
650
652
653
655
656
657
658
659
661
662
664
665
666
667
668
670
671
673
674
676
677
679
680
683
684
685
686
688
689
691
692
693
694
695
697
698
701
707
709
710
711
712
713
715
716
718
719
720
721
722
724
725
727
728
729
730
731
733
734
736
737
738
739
740
742
743
745
746
747
748
749
751
752
754
755
757
758
760
761
763
764
765
766
767
769
770
772
773
774
775
776
778
779
781
782
784
787
788
790
791
792
793
794
796
799
800
801
802
803
805
806
808
809
810
811
812
814
815
817
818
819
820
821
823
824
826
827
828
829
830
832
833
835
836
838
839
841
842
844
845
846
847
848
850
851
853
854
855
856
859
860
862
863
865
866
868
869
871
873
874
875
877
878
880
881
882
883
884
886
887
889
890
891
892
893
895
896
898
899
900
901
902
904
907
908
909
910
911
913
914
916
917
920
923
925
926
927
928
929
931
932
934
935
936
937
940
941
943
949
950
952
953
954
955
956
958
959
961
962
963
964
965
967
970
971
981
982
983
985
986
988
989
990
991
992
994
995
997
1001
1004
1007
1013
1015
1016
1017
1018
1019
1021
1022
1024
1025
1028
1030
1031
1033
1034
1035
1036
1039
1040
1042
1043
1044
1045
1046
1048
1049
1051
1052
1053
1054
1055
1057
1058
1060
1061
1062
1063
1064
1066
1067
1069
1070
1071
1072
1073
1075
1076
1078
1079
1082
1085
1088
1089
1090
1091
1093
1094
1096
1097
1098
1099
1116
1117
1118
1120
1123
1124
1125
1126
1127
1129
1132
1133
1134
1135
1143
1144
1147
1148
1151
1156
1157
1159
1160
1168
1169
1170
1171
1174
1175
1178
1179
1180
1186
1187
1190
1192
1193
1195
1196
1197
1198
1201
1202
1204
1205
1206
1207
1208
1213
1214
1226
1228
1229
1232
1233
1234
1235
1237
1238
1240
1241
1249
1276
1278
1279
1280
1282
1285
1292
1294
1296
1297
1298
1300
1301
1303
1304
1305
1306
1307
1309
1312
1313
1314
1315
1316
1318
1319
1321
1322
1327
1332
1333
1334
1336
1339
1340
1354
1355
1357
1359
1360
1361
1363
1364
1366
1367
1368
1369
1370
1372
1373
1375
1376
1377
1378
1379
1381
1384
1385
1386
1387
1388
1390
1393
1394
1395
1396
1397
1399
1402
1403
1411
1413
1414
1415
1417
1418
1420
1421
1422
1423
1424
1427
1435
1436
1438
1440
1441
1442
1444
1447
1448
1449
1450
1451
1453
1454
1456
1457
1458
1459
1460
1462
1463
1465
1466
1467
1468
1469
1471
1474
1475
1476
1477
1478
1480
1481
1483
1484
1489
1490
1493
1494
1495
1496
1498
1499
1501
1502
1503
1504
1505
1507
1508
1511
1516
1517
1520
1521
1522
1523
1525
1528
1529
1530
1531
1532
1534
1535
1537
1538
1539
1540
1541
1543
1544
1546
1547
1548
1549
1550
1552
1555
1556
1557
1558
1559
1561
1564
1565
1571
1574
1575
1576
1577
1579
1582
1583
1600
1602
1603
1604
1606
1609
1610
1611
1612
1613
1615
1616
1618
1619
1620
1621
1622
1624
1625
1627
1628
1629
1630
1631
1633
1636
1637
1638
1639
1640
1642
1643
1645
1646
1651
1652
1655
1656
1657
1658
1660
1661
1663
1664
1665
1666
1667
1670
1678
1679
1681
1683
1684
1685
1687
1690
1691
1692
1693
1694
1696
1697
1699
1700
1723
1724
1726
1732
1737
1738
1739
1741
1742
1745
1746
1747
1748
1750
1751
1754
1760
1763
1773
1774
1775
1777
1778
1781
1782
1783
1784
1786
1787
1789
1790
1791
1792
1793
1795
1798
1799
1800
1801
1802
1804
1805
1807
1808
1813
1814
1817
1818
1819
1820
1822
1823
1825
1826
1827
1828
1829
1832
1840
1841
1843
1845
1846
1847
1849
1852
1853
1854
1855
1856
1858
1859
1861
1862
1863
1864
1865
1867
1868
1872
1873
1874
1879
1881
1882
1883
1904
1906
1908
1909
1910
1913
1921
1922
1966
1967
1969
1975
1980
1981
1982
1984
1985
1987
1989
1990
1991
1994
2002
2003
2005
2007
2008
2009
2011
2014
2021
2023
2025
2026
2027
2029
2030
2032
2033
2034
2035
2036
2038
2041
2042
2043
2044
2045
2047
2048
2050
2051
2056
2061
2062
2063
2065
2068
2069
2086
2088
2089
2090
2092
2095
2096
2097
2098
2099
2101
2102
2104
2105
2106
2107
2108
2110
2113
2114
2115
2116
2117
2119
2122
2123
2124
2125
2126
2128
2131
2132
2142
2143
2144
2146
2147
2149
2150
2151
2152
2153
2156
2164
2165
2167
2169
2170
2171
2173
2176
2177
2178
2179
2180
2182
2183
2185
2186
2371
2372
2374
2380
2385
2386
2387
2389
2390
2392
2394
2395
2396
2399
2407
2408
2410
2412
2413
2414
2416
2419
2426
2428
2452
2453
2455
2461
2466
2467
2468
2470
2552
2555
2556
2557
2558
2560
2561
2564
2570
2573
2583
2584
2585
2587
2588
2591
2592
2593
2594
2596
2597
2600
2601
2602
2603
2605
2610
2611
2612
2614
2624
2627
2628
2629
2630
2632
2633
2636
2637
2638
2639
2641
2642
2645
2651
2654
2664
2665
2666
2668
2669
2672
2714
2717
2718
2719
2720
2722
2723
2726
2732
2735
2745
2746
2747
2749
2750
2753
2835
2836
2837
2839
2840
2843
2844
2845
2846
2848
2853
2854
2855
2857
2867
2870
2871
2872
2873
2875
2876
2879
2880
2881
2882
2884
2885
2888
2894
2897
2907
2908
2909
2911
2912
2915
2916
2917
2918
2920
2921
2923
2924
2925
2926
2927
2929
2932
2933
2934
2935
2936
2938
2941
2942
2948
2951
2952
2953
2954
2956
2957
2959
2960
2961
2962
2963
2965
2966
2969
2975
2978
2979
2980
2981
2983
2986
2987
2988
2989
2990
2992
2993
2995
2996
2997
2998
2999
3001
3002
3004
3005
3006
3007
3008
3010
3013
3014
3015
3016
3017
3019
3022
3023
3029
3032
3033
3034
3035
3037
3040
3041
3060
3061
3062
3064
3067
3068
3069
3070
3071
3073
3076
3077
3078
3079
3080
3082
3083
3085
3086
3087
3088
3089
3091
3094
3095
3096
3097
3098
3100
3103
3104
3110
3113
3114
3115
3116
3118
3121
3122
3141
3142
3143
3145
3148
3149
3150
3151
3152
3154
3157
3158
3200
3203
3204
3205
3206
3208
3209
3212
3218
3221
3231
3232
3233
3235
3236
3239
3240
3241
3242
3244
3245
3247
3248
3249
3250
3251
3253
3256
3257
3258
3259
3260
3262
3265
3266
3272
3275
3276
3277
3278
3280
3281
3283
3284
3285
3286
3287
3289
3290
3293
3299
3302
3303
3304
3305
3307
3310
3311
3312
3313
3314
3316
3317
3319
3320
3321
3322
3323
3325
3326
3329
3330
3331
3332
3334
3339
3340
3341
3343
3353
3356
3357
3358
3359
3361
3362
3365
3366
3367
3368
3370
3371
3374
3380
3383
3393
3394
3395
3397
3398
3401
3443
3446
3447
3448
3449
3451
3452
3455
3461
3464
3474
3475
3476
3478
3479
3482
3483
3484
3485
3487
3490
3491
3492
3493
3494
3496
3499
3500
3501
3502
3503
3505
3508
3509
3519
3520
3521
3523
3526
3527
3546
3547
3548
3550
3553
3554
3555
3556
3557
3559
3562
3563
3564
3565
3566
3568
3569
3571
3572
3573
3574
3575
3577
3580
3581
3582
3583
3584
3586
3589
3590
3596
3599
3600
3601
3602
3604
3605
3607
3608
3609
3610
3611
3613
3614
3617
3623
3626
3627
3628
3629
3631
3634
3635
3636
3637
3638
3640
3641
3643
3644
3645
3646
3647
3649
3650
3653
3654
3655
3656
3658
3663
3664
3665
3667
3677
3680
3681
3682
3683
3685
3686
3689
3690
3691
3692
3694
3695
3698
3704
3707
3717
3718
3719
3721
3722
3725
3726
3727
3728
3730
3731
3734
3735
3736
3737
3739
3744
3745
3746
3748
3758
3761
3762
3763
3764
3766
3807
3808
3809
3811
3812
3815
3816
3817
3818
3820
3825
3826
3827
3829
3839
3842
3843
3844
3845
3847
3929
3932
3933
3934
3935
3937
3938
3941
3947
3950
3960
3961
3962
3964
3965
3968
3969
3970
3971
3973
3974
3977
3978
3979
3980
3982
3987
3988
3989
3991
4001
4004
4005
4006
4007
4009
4010
4013
4014
4015
4016
4018
4019
4022
4028
4031
4041
4042
4043
4045
4046
4049
4050
4051
4052
4054
4055
4058
4059
4060
4061
4063
4068
4069
4070
4072
4082
4085
4086
4087
4088
4090
4091
4094
4095
4096
4097
4099
4100
4103
4109
4112
4122
4123
4124
4126
4127
4130
4172
4175
4176
4177
4178
4180
4181
4184
4190
4193
4203
4204
4205
4207
4208
4211
4293
4294
4295
4297
4298
4301
4302
4303
4304
4306
4311
4312
4313
4315
4325
4328
4329
4330
4331
4333
4334
4337
4338
4339
4340
4342
4343
4346
4352
4355
4365
4366
4367
4369
4370
4373
4739
4742
4743
4744
4745
4747
4748
4751
4757
4760
4770
4771
4772
4774
4775
4778
4779
4780
4781
4783
4784
4787
4788
4789
4790
4792
4797
4798
4799
4801
4811
4814
4815
4816
4817
4819
4820
4823
4824
4825
4826
4828
4829
4832
4838
4841
4851
4852
4853
4855
4856
4859
4901
4904
4905
4906
4907
4909
4910
4913
4919
4922
4932
4933
4934
4936
4937
4940
5103
5104
5105
5107
5110
5111
5112
5113
5114
5116
5119
5120
5121
5122
5123
5125
5128
5129
5139
5140
5141
5143
5146
5147
5166
5167
5168
5170
5173
5174
5175
5176
5177
5179
5182
5183
5184
5185
5186
5188
5191
5192
5193
5194
5195
5197
5200
5201
5202
5203
5204
5206
5209
5210
5220
5221
5222
5224
5227
5228
5247
5248
5249
5251
5254
5255
5256
5257
5258
5260
5263
5264
5265
5266
5267
5269
5272
5273
5274
5275
5276
5278
5281
5282
5283
5284
5285
5287
5290
5291
5301
5302
5303
5305
5308
5309
5328
5329
5330
5332
5335
5336
5337
5338
5339
5341
5344
5345
5427
5428
5429
5431
5434
5435
5436
5437
5438
5440
5443
5444
5445
5446
5447
5449
5452
5453
5463
5464
5465
5467
5470
5471
5490
5491
5492
5494
5497
5498
5499
5500
5501
5503
5506
5507
5670
5671
5672
5674
5677
5678
5679
5680
5681
5683
5686
5687
5688
5689
5690
5692
5695
5696
5706
5707
5708
5710
5713
5714
5733
5734
5735
5737
5740
5741
5742
5743
5744
5746
5749
5750
5751
5752
5753
5755
5758
5759
5760
5761
5762
5764
5767
5768
5769
5770
5771
5773
5776
5777
5787
5788
5789
5791
5794
5795
5814
5815
5816
5818
5821
5822
5823
5824
5825
5827
5830
5831
5832
5833
5834
5836
5839
5840
5841
5842
5843
5845
5848
5849
5850
5851
5852
5854
5857
5858
5868
5869
5870
5872
5875
5876
5895
5896
5897
5899
5902
5903
5904
5905
5906
5908
5911
5912
5913
5914
5915
5917
5920
5921
5922
5923
5924
5926
5929
5930
5931
5932
5933
5935
5938
5939
5949
5950
5951
5953
5956
5957
5976
5977
5978
5980
5983
5984
5985
5986
5987
5989
5992
5993
5994
5995
5996
5998
6001
6002
6003
6004
6005
6007
6010
6011
6012
6013
6014
6016
6019
6020
6030
6031
6032
6034
6037
6038
6057
6058
6059
6061
6064
6065
6066
6067
6068
6070
6073
6074
6156
6157
6158
6160
6163
6164
6165
6166
6167
6169
6172
6173
6174
6175
6176
6178
6181
6182
6192
6193
6194
6196
6199
6200
6219
6220
6221
6223
6226
6227
6228
6229
6230
6232
6235
6236
6399
6400
6401
6403
6406
6407
6408
6409
6410
6412
6415
6416
6417
6418
6419
6421
6424
6425
6435
6436
6437
6439
6442
6443
6462
6463
6464
6466
6469
6470
6471
6472
6473
6475
6478
6479
6480
6481
6482
6484
6487
6488
6489
6490
6491
6493
6496
6497
6498
6499
6500
6502
6505
6506
6516
6517
6518
6520
6523
6524
6543
6544
6545
6547
6550
6551
6552
6553
6554
6556
6559
6560
6561
6562
6563
6565
6568
6569
6570
6571
6572
6574
6577
6578
6579
6580
6581
6583
6586
6587
6597
6598
6599
6601
6604
6605
6624
6625
6626
6628
6631
6632
6633
6634
6635
6637
6640
6641
6642
6643
6644
6646
6649
6650
6651
6652
6653
6655
6658
6659
6660
6661
6662
6664
6667
6668
6678
6679
6680
6682
6685
6686
6705
6706
6707
6709
6712
6713
6714
6715
6716
6718
6721
6722
6723
6724
6725
6727
6730
6731
6732
6733
6734
6736
6739
6740
6741
6742
6743
6745
6748
6749
6759
6760
6761
6763
6766
6767
6786
6787
6788
6790
6793
6794
6795
6796
6797
6799
6802
6803
6885
6886
6887
6889
6892
6893
6894
6895
6896
6898
6901
6902
6903
6904
6905
6907
6910
6911
6921
6922
6923
6925
6928
6929
6948
6949
6950
6952
6955
6956
6957
6958
6959
6961
6964
6965
7128
7129
7130
7132
7135
7136
7137
7138
7139
7141
7144
7145
7146
7147
7148
7150
7153
7154
7164
7165
7166
7168
7171
7172
7191
7192
7193
7195
7198
7199
7200
7201
7202
7204
7207
7208
7209
7210
7211
7213
7216
7217
7218
7219
7220
7222
7225
7226
7227
7228
7229
7231
7234
7235
7245
7246
7247
7249
7252
7253
7272
7273
7274
7276
7279
7280
7281
7282
7283
7285
7288
7289
7290
7291
7292
7294
7297
7298
7299
7300
7301
7303
7306
7307
7308
7309
7310
7312
7315
7316
7326
7327
7328
7330
7333
7334
7353
7354
7355
7357
7360
7361
7362
7363
7364
7366
7369
7370
7371
7372
7373
7375
7378
7379
7380
7381
7382
7384
7387
7388
7389
7390
7391
7393
7396
7397
7407
7408
7409
7411
7414
7415
7434
7435
7436
7438
7441
7442
7443
7444
7445
7447
7450
7451
7452
7453
7454
7456
7459
7460
7461
7462
7463
7465
7468
7469
7470
7471
7472
7474
7477
7478
7488
7489
7490
7492
7495
7496
7515
7516
7517
7519
7522
7523
7524
7525
7526
7528
7531
7532
7614
7615
7616
7618
7621
7622
7623
7624
7625
7627
7630
7631
7632
7633
7634
7636
7639
7640
7650
7651
7652
7654
7657
7658
7677
7678
7679
7681
7684
7685
7686
7687
7688
7690
7693
7694
7857
7858
7859
7861
7864
7865
7866
7867
7868
7870
7873
7874
7875
7876
7877
7879
7882
7883
7893
7894
7895
7897
7900
7901
7920
7921
7922
7924
7927
7928
7929
7930
7931
7933
7936
7937
7938
7939
7940
7942
7945
7946
7947
7948
7949
7951
7954
7955
7956
7957
7958
7960
7963
7964
7974
7975
7976
7978
7981
7982
8001
8002
8003
8005
8008
8009
8010
8011
8012
8014
8017
8018
8019
8020
8021
8023
8026
8027
8028
8029
8030
8032
8035
8036
8037
8038
8039
8041
8044
8045
8055
8056
8057
8059
8062
8063
8082
8083
8084
8086
8089
8090
8091
8092
8093
8095
8098
8099
8100
8101
8102
8104
8107
8108
8109
8110
8111
8113
8116
8117
8118
8119
8120
8122
8125
8126
8136
8137
8138
8140
8143
8144
8163
8164
8165
8167
8170
8171
8172
8173
8174
8176
8179
8180
8181
8182
8183
8185
8188
8189
8190
8191
8192
8194
8197
8198
8199
8200
8201
8203
8206
8207
8217
8218
8219
8221
8224
8225
8244
8245
8246
8248
8251
8252
8253
8254
8255
8257
8260
8261
8343
8344
8345
8347
8350
8351
8352
8353
8354
8356
8359
8360
8361
8362
8363
8365
8368
8369
8379
8380
8381
8383
8386
8387
8406
8407
8408
8410
8413
8414
8415
8416
8417
8419
8422
8423
8586
8587
8588
8590
8593
8594
8595
8596
8597
8599
8602
8603
8604
8605
8606
8608
8611
8612
8622
8623
8624
8626
8629
8630
8649
8650
8651
8653
8656
8657
8658
8659
8660
8662
8665
8666
8667
8668
8669
8671
8674
8675
8676
8677
8678
8680
8683
8684
8685
8686
8687
8689
8692
8693
8703
8704
8705
8707
8710
8711
8730
8731
8732
8734
8737
8738
8739
8740
8741
8743
8746
8747
9477
9478
9479
9481
9484
9485
9486
9487
9488
9490
9493
9494
9495
9496
9497
9499
9502
9503
9513
9514
9515
9517
9520
9521
9540
9541
9542
9544
9547
9548
9549
9550
9551
9553
9556
9557
9558
9559
9560
9562
9565
9566
9567
9568
9569
9571
9574
9575
9576
9577
9578
9580
9583
9584
9594
9595
9596
9598
9601
9602
9621
9622
9623
9625
9628
9629
9630
9631
9632
9634
9637
9638
9639
9640
9641
9643
9646
9647
9648
9649
9650
9652
9655
9656
9657
9658
9659
9661
9664
9665
9675
9676
9677
9679
9682
9683
9702
9703
9704
9706
9709
9710
9711
9712
9713
9715
9718
9719
9801
9802
9803
9805
9808
9809
9810
9811
9812
9814
9817
9818
9819
9820
9821
9823
9826
9827
9837
9838
9839
9841
9844
9845
9864
9865
9866
9868
9871
9872
9873
9874
9875
9877
9880
9881
