2
3
4
5
6
7
8
9
10
11
12
13
14
15
16
17
18
19
20
21
22
23
24
25
26
27
28
29
30
31
32
33
34
35
36
37
38
39
40
41
42
43
44
45
46
47
48
49
50
51
52
53
54
55
56
57
58
59
60
61
62
63
64
65
66
67
68
69
70
71
72
73
74
75
76
77
78
79
80
81
82
83
84
85
86
87
88
89
90
91
92
93
94
95
96
97
98
99
100
101
102
103
104
105
106
107
108
109
110
111
112
113
114
115
116
117
118
119
120
121
122
123
124
125
126
127
128
129
130
131
132
133
134
135
136
137
138
139
140
141
142
143
144
145
146
147
148
149
150
151
152
153
154
155
156
157
158
159
160
161
162
163
164
165
166
167
168
169
170
171
172
173
174
175
176
177
178
179
180
181
182
183
184
185
186
187
188
189
190
191
192
193
194
195
196
197
198
199
200
201
202
203
204
205
206
207
208
209
210
211
212
213
214
215
216
217
218
219
220
221
222
223
224
225
226
227
228
229
230
231
232
233
234
235
236
237
238
239
240
241
242
243
244
245
246
247
248
249
250
251
252
253
254
255
256
257
258
259
260
261
262
263
264
265
266
267
268
269
270
271
272
273
274
275
276
277
278
279
280
281
282
284
285
286
287
288
289
290
291
292
293
294
295
296
297
298
299
300
301
302
303
304
305
306
307
308
309
310
311
312
313
314
315
316
317
318
319
320
321
322
323
324
325
326
327
328
329
330
331
332
333
334
335
336
337
338
339
340
341
342
343
344
345
346
347
348
349
350
351
352
353
354
355
356
357
358
359
360
361
362
363
364
365
366
367
368
369
370
371
372
373
374
375
376
377
378
379
380
381
382
383
384
385
386
387
388
389
390
391
392
393
394
395
396
397
398
399
400
401
402
403
404
405
406
407
408
409
410
411
412
413
414
415
416
417
418
419
420
421
422
423
424
425
426
427
428
429
430
431
432
433
434
435
436
438
439
440
441
442
443
444
445
446
447
448
449
450
451
452
453
454
455
456
457
458
459
460
461
462
463
464
465
466
467
468
469
470
471
472
473
474
475
476
477
478
479
480
481
482
483
484
485
486
487
488
489
490
491
492
493
494
495
496
497
498
499
500
501
502
503
504
505
506
507
508
509
510
511
512
513
514
515
516
517
518
519
520
521
522
523
524
525
526
527
528
529
530
531
532
533
534
535
536
537
538
539
540
541
542
543
544
545
546
547
548
549
550
551
552
553
554
555
556
557
558
559
560
561
562
563
564
565
566
567
568
569
570
571
572
573
574
575
576
577
578
579
580
581
582
583
584
585
586
587
588
589
590
591
592
593
594
595
596
597
598
599
600
601
602
603
604
605
606
607
608
609
610
611
612
613
614
615
616
617
618
619
620
621
622
623
624
625
626
627
628
629
630
631
632
633
634
635
636
637
638
639
640
641
642
643
644
645
646
647
648
649
650
651
652
653
654
655
656
657
658
659
660
661
662
663
664
665
666
667
668
669
670
671
672
673
674
675
676
677
678
679
680
681
682
683
684
685
686
687
688
689
690
691
692
693
694
695
696
697
698
699
700
701
702
703
704
705
706
707
708
709
710
711
712
713
714
715
716
717
718
719
720
721
722
723
724
725
726
727
729
730
731
732
733
734
735
736
737
738
739
740
741
742
743
744
745
746
747
748
749
750
751
752
753
754
755
756
757
758
759
760
761
762
763
764
765
766
767
768
769
770
771
772
773
774
775
776
777
778
779
780
781
782
783
784
785
786
787
788
789
790
791
792
793
794
795
796
797
798
799
800
801
802
803
804
805
806
807
808
809
810
811
812
813
814
815
816
817
818
819
820
821
822
823
824
825
826
827
828
829
830
831
832
833
834
835
836
837
838
839
840
841
842
843
844
845
846
847
848
849
850
851
852
853
854
855
856
857
858
859
860
861
862
863
864
865
866
867
868
869
870
871
872
873
874
875
876
877
878
879
880
881
882
883
884
885
886
887
888
889
890
891
892
893
894
895
896
897
898
899
900
901
902
903
904
905
906
907
908
909
910
911
912
913
914
915
916
917
918
919
920
921
922
923
924
925
926
927
928
929
930
931
932
933
934
935
936
937
938
939
940
941
942
943
944
945
946
947
948
949
950
951
952
953
954
955
956
957
958
959
960
961
962
963
964
965
966
967
968
969
970
971
972
973
974
975
976
977
978
979
980
981
982
983
984
985
986
987
988
989
990
991
992
993
994
995
996
997
998
999
1000
1001
1002
1003
1004
1005
1006
1007
1008
1009
1010
1011
1012
1013
1014
1015
1016
1017
1018
1019
1020
1021
1022
1023
1024
1025
1026
1027
1028
1029
1030
1031
1032
1033
1034
1035
1036
1037
1038
1039
1040
1041
1042
1043
1044
1045
1046
1047
1048
1049
1050
1051
1052
1053
1054
1055
1056
1057
1058
1059
1060
1061
1062
1063
1064
1065
1066
1067
1068
1069
1070
1071
1072
1073
1074
1075
1076
1077
1078
1079
1080
1081
1082
1083
1084
1085
1086
1087
1088
1089
1090
1091
1092
1093
1094
1095
1096
1097
1098
1099
1100
1101
1102
1103
1104
1105
1106
1107
1108
1109
1110
1111
1113
1114
1115
1116
1117
1118
1119
1120
1121
1122
1123
1124
1125
1126
1127
1128
1129
1130
1131
1132
1133
1134
1135
1136
1137
1138
1139
1140
1141
1142
1143
1144
1145
1146
1147
1148
1149
1150
1151
1152
1153
1154
1155
1156
1157
1158
1159
1160
1161
1162
1163
1164
1165
1166
1167
1168
1169
1170
1171
1172
1173
1174
1175
1176
1177
1178
1179
1180
1181
1182
1183
1184
1185
1186
1187
1188
1189
1190
1191
1192
1193
1194
1195
1196
1197
1198
1199
1200
1201
1202
1203
1204
1205
1206
1207
1208
1209
1210
1211
1212
1214
1215
1216
1217
1218
1219
1220
1221
1222
1223
1224
1225
1226
1227
1228
1229
1230
1231
1232
1233
1234
1235
1236
1237
1238
1239
1240
1241
1242
1243
1244
1245
1246
1247
1248
1249
1250
1251
1252
1253
1254
1255
1256
1257
1258
1259
1260
1261
1262
1263
1264
1265
1266
1267
1268
1269
1270
1271
1272
1273
1274
1275
1276
1277
1278
1279
1280
1281
1282
1283
1284
1285
1286
1287
1288
1289
1290
1291
1292
1293
1294
1295
1296
1297
1298
1299
1300
1301
1302
1303
1304
1305
1306
1307
1308
1309
1310
1313
1314
1315
1317
1318
1319
1320
1321
1322
1323
1324
1325
1326
1327
1328
1329
1330
1331
1332
1333
1334
1336
1337
1338
1340
1341
1342
1343
1344
1345
1346
1347
1348
1349
1350
1351
1352
1353
1354
1355
1356
1357
1358
1359
1360
1361
1362
1363
1364
1365
1366
1367
1368
1369
1370
1371
1372
1373
1374
1377
1378
1379
1380
1381
1382
1383
1384
1386
1387
1388
1389
1390
1392
1393
1394
1395
1396
1397
1398
1399
1400
1401
1402
1403
1404
1405
1406
1407
1408
1409
1410
1411
1412
1413
1414
1415
1416
1417
1418
1419
1420
1421
1422
1423
1425
1426
1427
1428
1429
1430
1431
1432
1433
1434
1435
1436
1437
1438
1439
1441
1442
1443
1444
1445
1446
1447
1448
1449
1450
1451
1452
1453
1454
1455
1458
1459
1460
1461
1463
1464
1465
1466
1467
1468
1469
1470
1471
1472
1473
1474
1475
1476
1477
1478
1479
1480
1481
1482
1483
1484
1485
1486
1487
1488
1489
1490
1491
1492
1493
1494
1495
1496
1497
1498
1499
1500
1501
1502
1503
1506
1507
1509
1510
1511
1512
1513
1514
1515
1516
1517
1518
1519
1520
1521
1522
1523
1524
1525
1526
1527
1529
1530
1531
1532
1533
1534
1535
1536
1537
1539
1540
1541
1542
1543
1544
1545
1546
1547
1548
1549
1550
1551
1552
1553
1554
1555
1556
1557
1558
1559
1560
1561
1562
1563
1566
1567
1568
1569
1570
1571
1572
1573
1574
1575
1576
1577
1578
1579
1580
1581
1582
1583
1584
1585
1586
1587
1588
1589
1590
1591
1592
1593
1594
1595
1596
1597
1598
1599
1600
1601
1604
1605
1606
1608
1610
1611
1612
1613
1614
1616
1620
1621
1622
1623
1624
1625
1626
1627
1628
1629
1630
1631
1632
1633
1634
1635
1637
1638
1639
1640
1641
1642
1643
1644
1645
1646
1647
1648
1649
1650
1652
1653
1654
1655
1656
1657
1658
1659
1660
1661
1662
1663
1664
1665
1666
1667
1668
1669
1670
1671
1672
1673
1674
1676
1677
1678
1679
1680
1683
1684
1685
1686
1687
1691
1692
1693
1694
1695
1697
1698
1699
1700
1701
1702
1703
1704
1707
1708
1709
1710
1711
1712
1713
1714
1715
1716
1717
1718
1719
1720
1721
1722
1723
1724
1726
1727
1728
1729
1730
1731
1733
1734
1736
1739
1741
1743
1744
1745
1746
1747
1748
1752
1753
1754
1755
1756
1757
1758
1761
1762
1763
1764
1765
1766
1767
1768
1769
1770
1771
1772
1773
1774
1775
1776
1777
1778
1779
1780
1781
1782
1783
1784
1787
1788
1789
1790
1791
1792
1793
1794
1795
1796
1797
1799
1800
1801
1802
1803
1804
1805
1806
1809
1810
1811
1813
1814
1815
1816
1817
1818
1819
1820
1821
1822
1823
1824
1825
1827
1828
1829
1830
1831
1832
1834
1835
1836
1837
1843
1844
1845
1846
1847
1848
1849
1851
1853
1854
1857
1860
1861
1862
1863
1864
1865
1866
1867
1868
1869
1870
1871
1872
1873
1874
1875
1876
1877
1878
1879
1880
1881
1882
1883
1884
1885
1886
1887
1888
1889
1890
1891
1892
1893
1896
1897
1898
1899
1900
1901
1902
1903
1904
1905
1906
1907
1908
1909
1910
1911
1912
1913
1914
1915
1916
1917
1918
1922
1923
1924
1925
1926
1927
1928
1929
1930
1931
1932
1934
1935
1936
1938
1939
1940
1944
1945
1946
1947
1948
1949
1950
1952
1953
1954
1955
1956
1957
1959
1960
1961
1962
1963
1965
1968
1969
1970
1971
1972
1973
1974
1976
1977
1978
1979
1980
1982
1984
1986
1987
1988
1989
1990
1992
1993
1995
1996
1997
1998
1999
2000
2001
2002
2003
2004
2005
2006
2007
2009
2012
2013
2014
2015
2016
2017
2019
2020
2021
2022
2023
2024
2025
2026
2027
2028
2029
2030
2031
2032
2033
2034
2035
2036
2037
2038
2039
2042
2043
2044
2046
2047
2048
2049
2050
2051
2052
2055
2057
2058
2059
2060
2061
2062
2064
2067
2069
2071
2073
2078
2079
2081
2083
2084
2086
2087
2088
2089
2090
2091
2092
2094
2096
2097
2098
2100
2101
2103
2104
2105
2106
2107
2108
2109
2110
2111
2112
2113
2114
2115
2116
2117
2118
2119
2121
2122
2123
2124
2125
2127
2128
2129
2130
2131
2132
2133
2134
2135
2136
2138
2139
2140
2141
2142
2144
2146
2148
2149
2150
2151
2154
2155
2157
2158
2160
2161
2163
2164
2165
2166
2167
2168
2169
2170
2172
2179
2181
2187
2188
2189
2190
2191
2192
2193
2194
2195
2196
2197
2198
2199
2200
2201
2202
2204
2205
2206
2207
2208
2210
2211
2212
2213
2214
2215
2216
2217
2218
2219
2220
2221
2222
2223
2224
2225
2226
2228
2229
2230
2231
2232
2233
2234
2235
2236
2237
2238
2239
2240
2241
2242
2243
2244
2245
2246
2247
2248
2249
2250
2251
2252
2253
2257
2258
2259
2260
2262
2265
2266
2267
2268
2269
2270
2271
2272
2273
2274
2275
2276
2277
2278
2279
2280
2281
2282
2283
2285
2286
2287
2288
2289
2291
2292
2293
2294
2295
2296
2297
2298
2299
2300
2301
2302
2303
2304
2306
2308
2310
2312
2313
2314
2316
2317
2319
2320
2321
2322
2323
2324
2325
2326
2327
2328
2329
2330
2331
2332
2334
2335
2336
2337
2338
2339
2340
2341
2342
2343
2344
2346
2347
2349
2350
2351
2352
2353
2354
2356
2358
2359
2360
2361
2364
2365
2366
2367
2368
2369
2370
2373
2375
2376
2377
2378
2379
2382
2384
2387
2395
2397
2398
2403
2404
2405
2406
2407
2408
2409
2410
2411
2412
2414
2415
2418
2420
2421
2422
2423
2424
2425
2430
2431
2432
2433
2434
2435
2436
2437
2438
2439
2440
2441
2442
2443
2445
2447
2448
2449
2450
2451
2454
2455
2456
2457
2458
2459
2460
2461
2462
2463
2464
2465
2466
2467
2468
2471
2472
2474
2475
2476
2477
2480
2481
2482
2483
2484
2485
2486
2487
2488
2489
2490
2491
2492
2493
2494
2495
2499
2500
2501
2502
2503
2504
2505
2508
2509
2511
2512
2514
2515
2516
2517
2518
2520
2521
2522
2523
2525
2526
2527
2528
2529
2530
2531
2532
2534
2535
2536
2537
2538
2539
2541
2544
2546
2550
2552
2553
2554
2555
2556
2557
2558
2561
2562
2563
2564
2565
2566
2567
2568
2571
2572
2573
2574
2575
2576
2577
2579
2580
2581
2582
2583
2584
2585
2586
2588
2589
2590
2592
2593
2595
2596
2597
2598
2599
2601
2602
2603
2604
2606
2607
2608
2609
2610
2611
2612
2613
2615
2616
2617
2627
2631
2633
2634
2635
2636
2637
2638
2639
2642
2643
2644
2645
2646
2647
2648
2649
2650
2651
2652
2653
2654
2655
2656
2657
2658
2661
2663
2664
2665
2666
2667
2673
2674
2675
2676
2677
2678
2679
2680
2681
2682
2683
2684
2685
2688
2689
2690
2691
2692
2693
2694
2700
2701
2702
2703
2704
2705
2706
2707
2708
2709
2710
2711
2714
2715
2717
2718
2719
2720
2723
2724
2725
2726
2727
2728
2729
2730
2731
2732
2733
2734
2735
2736
2737
2738
2742
2744
2745
2746
2747
2748
2754
2755
2757
2758
2759
2760
2761
2763
2764
2765
2768
2771
2772
2773
2774
2777
2778
2779
2796
2798
2805
2807
2808
2809
2810
2811
2814
2815
2816
2817
2818
2820
2823
2825
2826
2827
2828
2829
2835
2836
2837
2838
2841
2843
2844
2845
2846
2847
2850
2851
2852
2853
2854
2855
2856
2859
2861
2862
2863
2864
2865
2868
2870
2886
2887
2889
2890
2896
2897
2898
2899
2901
2916
2917
2919
2920
2921
2922
2923
2925
2926
2927
2943
2944
2946
2947
2948
2949
2950
2952
2953
2954
2957
2960
2961
2962
2963
2966
2967
2968
2970
2971
2973
2974
2975
2976
2977
2979
2980
2981
2997
2998
3000
3001
3002
3003
3004
3006
3007
3008
3011
3014
3015
3016
3017
3020
3021
3022
3023
3024
3025
3030
3038
3041
3042
3043
3044
3047
3048
3049
3051
3052
3058
3059
3060
3061
3063
3065
3067
3068
3069
3070
3071
3072
3074
3075
3076
3078
3079
3081
3082
3083
3084
3085
3087
3088
3089
3090
3092
3093
3094
3095
3096
3097
3098
3099
3101
3102
3103
3104
3105
3106
3111
3119
3122
3123
3124
3125
3128
3129
3130
3132
3133
3135
3136
3137
3138
3139
3141
3142
3143
3148
3150
3151
3153
3156
3157
3159
3160
3162
3165
3167
3168
3169
3171
3174
3175
3176
3180
3194
3198
3202
3203
3210
3211
3213
3214
3229
3231
3232
3234
3237
3238
3252
3255
3256
3257
3261
3264
3266
3267
3268
3273
3275
3279
3281
3282
3283
3284
3285
3286
3287
3288
3289
3290
3291
3292
3294
3295
3297
3298
3301
3302
3303
3304
3306
3308
3310
3311
3312
3313
3314
3315
3317
3318
3319
3321
3322
3324
3325
3326
3327
3328
3330
3331
3332
3335
3336
3338
3339
3340
3341
3342
3343
3344
3345
3346
3348
3349
3351
3352
3357
3358
3362
3363
3365
3366
3367
3368
3369
3370
3371
3372
3373
3375
3376
3378
3379
3380
3381
3382
3384
3385
3386
3402
3403
3407
3408
3411
3412
3416
3417
3423
3424
3429
3430
3432
3433
3437
3438
3439
3441
3445
3446
3463
3464
3465
3466
3468
3472
3474
3475
3477
3480
3481
3483
3484
3486
3489
3491
3492
3493
3507
3509
3510
3511
3516
3518
3522
3524
3526
3527
3528
3529
3530
3533
3534
3535
3544
3545
3546
3547
3549
3551
3554
3555
3556
3557
3560
3561
3562
3564
3565
3567
3568
3569
3570
3571
3572
3573
3574
3575
3576
3578
3579
3580
3581
3582
3583
3584
3585
3587
3588
3589
3590
3591
3592
3597
3605
3608
3609
3610
3611
3614
3615
3616
3618
3619
3621
3622
3623
3624
3625
3626
3627
3628
3629
3630
3645
3646
3648
3649
3650
3651
3652
3654
3655
3656
3659
3660
3672
3673
3675
3676
3677
3678
3679
3681
3682
3683
3686
3687
3689
3690
3691
3692
3693
3694
3695
3696
3697
3699
3700
3702
3703
3704
3705
3706
3708
3709
3710
3711
3712
3713
3714
3720
3721
3722
3723
3726
3727
3729
3730
3731
3732
3733
3735
3736
3737
3740
3741
3743
3744
3745
3746
3749
3750
3751
3752
3753
3754
3759
3767
3768
3770
3771
3772
3773
3774
3775
3776
3777
3778
3780
3781
3783
3784
3787
3788
3789
3790
3792
3793
3794
3795
3796
3797
3798
3799
3800
3801
3802
3803
3804
3805
3807
3808
3810
3811
3812
3813
3814
3816
3817
3818
3819
3821
3822
3823
3824
3825
3826
3827
3828
3829
3830
3831
3832
3833
3834
3835
3837
3838
3840
3843
3844
3848
3851
3852
3853
3854
3857
3858
3859
3861
3862
3864
3865
3866
3867
3868
3870
3871
3872
3873
3874
3875
3876
3882
3883
3884
3885
3888
3889
3893
3894
3897
3898
3902
3903
3909
3910
3915
3916
3918
3919
3924
3925
3954
3955
3956
3957
3958
3960
3961
3963
3964
3965
3966
3967
3969
3970
3974
3975
3978
3979
3981
3983
3984
3985
3986
3990
3993
3995
3996
3997
4002
4004
4008
4010
4011
4012
4013
4014
4015
4016
4017
4018
4019
4020
4021
4023
4024
4026
4027
4030
4031
4032
4033
4035
4037
4039
4040
4041
4042
4043
4044
4046
4047
4048
4050
4051
4053
4054
4055
4056
4057
4059
4060
4061
4062
4064
4065
4066
4067
4068
4069
4070
4071
4072
4073
4074
4075
4077
4078
4080
4081
4085
4086
4087
4089
4091
4092
4093
4094
4095
4096
4097
4098
4099
4100
4101
4102
4104
4105
4107
4108
4109
4110
4111
4112
4113
4114
4115
4116
4131
4132
4134
4135
4136
4137
4138
4139
4140
4141
4142
4143
4145
4146
4147
4148
4152
4153
4158
4159
4161
4162
4163
4164
4165
4166
4167
4168
4169
4170
4172
4174
4175
4176
4177
4178
4181
4182
4183
4185
4186
4188
4189
4190
4191
4192
4193
4194
4195
4196
4197
4201
4203
4204
4206
4209
4210
4212
4213
4215
4216
4217
4218
4219
4220
4221
4222
4223
4226
4229
4230
4231
4232
4235
4236
4237
4238
4239
4240
4245
4247
4251
4255
4256
4374
4375
4376
4377
4378
4379
4380
4381
4382
4383
4384
4385
4386
4387
4388
4389
4392
4393
4394
4395
4396
4397
4398
4400
4401
4402
4404
4405
4406
4407
4408
4409
4410
4411
4412
4413
4415
4416
4417
4418
4419
4420
4421
4422
4423
4424
4425
4426
4428
4429
4430
4431
4432
4433
4434
4435
4436
4437
4438
4439
4440
4441
4442
4443
4444
4446
4447
4448
4449
4450
4451
4452
4453
4455
4456
4457
4458
4459
4460
4461
4462
4463
4464
4465
4466
4467
4468
4469
4470
4472
4473
4474
4475
4476
4477
4478
4479
4480
4481
4482
4483
4484
4488
4489
4490
4491
4492
4493
4494
4495
4496
4497
4500
4501
4502
4503
4504
4505
4506
4507
4509
4510
4512
4513
4516
4517
4518
4519
4521
4522
4523
4524
4525
4527
4528
4530
4531
4532
4533
4534
4536
4537
4538
4542
4543
4544
4545
4546
4547
4548
4549
4550
4551
4552
4553
4554
4555
4556
4557
4558
4559
4560
4562
4563
4564
4565
4566
4567
4569
4570
4571
4572
4573
4574
4575
4576
4577
4581
4582
4583
4584
4585
4586
4602
4603
4604
4605
4611
4612
4613
4614
4617
4618
4620
4621
4622
4623
4624
4626
4627
4628
4631
4632
4638
4639
4644
4645
4647
4648
4649
4650
4651
4653
4654
4655
4658
4661
4662
4663
4664
4667
4668
4669
4671
4672
4674
4675
4676
4677
4678
4680
4681
4682
4683
4684
4685
4686
4692
4693
4694
4695
4698
4699
4701
4702
4703
4704
4705
4707
4708
4709
4712
4713
4715
4716
4717
4718
4721
4722
4723
4739
4742
4743
4744
4745
4748
4749
4750
4766
4769
4770
4771
4772
4775
4776
4777
4779
4780
4782
4783
4784
4785
4786
4788
4789
4790
4793
4796
4797
4798
4799
4802
4803
4804
4820
4823
4824
4825
4826
4829
4830
4831
4833
4834
4836
4837
4838
4839
4840
4842
4843
4844
4860
4861
4862
4863
4864
4865
4866
4867
4868
4869
4870
4871
4872
4873
4874
4878
4879
4880
4881
4882
4883
4887
4888
4890
4891
4892
4893
4894
4896
4897
4898
4901
4904
4905
4906
4907
4910
4911
4912
4914
4915
4916
4917
4918
4919
4920
4921
4922
4923
4924
4925
4926
4927
4928
4929
4932
4933
4934
4935
4936
4937
4938
4941
4942
4943
4944
4945
4946
4947
4948
4949
4950
4951
4952
4953
4954
4955
4958
4959
4960
4961
4962
4963
4964
4965
4966
4968
4969
4970
4971
4972
4974
4975
4976
4977
4978
4979
4980
4981
4982
4983
4986
4987
4988
4989
4990
4991
4992
4995
4996
4998
4999
5007
5008
5009
5010
5016
5017
5018
5019
5022
5023
5024
5028
5029
5030
5031
5032
5033
5034
5035
5036
5040
5041
5042
5043
5044
5045
5049
5050
5051
5052
5053
5055
5056
5057
5058
5059
5060
5061
5062
5063
5064
5067
5068
5069
5070
5071
5072
5073
5076
5077
5079
5080
5103
5104
5105
5106
5107
5108
5109
5110
5111
5112
5113
5114
5115
5116
5117
5121
5122
5123
5124
5125
5126
5130
5131
5133
5134
5135
5136
5137
5139
5140
5141
5144
5147
5148
5149
5150
5153
5154
5155
5157
5158
5159
5160
5161
5162
5163
5164
5165
5166
5167
5168
5169
5170
5171
5175
5176
5177
5178
5179
5180
5184
5185
5186
5187
5188
5189
5190
5191
5192
5193
5194
5195
5196
5197
5198
5201
5202
5203
5204
5205
5206
5207
5208
5209
5211
5212
5213
5217
5218
5219
5220
5221
5222
5223
5224
5225
5228
5229
5230
5231
5232
5233
5234
5235
5236
5252
5255
5256
5257
5258
5261
5262
5263
5265
5266
5267
5268
5269
5270
5271
5272
5273
5274
5275
5276
5277
5278
5279
5282
5283
5284
5285
5286
5287
5288
5289
5290
5292
5293
5294
5295
5296
5298
5299
5300
5301
5302
5303
5304
5305
5306
5309
5310
5311
5312
5313
5314
5315
5316
5317
5319
5320
5322
5323
5324
5325
5326
5328
5329
5330
5331
5332
5333
5334
5340
5341
5342
5343
5346
5347
5348
5351
5352
5353
5354
5355
5356
5357
5358
5359
5360
5361
5364
5365
5366
5367
5368
5369
5373
5374
5376
5377
5382
5383
5400
5401
5402
5406
5407
5408
5409
5410
5411
5412
5413
5414
5415
5418
5419
5420
5421
5422
5423
5424
5427
5428
5429
5432
5433
5434
5435
5436
5437
5438
5439
5440
5441
5442
5445
5446
5447
5448
5449
5450
5454
5455
5456
5460
5461
5462
5463
5464
5465
5466
5467
5468
5469
5472
5473
5474
5475
5476
5477
5478
5481
5482
5484
5485
5508
5509
5510
5513
5514
5515
5516
5517
5518
5519
5520
5521
5522
5523
5526
5527
5528
5529
5530
5531
5535
5536
5537
5538
5539
5541
5542
5543
5544
5545
5546
5547
5548
5549
5550
5553
5554
5555
5556
5557
5558
5559
5562
5563
5565
5566
5589
5590
5594
5595
5598
5599
5603
5604
5610
5611
5616
5617
5619
5620
5624
5625
5626
5628
5632
5633
5650
5651
5652
5653
5655
5656
5657
5658
5659
5661
5662
5664
5665
5666
5667
5668
5670
5671
5673
5676
5678
5679
5680
5691
5692
5694
5696
5697
5698
5700
5701
5703
5705
5706
5707
5709
5711
5712
5713
5714
5715
5716
5718
5719
5720
5721
5724
5725
5727
5728
5736
5737
5738
5739
5745
5746
5747
5748
5772
5773
5778
5779
5781
5782
5787
5788
5792
5793
5796
5797
5799
5800
5801
5802
5805
5806
5808
5809
5832
5833
5834
5835
5838
5839
5840
5841
5842
5843
5844
5845
5846
5850
5851
5852
5853
5854
5855
5856
5858
5859
5860
5865
5867
5871
5875
5876
5883
5884
5886
5887
5888
5892
5893
5894
5895
5896
5897
5898
5899
5900
5902
5904
5905
5906
5907
5908
5909
5910
5911
5913
5914
5915
5916
5919
5920
5921
5922
5923
5924
5925
5926
5927
5931
5932
5933
5934
5935
5936
5937
5939
5940
5941
5942
5946
5947
5948
5949
5950
5951
5952
5953
5954
5958
5959
5960
5961
5962
5963
5964
5965
5967
5968
5974
5975
5976
5977
5979
5983
5985
5986
5988
5991
5992
5994
5995
5996
6000
6001
6002
6003
6004
6005
6006
6007
6008
6009
6010
6011
6012
6013
6014
6015
6016
6017
6018
6020
6021
6022
6023
6024
6025
6027
6028
6029
6030
6031
6032
6033
6034
6035
6039
6040
6041
6042
6043
6044
6045
6046
6048
6049
6060
6061
6062
6063
6064
6066
6067
6069
6070
6071
6072
6073
6075
6076
6077
6078
6080
6081
6082
6083
6084
6085
6086
6087
6088
6089
6090
6091
6092
6093
6094
6095
6096
6097
6098
6102
6103
6105
6106
6110
6111
6112
6114
6118
6119
6126
6127
6129
6130
6131
6135
6136
6137
6138
6139
6140
6141
6142
6143
6144
6147
6148
6149
6150
6151
6152
6153
6156
6157
6158
6161
6162
6163
6164
6165
6166
6167
6168
6169
6170
6171
6174
6175
6176
6177
6178
6179
6183
6184
6185
6189
6190
6191
6192
6193
6194
6195
6196
6197
6198
6201
6202
6203
6204
6205
6206
6207
6210
6211
6213
6214
6237
6238
6239
6242
6243
6244
6245
6246
6247
6248
6249
6250
6251
6252
6253
6254
6255
6256
6257
6258
6259
6260
6264
6265
6266
6267
6268
6270
6271
6272
6273
6274
6275
6276
6277
6278
6279
6280
6281
6282
6283
6284
6285
6286
6287
6288
6289
6291
6292
6294
6295
6298
6299
6300
6301
6303
6318
6319
6321
6323
6324
6326
6327
6328
6330
6332
6333
6334
6335
6339
6340
6345
6346
6348
6349
6353
6354
6355
6357
6361
6362
6379
6380
6381
6382
6384
6388
6390
6391
6393
6396
6397
6399
6400
6402
6405
6407
6408
6409
6423
6425
6426
6427
6432
6434
6438
6442
6443
6561
6562
6563
6564
6565
6566
6567
6568
6569
6570
6571
6572
6573
6574
6575
6576
6578
6579
6580
6581
6582
6583
6584
6585
6587
6588
6589
6590
6591
6592
6593
6594
6595
6596
6597
6598
6599
6600
6602
6603
6604
6605
6606
6607
6608
6609
6610
6611
6612
6613
6615
6616
6617
6618
6619
6620
6621
6622
6623
6624
6625
6626
6627
6628
6629
6630
6631
6633
6634
6635
6636
6637
6638
6639
6640
6642
6643
6644
6645
6646
6647
6648
6649
6650
6651
6652
6653
6654
6655
6656
6657
6659
6660
6661
6662
6663
6664
6665
6666
6667
6669
6670
6671
6672
6675
6676
6677
6678
6679
6680
6681
6682
6683
6684
6686
6687
6688
6689
6690
6691
6692
6693
6695
6696
6697
6698
6699
6700
6702
6704
6708
6709
6710
6711
6713
6714
6715
6716
6717
6718
6719
6720
6723
6724
6725
6726
6729
6730
6731
6732
6733
6734
6735
6736
6737
6738
6740
6741
6742
6743
6744
6745
6746
6750
6751
6752
6753
6756
6757
6758
6759
6760
6761
6762
6763
6764
6768
6769
6770
6771
6772
6773
6774
6775
6777
6778
6793
6795
6796
6798
6801
6802
6804
6805
6806
6807
6808
6809
6810
6811
6812
6813
6814
6815
6816
6819
6820
6821
6822
6823
6824
6825
6831
6832
6833
6834
6835
6836
6837
6838
6839
6840
6841
6842
6843
6845
6846
6847
6848
6849
6850
6851
6854
6855
6856
6857
6858
6859
6860
6861
6862
6863
6864
6865
6866
6867
6868
6869
6873
6874
6875
6876
6877
6878
6879
6882
6883
6885
6886
6888
6889
6890
6891
6892
6894
6895
6896
6897
6899
6900
6901
6902
6903
6904
6905
6906
6908
6909
6910
6911
6912
6913
6918
6920
6924
6926
6927
6928
6929
6930
6931
6932
6933
6934
6935
6936
6937
6939
6940
6942
6943
6946
6947
6948
6949
6951
6953
6955
6956
6957
6958
6959
6960
6962
6963
6964
6966
6967
6969
6970
6971
6972
6973
6975
6976
6977
6978
6980
6981
6982
6983
6984
6985
6986
6987
6988
6989
6990
6991
6993
6994
6996
6997
7001
7002
7003
7005
7007
7008
7009
7010
7011
7012
7013
7014
7015
7016
7017
7018
7020
7021
7023
7024
7025
7026
7027
7028
7029
7030
7031
7032
7047
7048
7049
7050
7051
7052
7053
7054
7055
7056
7057
7058
7059
7060
7061
7062
7063
7064
7065
7066
7067
7068
7069
7070
7074
7075
7077
7078
7079
7080
7081
7083
7084
7085
7088
7091
7092
7093
7094
7097
7098
7099
7101
7102
7103
7104
7105
7106
7107
7108
7109
7110
7111
7112
7113
7114
7115
7116
7119
7120
7121
7122
7123
7124
7125
7128
7129
7130
7131
7132
7133
7134
7135
7136
7137
7138
7139
7140
7141
7142
7145
7146
7147
7148
7149
7150
7151
7152
7153
7155
7156
7157
7158
7159
7161
7162
7163
7164
7165
7166
7167
7168
7169
7170
7173
7174
7175
7176
7177
7178
7179
7182
7183
7185
7186
7189
7190
7191
7192
7194
7195
7196
7197
7203
7204
7205
7206
7209
7210
7211
7212
7215
7216
7217
7218
7219
7220
7221
7222
7223
7224
7225
7226
7227
7228
7229
7230
7231
7232
7233
7235
7236
7237
7238
7239
7240
7242
7243
7244
7245
7246
7247
7248
7249
7250
7251
7254
7255
7256
7257
7258
7259
7260
7261
7263
7264
7266
7267
7270
7271
7272
7273
7275
7290
7291
7292
7293
7294
7295
7296
7297
7298
7299
7300
7301
7302
7303
7304
7305
7307
7308
7309
7310
7311
7312
7313
7314
7316
7317
7318
7319
7320
7321
7322
7323
7324
7325
7326
7327
7328
7329
7331
7332
7333
7334
7335
7336
7337
7338
7339
7340
7341
7342
7344
7345
7346
7347
7348
7349
7350
7351
7352
7353
7354
7355
7356
7357
7358
7359
7360
7362
7363
7364
7365
7366
7367
7368
7369
7371
7372
7373
7374
7375
7376
7377
7378
7379
7380
7381
7382
7383
7384
7385
7386
7388
7389
7390
7391
7392
7393
7394
7395
7396
7398
7399
7400
7401
7404
7405
7406
7407
7408
7409
7410
7411
7412
7413
7415
7416
7417
7418
7419
7420
7421
7422
7423
7424
7425
7426
7427
7428
7429
7431
7433
7437
7438
7439
7440
7442
7443
7444
7445
7446
7447
7448
7449
7450
7452
7453
7454
7455
7456
7457
7458
7459
7460
7461
7462
7463
7464
7465
7466
7467
7469
7470
7471
7472
7473
7474
7475
7476
7477
7479
7480
7481
7482
7485
7486
7487
7488
7489
7490
7491
7492
7493
7496
7497
7498
7499
7500
7501
7502
7503
7504
7506
7507
7509
7510
7511
7512
7513
7515
7516
7517
7533
7534
7535
7536
7539
7540
7541
7542
7543
7544
7545
7546
7547
7548
7550
7551
7552
7553
7554
7555
7556
7560
7561
7562
7563
7566
7568
7575
7577
7584
7586
7587
7588
7589
7590
7593
7594
7595
7596
7597
7598
7599
7600
7601
7602
7604
7605
7606
7607
7608
7609
7610
7614
7615
7616
7620
7621
7622
7623
7624
7625
7626
7627
7628
7632
7633
7634
7635
7636
7637
7641
7642
7643
7647
7648
7649
7650
7651
7652
7653
7654
7655
7656
7658
7659
7660
7661
7662
7663
7664
7665
7666
7667
7668
7669
7670
7671
7672
7674
7676
7682
7683
7685
7686
7687
7688
7689
7691
7692
7693
7695
7696
7697
7698
7699
7700
7701
7702
7703
7704
7705
7706
7707
7708
7709
7710
7712
7713
7714
7715
7716
7717
7718
7719
7720
7722
7723
7724
7725
7726
7728
7729
7730
7731
7732
7733
7734
7735
7736
7737
7739
7740
7741
7742
7743
7744
7745
7746
7747
7748
7749
7750
7751
7752
7753
7754
7755
7756
7757
7758
7759
7760
7764
7766
7767
7768
7769
7770
7776
7777
7778
7779
7781
7782
7785
7786
7787
7788
7790
7791
7793
7794
7795
7796
7797
7798
7803
7804
7805
7806
7807
7809
7811
7812
7813
7818
7820
7827
7829
7830
7831
7832
7833
7836
7838
7842
7843
7844
7845
7847
7848
7849
7850
7851
7852
7853
7854
7878
7879
7884
7885
7887
7888
7893
7894
7898
7899
7901
7902
7903
7904
7905
7906
7907
7908
7909
7910
7911
7912
7913
7914
7915
7917
7919
7923
7924
7925
7926
7928
7929
7930
7931
7932
7933
7934
7935
7936
7938
7939
7940
7941
7942
7943
7944
7945
7947
7948
7949
7950
7952
7953
7955
7956
7957
7958
7959
7960
7961
7962
7963
7965
7966
7967
7968
7969
7971
7973
7974
7975
7979
7980
7982
7983
7984
7985
7986
7987
7988
7989
7990
7992
7993
7995
7996
7997
7998
7999
8001
8002
8003
8019
8020
8021
8022
8023
8024
8025
8026
8027
8028
8029
8030
8031
8032
8033
8034
8036
8037
8038
8039
8040
8041
8042
8046
8047
8048
8049
8050
8051
8052
8053
8054
8055
8056
8057
8060
8063
8064
8065
8066
8069
8070
8071
8073
8074
8075
8076
8077
8078
8079
8080
8081
8082
8083
8084
8085
8086
8087
8091
8092
8093
8094
8095
8096
8100
8101
8102
8103
8104
8105
8106
8107
8108
8109
8110
8111
8112
8113
8114
8115
8117
8118
8119
8120
8121
8122
8123
8124
8125
8127
8128
8129
8130
8133
8134
8135
8136
8137
8138
8139
8140
8141
8142
8144
8145
8146
8147
8148
8149
8150
8151
8152
8153
8154
8155
8156
8157
8160
8162
8168
8169
8171
8172
8173
8174
8175
8177
8178
8179
8181
8182
8183
8184
8185
8186
8187
8188
8189
8190
8191
8192
8193
8194
8195
8196
8198
8199
8200
8201
8202
8203
8204
8205
8206
8208
8209
8210
8211
8214
8215
8216
8217
8218
8219
8220
8221
8222
8225
8226
8227
8228
8229
8230
8231
8232
8233
8235
8236
8238
8239
8240
8241
8242
8244
8245
8246
8262
8263
8264
8265
8268
8269
8270
8271
8272
8273
8274
8275
8276
8277
8279
8280
8281
8282
8283
8284
8285
8289
8290
8291
8292
8295
8297
8304
8306
8313
8315
8316
8317
8318
8319
8322
8323
8324
8325
8326
8327
8328
8329
8330
8331
8333
8334
8335
8336
8337
8338
8339
8343
8344
8345
8349
8350
8351
8352
8353
8354
8355
8356
8357
8361
8362
8363
8364
8365
8366
8370
8371
8372
8376
8377
8378
8379
8380
8381
8382
8383
8384
8387
8388
8389
8390
8391
8392
8393
8394
8395
8411
8414
8415
8416
8417
8420
8421
8422
8424
8425
8426
8427
8428
8429
8430
8431
8432
8433
8434
8435
8436
8437
8438
8441
8442
8443
8444
8445
8446
8447
8448
8449
8451
8452
8453
8457
8458
8459
8460
8461
8462
8463
8464
8465
8468
8469
8470
8471
8472
8473
8474
8475
8476
8478
8479
8481
8482
8483
8484
8485
8487
8488
8489
8505
8506
8508
8509
8510
8511
8512
8514
8515
8516
8532
8533
8535
8536
8537
8538
8539
8541
8542
8543
8546
8549
8550
8551
8552
8555
8556
8557
8559
8560
8562
8563
8564
8565
8566
8568
8569
8570
8586
8587
8589
8590
8591
8592
8593
8595
8596
8597
8600
8603
8604
8605
8606
8609
8610
8611
8748
8749
8750
8751
8754
8755
8756
8757
8758
8759
8760
8761
8762
8763
8765
8766
8767
8768
8769
8770
8771
8775
8776
8777
8778
8781
8783
8802
8803
8804
8808
8809
8810
8811
8812
8813
8814
8815
8816
8820
8821
8822
8823
8824
8825
8829
8830
8831
8832
8835
8836
8837
8838
8839
8840
8841
8842
8843
8844
8846
8847
8848
8849
8850
8851
8852
8856
8857
8858
8859
8862
8863
8864
8865
8866
8867
8868
8869
8870
8871
8873
8874
8875
8876
8877
8878
8879
8880
8882
8883
8884
8885
8886
8889
8891
8898
8900
8901
8902
8903
8904
8910
8911
8912
8913
8916
8917
8918
8919
8920
8921
8922
8923
8924
8925
8927
8928
8929
8930
8931
8932
8933
8937
8938
8939
8940
8943
8944
8945
8946
8947
8948
8949
8950
8951
8955
8956
8957
8958
8959
8960
8991
8992
8993
8994
9000
9001
9002
9003
9006
9008
9009
9010
9011
9012
9018
9019
9020
9021
9024
9026
9033
9035
9042
9044
9045
9046
9047
9048
9051
9053
9060
9062
9063
9064
9065
9066
9114
9116
9123
9125
9126
9127
9128
9129
9132
9134
9141
9143
9144
9145
9146
9147
9195
9197
9204
9206
9207
9208
9209
9210
9213
9215
9222
9224
9225
9226
9227
9228
9234
9235
9236
9237
9240
9241
9242
9243
9244
9245
9246
9247
9248
9249
9251
9252
9253
9254
9255
9256
9257
9261
9262
9263
9264
9267
9269
9276
9278
9285
9287
9288
9289
9290
9291
9294
9295
9296
9297
9298
9299
9300
9301
9302
9303
9305
9306
9307
9308
9309
9310
9311
9315
9316
9317
9321
9322
9323
9324
9325
9326
9327
9328
9329
9333
9334
9335
9336
9337
9338
9342
9343
9344
9348
9349
9350
9351
9352
9353
9354
9355
9356
9357
9359
9360
9361
9362
9363
9364
9365
9366
9368
9369
9370
9371
9372
9375
9377
9384
9386
9387
9388
9389
9390
9396
9397
9398
9399
9402
9403
9404
9405
9406
9407
9408
9409
9410
9411
9413
9414
9415
9416
9417
9418
9419
9423
9424
9425
9426
9429
9430
9431
9432
9433
9434
9435
9436
9437
9441
9442
9443
9444
9445
9446
9477
9478
9479
9483
9484
9485
9486
9487
9488
9489
9490
9491
9495
9496
9497
9498
9499
9500
9531
9532
9533
9537
9538
9539
9540
9541
9542
9543
9544
9545
9549
9550
9551
9552
9553
9554
9558
9559
9560
9564
9565
9566
9567
9568
9569
9570
9571
9572
9576
9577
9578
9579
9580
9581
9585
9586
9587
9591
9592
9593
9594
9595
9596
9597
9598
9599
9603
9604
9605
9606
9607
9608
9639
9640
9641
9645
9646
9647
9648
9649
9650
9651
9652
9653
9657
9658
9659
9660
9661
9662
9666
9667
9668
9672
9673
9674
9675
9676
9677
9678
9679
9680
9684
9685
9686
9687
9688
9689
9720
9721
9722
9726
9727
9728
9729
9730
9731
9732
9733
9734
9738
9739
9740
9741
9742
9743
9774
9775
9776
9780
9781
9782
9783
9784
9785
9786
9787
9788
9792
9793
9794
9795
9796
9797
9801
9802
9803
9807
9808
9809
9810
9811
9812
9813
9814
9815
9819
9820
9821
9822
9823
9824
9828
9829
9830
9834
9835
9836
9837
9838
9839
9840
9841
9842
9843
9845
9846
9847
9848
9849
9850
9851
9852
9854
9855
9856
9857
9858
9859
9861
9863
9870
9872
9873
9874
9875
9876
9882
9883
9884
9887
9888
9889
9890
9891
9892
9893
9894
9895
9896
9897
9900
9901
9902
9903
9904
9905
9909
9910
9911
9912
9913
9915
9916
9917
9918
9919
9920
9921
9922
9923
9924
9926
9927
9928
9929
9930
9931
9932
9933
9935
9936
9937
9938
9939
9940
9942
9944
9951
9953
9954
9955
9956
9957
9963
9964
9965
9966
9968
9969
9972
9973
9974
9975
9977
9978
9980
9981
9982
9983
9984
9985
9990
9991
9992
9993
9994
9996
9998
9999
10000
10005
10007
10014
10016
10017
10018
10019
10020
10023
10025
10032
10034
10035
10036
10037
10038
10086
10088
10095
10097
10098
10099
10100
10101
10104
10106
10113
10115
10116
10117
10118
10119
10125
10126
10127
10128
10134
10135
10136
10137
10140
10142
10143
10144
10145
10146
10152
10153
10154
10155
10158
10160
10206
10207
10208
10211
10212
10213
10214
10215
10216
10217
10218
10219
10220
10221
10224
10225
10226
10227
10228
10229
10247
10248
10251
10252
10254
10255
10256
10257
10260
10261
10262
10263
10264
10266
10267
10268
10269
10270
10271
10272
10273
10274
10275
10278
10279
10280
10281
10282
10283
10284
10287
10288
10289
10292
10293
10294
10295
10296
10297
10298
10299
10300
10301
10302
10305
10306
10307
10308
10309
10310
10314
10315
10316
10320
10321
10322
10323
10324
10325
10326
10327
10328
10329
10332
10333
10334
10335
10336
10337
10338
10341
10342
10344
10345
10353
10354
10355
10356
10362
10363
10364
10365
10368
10369
10370
10374
10375
10376
10377
10378
10379
10380
10381
10382
10386
10387
10388
10389
10390
10391
10395
10396
10397
10398
10399
10401
10402
10403
10404
10405
10406
10407
10408
10409
10413
10414
10415
10416
10417
10418
10434
10435
10436
10437
10443
10444
10445
10446
10449
10450
10451
10454
10455
10456
10457
10458
10459
10460
10461
10462
10463
10464
10467
10468
10469
10470
10471
10472
10476
10477
10479
10480
10485
10486
10503
10504
10505
10509
10510
10511
10512
10513
10514
10515
10516
10517
10518
10521
10522
10523
10524
10525
10526
10527
10530
10531
10532
10535
10536
10537
10538
10539
10540
10541
10542
10543
10544
10545
10548
10549
10550
10551
10552
10553
10557
10558
10559
10563
10564
10565
10566
10567
10568
10569
10570
10571
10572
10574
10575
10576
10577
10578
10579
10580
10581
10583
10584
10585
10586
10587
10588
10590
10592
10599
10601
10602
10603
10604
10605
10611
10612
10613
10616
10617
10618
10619
10620
10621
10622
10623
10624
10625
10626
10629
10630
10631
10632
10633
10634
10638
10639
10640
10641
10642
10644
10645
10646
10647
10648
10649
10650
10651
10652
10653
10655
10656
10657
10658
10659
10660
10661
10662
10664
10665
10666
10667
10668
10669
10671
10673
10680
10682
10683
10684
10685
10686
10692
10693
10694
10695
10697
10698
10701
10702
10703
10704
10706
10707
10709
10710
10711
10712
10713
10714
10719
10720
10721
10722
10723
10725
10727
10728
10729
10734
10736
10743
10745
10746
10747
10748
10749
10752
10754
10761
10763
10764
10765
10766
10767
10815
10817
10824
10826
10827
10828
10829
10830
10833
10835
10842
10844
10845
10846
10847
10848
10854
10855
10856
10857
10863
10864
10865
10866
10869
10871
10872
10873
10874
10875
10881
10882
10883
10884
10887
10889
10935
10936
10937
10938
10940
10941
10944
10945
10946
10947
10949
10950
10952
10953
10954
10955
10956
10962
10963
10964
10965
10968
10970
10976
10977
10980
10981
10983
10984
10985
10986
10989
10990
10992
10993
11001
11002
11003
11004
11010
11011
11012
11013
11016
11017
11018
11019
11021
11022
11025
11026
11027
11028
11030
11031
11033
11034
11035
11036
11037
11043
11044
11045
11046
11049
11051
11057
11058
11060
11061
11062
11064
11065
11066
11067
11069
11070
11071
11072
11073
11074
11076
11078
11082
11083
11084
11085
11087
11088
11089
11090
11091
11092
11093
11094
11097
11098
11099
11100
11106
11107
11108
11109
11112
11114
11115
11116
11117
11118
11119
11124
11125
11126
11127
11128
11130
11132
11133
11134
11163
11164
11165
11166
11172
11173
11174
11175
11178
11179
11180
11181
11183
11184
11187
11188
11189
11190
11192
11193
11195
11196
11197
11198
11199
11200
11205
11206
11207
11208
11209
11211
11213
11214
11215
11220
11222
11229
11231
11232
11233
11234
11235
11238
11240
11244
11245
11246
11247
11249
11250
11251
11252
11253
11254
11255
11256
11259
11260
11264
11265
11268
11269
11273
11274
11301
11303
11310
11312
11313
11314
11315
11316
11319
11321
11328
11330
11331
11332
11333
11334
11382
11384
11391
11393
11394
11395
11396
11397
11400
11402
11409
11411
11412
11413
11414
11415
11421
11422
11423
11424
11430
11431
11432
11433
11436
11438
11439
11440
11441
11442
11448
11449
11450
11451
11454
11456
11463
11465
11472
11474
11475
11476
11477
11478
11481
11483
11487
11488
11489
11490
11492
11493
11494
11495
11496
11497
11498
11499
11523
11524
11529
11530
11532
11533
11538
11539
11543
11544
11546
11547
11548
11550
11551
11552
11553
11555
11556
11557
11558
11559
11560
11562
11564
11568
11569
11570
11571
11573
11574
11575
11576
11577
11578
11579
11580
11583
11584
11585
11586
11592
11593
11594
11595
11598
11600
11601
11602
11603
11604
11605
11610
11611
11612
11613
11614
11616
11618
11619
11620
11624
11625
11628
11629
11631
11632
11633
11634
11637
11638
11640
11641
11847
11848
11853
11854
11856
11857
11862
11863
11892
11893
11894
11895
11901
11902
11903
11904
11907
11908
11912
11913
11916
11917
11921
11922
11928
11929
11934
11935
11937
11938
11943
11944
11973
11974
11975
11976
11982
11983
11984
11985
11988
11989
11993
11994
11997
11998
12002
12003
12029
12030
12032
12033
12034
12036
12037
12038
12039
12041
12042
12043
12044
12045
12046
12048
12050
12057
12059
12060
12061
12062
12063
12069
12070
12074
12075
12078
12079
12083
12084
12090
12091
12096
12097
12099
12100
12105
12106
12110
12111
12113
12114
12115
12117
12118
12119
12120
12122
12123
12124
12125
12126
12127
12129
12131
12138
12140
12141
12142
12143
12144
12150
12151
12152
12153
12155
12156
12159
12160
12161
12162
12164
12165
12167
12168
12169
12170
12171
12172
12177
12178
12179
12180
12181
12183
12185
12186
12187
12192
12194
12201
12203
12204
12205
12206
12207
12210
12212
12216
12217
12218
12219
12221
12222
12223
12224
12225
12226
12227
12228
12252
12253
12258
12259
12261
12262
12267
12268
12272
12273
12275
12276
12277
12279
12280
12281
12282
12284
12285
12286
12287
12288
12289
12291
12293
12297
12298
12299
12300
12302
12303
12304
12305
12306
12307
12308
12309
12312
12313
12314
12315
12321
12322
12323
12324
12327
12329
12330
12331
12332
12333
12334
12339
12340
12341
12342
12343
12345
12347
12348
12349
12353
12354
12357
12358
12360
12361
12362
12363
12366
12367
12369
12370
12393
12394
12395
12396
12402
12403
12404
12405
12408
12410
12411
12412
12413
12414
12420
12421
12422
12423
12426
12428
12474
12475
12476
12477
12483
12484
12485
12486
12489
12491
12492
12493
12494
12495
12501
12502
12503
12504
12507
12509
12516
12518
12525
12527
12528
12529
12530
12531
12534
12536
12543
12545
12546
12547
12548
12549
12555
12556
12557
12558
12564
12565
12566
12567
12570
12572
12573
12574
12575
12576
12577
12582
12583
12584
12585
12586
12588
12590
12591
12592
12621
12622
12623
12624
12630
12631
12632
12633
12636
12637
12638
12639
12641
12642
12645
12646
12647
12648
12650
12651
12653
12654
12655
12656
12657
12658
12663
12664
12665
12666
12667
12669
12671
12672
12673
12678
12680
12687
12689
12690
12691
12692
12693
12696
12698
12702
12703
12704
12705
12707
12708
12709
12710
12711
12712
12713
12714
12717
12718
12722
12723
12726
12727
12731
12732
12758
12759
12762
12763
12765
12766
12767
12768
12771
12772
12774
12775
12798
12799
12803
12804
12807
12808
12812
12813
12819
12820
12825
12826
12828
12829
12834
12835
12839
12840
12843
12844
12846
12847
12848
12849
12852
12853
12855
12856
12879
12880
12884
12885
12888
12889
12893
12894
12900
12901
12906
12907
12909
12910
12915
12916
13122
13123
13124
13125
13128
13129
13130
13131
13132
13133
13134
13135
13136
13137
13139
13140
13141
13142
13143
13144
13145
13149
13150
13151
13152
13155
13157
13176
13177
13178
13182
13183
13184
13185
13186
13187
13188
13189
13190
13194
13195
13196
13197
13198
13199
13203
13204
13205
13206
13209
13210
13211
13212
13213
13214
13215
13216
13217
13218
13220
13221
13222
13223
13224
13225
13226
13230
13231
13232
13233
13236
13237
13238
13239
13240
13241
13242
13243
13244
13245
13247
13248
13249
13250
13251
13252
13253
13254
13256
13257
13258
13259
13260
13263
13265
13272
13274
13275
13276
13277
13278
13284
13285
13286
13287
13290
13291
13292
13293
13294
13295
13296
13297
13298
13299
13301
13302
13303
13304
13305
13306
13307
13311
13312
13313
13314
13317
13318
13319
13320
13321
13322
13323
13324
13325
13329
13330
13331
13332
13333
13334
13365
13366
13367
13368
13374
13375
13376
13377
13380
13382
13383
13384
13385
13386
13392
13393
13394
13395
13398
13400
13407
13409
13416
13418
13419
13420
13421
13422
13425
13427
13434
13436
13437
13438
13439
13440
13608
13609
13610
13614
13615
13616
13617
13618
13619
13620
13621
13622
13626
13627
13628
13629
13630
13631
13662
13663
13664
13668
13669
13670
13671
13672
13673
13674
13675
13676
13680
13681
13682
13683
13684
13685
13689
13690
13691
13695
13696
13697
13698
13699
13700
13701
13702
13703
13707
13708
13709
13710
13711
13712
13716
13717
13718
13722
13723
13724
13725
13726
13727
13728
13729
13730
13734
13735
13736
13737
13738
13739
13770
13771
13772
13776
13777
13778
13779
13780
13781
13782
13783
13784
13788
13789
13790
13791
13792
13793
13797
13798
13799
13803
13804
13805
13806
13807
13808
13809
13810
13811
13815
13816
13817
13818
13819
13820
13851
13852
13853
13854
13857
13858
13859
13860
13861
13862
13863
13864
13865
13866
13868
13869
13870
13871
13872
13873
13874
13878
13879
13880
13881
13884
13886
13905
13906
13907
13911
13912
13913
13914
13915
13916
13917
13918
13919
13923
13924
13925
13926
13927
13928
13932
13933
13934
13935
13938
13939
13940
13941
13942
13943
13944
13945
13946
13947
13949
13950
13951
13952
13953
13954
13955
13959
13960
13961
13962
13965
13966
13967
13968
13969
13970
13971
13972
13973
13974
13976
13977
13978
13979
13980
13981
13982
13983
13985
13986
13987
13988
13989
13992
13994
14001
14003
14004
14005
14006
14007
14013
14014
14015
14016
14019
14020
14021
14022
14023
14024
14025
14026
14027
14028
14030
14031
14032
14033
14034
14035
14036
14040
14041
14042
14043
14046
14047
14048
14049
14050
14051
14052
14053
14054
14058
14059
14060
14061
14062
14063
14094
14095
14096
14097
14100
14101
14102
14103
14104
14105
14106
14107
14108
14109
14111
14112
14113
14114
14115
14116
14117
14121
14122
14123
14124
14127
14129
14136
14138
14145
14147
14148
14149
14150
14151
14154
14155
14156
14157
14158
14159
14160
14161
14162
14163
14165
14166
14167
14168
14169
14170
14171
14175
14176
14177
14181
14182
14183
14184
14185
14186
14187
14188
14189
14193
14194
14195
14196
14197
14198
14202
14203
14204
14208
14209
14210
14211
14212
14213
14214
14215
14216
14217
14219
14220
14221
14222
14223
14224
14225
14226
14228
14229
14230
14231
14232
14235
14237
14244
14246
14247
14248
14249
14250
14256
14257
14258
14262
14263
14264
14265
14266
14267
14268
14269
14270
14274
14275
14276
14277
14278
14279
14283
14284
14285
14289
14290
14291
14292
14293
14294
14295
14296
14297
14298
14300
14301
14302
14303
14304
14305
14306
14307
14309
14310
14311
14312
14313
14316
14318
14325
14327
14328
14329
14330
14331
14337
14338
14339
14340
14346
14347
14348
14349
14352
14354
14355
14356
14357
14358
14364
14365
14366
14367
14370
14372
14379
14381
14388
14390
14391
14392
14393
14394
14397
14399
14406
14408
14409
14410
14411
14412
14460
14462
14469
14471
14472
14473
14474
14475
14478
14480
14487
14489
14490
14491
14492
14493
14499
14500
14501
14502
14508
14509
14510
14511
14514
14516
14517
14518
14519
14520
14526
14527
14528
14529
14532
14534
14580
14581
14582
14583
14586
14587
14588
14589
14590
14591
14592
14593
14594
14595
14597
14598
14599
14600
14601
14602
14603
14607
14608
14609
14610
14613
14615
14634
14635
14636
14640
14641
14642
14643
14644
14645
14646
14647
14648
14652
14653
14654
14655
14656
14657
14661
14662
14663
14664
14667
14668
14669
14670
14671
14672
14673
14674
14675
14676
14678
14679
14680
14681
14682
14683
14684
14688
14689
14690
14691
14694
14695
14696
14697
14698
14699
14700
14701
14702
14703
14705
14706
14707
14708
14709
14710
14711
14712
14714
14715
14716
14717
14718
14721
14723
14730
14732
14733
14734
14735
14736
14742
14743
14744
14745
14748
14749
14750
14751
14752
14753
14754
14755
14756
14757
14759
14760
14761
14762
14763
14764
14765
14769
14770
14771
14772
14775
14776
14777
14778
14779
14780
14781
14782
14783
14787
14788
14789
14790
14791
14792
14823
14824
14825
14826
14829
14830
14831
14832
14833
14834
14835
14836
14837
14838
14840
14841
14842
14843
14844
14845
14846
14850
14851
14852
14853
14856
14858
14865
14867
14874
14876
14877
14878
14879
14880
14883
14884
14885
14886
14887
14888
14889
14890
14891
14892
14894
14895
14896
14897
14898
14899
14900
14904
14905
14906
14910
14911
14912
14913
14914
14915
14916
14917
14918
14922
14923
14924
14925
14926
14927
14931
14932
14933
14937
14938
14939
14940
14941
14942
14943
14944
14945
14949
14950
14951
14952
14953
14954
14985
14986
14987
14991
14992
14993
14994
14995
14996
14997
14998
14999
15003
15004
15005
15006
15007
15008
15012
15013
15014
15018
15019
15020
15021
15022
15023
15024
15025
15026
15030
15031
15032
15033
15034
15035
15309
15310
15311
15312
15315
15316
15317
15318
15319
15320
15321
15322
15323
15324
15326
15327
15328
15329
15330
15331
15332
15336
15337
15338
15339
15342
15344
15363
15364
15365
15369
15370
15371
15372
15373
15374
15375
15376
15377
15381
15382
15383
15384
15385
15386
15390
15391
15392
15393
15396
15397
15398
15399
15400
15401
15402
15403
15404
15405
15407
15408
15409
15410
15411
15412
15413
15417
15418
15419
15420
15423
15424
15425
15426
15427
15428
15429
15430
15431
15432
15434
15435
15436
15437
15438
15439
15440
15441
15443
15444
15445
15446
15447
15450
15452
15459
15461
15462
15463
15464
15465
15471
15472
15473
15474
15477
15478
15479
15480
15481
15482
15483
15484
15485
15486
15488
15489
15490
15491
15492
15493
15494
15498
15499
15500
15501
15504
15505
15506
15507
15508
15509
15510
15511
15512
15516
15517
15518
15519
15520
15521
15552
15553
15554
15555
15561
15562
15563
15564
15567
15569
15570
15571
15572
15573
15579
15580
15581
15582
15585
15587
15594
15596
15603
15605
15606
15607
15608
15609
15612
15614
15621
15623
15624
15625
15626
15627
15675
15677
15684
15686
15687
15688
15689
15690
15693
15695
15702
15704
15705
15706
15707
15708
15756
15758
15765
15767
15768
15769
15770
15771
15774
15776
15783
15785
15786
15787
15788
15789
15795
15796
15797
15798
15801
15802
15803
15804
15805
15806
15807
15808
15809
15810
15812
15813
15814
15815
15816
15817
15818
15822
15823
15824
15825
15828
15830
15837
15839
15846
15848
15849
15850
15851
15852
15855
15856
15857
15858
15859
15860
15861
15862
15863
15864
15866
15867
15868
15869
15870
15871
15872
15876
15877
15878
15882
15883
15884
15885
15886
15887
15888
15889
15890
15894
15895
15896
15897
15898
15899
15903
15904
15905
15909
15910
15911
15912
15913
15914
15915
15916
15917
15918
15920
15921
15922
15923
15924
15925
15926
15927
15929
15930
15931
15932
15933
15936
15938
15945
15947
15948
15949
15950
15951
15957
15958
15959
15960
15963
15964
15965
15966
15967
15968
15969
15970
15971
15972
15974
15975
15976
15977
15978
15979
15980
15984
15985
15986
15987
15990
15991
15992
15993
15994
15995
15996
15997
15998
16002
16003
16004
16005
16006
16007
16038
16039
16040
16044
16045
16046
16047
16048
16049
16050
16051
16052
16056
16057
16058
16059
16060
16061
16092
16093
16094
16098
16099
16100
16101
16102
16103
16104
16105
16106
16110
16111
16112
16113
16114
16115
16119
16120
16121
16125
16126
16127
16128
16129
16130
16131
16132
16133
16137
16138
16139
16140
16141
16142
16146
16147
16148
16152
16153
16154
16155
16156
16157
16158
16159
16160
16164
16165
16166
16167
16168
16169
16200
16201
16202
16206
16207
16208
16209
16210
16211
16212
16213
16214
16218
16219
16220
16221
16222
16223
16227
16228
16229
16233
16234
16235
16236
16237
16238
16239
16240
16241
16245
16246
16247
16248
16249
16250
16281
16282
16283
16287
16288
16289
16290
16291
16292
16293
16294
16295
16299
16300
16301
16302
16303
16304
16335
16336
16337
16341
16342
16343
16344
16345
16346
16347
16348
16349
16353
16354
16355
16356
16357
16358
16362
16363
16364
16368
16369
16370
16371
16372
16373
16374
16375
16376
16380
16381
16382
16383
16384
16385
16389
16390
16391
16395
16396
16397
16398
16399
16400
16401
16402
16403
16407
16408
16409
16410
16411
16412
16443
16444
16445
16449
16450
16451
16452
16453
16454
16455
16456
16457
16461
16462
16463
16464
16465
16466
16470
16471
16472
16476
16477
16478
16479
16480
16481
16482
16483
16484
16488
16489
16490
16491
16492
16493
16767
16768
16769
16773
16774
16775
16776
16777
16778
16779
16780
16781
16785
16786
16787
16788
16789
16790
16821
16822
16823
16827
16828
16829
16830
16831
16832
16833
16834
16835
16839
16840
16841
16842
16843
16844
16848
16849
16850
16854
16855
16856
16857
16858
16859
16860
16861
16862
16866
16867
16868
16869
16870
16871
16875
16876
16877
16881
16882
16883
16884
16885
16886
16887
16888
16889
16893
16894
16895
16896
16897
16898
16929
16930
16931
16935
16936
16937
16938
16939
16940
16941
16942
16943
16947
16948
16949
16950
16951
16952
16956
16957
16958
16962
16963
16964
16965
16966
16967
16968
16969
16970
16974
16975
16976
16977
16978
16979
17010
17011
17012
17016
17017
17018
17019
17020
17021
17022
17023
17024
17028
17029
17030
17031
17032
17033
17064
17065
17066
17070
17071
17072
17073
17074
17075
17076
17077
17078
17082
17083
17084
17085
17086
17087
17091
17092
17093
17097
17098
17099
17100
17101
17102
17103
17104
17105
17109
17110
17111
17112
17113
17114
17118
17119
17120
17124
17125
17126
17127
17128
17129
17130
17131
17132
17136
17137
17138
17139
17140
17141
17172
17173
17174
17178
17179
17180
17181
17182
17183
17184
17185
17186
17190
17191
17192
17193
17194
17195
17199
17200
17201
17205
17206
17207
17208
17209
17210
17211
17212
17213
17217
17218
17219
17220
17221
17222
19683
19684
19685
19686
19692
19693
19694
19695
19698
19700
19701
19702
19703
19704
19710
19711
19712
19713
19716
19718
19764
19765
19766
19767
19773
19774
19775
19776
19779
19781
19782
19783
19784
19785
19791
19792
19793
19794
19797
19799
19806
19808
19815
19817
19818
19819
19820
19821
19824
19826
19833
19835
19836
19837
19838
19839
19845
19846
19847
19848
19854
19855
19856
19857
19860
19862
19863
19864
19865
19866
19872
19873
19874
19875
19878
19880
19926
19927
19928
19929
19935
19936
19937
19938
19941
19943
19944
19945
19946
19947
19953
19954
19955
19956
19959
19961
19968
19970
19977
19979
19980
19981
19982
19983
19986
19988
19995
19997
19998
19999
20000
20001
20412
20413
20414
20415
20421
20422
20423
20424
20427
20429
20430
20431
20432
20433
20439
20440
20441
20442
20445
20447
20493
20494
20495
20496
20502
20503
20504
20505
20508
20510
20511
20512
20513
20514
20520
20521
20522
20523
20526
20528
20535
20537
20544
20546
20547
20548
20549
20550
20553
20555
20562
20564
20565
20566
20567
20568
20574
20575
20576
20577
20583
20584
20585
20586
20589
20591
20592
20593
20594
20595
20601
20602
20603
20604
20607
20609
20655
20656
20657
20658
20664
20665
20666
20667
20670
20672
20673
20674
20675
20676
20682
20683
20684
20685
20688
20690
20697
20699
20706
20708
20709
20710
20711
20712
20715
20717
20724
20726
20727
20728
20729
20730
20778
20780
20787
20789
20790
20791
20792
20793
20796
20798
20805
20807
20808
20809
20810
20811
20859
20861
20868
20870
20871
20872
20873
20874
20877
20879
20886
20888
20889
20890
20891
20892
20898
20899
20900
20901
20907
20908
20909
20910
20913
20915
20916
20917
20918
20919
20925
20926
20927
20928
20931
20933
20940
20942
20949
20951
20952
20953
20954
20955
20958
20960
20967
20969
20970
20971
20972
20973
21021
21023
21030
21032
21033
21034
21035
21036
21039
21041
21048
21050
21051
21052
21053
21054
21060
21061
21062
21063
21069
21070
21071
21072
21075
21077
21078
21079
21080
21081
21087
21088
21089
21090
21093
21095
21141
21142
21143
21144
21150
21151
21152
21153
21156
21158
21159
21160
21161
21162
21168
21169
21170
21171
21174
21176
21222
21223
21224
21225
21231
21232
21233
21234
21237
21239
21240
21241
21242
21243
21249
21250
21251
21252
21255
21257
21264
21266
21273
21275
21276
21277
21278
21279
21282
21284
21291
21293
21294
21295
21296
21297
21303
21304
21305
21306
21312
21313
21314
21315
21318
21320
21321
21322
21323
21324
21330
21331
21332
21333
21336
21338
21384
21385
21386
21387
21393
21394
21395
21396
21399
21401
21402
21403
21404
21405
21411
21412
21413
21414
21417
21419
21426
21428
21435
21437
21438
21439
21440
21441
21444
21446
21453
21455
21456
21457
21458
21459
21870
21871
21872
21873
21879
21880
21881
21882
21885
21887
21888
21889
21890
21891
21897
21898
21899
21900
21903
21905
21951
21952
21953
21954
21960
21961
21962
21963
21966
21968
21969
21970
21971
21972
21978
21979
21980
21981
21984
21986
21993
21995
22002
22004
22005
22006
22007
22008
22011
22013
22020
22022
22023
22024
22025
22026
22032
22033
22034
22035
22041
22042
22043
22044
22047
22049
22050
22051
22052
22053
22059
22060
22061
22062
22065
22067
22113
22114
22115
22116
22122
22123
22124
22125
22128
22130
22131
22132
22133
22134
22140
22141
22142
22143
22146
22148
22155
22157
22164
22166
22167
22168
22169
22170
22173
22175
22182
22184
22185
22186
22187
22188
22236
22238
22245
22247
22248
22249
22250
22251
22254
22256
22263
22265
22266
22267
22268
22269
22317
22319
22326
22328
22329
22330
22331
22332
22335
22337
22344
22346
22347
22348
22349
22350
22356
22357
22358
22359
22365
22366
22367
22368
22371
22373
22374
22375
22376
22377
22383
22384
22385
22386
22389
22391
22398
22400
22407
22409
22410
22411
22412
22413
22416
22418
22425
22427
22428
22429
22430
22431
22479
22481
22488
22490
22491
22492
22493
22494
22497
22499
22506
22508
22509
22510
22511
22512
22518
22519
22520
22521
22527
22528
22529
22530
22533
22535
22536
22537
22538
22539
22545
22546
22547
22548
22551
22553
22965
22967
22974
22976
22977
22978
22979
22980
22983
22985
22992
22994
22995
22996
22997
22998
23046
23048
23055
23057
23058
23059
23060
23061
23064
23066
23073
23075
23076
23077
23078
23079
23085
23086
23087
23088
23094
23095
23096
23097
23100
23102
23103
23104
23105
23106
23112
23113
23114
23115
23118
23120
23127
23129
23136
23138
23139
23140
23141
23142
23145
23147
23154
23156
23157
23158
23159
23160
23208
23210
23217
23219
23220
23221
23222
23223
23226
23228
23235
23237
23238
23239
23240
23241
23247
23248
23249
23250
23256
23257
23258
23259
23262
23264
23265
23266
23267
23268
23274
23275
23276
23277
23280
23282
23694
23696
23703
23705
23706
23707
23708
23709
23712
23714
23721
23723
23724
23725
23726
23727
23775
23777
23784
23786
23787
23788
23789
23790
23793
23795
23802
23804
23805
23806
23807
23808
23814
23815
23816
23817
23823
23824
23825
23826
23829
23831
23832
23833
23834
23835
23841
23842
23843
23844
23847
23849
23856
23858
23865
23867
23868
23869
23870
23871
23874
23876
23883
23885
23886
23887
23888
23889
23937
23939
23946
23948
23949
23950
23951
23952
23955
23957
23964
23966
23967
23968
23969
23970
23976
23977
23978
23979
23985
23986
23987
23988
23991
23993
23994
23995
23996
23997
24003
24004
24005
24006
24009
24011
24057
24058
24059
24060
24066
24067
24068
24069
24072
24074
24075
24076
24077
24078
24084
24085
24086
24087
24090
24092
24138
24139
24140
24141
24147
24148
24149
24150
24153
24155
24156
24157
24158
24159
24165
24166
24167
24168
24171
24173
24180
24182
24189
24191
24192
24193
24194
24195
24198
24200
24207
24209
24210
24211
24212
24213
24219
24220
24221
24222
24228
24229
24230
24231
24234
24236
24237
24238
24239
24240
24246
24247
24248
24249
24252
24254
24300
24301
24302
24303
24309
24310
24311
24312
24315
24317
24318
24319
24320
24321
24327
24328
24329
24330
24333
24335
24342
24344
24351
24353
24354
24355
24356
24357
24360
24362
24369
24371
24372
24373
24374
24375
24423
24425
24432
24434
24435
24436
24437
24438
24441
24443
24450
24452
24453
24454
24455
24456
24504
24506
24513
24515
24516
24517
24518
24519
24522
24524
24531
24533
24534
24535
24536
24537
24543
24544
24545
24546
24552
24553
24554
24555
24558
24560
24561
24562
24563
24564
24570
24571
24572
24573
24576
24578
24585
24587
24594
24596
24597
24598
24599
24600
24603
24605
24612
24614
24615
24616
24617
24618
24666
24668
24675
24677
24678
24679
24680
24681
24684
24686
24693
24695
24696
24697
24698
24699
24705
24706
24707
24708
24714
24715
24716
24717
24720
24722
24723
24724
24725
24726
24732
24733
24734
24735
24738
24740
25152
25154
25161
25163
25164
25165
25166
25167
25170
25172
25179
25181
25182
25183
25184
25185
25233
25235
25242
25244
25245
25246
25247
25248
25251
25253
25260
25262
25263
25264
25265
25266
25272
25273
25274
25275
25281
25282
25283
25284
25287
25289
25290
25291
25292
25293
25299
25300
25301
25302
25305
25307
25314
25316
25323
25325
25326
25327
25328
25329
25332
25334
25341
25343
25344
25345
25346
25347
25395
25397
25404
25406
25407
25408
25409
25410
25413
25415
25422
25424
25425
25426
25427
25428
25434
25435
25436
25437
25443
25444
25445
25446
25449
25451
25452
25453
25454
25455
25461
25462
25463
25464
25467
25469
25515
25516
25517
25518
25524
25525
25526
25527
25530
25532
25533
25534
25535
25536
25542
25543
25544
25545
25548
25550
25596
25597
25598
25599
25605
25606
25607
25608
25611
25613
25614
25615
25616
25617
25623
25624
25625
25626
25629
25631
25638
25640
25647
25649
25650
25651
25652
25653
25656
25658
25665
25667
25668
25669
25670
25671
25677
25678
25679
25680
25686
25687
25688
25689
25692
25694
25695
25696
25697
25698
25704
25705
25706
25707
25710
25712
25758
25759
25760
25761
25767
25768
25769
25770
25773
25775
25776
25777
25778
25779
25785
25786
25787
25788
25791
25793
25800
25802
25809
25811
25812
25813
25814
25815
25818
25820
25827
25829
25830
25831
25832
25833
