4
7
9
10
13
16
36
46
55
58
63
64
70
73
76
81
82
85
88
90
91
97
115
117
118
136
144
145
151
319
324
325
328
355
414
460
495
511
520
567
568
574
576
577
583
630
631
637
657
729
730
736
738
739
742
745
792
793
799
810
811
817
819
820
826
873
874
880
949
958
1053
1054
1062
1063
1296
1297
1303
1305
1306
1312
1359
1360
1366
5103
5104
5110
5112
5113
5119
5166
5167
5173
5184
5185
5191
5193
5194
5200
5247
5248
5254
5670
5671
5677
5679
5680
5686
5733
5734
5740
6561
6562
6568
6570
6571
6577
6624
6625
6631
6642
6643
6649
6651
6652
6658
6705
6706
6712
7128
7129
7135
7137
7138
7144
7191
7192
7198
7290
7291
7297
7299
7300
7306
7353
7354
7360
7371
7372
7378
7380
7381
7387
7434
7435
7441
7857
7858
7864
7866
7867
7873
7920
7921
7927
