2
3
4
5
6
7
8
9
10
11
12
13
14
15
16
17
18
19
20
21
22
23
24
25
26
27
28
29
30
31
32
33
34
35
36
37
38
39
40
41
42
43
44
45
46
47
48
49
50
51
52
53
54
55
56
57
58
59
60
61
62
63
64
65
66
67
68
70
71
72
73
74
75
76
77
78
79
80
81
82
83
84
85
86
87
88
89
90
91
92
93
94
95
96
97
98
99
100
101
102
103
104
105
106
107
108
109
110
111
112
113
114
115
116
117
118
119
120
121
122
123
124
125
126
127
128
129
130
131
132
133
134
135
136
137
138
139
140
142
143
144
145
146
147
148
149
150
151
152
153
154
155
156
157
158
159
160
161
162
163
164
165
166
168
169
170
171
172
173
174
175
176
177
178
179
180
181
182
183
184
189
190
191
192
193
195
196
197
198
199
200
201
202
204
205
206
210
211
213
214
215
216
217
219
220
225
226
228
229
231
232
237
238
240
241
243
244
245
246
247
248
250
251
252
253
255
256
257
258
259
260
264
265
267
268
270
271
273
274
275
277
278
279
280
282
283
284
285
286
287
288
289
291
292
293
294
295
296
306
307
309
310
311
313
314
315
316
318
319
320
322
323
324
325
327
328
329
331
332
333
334
336
337
338
340
341
351
352
354
355
356
358
359
360
361
363
364
365
367
368
369
370
372
373
374
376
377
387
388
390
391
392
394
395
396
397
399
400
401
403
404
405
406
408
409
410
412
413
414
415
417
418
419
421
422
432
433
435
436
437
439
440
441
442
444
445
446
448
449
450
451
453
454
455
457
458
468
469
471
472
473
475
476
477
478
480
481
482
484
485
567
568
570
571
572
574
575
576
577
579
580
581
583
584
594
595
597
598
599
601
602
603
604
606
607
608
610
611
612
613
615
616
617
619
620
630
631
633
634
635
637
638
639
640
642
643
644
646
647
648
649
651
652
653
655
656
657
658
660
661
662
664
665
675
676
678
679
680
682
683
684
685
687
688
689
691
692
693
694
696
697
698
700
701
711
712
714
715
716
718
719
720
721
723
724
725
727
728
729
730
732
733
734
736
737
738
739
741
742
743
745
746
756
757
759
760
761
763
764
765
766
768
769
770
772
773
774
775
777
778
779
781
782
792
793
795
796
797
799
800
801
802
804
805
806
808
809
810
811
813
814
815
817
818
819
820
822
823
824
826
827
837
838
840
841
842
844
845
846
847
849
850
851
853
854
855
856
858
859
860
862
863
873
874
876
877
878
880
881
882
883
885
886
887
889
890
972
973
975
976
977
979
980
981
982
984
985
986
988
989
999
1000
