2
3
4
5
6
7
8
9
10
11
12
13
14
16
17
18
19
20
21
22
23
24
25
26
27
28
29
30
31
32
33
34
35
36
37
38
39
40
41
42
43
44
45
46
52
53
54
55
57
58
59
60
61
62
63
64
65
66
67
68
69
70
71
72
73
74
75
76
77
78
79
80
81
82
83
84
85
86
87
88
89
90
91
92
93
94
95
96
97
98
99
100
101
102
103
105
106
107
108
109
110
111
112
113
115
116
117
118
120
124
125
126
127
144
145
146
148
149
150
151
153
154
155
156
157
160
162
163
164
165
167
168
169
170
171
172
173
174
175
177
178
179
180
181
183
184
185
186
187
189
190
191
192
193
194
195
196
197
198
199
200
201
202
203
204
205
206
207
208
209
210
211
212
213
214
215
216
217
218
219
220
221
222
224
225
226
227
228
229
230
231
232
233
234
235
237
238
239
240
241
242
243
244
246
247
248
249
250
252
253
255
256
258
259
261
262
263
264
265
266
267
268
269
270
271
273
274
275
276
277
278
279
280
281
282
283
285
286
287
288
289
290
291
292
293
295
296
297
298
299
300
301
302
306
307
309
310
313
314
315
316
318
319
321
322
323
324
325
326
327
328
329
330
333
334
336
337
338
340
345
346
348
349
351
352
358
360
361
365
367
369
370
373
374
377
381
382
383
390
399
400
401
405
406
409
410
414
415
417
418
419
469
477
484
496
499
505
507
511
512
513
521
524
528
529
530
532
535
537
539
540
542
543
544
547
548
549
550
551
552
553
554
556
563
567
568
569
573
579
580
582
584
585
586
587
588
589
590
591
592
593
594
595
597
598
600
602
603
605
606
607
609
610
611
613
615
616
618
619
620
621
622
624
625
627
628
629
630
631
632
633
634
635
636
637
639
640
642
643
644
645
646
648
649
651
653
654
655
656
657
658
659
660
661
662
663
664
665
667
668
669
670
671
672
673
674
675
676
677
678
679
681
682
683
684
685
686
687
688
689
690
691
692
693
695
696
697
698
699
700
701
702
703
704
705
706
708
710
711
712
713
714
717
718
719
720
721
722
723
724
726
727
729
730
731
732
733
734
736
737
738
739
740
741
742
743
745
746
747
748
750
751
752
753
754
755
756
757
758
759
760
761
762
763
764
765
766
768
769
770
772
774
775
777
781
782
783
784
786
787
788
791
792
793
794
795
799
801
802
804
805
806
807
808
810
811
813
814
815
817
818
819
820
821
822
823
824
825
828
829
831
832
834
835
836
837
838
839
840
841
844
845
846
847
849
851
853
855
856
858
859
861
862
863
864
865
867
868
870
873
874
876
880
882
883
885
886
887
888
889
891
892
893
894
898
900
901
907
908
912
913
918
919
920
921
922
923
925
926
927
928
930
931
934
935
939
940
942
943
944
945
946
948
949
954
955
957
961
962
963
964
966
967
968
972
973
975
976
977
978
981
982
984
985
986
988
989
990
992
993
997
998
999
1000
1002
1004
1005
1006
1007
1009
1011
1015
1016
1017
1018
1020
1021
1022
1024
1025
1030
1031
1035
1036
1038
1042
1043
1044
1045
1047
1053
1054
1056
1057
1058
1062
1063
1065
1066
1067
1079
1080
1081
1087
1099
1102
1103
1111
1112
1119
1128
1129
1130
1134
1135
1138
1139
1143
1144
1146
1147
1148
1313
1314
1315
1331
1334
1369
1377
1378
1379
1384
1386
1387
1389
1390
1392
1393
1394
1395
1396
1436
1437
1444
1445
1447
1450
1452
1453
1454
1458
1459
1460
1467
1475
1476
1477
1490
1496
1497
1499
1509
1512
1513
1517
1519
1521
1523
1528
1536
1538
1539
1540
1541
1545
1551
1552
1558
1566
1567
1572
1573
1575
1577
1582
1583
1585
1587
1593
1594
1595
1599
1600
1602
1605
1606
1607
1612
1635
1641
1642
1647
1648
1651
1655
1656
1658
1659
1660
1663
1664
1666
1668
1672
1675
1701
1702
1708
1710
1714
1720
1722
1727
1729
1732
1733
1736
1737
1739
1740
1744
1745
1752
1757
1766
1770
1773
1775
1776
1777
1778
1779
1781
1782
1783
1785
1788
1794
1795
1797
1799
1800
1801
1809
1810
1815
1816
1818
1825
1826
1830
1834
1835
1838
1842
1843
1844
1845
1846
1848
1849
1852
1853
1854
1855
1856
1857
1860
1862
1870
1872
1873
1875
1876
1878
1879
1881
1882
1883
1890
1894
1895
1898
1901
1902
1904
1905
1906
1907
1909
1911
1914
1915
1916
1917
1918
1919
1920
1922
1923
1924
1925
1926
1927
1929
1933
1934
1935
1936
1938
1941
1944
1945
1952
1953
1954
1957
1959
1962
1963
1964
1971
1977
1979
1983
1984
1992
1996
1997
1998
1999
2000
2008
2013
2017
2019
2020
2021
2025
2026
2028
2031
2034
2035
2037
2042
2043
2044
2050
2051
2052
2053
2055
2059
2060
2061
2063
2064
2068
2069
2070
2073
2077
2078
2080
2084
2085
2086
2088
2089
2090
2091
2092
2095
2096
2097
2098
2100
2106
2107
2109
2113
2114
2115
2116
2118
2119
2122
2127
2131
2132
2133
2134
2136
2140
2141
2144
2145
2146
2148
2149
2150
2152
2153
2154
2159
2160
2161
2162
2165
2171
2172
2173
2174
2176
2178
2179
2181
2182
2183
2187
2188
2190
2191
2196
2197
2199
2209
2212
2213
2214
2215
2217
2218
2219
2221
2222
2223
2224
2226
2228
2235
2242
2244
2246
2248
2249
2250
2251
2253
2262
2263
2265
2266
2268
2269
2271
2272
2277
2278
2280
2289
2290
2292
2293
2294
2295
2296
2298
2302
2303
2307
2320
2321
2323
2325
2392
2393
2396
2397
2401
2402
2403
2404
2405
2412
2413
2415
2419
2420
2421
2422
2424
2427
2430
2431
2433
2434
2439
2440
2442
2454
2455
2456
2457
2458
2460
2461
2463
2464
2465
2466
2467
2468
2472
2473
2474
2477
2482
2483
2484
2485
2486
2487
2493
2494
2496
2500
2501
2502
2503
2505
2506
2508
2509
2510
2511
2512
2514
2515
2518
2520
2521
2526
2529
2530
2531
2532
2533
2535
2536
2538
2546
2554
2555
2558
2563
2564
2565
2566
2567
2572
2573
2574
2575
2576
2577
2581
2582
2583
2584
2586
2589
2607
2610
2611
2612
2627
2628
2629
2630
2634
2635
2636
2637
2638
2644
2645
2655
2656
2658
2662
2663
2664
2665
2667
2668
2669
2670
2673
2674
2681
2682
2683
2688
2691
2692
2693
2709
2710
2718
2719
2722
2723
2731
2732
2739
2748
2749
2750
2754
2755
2757
2763
2764
2766
2779
2780
2781
2782
2784
2788
2789
2797
2798
2802
2803
2805
2806
2807
2817
2818
2820
2824
2825
2826
2827
2829
2830
2832
2833
2835
2836
2838
2844
2845
2847
2860
2861
2862
2863
2865
2866
2869
2870
2871
2872
2883
2884
2886
2887
2889
2890
2892
2893
2898
2899
2916
2917
2919
2920
2921
2925
2926
2928
2929
2930
2943
2944
2946
2947
2952
2953
2961
2962
2991
2992
2994
2995
2997
2998
3000
3001
3002
3006
3007
3009
3010
3011
3018
3019
3021
3022
3024
3025
3027
3033
3034
3042
3043
3045
3046
3048
3049
3072
3073
3075
3076
3105
3106
3108
3109
3114
3115
3126
3127
3129
3130
3132
3133
3135
3136
3141
3142
3357
3358
3366
3367
3387
3396
3397
3398
3438
3439
3447
3448
3451
3452
3460
3461
3468
3477
3478
3479
3504
3510
3511
3513
3532
3533
3541
3542
3585
3591
3592
3594
3600
3601
3609
3610
3613
3614
3622
3623
3645
3646
3649
3650
3654
3655
3657
3658
3659
3681
3682
3690
3691
3726
3727
3730
3731
3735
3736
3738
3739
3740
3747
3753
3754
3756
3762
3763
3771
3772
4689
4690
4695
4713
4716
4717
4718
4745
4751
4752
4753
4754
4763
4770
4771
4776
4895
4898
4902
4904
4925
4956
4959
4960
4961
4965
4967
4974
4976
4979
4983
4985
5208
5210
5217
5231
5237
5238
5239
5240
5265
5266
5273
5274
5275
5280
5283
5284
5285
5289
5291
5298
5312
5318
5319
5320
5321
5337
5338
5343
5370
5372
5379
5381
5384
5388
5390
5393
5399
5400
5401
5402
5418
5419
5424
5442
5445
5446
5447
5474
5475
5476
5478
5479
5480
5481
5482
5483
5492
5499
5500
5502
5503
5505
5506
5535
5536
5538
5539
5544
5545
5556
5557
5559
5560
5562
5563
5565
5566
5571
5572
5624
5627
5631
5633
5654
5685
5688
5689
5690
5694
5696
5703
5705
5708
5712
5714
5718
5719
5721
5722
5745
5746
5748
5749
5778
5779
5781
5782
5787
5788
5799
5800
5802
5803
5805
5806
5808
5809
5814
5815
5832
5833
5840
5841
5842
5856
5858
5865
5897
5904
5905
5910
5913
5914
5921
5922
5923
6075
6076
6078
6079
6084
6085
6102
6103
6105
6106
6111
6112
6147
6148
6150
6151
6153
6154
6156
6157
6159
6160
6165
6166
6171
6174
6175
6176
6177
6178
6180
6181
6203
6204
6205
6207
6208
6209
6210
6211
6212
6221
6228
6229
6231
6232
6234
6235
6252
6255
6256
6257
6264
6265
6267
6268
6272
6273
6274
6275
6279
6281
6285
6286
6288
6289
6291
6292
6294
6295
6300
6301
6309
6310
6315
6318
6319
6321
6322
6326
6327
6328
6333
6336
6337
6338
6345
6346
6348
6349
6353
6354
6355
6356
6360
6362
6383
6393
6394
6396
6397
6399
6400
6402
6403
6408
6409
6414
6417
6418
6419
6420
6421
6423
6424
6425
6432
6434
6437
6441
6443
6561
6562
6564
6565
6566
6569
6570
6571
6573
6574
6575
6585
6586
6587
6588
6589
6591
6592
6594
6595
6596
6597
6598
6606
6607
6626
6633
6634
6636
6637
6639
6640
6642
6643
6645
6646
6647
6650
6651
6652
6654
6655
6656
6663
6664
6666
6667
6668
6669
6670
6672
6676
6677
6678
6679
6687
6688
6766
6767
6770
6775
6776
6777
6778
6779
6786
6787
6789
6793
6794
6795
6796
6798
6801
6804
6805
6807
6808
6813
6814
6816
6828
6829
6830
6831
6832
6834
6835
6837
6838
6839
6840
6841
6842
6846
6847
6848
6851
6853
6854
6856
6857
6858
6859
6860
6862
6863
6867
6868
6870
6874
6875
6876
6877
6879
6880
6882
6883
6885
6886
6888
6889
6890
6894
6895
6897
6898
6899
6906
6907
6909
6910
6934
6935
6943
6944
6951
6960
6961
6962
6966
6967
6970
6971
6975
6976
6978
6979
6980
7082
7085
7089
7091
7112
7143
7146
7147
7148
7152
7154
7161
7163
7166
7170
7172
7176
7177
7179
7180
7193
7203
7204
7206
7207
7209
7210
7217
7218
7219
7236
7237
7239
7240
7244
7245
7246
7247
7251
7253
7256
7257
7258
7260
7261
7262
7263
7264
7265
7266
7267
7272
7273
7274
7290
7291
7293
7294
7295
7298
7299
7300
7302
7303
7304
7314
7315
7316
7317
7318
7320
7321
7323
7324
7325
7326
7327
7335
7336
7355
7362
7363
7365
7366
7368
7369
7371
7372
7374
7375
7376
7379
7380
7381
7383
7384
7385
7392
7393
7395
7396
7397
7398
7399
7401
7405
7406
7407
7408
7416
7417
7419
7420
7422
7423
7437
7446
7447
7448
7449
7450
7473
7479
7480
7482
7483
7488
7489
7495
7496
7500
7501
7503
7504
7505
7506
7507
7509
7510
7515
7516
7518
7522
7523
7524
7525
7527
7528
7529
7533
7534
7536
7537
7538
7542
7543
7545
7546
7547
7554
7558
7559
7560
7561
7563
7567
7568
7576
7577
7582
7583
7585
7586
7591
7592
7596
7597
7599
7603
7604
7605
7606
7608
7614
7615
7618
7619
7623
7624
7626
7627
7628
7662
7663
7664
7665
7666
7672
7673
7680
7689
7690
7691
7692
7693
7695
7696
7699
7700
7704
7705
7707
7708
7709
7722
7723
7725
7726
7731
7732
7743
7744
7746
7747
7749
7750
7752
7753
7758
7759
7878
7884
7885
7887
7905
7906
7907
7908
7909
7915
7916
7932
7933
7935
7936
7959
7965
7966
7968
7969
7974
7975
7983
7984
7986
7987
7988
7989
7990
7992
7993
7995
7996
7997
8001
8002
8166
8175
8176
8177
8202
8208
8209
8211
8247
8256
8257
8258
8262
8263
8265
8266
8267
8271
8272
8274
8275
8276
8283
8289
8290
8292
8293
8298
8299
8337
8338
8340
8341
8343
8344
8346
8347
8352
8353
8364
8365
8367
8368
8386
8387
8391
8392
8394
8395
8396
8406
8407
8409
8413
8414
8415
8416
8418
8419
8421
8422
8451
8452
8454
8455
8460
8461
8467
8468
8472
8473
8475
8476
8477
8478
8479
8481
8482
8487
8488
8490
8494
8495
8496
8497
8499
8505
8506
8508
8509
8514
8515
8532
8533
8535
8536
8541
8542
8580
8581
8583
8584
8586
8587
8589
8590
8595
8596
8598
8607
8608
8610
8611
8612
8613
8614
8616
8620
8621
8629
8630
8635
8636
8638
8639
8644
8645
8649
8650
8652
8656
8657
8658
8659
8661
8667
8668
8670
8676
8677
8679
8688
8692
8693
8694
8695
8697
8701
8702
8703
8704
8712
8713
8716
8717
8725
8726
8748
8749
8751
8752
8753
8757
8758
8760
8761
8762
8773
8774
8775
8776
8778
8782
8783
8784
8785
8793
8794
8829
8830
8832
8833
8834
8838
8839
8841
8842
8843
8850
8854
8855
8856
8857
8859
8863
8864
8865
8866
8874
8875
8895
8904
8905
8906
8931
8937
8938
8940
8953
8954
8962
8963
8973
8974
8976
8980
8981
8982
8983
8985
8986
8987
8991
8992
8994
8995
8996
9000
9001
9003
9004
9005
9012
9016
9017
9018
9019
9021
9025
9026
9034
9035
9043
9044
9054
9055
9057
9061
9062
9063
9064
9066
9115
9116
9124
9125
9135
9136
9138
9142
9143
9144
9145
9147
9189
9190
9196
9197
9198
9199
9205
9206
9216
9217
9219
9223
9224
9225
9226
9228
9229
9230
9270
9271
9279
9280
9283
9284
9292
9293
9300
9309
9310
9311
9315
9316
9318
9324
9325
9327
9340
9341
9342
9343
9345
9349
9350
9358
9359
9367
9368
9378
9379
9381
9385
9386
9387
9388
9390
9396
9397
9399
9405
9406
9408
9421
9422
9423
9424
9426
9430
9431
9477
9478
9481
9482
9486
9487
9489
9490
9491
9513
9514
9522
9523
9558
9559
9562
9563
9567
9568
9570
9571
9572
9579
9585
9586
9588
9594
9595
9603
9604
9918
9919
9927
9928
9948
9957
9958
9959
9999
10000
10008
10009
10012
10013
10021
10022
10029
10038
10039
10040
10065
10071
10072
10074
10093
10094
10102
10103
10146
10152
10153
10155
10161
10162
10170
10171
10174
10175
10183
10184
10206
10207
10210
10211
10215
10216
10218
10219
10220
10242
10243
10251
10252
10287
10288
10291
10292
10296
10297
10299
10300
10301
10308
10314
10315
10317
10323
10324
10332
10333
16405
16406
16414
16415
16425
16426
16428
16432
16433
16434
16435
16437
16486
16487
16495
16496
16506
16507
16509
16513
16514
16515
16516
16518
16605
16606
16608
16614
16615
16617
16630
16631
16632
16633
16635
16639
16640
16648
16649
16657
16658
16668
16669
16671
16675
16676
16677
16678
16680
16686
16687
16689
16695
16696
16698
16711
16712
16713
16714
16716
16720
16721
17134
17135
17143
17144
17154
17155
17157
17161
17162
17163
17164
17166
17215
17216
17224
17225
17235
17236
17238
17242
17243
17244
17245
17247
17334
17335
17337
17343
17344
17346
17359
17360
17361
17362
17364
17368
17369
17377
17378
17386
17387
17397
17398
17400
17404
17405
17406
17407
17409
17415
17416
17418
17424
17425
17427
17440
17441
17442
17443
17445
17449
17450
18225
18226
18228
18234
18235
18237
18250
18251
18252
18253
18255
18259
18260
18306
18307
18309
18315
18316
18318
18331
18332
18333
18334
18336
18340
18341
18430
18431
18439
18440
18450
18451
18453
18457
18458
18459
18460
18462
18468
18469
18471
18477
18478
18480
18493
18494
18495
18496
18498
18502
18503
18511
18512
18520
18521
18531
18532
18534
18538
18539
18540
18541
18543
18592
18593
18601
18602
18612
18613
18615
18619
18620
18621
18622
18624
18673
18674
18682
18683
18693
18694
18696
18700
18701
18702
18703
18705
18792
18793
18795
18801
18802
18804
18817
18818
18819
18820
18822
18826
18827
18835
18836
18844
18845
18855
18856
18858
18862
18863
18864
18865
18867
18873
18874
18876
18882
18883
18885
18898
18899
18900
18901
18903
18907
18908
18954
18955
18957
18963
18964
18966
18979
18980
18981
18982
18984
18988
18989
19035
19036
19038
19044
19045
19047
19060
19061
19062
19063
19065
19069
19070
19159
19160
19168
19169
19179
19180
19182
19186
19187
19188
19189
19191
19197
19198
19200
19206
19207
19209
19222
19223
19224
19225
19227
19231
19232
19240
19241
19249
19250
19260
19261
19263
19267
19268
19269
19270
19272
19683
19684
19686
19692
19693
19695
19708
19709
19710
19711
19713
19717
19718
19764
19765
19767
19773
19774
19776
19789
19790
19791
19792
19794
19798
19799
19888
19889
19897
19898
19908
19909
19911
19915
19916
19917
19918
19920
19926
19927
19929
19935
19936
19938
19951
19952
19953
19954
19956
19960
19961
19969
19970
19978
19979
19989
19990
19992
19996
19997
19998
19999
20001
20412
20413
20415
20421
20422
20424
20437
20438
20439
20440
20442
20446
20447
20493
20494
20496
20502
20503
20505
20518
20519
20520
20521
20523
20527
20528
20617
20618
20626
20627
20637
20638
20640
20644
20645
20646
20647
20649
20655
20656
20658
20664
20665
20667
20680
20681
20682
20683
20685
20689
20690
20698
20699
20707
20708
20718
20719
20721
20725
20726
20727
20728
20730
21508
21509
21517
21518
21528
21529
21531
21535
21536
21537
21538
21540
21589
21590
21598
21599
21609
21610
21612
21616
21617
21618
21619
21621
21708
21709
21711
21717
21718
21720
21733
21734
21735
21736
21738
21742
21743
21751
21752
21760
21761
21771
21772
21774
21778
21779
21780
21781
21783
21789
21790
21792
21798
21799
21801
21814
21815
21816
21817
21819
21823
21824
21870
21871
21873
21879
21880
21882
21895
21896
21897
21898
21900
21904
21905
21951
21952
21954
21960
21961
21963
21976
21977
21978
21979
21981
21985
21986
22075
22076
22084
22085
22095
22096
22098
22102
22103
22104
22105
22107
22113
22114
22116
22122
22123
22125
22138
22139
22140
22141
22143
22147
22148
22156
22157
22165
22166
22176
22177
22179
22183
22184
22185
22186
22188
22237
22238
22246
22247
22257
22258
22260
22264
22265
22266
22267
22269
22318
22319
22327
22328
22338
22339
22341
22345
22346
22347
22348
22350
22437
22438
22440
22446
22447
22449
22462
22463
22464
22465
22467
22471
22472
22480
22481
22489
22490
22500
22501
22503
22507
22508
22509
22510
22512
22518
22519
22521
22527
22528
22530
22543
22544
22545
22546
22548
22552
22553
22966
22967
22975
22976
22986
22987
22989
22993
22994
22995
22996
22998
23047
23048
23056
23057
23067
23068
23070
23074
23075
23076
23077
23079
23166
23167
23169
23175
23176
23178
23191
23192
23193
23194
23196
23200
23201
23209
23210
23218
23219
23229
23230
23232
23236
23237
23238
23239
23241
23247
23248
23250
23256
23257
23259
23272
23273
23274
23275
23277
23281
23282
23695
23696
23704
23705
23715
23716
23718
23722
23723
23724
23725
23727
23776
23777
23785
23786
23796
23797
23799
23803
23804
23805
23806
23808
23895
23896
23898
23904
23905
23907
23920
23921
23922
23923
23925
23929
23930
23938
23939
23947
23948
23958
23959
23961
23965
23966
23967
23968
23970
23976
23977
23979
23985
23986
23988
24001
24002
24003
24004
24006
24010
24011
24786
24787
24789
24795
24796
24798
24811
24812
24813
24814
24816
24820
24821
24867
24868
24870
24876
24877
24879
24892
24893
24894
24895
24897
24901
24902
24991
24992
25000
25001
25011
25012
25014
25018
25019
25020
25021
25023
25029
25030
25032
25038
25039
25041
25054
25055
25056
25057
25059
25063
25064
25072
25073
25081
25082
25092
25093
25095
25099
25100
25101
25102
25104
25153
25154
25162
25163
25173
25174
25176
25180
25181
25182
25183
25185
25234
25235
25243
25244
25254
25255
25257
25261
25262
25263
25264
25266
25353
25354
25356
25362
25363
25365
25378
25379
25380
25381
25383
25387
25388
25396
25397
25405
25406
25416
25417
25419
25423
25424
25425
25426
25428
25434
25435
25437
25443
25444
25446
25459
25460
25461
25462
25464
25468
25469
25515
25516
25518
25524
25525
25527
25540
25541
25542
25543
25545
25549
25550
25596
25597
25599
25605
25606
25608
25621
25622
25623
25624
25626
25630
25631
25720
25721
25729
25730
25740
25741
25743
25747
25748
25749
25750
25752
25758
25759
25761
25767
25768
25770
25783
25784
25785
25786
25788
25792
25793
25801
25802
25810
25811
25821
25822
25824
25828
25829
25830
25831
25833
