2
4
5
6
7
8
9
10
11
12
13
14
15
16
17
18
19
20
21
22
23
31
32
33
34
35
36
37
38
39
40
41
42
43
44
45
46
47
48
49
50
51
52
53
54
55
56
57
58
59
60
61
62
63
64
65
66
67
68
69
70
71
72
73
74
75
76
77
78
79
80
81
82
83
84
85
86
87
88
89
90
91
92
93
94
95
96
97
98
99
100
101
102
103
104
105
106
107
108
109
110
111
112
113
114
115
116
117
118
119
120
121
122
123
124
125
126
127
128
129
130
131
132
133
134
135
136
137
138
139
140
141
142
143
144
145
146
147
148
149
150
151
152
153
154
155
156
157
158
159
160
161
162
163
164
165
166
167
168
169
170
171
172
173
174
175
176
177
178
179
180
181
182
183
184
185
186
187
188
189
190
191
195
197
198
199
200
201
202
203
204
205
206
207
208
209
210
211
212
282
286
289
290
292
293
294
296
297
298
299
302
303
304
305
306
313
316
317
318
321
322
324
325
326
327
328
329
330
331
332
333
334
335
336
337
338
339
340
341
342
343
344
345
346
347
348
349
350
351
352
353
354
355
356
357
358
359
360
361
362
363
364
365
366
367
368
369
370
371
372
373
374
375
376
377
378
379
380
381
382
383
384
385
386
387
388
389
390
392
393
394
395
396
397
398
399
400
401
402
403
404
405
406
407
408
409
410
411
412
413
414
415
416
417
418
419
420
421
422
423
424
425
426
427
428
429
430
431
432
433
434
435
436
437
438
439
440
441
442
443
444
445
446
447
448
449
450
451
452
453
454
455
456
457
458
459
460
461
462
463
464
465
466
467
468
469
470
471
472
473
474
475
476
477
478
479
480
481
482
483
484
485
486
487
488
489
491
492
493
494
495
496
497
498
499
500
501
502
503
504
505
506
507
508
509
510
511
512
513
514
515
516
517
518
519
520
521
522
523
524
525
526
527
528
529
530
531
532
533
534
535
536
537
538
539
540
541
542
543
544
545
546
547
548
549
550
551
552
553
554
555
556
557
558
559
560
561
562
563
564
565
566
567
568
569
570
571
572
573
574
575
576
577
578
579
580
581
582
583
584
585
586
587
588
589
590
591
592
593
594
595
596
597
598
599
600
601
602
603
604
605
606
607
608
609
610
611
612
613
614
615
616
617
618
619
620
621
622
623
624
625
626
627
628
629
630
631
632
633
634
635
636
637
638
639
640
641
642
643
644
645
646
647
648
649
650
651
652
653
654
655
656
657
658
659
660
661
662
663
664
665
666
667
668
669
670
671
672
673
674
675
676
677
678
679
680
681
682
683
684
685
686
687
688
689
690
691
692
693
694
695
696
697
698
699
700
701
702
703
704
705
706
707
708
709
710
711
712
713
714
715
716
717
718
719
720
721
722
723
724
725
726
727
729
730
731
733
734
735
736
737
738
739
740
741
742
743
744
745
746
747
748
749
750
751
752
753
754
755
756
757
758
759
760
761
762
763
764
765
766
767
768
769
770
771
772
773
774
775
776
777
778
779
780
781
782
783
784
785
786
787
788
789
790
791
792
793
794
795
796
797
798
799
800
801
802
803
804
805
806
807
808
809
810
811
812
813
814
815
816
817
818
819
820
821
822
823
824
825
826
827
828
829
830
831
832
833
834
835
836
837
838
839
840
841
842
843
844
845
846
847
848
849
850
851
852
853
854
855
856
857
858
859
860
861
862
863
864
865
866
867
868
869
870
871
872
873
874
875
876
877
878
879
880
881
882
883
884
885
886
887
888
889
890
891
892
893
894
895
896
897
898
899
900
901
902
903
904
905
906
907
908
909
910
911
912
913
914
915
916
917
918
919
920
921
922
923
924
925
926
927
928
929
930
931
932
933
934
935
936
937
938
939
940
941
942
943
944
945
946
947
948
949
950
951
952
953
954
955
956
957
958
959
960
961
962
963
964
965
966
967
968
969
970
971
972
973
974
975
976
977
978
979
980
981
982
983
984
985
986
987
988
989
990
991
992
993
994
995
996
997
998
999
1000
1001
1002
1003
1004
1005
1006
1007
1008
1009
1010
1011
1012
1013
1014
1015
1016
1017
1018
1019
1020
1021
1022
1023
1024
1025
1026
1027
1028
1029
1030
1031
1032
1033
1034
1035
1036
1037
1038
1039
1040
1041
1042
1043
1044
1045
1046
1047
1048
1049
1050
1052
1053
1054
1055
1056
1057
1058
1059
1060
1061
1062
1063
1064
1065
1066
1067
1068
1069
1070
1071
1072
1073
1074
1075
1076
1077
1078
1079
1080
1081
1082
1083
1084
1085
1086
1089
1090
1091
1092
1093
1094
1095
1096
1097
1098
1099
1100
1101
1102
1103
1104
1105
1106
1107
1108
1109
1110
1111
1112
1113
1114
1115
1116
1117
1118
1119
1120
1121
1122
1123
1124
1125
1126
1127
1128
1129
1130
1131
1132
1133
1134
1135
1136
1137
1138
1139
1140
1141
1142
1143
1144
1145
1146
1147
1148
1149
1150
1151
1152
1153
1154
1155
1156
1157
1158
1159
1160
1161
1162
1163
1164
1165
1166
1167
1168
1169
1170
1171
1172
1173
1174
1175
1176
1177
1178
1179
1180
1181
1182
1183
1184
1185
1186
1187
1188
1189
1190
1191
1192
1193
1194
1195
1196
1197
1198
1199
1200
1201
1202
1203
1204
1205
1206
1207
1208
1209
1210
1211
1212
1214
1215
1216
1217
1218
1219
1220
1221
1222
1223
1224
1225
1226
1227
1228
1229
1230
1231
1232
1233
1234
1235
1236
1237
1238
1239
1240
1241
1242
1243
1245
1246
1247
1248
1249
1250
1251
1252
1253
1254
1255
1256
1257
1258
1259
1260
1261
1262
1264
1265
1266
1267
1268
1269
1270
1271
1272
1273
1274
1275
1276
1277
1278
1279
1280
1281
1282
1283
1284
1285
1286
1287
1288
1290
1291
1292
1293
1295
1296
1297
1298
1299
1300
1301
1302
1303
1304
1305
1306
1307
1308
1309
1310
1311
1312
1313
1314
1315
1316
1317
1318
1319
1320
1321
1322
1323
1324
1325
1326
1327
1328
1329
1330
1331
1332
1333
1334
1335
1336
1337
1338
1339
1340
1341
1342
1343
1344
1345
1346
1347
1349
1350
1351
1352
1353
1354
1355
1356
1357
1358
1359
1360
1361
1362
1363
1364
1365
1366
1367
1368
1369
1370
1371
1372
1373
1374
1376
1377
1378
1379
1381
1383
1385
1386
1387
1388
1389
1390
1391
1392
1393
1394
1395
1396
1397
1398
1399
1400
1401
1403
1404
1405
1406
1407
1408
1409
1410
1411
1412
1413
1414
1415
1416
1417
1418
1419
1420
1421
1422
1423
1424
1425
1426
1427
1428
1429
1430
1431
1432
1433
1434
1435
1436
1437
1438
1442
1443
1444
1445
1446
1447
1448
1449
1450
1451
1452
1453
1454
1455
1458
1459
1460
1467
1468
1469
1470
1471
1472
1473
1474
1475
1476
1477
1478
1479
1480
1481
1482
1484
1488
1489
1490
1491
1492
1493
1494
1495
1496
1497
1498
1499
1500
1501
1502
1503
1504
1509
1510
1511
1512
1513
1514
1515
1516
1517
1518
1519
1520
1521
1526
1531
1532
1533
1535
1536
1538
1539
1540
1541
1543
1544
1545
1546
1548
1549
1550
1551
1552
1553
1554
1555
1556
1557
1558
1559
1560
1561
1562
1563
1565
1566
1567
1568
1569
1570
1572
1574
1575
1576
1577
1578
1579
1580
1581
1582
1583
1584
1585
1586
1587
1588
1589
1590
1593
1594
1595
1596
1601
1602
1603
1604
1605
1606
1607
1608
1609
1610
1611
1612
1613
1614
1615
1616
1617
1619
1620
1621
1622
1624
1625
1629
1630
1631
1632
1633
1634
1635
1636
1637
1638
1639
1640
1641
1642
1643
1646
1647
1648
1649
1654
1655
1656
1657
1658
1659
1660
1661
1662
1663
1664
1665
1666
1667
1668
1669
1670
1673
1678
1679
1685
1686
1687
1689
1692
1693
1694
1695
1697
1701
1702
1703
1710
1711
1712
1713
1714
1715
1716
1717
1718
1719
1720
1721
1722
1723
1724
1782
1783
1784
1791
1792
1793
1794
1795
1796
1797
1798
1799
1800
1801
1802
1803
1804
1805
1809
1810
1811
1818
1819
1820
1821
1822
1823
1824
1825
1826
1827
1828
1829
1830
1831
1832
1836
1837
1838
1845
1846
1847
1848
1849
1850
1851
1852
1853
1854
1855
1856
1857
1858
1859
1863
1864
1865
1872
1873
1874
1875
1876
1877
1878
1879
1880
1881
1882
1883
1884
1885
1886
1890
1891
1892
1899
1900
1901
1902
1903
1904
1905
1906
1907
1908
1909
1910
1911
1912
1913
2817
2818
2819
2820
2847
2851
2853
2854
2855
2856
2859
2862
2863
2864
2865
2868
2874
2877
2878
2882
2886
2887
2889
2890
2891
2898
2899
2900
2901
3125
3129
3130
3132
3133
3134
3159
3160
3165
3166
3168
3169
3171
3175
3177
3178
3179
3180
3183
3186
3187
3188
3189
3192
3198
3201
3202
3206
3210
3211
3213
3214
3215
3229
3233
3234
3237
3238
3264
3267
3268
3269
3270
3273
3279
3281
3282
3283
3285
3286
3287
3288
3289
3290
3291
3292
3294
3295
3296
3303
3304
3305
3306
3310
3314
3315
3318
3319
3321
3322
3326
3327
3328
3329
3330
3331
3332
3333
3335
3337
3339
3340
3341
3342
3343
3344
3345
3346
3348
3349
3353
3354
3355
3356
3357
3358
3359
3362
3366
3367
3368
3369
3370
3371
3372
3373
3375
3376
3377
3380
3381
3382
3383
3384
3385
3386
3387
3391
3395
3396
3399
3400
3402
3403
3408
3409
3411
3412
3414
3418
3420
3421
3422
3423
3441
3444
3445
3472
3476
3477
3480
3481
3483
3484
3489
3490
3492
3493
3495
3499
3501
3502
3503
3504
3507
3510
3511
3512
3513
3516
3522
3525
3526
3546
3547
3548
3549
3576
3580
3582
3583
3584
3585
3588
3591
3592
3593
3594
3597
3603
3606
3607
3611
3615
3616
3618
3619
3620
3627
3628
3629
3630
3645
3646
3650
3651
3652
3653
3654
3655
3656
3686
3690
3691
3692
3693
3694
3695
3696
3697
3699
3700
3704
3705
3706
3707
3708
3709
3710
3713
3717
3718
3719
3720
3721
3722
3723
3724
3726
3727
3731
3732
3733
3734
3735
3736
3737
3740
3744
3745
3746
3747
3748
3749
3750
3751
3753
3754
3755
3756
3759
3767
3771
3772
3773
3774
3775
3776
3777
3778
3789
3790
3791
3792
3796
3800
3801
3804
3805
3807
3808
3812
3813
3814
3815
3816
3817
3818
3819
3821
3823
3825
3826
3827
3828
3829
3830
3831
3832
3834
3835
3836
3837
3839
3840
3841
3842
3843
3844
3845
3848
3852
3853
3854
3855
3856
3857
3858
3859
3861
3862
3866
3867
3868
3869
3870
3871
3872
3888
3889
3893
3894
3895
3896
3897
3898
3899
3929
3933
3934
3935
3936
3937
3938
3939
3940
3942
3943
3945
3947
3948
3949
3950
3951
3952
3953
3956
3960
3961
3962
3963
3964
3965
3966
3967
3969
3970
3974
3975
3976
3977
3978
3979
3980
3983
3986
3987
3988
3989
3990
3991
3992
3993
3994
3995
3996
3997
3999
4002
4008
4010
4011
4013
4014
4015
4016
4017
4018
4019
4020
4021
4023
4024
4026
4028
4029
4031
4035
4040
4041
4042
4044
4046
4047
4050
4051
4055
4056
4057
4058
4059
4060
4061
4062
4064
4066
4068
4069
4070
4071
4072
4073
4074
4075
4077
4078
4082
4083
4084
4085
4086
4087
4088
4091
4095
4096
4097
4098
4099
4100
4101
4102
4104
4105
4106
4109
4110
4111
4112
4113
4114
4115
4116
4120
4124
4125
4128
4129
4131
4132
4136
4137
4138
4139
4140
4141
4142
4143
4147
4149
4150
4151
4152
4170
4172
4173
4174
4176
4177
4178
4179
4180
4181
4182
4183
4185
4186
4190
4191
4192
4193
4194
4195
4196
4199
4201
4203
4204
4205
4206
4207
4208
4209
4210
4212
4213
4217
4218
4219
4220
4221
4222
4223
4224
4226
4228
4230
4231
4232
4233
4234
4235
4236
4237
4239
4240
4241
4242
4245
4251
4254
4255
4275
4276
4277
4278
4305
4309
4311
4312
4313
4314
4317
4320
4321
4322
4323
4326
4332
4335
4336
4340
4344
4345
4347
4348
4349
4356
4357
4358
4359
4374
4375
4379
4380
4381
4382
4383
4384
4385
4386
4388
4413
4415
4416
4417
4419
4420
4421
4422
4423
4424
4425
4426
4428
4429
4430
4431
4433
4434
4435
4436
4437
4438
4439
4440
4442
4444
4445
4446
4447
4448
4449
4450
4451
4452
4453
4455
4456
4460
4461
4462
4463
4464
4465
4466
4467
4469
4472
4473
4474
4475
4476
4477
4478
4479
4480
4481
4482
4483
4484
4485
4488
4494
4496
4497
4499
4500
4501
4518
4519
4520
4521
4525
4526
4527
4528
4529
4530
4532
4533
4534
4536
4537
4542
4543
4545
4546
4548
4552
4554
4555
4556
4557
4560
4563
4564
4565
4566
4569
4575
4577
4578
4580
4581
4582
4586
4590
4591
4593
4595
4596
4598
4602
4607
4608
4609
4611
4613
4614
4617
4618
4623
4625
4626
4627
4629
4631
4634
4640
4641
4643
4644
4645
4647
4667
4671
4672
4674
4676
4677
4679
4687
4691
4692
4695
4696
4715
4721
4722
4724
4725
4726
4727
4728
4731
4737
4739
4740
4741
4742
4743
4744
4745
4746
4747
4748
4749
4750
4752
4753
4754
4755
4757
4758
4760
4761
4762
4763
4764
4768
4769
4770
4771
4772
4773
4775
4776
4777
4779
4780
4784
4785
4786
4787
4788
4789
4790
4791
4793
4797
4798
4799
4800
4801
4802
4803
4804
4806
4807
4811
4812
4813
4814
4815
4816
4817
4818
4820
4821
4823
4824
4825
4826
4827
4828
4829
4830
4831
4833
4834
4838
4839
4840
4841
4842
4843
4844
4860
4861
4865
4866
4867
4868
4869
4870
4871
4872
4874
4877
4883
4884
4886
4887
4888
4890
4893
4899
4901
4902
4904
4905
4906
4907
4908
4909
4910
4911
4912
4914
4915
4917
4919
4920
4921
4922
4923
4924
4925
4926
4928
4929
4931
4932
4933
4934
4935
4936
4937
4938
4939
4941
4942
4946
4947
4948
4949
4950
4951
4952
4955
4958
4959
4960
4961
4962
4963
4964
4965
4966
4967
4968
4969
4971
4982
4983
4986
4987
4988
4989
4990
4991
4992
4993
4994
4995
4996
4998
4999
5003
5004
5005
5006
5007
5010
5012
5013
5014
5016
5017
5018
5019
5022
5023
5027
5028
5029
5030
5031
5032
5033
5034
5035
5036
5037
5038
5039
5040
5041
5042
5043
5044
5045
5046
5047
5048
5049
5050
5051
5052
5053
5054
5055
5056
5057
5058
5059
5060
5061
5063
5064
5065
5066
5067
5068
5069
5070
5071
5072
5073
5074
5075
5076
5077
5078
5079
5080
5081
5082
5083
5084
5085
5086
5087
5088
5103
5104
5108
5109
5110
5111
5112
5113
5114
5142
5144
5145
5146
5148
5149
5150
5151
5152
5153
5154
5155
5157
5158
5159
5162
5163
5164
5165
5166
5167
5168
5169
5171
5173
5175
5176
5177
5178
5179
5180
5181
5182
5184
5185
5189
5190
5191
5192
5193
5194
5195
5198
5202
5203
5204
5205
5206
5207
5208
5209
5211
5212
5213
5214
5217
5225
5229
5230
5231
5232
5233
5234
5235
5236
5247
5248
5249
5250
5254
5255
5256
5257
5258
5259
5261
5262
5263
5265
5266
5270
5271
5272
5273
5274
5275
5276
5277
5279
5281
5283
5284
5285
5286
5287
5288
5289
5290
5292
5293
5294
5295
5297
5298
5299
5300
5301
5302
5303
5304
5306
5307
5309
5310
5311
5312
5313
5314
5315
5316
5317
5319
5320
5321
5322
5324
5325
5326
5327
5328
5329
5330
5331
5336
5337
5338
5340
5342
5343
5346
5347
5352
5353
5354
5355
5356
5358
5360
5362
5363
5364
5365
5366
5367
5369
5370
5372
5373
5374
5375
5376
5379
5385
5388
5389
5393
5397
5398
5400
5401
5402
5416
5420
5421
5424
5425
5451
5454
5455
5456
5457
5460
5466
5468
5469
5470
5472
5473
5474
5475
5476
5477
5478
5479
5480
5481
5482
5483
5484
5485
5490
5491
5492
5493
5497
5501
5502
5505
5506
5508
5509
5513
5514
5515
5516
5517
5518
5519
5522
5526
5527
5528
5529
5530
5531
5532
5533
5535
5536
5538
5539
5540
5541
5542
5543
5544
5545
5546
5549
5550
5553
5554
5555
5556
5557
5558
5559
5560
5561
5562
5563
5565
5566
5567
5568
5569
5570
5571
5572
5573
5577
5579
5580
5581
5583
5584
5586
5589
5590
5597
5598
5599
5601
5602
5604
5606
5610
5611
5616
5617
5619
5620
5622
5624
5625
5626
5628
5631
5632
5651
5658
5659
5660
5661
5662
5663
5664
5665
5667
5668
5670
5671
5676
5677
5679
5680
5682
5686
5687
5688
5689
5690
5691
5693
5694
5696
5697
5698
5699
5700
5703
5709
5712
5713
5718
5719
5721
5723
5724
5725
5727
5728
5732
5736
5739
5741
5742
5743
5745
5746
5747
5748
5751
5752
5757
5759
5760
5761
5763
5764
5765
5766
5768
5772
5773
5774
5775
5777
5778
5779
5781
5782
5784
5786
5787
5788
5790
5792
5793
5795
5796
5797
5799
5800
5801
5802
5804
5805
5806
5808
5809
5810
5811
5813
5832
5833
5837
5838
5839
5840
5841
5842
5843
5844
5845
5846
5847
5849
5873
5877
5878
5879
5880
5881
5882
5883
5884
5886
5887
5889
5891
5892
5893
5894
5895
5896
5897
5898
5900
5901
5903
5904
5905
5906
5907
5908
5909
5910
5911
5913
5914
5918
5919
5920
5921
5922
5923
5924
5925
5926
5927
5928
5930
5931
5932
5933
5934
5935
5936
5937
5938
5939
5940
5941
5942
5943
5944
5946
5948
5949
5950
5952
5954
5955
5957
5958
5959
5960
5961
5962
5963
5964
5965
5966
5967
5968
5970
5971
5975
5976
5977
5978
5979
5982
5983
5984
5985
5986
5987
5988
5989
5990
5991
5992
5994
5995
5999
6000
6001
6002
6003
6004
6005
6006
6008
6010
6012
6013
6014
6015
6016
6017
6018
6019
6021
6022
6023
6024
6025
6026
6027
6028
6029
6030
6031
6032
6033
6035
6036
6038
6039
6040
6041
6042
6043
6044
6045
6046
6048
6049
6050
6051
6053
6054
6055
6056
6057
6058
6059
6060
6065
6066
6067
6069
6071
6072
6075
6076
6080
6081
6082
6083
6084
6085
6086
6087
6088
6089
6090
6091
6092
6093
6094
6095
6096
6097
6098
6099
6101
6102
6103
6104
6105
6106
6108
6110
6111
6112
6114
6116
6117
6118
6120
6121
6122
6123
6124
6125
6126
6127
6128
6129
6130
6131
6132
6133
6134
6135
6136
6137
6138
6139
6140
6143
6144
6145
6146
6147
6148
6149
6150
6151
6152
6153
6154
6156
6157
6161
6162
6163
6164
6165
6166
6167
6168
6169
6170
6171
6173
6174
6175
6176
6177
6178
6179
6180
6181
6182
6183
6184
6185
6186
6189
6195
6197
6198
6199
6200
6201
6202
6203
6204
6205
6206
6207
6208
6209
6210
6211
6212
6213
6214
6215
6216
6218
6219
6220
6221
6222
6226
6227
6228
6229
6230
6231
6233
6234
6235
6237
6238
6242
6243
6244
6245
6246
6247
6248
6249
6251
6253
6255
6256
6257
6258
6259
6260
6261
6262
6264
6265
6267
6268
6269
6270
6271
6272
6273
6274
6275
6276
6278
6279
6281
6282
6283
6284
6285
6286
6287
6288
6289
6290
6291
6292
6293
6294
6295
6296
6297
6298
6299
6300
6301
6302
6303
6306
6307
6308
6309
6310
6311
6312
6313
6315
6316
6318
6319
6323
6324
6325
6326
6327
6328
6329
6330
6331
6332
6333
6334
6335
6336
6337
6338
6339
6340
6341
6342
6344
6345
6346
6348
6349
6351
6353
6354
6355
6357
6359
6360
6361
6362
6363
6364
6365
6366
6367
6368
6369
6370
6372
6373
6375
6377
6378
6379
6380
6381
6382
6383
6384
6386
6388
6389
6390
6391
6392
6393
6394
6395
6396
6397
6399
6400
6404
6405
6406
6407
6408
6409
6410
6411
6413
6415
6417
6418
6419
6420
6421
6422
6423
6424
6426
6427
6428
6429
6432
6438
6441
6442
6561
6562
6563
6566
6567
6568
6569
6570
6571
6572
6573
6574
6575
6576
6577
6578
6579
6580
6581
6582
6583
6584
6600
6602
6603
6604
6606
6607
6608
6609
6610
6611
6612
6613
6615
6616
6617
6618
6620
6621
6622
6623
6624
6625
6626
6627
6629
6630
6631
6632
6633
6634
6635
6636
6637
6638
6639
6640
6642
6643
6644
6647
6648
6649
6650
6651
6652
6653
6654
6655
6656
6657
6658
6659
6660
6661
6662
6663
6664
6665
6666
6667
6668
6669
6670
6671
6672
6673
6675
6677
6678
6679
6680
6681
6682
6683
6684
6685
6686
6687
6688
6689
6690
6691
6692
6693
6695
6696
6697
6698
6699
6700
6704
6705
6706
6707
6708
6709
6710
6711
6712
6713
6714
6715
6716
6717
6718
6719
6720
6723
6724
6725
6732
6733
6734
6735
6736
6737
6738
6739
6740
6741
6742
6743
6744
6745
6746
6750
6751
6752
6759
6760
6761
6762
6763
6764
6765
6766
6767
6768
6769
6770
6771
6772
6773
6874
6878
6879
6882
6883
6909
6912
6913
6914
6915
6918
6924
6926
6927
6928
6930
6931
6932
6933
6934
6935
6936
6937
6939
6940
6941
6948
6949
6950
6951
6955
6959
6960
6963
6964
6966
6967
6971
6972
6973
6974
6975
6976
6977
6978
6980
6982
6984
6985
6986
6987
6988
6989
6990
6991
6993
6994
6998
6999
7000
7001
7002
7003
7004
7005
7007
7008
7010
7011
7012
7013
7014
7015
7016
7017
7018
7020
7021
7022
7025
7026
7027
7028
7029
7030
7031
7032
7036
7040
7041
7044
7045
7047
7048
7052
7053
7054
7055
7056
7057
7058
7059
7061
7063
7064
7065
7066
7067
7068
7070
7071
7073
7074
7075
7077
7080
7086
7088
7089
7090
7091
7092
7093
7094
7095
7096
7097
7098
7099
7101
7102
7104
7106
7107
7108
7109
7110
7111
7112
7113
7115
7116
7117
7118
7119
7120
7121
7122
7123
7124
7125
7126
7128
7129
7133
7134
7135
7136
7137
7138
7139
7140
7142
7144
7145
7146
7147
7148
7149
7150
7151
7152
7153
7154
7155
7156
7157
7158
7161
7167
7169
7170
7171
7173
7174
7175
7176
7177
7178
7179
7180
7181
7182
7183
7185
7186
7190
7191
7192
7193
7194
7197
7199
7200
7201
7203
7204
7205
7206
7209
7210
7214
7215
7216
7217
7218
7219
7220
7221
7222
7223
7224
7225
7226
7227
7228
7229
7230
7231
7232
7233
7234
7235
7236
7237
7238
7239
7240
7241
7242
7243
7244
7245
7246
7247
7248
7250
7251
7252
7253
7254
7255
7256
7257
7258
7259
7260
7261
7262
7263
7264
7265
7266
7267
7268
7269
7270
7271
7272
7273
7274
7275
7290
7291
7292
7295
7296
7297
7298
7299
7300
7301
7302
7303
7304
7305
7306
7307
7308
7309
7310
7311
7312
7313
7329
7331
7332
7333
7335
7336
7337
7338
7339
7340
7341
7342
7344
7345
7346
7347
7349
7350
7351
7352
7353
7354
7355
7356
7358
7359
7360
7361
7362
7363
7364
7365
7366
7367
7368
7369
7371
7372
7373
7376
7377
7378
7379
7380
7381
7382
7383
7384
7385
7386
7387
7388
7389
7390
7391
7392
7393
7394
7395
7396
7397
7398
7399
7400
7401
7402
7404
7406
7407
7408
7409
7410
7411
7412
7413
7414
7415
7416
7417
7418
7419
7420
7421
7422
7423
7424
7425
7426
7427
7428
7429
7433
7434
7435
7436
7437
7438
7439
7440
7441
7442
7443
7444
7445
7446
7447
7448
7449
7452
7453
7454
7457
7458
7459
7460
7461
7462
7463
7464
7465
7466
7467
7468
7469
7470
7471
7472
7473
7474
7475
7476
7477
7479
7480
7481
7482
7483
7484
7485
7486
7487
7488
7489
7490
7491
7492
7493
7494
7495
7496
7497
7498
7499
7500
7501
7502
7503
7504
7506
7507
7509
7511
7512
7513
7514
7515
7516
7517
7518
7523
7524
7525
7527
7529
7530
7533
7534
7535
7539
7541
7542
7543
7544
7545
7546
7547
7548
7549
7550
7551
7552
7553
7554
7555
7556
7557
7559
7560
7561
7563
7564
7566
7568
7569
7570
7575
7581
7582
7583
7584
7586
7587
7588
7590
7591
7592
7593
7595
7602
7604
7605
7606
7608
7609
7611
7614
7615
7616
7622
7623
7624
7625
7626
7627
7628
7629
7630
7631
7632
7633
7634
7635
7636
7637
7638
7640
7641
7642
7643
7644
7647
7650
7651
7652
7653
7654
7655
7656
7657
7658
7659
7660
7661
7662
7663
7664
7665
7666
7667
7668
7669
7670
7671
7672
7673
7674
7676
7677
7678
7679
7680
7681
7682
7683
7684
7685
7686
7687
7688
7689
7690
7691
7692
7695
7696
7697
7700
7701
7702
7703
7704
7705
7706
7707
7708
7709
7710
7711
7712
7713
7714
7715
7716
7717
7718
7719
7720
7722
7723
7724
7725
7726
7727
7728
7729
7730
7731
7732
7733
7734
7735
7736
7737
7738
7739
7740
7741
7742
7743
7744
7745
7746
7747
7748
7749
7750
7752
7753
7754
7755
7756
7757
7758
7759
7760
7764
7766
7767
7768
7770
7771
7773
7776
7777
7778
7784
7785
7786
7787
7788
7789
7790
7791
7792
7793
7794
7795
7796
7797
7798
7799
7803
7804
7806
7807
7809
7811
7812
7813
7838
7845
7847
7848
7849
7851
7852
7854
7857
7858
7859
7866
7867
7868
7869
7870
7871
7872
7873
7874
7875
7876
7877
7878
7879
7880
7881
7883
7884
7885
7886
7887
7893
7894
7895
7896
7897
7898
7899
7900
7901
7902
7903
7904
7905
7906
7907
7908
7910
7911
7912
7913
7914
7915
7919
7920
7921
7922
7923
7924
7925
7926
7927
7928
7929
7930
7931
7932
7933
7934
7935
7938
7939
7940
7944
7946
7947
7948
7949
7950
7951
7952
7953
7954
7955
7956
7957
7958
7959
7960
7961
7962
7964
7965
7966
7967
7968
7969
7971
7973
7974
7975
7976
7977
7978
7979
7980
7981
7982
7983
7984
7985
7986
7987
7988
7989
7991
7992
7993
7995
7996
7997
7998
8000
8019
8020
8021
8024
8025
8026
8027
8028
8029
8030
8031
8032
8033
8034
8035
8036
8037
8038
8039
8040
8041
8042
8060
8064
8065
8066
8067
8068
8069
8070
8071
8073
8074
8078
8079
8080
8081
8082
8083
8084
8087
8091
8092
8093
8094
8095
8096
8097
8098
8100
8101
8102
8105
8106
8107
8108
8109
8110
8111
8112
8113
8114
8115
8116
8117
8118
8119
8120
8121
8122
8123
8124
8125
8127
8128
8129
8136
8137
8138
8139
8140
8141
8142
8143
8144
8145
8146
8147
8148
8149
8150
8151
8152
8154
8155
8156
8163
8164
8165
8166
8167
8168
8169
8170
8171
8172
8173
8174
8175
8176
8177
8181
8182
8183
8186
8187
8188
8189
8190
8191
8192
8193
8194
8195
8196
8197
8198
8199
8200
8201
8202
8203
8204
8205
8206
8208
8209
8210
8211
8212
8213
8214
8215
8216
8217
8218
8219
8220
8221
8222
8223
8224
8225
8226
8227
8228
8229
8230
8231
8232
8233
8235
8236
8240
8241
8242
8243
8244
8245
8246
8262
8263
8264
8267
8268
8269
8270
8271
8272
8273
8274
8275
8276
8277
8278
8279
8280
8281
8282
8283
8284
8285
8289
8290
8292
8293
8295
8297
8298
8299
8303
8304
8307
8308
8309
8310
8311
8312
8313
8314
8315
8316
8317
8319
8320
8321
8322
8323
8324
8325
8326
8327
8330
8331
8333
8334
8335
8336
8337
8338
8339
8340
8341
8343
8344
8345
8348
8349
8350
8351
8352
8353
8354
8355
8356
8357
8358
8359
8360
8361
8362
8363
8364
8365
8366
8367
8368
8369
8370
8371
8372
8373
8376
8379
8380
8381
8382
8383
8384
8385
8386
8387
8388
8389
8390
8391
8392
8393
8394
8395
8397
8398
8399
8400
8402
8403
8405
8406
8407
8408
8409
8410
8411
8412
8413
8414
8415
8416
8417
8418
8419
8420
8421
8424
8425
8426
8429
8430
8431
8432
8433
8434
8435
8436
8437
8438
8439
8440
8441
8442
8443
8444
8445
8446
8447
8448
8449
8451
8452
8453
8456
8457
8458
8459
8460
8461
8462
8463
8464
8465
8466
8467
8468
8469
8470
8471
8472
8473
8474
8475
8476
8478
8479
8483
8484
8485
8486
8487
8488
8489
8505
8506
8510
8511
8512
8513
8514
8515
8516
8517
8519
8522
8528
8529
8531
8532
8533
8535
8538
8544
8546
8547
8549
8550
8551
8552
8553
8554
8555
8556
8557
8559
8560
8562
8564
8565
8566
8567
8568
8569
8570
8571
8573
8576
8577
8578
8579
8580
8581
8582
8583
8584
8586
8587
8591
8592
8593
8594
8595
8596
8597
8600
8603
8604
8605
8606
8607
8608
8609
8610
8611
8612
8613
8614
8616
8652
8657
8658
8659
8661
8663
8664
8667
8668
8673
8675
8676
8677
8679
8681
8684
8690
8691
8693
8694
8695
8697
8700
8706
8708
8709
8711
8712
8713
8717
8721
8722
8724
8726
8727
8729
8748
8749
8750
8754
8756
8757
8758
8759
8760
8761
8762
8763
8764
8765
8766
8767
8768
8769
8770
8771
8798
8802
8803
8805
8807
8808
8810
8814
8817
8819
8820
8821
8823
8824
8825
8826
8829
8830
8831
8835
8837
8838
8839
8840
8841
8842
8843
8844
8845
8846
8847
8848
8849
8850
8851
8852
8853
8855
8856
8857
8858
8859
8860
8862
8864
8865
8866
8867
8868
8869
8870
8871
8872
8873
8874
8875
8876
8877
8878
8879
8880
8882
8883
8884
8885
8886
8887
8891
8892
8893
8894
8895
8896
8897
8898
8899
8900
8901
8902
8903
8904
8905
8906
8907
8910
8911
8912
8919
8920
8921
8922
8923
8924
8925
8926
8927
8928
8929
8930
8931
8932
8933
8937
8938
8939
8940
8941
8943
8945
8946
8947
8948
8949
8950
8951
8952
8953
8954
8955
8956
8957
8958
8959
8960
8964
8965
8967
8969
8970
8972
8976
8981
8982
8983
8985
8987
8988
8991
8992
8997
8999
9000
9001
9003
9004
9005
9006
9008
9012
9013
9014
9015
9017
9018
9019
9021
9022
9024
9026
9027
9028
9033
9039
9040
9042
9044
9045
9046
9048
9049
9053
9060
9062
9063
9064
9066
9067
9069
9072
9073
9080
9081
9082
9084
9085
9087
9089
9114
9120
9121
9123
9125
9126
9127
9129
9130
9174
9175
9180
9181
9183
9184
9186
9188
9189
9190
9192
9194
9195
9197
9198
9199
9201
9202
9204
9206
9207
9208
9210
9211
9215
9222
9224
9225
9226
9228
9229
9231
9234
9235
9240
9242
9243
9244
9246
9247
9248
9249
9251
9255
9256
9257
9258
9260
9261
9262
9264
9265
9267
9269
9270
9271
9273
9275
9276
9278
9279
9280
9284
9288
9289
9291
9293
9294
9296
9300
9303
9305
9306
9307
9309
9310
9311
9312
9357
9363
9364
9366
9368
9369
9370
9372
9373
9377
9384
9386
9387
9388
9390
9391
9393
9396
9397
9404
9405
9406
9408
9409
9411
9413
9417
9418
9423
9424
9426
9427
9429
9431
9432
9433
9438
9444
9445
9447
9449
9450
9451
9453
9454
9477
9478
9479
9485
9486
9487
9488
9489
9490
9491
9492
9493
9494
9495
9496
9497
9498
9499
9500
9539
9546
9548
9549
9550
9552
9553
9555
9558
9559
9560
9566
9567
9568
9569
9570
9571
9572
9573
9574
9575
9576
9577
9578
9579
9580
9581
9585
9586
9587
9588
9589
9591
9593
9594
9595
9596
9597
9598
9599
9600
9601
9602
9603
9604
9605
9606
9607
9608
9609
9611
9612
9613
9614
9615
9616
9620
9621
9622
9623
9624
9625
9626
9627
9628
9629
9630
9631
9632
9633
9634
9635
9636
9639
9640
9641
9648
9649
9650
9651
9652
9653
9654
9655
9656
9657
9658
9659
9660
9661
9662
9666
9667
9668
9672
9675
9676
9677
9678
9679
9680
9681
9682
9683
9684
9685
9686
9687
9688
9689
9693
9694
9696
9698
9699
9701
9705
9710
9711
9712
9714
9716
9717
9720
9721
9722
9726
9728
9729
9730
9731
9732
9733
9734
9735
9736
9737
9738
9739
9740
9741
9742
9743
9744
9746
9747
9748
9750
9770
9774
9775
9777
9779
9780
9782
9801
9802
9803
9810
9811
9812
9813
9814
9815
9816
9817
9818
9819
9820
9821
9822
9823
9824
9825
9827
9828
9829
9830
9831
9834
9837
9838
9839
9840
9841
9842
9843
9844
9845
9846
9847
9848
9849
9850
9851
9852
9854
9855
9856
9857
9858
9859
9860
9861
9863
9864
9865
9866
9867
9868
9869
9870
9871
9872
9873
9874
9875
9876
9877
9878
9879
9882
9883
9884
9888
9890
9891
9892
9893
9894
9895
9896
9897
9898
9899
9900
9901
9902
9903
9904
9905
9909
9910
9911
9912
9913
9915
9917
9918
9919
9920
9921
9922
9923
9924
9925
9926
9927
9928
9929
9930
9931
9932
9933
9935
9936
9937
9939
9940
9944
9951
9953
9954
9955
9957
9958
9960
9963
9964
9965
9969
9971
9972
9973
9974
9975
9976
9977
9978
9979
9980
9981
9982
9983
9984
9985
9986
9987
9989
9990
9991
9993
9994
9996
9998
9999
10000
10002
10004
10005
10007
10008
10009
10013
10017
10018
10020
10022
10023
10025
10029
10034
10035
10036
10038
10040
10041
10044
10045
10046
10053
10054
10055
10056
10057
10058
10059
10060
10061
10062
10063
10064
10065
10066
10067
10068
10070
10071
10072
10073
10074
10080
10081
10082
10083
10084
10085
10086
10087
10088
10089
10090
10091
10092
10093
10094
10098
10099
10100
10107
10108
10109
10110
10111
10112
10113
10114
10115
10116
10117
10118
10119
10120
10121
10122
10125
10126
10127
10131
10133
10134
10135
10136
10137
10138
10139
10140
10141
10142
10143
10144
10145
10146
10147
10148
10149
10151
10152
10153
10154
10155
10158
10161
10162
10163
10164
10165
10166
10167
10168
10169
10170
10171
10172
10173
10174
10175
10179
10180
10182
10184
10185
10187
10206
10207
10208
10212
10214
10215
10216
10217
10218
10219
10220
10221
10222
10223
10224
10225
10226
10227
10228
10229
10256
10260
10261
10263
10265
10266
10268
10272
10277
10278
10279
10281
10283
10284
10287
10288
10289
10293
10295
10296
10297
10298
10299
10300
10301
10302
10303
10304
10305
10306
10307
10308
10309
10310
10311
10313
10314
10315
10316
10317
10320
10323
10324
10325
10326
10327
10328
10329
10330
10331
10332
10333
10334
10335
10336
10337
10341
10342
10343
10350
10351
10352
10353
10354
10355
10356
10357
10358
10359
10360
10361
10362
10363
10364
10368
10369
10370
10377
10378
10379
10380
10381
10382
10383
10384
10385
10386
10387
10388
10389
10390
10391
10395
10396
10397
10398
10399
10401
10403
10404
10405
10406
10407
10408
10409
10410
10411
10412
10413
10414
10415
10416
10417
10418
10449
10450
10451
10457
10458
10459
10460
10461
10462
10463
10464
10465
10466
10467
10468
10469
10470
10471
10472
10476
10477
10479
10480
10482
10484
10485
10486
10491
10497
10498
10500
10502
10503
10504
10506
10507
10511
10518
10520
10521
10522
10524
10525
10527
10530
10531
10532
10538
10539
10540
10541
10542
10543
10544
10545
10546
10547
10548
10549
10550
10551
10552
10553
10557
10558
10559
10566
10567
10568
10569
10570
10571
10572
10573
10574
10575
10576
10577
10578
10579
10580
10581
10583
10584
10585
10586
10587
10588
10593
10594
10595
10596
10597
10598
10599
10600
10601
10602
10603
10604
10605
10606
10607
10611
10612
10613
10620
10621
10622
10623
10624
10625
10626
10627
10628
10629
10630
10631
10632
10633
10634
10638
10639
10640
10641
10642
10644
10646
10647
10648
10649
10650
10651
10652
10653
10654
10655
10656
10657
10658
10659
10660
10661
10662
10664
10665
10666
10668
10669
10673
10680
10682
10683
10684
10686
10687
10689
10692
10693
10700
10701
10702
10704
10705
10707
10709
10713
10714
10719
10720
10722
10723
10725
10727
10728
10729
10754
10761
10763
10764
10765
10767
10768
10770
10815
10821
10822
10824
10826
10827
10828
10830
10831
10835
10842
10844
10845
10846
10848
10849
10851
10854
10855
10862
10863
10864
10866
10867
10869
10871
10875
10876
10881
10882
10884
10885
10887
10889
10890
10891
10896
10902
10903
10905
10907
10908
10909
10911
10912
10935
10936
10937
10943
10944
10945
10946
10947
10948
10949
10950
10951
10952
10953
10954
10955
10956
10957
10958
10997
11004
11006
11007
11008
11010
11011
11013
11016
11017
11018
11024
11025
11026
11027
11028
11029
11030
11031
11032
11033
11034
11035
11036
11037
11038
11039
11043
11044
11045
11046
11047
11049
11051
11052
11053
11054
11055
11056
11057
11058
11059
11060
11061
11062
11063
11064
11065
11066
11067
11069
11070
11071
11072
11073
11074
11078
11079
11080
11081
11082
11083
11084
11085
11086
11087
11088
11089
11090
11091
11092
11093
11094
11097
11098
11099
11106
11107
11108
11109
11110
11111
11112
11113
11114
11115
11116
11117
11118
11119
11120
11124
11125
11126
11127
11128
11130
11132
11133
11134
11135
11136
11137
11138
11139
11140
11141
11142
11143
11144
11145
11146
11147
11178
11179
11186
11187
11188
11190
11191
11193
11195
11199
11200
11205
11206
11208
11209
11211
11213
11214
11215
11220
11226
11227
11229
11231
11232
11233
11235
11236
11240
11247
11249
11250
11251
11253
11254
11256
11259
11260
11267
11268
11269
11271
11272
11274
11276
11483
11490
11492
11493
11494
11496
11497
11499
11544
11550
11551
11553
11555
11556
11557
11559
11560
11564
11571
11573
11574
11575
11577
11578
11580
11583
11584
11591
11592
11593
11595
11596
11598
11600
11604
11605
11610
11611
11613
11614
11616
11618
11619
11620
11625
11631
11632
11634
11636
11637
11638
11640
11641
11664
11665
11666
11673
11674
11675
11676
11677
11678
11679
11680
11681
11682
11683
11684
11685
11686
11687
11745
11746
11747
11754
11755
11756
11757
11758
11759
11760
11761
11762
11763
11764
11765
11766
11767
11768
11772
11773
11774
11781
11782
11783
11784
11785
11786
11787
11788
11789
11790
11791
11792
11793
11794
11795
11799
11800
11801
11808
11809
11810
11811
11812
11813
11814
11815
11816
11817
11818
11819
11820
11821
11822
11826
11827
11828
11835
11836
11837
11838
11839
11840
11841
11842
11843
11844
11845
11846
11847
11848
11849
11853
11854
11855
11862
11863
11864
11865
11866
11867
11868
11869
11870
11871
11872
11873
11874
11875
11876
11907
11908
11909
11916
11917
11918
11919
11920
11921
11922
11923
11924
11925
11926
11927
11928
11929
11930
11988
11989
11990
11997
11998
11999
12000
12001
12002
12003
12004
12005
12006
12007
12008
12009
12010
12011
12015
12016
12017
12024
12025
12026
12027
12028
12029
12030
12031
12032
12033
12034
12035
12036
12037
12038
12039
12041
12042
12043
12044
12045
12046
12051
12052
12053
12054
12055
12056
12057
12058
12059
12060
12061
12062
12063
12064
12065
12069
12070
12071
12078
12079
12080
12081
12082
12083
12084
12085
12086
12087
12088
12089
12090
12091
12092
12096
12097
12098
12099
12100
12102
12104
12105
12106
12107
12108
12109
12110
12111
12112
12113
12114
12115
12116
12117
12118
12119
12120
12122
12123
12124
12126
12127
12131
12138
12140
12141
12142
12144
12145
12147
12150
12151
12152
12158
12159
12160
12161
12162
12163
12164
12165
12166
12167
12168
12169
12170
12171
12172
12173
12177
12178
12180
12181
12183
12185
12186
12187
12212
12219
12221
12222
12223
12225
12226
12228
12231
12232
12233
12240
12241
12242
12243
12244
12245
12246
12247
12248
12249
12250
12251
12252
12253
12254
12258
12259
12260
12267
12268
12269
12270
12271
12272
12273
12274
12275
12276
12277
12278
12279
12280
12281
12282
12284
12285
12286
12287
12288
12289
12293
12294
12295
12296
12297
12298
12299
12300
12301
12302
12303
12304
12305
12306
12307
12308
12309
12312
12313
12314
12320
12321
12322
12323
12324
12325
12326
12327
12328
12329
12330
12331
12332
12333
12334
12335
12339
12340
12341
12342
12343
12345
12347
12348
12349
12350
12351
12352
12353
12354
12355
12356
12357
12358
12359
12360
12361
12362
12363
12365
12366
12367
12369
12370
12393
12394
12395
12401
12402
12403
12404
12405
12406
12407
12408
12409
12410
12411
12412
12413
12414
12415
12416
12455
12462
12464
12465
12466
12468
12469
12471
12474
12475
12476
12482
12483
12484
12485
12486
12487
12488
12489
12490
12491
12492
12493
12494
12495
12496
12497
12501
12502
12503
12504
12505
12507
12509
12510
12511
12512
12513
12514
12515
12516
12517
12518
12519
12520
12521
12522
12523
12524
12525
12527
12528
12529
12530
12531
12532
12536
12537
12538
12539
12540
12541
12542
12543
12544
12545
12546
12547
12548
12549
12550
12551
12552
12555
12556
12557
12564
12565
12566
12567
12568
12569
12570
12571
12572
12573
12574
12575
12576
12577
12578
12582
12583
12584
12585
12586
12588
12590
12591
12592
12593
12594
12595
12596
12597
12598
12599
12600
12601
12602
12603
12604
12605
12636
12637
12638
12644
12645
12646
12647
12648
12649
12650
12651
12652
12653
12654
12655
12656
12657
12658
12659
12663
12664
12666
12667
12669
12671
12672
12673
12678
12684
12685
12687
12689
12690
12691
12693
12694
12698
12705
12707
12708
12709
12711
12712
12714
12717
12718
12719
12725
12726
12727
12728
12729
12730
12731
12732
12733
12734
12735
12736
12737
12738
12739
12740
12744
12745
12746
12753
12754
12755
12756
12757
12758
12759
12760
12761
12762
12763
12764
12765
12766
12767
12768
12770
12771
12772
12773
12774
12775
12780
12781
12782
12783
12784
12785
12786
12787
12788
12789
12790
12791
12792
12793
12794
12798
12799
12800
12807
12808
12809
12810
12811
12812
12813
12814
12815
12816
12817
12818
12819
12820
12821
12825
12826
12827
12828
12829
12831
12833
12834
12835
12836
12837
12838
12839
12840
12841
12842
12843
12844
12845
12846
12847
12848
12849
12851
12852
12853
12855
12856
12860
12867
12869
12870
12871
12873
12874
12876
12879
12880
12887
12888
12889
12891
12892
12894
12896
12900
12901
12906
12907
12909
12910
12912
12914
12915
12916
13122
13123
13124
13131
13132
13133
13134
13135
13136
13137
13138
13139
13140
13141
13142
13143
13144
13145
13203
13204
13205
13212
13213
13214
13215
13216
13217
13218
13219
13220
13221
13222
13223
13224
13225
13226
13230
13231
13232
13239
13240
13241
13242
13243
13244
13245
13246
13247
13248
13249
13250
13251
13252
13253
13257
13258
13259
13266
13267
13268
13269
13270
13271
13272
13273
13274
13275
13276
13277
13278
13279
13280
13284
13285
13286
13293
13294
13295
13296
13297
13298
13299
13300
13301
13302
13303
13304
13305
13306
13307
13311
13312
13313
13320
13321
13322
13323
13324
13325
13326
13327
13328
13329
13330
13331
13332
13333
13334
13851
13852
13853
13860
13861
13862
13863
13864
13865
13866
13867
13868
13869
13870
13871
13872
13873
13874
13932
13933
13934
13941
13942
13943
13944
13945
13946
13947
13948
13949
13950
13951
13952
13953
13954
13955
13959
13960
13961
13968
13969
13970
13971
13972
13973
13974
13975
13976
13977
13978
13979
13980
13981
13982
13986
13987
13988
13995
13996
13997
13998
13999
14000
14001
14002
14003
14004
14005
14006
14007
14008
14009
14013
14014
14015
14022
14023
14024
14025
14026
14027
14028
14029
14030
14031
14032
14033
14034
14035
14036
14040
14041
14042
14049
14050
14051
14052
14053
14054
14055
14056
14057
14058
14059
14060
14061
14062
14063
14094
14095
14096
14103
14104
14105
14106
14107
14108
14109
14110
14111
14112
14113
14114
14115
14116
14117
14175
14176
14177
14184
14185
14186
14187
14188
14189
14190
14191
14192
14193
14194
14195
14196
14197
14198
14202
14203
14204
14211
14212
14213
14214
14215
14216
14217
14218
14219
14220
14221
14222
14223
14224
14225
14229
14230
14231
14238
14239
14240
14241
14242
14243
14244
14245
14246
14247
14248
14249
14250
14251
14252
14256
14257
14258
14265
14266
14267
14268
14269
14270
14271
14272
14273
14274
14275
14276
14277
14278
14279
14283
14284
14285
14292
14293
14294
14295
14296
14297
14298
14299
14300
14301
14302
14303
14304
14305
14306
14337
14338
14339
14346
14347
14348
14349
14350
14351
14352
14353
14354
14355
14356
14357
14358
14359
14360
14418
14419
14420
14427
14428
14429
14430
14431
14432
14433
14434
14435
14436
14437
14438
14439
14440
14441
14445
14446
14447
14454
14455
14456
14457
14458
14459
14460
14461
14462
14463
14464
14465
14466
14467
14468
14472
14473
14474
14481
14482
14483
14484
14485
14486
14487
14488
14489
14490
14491
14492
14493
14494
14495
14499
14500
14501
14508
14509
14510
14511
14512
14513
14514
14515
14516
14517
14518
14519
14520
14521
14522
14526
14527
14528
14535
14536
14537
14538
14539
14540
14541
14542
14543
14544
14545
14546
14547
14548
14549
14580
14581
14582
14589
14590
14591
14592
14593
14594
14595
14596
14597
14598
14599
14600
14601
14602
14603
14661
14662
14663
14670
14671
14672
14673
14674
14675
14676
14677
14678
14679
14680
14681
14682
14683
14684
14688
14689
14690
14697
14698
14699
14700
14701
14702
14703
14704
14705
14706
14707
14708
14709
14710
14711
14715
14716
14717
14724
14725
14726
14727
14728
14729
14730
14731
14732
14733
14734
14735
14736
14737
14738
14742
14743
14744
14751
14752
14753
14754
14755
14756
14757
14758
14759
14760
14761
14762
14763
14764
14765
14769
14770
14771
14778
14779
14780
14781
14782
14783
14784
14785
14786
14787
14788
14789
14790
14791
14792
14823
14824
14825
14832
14833
14834
14835
14836
14837
14838
14839
14840
14841
14842
14843
14844
14845
14846
14904
14905
14906
14913
14914
14915
14916
14917
14918
14919
14920
14921
14922
14923
14924
14925
14926
14927
14931
14932
14933
14940
14941
14942
14943
14944
14945
14946
14947
14948
14949
14950
14951
14952
14953
14954
14958
14959
14960
14967
14968
14969
14970
14971
14972
14973
14974
14975
14976
14977
14978
14979
14980
14981
14985
14986
14987
14994
14995
14996
14997
14998
14999
15000
15001
15002
15003
15004
15005
15006
15007
15008
15012
15013
15014
15021
15022
15023
15024
15025
15026
15027
15028
15029
15030
15031
15032
15033
15034
15035
15309
15310
15311
15318
15319
15320
15321
15322
15323
15324
15325
15326
15327
15328
15329
15330
15331
15332
15390
15391
15392
15399
15400
15401
15402
15403
15404
15405
15406
15407
15408
15409
15410
15411
15412
15413
15417
15418
15419
15426
15427
15428
15429
15430
15431
15432
15433
15434
15435
15436
15437
15438
15439
15440
15444
15445
15446
15453
15454
15455
15456
15457
15458
15459
15460
15461
15462
15463
15464
15465
15466
15467
15471
15472
15473
15480
15481
15482
15483
15484
15485
15486
15487
15488
15489
15490
15491
15492
15493
15494
15498
15499
15500
15507
15508
15509
15510
15511
15512
15513
15514
15515
15516
15517
15518
15519
15520
15521
16038
16039
16040
16047
16048
16049
16050
16051
16052
16053
16054
16055
16056
16057
16058
16059
16060
16061
16119
16120
16121
16128
16129
16130
16131
16132
16133
16134
16135
16136
16137
16138
16139
16140
16141
16142
16146
16147
16148
16155
16156
16157
16158
16159
16160
16161
16162
16163
16164
16165
16166
16167
16168
16169
16173
16174
16175
16182
16183
16184
16185
16186
16187
16188
16189
16190
16191
16192
16193
16194
16195
16196
16200
16201
16202
16209
16210
16211
16212
16213
16214
16215
16216
16217
16218
16219
16220
16221
16222
16223
16227
16228
16229
16236
16237
16238
16239
16240
16241
16242
16243
16244
16245
16246
16247
16248
16249
16250
16281
16282
16283
16290
16291
16292
16293
16294
16295
16296
16297
16298
16299
16300
16301
16302
16303
16304
16362
16363
16364
16371
16372
16373
16374
16375
16376
16377
16378
16379
16380
16381
16382
16383
16384
16385
16389
16390
16391
16398
16399
16400
16401
16402
16403
16404
16405
16406
16407
16408
16409
16410
16411
16412
16416
16417
16418
16425
16426
16427
16428
16429
16430
16431
16432
16433
16434
16435
16436
16437
16438
16439
16443
16444
16445
16452
16453
16454
16455
16456
16457
16458
16459
16460
16461
16462
16463
16464
16465
16466
16470
16471
16472
16479
16480
16481
16482
16483
16484
16485
16486
16487
16488
16489
16490
16491
16492
16493
16524
16525
16526
16533
16534
16535
16536
16537
16538
16539
16540
16541
16542
16543
16544
16545
16546
16547
16605
16606
16607
16614
16615
16616
16617
16618
16619
16620
16621
16622
16623
16624
16625
16626
16627
16628
16632
16633
16634
16641
16642
16643
16644
16645
16646
16647
16648
16649
16650
16651
16652
16653
16654
16655
16659
16660
16661
16668
16669
16670
16671
16672
16673
16674
16675
16676
16677
16678
16679
16680
16681
16682
16686
16687
16688
16695
16696
16697
16698
16699
16700
16701
16702
16703
16704
16705
16706
16707
16708
16709
16713
16714
16715
16722
16723
16724
16725
16726
16727
16728
16729
16730
16731
16732
16733
16734
16735
16736
16767
16768
16769
16776
16777
16778
16779
16780
16781
16782
16783
16784
16785
16786
16787
16788
16789
16790
16848
16849
16850
16857
16858
16859
16860
16861
16862
16863
16864
16865
16866
16867
16868
16869
16870
16871
16875
16876
16877
16884
16885
16886
16887
16888
16889
16890
16891
16892
16893
16894
16895
16896
16897
16898
16902
16903
16904
16911
16912
16913
16914
16915
16916
16917
16918
16919
16920
16921
16922
16923
16924
16925
16929
16930
16931
16938
16939
16940
16941
16942
16943
16944
16945
16946
16947
16948
16949
16950
16951
16952
16956
16957
16958
16965
16966
16967
16968
16969
16970
16971
16972
16973
16974
16975
16976
16977
16978
16979
17010
17011
17012
17019
17020
17021
17022
17023
17024
17025
17026
17027
17028
17029
17030
17031
17032
17033
17091
17092
17093
17100
17101
17102
17103
17104
17105
17106
17107
17108
17109
17110
17111
17112
17113
17114
17118
17119
17120
17127
17128
17129
17130
17131
17132
17133
17134
17135
17136
17137
17138
17139
17140
17141
17145
17146
17147
17154
17155
17156
17157
17158
17159
17160
17161
17162
17163
17164
17165
17166
17167
17168
17172
17173
17174
17181
17182
17183
17184
17185
17186
17187
17188
17189
17190
17191
17192
17193
17194
17195
17199
17200
17201
17208
17209
17210
17211
17212
17213
17214
17215
17216
17217
17218
17219
17220
17221
17222
