4
6
7
9
10
13
15
16
19
22
24
25
28
31
33
34
36
37
40
42
43
46
49
51
52
54
55
58
60
61
63
64
67
69
70
73
76
78
79
81
82
85
87
88
90
91
94
96
97
100
103
105
106
109
112
114
115
117
118
121
123
124
127
130
132
133
135
136
139
141
142
144
145
148
150
151
154
157
159
160
163
166
168
169
171
172
175
177
178
181
184
186
187
190
193
195
196
198
199
202
204
205
208
211
213
214
216
217
220
222
223
225
226
229
231
232
235
238
240
241
244
247
249
250
252
253
256
258
259
262
265
267
268
271
274
276
277
279
280
283
285
286
289
292
294
295
297
298
301
303
304
306
307
310
312
313
316
319
321
322
324
325
328
330
331
333
334
337
339
340
343
346
348
349
355
357
358
360
361
364
366
367
370
373
375
376
378
379
382
384
385
387
388
393
394
397
400
402
409
411
412
414
415
418
420
424
427
429
433
436
438
439
441
442
445
447
448
451
454
456
457
459
460
463
465
466
468
469
472
474
475
481
483
486
487
490
492
493
495
496
499
501
502
505
508
510
511
514
517
519
520
522
523
526
528
529
532
535
537
538
540
541
544
546
547
549
550
553
555
556
559
562
564
565
567
568
571
573
574
576
577
580
582
583
586
589
591
592
598
600
601
603
610
616
619
621
622
625
627
628
630
631
634
636
637
640
643
645
646
652
654
655
657
658
661
663
664
667
670
672
673
676
679
681
682
684
685
688
690
691
694
697
699
700
702
703
706
708
709
711
712
715
717
718
726
727
729
730
733
735
736
738
739
742
744
745
748
751
753
754
757
760
762
763
765
766
769
771
772
775
778
780
781
783
784
787
789
790
792
793
798
799
802
805
807
808
810
811
814
816
817
819
820
823
825
826
829
832
834
835
838
841
843
844
846
847
850
852
853
856
859
861
862
864
865
868
870
871
873
874
877
879
880
886
888
889
895
898
900
904
906
913
915
922
924
925
927
931
933
934
937
940
942
943
945
946
949
951
952
954
955
958
960
961
969
970
979
981
985
988
991
994
996
997
1000
1003
1005
1006
1008
1009
1012
1018
1021
1023
1026
1027
1032
1033
1035
1039
1041
1042
1045
1050
1053
1054
1057
1060
1062
1063
1066
1068
1069
1072
1077
1078
1081
1084
1089
1090
1093
1095
1096
1099
1102
1104
1105
1107
1108
1111
1113
1114
1116
1117
1120
1122
1123
1126
1129
1131
1132
1138
1140
1141
1143
1144
1147
1149
1150
1153
1158
1162
1165
1167
1168
1170
1171
1176
1177
1180
1183
1185
1186
1188
1189
1192
1195
1197
1198
1201
1203
1204
1212
1213
1215
1216
1219
1221
1222
1224
1225
1228
1230
1231
1239
1240
1246
1248
1249
1251
1252
1255
1257
1258
1266
1267
1269
1270
1273
1275
1276
1278
1279
1282
1284
1285
1288
1293
1294
1296
1297
1300
1302
1303
1305
1306
1309
1311
1312
1318
1320
1321
1327
1329
1330
1332
1333
1336
1338
1339
1347
1348
1350
1351
1354
1356
1357
1359
1360
1365
1366
1372
1374
1375
1402
1405
1410
1411
1413
1419
1420
1428
1429
1431
1432
1435
1437
1438
1440
1441
1444
1446
1447
1455
1456
1489
1491
1492
1494
1498
1500
1501
1512
1513
1518
1519
1521
1534
1539
1540
1546
1548
1549
1555
1563
1567
1570
1572
1575
1576
1582
1585
1588
1593
1594
1606
1609
1615
1633
1635
1642
1644
1648
1651
1653
1654
1656
1662
1663
1666
1671
1674
1675
1678
1680
1681
1683
1687
1689
1698
1699
1707
1710
1711
1716
1717
1723
1725
1729
1735
1737
1738
1747
1750
1752
1755
1756
1759
1762
1764
1768
1770
1771
1782
1783
1786
1806
1807
1810
1818
1819
1824
1825
1828
1831
1833
1834
1836
1837
1840
1842
1843
1845
1846
1849
1851
1852
1855
1860
1861
1867
1872
1873
1876
1878
1879
1887
1888
1891
1894
1900
1905
1906
1914
1915
1917
1918
1921
1923
1926
1927
1930
1932
1933
1941
1942
1944
1945
1948
1950
1951
1953
1954
1957
1959
1960
1966
1968
1969
1980
1981
1984
1995
1998
1999
2004
2005
2007
2008
2013
2014
2020
2022
2023
2025
2026
2029
2031
2032
2034
2035
2038
2040
2041
2044
2049
2050
2061
2062
2065
2076
2079
2080
2083
2085
2086
2088
2089
2094
2095
2101
2103
2104
2110
2112
2113
2115
2119
2122
2128
2130
2148
2149
2157
2158
2160
2161
2164
2166
2167
2169
2170
2173
2175
2176
2184
2185
2245
2250
2260
2268
2269
2283
2290
2293
2296
2301
2302
2347
2356
2358
2364
2373
2374
2377
2385
2389
2391
2392
2395
2398
2400
2403
2404
2409
2449
2452
2454
2461
2463
2464
2466
2467
2470
2472
2481
2484
2485
2490
2491
2493
2494
2497
2500
2503
2508
2511
2512
2515
2517
2520
2521
2536
2539
2542
2544
2545
2547
2548
2551
2565
2566
2569
2571
2578
2580
2584
2589
2601
2602
2605
2607
2616
2623
2625
2626
2628
2629
2634
2635
2638
2643
2646
2647
2652
2661
2662
2673
2674
2677
2679
2680
2682
2683
2686
2688
2689
2697
2701
2704
2706
2707
2709
2710
2715
2716
2719
2724
2727
2728
2731
2733
2734
2736
2737
2740
2742
2743
2746
2754
2755
2758
2760
2761
2763
2764
2767
2769
2770
2778
2785
2787
2788
2790
2791
2794
2800
2808
2809
2815
2817
2818
2821
2824
2827
2916
2917
2920
2922
2923
2925
2926
2929
2931
2932
2938
2940
2941
2947
2949
2950
2952
2953
2956
2958
2959
2965
2967
2970
2971
2974
2976
2979
2980
2997
2998
3001
3003
3004
3006
3007
3010
3012
3013
3021
3022
3033
3034
3037
3039
3040
3046
3048
3049
3051
3052
3055
3060
3061
3064
3066
3067
3075
3076
3100
3109
3111
3112
3114
3115
3120
3121
3129
3130
3132
3133
3136
3141
3142
3145
3147
3148
3156
3157
3190
3192
3193
3195
3196
3199
3201
3202
3210
3213
3214
3219
3220
3222
3223
3226
3229
3240
3241
3244
3246
3249
3250
3253
3255
3256
3264
3265
3271
3273
3274
3276
3277
3280
3354
3355
3357
3358
3363
3364
3390
3391
3402
3403
3406
3408
3409
3411
3412
3417
3418
3435
3436
3438
3439
3444
3445
3483
3484
3487
3489
3490
3492
3493
3498
3499
3795
3796
3829
3838
3840
3841
3843
3844
3849
3850
3876
3877
3921
3922
3924
3925
3930
3931
3937
3942
3943
3946
3951
3952
3969
3970
3973
3975
3976
3978
3979
3984
3985
3991
4000
4018
4023
4024
4027
4032
4033
4072
4081
4101
4104
4105
4110
4131
4132
4135
4137
4140
4141
4155
4182
4185
4186
4191
4234
4243
4261
4266
4267
4270
4275
4276
4281
4282
4306
4309
4315
4317
4324
4336
4362
4363
4374
4375
4378
4380
4381
4383
4384
4389
4390
4398
4399
4405
4407
4408
4410
4411
4414
4416
4417
4423
4425
4428
4429
4432
4434
4435
4437
4438
4443
4444
4452
4453
4455
4456
4459
4461
4462
4464
4465
4470
4471
4479
4480
4504
4509
4510
4513
4515
4516
4518
4519
4524
4525
4533
4534
4560
4579
4587
4590
4591
4596
4597
4599
4600
4605
4606
4614
4615
4641
4666
4671
4672
4675
4680
4681
4698
4699
4702
4704
4705
4707
4708
4713
4714
4720
4729
4747
4752
4753
4756
4761
4762
4801
4810
4830
4833
4834
4839
4860
4861
4864
4866
4867
4869
4870
4875
4876
4884
4885
4911
4914
4915
4920
4921
4923
4924
4929
4930
4938
4939
4941
4942
4947
4948
4950
4951
4956
4957
4965
4966
4995
4996
5001
5002
5004
5005
5010
5011
5019
5020
5076
5077
5082
5083
5085
5086
5091
5092
5100
5101
5103
5104
5107
5109
5110
5112
5113
5118
5119
5127
5128
5136
5137
5139
5140
5145
5146
5152
5157
5158
5161
5163
5164
5166
5167
5172
5173
5181
5182
5184
5185
5188
5190
5191
5193
5194
5199
5200
5208
5209
5233
5238
5239
5242
5244
5245
5247
5248
5253
5254
5262
5263
5319
5320
5325
5326
5328
5329
5334
5335
5343
5344
5589
5590
5595
5596
5598
5599
5604
5605
5613
5614
5643
5644
5649
5650
5652
5653
5658
5659
5667
5668
5670
5671
5676
5677
5679
5680
5685
5686
5694
5695
5724
5725
5730
5731
5733
5734
5739
5740
5748
5749
5805
5806
5811
5812
5814
5815
5820
5821
5829
5830
6318
6319
6324
6325
6327
6328
6333
6334
6342
6343
6372
6373
6378
6379
6381
6382
6387
6388
6396
6397
6399
6400
6405
6406
6408
6409
6414
6415
6423
6424
6453
6454
6459
6460
6462
6463
6468
6469
6477
6478
6534
6535
6540
6541
6543
6544
6549
6550
6558
6559
6561
6562
6565
6567
6568
6570
6571
6574
6576
6577
6585
6586
6592
6594
6595
6597
6598
6601
6603
6604
6610
6612
6615
6616
6619
6621
6622
6624
6625
6630
6631
6639
6640
6642
6643
6646
6648
6649
6651
6652
6655
6657
6658
6666
6667
6678
6679
6682
6684
6685
6691
6693
6694
6696
6697
6700
6702
6703
6705
6706
6709
6711
6712
6720
6721
6747
6765
6766
6774
6775
6777
6778
6781
6783
6784
6786
6787
6790
6792
6793
6801
6802
6828
6835
6837
6838
6840
6841
6844
6853
6855
6858
6859
6862
6864
6865
6867
6868
6871
6874
6885
6886
6889
6891
6892
6894
6895
6898
6900
6901
6907
6909
6910
6916
6918
6919
6921
6922
6925
6934
6939
6940
6943
6948
6949
6988
6997
6999
7000
7002
7003
7008
7009
7017
7020
7021
7026
7035
7036
7047
7048
7051
7053
7054
7056
7057
7062
7063
7071
7072
7080
7081
7083
7084
7089
7090
7098
7101
7102
7107
7108
7110
7111
7116
7117
7125
7126
7128
7129
7132
7134
7135
7137
7138
7143
7144
7152
7153
7182
7183
7188
7189
7191
7192
7197
7198
7206
7207
7263
7264
7269
7270
7272
7273
7278
7279
7287
7288
7290
7291
7294
7296
7297
7299
7300
7303
7305
7306
7314
7315
7321
7323
7324
7326
7327
7330
7332
7333
7339
7341
7344
7345
7348
7350
7351
7353
7354
7359
7360
7368
7369
7371
7372
7375
7377
7378
7380
7381
7384
7386
7387
7395
7396
7407
7408
7411
7413
7414
7420
7422
7423
7425
7426
7429
7431
7432
7434
7435
7438
7440
7441
7449
7450
7494
7495
7503
7504
7506
7507
7510
7512
7513
7515
7516
7519
7521
7522
7530
7531
7614
7615
7618
7623
7624
7627
7629
7630
7638
7639
7650
7651
7654
7656
7657
7665
7666
7668
7669
7672
7677
7678
7681
7692
7693
7728
7729
7731
7732
7737
7738
7746
7747
7749
7750
7753
7758
7759
7762
7764
7765
7773
7774
7776
7777
7780
7782
7783
7785
7786
7789
7791
7792
7800
7801
7809
7810
7812
7813
7816
7818
7819
7830
7831
7836
7837
7839
7840
7845
7846
7854
7855
7857
7858
7861
7863
7864
7866
7867
7870
7872
7873
7881
7882
7893
7894
7897
7911
7912
7917
7918
7920
7921
7926
7927
7935
7936
7980
7981
7989
7990
7992
7993
7996
7998
7999
8001
8002
8005
8007
8008
8016
8017
8385
8386
8394
8395
8397
8398
8401
8406
8407
8410
8421
8422
8466
8467
8475
8476
8478
8479
8482
8487
8488
8491
8502
8503
8505
8506
8509
8511
8512
8514
8515
8518
8520
8521
8529
8530
8541
8542
8545
8559
8560
8565
8566
8568
8569
8574
8575
8583
8584
8586
8587
8590
8592
8593
8595
8596
8599
8601
8602
8610
8611
8622
8623
8626
8640
8641
8646
8647
8649
8650
8655
8656
8664
8665
8709
8710
8718
8719
8721
8722
8725
8727
8728
8730
8731
8734
8736
8737
8745
8746
9477
9478
9481
9486
9487
9490
9492
9493
9501
9502
9513
9514
9517
9558
9559
9562
9567
9568
9571
9573
9574
9582
9583
9594
9595
9598
9600
9601
9609
9610
9612
9613
9616
9621
9622
9625
9636
9637
9681
9682
9690
9691
9693
9694
9697
9702
9703
9706
9717
9718
9801
9802
9805
9810
9811
9814
9816
9817
9825
9826
9837
9838
9841
9843
9844
9852
9853
9855
9856
9859
9864
9865
9868
9879
9880
9924
9925
9933
9934
9936
9937
9940
9945
9946
9949
9960
9961
9963
9964
9967
9972
9973
9976
9978
9979
9987
9988
9999
10000
10003
10044
10045
10048
10053
10054
10057
10059
10060
10068
10069
10080
10081
10084
10167
10168
10176
10177
10179
10180
10183
10188
10189
10192
10203
10204
10498
10503
10504
10507
10512
10513
10530
10531
10534
10536
10537
10539
10540
10545
10546
10552
10561
10572
10573
10579
10581
10582
10584
10585
10588
10593
10594
10597
10608
10609
10633
10642
10653
10654
10662
10663
10665
10666
10669
10674
10675
10678
10689
10690
10692
10693
10696
10701
10702
10705
10707
10708
10716
10717
10728
10729
10732
10773
10774
10777
10782
10783
10786
10788
10789
10795
10797
10798
10804
10809
10810
10813
10822
10827
10828
10831
10836
10837
10842
10843
10876
10885
10896
10897
10905
10906
10908
10909
10912
10917
10918
10921
10923
10924
10932
10933
10935
10936
10939
10941
10942
10944
10945
10948
10950
10951
10959
10960
10968
10969
10971
10972
10975
10977
10978
10984
10989
10990
10993
10995
10996
10998
10999
11004
11005
11013
11014
11016
11017
11020
11022
11023
11025
11026
11029
11031
11032
11040
11041
11052
11053
11056
11058
11059
11065
11067
11068
11070
11071
11074
11076
11077
11079
11080
11083
11085
11086
11094
11095
11139
11140
11148
11149
11151
11152
11155
11157
11158
11160
11161
11164
11166
11167
11175
11176
11227
11232
11233
11236
11241
11242
11259
11260
11263
11265
11266
11268
11269
11272
11274
11275
11281
11283
11284
11290
11295
11296
11299
11308
11313
11314
11317
11322
11323
11362
11371
11421
11422
11427
11428
11430
11431
11436
11437
11445
11446
11475
11476
11481
11482
11484
11485
11490
11491
11499
11500
11502
11503
11508
11509
11511
11512
11517
11518
11526
11527
11556
11557
11562
11563
11565
11566
11571
11572
11580
11581
11637
11638
11643
11644
11646
11647
11652
11653
11661
11662
11664
11665
11668
11670
11671
11673
11674
11677
11679
11680
11688
11689
11697
11698
11700
11701
11704
11706
11707
11713
11718
11719
11722
11724
11725
11727
11728
11733
11734
11742
11743
11745
11746
11749
11751
11752
11754
11755
11758
11760
11761
11769
11770
11781
11782
11785
11787
11788
11794
11796
11797
11799
11800
11803
11805
11806
11808
11809
11812
11814
11815
11823
11824
11868
11869
11877
11878
11880
11881
11884
11886
11887
11889
11890
11893
11895
11896
11904
11905
11988
11989
11992
11997
11998
12001
12003
12004
12012
12013
12024
12025
12028
12150
12151
12156
12157
12159
12160
12165
12166
12174
12175
12204
12205
12210
12211
12213
12214
12219
12220
12228
12229
12231
12232
12237
12238
12240
12241
12246
12247
12255
12256
12285
12286
12291
12292
12294
12295
12300
12301
12309
12310
12366
12367
12372
12373
12375
12376
12381
12382
12390
12391
12759
12760
12768
12769
12771
12772
12775
12780
12781
12784
12795
12796
12840
12841
12849
12850
12852
12853
12856
12861
12862
12865
12876
12877
12879
12880
12883
12885
12886
12888
12889
12892
12894
12895
12903
12904
12915
12916
12919
12933
12934
12939
12940
12942
12943
12948
12949
12957
12958
12960
12961
12964
12966
12967
12969
12970
12973
12975
12976
12984
12985
12996
12997
13000
13014
13015
13020
13021
13023
13024
13029
13030
13038
13039
13083
13084
13092
13093
13095
13096
13099
13101
13102
13104
13105
13108
13110
13111
13119
13120
16404
16405
16413
16414
16416
16417
16420
16425
16426
16429
16440
16441
16485
16486
16494
16495
16497
16498
16501
16506
16507
16510
16521
16522
16524
16525
16528
16533
16534
16537
16539
16540
16548
16549
16560
16561
16564
16605
16606
16609
16614
16615
16618
16620
16621
16629
16630
16641
16642
16645
16728
16729
16737
16738
16740
16741
16744
16749
16750
16753
16764
16765
17133
17134
17142
17143
17145
17146
17149
17154
17155
17158
17169
17170
17214
17215
17223
17224
17226
17227
17230
17235
17236
17239
17250
17251
17253
17254
17257
17262
17263
17266
17268
17269
17277
17278
17289
17290
17293
17334
17335
17338
17343
17344
17347
17349
17350
17358
17359
17370
17371
17374
17457
17458
17466
17467
17469
17470
17473
17478
17479
17482
17493
17494
17496
17497
17500
17502
17503
17505
17506
17509
17511
17512
17520
17521
17532
17533
17536
17550
17551
17556
17557
17559
17560
17565
17566
17574
17575
17577
17578
17581
17583
17584
17586
17587
17590
17592
17593
17601
17602
17613
17614
17617
17619
17620
17628
17629
17631
17632
17635
17637
17638
17640
17641
17644
17646
17647
17655
17656
17700
17701
17709
17710
17712
17713
17716
17718
17719
17721
17722
17725
17727
17728
17736
17737
17820
17821
17824
17829
17830
17833
17835
17836
17844
17845
17856
17857
17860
17982
17983
17988
17989
17991
17992
17997
17998
18006
18007
18036
18037
18042
18043
18045
18046
18051
18052
18060
18061
18063
18064
18069
18070
18072
18073
18078
18079
18087
18088
18117
18118
18123
18124
18126
18127
18132
18133
18141
18142
18198
18199
18204
18205
18207
18208
18213
18214
18222
18223
18225
18226
18229
18231
18232
18234
18235
18238
18240
18241
18249
18250
18261
18262
18265
18279
18280
18285
18286
18288
18289
18294
18295
18303
18304
18306
18307
18310
18312
18313
18315
18316
18319
18321
18322
18330
18331
18342
18343
18346
18348
18349
18357
18358
18360
18361
18364
18366
18367
18369
18370
18373
18375
18376
18384
18385
18429
18430
18438
18439
18441
18442
18445
18447
18448
18450
18451
18454
18456
18457
18465
18466
18549
18550
18553
18558
18559
18562
18564
18565
18573
18574
18585
18586
18589
18711
18712
18717
18718
18720
18721
18726
18727
18735
18736
18765
18766
18771
18772
18774
18775
18780
18781
18789
18790
18792
18793
18798
18799
18801
18802
18807
18808
18816
18817
18846
18847
18852
18853
18855
18856
18861
18862
18870
18871
18927
18928
18933
18934
18936
18937
18942
18943
18951
18952
19320
19321
19329
19330
19332
19333
19336
19341
19342
19345
19356
19357
19401
19402
19410
19411
19413
19414
19417
19422
19423
19426
19437
19438
19440
19441
19444
19446
19447
19449
19450
19453
19455
19456
19464
19465
19476
19477
19480
19494
19495
19500
19501
19503
19504
19509
19510
19518
19519
19521
19522
19525
19527
19528
19530
19531
19534
19536
19537
19545
19546
19557
19558
19561
19575
19576
19581
19582
19584
19585
19590
19591
19599
19600
19644
19645
19653
19654
19656
19657
19660
19662
19663
19665
19666
19669
19671
19672
19680
19681
26244
26245
26248
26253
26254
26257
26259
26260
26268
26269
26280
26281
26284
26325
26326
26329
26334
26335
26338
26340
26341
26349
26350
26361
26362
26365
26367
26368
26376
26377
26379
26380
26383
26388
26389
26392
26403
26404
26448
26449
26457
26458
26460
26461
26464
26469
26470
26473
26484
26485
26568
26569
26572
26577
26578
26581
26583
26584
26592
26593
26604
26605
26608
26973
26974
26977
26982
26983
26986
26988
26989
26997
26998
27009
27010
27013
27054
27055
27058
27063
27064
27067
27069
27070
27078
27079
27090
27091
27094
27096
27097
27105
27106
27108
27109
27112
27117
27118
27121
27132
27133
27177
27178
27186
27187
27189
27190
27193
27198
27199
27202
27213
27214
27297
27298
27301
27306
27307
27310
27312
27313
27321
27322
27333
27334
27337
27339
27340
27348
27349
27351
27352
27355
27360
27361
27364
27375
27376
27420
27421
27429
27430
27432
27433
27436
27441
27442
27445
27456
27457
27459
27460
27463
27468
27469
27472
27474
27475
27483
27484
27495
27496
27499
27540
27541
27544
27549
27550
27553
27555
27556
27564
27565
27576
27577
27580
27663
27664
27672
27673
27675
27676
27679
27684
27685
27688
27699
27700
28068
28069
28077
28078
28080
28081
28084
28089
28090
28093
28104
28105
28149
28150
28158
28159
28161
28162
28165
28170
28171
28174
28185
28186
28188
28189
28192
28197
28198
28201
28203
28204
28212
28213
28224
28225
28228
28269
28270
28273
28278
28279
28282
28284
28285
28293
28294
28305
28306
28309
28392
28393
28401
28402
28404
28405
28408
28413
28414
28417
28428
28429
29160
29161
29164
29169
29170
29173
29175
29176
29184
29185
29196
29197
29200
29241
29242
29245
29250
29251
29254
29256
29257
29265
29266
29277
29278
29281
29283
29284
29292
29293
29295
29296
29299
29304
29305
29308
29319
29320
29364
29365
29373
29374
29376
29377
29380
29385
29386
29389
29400
29401
29484
29485
29488
29493
29494
29497
29499
29500
29508
29509
29520
29521
29524
