4
6
7
8
9
10
12
13
15
16
17
19
28
33
36
37
39
42
46
48
49
51
54
55
57
58
60
62
63
69
70
71
72
73
75
76
78
80
81
82
84
85
87
89
90
91
93
94
96
97
98
100
102
107
108
109
111
112
116
117
118
120
121
123
124
127
129
134
135
136
141
143
144
145
147
148
152
153
154
159
161
174
179
204
205
231
232
262
292
296
297
298
300
301
324
325
328
340
351
372
386
394
395
399
415
426
432
433
436
438
441
447
448
451
458
462
467
475
481
486
487
490
492
494
495
496
501
503
510
519
522
534
540
541
546
548
557
558
559
564
566
584
591
593
615
629
638
639
648
649
654
656
657
658
663
665
672
702
703
708
710
712
720
721
726
728
729
730
735
737
738
739
741
742
744
745
746
783
784
789
791
800
801
802
807
809
810
811
816
818
819
820
822
823
825
827
831
837
838
840
846
847
849
850
864
865
870
872
881
882
883
888
890
903
908
912
918
919
921
972
973
981
982
984
985
987
988
993
999
1000
1002
1053
1054
1062
1063
1065
1066
1080
1081
1089
1090
1092
1093
1095
1096
1107
1108
1116
1117
1119
1120
1176
1177
1203
1204
1215
1216
1221
1223
1224
1225
1227
1228
1230
1231
1232
1269
1270
1275
1277
1287
1288
1293
1295
1296
1297
1305
1306
1308
1309
1323
1324
1332
1333
1335
1336
1377
1378
1383
1385
1386
1387
1392
1394
1431
1432
1437
1439
1449
1450
1455
1457
4374
4375
4380
4382
4383
4384
4389
4391
4428
4429
4434
4436
4446
4447
4452
4454
4455
4456
4461
4463
4464
4465
4470
4472
4509
4510
4515
4517
4527
4528
4533
4535
4860
4861
4866
4868
4869
4870
4875
4877
4914
4915
4920
4922
4932
4933
4938
4940
5022
5023
5028
5030
5031
5032
5037
5039
5076
5077
5082
5084
5094
5095
5100
5102
5832
5833
5838
5840
5841
5842
5847
5849
5886
5887
5892
5894
5904
5905
5910
5912
5913
5914
5919
5921
5922
5923
5928
5930
5967
5968
5973
5975
5985
5986
5991
5993
6318
6319
6324
6326
6327
6328
6333
6335
6372
6373
6378
6380
6390
6391
6396
6398
6480
6481
6486
6488
6489
6490
6495
6497
6534
6535
6540
6542
6552
6553
6558
6560
6561
6562
6567
6569
6570
6571
6576
6578
6615
6616
6621
6623
6633
6634
6639
6641
6642
6643
6648
6650
6651
6652
6657
6659
6696
6697
6702
6704
6714
6715
6720
6722
7047
7048
7053
7055
7056
7057
7062
7064
7101
7102
7107
7109
7119
7120
7125
7127
7209
7210
7215
7217
7218
7219
7224
7226
7263
7264
7269
7271
7281
7282
7287
7289
7290
7291
7296
7298
7299
7300
7305
7307
7344
7345
7350
7352
7362
7363
7368
7370
7371
7372
7377
7379
7380
7381
7386
7388
7425
7426
7431
7433
7443
7444
7449
7451
7776
7777
7782
7784
7785
7786
7791
7793
7830
7831
7836
7838
7848
7849
7854
7856
7938
7939
7944
7946
7947
7948
7953
7955
7992
7993
7998
8000
8010
8011
8016
8018
