2
3
4
5
6
7
8
9
10
11
12
13
14
15
16
17
18
19
20
21
22
23
24
25
26
27
28
29
30
31
32
33
34
35
36
37
38
39
40
41
42
43
44
45
46
47
48
49
50
51
52
53
54
55
56
57
58
59
60
61
62
63
64
65
66
67
68
69
70
71
72
73
74
75
76
77
78
79
80
81
82
83
84
85
86
87
88
89
90
91
92
93
94
95
96
97
98
99
100
101
102
103
104
105
106
107
108
109
110
111
112
113
114
115
116
117
118
119
120
121
122
123
124
125
126
127
128
129
130
131
132
133
134
135
136
138
139
140
141
142
143
144
145
146
147
148
149
150
151
152
153
154
155
156
157
158
159
160
161
162
163
164
165
166
167
168
169
170
171
172
173
174
175
176
177
178
179
180
181
182
183
184
186
187
188
189
190
191
192
193
194
195
196
197
198
199
200
202
204
205
206
207
208
209
210
211
212
213
214
215
216
217
218
219
220
221
222
223
224
225
226
227
228
229
230
231
232
234
235
236
237
238
239
240
242
243
244
245
246
247
248
249
250
251
252
253
254
255
256
257
258
259
260
261
262
263
264
265
266
267
268
269
270
271
272
273
274
276
277
278
279
280
281
284
285
286
287
288
290
292
293
294
295
296
297
298
299
300
301
302
303
304
305
306
307
308
310
312
313
314
315
316
317
319
321
322
323
324
325
327
328
329
330
331
333
334
336
337
338
339
340
341
342
343
344
345
346
347
348
349
350
351
352
353
354
355
356
357
358
360
361
364
365
366
367
368
369
370
371
373
374
375
376
377
378
379
381
382
383
384
385
387
388
391
392
393
394
396
397
398
400
401
402
403
404
405
406
408
409
410
411
412
414
415
416
418
419
420
421
422
423
424
425
427
428
429
430
431
433
434
436
438
439
440
441
442
443
445
446
447
448
450
451
454
455
456
457
459
460
461
462
463
464
465
466
468
469
470
472
473
474
475
477
478
479
481
482
483
484
486
487
488
489
490
491
492
493
495
496
498
499
500
501
502
504
505
506
507
508
510
511
512
513
514
516
517
519
520
521
522
523
524
525
526
527
528
529
530
531
532
533
535
536
537
538
539
540
541
542
544
545
546
547
548
549
550
553
554
555
556
558
559
560
561
562
563
564
565
566
567
568
569
571
572
573
574
576
577
580
581
582
583
584
585
586
587
588
589
591
592
593
594
595
596
597
598
600
601
602
603
604
607
608
609
610
611
612
613
615
616
617
618
619
621
622
623
625
626
627
628
630
631
632
634
635
636
637
640
643
645
646
648
649
650
651
654
656
657
658
659
660
661
662
663
664
665
666
667
669
670
671
672
673
674
675
676
677
678
679
680
681
682
683
684
685
686
687
688
689
690
691
692
693
694
695
696
697
698
699
700
701
702
703
704
705
706
707
708
709
710
711
712
713
715
717
718
729
730
731
732
733
734
735
736
737
738
739
740
741
742
743
744
745
746
747
748
749
750
751
753
754
755
756
757
758
759
760
762
763
764
765
766
769
770
771
772
774
775
776
778
779
780
781
783
784
785
787
788
789
790
792
793
794
795
796
797
798
799
801
802
803
804
805
806
807
808
810
811
812
813
814
815
816
817
818
819
820
821
822
823
824
825
826
827
828
829
831
832
834
835
836
837
838
839
840
841
843
844
845
846
847
850
851
852
853
854
855
856
858
859
860
861
862
863
864
865
868
869
870
871
872
873
874
875
876
877
878
879
880
881
882
883
884
885
886
887
888
891
892
893
894
899
900
901
902
903
905
906
907
912
913
915
916
918
919
922
924
925
926
927
928
933
934
935
938
939
940
941
942
943
944
945
946
947
948
949
950
951
952
953
954
955
956
957
958
959
960
961
963
964
965
966
968
972
973
974
975
980
981
982
983
984
985
986
987
989
990
991
992
994
995
996
997
998
999
1000
1001
1002
1003
1005
1006
1007
1008
1009
1012
1014
1015
1016
1019
1022
1023
1024
1025
1026
1027
1028
1029
1030
1031
1033
1034
1035
1036
1037
1038
1040
1042
1043
1044
1045
1046
1047
1048
1049
1050
1051
1053
1054
1055
1057
1058
1059
1060
1062
1063
1066
1067
1068
1069
1070
1088
1089
1090
1093
1094
1095
1096
1097
1098
1099
1100
1101
1102
1103
1104
1105
1106
1107
1108
1109
1110
1111
1112
1113
1114
1115
1116
1117
1118
1119
1120
1121
1122
1123
1124
1125
1126
1127
1128
1129
1130
1131
1132
1134
1135
1136
1137
1138
1139
1140
1141
1142
1143
1144
1145
1146
1147
1148
1149
1150
1155
1156
1158
1159
1161
1162
1167
1168
1170
1171
1174
1175
1176
1177
1178
1179
1180
1182
1183
1184
1185
1186
1187
1188
1189
1192
1193
1194
1195
1196
1197
1198
1201
1202
1203
1204
1205
1206
1207
1210
1212
1215
1216
1219
1220
1221
1222
1224
1225
1228
1229
1230
1231
1232
1236
1237
1239
1240
1246
1248
1249
1250
1251
1252
1255
1256
1257
1258
1260
1261
1264
1265
1266
1267
1269
1270
1273
1274
1275
1276
1277
1278
1279
1282
1283
1284
1285
1286
1287
1288
1290
1291
1293
1294
1296
1297
1300
1301
1302
1303
1305
1306
1309
1310
1311
1312
1313
1314
1315
1317
1318
1320
1321
1322
1323
1324
1325
1326
1331
1332
1333
1336
1337
1338
1339
1340
1341
1342
1345
1346
1347
1348
1350
1351
1354
1355
1356
1357
1358
1359
1360
1361
1363
1364
1365
1366
1367
1368
1369
1372
1374
1375
1377
1378
1379
1380
1381
1385
1386
1387
1388
1389
1390
1391
1392
1393
1394
1395
1396
1399
1401
1402
1403
1404
1405
1406
1407
1408
1410
1411
1412
1413
1414
1417
1418
1419
1420
1421
1422
1423
1424
1427
1428
1429
1430
1431
1432
1433
1434
1435
1436
1439
1458
1459
1460
1461
1466
1467
1468
1469
1470
1472
1475
1476
1477
1484
1485
1486
1487
1488
1523
1524
1526
1530
1531
1532
1533
1535
1539
1540
1541
1542
1547
1548
1549
1550
1551
1553
1556
1557
1558
1565
1566
1567
1568
1569
1574
1580
1581
1582
1583
1584
1585
1587
1588
1590
1591
1593
1594
1599
1600
1602
1603
1635
1636
1641
1642
1644
1645
1647
1648
1651
1653
1654
1655
1656
1657
1662
1663
1664
1671
1672
1673
1674
1675
1678
1723
1725
1732
1734
1735
1736
1737
1738
1743
1744
1745
1752
1753
1754
1755
1756
1759
1762
1763
1764
1765
1771
1772
1773
1774
1777
1779
1782
1783
1786
1791
1792
1795
1797
1798
1799
1824
1825
1826
1833
1834
1835
1836
1837
1840
1843
1844
1845
1846
1852
1853
1854
1855
1858
1860
1898
1904
1905
1906
1907
1908
1909
1913
1914
1915
1916
1917
1918
1919
1920
1921
1922
1924
1925
1926
1927
1933
1934
1935
1936
1939
1941
1944
1945
1948
1953
1954
1957
1959
1960
1961
1962
1963
1966
1968
1970
1971
1972
1973
1974
1975
1977
1978
1979
1980
1981
1985
1988
1989
1990
1994
2000
2371
2373
2380
2382
2383
2384
2385
2386
2391
2392
2393
2400
2401
2402
2403
2404
2407
2452
2454
2461
2463
2464
2465
2466
2467
2472
2473
2474
2481
2482
2483
2484
2485
2488
2491
2492
2493
2494
2500
2916
2917
2920
2921
2922
2923
2925
2926
2929
2930
2931
2932
2952
2953
2956
2957
2958
2959
2961
2962
2965
2966
2967
2968
2970
2971
2974
2975
2976
2977
2979
2980
2983
2984
2985
2986
2997
2998
3001
3002
3003
3004
3006
3007
3010
3011
3012
3013
3033
3034
3037
3038
3039
3040
3042
3043
3046
3047
3048
3049
3051
3052
3055
3056
3057
3058
3060
3061
3064
3065
3066
3067
3240
3241
3244
3245
3246
3247
3249
3250
3253
3254
3255
3256
3276
3277
3280
3281
3282
3283
3285
3286
3289
3290
3291
3292
3294
3295
3298
3299
3300
3301
3303
3304
3307
3308
3309
3310
3321
3322
3325
3326
3327
3328
3330
3331
3334
3335
3336
3337
3357
3358
3361
3362
3363
3364
3366
3367
3370
3371
3372
3373
3375
3376
3379
3380
3381
3382
3384
3385
3388
3389
3390
3391
3402
3403
3406
3407
3408
3409
3411
3412
3415
3416
3417
3418
3438
3439
3442
3443
3444
3445
3447
3448
3451
3452
3453
3454
3456
3457
3460
3461
3462
3463
3465
3466
3469
3470
3471
3472
3483
3484
3487
3488
3489
3490
3492
3493
3496
3497
3498
3499
3519
3520
3523
3524
3525
3526
3528
3529
3532
3533
3534
3535
3537
3538
3541
3542
3543
3544
3546
3547
3550
3551
3552
3553
3645
3646
3649
3650
3651
3652
3654
3655
3658
3659
3660
3661
3681
3682
3685
3686
3687
3688
3690
3691
3694
3695
3696
3697
3699
3700
3703
3704
3705
3706
3708
3709
3712
3713
3714
3715
3726
3727
3730
3731
3732
3733
3735
3736
3739
3740
3741
3742
3762
3763
3766
3767
3768
3769
3771
3772
3775
3776
3777
3778
3780
3781
3784
3785
3786
3787
3789
3790
3793
3794
3795
3796
3969
3970
3973
3974
3975
3976
3978
3979
3982
3983
3984
3985
4005
4006
4009
4010
4011
4012
4014
4015
4018
4019
4020
4021
4023
4024
4027
4028
4029
4030
4032
4033
4036
4037
4038
4039
4050
4051
4054
4055
4056
4057
4059
4060
4063
4064
4065
4066
4086
4087
4090
4091
4092
4093
4095
4096
4099
4100
4101
4102
4104
4105
4108
4109
4110
4111
4113
4114
4117
4118
4119
4120
4131
4132
4135
4136
4137
4138
4140
4141
4144
4145
4146
4147
4167
4168
4171
4172
4173
4174
4176
4177
4180
4181
4182
4183
4185
4186
4189
4190
4191
4192
4194
4195
4198
4199
4200
4201
4212
4213
4216
4217
4218
4219
4221
4222
4225
4226
4227
4228
4248
4249
4252
4253
4254
4255
4257
4258
4261
4262
4263
4264
4266
4267
4270
4271
4272
4273
4275
4276
4279
4280
4281
4282
4374
4375
4378
4379
4380
4381
4383
4384
4387
4388
4389
4390
4410
4411
4414
4415
4416
4417
4419
4420
4423
4424
4425
4426
4428
4429
4432
4433
4434
4435
4437
4438
4441
4442
4443
4444
4455
4456
4459
4460
4461
4462
4464
4465
4468
4469
4470
4471
4491
4492
4495
4496
4497
4498
4500
4501
4504
4505
4506
4507
4509
4510
4513
4514
4515
4516
4518
4519
4522
4523
4524
4525
4698
4699
4702
4703
4704
4705
4707
4708
4711
4712
4713
4714
4734
4735
4738
4739
4740
4741
4743
4744
4747
4748
4749
4750
4752
4753
4756
4757
4758
4759
4761
4762
4765
4766
4767
4768
4779
4780
4783
4784
4785
4786
4788
4789
4792
4793
4794
4795
4815
4816
4819
4820
4821
4822
4824
4825
4828
4829
4830
4831
4833
4834
4837
4838
4839
4840
4842
4843
4846
4847
4848
4849
4860
4861
4864
4865
4866
4867
4869
4870
4873
4874
4875
4876
4896
4897
4900
4901
4902
4903
4905
4906
4909
4910
4911
4912
4914
4915
4918
4919
4920
4921
4923
4924
4927
4928
4929
4930
4941
4942
4945
4946
4947
4948
4950
4951
4954
4955
4956
4957
4977
4978
4981
4982
4983
4984
4986
4987
4990
4991
4992
4993
4995
4996
4999
5000
5001
5002
5004
5005
5008
5009
5010
5011
5103
5104
5107
5108
5109
5110
5112
5113
5116
5117
5118
5119
5139
5140
5143
5144
5145
5146
5148
5149
5152
5153
5154
5155
5157
5158
5161
5162
5163
5164
5166
5167
5170
5171
5172
5173
5184
5185
5188
5189
5190
5191
5193
5194
5197
5198
5199
5200
5220
5221
5224
5225
5226
5227
5229
5230
5233
5234
5235
5236
5238
5239
5242
5243
5244
5245
5247
5248
5251
5252
5253
5254
5427
5428
5431
5432
5433
5434
5436
5437
5440
5441
5442
5443
5463
5464
5467
5468
5469
5470
5472
5473
5476
5477
5478
5479
5481
5482
5485
5486
5487
5488
5490
5491
5494
5495
5496
5497
5508
5509
5512
5513
5514
5515
5517
5518
5521
5522
5523
5524
5544
5545
5548
5549
5550
5551
5553
5554
5557
5558
5559
5560
5562
5563
5566
5567
5568
5569
5571
5572
5575
5576
5577
5578
5589
5590
5593
5594
5595
5596
5598
5599
5602
5603
5604
5605
5625
5626
5629
5630
5631
5632
5634
5635
5638
5639
5640
5641
5643
5644
5647
5648
5649
5650
5652
5653
5656
5657
5658
5659
5670
5671
5674
5675
5676
5677
5679
5680
5683
5684
5685
5686
5706
5707
5710
5711
5712
5713
5715
5716
5719
5720
5721
5722
5724
5725
5728
5729
5730
5731
5733
5734
5737
5738
5739
5740
6561
6562
6565
6566
6567
6568
6570
6571
6574
6575
6576
6577
6597
6598
6601
6602
6603
6604
6606
6607
6610
6611
6612
6613
6615
6616
6619
6620
6621
6622
6624
6625
6628
6629
6630
6631
6642
6643
6646
6647
6648
6649
6651
6652
6655
6656
6657
6658
6678
6679
6682
6683
6684
6685
6687
6688
6691
6692
6693
6694
6696
6697
6700
6701
6702
6703
6705
6706
6709
6710
6711
6712
6885
6886
6889
6890
6891
6892
6894
6895
6898
6899
6900
6901
6921
6922
6925
6926
6927
6928
6930
6931
6934
6935
6936
6937
6939
6940
6943
6944
6945
6946
6948
6949
6952
6953
6954
6955
6966
6967
6970
6971
6972
6973
6975
6976
6979
6980
6981
6982
7002
7003
7006
7007
7008
7009
7011
7012
7015
7016
7017
7018
7020
7021
7024
7025
7026
7027
7029
7030
7033
7034
7035
7036
7047
7048
7051
7052
7053
7054
7056
7057
7060
7061
7062
7063
7083
7084
7087
7088
7089
7090
7092
7093
7096
7097
7098
7099
7101
7102
7105
7106
7107
7108
7110
7111
7114
7115
7116
7117
7128
7129
7132
7133
7134
7135
7137
7138
7141
7142
7143
7144
7164
7165
7168
7169
7170
7171
7173
7174
7177
7178
7179
7180
7182
7183
7186
7187
7188
7189
7191
7192
7195
7196
7197
7198
7290
7291
7294
7295
7296
7297
7299
7300
7303
7304
7305
7306
7326
7327
7330
7331
7332
7333
7335
7336
7339
7340
7341
7342
7344
7345
7348
7349
7350
7351
7353
7354
7357
7358
7359
7360
7371
7372
7375
7376
7377
7378
7380
7381
7384
7385
7386
7387
7407
7408
7411
7412
7413
7414
7416
7417
7420
7421
7422
7423
7425
7426
7429
7430
7431
7432
7434
7435
7438
7439
7440
7441
7614
7615
7618
7619
7620
7621
7623
7624
7627
7628
7629
7630
7650
7651
7654
7655
7656
7657
7659
7660
7663
7664
7665
7666
7668
7669
7672
7673
7674
7675
7677
7678
7681
7682
7683
7684
7695
7696
7699
7700
7701
7702
7704
7705
7708
7709
7710
7711
7731
7732
7735
7736
7737
7738
7740
7741
7744
7745
7746
7747
7749
7750
7753
7754
7755
7756
7758
7759
7762
7763
7764
7765
7776
7777
7780
7781
7782
7783
7785
7786
7789
7790
7791
7792
7812
7813
7816
7817
7818
7819
7821
7822
7825
7826
7827
7828
7830
7831
7834
7835
7836
7837
7839
7840
7843
7844
7845
7846
7857
7858
7861
7862
7863
7864
7866
7867
7870
7871
7872
7873
7893
7894
7897
7898
7899
7900
7902
7903
7906
7907
7908
7909
7911
7912
7915
7916
7917
7918
7920
7921
7924
7925
7926
7927
9477
9478
9481
9482
9483
9484
9486
9487
9490
9491
9492
9493
9513
9514
9517
9518
9519
9520
9522
9523
9526
9527
9528
9529
9531
9532
9535
9536
9537
9538
9540
9541
9544
9545
9546
9547
9558
9559
9562
9563
9564
9565
9567
9568
9571
9572
9573
9574
9594
9595
9598
9599
9600
9601
9603
9604
9607
9608
9609
9610
9612
9613
9616
9617
9618
9619
9621
9622
9625
9626
9627
9628
9801
9802
9805
9806
9807
9808
9810
9811
9814
9815
9816
9817
9837
9838
9841
9842
9843
9844
9846
9847
9850
9851
9852
9853
9855
9856
9859
9860
9861
9862
9864
9865
9868
9869
9870
9871
9882
9883
9886
9887
9888
9889
9891
9892
9895
9896
9897
9898
9918
9919
9922
9923
9924
9925
9927
9928
9931
9932
9933
9934
9936
9937
9940
9941
9942
9943
9945
9946
9949
9950
9951
9952
9963
9964
9967
9968
9969
9970
9972
9973
9976
9977
9978
9979
9999
10000
