2
5
7
8
9
10
11
13
14
16
17
18
19
20
37
41
45
46
47
50
56
62
63
68
72
73
74
76
77
80
81
82
83
86
88
89
90
91
92
97
98
99
100
101
106
109
117
121
124
126
130
140
144
145
146
149
152
153
154
155
160
161
162
163
164
167
171
172
173
180
181
182
329
333
365
369
370
374
385
388
389
394
401
405
406
410
414
415
423
446
450
451
455
476
485
496
538
571
577
584
592
593
596
604
605
611
612
613
626
648
649
656
657
658
664
665
666
668
671
673
674
677
693
694
695
720
721
728
729
730
731
734
737
738
739
740
742
745
746
747
748
749
758
770
774
775
776
779
781
792
800
801
802
803
809
810
811
812
815
817
818
819
820
821
826
828
829
830
873
874
881
882
883
889
890
891
892
893
898
899
900
901
902
909
910
911
954
1004
1025
1053
1054
1066
1072
1081
1108
1116
1117
1144
1145
1153
1154
1168
1177
1193
1202
1205
1232
1240
1241
1249
1258
1260
1261
1274
1296
1297
1304
1305
1306
1312
1314
1333
1341
1342
1368
1369
1377
1378
1385
1386
1387
1395
1440
1458
1459
1460
1467
1468
1469
1476
1477
1478
1539
1540
1541
1548
1549
1550
1557
1558
1559
1620
1621
1622
1629
1630
1631
1638
1639
1640
3281
3285
3286
3290
3321
3322
3326
3330
3331
3362
3366
3367
3371
3645
3646
3650
3654
3655
3686
3690
3691
3695
3726
3727
3731
3735
3736
3793
4010
4014
4015
4019
4050
4051
4055
4059
4060
4091
4095
4096
4100
4522
4603
4612
4613
5256
5257
5264
5328
5329
5337
5338
5345
5380
5389
5832
5833
5840
5841
5842
5848
5904
5905
5912
5913
5914
5921
5922
5923
5929
5976
5977
5985
5986
5993
6057
6058
6066
6067
6074
6109
6118
6416
6424
6425
6480
6481
6488
6489
6490
6496
6497
6505
6506
6552
6553
6560
6561
6562
6563
6566
6569
6570
6571
6572
6577
6579
6580
6581
6602
6606
6607
6611
6633
6634
6641
6642
6643
6644
6647
6650
6651
6652
6653
6658
6660
6661
6662
6705
6706
6723
6724
6725
6732
6733
6734
6741
6742
6743
6926
6930
6931
6935
6966
6967
6971
6975
6976
7007
7011
7012
7016
7145
7153
7154
7209
7210
7217
7218
7219
7225
7226
7234
7235
7281
7282
7289
7290
7291
7292
7295
7298
7299
7300
7301
7306
7308
7309
7310
7331
7335
7336
7340
7362
7363
7370
7371
7372
7373
7376
7379
7380
7381
7382
7387
7389
7390
7391
7434
7435
7452
7453
7454
7461
7462
7463
7470
7471
7472
7586
7729
7738
7793
7801
7802
7810
7819
7857
7858
7865
7866
7867
7873
8019
8020
8021
8028
8029
8030
8037
8038
8039
8100
8101
8102
8109
8110
8111
8118
8119
8120
8181
8182
8183
8190
8191
8192
8199
8200
8201
8315
9044
9125
9206
9215
9224
9225
9226
9227
9233
9287
9773
10512
10513
10564
10573
10593
10594
10628
10636
10637
11088
11089
11096
11160
11161
11169
11170
11177
11212
11221
11241
11242
11293
11302
11322
11323
11357
11365
11366
11664
11665
11672
11673
11674
11680
11736
11737
11744
11745
11746
11753
11754
11755
11761
11808
11809
13122
13123
13124
13131
13132
13133
13140
13141
13142
13203
13204
13205
13212
13213
13214
13221
13222
13223
13284
13285
13286
13293
13294
13295
13302
13303
13304
13851
13852
13853
13860
13861
13862
13869
13870
13871
13932
13933
13934
13941
13942
13943
13950
13951
13952
14013
14014
14015
14022
14023
14024
14031
14032
14033
14147
14580
14581
14582
14589
14590
14591
14598
14599
14600
14661
14662
14663
14670
14671
14672
14679
14680
14681
14742
14743
14744
14751
14752
14753
14760
14761
14762
