2
3
4
5
6
7
8
9
10
11
12
13
14
15
16
17
18
19
20
21
22
23
24
25
26
27
28
29
30
31
33
34
35
36
37
39
40
41
42
43
44
45
46
47
48
49
50
51
52
53
54
55
56
57
58
59
60
61
62
63
64
66
68
69
70
72
73
74
75
76
77
78
79
80
81
82
83
84
85
86
87
88
89
90
91
92
93
94
95
96
98
99
100
101
102
105
106
107
108
109
110
111
112
114
115
116
117
118
120
122
123
124
126
127
128
129
130
131
132
135
136
139
140
141
142
143
144
146
147
148
149
150
154
155
156
157
158
159
162
163
164
165
171
172
173
174
180
181
182
183
184
188
189
190
191
192
196
197
198
199
202
204
205
207
208
213
214
216
217
219
221
222
225
226
227
228
229
232
234
235
236
237
238
240
241
243
244
245
246
247
249
250
252
253
254
255
256
257
258
260
261
262
263
264
270
271
272
273
274
276
277
278
279
280
286
287
295
296
297
298
300
301
303
304
305
306
307
314
315
316
317
318
324
325
327
328
330
331
333
334
348
349
365
366
369
370
374
375
378
379
382
405
406
410
411
414
415
419
420
422
440
446
447
448
449
450
451
455
456
459
460
463
466
468
469
486
487
489
490
491
492
493
494
495
496
500
501
503
508
513
514
516
517
519
520
522
523
540
541
543
544
546
547
549
550
567
568
570
571
573
574
576
577
591
592
628
630
631
648
649
654
656
657
658
672
674
681
700
702
703
709
711
712
729
730
731
732
733
734
735
736
737
738
739
740
741
743
744
747
748
749
750
753
755
756
757
758
759
760
762
763
764
765
766
770
771
774
775
779
780
781
783
784
786
787
789
790
792
793
799
801
802
807
808
810
811
812
813
814
815
816
817
818
819
820
821
822
824
825
828
829
830
831
834
835
837
838
839
840
845
851
852
855
856
860
861
862
864
865
868
877
886
887
888
889
891
892
893
894
900
901
902
903
909
910
911
912
915
916
918
919
920
921
926
942
943
945
946
948
949
951
952
954
955
972
973
974
975
981
982
983
984
990
991
992
993
999
1000
1001
1002
1007
1016
1025
1034
1043
1044
1045
1046
1047
1094
1095
1098
1099
1103
1104
1107
1108
1111
1134
1135
1139
1140
1143
1144
1148
1149
1175
1176
1179
1180
1184
1185
1188
1189
1192
1215
1216
1220
1221
1224
1225
1229
1230
1237
1246
1251
1252
1282
1291
1292
1293
1318
1327
1332
1333
1363
1372
1373
1374
1399
1408
1413
1414
1418
1419
1422
1423
1427
1428
1431
1432
1435
1458
1459
1460
1461
1467
1468
1469
1470
1476
1477
1478
1479
1485
1486
1487
1488
1493
1539
1540
1541
1542
1548
1549
1550
1551
1557
1558
1559
1560
1566
1567
1568
1569
1574
1620
1621
1622
1623
1629
1630
1631
1632
1638
1639
1640
1641
1647
1648
1649
1650
1655
1701
1702
1703
1704
1710
1711
1712
1713
1719
1720
1721
1722
1728
1729
1730
1731
1736
1745
1754
1763
1772
1773
1774
1775
1776
2187
2188
2189
2190
2196
2197
2198
2199
2205
2206
2207
2208
2214
2215
2216
2217
2222
2268
2269
2270
2271
2277
2278
2279
2280
2286
2287
2288
2289
2295
2296
2297
2298
2303
2349
2350
2351
2352
2358
2359
2360
2361
2367
2368
2369
2370
2376
2377
2378
2379
2384
2430
2431
2432
2433
2439
2440
2441
2442
2448
2449
2450
2451
2457
2458
2459
2460
2465
2474
2483
2492
2501
2502
2503
2504
2505
2555
2564
2573
2582
2583
2584
2585
2586
2636
2645
2654
2663
2664
2665
2666
2667
2717
2726
2735
2744
2745
2746
2747
2748
2798
2807
2816
2825
2826
2827
2828
2829
2835
2836
2837
2838
2844
2845
2846
2847
2853
2854
2855
2856
2862
2863
2864
2865
2870
