2
3
4
5
6
7
8
9
10
11
12
13
14
15
16
17
18
19
20
21
22
23
24
25
26
27
28
29
30
31
32
33
34
35
36
37
38
39
40
41
42
43
44
45
46
47
48
49
50
51
52
53
54
55
56
57
58
59
60
61
62
63
64
66
67
68
69
70
71
72
73
74
75
76
77
78
79
80
81
82
83
84
85
86
87
88
89
90
91
92
93
94
95
96
97
98
99
100
101
102
103
104
105
106
107
108
109
110
111
112
114
115
116
117
118
119
120
121
122
123
124
125
126
127
128
129
130
131
132
133
134
135
136
138
139
140
141
142
143
144
145
146
147
148
149
150
151
152
153
154
155
156
157
158
159
160
162
163
164
165
166
167
168
171
172
173
174
176
177
178
179
180
181
182
183
184
186
187
188
189
190
191
192
193
195
196
197
198
199
200
201
202
203
204
205
207
208
209
210
211
212
213
214
216
217
219
221
222
224
225
226
227
228
229
230
231
232
233
234
235
236
237
238
240
241
242
243
244
245
246
247
248
249
250
252
253
254
255
256
257
258
259
260
261
262
263
264
265
266
267
268
269
270
271
272
273
274
275
276
277
278
279
280
281
285
286
287
289
290
292
294
295
296
297
298
300
301
302
303
304
305
306
307
311
313
314
315
316
317
318
321
323
324
325
327
328
329
330
331
332
333
334
336
340
343
348
349
351
352
354
355
360
362
365
366
369
370
374
375
378
379
382
384
387
388
389
390
391
392
394
396
397
398
400
401
402
403
405
406
410
411
412
414
415
417
418
419
420
421
422
423
424
429
430
432
433
434
435
438
440
441
442
444
446
447
448
449
450
451
452
455
456
457
458
459
460
461
462
463
465
466
468
469
470
473
476
477
478
480
484
485
486
487
489
490
491
492
493
494
495
496
498
500
501
502
503
504
505
506
508
509
510
511
513
514
516
517
519
520
522
523
524
528
529
531
532
537
538
540
541
543
544
546
547
548
549
550
555
556
557
558
561
562
565
566
567
568
570
571
573
574
576
577
579
584
586
590
591
592
594
595
599
604
606
607
609
610
611
612
613
614
615
616
618
621
622
625
628
629
630
631
633
634
636
637
640
643
645
646
648
649
654
655
656
657
658
659
660
661
663
664
665
666
667
669
670
671
672
673
674
675
676
678
680
681
682
684
685
687
688
690
691
692
693
694
695
696
698
699
700
701
702
703
704
705
706
707
708
709
710
711
712
715
716
717
718
720
721
726
727
729
730
731
732
733
734
735
736
737
738
739
740
741
742
743
744
745
747
748
749
750
751
752
753
754
755
756
757
758
759
760
762
763
764
765
766
768
769
770
771
772
774
775
776
777
779
780
781
782
783
784
785
786
787
789
790
791
792
793
796
797
798
799
800
801
802
803
804
807
808
809
810
811
812
813
814
815
816
817
818
819
820
821
822
823
824
825
827
828
829
830
831
834
835
837
838
839
840
843
845
846
847
851
852
855
856
857
859
860
861
862
864
865
868
874
875
876
877
878
881
882
883
884
885
886
887
888
889
891
892
893
894
899
900
901
902
903
908
909
910
911
912
915
916
917
918
919
920
921
924
926
939
942
943
945
946
948
949
951
952
954
955
962
963
964
972
973
974
975
976
981
982
983
984
985
987
988
990
991
992
993
994
996
997
998
999
1000
1001
1002
1007
1008
1011
1012
1015
1016
1022
1025
1026
1032
1034
1035
1036
1037
1042
1043
1044
1045
1046
1047
1050
1052
1053
1054
1058
1059
1062
1063
1068
1069
1070
1072
1077
1080
1081
1083
1091
1094
1095
1096
1098
1099
1101
1102
1103
1104
1107
1108
1111
1114
1116
1117
1118
1120
1122
1126
1127
1131
1133
1134
1135
1139
1140
1141
1143
1144
1148
1149
1150
1152
1155
1156
1158
1161
1162
1164
1168
1169
1170
1172
1175
1176
1177
1179
1180
1184
1185
1186
1187
1188
1189
1192
1193
1194
1202
1203
1207
1212
1214
1215
1216
1219
1220
1221
1222
1223
1224
1225
1227
1228
1229
1230
1231
1232
1234
1236
1237
1240
1246
1249
1250
1251
1252
1253
1260
1261
1262
1263
1267
1269
1274
1275
1276
1278
1279
1282
1283
1284
1285
1286
1287
1288
1290
1291
1292
1293
1295
1296
1297
1302
1309
1314
1315
1318
1323
1327
1328
1329
1330
1332
1333
1334
1336
1340
1341
1342
1343
1344
1349
1350
1352
1353
1354
1358
1363
1372
1373
1374
1386
1387
1388
1392
1395
1396
1399
1400
1401
1404
1408
1409
1413
1414
1417
1418
1419
1422
1423
1426
1427
1428
1431
1432
1435
1450
1458
1459
1460
1461
1467
1468
1469
1470
1476
1477
1478
1479
1485
1486
1487
1488
1493
1531
1532
1533
1539
1540
1541
1542
1548
1549
1550
1551
1557
1558
1559
1560
1566
1567
1568
1569
1574
1582
1587
1590
1592
1595
1596
1599
1600
1620
1621
1622
1623
1629
1630
1631
1632
1638
1639
1640
1641
1642
1646
1647
1648
1649
1650
1654
1655
1656
1662
1663
1692
1693
1698
1700
1701
1702
1703
1704
1707
1708
1710
1711
1712
1713
1716
1717
1719
1720
1721
1722
1723
1728
1729
1730
1731
1736
1745
1752
1754
1762
1763
1764
1765
1770
1771
1772
1773
1774
1775
1776
1777
1779
1781
1782
1783
1788
1791
1792
1797
1799
1801
1805
1806
1814
1818
1824
1825
1830
1831
1836
1837
1843
1845
1846
1849
1851
1860
1862
1863
1864
1869
1872
1873
1876
1878
1879
1880
1897
1898
1906
1907
1915
1917
1922
1923
1924
1926
1927
1930
1931
1932
1938
1939
1944
1945
1948
1950
1952
1953
1954
1959
1961
1963
1969
1971
1977
1978
1979
1984
1988
1989
1990
1997
1998
1999
2000
2003
2004
2012
2013
2017
2025
2026
2029
2033
2034
2035
2038
2039
2042
2043
2044
2048
2049
2050
2052
2058
2059
2061
2069
2073
2086
2088
2089
2098
2106
2107
2110
2112
2114
2115
2116
2117
2119
2121
2122
2124
2125
2127
2128
2130
2132
2133
2134
2139
2140
2142
2148
2149
2155
2157
2158
2160
2161
2164
2167
2169
2170
2179
2187
2188
2189
2190
2191
2193
2194
2196
2197
2198
2199
2205
2206
2207
2208
2214
2215
2216
2217
2218
2220
2221
2222
2223
2224
2235
2236
2238
2240
2241
2242
2243
2244
2245
2246
2247
2248
2249
2250
2251
2252
2253
2268
2269
2270
2271
2272
2274
2275
2277
2278
2279
2280
2286
2287
2288
2289
2292
2293
2294
2295
2296
2297
2298
2301
2303
2304
2313
2314
2316
2320
2321
2322
2323
2324
2325
2327
2328
2336
2337
2338
2340
2341
2346
2347
2349
2350
2351
2352
2358
2359
2360
2361
2364
2366
2367
2368
2369
2370
2373
2375
2376
2377
2378
2379
2382
2384
2397
2430
2431
2432
2433
2434
2436
2437
2439
2440
2441
2442
2448
2449
2450
2451
2457
2458
2459
2460
2461
2463
2464
2465
2466
2467
2474
2483
2484
2485
2487
2488
2490
2491
2492
2493
2494
2500
2501
2502
2503
2504
2505
2508
2509
2511
2512
2514
2515
2517
2518
2520
2521
2526
2528
2535
2536
2546
2554
2555
2564
2568
2572
2573
2574
2575
2576
2577
2581
2582
2583
2584
2585
2586
2589
2590
2607
2609
2627
2635
2636
2645
2653
2654
2655
2656
2663
2664
2665
2666
2667
2673
2674
2676
2677
2679
2680
2681
2682
2683
2688
2690
2700
2701
2703
2704
2706
2707
2709
2710
2717
2726
2727
2728
2730
2731
2733
2734
2735
2736
2737
2744
2745
2746
2747
2748
2754
2755
2757
2758
2760
2761
2763
2764
2778
2779
2798
2807
2816
2825
2826
2827
2828
2829
2835
2836
2837
2838
2844
2845
2846
2847
2853
2854
2855
2856
2862
2863
2864
2865
2870
2916
2917
2919
2920
2922
2923
2925
2926
2943
2944
2946
2947
2949
2950
2952
2953
2970
2971
2973
2974
2976
2977
2979
2980
2997
2998
3000
3001
3003
3004
3006
3007
3021
3022
3048
3049
3075
3076
3102
3103
3129
3130
3132
3133
3135
3136
3138
3139
3141
3142
3281
3282
3285
3286
3290
3291
3294
3295
3298
3321
3322
3326
3327
3330
3331
3335
3336
3362
3363
3366
3367
3371
3372
3375
3376
3379
3402
3403
3407
3408
3411
3412
3416
3417
3424
3433
3438
3439
3645
3646
3650
3651
3654
3655
3659
3660
3686
3687
3690
3691
3695
3696
3699
3700
3703
3726
3727
3731
3732
3735
3736
3740
3741
3750
3752
3759
3767
3768
3771
3772
3776
3777
3778
3780
3781
3784
3793
3796
3798
3799
3802
3803
3804
3805
3822
3824
3831
3833
3840
3958
3960
3961
3966
3967
3984
3986
4004
4010
4011
4012
4013
4014
4015
4019
4020
4023
4024
4027
4030
4032
4033
4039
4041
4042
4047
4048
4050
4051
4055
4056
4059
4060
4064
4065
4091
4092
4095
4096
4100
4101
4104
4105
4108
4131
4132
4136
4137
4140
4141
4145
4146
4153
4162
4166
4167
4168
4174
4175
4192
4194
4195
4212
4213
4218
4220
4221
4222
4236
4238
4245
4247
4255
4256
4374
4375
4377
4378
4379
4380
4381
4382
4383
4384
4388
4389
4398
4400
4401
4402
4404
4405
4407
4408
4410
4411
4415
4416
4419
4420
4424
4425
4426
4428
4429
4431
4432
4434
4435
4437
4438
4444
4446
4447
4452
4453
4455
4456
4458
4459
4460
4461
4462
4463
4464
4465
4469
4470
4479
4480
4481
4488
4496
4497
4500
4501
4505
4506
4507
4509
4510
4513
4522
4525
4527
4528
4531
4532
4533
4534
4551
4553
4558
4560
4562
4567
4569
4572
4573
4603
4612
4613
4614
4617
4618
4620
4621
4623
4624
4626
4627
4639
4644
4645
4647
4648
4650
4651
4653
4654
4671
4672
4674
4675
4677
4678
4680
4681
4684
4693
4694
4695
4698
4699
4701
4702
4703
4704
4705
4707
4708
4712
4713
4722
4723
4860
4861
4863
4864
4866
4867
4869
4870
4887
4888
4890
4891
4893
4894
4896
4897
4914
4915
4917
4918
4920
4921
4923
4924
4941
4942
4944
4945
4947
4948
4950
4951
4965
4966
5103
5104
5106
5107
5109
5110
5112
5113
5130
5131
5133
5134
5136
5137
5139
5140
5157
5158
5160
5161
5163
5164
5166
5167
5184
5185
5187
5188
5190
5191
5193
5194
5208
5209
5235
5236
5262
5263
5289
5290
5316
5317
5319
5320
5322
5323
5325
5326
5328
5329
5624
5632
5633
5650
5652
5653
5670
5671
5676
5678
5679
5680
5694
5696
5703
5705
5713
5714
5832
5833
5838
5840
5841
5842
5856
5858
5865
5884
5886
5887
5902
5904
5905
5910
5911
5913
5914
5919
5921
5922
5923
6046
6048
6049
6064
6066
6067
6072
6073
6090
6092
6110
6118
6119
6127
6129
6130
6252
6254
6272
6280
6281
6298
6300
6301
6318
6319
6324
6326
6327
6328
6333
6335
6353
6361
6362
6379
6381
6382
6399
6400
6405
6407
6408
6409
6423
6425
6432
6434
6442
6443
6561
6562
6563
6564
6565
6566
6567
6568
6569
6570
6571
6572
6573
6575
6576
6579
6580
6581
6582
6585
6587
6588
6589
6590
6591
6592
6594
6595
6596
6597
6598
6602
6603
6606
6607
6611
6612
6613
6615
6616
6618
6619
6621
6622
6624
6625
6631
6633
6634
6639
6640
6642
6643
6644
6645
6646
6647
6648
6649
6650
6651
6652
6653
6654
6656
6657
6660
6661
6662
6663
6666
6667
6669
6670
6671
6672
6677
6683
6684
6687
6688
6692
6693
6696
6697
6700
6709
6718
6719
6720
6723
6724
6725
6726
6732
6733
6734
6735
6741
6742
6743
6744
6750
6751
6752
6753
6758
6775
6777
6778
6793
6795
6796
6801
6802
6804
6805
6806
6807
6808
6810
6811
6813
6814
6815
6816
6819
6821
6822
6823
6824
6825
6831
6832
6833
6834
6835
6837
6838
6839
6840
6841
6847
6848
6856
6857
6858
6859
6861
6862
6864
6865
6866
6867
6868
6875
6876
6877
6878
6879
6885
6886
6888
6889
6891
6892
6894
6895
6909
6910
6926
6927
6930
6931
6935
6936
6939
6940
6943
6966
6967
6971
6972
6975
6976
6980
6981
6983
7001
7007
7008
7009
7010
7011
7012
7016
7017
7020
7021
7024
7027
7029
7030
7047
7048
7050
7051
7052
7053
7054
7055
7056
7057
7061
7062
7064
7069
7074
7075
7077
7078
7080
7081
7083
7084
7101
7102
7104
7105
7107
7108
7110
7111
7128
7129
7131
7132
7134
7135
7137
7138
7152
7153
7189
7191
7192
7209
7210
7215
7217
7218
7219
7233
7235
7242
7261
7263
7264
7270
7272
7273
7290
7291
7292
7293
7294
7295
7296
7297
7298
7299
7300
7301
7302
7304
7305
7308
7309
7310
7311
7314
7316
7317
7318
7319
7320
7321
7323
7324
7325
7326
7327
7331
7332
7335
7336
7340
7341
7342
7344
7345
7347
7348
7350
7351
7353
7354
7360
7362
7363
7368
7369
7371
7372
7373
7374
7375
7376
7377
7378
7379
7380
7381
7382
7383
7385
7386
7389
7390
7391
7392
7395
7396
7398
7399
7400
7401
7406
7412
7413
7416
7417
7421
7422
7423
7425
7426
7429
7438
7447
7448
7449
7450
7452
7453
7454
7455
7461
7462
7463
7464
7470
7471
7472
7473
7476
7477
7479
7480
7481
7482
7487
7503
7504
7506
7507
7509
7510
7512
7513
7515
7516
7533
7534
7535
7536
7542
7543
7544
7545
7551
7552
7553
7554
7560
7561
7562
7563
7568
7577
7586
7595
7604
7605
7606
7607
7608
7655
7656
7659
7660
7664
7665
7666
7668
7669
7672
7692
7693
7695
7696
7700
7701
7704
7705
7709
7710
7719
7720
7736
7737
7740
7741
7745
7746
7747
7749
7750
7752
7753
7755
7756
7758
7759
7776
7777
7781
7782
7785
7786
7790
7791
7798
7807
7812
7813
7843
7852
7853
7854
7879
7888
7893
7894
7908
7909
7924
7933
7934
7935
7936
7960
7962
7963
7969
7974
7975
7979
7980
7983
7984
7988
7989
7990
7992
7993
7995
7996
7998
7999
8001
8002
8019
8020
8021
8022
8028
8029
8030
8031
8037
8038
8039
8040
8046
8047
8048
8049
8054
8100
8101
8102
8103
8109
8110
8111
8112
8118
8119
8120
8121
8127
8128
8129
8130
8135
8151
8152
8178
8179
8181
8182
8183
8184
8190
8191
8192
8193
8199
8200
8201
8202
8205
8206
8208
8209
8210
8211
8216
8232
8233
8235
8236
8238
8239
8241
8242
8244
8245
8262
8263
8264
8265
8271
8272
8273
8274
8280
8281
8282
8283
8289
8290
8291
8292
8297
8306
8315
8324
8333
8334
8335
8336
8337
8394
8395
8421
8422
8448
8449
8475
8476
8478
8479
8481
8482
8484
8485
8487
8488
8505
8506
8508
8509
8511
8512
8514
8515
8532
8533
8535
8536
8538
8539
8541
8542
8559
8560
8562
8563
8565
8566
8568
8569
8586
8587
8589
8590
8592
8593
8595
8596
8610
8611
8748
8749
8750
8751
8757
8758
8759
8760
8766
8767
8768
8769
8775
8776
8777
8778
8783
8829
8830
8831
8832
8838
8839
8840
8841
8847
8848
8849
8850
8856
8857
8858
8859
8864
8910
8911
8912
8913
8919
8920
8921
8922
8928
8929
8930
8931
8937
8938
8939
8940
8945
8991
8992
8993
8994
9000
9001
9002
9003
9009
9010
9011
9012
9018
9019
9020
9021
9026
9035
9044
9053
9062
9063
9064
9065
9066
9116
9125
9134
9143
9144
9145
9146
9147
9197
9206
9215
9224
9225
9226
9227
9228
9278
9287
9296
9305
9306
9307
9308
9309
9359
9368
9377
9386
9387
9388
9389
9390
9396
9397
9398
9399
9405
9406
9407
9408
9414
9415
9416
9417
9423
9424
9425
9426
9431
9842
9843
9846
9847
9851
9852
9855
9856
9859
9882
9883
9887
9888
9891
9892
9896
9897
9923
9924
9927
9928
9932
9933
9936
9937
9940
9963
9964
9968
9969
9972
9973
9977
9978
9985
9994
9999
10000
10206
10207
10211
10212
10215
10216
10220
10221
10247
10248
10251
10252
10256
10257
10260
10261
10264
10287
10288
10292
10293
10296
10297
10301
10302
10328
10329
10332
10333
10337
10338
10341
10342
10345
10354
10363
10364
10365
10571
10572
10575
10576
10580
10581
10584
10585
10588
10611
10612
10616
10617
10620
10621
10625
10626
10652
10653
10656
10657
10661
10662
10665
10666
10669
10692
10693
10697
10698
10701
10702
10706
10707
10714
10723
10728
10729
10935
10936
10940
10941
10944
10945
10949
10950
10976
10977
10980
10981
10985
10986
10989
10990
10993
11016
11017
11021
11022
11025
11026
11030
11031
11057
11058
11061
11062
11066
11067
11070
11071
11074
11083
11092
11093
11094
11119
11128
11133
11134
11164
11173
11174
11175
11200
11209
11214
11215
11245
11254
11255
11256
11259
11260
11264
11265
11268
11269
11273
11274
11488
11497
11498
11499
11524
11533
11538
11539
11569
11578
11579
11580
11605
11614
11619
11620
11624
11625
11628
11629
11633
11634
11637
11638
11641
11848
11857
11862
11863
11893
11902
11903
11904
11929
11938
11943
11944
11974
11983
11984
11985
11988
11989
11993
11994
11997
11998
12002
12003
12217
12226
12227
12228
12253
12262
12267
12268
12298
12307
12308
12309
12334
12343
12348
12349
12353
12354
12357
12358
12362
12363
12366
12367
12370
12577
12586
12591
12592
12622
12631
12632
12633
12658
12667
12672
12673
12703
12712
12713
12714
12717
12718
12722
12723
12726
12727
12731
12732
12758
12759
12762
12763
12767
12768
12771
12772
12775
12798
12799
12803
12804
12807
12808
12812
12813
12839
12840
12843
12844
12848
12849
12852
12853
12856
12879
12880
12884
12885
12888
12889
12893
12894
12901
12910
12915
12916
13122
13123
13124
13125
13131
13132
13133
13134
13140
13141
13142
13143
13149
13150
13151
13152
13157
13203
13204
13205
13206
13212
13213
13214
13215
13221
13222
13223
13224
13230
13231
13232
13233
13238
13284
13285
13286
13287
13293
13294
13295
13296
13302
13303
13304
13305
13311
13312
13313
13314
13319
13365
13366
13367
13368
13374
13375
13376
13377
13383
13384
13385
13386
13392
13393
13394
13395
13400
13409
13418
13427
13436
13437
13438
13439
13440
13851
13852
13853
13854
13860
13861
13862
13863
13869
13870
13871
13872
13878
13879
13880
13881
13886
13932
13933
13934
13935
13941
13942
13943
13944
13950
13951
13952
13953
13959
13960
13961
13962
13967
14013
14014
14015
14016
14022
14023
14024
14025
14031
14032
14033
14034
14040
14041
14042
14043
14048
14094
14095
14096
14097
14103
14104
14105
14106
14112
14113
14114
14115
14121
14122
14123
14124
14129
14138
14147
14156
14165
14166
14167
14168
14169
14580
14581
14582
14583
14589
14590
14591
14592
14598
14599
14600
14601
14607
14608
14609
14610
14615
14661
14662
14663
14664
14670
14671
14672
14673
14679
14680
14681
14682
14688
14689
14690
14691
14696
14742
14743
14744
14745
14751
14752
14753
14754
14760
14761
14762
14763
14769
14770
14771
14772
14777
14823
14824
14825
14826
14832
14833
14834
14835
14841
14842
14843
14844
14850
14851
14852
14853
14858
14867
14876
14885
14894
14895
14896
14897
14898
15309
15310
15311
15312
15318
15319
15320
15321
15327
15328
15329
15330
15336
15337
15338
15339
15344
15390
15391
15392
15393
15399
15400
15401
15402
15408
15409
15410
15411
15417
15418
15419
15420
15425
15471
15472
15473
15474
15480
15481
15482
15483
15489
15490
15491
15492
15498
15499
15500
15501
15506
15552
15553
15554
15555
15561
15562
15563
15564
15570
15571
15572
15573
15579
15580
15581
15582
15587
15596
15605
15614
15623
15624
15625
15626
15627
15677
15686
15695
15704
15705
15706
15707
15708
15758
15767
15776
15785
15786
15787
15788
15789
15839
15848
15857
15866
15867
15868
15869
15870
15920
15929
15938
15947
15948
15949
15950
15951
15957
15958
15959
15960
15966
15967
15968
15969
15975
15976
15977
15978
15984
15985
15986
15987
15992
19683
19684
19685
19686
19692
19693
19694
19695
19701
19702
19703
19704
19710
19711
19712
19713
19718
19764
19765
19766
19767
19773
19774
19775
19776
19782
19783
19784
19785
19791
19792
19793
19794
19799
19845
19846
19847
19848
19854
19855
19856
19857
19863
19864
19865
19866
19872
19873
19874
19875
19880
19926
19927
19928
19929
19935
19936
19937
19938
19944
19945
19946
19947
19953
19954
19955
19956
19961
19970
19979
19988
19997
19998
19999
20000
20001
20412
20413
20414
20415
20421
20422
20423
20424
20430
20431
20432
20433
20439
20440
20441
20442
20447
20493
20494
20495
20496
20502
20503
20504
20505
20511
20512
20513
20514
20520
20521
20522
20523
20528
20574
20575
20576
20577
20583
20584
20585
20586
20592
20593
20594
20595
20601
20602
20603
20604
20609
20655
20656
20657
20658
20664
20665
20666
20667
20673
20674
20675
20676
20682
20683
20684
20685
20690
20699
20708
20717
20726
20727
20728
20729
20730
21141
21142
21143
21144
21150
21151
21152
21153
21159
21160
21161
21162
21168
21169
21170
21171
21176
21222
21223
21224
21225
21231
21232
21233
21234
21240
21241
21242
21243
21249
21250
21251
21252
21257
21303
21304
21305
21306
21312
21313
21314
21315
21321
21322
21323
21324
21330
21331
21332
21333
21338
21384
21385
21386
21387
21393
21394
21395
21396
21402
21403
21404
21405
21411
21412
21413
21414
21419
21428
21437
21446
21455
21456
21457
21458
21459
21870
21871
21872
21873
21879
21880
21881
21882
21888
21889
21890
21891
21897
21898
21899
21900
21905
21951
21952
21953
21954
21960
21961
21962
21963
21969
21970
21971
21972
21978
21979
21980
21981
21986
22032
22033
22034
22035
22041
22042
22043
22044
22050
22051
22052
22053
22059
22060
22061
22062
22067
22113
22114
22115
22116
22122
22123
22124
22125
22131
22132
22133
22134
22140
22141
22142
22143
22148
22157
22166
22175
22184
22185
22186
22187
22188
22238
22247
22256
22265
22266
22267
22268
22269
22319
22328
22337
22346
22347
22348
22349
22350
22400
22409
22418
22427
22428
22429
22430
22431
22481
22490
22499
22508
22509
22510
22511
22512
22518
22519
22520
22521
22527
22528
22529
22530
22536
22537
22538
22539
22545
22546
22547
22548
22553
22967
22976
22985
22994
22995
22996
22997
22998
23048
23057
23066
23075
23076
23077
23078
23079
23129
23138
23147
23156
23157
23158
23159
23160
23210
23219
23228
23237
23238
23239
23240
23241
23247
23248
23249
23250
23256
23257
23258
23259
23265
23266
23267
23268
23274
23275
23276
23277
23282
23696
23705
23714
23723
23724
23725
23726
23727
23777
23786
23795
23804
23805
23806
23807
23808
23858
23867
23876
23885
23886
23887
23888
23889
23939
23948
23957
23966
23967
23968
23969
23970
23976
23977
23978
23979
23985
23986
23987
23988
23994
23995
23996
23997
24003
24004
24005
24006
24011
24425
24434
24443
24452
24453
24454
24455
24456
24506
24515
24524
24533
24534
24535
24536
24537
24587
24596
24605
24614
24615
24616
24617
24618
24668
24677
24686
24695
24696
24697
24698
24699
24705
24706
24707
24708
24714
24715
24716
24717
24723
24724
24725
24726
24732
24733
24734
24735
24740
25154
25163
25172
25181
25182
25183
25184
25185
25235
25244
25253
25262
25263
25264
25265
25266
25316
25325
25334
25343
25344
25345
25346
25347
25397
25406
25415
25424
25425
25426
25427
25428
25434
25435
25436
25437
25443
25444
25445
25446
25452
25453
25454
25455
25461
25462
25463
25464
25469
25515
25516
25517
25518
25524
25525
25526
25527
25533
25534
25535
25536
25542
25543
25544
25545
25550
25596
25597
25598
25599
25605
25606
25607
25608
25614
25615
25616
25617
25623
25624
25625
25626
25631
25677
25678
25679
25680
25686
25687
25688
25689
25695
25696
25697
25698
25704
25705
25706
25707
25712
25758
25759
25760
25761
25767
25768
25769
25770
25776
25777
25778
25779
25785
25786
25787
25788
25793
25802
25811
25820
25829
25830
25831
25832
25833
