2
3
4
5
6
7
9
10
11
12
13
14
15
16
18
19
20
21
22
23
24
25
27
28
29
30
31
32
33
34
36
37
38
39
40
41
42
43
45
46
47
48
50
51
54
55
56
57
58
59
60
61
63
64
66
67
68
70
81
82
83
84
85
86
87
88
90
91
92
93
94
95
96
99
100
101
102
103
108
109
110
111
112
114
115
117
118
119
120
121
122
123
126
127
128
131
132
135
136
137
140
141
162
163
164
165
166
167
168
171
172
173
174
175
176
177
180
181
182
183
184
189
190
191
192
193
198
199
200
201
202
243
244
245
246
247
252
253
254
255
256
261
262
263
264
265
270
271
272
273
274
279
280
281
282
283
324
325
326
327
328
333
334
335
336
337
342
343
344
345
346
351
352
353
354
355
360
361
362
363
364
