4
6
7
9
10
13
15
16
19
22
24
25
28
31
33
34
36
37
40
42
46
49
51
52
54
55
58
60
61
63
64
73
76
78
79
81
82
85
87
88
90
91
94
96
100
105
106
109
112
115
117
118
121
123
124
127
132
135
136
139
141
142
144
145
159
160
168
169
172
175
177
178
181
186
195
196
198
204
205
213
216
217
220
225
226
229
231
235
240
250
252
262
265
267
277
292
294
297
298
301
304
306
307
313
316
324
325
328
330
333
334
337
339
343
346
360
361
364
366
375
378
379
382
384
438
441
447
451
459
460
463
474
486
487
490
492
493
495
496
499
501
502
505
508
510
511
514
519
522
523
526
528
540
541
544
546
547
549
550
564
565
567
568
573
574
576
577
586
601
640
654
657
670
690
694
706
729
730
733
735
736
738
739
742
744
745
753
754
757
762
763
765
766
769
771
778
783
784
787
789
790
792
793
810
811
814
816
817
819
820
823
825
846
847
850
852
853
861
864
865
868
870
949
960
981
1000
1053
1054
1057
1059
1062
1063
1066
1068
1089
1090
1093
1095
1096
1104
1107
1108
1111
1113
1114
1116
1117
1123
1149
1150
1176
1177
1185
1188
1189
1215
1216
1219
1221
1222
1224
1225
1228
1230
1231
1251
1252
1255
1257
1269
1270
1273
1275
1276
1278
1279
1296
1297
1302
1303
1305
1306
1581
1582
1593
1594
1599
1600
1602
1603
1635
1636
1644
1654
1662
1663
1671
1674
1675
1725
1735
1762
1764
1765
1771
1824
1825
1833
1836
1837
1843
1845
1846
1852
1905
1906
1914
1917
1918
1944
1945
1953
1954
1959
2373
2383
2391
2392
2400
2403
2404
2454
2464
2491
2493
2494
2500
2916
2917
2920
2922
2925
2926
2929
2931
2952
2953
2956
2958
2970
2971
2974
2976
2997
2998
3001
3003
3006
3007
3010
3012
3033
3034
3037
3039
3051
3052
3055
3057
3240
3241
3244
3246
3249
3250
3253
3255
3276
3277
3280
3282
3294
3295
3298
3300
3402
3403
3406
3408
3411
3412
3415
3417
3438
3439
3442
3444
3456
3457
3460
3462
4374
4375
4378
4380
4383
4384
4387
4389
4410
4411
4414
4416
4428
4429
4432
4434
4455
4456
4459
4461
4464
4465
4468
4470
4491
4492
4495
4497
4509
4510
4513
4515
4698
4699
4702
4704
4707
4708
4711
4713
4734
4735
4738
4740
4752
4753
4756
4758
4860
4861
4864
4866
4869
4870
4873
4875
4896
4897
4900
4902
4914
4915
4918
4920
6561
6562
6565
6567
6570
6571
6574
6576
6597
6598
6601
6603
6615
6616
6619
6621
6642
6643
6646
6648
6651
6652
6655
6657
6678
6679
6682
6684
6696
6697
6700
6702
6885
6886
6889
6891
6894
6895
6898
6900
6921
6922
6925
6927
6939
6940
6943
6945
7047
7048
7051
7053
7056
7057
7060
7062
7083
7084
7087
7089
7101
7102
7105
7107
7290
7291
7294
7296
7299
7300
7303
7305
7326
7327
7330
7332
7344
7345
7348
7350
7371
7372
7375
7377
7380
7381
7384
7386
7407
7408
7411
7413
7425
7426
7429
7431
7614
7615
7618
7620
7623
7624
7627
7629
7650
7651
7654
7656
7668
7669
7672
7674
7776
7777
7780
7782
7785
7786
7789
7791
7812
7813
7816
7818
7830
7831
7834
7836
9477
9478
9481
9483
9486
9487
9490
9492
9513
9514
9517
9519
9531
9532
9535
9537
9558
9559
9562
9564
9567
9568
9571
9573
9594
9595
9598
9600
9612
9613
9616
9618
9801
9802
9805
9807
9810
9811
9814
9816
9837
9838
9841
9843
9855
9856
9859
9861
9963
9964
9967
9969
9972
9973
9976
9978
9999
10000
