2
3
4
5
6
7
8
9
10
11
12
13
14
15
16
17
18
19
20
21
22
23
24
25
26
27
28
29
30
31
32
33
34
35
36
37
38
39
40
41
42
43
44
45
46
47
48
49
50
51
52
53
54
55
56
57
58
59
60
61
62
63
64
65
66
67
68
69
70
71
72
73
74
75
76
77
78
79
80
81
82
83
84
85
86
87
88
89
90
91
92
93
94
95
96
97
98
99
100
101
102
103
104
105
106
107
108
109
110
111
112
113
114
115
116
117
118
119
120
121
122
123
124
126
127
128
129
130
131
132
133
134
135
136
137
138
139
140
141
142
143
144
145
146
147
148
149
150
151
152
153
154
155
156
157
158
159
160
161
162
163
164
165
166
167
168
169
170
171
172
173
174
175
176
177
178
179
180
181
182
183
184
185
186
187
188
189
190
191
192
193
194
195
197
198
199
200
201
202
203
204
205
206
207
208
209
210
211
212
213
214
215
216
217
218
219
220
221
222
223
224
225
226
227
228
229
230
231
232
234
235
236
237
238
239
240
243
244
245
246
247
248
249
250
252
253
254
255
256
257
258
259
260
261
262
263
264
265
266
267
268
269
270
271
272
273
274
275
276
277
279
280
281
282
283
284
285
286
287
288
289
290
291
292
293
294
295
296
297
298
299
300
301
302
303
304
305
306
307
308
309
310
311
312
313
315
316
317
319
321
322
323
324
325
326
327
328
329
330
331
333
334
335
336
337
338
339
340
341
342
343
344
345
346
347
348
349
350
351
352
353
354
355
356
357
360
361
365
366
367
368
369
370
371
372
373
374
375
376
377
378
379
380
381
382
383
384
385
386
387
388
389
390
391
392
393
394
395
396
397
398
399
400
401
402
403
404
405
406
407
408
409
410
411
412
413
414
415
416
417
418
419
420
421
422
423
424
425
426
427
428
429
430
431
432
433
434
435
436
437
438
439
440
441
442
443
444
445
446
447
448
449
450
451
452
453
454
455
456
457
458
459
460
461
462
463
464
465
466
467
468
469
470
471
472
473
474
475
476
477
478
479
481
483
484
486
487
488
489
490
491
492
493
495
496
497
498
500
501
502
503
504
506
507
510
511
513
514
515
516
517
518
519
520
522
523
524
525
526
527
528
531
532
533
534
536
537
538
540
541
542
543
545
546
547
548
549
550
551
552
554
555
556
558
559
560
561
562
563
564
565
567
568
570
571
572
573
574
576
577
578
579
580
581
582
583
584
585
586
587
588
589
590
591
592
593
594
595
597
598
599
600
601
603
604
606
608
609
610
611
612
613
614
615
616
617
618
619
620
621
622
623
624
625
626
627
628
629
630
631
632
633
634
635
636
637
641
642
643
644
645
646
647
648
649
650
652
653
654
655
656
657
658
659
660
661
662
663
666
667
668
669
671
675
676
677
680
681
682
683
684
685
686
687
689
690
691
693
694
695
696
697
698
699
700
702
703
704
705
706
707
708
710
711
712
713
714
715
716
718
729
730
731
732
733
734
735
736
737
738
739
740
741
742
743
744
745
746
747
748
749
750
751
752
753
754
755
756
757
758
759
760
761
762
763
764
765
766
767
768
770
771
772
773
774
775
776
777
778
779
780
781
782
783
784
786
787
788
789
790
792
793
794
795
796
797
798
799
801
802
803
804
805
806
807
808
810
811
812
813
814
815
816
817
818
819
820
821
822
824
825
826
827
828
829
830
831
832
833
834
835
837
838
839
840
842
843
844
848
849
851
852
853
855
856
858
859
860
861
862
864
865
866
867
868
869
870
871
872
873
874
875
876
878
879
880
881
882
883
884
885
886
887
888
889
891
892
893
894
895
896
897
899
900
901
902
903
905
906
907
908
909
910
911
912
913
914
916
918
919
920
921
922
923
924
925
926
927
928
929
930
932
933
934
935
936
937
938
939
940
941
942
943
945
946
947
949
950
951
953
954
955
956
957
958
959
965
966
968
969
972
973
974
975
976
977
978
979
981
982
983
984
986
987
988
990
991
995
996
999
1000
1001
1002
1003
1004
1005
1006
1008
1009
1011
1014
1017
1018
1019
1020
1022
1023
1024
1026
1027
1028
1029
1031
1032
1033
1035
1036
1037
1038
1040
1041
1042
1046
1047
1048
1049
1050
1053
1054
1055
1057
1062
1063
1071
1072
1076
1077
1080
1081
1082
1083
1084
1086
1094
1095
1096
1098
1099
1100
1101
1102
1103
1104
1105
1107
1108
1109
1111
1112
1113
1115
1116
1117
1118
1119
1120
1121
1127
1128
1129
1130
1131
1134
1135
1136
1137
1139
1140
1141
1142
1143
1144
1145
1146
1148
1149
1150
1161
1162
1163
1164
1166
1167
1168
1169
1170
1171
1172
1175
1176
1177
1179
1180
1182
1183
1184
1185
1186
1188
1189
1190
1191
1193
1194
1195
1196
1197
1198
1199
1200
1202
1203
1204
1215
1216
1217
1218
1219
1220
1221
1222
1223
1224
1225
1226
1227
1229
1230
1231
1232
1233
1234
1235
1236
1237
1238
1239
1240
1242
1243
1244
1245
1246
1247
1248
1249
1251
1252
1253
1254
1256
1257
1258
1259
1260
1261
1262
1263
1264
1265
1266
1267
1269
1270
1271
1272
1274
1275
1276
1278
1279
1281
1283
1284
1285
1287
1288
1289
1290
1291
1292
1293
1294
1296
1297
1298
1299
1300
1301
1302
1303
1304
1305
1306
1307
1308
1309
1310
1311
1312
1313
1314
1315
1316
1317
1318
1319
1320
1321
1323
1324
1325
1326
1327
1328
1329
1330
1332
1333
1334
1335
1338
1341
1342
1344
1346
1347
1348
1350
1351
1352
1353
1354
1355
1356
1357
1359
1360
1361
1362
1364
1365
1366
1367
1368
1369
1370
1371
1372
1373
1374
1377
1378
1379
1380
1381
1382
1386
1387
1388
1392
1393
1394
1395
1396
1397
1398
1399
1400
1404
1405
1406
1407
1408
1409
1410
1413
1414
1415
1416
1419
1420
1421
1422
1423
1424
1425
1426
1427
1428
1431
1432
1436
1437
1458
1459
1460
1461
1462
1463
1464
1466
1467
1468
1469
1470
1472
1473
1474
1475
1476
1477
1478
1479
1480
1481
1482
1483
1485
1486
1487
1488
1489
1490
1494
1495
1496
1499
1500
1501
1502
1503
1504
1505
1506
1507
1508
1509
1510
1512
1513
1517
1518
1526
1527
1528
1530
1531
1533
1534
1535
1536
1537
1539
1540
1541
1542
1543
1544
1545
1547
1548
1549
1550
1551
1553
1554
1555
1556
1557
1558
1559
1560
1561
1562
1563
1564
1566
1567
1568
1569
1572
1577
1578
1581
1584
1585
1593
1594
1595
1596
1597
1598
1602
1603
1604
1608
1609
1610
1611
1612
1613
1614
1615
1616
1620
1621
1622
1623
1624
1625
1629
1630
1631
1635
1636
1637
1638
1639
1640
1641
1642
1643
1647
1648
1649
1650
1651
1652
1656
1657
1658
1662
1663
1664
1665
1666
1667
1668
1669
1670
1701
1702
1703
1704
1705
1706
1710
1711
1712
1716
1717
1718
1719
1720
1721
1722
1723
1724
1728
1729
1730
1731
1732
1733
1737
1738
1739
1743
1744
1745
1746
1747
1748
1749
1750
1751
1752
1755
1756
1760
1761
1766
1767
1769
1775
1776
1778
1779
1782
1783
1784
1785
1786
1787
1791
1792
1793
1797
1798
1799
1800
1801
1802
1803
1804
1805
1809
1810
1811
1812
1832
1833
1836
1837
1838
1839
1840
1841
1842
1845
1846
1847
1848
1850
1851
1852
1853
1854
1855
1856
1857
1858
1859
1860
1863
1864
1865
1866
1867
1868
1869
1872
1873
1874
1875
1877
1878
1879
1880
1881
1882
1883
1884
1885
1886
1890
1891
1892
1893
1894
1895
1899
1900
1901
1905
1906
1907
1908
1909
1910
1911
1912
1913
2187
2188
2189
2190
2191
2192
2193
2194
2196
2197
2198
2199
2201
2202
2203
2204
2205
2206
2207
2208
2209
2210
2214
2215
2216
2217
2218
2219
2220
2221
2223
2224
2225
2229
2230
2231
2232
2233
2234
2235
2236
2237
2238
2239
2241
2242
2244
2246
2247
2248
2250
2251
2253
2255
2256
2257
2268
2269
2270
2271
2272
2273
2274
2275
2277
2278
2279
2280
2282
2283
2284
2285
2286
2287
2288
2289
2290
2291
2295
2296
2298
2300
2301
2302
2313
2314
2316
2318
2319
2320
2322
2323
2324
2325
2326
2327
2328
2329
2331
2332
2333
2334
2336
2337
2338
2339
2340
2341
2342
2343
2344
2345
2349
2350
2351
2352
2353
2354
2358
2359
2360
2364
2365
2366
2367
2368
2369
2370
2371
2372
2376
2377
2378
2379
2380
2381
2385
2386
2387
2391
2392
2393
2394
2395
2396
2397
2398
2399
2430
2431
2432
2433
2434
2435
2436
2437
2439
2440
2441
2442
2444
2445
2446
2447
2448
2449
2450
2451
2452
2453
2457
2458
2459
2460
2461
2462
2463
2464
2466
2467
2468
2472
2473
2474
2475
2476
2477
2478
2479
2480
2481
2482
2484
2485
2487
2489
2490
2491
2493
2494
2496
2498
2499
2500
2511
2512
2513
2514
2515
2516
2520
2521
2522
2526
2527
2528
2529
2530
2531
2532
2533
2534
2565
2566
2567
2568
2569
2570
2574
2575
2576
2580
2581
2582
2583
2584
2585
2586
2587
2588
2592
2593
2594
2595
2596
2597
2598
2599
2601
2602
2603
2604
2606
2607
2608
2609
2610
2611
2612
2613
2614
2615
2619
2620
2621
2622
2623
2624
2625
2626
2628
2629
2630
2634
2635
2636
2637
2638
2639
2640
2641
2642
2643
2644
2646
2647
2649
2651
2652
2653
2655
2656
2658
2660
2661
2662
2673
2674
2676
2678
2679
2680
2682
2683
2685
2687
2688
2689
2700
2701
2703
2705
2706
2707
2718
2719
2721
2723
2724
2725
2727
2728
2730
2732
2733
2734
2736
2737
2739
2741
2742
2743
2754
2755
2757
2759
2760
2761
2763
2764
2766
2768
2769
2770
2781
2782
2784
2786
2787
2788
2799
2800
2802
2804
2805
2806
2808
2809
2811
2813
2814
2815
2817
2818
2820
2822
2823
2824
2916
2917
2918
2919
2920
2921
2925
2926
2927
2931
2932
2933
2934
2935
2936
2937
2938
2939
2943
2944
2945
2946
2947
2948
2952
2953
2954
2958
2959
2960
2961
2962
2963
2964
2965
2966
2997
2998
2999
3000
3001
3002
3006
3007
3008
3012
3013
3014
3015
3016
3017
3018
3019
3020
3051
3052
3053
3054
3055
3056
3060
3061
3062
3066
3067
3068
3069
3070
3071
3072
3073
3074
3078
3079
3080
3081
3082
3083
3087
3088
3089
3093
3094
3095
3096
3097
3098
3099
3100
3101
3105
3106
3107
3108
3109
3110
3114
3115
3116
3120
3121
3122
3123
3124
3125
3126
3127
3128
3645
3646
3648
3650
3651
3652
3654
3655
3657
3659
3660
3661
3672
3673
3675
3677
3678
3679
3690
3691
3693
3695
3696
3697
3699
3700
3702
3704
3705
3706
3708
3709
3711
3713
3714
3715
3726
3727
3729
3731
3732
3733
3735
3736
3738
3740
3741
3742
3753
3754
3756
3758
3759
3760
3771
3772
3774
3776
3777
3778
3780
3781
3783
3785
3786
3787
3789
3790
3792
3794
3795
3796
3888
3889
3891
3893
3894
3895
3897
3898
3900
3902
3903
3904
3915
3916
3918
3920
3921
3922
3933
3934
3936
3938
3939
3940
3942
3943
3945
3947
3948
3949
3951
3952
3954
3956
3957
3958
4050
4051
4053
4055
4056
4057
4059
4060
4062
4064
4065
4066
4077
4078
4080
4082
4083
4084
4095
4096
4098
4100
4101
4102
4104
4105
4107
4109
4110
4111
4113
4114
4116
4118
4119
4120
4131
4132
4134
4136
4137
4138
4140
4141
4143
4145
4146
4147
4158
4159
4161
4163
4164
4165
4176
4177
4179
4181
4182
4183
4185
4186
4188
4190
4191
4192
4194
4195
4197
4199
4200
4201
4212
4213
4215
4217
4218
4219
4221
4222
4224
4226
4227
4228
4239
4240
4242
4244
4245
4246
4257
4258
4260
4262
4263
4264
4266
4267
4269
4271
4272
4273
4275
4276
4278
4280
4281
4282
4374
4375
4377
4379
4380
4381
4383
4384
4386
4388
4389
4390
4401
4402
4404
4406
4407
4408
4419
4420
4422
4424
4425
4426
4428
4429
4431
4433
4434
4435
4437
4438
4440
4442
4443
4444
4455
4456
4458
4460
4461
4462
4464
4465
4467
4469
4470
4471
4482
4483
4485
4487
4488
4489
4500
4501
4503
4505
4506
4507
4509
4510
4512
4514
4515
4516
4518
4519
4521
4523
4524
4525
4617
4618
4620
4622
4623
4624
4626
4627
4629
4631
4632
4633
4644
4645
4647
4649
4650
4651
4662
4663
4665
4667
4668
4669
4671
4672
4674
4676
4677
4678
4680
4681
4683
4685
4686
4687
4779
4780
4782
4784
4785
4786
4788
4789
4791
4793
4794
4795
4806
4807
4809
4811
4812
4813
4824
4825
4827
4829
4830
4831
4833
4834
4836
4838
4839
4840
4842
4843
4845
4847
4848
4849
4860
4861
4863
4865
4866
4867
4869
4870
4872
4874
4875
4876
4887
4888
4890
4892
4893
4894
4905
4906
4908
4910
4911
4912
4914
4915
4917
4919
4920
4921
4923
4924
4926
4928
4929
4930
4941
4942
4944
4946
4947
4948
4950
4951
4953
4955
4956
4957
4968
4969
4971
4973
4974
4975
4986
4987
4989
4991
4992
4993
4995
4996
4998
5000
5001
5002
5004
5005
5007
5009
5010
5011
5103
5104
5106
5108
5109
5110
5112
5113
5115
5117
5118
5119
5130
5131
5133
5135
5136
5137
5148
5149
5151
5153
5154
5155
5157
5158
5160
5162
5163
5164
5166
5167
5169
5171
5172
5173
5184
5185
5187
5189
5190
5191
5193
5194
5196
5198
5199
5200
5211
5212
5214
5216
5217
5218
5229
5230
5232
5234
5235
5236
5238
5239
5241
5243
5244
5245
5247
5248
5250
5252
5253
5254
5346
5347
5349
5351
5352
5353
5355
5356
5358
5360
5361
5362
5373
5374
5376
5378
5379
5380
5391
5392
5394
5396
5397
5398
5400
5401
5403
5405
5406
5407
5409
5410
5412
5414
5415
5416
5508
5509
5511
5513
5514
5515
5517
5518
5520
5522
5523
5524
5535
5536
5538
5540
5541
5542
5553
5554
5556
5558
5559
5560
5562
5563
5565
5567
5568
5569
5571
5572
5574
5576
5577
5578
5589
5590
5592
5594
5595
5596
5598
5599
5601
5603
5604
5605
5616
5617
5619
5621
5622
5623
5634
5635
5637
5639
5640
5641
5643
5644
5646
5648
5649
5650
5652
5653
5655
5657
5658
5659
5670
5671
5673
5675
5676
5677
5679
5680
5682
5684
5685
5686
5697
5698
5700
5702
5703
5704
5715
5716
5718
5720
5721
5722
5724
5725
5727
5729
5730
5731
5733
5734
5736
5738
5739
5740
6561
6562
6564
6566
6567
6568
6570
6571
6573
6575
6576
6577
6588
6589
6591
6593
6594
6595
6606
6607
6609
6611
6612
6613
6615
6616
6618
6620
6621
6622
6624
6625
6627
6629
6630
6631
6642
6643
6645
6647
6648
6649
6651
6652
6654
6656
6657
6658
6669
6670
6672
6674
6675
6676
6687
6688
6690
6692
6693
6694
6696
6697
6699
6701
6702
6703
6705
6706
6708
6710
6711
6712
6804
6805
6807
6809
6810
6811
6813
6814
6816
6818
6819
6820
6831
6832
6834
6836
6837
6838
6849
6850
6852
6854
6855
6856
6858
6859
6861
6863
6864
6865
6867
6868
6870
6872
6873
6874
6966
6967
6969
6971
6972
6973
6975
6976
6978
6980
6981
6982
6993
6994
6996
6998
6999
7000
7011
7012
7014
7016
7017
7018
7020
7021
7023
7025
7026
7027
7029
7030
7032
7034
7035
7036
7047
7048
7050
7052
7053
7054
7056
7057
7059
7061
7062
7063
7074
7075
7077
7079
7080
7081
7092
7093
7095
7097
7098
7099
7101
7102
7104
7106
7107
7108
7110
7111
7113
7115
7116
7117
7128
7129
7131
7133
7134
7135
7137
7138
7140
7142
7143
7144
7155
7156
7158
7160
7161
7162
7173
7174
7176
7178
7179
7180
7182
7183
7185
7187
7188
7189
7191
7192
7194
7196
7197
7198
7290
7291
7293
7295
7296
7297
7299
7300
7302
7304
7305
7306
7317
7318
7320
7322
7323
7324
7335
7336
7338
7340
7341
7342
7344
7345
7347
7349
7350
7351
7353
7354
7356
7358
7359
7360
7371
7372
7374
7376
7377
7378
7380
7381
7383
7385
7386
7387
7398
7399
7401
7403
7404
7405
7416
7417
7419
7421
7422
7423
7425
7426
7428
7430
7431
7432
7434
7435
7437
7439
7440
7441
7533
7534
7536
7538
7539
7540
7542
7543
7545
7547
7548
7549
7560
7561
7563
7565
7566
7567
7578
7579
7581
7583
7584
7585
7587
7588
7590
7592
7593
7594
7596
7597
7599
7601
7602
7603
7695
7696
7698
7700
7701
7702
7704
7705
7707
7709
7710
7711
7722
7723
7725
7727
7728
7729
7740
7741
7743
7745
7746
7747
7749
7750
7752
7754
7755
7756
7758
7759
7761
7763
7764
7765
7776
7777
7779
7781
7782
7783
7785
7786
7788
7790
7791
7792
7803
7804
7806
7808
7809
7810
7821
7822
7824
7826
7827
7828
7830
7831
7833
7835
7836
7837
7839
7840
7842
7844
7845
7846
7857
7858
7860
7862
7863
7864
7866
7867
7869
7871
7872
7873
7884
7885
7887
7889
7890
7891
7902
7903
7905
7907
7908
7909
7911
7912
7914
7916
7917
7918
7920
7921
7923
7925
7926
7927
8748
8749
8751
8753
8754
8755
8757
8758
8760
8762
8763
8764
8775
8776
8778
8780
8781
8782
8793
8794
8796
8798
8799
8800
8802
8803
8805
8807
8808
8809
8811
8812
8814
8816
8817
8818
8829
8830
8832
8834
8835
8836
8838
8839
8841
8843
8844
8845
8856
8857
8859
8861
8862
8863
8874
8875
8877
8879
8880
8881
8883
8884
8886
8888
8889
8890
8892
8893
8895
8897
8898
8899
8991
8992
8994
8996
8997
8998
9000
9001
9003
9005
9006
9007
9018
9019
9021
9023
9024
9025
9036
9037
9039
9041
9042
9043
9045
9046
9048
9050
9051
9052
9054
9055
9057
9059
9060
9061
9153
9154
9156
9158
9159
9160
9162
9163
9165
9167
9168
9169
9180
9181
9183
9185
9186
9187
9198
9199
9201
9203
9204
9205
9207
9208
9210
9212
9213
9214
9216
9217
9219
9221
9222
9223
9234
9235
9237
9239
9240
9241
9243
9244
9246
9248
9249
9250
9261
9262
9264
9266
9267
9268
9279
9280
9282
9284
9285
9286
9288
9289
9291
9293
9294
9295
9297
9298
9300
9302
9303
9304
9315
9316
9318
9320
9321
9322
9324
9325
9327
9329
9330
9331
9342
9343
9345
9347
9348
9349
9360
9361
9363
9365
9366
9367
9369
9370
9372
9374
9375
9376
9378
9379
9381
9383
9384
9385
