2
3
4
5
6
7
8
9
10
11
12
13
14
15
16
17
18
19
20
21
22
23
24
25
26
27
28
29
30
31
32
34
35
36
37
38
39
40
41
42
43
44
45
46
47
48
49
50
51
52
53
54
55
57
58
59
60
61
62
63
64
65
66
67
68
70
71
72
73
75
77
79
80
81
82
83
84
85
86
87
88
89
90
91
92
93
94
95
96
97
98
99
100
101
102
103
104
105
106
107
108
109
110
111
113
114
115
116
117
118
119
120
123
124
125
126
127
128
129
131
132
133
134
135
136
138
139
140
144
145
146
147
149
150
151
152
153
154
155
156
157
158
159
160
161
162
163
164
168
169
171
172
176
177
178
189
190
192
193
195
196
198
199
200
204
205
210
211
213
214
216
217
219
220
225
226
231
232
237
238
240
241
243
244
246
247
248
250
251
252
253
255
257
258
259
260
264
265
267
268
270
271
273
274
275
277
278
279
280
285
286
288
289
291
292
293
294
295
296
306
307
309
311
313
314
315
316
318
320
322
323
324
325
327
328
333
405
406
408
410
412
413
414
415
417
419
421
422
432
433
435
437
439
440
450
451
453
455
457
458
468
469
471
473
475
476
477
478
480
482
484
485
567
568
570
572
574
575
576
577
579
581
583
584
594
595
597
599
601
602
612
613
615
617
619
620
630
631
633
635
637
638
639
640
642
644
646
647
648
649
651
653
655
656
657
658
660
662
664
665
675
676
678
680
682
683
693
694
696
698
700
701
711
712
714
716
718
719
720
721
723
725
727
728
729
730
732
734
736
737
738
739
741
743
745
746
756
757
759
761
763
764
774
775
777
779
781
782
792
793
795
797
799
800
801
802
804
806
808
809
810
811
813
815
817
818
819
820
822
824
826
827
837
838
840
842
844
845
855
856
858
860
862
863
873
874
876
878
880
881
882
883
885
887
889
890
972
973
975
977
979
980
981
982
984
986
988
989
999
1000
