2
3
4
5
6
7
8
9
10
11
12
13
14
15
16
17
18
19
20
21
22
24
25
26
27
28
30
31
33
34
35
36
37
38
39
40
41
43
44
45
46
47
48
49
50
51
52
53
54
55
56
57
58
59
60
61
62
63
64
65
66
67
68
70
71
72
73
74
75
76
77
78
80
81
82
83
84
85
86
87
88
89
90
91
92
93
94
96
98
99
100
101
102
105
107
108
109
111
112
117
118
120
121
123
124
135
136
137
138
139
141
143
144
145
147
148
150
151
153
154
155
159
161
162
163
164
168
170
171
172
173
177
179
180
181
182
186
188
216
217
218
222
224
234
235
236
240
242
243
244
246
247
248
252
253
255
256
270
271
273
274
279
280
282
283
324
325
327
328
329
333
334
336
337
351
352
354
355
360
361
363
364
365
369
370
372
373
374
392
401
405
406
408
409
410
414
415
417
418
432
433
435
436
441
442
444
445
446
450
451
453
454
455
473
482
486
487
488
492
494
495
496
497
501
503
504
505
506
510
512
540
541
542
546
548
558
559
560
564
566
648
649
650
654
656
657
658
659
663
665
666
667
668
672
674
702
703
704
708
710
720
721
722
726
728
729
730
731
735
737
738
739
740
744
746
747
748
749
753
755
783
784
785
789
791
801
802
803
807
809
810
811
812
816
818
819
820
821
825
827
828
829
830
834
836
864
865
866
870
872
882
883
884
888
890
891
892
893
897
899
900
901
902
906
908
909
910
911
915
917
945
946
947
951
953
963
964
965
969
971
