2
3
4
5
6
7
8
9
10
11
12
13
14
15
16
17
18
19
20
21
22
23
24
25
26
27
28
29
30
31
32
33
34
35
36
37
38
39
40
41
42
43
44
45
46
47
48
49
50
51
53
54
55
56
57
58
59
60
61
62
63
64
65
66
67
68
69
70
71
72
73
74
75
76
77
78
79
80
81
82
83
84
85
86
87
88
89
90
91
92
93
94
95
96
97
98
99
100
101
102
103
104
105
106
107
108
109
110
111
112
113
114
115
116
117
118
119
120
121
123
125
126
127
128
129
130
131
132
133
134
135
136
137
138
139
140
141
142
143
144
145
146
148
149
150
152
153
154
155
159
161
162
163
164
165
166
167
168
169
170
171
172
173
174
175
176
177
178
179
180
181
182
183
184
185
186
187
188
189
190
191
192
193
195
196
197
198
199
200
201
202
203
204
205
206
207
208
209
210
211
212
213
214
215
216
217
218
219
220
221
222
223
224
225
226
227
228
230
231
232
233
234
235
236
237
240
241
242
243
244
246
247
248
249
250
251
252
253
254
255
256
257
258
259
260
261
262
264
265
266
267
268
269
270
271
272
273
274
275
276
277
278
279
280
281
282
283
284
285
286
287
288
289
291
292
293
294
295
296
297
298
299
300
301
302
303
304
305
306
307
308
310
312
313
314
315
316
317
318
319
320
321
322
323
324
325
327
328
329
330
331
332
333
334
336
337
339
341
342
344
345
347
348
349
350
351
352
354
355
356
357
358
360
361
363
364
365
368
369
370
371
373
374
375
377
378
380
381
382
384
385
387
388
389
391
392
394
395
396
397
399
400
401
404
405
406
408
409
410
412
413
414
415
417
418
419
423
425
428
431
432
433
434
435
437
438
439
440
442
443
444
446
448
449
450
451
452
453
455
456
458
459
460
461
462
463
464
469
471
472
473
476
477
478
481
482
485
486
487
488
492
493
494
495
496
497
502
503
504
505
506
507
510
511
512
513
514
516
519
520
521
522
526
528
529
530
531
532
533
535
536
537
539
540
541
542
545
546
547
548
549
550
551
552
553
554
555
556
557
558
559
560
561
562
563
564
565
566
567
568
569
570
573
574
575
576
577
578
580
581
583
584
585
586
587
588
590
591
592
593
594
595
597
598
600
601
602
603
604
605
606
609
610
612
613
615
617
618
619
620
621
622
625
626
627
628
629
630
631
632
634
636
637
638
639
640
641
643
645
646
647
648
649
650
651
654
655
656
657
658
659
660
661
662
663
664
665
666
667
668
669
670
671
672
673
674
675
676
677
678
679
681
682
683
684
685
687
688
689
690
691
692
693
694
695
696
697
698
699
700
701
702
703
704
705
706
707
708
709
710
711
712
713
715
719
720
721
722
726
727
728
729
730
731
732
733
734
735
736
737
738
739
740
741
742
744
745
746
747
748
749
750
751
753
754
755
756
757
759
760
761
762
763
765
766
768
769
770
771
772
773
774
775
776
777
778
779
780
782
783
784
785
786
787
788
789
790
791
792
793
794
795
798
799
800
801
802
803
807
808
809
810
811
812
813
814
815
816
817
818
819
820
821
822
823
825
826
827
828
829
830
831
834
835
836
837
838
840
841
842
844
845
846
847
848
849
850
852
853
856
857
858
859
860
861
862
864
865
867
868
871
873
874
876
878
879
881
882
883
884
885
886
888
889
890
891
892
893
894
897
898
899
900
901
902
903
904
906
908
909
910
911
912
913
914
915
916
917
918
919
921
923
924
925
926
927
928
934
935
936
937
939
940
941
942
945
946
947
948
949
950
951
952
953
954
955
956
957
959
960
962
963
964
965
969
970
971
972
973
975
976
977
981
982
984
985
987
991
993
994
996
998
999
1000
1001
1002
1003
1004
1007
1008
1009
1010
1011
1012
1013
1015
1016
1017
1018
1021
1022
1024
1025
1026
1027
1028
1030
1031
1032
1033
1035
1039
1041
1043
1044
1045
1050
1052
1053
1054
1056
1057
1058
1062
1063
1064
1065
1066
1068
1070
1071
1072
1073
1074
1075
1076
1080
1081
1083
1084
1085
1089
1090
1091
1092
1093
1095
1102
1104
1107
1108
1110
1111
1119
1122
1126
1129
1131
1144
1147
1149
1156
1157
1158
1160
1167
1168
1169
1170
1176
1178
1179
1180
1182
1185
1188
1189
1191
1192
1193
1194
1195
1198
1200
1201
1202
1203
1210
1212
1215
1216
1218
1219
1223
1224
1225
1227
1228
1230
1237
1238
1239
1241
1242
1243
1245
1246
1247
1251
1252
1254
1255
1259
1260
1261
1265
1269
1270
1274
1279
1281
1284
1288
1291
1293
1296
1297
1299
1306
1311
1312
1313
1314
1320
1321
1326
1329
1331
1332
1333
1334
1335
1338
1341
1342
1346
1347
1350
1351
1353
1354
1360
1361
1365
1367
1368
1369
1370
1372
1374
1377
1378
1379
1380
1381
1383
1385
1386
1387
1390
1391
1393
1394
1395
1402
1408
1414
1416
1417
1419
1428
1431
1432
1434
1435
1441
1444
1446
1455
1458
1459
1460
1464
1465
1466
1467
1468
1469
1475
1476
1477
1478
1482
1483
1484
1506
1509
1512
1513
1514
1515
1516
1518
1519
1520
1521
1522
1523
1527
1529
1530
1531
1532
1533
1536
1537
1538
1539
1540
1541
1542
1545
1546
1547
1548
1549
1550
1557
1558
1559
1560
1563
1564
1565
1566
1567
1569
1573
1576
1578
1581
1590
1591
1596
1598
1599
1606
1607
1611
1612
1617
1618
1620
1621
1622
1626
1627
1628
1629
1630
1631
1637
1638
1639
1640
1641
1642
1643
1644
1645
1646
1647
1648
1650
1655
1656
1657
1659
1663
1664
1665
1666
1668
1671
1674
1675
1676
1677
1680
1681
1682
1683
1684
1685
1692
1693
1694
1698
1699
1700
1701
1702
1704
1708
1709
1710
1711
1712
1722
1724
1725
1728
1729
1731
1738
1739
1740
1744
1745
1747
1749
1752
1753
1754
1755
1756
1757
1758
1764
1766
1768
1769
1772
1773
1774
1777
1782
1783
1787
1799
1800
1806
1807
1810
1812
1815
1817
1818
1819
1820
1821
1825
1828
1829
1830
1833
1834
1835
1843
1844
1845
1846
1852
1857
1860
1866
1867
1876
1878
1884
1885
1886
1887
1889
1890
1891
1893
1894
1896
1898
1899
1901
1903
1906
1907
1908
1909
1911
1914
1917
1918
1919
1923
1938
1941
1944
1945
1946
1947
1950
1951
1952
1953
1954
1955
1957
1959
1961
1962
1963
1964
1968
1969
1970
1971
1972
1975
1976
1977
1978
1979
1980
1984
1988
1989
1990
1993
1994
1995
1998
1999
2000
2001
2002
2003
2004
2005
2006
2007
2008
2009
2011
2013
2016
2017
2018
2019
2022
2023
2024
2025
2026
2027
2028
2029
2031
2032
2033
2034
2035
2036
2043
2044
2045
2046
2049
2050
2051
2052
2053
2055
2067
2074
2076
2077
2079
2082
2083
2084
2085
2091
2092
2094
2096
2097
2098
2100
2103
2104
2106
2107
2108
2112
2113
2114
2115
2116
2117
2124
2125
2126
2130
2131
2132
2155
2156
2160
2161
2162
2164
2165
2166
2167
2168
2169
2170
2171
2177
2178
2179
2180
2184
2185
2186
2187
2188
2190
2191
2192
2194
2195
2196
2197
2198
2199
2200
2202
2206
2208
2211
2212
2214
2215
2217
2218
2219
2220
2221
2223
2224
2226
2227
2228
2231
2232
2233
2237
2240
2244
2248
2249
2250
2251
2257
2258
2259
2260
2261
2262
2263
2268
2269
2271
2272
2273
2275
2276
2277
2278
2279
2280
2281
2283
2285
2286
2287
2288
2289
2295
2296
2298
2299
2300
2304
2305
2306
2307
2308
2310
2319
2322
2323
2325
2326
2337
2346
2370
2373
2376
2377
2379
2392
2397
2400
2403
2404
2409
2430
2431
2433
2434
2435
2437
2438
2439
2440
2441
2442
2443
2445
2451
2454
2457
2458
2460
2461
2462
2463
2464
2466
2467
2469
2470
2471
2474
2475
2476
2480
2481
2483
2484
2485
2490
2491
2493
2494
2500
2501
2502
2503
2508
2510
2511
2512
2514
2515
2516
2520
2521
2523
2524
2526
2533
2534
2538
2539
2541
2542
2543
2544
2545
2547
2548
2550
2551
2552
2555
2556
2557
2561
2564
2569
2570
2578
2579
2580
2582
2583
2584
2588
2591
2592
2593
2595
2596
2597
2600
2601
2602
2604
2605
2607
2614
2615
2616
2618
2627
2628
2633
2634
2636
2637
2638
2642
2643
2645
2646
2647
2649
2650
2652
2658
2660
2663
2664
2665
2667
2669
2670
2672
2673
2674
2676
2680
2682
2683
2700
2701
2706
2707
2708
2709
2717
2718
2719
2722
2723
2724
2727
2728
2730
2731
2732
2733
2734
2736
2737
2740
2742
2743
2746
2749
2754
2755
2757
2761
2763
2764
2769
2778
2780
2785
2786
2789
2790
2797
2802
2803
2804
2808
2809
2815
2817
2818
2824
2844
2847
2854
2857
2859
2871
2877
2916
2917
2919
2920
2921
2925
2926
2928
2929
2931
2943
2944
2946
2947
2948
2952
2953
2955
2956
2957
2960
2961
2962
2966
2969
2997
2998
3000
3001
3002
3006
3007
3009
3010
3012
3024
3025
3027
3028
3029
3030
3031
3033
3034
3036
3037
3039
3040
3045
3048
3051
3052
3054
3055
3066
3072
3075
3159
3160
3162
3163
3164
3168
3169
3171
3172
3174
3186
3187
3189
3190
3191
3192
3193
3195
3196
3198
3199
3200
3203
3204
3205
3209
3210
3212
3213
3214
3219
3220
3222
3223
3229
3240
3241
3243
3244
3245
3249
3250
3252
3253
3255
3267
3268
3270
3271
3272
3273
3274
3276
3277
3279
3280
3281
3284
3285
3286
3290
3293
3308
3311
3312
3313
3317
3320
3321
3322
3324
3325
3326
3330
3331
3333
3334
3362
3365
3366
3367
3371
3374
3389
3392
3393
3394
3398
3401
3524
3527
3528
3529
3533
3536
3551
3554
3555
3556
3560
3563
3564
3565
3567
3568
3569
3573
3574
3576
3577
3605
3608
3609
3610
3614
3617
3632
3635
3636
3637
3641
3644
3645
3646
3648
3649
3650
3654
3655
3657
3658
3672
3673
3675
3676
3677
3681
3682
3684
3685
3686
3689
3690
3691
3695
3698
3726
3727
3729
3730
3731
3735
3736
3738
3739
3753
3754
3756
3757
3758
3762
3763
3765
3766
4010
4013
4014
4015
4019
4022
4037
4040
4041
4042
4046
4049
4050
4051
4053
4054
4055
4059
4060
4062
4063
4091
4094
4095
4096
4100
4103
4118
4121
4122
4123
4127
4130
4253
4256
4257
4258
4262
4265
4280
4283
4284
4285
4289
4292
4293
4294
4296
4297
4298
4302
4303
4305
4306
4334
4337
4338
4339
4343
4346
4361
4364
4365
4366
4370
4373
4374
4375
4376
4380
4381
4382
4383
4384
4385
4392
4393
4394
4398
4399
4400
4428
4429
4430
4434
4435
4436
4437
4438
4439
4446
4447
4448
4452
4453
4454
4455
4456
4457
4461
4462
4463
4464
4465
4466
4473
4474
4475
4479
4480
4481
4536
4537
4538
4542
4543
4544
4545
4546
4547
4554
4555
4556
4560
4561
4562
4590
4591
4592
4596
4597
4598
4599
4600
4601
4608
4609
4610
4614
4615
4616
4860
4861
4862
4866
4867
4868
4869
4870
4871
4878
4879
4880
4884
4885
4886
4914
4915
4916
4920
4921
4922
4923
4924
4925
4930
4932
4933
4934
4938
4939
4940
4941
4942
4943
4944
4947
4948
4949
4950
4951
4952
4959
4960
4961
4965
4966
4967
4984
4989
5002
5004
5005
5011
5022
5023
5024
5028
5029
5030
5031
5032
5033
5040
5041
5042
5046
5047
5048
5076
5077
5078
5082
5083
5084
5085
5086
5087
5094
5095
5096
5100
5101
5102
5103
5104
5105
5106
5109
5110
5111
5112
5113
5114
5121
5122
5123
5124
5127
5128
5129
5130
5131
5133
5136
5137
5157
5158
5159
5163
5164
5165
5166
5167
5168
5173
5175
5176
5177
5181
5182
5183
5184
5185
5186
5187
5190
5191
5192
5193
5194
5195
5202
5203
5204
5208
5209
5210
5217
5218
5227
5232
5259
5262
5265
5266
5267
5271
5272
5273
5274
5275
5276
5283
5284
5285
5289
5290
5291
5319
5320
5321
5325
5326
5327
5328
5329
5330
5337
5338
5339
5343
5344
5345
5470
5475
5488
5490
5491
5497
5502
5505
5529
5532
5535
5536
5538
5551
5556
5650
5652
5653
5659
5670
5671
5673
5677
5679
5680
5713
5718
5731
5733
5734
5740
5832
5833
5834
5838
5839
5840
5841
5842
5843
5850
5851
5852
5856
5857
5858
5886
5887
5888
5892
5893
5894
5895
5896
5897
5904
5905
5906
5910
5911
5912
5913
5914
5915
5919
5920
5921
5922
5923
5924
5931
5932
5933
5937
5938
5939
5994
5995
5996
6000
6001
6002
6003
6004
6005
6012
6013
6014
6018
6019
6020
6048
6049
6050
6054
6055
6056
6057
6058
6059
6066
6067
6068
6072
6073
6074
6318
6319
6320
6324
6325
6326
6327
6328
6329
6336
6337
6338
6342
6343
6344
6372
6373
6374
6378
6379
6380
6381
6382
6383
6390
6391
6392
6396
6397
6398
6399
6400
6401
6405
6406
6407
6408
6409
6410
6417
6418
6419
6423
6424
6425
6480
6481
6482
6486
6487
6488
6489
6490
6491
6498
6499
6500
6504
6505
6506
6534
6535
6536
6540
6541
6542
6543
6544
6545
6552
6553
6554
6558
6559
6560
6561
6562
6563
6564
6565
6566
6567
6568
6569
6570
6571
6572
6573
6574
6576
6579
6580
6581
6582
6585
6586
6587
6588
6589
6591
6592
6593
6594
6595
6597
6598
6600
6601
6602
6605
6606
6607
6611
6614
6615
6616
6617
6621
6622
6623
6624
6625
6626
6631
6633
6634
6635
6639
6640
6641
6642
6643
6644
6645
6646
6647
6648
6649
6650
6651
6652
6653
6654
6655
6657
6660
6661
6662
6666
6667
6668
6669
6670
6672
6673
6674
6678
6679
6681
6682
6684
6693
6696
6697
6699
6700
6711
6720
6723
6724
6725
6729
6730
6731
6732
6733
6734
6741
6742
6743
6744
6747
6748
6749
6750
6751
6753
6766
6771
6774
6777
6778
6779
6783
6784
6785
6786
6787
6788
6795
6796
6797
6801
6802
6803
6804
6805
6807
6808
6809
6811
6813
6814
6816
6817
6819
6825
6828
6831
6832
6834
6835
6836
6837
6838
6840
6841
6843
6844
6845
6848
6849
6850
6854
6855
6857
6858
6859
6864
6865
6867
6868
6874
6885
6886
6888
6889
6890
6894
6895
6897
6898
6900
6912
6913
6915
6916
6917
6918
6919
6921
6922
6924
6925
6926
6929
6930
6931
6935
6938
6953
6956
6957
6958
6962
6965
6966
6967
6969
6970
6971
6975
6976
6978
6979
7007
7010
7011
7012
7016
7019
7034
7037
7038
7039
7043
7046
7047
7048
7049
7053
7054
7055
7056
7057
7058
7065
7066
7067
7071
7072
7073
7101
7102
7103
7107
7108
7109
7110
7111
7112
7117
7119
7120
7121
7125
7126
7127
7128
7129
7130
7131
7134
7135
7136
7137
7138
7139
7146
7147
7148
7152
7153
7154
7171
7176
7189
7191
7192
7198
7209
7210
7211
7215
7216
7217
7218
7219
7220
7227
7228
7229
7233
7234
7235
7263
7264
7265
7269
7270
7271
7272
7273
7274
7281
7282
7283
7287
7288
7289
7290
7291
7292
7293
7294
7295
7296
7297
7298
7299
7300
7301
7302
7303
7305
7308
7309
7310
7311
7314
7315
7316
7317
7318
7320
7321
7322
7323
7324
7326
7327
7329
7330
7331
7334
7335
7336
7340
7343
7344
7345
7346
7350
7351
7352
7353
7354
7355
7360
7362
7363
7364
7368
7369
7370
7371
7372
7373
7374
7375
7376
7377
7378
7379
7380
7381
7382
7383
7384
7386
7389
7390
7391
7395
7396
7397
7398
7399
7401
7402
7403
7407
7408
7410
7411
7413
7422
7425
7426
7428
7429
7440
7449
7452
7453
7454
7458
7459
7460
7461
7462
7463
7470
7471
7472
7476
7477
7478
7506
7507
7508
7512
7513
7514
7515
7516
7517
7524
7525
7526
7530
7531
7532
7533
7534
7536
7537
7538
7542
7543
7545
7546
7548
7560
7561
7563
7564
7565
7569
7570
7572
7573
7574
7577
7578
7579
7583
7586
7614
7615
7617
7618
7619
7623
7624
7626
7627
7629
7641
7642
7644
7645
7646
7650
7651
7653
7654
7656
7665
7668
7669
7671
7672
7683
7692
7737
7746
7749
7750
7752
7753
7764
7773
7776
7777
7779
7780
7785
7786
7788
7789
7791
7803
7804
7806
7807
7812
7813
7815
7816
7899
7908
7911
7912
7914
7915
7926
7935
7980
7989
7992
7993
7995
7996
8007
8016
8019
8020
8021
8025
8026
8027
8028
8029
8030
8037
8038
8039
8043
8044
8045
8073
8074
8075
8079
8080
8081
8082
8083
8084
8091
8092
8093
8097
8098
8099
8100
8101
8102
8106
8107
8108
8109
8110
8111
8118
8119
8120
8124
8125
8126
8181
8182
8183
8187
8188
8189
8190
8191
8192
8199
8200
8201
8205
8206
8207
8235
8236
8237
8241
8242
8243
8244
8245
8246
8253
8254
8255
8259
8260
8261
8505
8506
8507
8511
8512
8513
8514
8515
8516
8523
8524
8525
8529
8530
8531
8559
8560
8561
8565
8566
8567
8568
8569
8570
8577
8578
8579
8583
8584
8585
8586
8587
8588
8592
8593
8594
8595
8596
8597
8604
8605
8606
8610
8611
8612
8667
8668
8669
8673
8674
8675
8676
8677
8678
8685
8686
8687
8691
8692
8693
8721
8722
8723
8727
8728
8729
8730
8731
8732
8739
8740
8741
8745
8746
8747
8748
8749
8751
8752
8753
8757
8758
8760
8761
8763
8775
8776
8778
8779
8780
8784
8785
8787
8788
8789
8792
8793
8794
8798
8801
8829
8830
8832
8833
8834
8838
8839
8841
8842
8844
8856
8857
8859
8860
8861
8865
8866
8868
8869
8871
8880
8883
8884
8886
8887
8898
8907
8991
8992
8994
8995
8996
9000
9001
9003
9004
9006
9018
9019
9021
9022
9023
9027
9028
9030
9031
9032
9035
9036
9037
9041
9044
9072
9073
9075
9076
9077
9081
9082
9084
9085
9087
9099
9100
9102
9103
9104
9108
9109
9111
9112
9113
9116
9117
9118
9122
9125
9140
9143
9144
9145
9149
9152
9153
9154
9156
9157
9158
9162
9163
9165
9166
9194
9197
9198
9199
9203
9206
9221
9224
9225
9226
9230
9233
9477
9478
9480
9481
9482
9486
9487
9489
9490
9492
9504
9505
9507
9508
9509
9513
9514
9516
9517
9518
9521
9522
9523
9527
9530
9558
9559
9561
9562
9563
9567
9568
9570
9571
9573
9585
9586
9588
9589
9590
9594
9595
9597
9598
9600
9609
9612
9613
9615
9616
9627
9636
9720
9721
9723
9724
9725
9729
9730
9732
9733
9735
9747
9748
9750
9751
9752
9756
9757
9759
9760
9761
9764
9765
9766
9770
9773
9801
9802
9804
9805
9806
9810
9811
9813
9814
9816
9828
9829
9831
9832
9833
9837
9838
9840
9841
9843
9852
9855
9856
9858
9859
9870
9879
9924
9933
9936
9937
9939
9940
9951
9960
9963
9964
9966
9967
9972
9973
9975
9976
9978
9990
9991
9993
9994
9999
10000
10002
10003
10086
10095
10098
10099
10101
10102
10113
10122
10167
10176
10179
10180
10182
10183
10194
10203
10572
10581
10584
10585
10587
10588
10599
10608
10653
10662
10665
10666
10668
10669
10680
10689
10692
10693
10695
10696
10701
10702
10704
10705
10707
10719
10720
10722
10723
10728
10729
10731
10732
10815
10824
10827
10828
10830
10831
10842
10851
10896
10905
10908
10909
10911
10912
10923
10932
10935
10936
10938
10939
10944
10945
10947
10948
10950
10962
10963
10965
10966
10971
10972
10974
10975
11016
11017
11019
11020
11025
11026
11028
11029
11031
11043
11044
11046
11047
11052
11053
11055
11056
11058
11067
11070
11071
11073
11074
11085
11094
11178
11179
11181
11182
11187
11188
11190
11191
11193
11205
11206
11208
11209
11214
11215
11217
11218
11259
11260
11262
11263
11268
11269
11271
11272
11274
11286
11287
11289
11290
11295
11296
11298
11299
12030
12039
12042
12043
12045
12046
12057
12066
12111
12120
12123
12124
12126
12127
12138
12147
12150
12151
12153
12154
12159
12160
12162
12163
12165
12177
12178
12180
12181
12186
12187
12189
12190
12273
12282
12285
12286
12288
12289
12300
12309
12354
12363
12366
12367
12369
12370
12381
12390
12759
12768
12771
12772
12774
12775
12786
12795
12840
12849
12852
12853
12855
12856
12867
12876
12879
12880
12882
12883
12888
12889
12891
12892
12894
12906
12907
12909
12910
12915
12916
12918
12919
13002
13011
13014
13015
13017
13018
13029
13038
13083
13092
13095
13096
13098
13099
13110
13119
13122
13123
13124
13128
13129
13130
13131
13132
13133
13140
13141
13142
13146
13147
13148
13176
13177
13178
13182
13183
13184
13185
13186
13187
13194
13195
13196
13200
13201
13202
13203
13204
13205
13209
13210
13211
13212
13213
13214
13221
13222
13223
13227
13228
13229
13284
13285
13286
13290
13291
13292
13293
13294
13295
13302
13303
13304
13308
13309
13310
13338
13339
13340
13344
13345
13346
13347
13348
13349
13356
13357
13358
13362
13363
13364
13608
13609
13610
13614
13615
13616
13617
13618
13619
13626
13627
13628
13632
13633
13634
13662
13663
13664
13668
13669
13670
13671
13672
13673
13680
13681
13682
13686
13687
13688
13689
13690
13691
13695
13696
13697
13698
13699
13700
13707
13708
13709
13713
13714
13715
13770
13771
13772
13776
13777
13778
13779
13780
13781
13788
13789
13790
13794
13795
13796
13824
13825
13826
13830
13831
13832
13833
13834
13835
13842
13843
13844
13848
13849
13850
13851
13852
13853
13857
13858
13859
13860
13861
13862
13869
13870
13871
13875
13876
13877
13905
13906
13907
13911
13912
13913
13914
13915
13916
13923
13924
13925
13929
13930
13931
13932
13933
13934
13938
13939
13940
13941
13942
13943
13950
13951
13952
13956
13957
13958
14013
14014
14015
14019
14020
14021
14022
14023
14024
14031
14032
14033
14037
14038
14039
14067
14068
14069
14073
14074
14075
14076
14077
14078
14085
14086
14087
14091
14092
14093
14580
14581
14582
14586
14587
14588
14589
14590
14591
14598
14599
14600
14604
14605
14606
14634
14635
14636
14640
14641
14642
14643
14644
14645
14652
14653
14654
14658
14659
14660
14661
14662
14663
14667
14668
14669
14670
14671
14672
14679
14680
14681
14685
14686
14687
14742
14743
14744
14748
14749
14750
14751
14752
14753
14760
14761
14762
14766
14767
14768
14796
14797
14798
14802
14803
14804
14805
14806
14807
14814
14815
14816
14820
14821
14822
15066
15067
15068
15072
15073
15074
15075
15076
15077
15084
15085
15086
15090
15091
15092
15120
15121
15122
15126
15127
15128
15129
15130
15131
15138
15139
15140
15144
15145
15146
15147
15148
15149
15153
15154
15155
15156
15157
15158
15165
15166
15167
15171
15172
15173
15228
15229
15230
15234
15235
15236
15237
15238
15239
15246
15247
15248
15252
15253
15254
15282
15283
15284
15288
15289
15290
15291
15292
15293
15300
15301
15302
15306
15307
15308
17496
17497
17498
17502
17503
17504
17505
17506
17507
17514
17515
17516
17520
17521
17522
17550
17551
17552
17556
17557
17558
17559
17560
17561
17568
17569
17570
17574
17575
17576
17577
17578
17579
17583
17584
17585
17586
17587
17588
17595
17596
17597
17601
17602
17603
17658
17659
17660
17664
17665
17666
17667
17668
17669
17676
17677
17678
17682
17683
17684
17712
17713
17714
17718
17719
17720
17721
17722
17723
17730
17731
17732
17736
17737
17738
17982
17983
17984
17988
17989
17990
17991
17992
17993
18000
18001
18002
18006
18007
18008
18036
18037
18038
18042
18043
18044
18045
18046
18047
18054
18055
18056
18060
18061
18062
18063
18064
18065
18069
18070
18071
18072
18073
18074
18081
18082
18083
18087
18088
18089
18144
18145
18146
18150
18151
18152
18153
18154
18155
18162
18163
18164
18168
18169
18170
18198
18199
18200
18204
18205
18206
18207
18208
18209
18216
18217
18218
18222
18223
18224
18225
18226
18227
18231
18232
18233
18234
18235
18236
18243
18244
18245
18249
18250
18251
18279
18280
18281
18285
18286
18287
18288
18289
18290
18297
18298
18299
18303
18304
18305
18306
18307
18308
18312
18313
18314
18315
18316
18317
18324
18325
18326
18330
18331
18332
18387
18388
18389
18393
18394
18395
18396
18397
18398
18405
18406
18407
18411
18412
18413
18441
18442
18443
18447
18448
18449
18450
18451
18452
18459
18460
18461
18465
18466
18467
18954
18955
18956
18960
18961
18962
18963
18964
18965
18972
18973
18974
18978
18979
18980
19008
19009
19010
19014
19015
19016
19017
19018
19019
19026
19027
19028
19032
19033
19034
19035
19036
19037
19041
19042
19043
19044
19045
19046
19053
19054
19055
19059
19060
19061
19116
19117
19118
19122
19123
19124
19125
19126
19127
19134
19135
19136
19140
19141
19142
19170
19171
19172
19176
19177
19178
19179
19180
19181
19188
19189
19190
19194
19195
19196
19440
19441
19442
19446
19447
19448
19449
19450
19451
19458
19459
19460
19464
19465
19466
19494
19495
19496
19500
19501
19502
19503
19504
19505
19512
19513
19514
19518
19519
19520
19521
19522
19523
19527
19528
19529
19530
19531
19532
19539
19540
19541
19545
19546
19547
19602
19603
19604
19608
19609
19610
19611
19612
19613
19620
19621
19622
19626
19627
19628
19656
19657
19658
19662
19663
19664
19665
19666
19667
19674
19675
19676
19680
19681
19682
19683
19684
19686
19687
19692
19693
19695
19696
19698
19710
19711
19713
19714
19719
19720
19722
19723
19764
19765
19767
19768
19773
19774
19776
19777
19779
19791
19792
19794
19795
19800
19801
19803
19804
19806
19815
19818
19819
19821
19822
19833
19842
19926
19927
19929
19930
19935
19936
19938
19939
19941
19953
19954
19956
19957
19962
19963
19965
19966
20007
20008
20010
20011
20016
20017
20019
20020
20022
20034
20035
20037
20038
20043
20044
20046
20047
20412
20413
20415
20416
20421
20422
20424
20425
20427
20439
20440
20442
20443
20448
20449
20451
20452
20493
20494
20496
20497
20502
20503
20505
20506
20508
20520
20521
20523
20524
20529
20530
20532
20533
20535
20544
20547
20548
20550
20551
20562
20571
20655
20656
20658
20659
20664
20665
20667
20668
20670
20682
20683
20685
20686
20691
20692
20694
20695
20736
20737
20739
20740
20745
20746
20748
20749
20751
20763
20764
20766
20767
20772
20773
20775
20776
20778
20787
20790
20791
20793
20794
20805
20814
20859
20868
20871
20872
20874
20875
20886
20895
20898
20899
20901
20902
20907
20908
20910
20911
20913
20925
20926
20928
20929
20934
20935
20937
20938
21021
21030
21033
21034
21036
21037
21048
21057
21102
21111
21114
21115
21117
21118
21129
21138
21870
21871
21873
21874
21879
21880
21882
21883
21885
21897
21898
21900
21901
21906
21907
21909
21910
21951
21952
21954
21955
21960
21961
21963
21964
21966
21978
21979
21981
21982
21987
21988
21990
21991
21993
22002
22005
22006
22008
22009
22020
22029
22113
22114
22116
22117
22122
22123
22125
22126
22128
22140
22141
22143
22144
22149
22150
22152
22153
22194
22195
22197
22198
22203
22204
22206
22207
22209
22221
22222
22224
22225
22230
22231
22233
22234
22599
22600
22602
22603
22608
22609
22611
22612
22614
22626
22627
22629
22630
22635
22636
22638
22639
22680
22681
22683
22684
22689
22690
22692
22693
22695
22707
22708
22710
22711
22716
22717
22719
22720
22722
22731
22734
22735
22737
22738
22749
22758
22842
22843
22845
22846
22851
22852
22854
22855
22857
22869
22870
22872
22873
22878
22879
22881
22882
22923
22924
22926
22927
22932
22933
22935
22936
22938
22950
22951
22953
22954
22959
22960
22962
22963
26244
26245
26247
26248
26253
26254
26256
26257
26259
26271
26272
26274
26275
26280
26281
26283
26284
26325
26326
26328
26329
26334
26335
26337
26338
26340
26352
26353
26355
26356
26361
26362
26364
26365
26367
26376
26379
26380
26382
26383
26394
26403
26487
26488
26490
26491
26496
26497
26499
26500
26502
26514
26515
26517
26518
26523
26524
26526
26527
26568
26569
26571
26572
26577
26578
26580
26581
26583
26595
26596
26598
26599
26604
26605
26607
26608
26973
26974
26976
26977
26982
26983
26985
26986
26988
27000
27001
27003
27004
27009
27010
27012
27013
27054
27055
27057
27058
27063
27064
27066
27067
27069
27081
27082
27084
27085
27090
27091
27093
27094
27096
27105
27108
27109
27111
27112
27123
27132
27216
27217
27219
27220
27225
27226
27228
27229
27231
27243
27244
27246
27247
27252
27253
27255
27256
27297
27298
27300
27301
27306
27307
27309
27310
27312
27324
27325
27327
27328
27333
27334
27336
27337
27339
27348
27351
27352
27354
27355
27366
27375
27420
27429
27432
27433
27435
27436
27447
27456
27459
27460
27462
27463
27468
27469
27471
27472
27474
27486
27487
27489
27490
27495
27496
27498
27499
27582
27591
27594
27595
27597
27598
27609
27618
27663
27672
27675
27676
27678
27679
27690
27699
28431
28432
28434
28435
28440
28441
28443
28444
28446
28458
28459
28461
28462
28467
28468
28470
28471
28512
28513
28515
28516
28521
28522
28524
28525
28527
28539
28540
28542
28543
28548
28549
28551
28552
28554
28563
28566
28567
28569
28570
28581
28590
28674
28675
28677
28678
28683
28684
28686
28687
28689
28701
28702
28704
28705
28710
28711
28713
28714
28755
28756
28758
28759
28764
28765
28767
28768
28770
28782
28783
28785
28786
28791
28792
28794
28795
29160
29161
29163
29164
29169
29170
29172
29173
29175
29187
29188
29190
29191
29196
29197
29199
29200
29241
29242
29244
29245
29250
29251
29253
29254
29256
29268
29269
29271
29272
29277
29278
29280
29281
29283
29292
29295
29296
29298
29299
29310
29319
29403
29404
29406
29407
29412
29413
29415
29416
29418
29430
29431
29433
29434
29439
29440
29442
29443
29484
29485
29487
29488
29493
29494
29496
29497
29499
29511
29512
29514
29515
29520
29521
29523
29524
