3
4
7
9
10
12
13
16
19
21
22
25
27
28
30
31
34
36
37
39
46
48
49
55
57
61
63
64
66
70
73
81
82
84
85
88
90
91
93
97
100
102
103
108
109
111
115
117
118
120
139
144
145
147
151
189
190
192
193
198
199
210
211
243
244
246
247
250
252
253
255
259
264
265
270
271
273
274
277
279
280
291
292
306
307
309
313
324
325
327
328
333
567
568
570
574
576
577
579
583
594
595
597
601
630
631
633
637
729
730
732
736
738
739
741
745
756
757
759
763
792
793
795
799
810
811
813
817
819
820
822
826
837
838
840
844
873
874
876
880
972
973
975
979
981
982
984
988
999
1000
