2
4
5
6
7
8
9
10
11
12
13
14
15
16
17
18
19
20
22
23
24
25
29
31
33
36
37
38
39
40
41
42
43
45
46
47
48
49
50
51
54
55
58
60
61
62
63
64
69
70
71
72
73
78
79
80
81
82
83
87
88
89
90
91
92
93
94
95
96
97
98
99
100
101
102
103
104
105
106
108
109
110
111
112
113
114
117
118
120
121
123
124
126
127
132
133
135
136
141
142
143
144
145
147
148
150
151
152
153
154
159
160
161
486
487
492
493
494
495
496
501
502
503
540
541
546
547
548
549
550
555
556
557
558
559
564
565
566
567
568
573
574
575
576
577
582
583
584
621
622
627
628
629
630
631
636
637
638
639
640
645
646
647
648
649
654
655
656
657
658
663
664
665
702
703
708
709
710
711
712
717
718
719
720
721
726
727
728
729
730
735
736
737
738
739
744
745
746
783
784
789
790
791
792
793
798
799
800
801
802
807
808
809
810
811
816
817
818
819
820
825
826
827
864
865
870
871
872
873
874
879
880
881
882
883
888
889
890
