2
4
5
6
7
8
9
10
11
12
13
14
15
16
17
18
19
20
21
22
23
24
25
26
28
30
31
32
33
34
35
36
37
38
39
40
41
42
43
44
45
46
47
48
49
50
51
52
53
54
55
56
57
58
59
60
61
62
63
64
65
66
67
68
69
70
71
72
73
74
75
76
77
78
79
80
81
82
83
84
85
86
87
88
89
90
91
92
93
94
95
96
97
98
99
100
101
102
103
104
105
106
107
108
109
110
111
112
113
114
115
116
117
118
119
120
121
122
123
124
125
126
127
128
129
130
131
132
133
134
135
136
137
138
139
140
141
142
143
144
145
146
147
148
149
150
151
152
153
154
155
156
157
158
159
160
161
162
163
164
165
166
167
168
169
170
171
172
173
174
175
176
177
179
180
181
182
183
184
185
186
188
189
190
192
193
194
195
196
197
198
199
200
201
202
204
205
208
209
210
211
213
214
216
217
225
226
228
229
231
232
237
238
240
241
274
279
280
283
308
310
312
313
317
318
319
320
322
324
325
328
329
330
333
334
348
351
352
353
354
355
358
360
361
363
364
365
369
370
371
373
374
376
380
381
394
398
399
400
401
403
405
406
409
410
411
412
414
415
416
417
419
420
421
423
424
425
426
428
436
438
439
441
442
445
446
447
448
450
451
452
454
455
456
457
459
460
461
462
464
465
468
469
470
473
475
479
480
482
484
486
487
490
491
492
493
494
495
496
497
498
500
501
502
503
504
505
506
507
509
510
511
512
513
514
515
516
518
519
520
525
527
528
529
531
532
533
535
536
537
540
541
542
545
546
548
556
557
558
559
560
561
563
564
565
566
567
568
572
573
574
575
576
577
578
579
581
582
583
584
585
586
588
590
591
592
593
599
606
608
612
613
614
615
616
619
620
623
624
625
629
638
639
640
641
643
644
645
646
647
648
649
650
654
655
656
657
658
659
660
661
662
663
664
665
666
667
668
671
672
673
674
677
679
680
684
685
688
689
693
694
695
696
697
698
701
702
703
705
706
707
710
711
712
713
715
717
719
720
721
722
724
725
726
727
728
729
730
731
733
734
735
736
737
738
739
740
741
742
743
744
745
746
747
748
749
750
751
753
754
760
765
766
768
769
770
774
775
776
778
779
780
781
783
784
785
786
788
789
791
792
793
794
797
800
801
802
803
805
806
807
808
809
810
811
812
814
815
816
817
818
819
820
821
822
823
824
825
826
827
828
829
830
831
832
833
834
835
837
838
839
840
841
843
844
846
847
848
849
850
851
852
853
855
856
858
859
860
861
862
864
865
869
872
873
874
875
876
877
878
879
880
881
882
883
884
885
886
887
888
889
890
891
892
893
896
898
899
900
901
902
903
904
908
909
910
911
912
913
918
919
920
921
922
925
927
928
929
930
931
932
933
934
936
937
939
940
942
943
945
946
954
955
957
958
960
961
966
967
969
970
972
973
974
980
981
982
983
984
985
987
988
989
990
991
992
993
994
996
997
999
1000
1001
1002
1003
1008
1009
1010
1011
1012
1020
1021
1022
1025
1026
1027
1029
1030
1031
1034
1035
1036
1053
1054
1055
1061
1062
1063
1064
1065
1066
1068
1069
1070
1071
1072
1073
1074
1075
1076
1077
1078
1079
1080
1081
1082
1083
1084
1085
1086
1087
1089
1090
1091
1092
1093
1094
1095
1096
1098
1099
1101
1102
1103
1104
1105
1107
1108
1112
1115
1116
1117
1119
1120
1122
1123
1128
1129
1131
1132
1134
1135
1140
1141
1142
1143
1144
1148
1149
1150
1151
1157
1158
1159
1160
1161
1162
1166
1167
1168
1170
1171
1173
1174
1175
1176
1177
1179
1180
1182
1183
1185
1186
1188
1189
1197
1198
1200
1201
1203
1204
1209
1210
1212
1213
1215
1216
1221
1222
1223
1224
1225
1227
1228
1229
1230
1231
1232
1236
1237
1238
1239
1240
1241
1247
1248
1249
1256
1257
1258
1260
1261
1277
1286
1287
1288
1289
1293
1294
1295
1296
1297
1302
1303
1304
1305
1306
1308
1309
1310
1311
1312
1317
1318
1320
1321
1323
1324
1332
1333
1335
1336
1338
1339
1344
1345
1347
1348
1349
1350
1351
1353
1354
1358
1359
1360
1362
1363
1365
1366
1367
1368
1369
1370
1371
1372
1374
1375
1376
1377
1378
1379
1385
1386
1387
1388
1389
1390
1394
1395
1396
1397
1404
1405
1413
1414
1416
1417
1419
1420
1425
1426
1428
1429
1430
1431
1432
1434
1435
1439
1440
1441
1443
1444
1446
1447
1448
1449
1450
1451
1452
1453
1455
1456
1457
1458
1459
1460
1466
1467
1468
1469
1470
1471
1475
1476
1477
1478
1520
1529
1530
1531
1532
1538
1539
1540
1541
1547
1548
1549
1550
1551
1552
1556
1557
1558
1559
1560
1561
1566
1567
1568
1569
1570
1575
1576
1577
1578
1579
1601
1610
1611
1612
1613
1619
1620
1621
1622
1628
1629
1630
1631
1632
1633
1637
1638
1639
1640
1701
1702
1710
1711
1713
1714
1716
1717
1722
1723
1725
1726
1782
1783
1791
1792
1794
1795
1797
1798
1803
1804
1806
1807
1809
1810
1818
1819
1821
1822
1824
1825
1830
1831
1833
1834
1836
1837
1845
1846
1848
1849
1851
1852
1857
1858
1860
1861
1890
1891
1899
1900
1902
1903
1905
1906
1911
1912
1914
1915
1917
1918
1926
1927
1929
1930
1932
1933
1938
1939
1941
1942
1944
1945
1953
1954
1956
1957
1959
1960
1965
1966
1968
1969
2025
2026
2034
2035
2037
2038
2040
2041
2046
2047
2049
2050
2052
2053
2061
2062
2064
2065
2067
2068
2073
2074
2076
2077
2079
2080
2088
2089
2091
2092
2094
2095
2100
2101
2103
2104
2133
2134
2142
2143
2145
2146
2148
2149
2154
2155
2157
2158
2160
2161
2169
2170
2172
2173
2175
2176
2181
2182
2184
2185
