2
4
5
7
8
9
10
11
13
14
16
17
18
19
20
22
23
25
26
28
29
31
32
34
35
36
37
38
40
41
43
44
45
46
47
49
50
52
55
56
58
59
61
63
64
65
68
70
72
73
74
76
77
79
81
82
83
85
86
88
89
90
91
92
94
95
98
99
100
101
103
104
109
113
115
116
117
118
119
121
124
126
133
136
137
140
142
143
144
145
146
148
149
152
153
154
155
158
162
163
164
166
167
171
172
173
175
180
181
182
184
185
187
191
197
198
199
200
202
203
205
207
208
209
212
214
221
223
225
226
227
230
232
233
234
235
241
242
247
248
250
252
254
257
259
260
261
262
263
265
266
268
272
280
281
283
287
292
293
295
296
298
301
302
304
305
306
307
308
310
311
315
316
317
319
323
324
325
326
328
333
334
335
337
342
343
344
346
359
360
361
362
364
365
367
369
370
371
374
382
383
385
387
388
394
405
406
407
410
414
415
416
422
423
424
425
428
440
446
448
449
450
451
452
455
463
464
466
468
469
473
503
508
509
512
517
520
522
523
524
526
527
531
532
533
536
544
545
641
646
659
666
667
668
709
711
712
718
722
727
729
730
731
733
734
738
739
740
742
747
748
749
751
752
754
755
758
763
764
765
766
767
769
770
772
774
775
776
779
781
787
788
803
808
810
811
812
814
815
819
820
821
823
827
828
829
830
832
833
836
844
845
846
847
848
850
860
862
877
880
882
883
887
889
890
891
892
893
895
896
900
901
902
904
909
910
911
913
917
925
926
927
928
929
931
932
935
936
937
1016
1025
1034
1044
1045
1046
1048
1052
1053
1054
1055
1057
1062
1063
1064
1066
1071
1072
1073
1075
1088
1089
1090
1091
1093
1282
1292
1318
1327
1332
1333
1334
1336
1363
1373
1418
1422
1423
1424
1427
1435
1436
1444
1454
1458
1459
1460
1462
1463
1467
1468
1469
1471
1476
1477
1478
1480
1493
1494
1495
1496
1498
1499
1503
1504
1505
1508
1516
1517
1539
1540
1541
1543
1544
1548
1549
1550
1552
1557
1558
1559
1561
1574
1575
1576
1577
1579
1606
1616
1620
1621
1622
1624
1625
1629
1630
1631
1633
1638
1639
1640
1642
1655
1656
1657
1658
1660
1745
1754
1763
1773
1774
1775
1777
1781
1782
1783
1784
1786
1791
1792
1793
1795
1800
1801
1802
1804
1817
1818
1819
1820
1822
2555
2564
2573
2583
2584
2585
2587
2591
2636
2645
2654
2664
2665
2666
2668
2672
2717
2726
2735
2745
2746
2747
2749
2753
2835
2836
2837
2839
2844
2845
2846
2848
2853
2854
2855
2857
2870
2871
2872
2873
2875
2879
2888
2897
2907
2908
2909
2911
2915
2916
2917
2918
2920
2925
2926
2927
2929
2934
2935
2936
2938
2951
2952
2953
2954
2956
2997
2998
2999
3001
3006
3007
3008
3010
3015
3016
3017
3019
3032
3033
3034
3035
3037
3078
3079
3080
3082
3087
3088
3089
3091
3096
3097
3098
3100
3113
3114
3115
3116
3118
3203
3212
3221
3231
3232
3233
3235
3239
3240
3241
3242
3244
3249
3250
3251
3253
3258
3259
3260
3262
3275
3276
3277
3278
3280
