4
6
7
9
10
13
15
16
19
22
24
25
31
33
36
37
42
46
49
51
52
54
55
58
60
61
63
64
69
70
73
76
78
79
81
82
85
87
88
90
91
96
97
103
105
106
112
114
117
118
123
124
127
132
133
135
136
141
142
144
145
150
151
171
175
177
186
193
195
196
204
205
213
214
216
217
225
226
292
297
298
301
324
325
328
330
333
334
346
373
378
379
382
438
441
442
447
474
486
487
490
492
493
495
496
501
502
519
522
523
528
540
541
546
547
549
550
555
556
567
568
573
574
576
577
582
583
621
622
627
628
630
631
636
637
729
730
733
735
736
738
739
744
745
753
754
762
765
766
771
778
783
784
787
789
790
792
793
798
799
810
811
814
816
817
819
820
825
826
834
835
852
853
861
862
864
865
870
871
873
874
879
880
933
934
942
943
945
946
954
955
1095
1096
1104
1105
1107
1108
1116
1117
1176
1177
1185
1186
1188
1189
1197
1198
1215
1216
1221
1222
1224
1225
1230
1231
1239
1240
1269
1270
1275
1276
1278
1279
1284
1285
1296
1297
1302
1303
1305
1306
1311
1312
1320
1321
1350
1351
1356
1357
1359
1360
1365
1366
1824
1825
1833
1834
1836
1837
1845
1846
1905
1906
1914
1915
1917
1918
1926
1927
1944
1945
1953
1954
1959
1960
1968
1969
2025
2026
2034
2035
2040
2041
2049
2050
