2
4
5
6
7
9
10
11
12
13
14
15
16
18
19
20
21
22
23
24
25
28
30
31
32
33
36
37
38
39
40
41
43
45
46
47
48
49
50
51
52
54
55
56
57
58
59
60
63
64
65
66
68
69
70
73
74
75
76
77
78
79
81
82
83
84
85
86
87
88
90
91
92
93
94
95
96
97
99
100
101
102
103
104
105
106
108
110
112
114
115
117
118
119
120
123
124
126
127
130
131
132
135
136
140
142
144
145
146
148
150
151
155
156
157
159
160
162
163
164
167
168
171
173
175
180
181
185
186
189
190
192
195
196
198
199
204
205
208
210
211
213
214
216
217
225
226
231
232
237
238
240
241
274
279
280
283
308
310
312
317
320
324
325
328
330
333
334
348
351
352
353
354
355
360
361
364
371
380
381
398
401
405
406
410
414
415
416
438
439
447
448
450
451
456
459
460
465
486
487
490
492
493
495
496
500
501
502
510
515
519
520
525
528
529
531
532
533
535
537
540
541
546
560
563
564
565
567
568
573
574
576
577
579
581
582
583
585
586
588
590
606
612
613
614
623
624
672
677
695
697
713
715
717
729
730
733
734
735
736
738
739
740
743
744
745
750
751
753
754
760
765
766
768
769
774
775
779
780
783
784
788
789
792
793
794
797
810
811
814
815
816
817
819
820
821
822
824
825
826
828
829
831
832
833
834
835
837
838
840
843
844
852
853
855
856
860
864
865
869
873
874
875
878
879
880
885
886
888
889
891
892
896
900
901
902
918
919
921
927
928
930
933
934
936
937
939
940
942
943
945
946
954
955
960
961
966
967
969
970
1022
1026
1027
1031
1035
1036
1076
1085
1103
1107
1108
1112
1116
1117
1134
1135
1140
1141
1143
1144
1148
1149
1150
1157
1166
1167
1168
1176
1177
1179
1180
1215
1216
1221
1222
1224
1225
1229
1230
1231
1236
1237
1239
1240
1248
1249
1257
1258
1260
1261
1293
1294
1296
1297
1302
1303
1305
1306
1310
1311
1312
1317
1318
1320
1321
1350
1351
1359
1360
1365
1366
1371
1372
1374
1375
1404
1405
1413
1414
1419
1420
1425
1426
1428
1429
1431
1432
1440
1441
1446
1447
1452
1453
1455
1456
1701
1702
1710
1711
1716
1717
1722
1723
1725
1726
1782
1783
1791
1792
1797
1798
1803
1804
1806
1807
1836
1837
1845
1846
1851
1852
1857
1858
1860
1861
1890
1891
1899
1900
1905
1906
1911
1912
1914
1915
1917
1918
1926
1927
1932
1933
1938
1939
1941
1942
1944
1945
1953
1954
1959
1960
1965
1966
1968
1969
2025
2026
2034
2035
2040
2041
2046
2047
2049
2050
2079
2080
2088
2089
2094
2095
2100
2101
2103
2104
2133
2134
2142
2143
2148
2149
2154
2155
2157
2158
2160
2161
2169
2170
2175
2176
2181
2182
2184
2185
