2
5
6
8
9
10
11
12
13
14
15
16
17
18
19
20
37
41
42
43
44
45
46
47
48
49
50
52
53
54
55
60
64
65
66
68
69
72
73
74
75
76
77
80
81
82
83
85
86
87
88
89
90
91
92
93
96
97
98
99
100
101
108
109
112
114
118
123
126
127
134
135
136
137
140
144
145
146
149
150
151
152
153
154
155
161
162
163
164
171
172
173
177
178
179
180
181
182
365
369
370
372
373
374
405
406
410
413
414
415
432
433
437
438
440
441
442
444
446
447
450
451
453
454
455
486
487
492
495
496
498
519
525
528
540
541
546
608
612
613
615
616
617
648
649
653
656
657
658
675
676
680
683
684
685
689
693
694
696
697
698
729
730
731
734
735
737
738
739
740
741
744
745
746
747
748
749
770
774
775
777
778
779
783
784
789
797
801
802
804
805
806
810
811
812
815
816
818
819
820
821
822
825
826
827
828
829
830
837
838
864
865
866
873
874
875
876
879
880
881
882
883
884
885
891
892
893
900
901
902
906
907
908
909
910
911
924
930
933
957
966
972
973
978
981
982
984
1215
1216
1217
1224
1225
1226
1230
1231
1232
1233
1234
1235
1296
1297
1298
1305
1306
1307
1311
1312
1313
1314
1315
1316
1350
1351
1352
1359
1360
1361
1365
1366
1367
1368
1369
1370
1377
1378
1379
1386
1387
1388
1392
1393
1394
1395
1396
1397
1458
1459
1460
1467
1468
1469
1473
1474
1475
1476
1477
1478
1539
1540
1541
1548
1549
1550
1554
1555
1556
1557
1558
1559
1593
1594
1595
1602
1603
1604
1608
1609
1610
1611
1612
1613
1620
1621
1622
1629
1630
1631
1635
1636
1637
1638
1639
1640
