2
3
4
5
6
7
8
9
10
11
12
13
14
15
16
17
18
19
20
21
22
23
24
25
26
27
28
29
30
31
32
33
34
35
36
37
38
39
40
41
42
43
44
45
46
47
48
50
51
52
54
55
56
57
59
60
61
62
63
64
65
66
67
68
69
70
71
72
73
74
75
76
77
78
79
80
81
82
83
84
85
86
87
88
89
90
91
92
93
94
95
96
98
99
100
101
102
103
104
105
106
107
108
109
111
112
113
114
115
116
117
119
123
125
130
132
134
135
136
138
140
141
142
143
145
146
147
148
149
150
152
153
154
155
156
159
162
163
164
165
167
168
169
170
171
172
173
177
179
180
181
182
183
184
185
186
187
189
190
191
195
196
197
198
199
200
205
206
207
208
209
210
211
212
213
214
215
216
217
219
220
221
222
223
224
225
226
228
231
233
234
235
237
238
239
240
243
244
246
247
248
251
252
253
254
255
256
258
260
267
269
270
271
273
274
275
276
278
279
280
281
282
284
285
287
288
289
293
294
295
296
297
298
300
312
314
315
316
318
321
324
325
327
328
329
333
334
335
336
338
339
341
342
343
345
347
348
349
350
351
352
357
365
368
369
370
374
375
376
386
390
392
395
396
397
401
402
403
405
406
408
409
410
414
415
416
446
449
450
451
455
456
457
459
460
462
463
464
468
469
470
486
487
488
492
493
494
495
496
497
504
505
506
507
508
509
540
541
542
546
547
548
549
550
551
558
559
560
561
562
563
567
568
569
573
574
575
576
577
578
585
586
587
588
589
590
629
633
648
649
650
651
654
655
656
657
658
659
660
663
666
667
668
669
670
671
675
676
677
681
682
683
684
685
686
693
694
695
696
697
698
699
702
703
710
714
729
730
731
732
733
734
735
736
737
738
739
740
741
744
746
747
748
749
750
751
752
753
755
756
757
759
760
761
762
764
765
766
767
768
770
773
774
775
779
780
781
783
784
785
789
790
791
792
793
794
801
802
803
804
805
806
807
810
811
812
813
814
815
816
817
818
819
820
821
822
824
825
827
828
829
830
831
832
833
834
835
837
838
840
843
845
851
852
854
855
856
860
861
862
863
864
865
867
878
879
881
882
883
885
887
888
889
891
892
893
894
895
896
897
898
899
900
901
902
909
910
911
912
913
914
918
919
920
924
925
926
927
928
929
932
935
936
937
938
939
940
941
942
943
945
946
948
949
950
954
955
956
972
973
975
981
982
984
987
989
999
1000
1002
1005
1007
1014
1016
1023
1025
1026
1027
1029
1041
1043
1044
1045
1047
1095
1097
1104
1106
1107
1108
1110
1122
1124
1125
1126
1128
1176
1178
1185
1187
1188
1189
1191
1203
1205
1206
1207
1209
1215
1216
1218
1224
1225
1227
1230
1232
1242
1243
1245
1248
1250
1338
1340
1347
1349
1350
1351
1353
1365
1367
1368
1369
1371
1377
1378
1380
1386
1387
1389
1392
1394
1404
1405
1407
1410
1412
1458
1459
1460
1464
1465
1466
1467
1468
1469
1476
1477
1478
1479
1480
1481
1512
1513
1514
1518
1519
1520
1521
1522
1523
1530
1531
1532
1533
1534
1535
1539
1540
1541
1545
1546
1547
1548
1549
1550
1557
1558
1559
1560
1561
1562
1620
1621
1622
1626
1627
1628
1629
1630
1631
1638
1639
1640
1641
1642
1643
1647
1648
1649
1653
1654
1655
1656
1657
1658
1665
1666
1667
1668
1669
1670
1701
1702
1703
1707
1708
1709
1710
1711
1712
1719
1720
1721
1722
1723
1724
1755
1756
1757
1761
1762
1763
1764
1765
1766
1773
1774
1775
1776
1777
1778
1782
1783
1784
1788
1789
1790
1791
1792
1793
1800
1801
1802
1803
1804
1805
1863
1864
1865
1869
1870
1871
1872
1873
1874
1881
1882
1883
1884
1885
1886
1890
1891
1892
1896
1897
1898
1899
1900
1901
1908
1909
1910
1911
1912
1913
2187
2188
2190
2196
2197
2199
2202
2204
2214
2215
2217
2220
2222
2268
2269
2271
2277
2278
2280
2283
2285
2295
2296
2298
2301
2303
2310
2312
2319
2321
2322
2323
2325
2337
2339
2340
2341
2343
2430
2431
2433
2439
2440
2442
2445
2447
2457
2458
2460
2463
2465
2472
2474
2481
2483
2484
2485
2487
2499
2501
2502
2503
2505
2553
2555
2562
2564
2565
2566
2568
2580
2582
2583
2584
2586
2634
2636
2643
2645
2646
2647
2649
2661
2663
2664
2665
2667
2673
2674
2676
2682
2683
2685
2688
2690
2700
2701
2703
2706
2708
2796
2798
2805
2807
2808
2809
2811
2823
2825
2826
2827
2829
2835
2836
2838
2844
2845
2847
2850
2852
2862
2863
2865
2868
2870
