2
4
5
6
7
8
9
10
11
12
13
14
15
16
17
18
19
20
21
22
23
31
32
34
35
36
37
38
39
40
41
42
43
44
45
46
47
48
49
50
51
52
53
54
55
56
57
58
59
60
61
62
63
64
65
66
67
68
69
70
71
72
73
74
75
76
77
78
79
80
81
82
83
84
85
86
87
88
89
90
91
92
93
94
95
96
97
99
100
101
102
103
104
105
106
108
109
110
111
112
113
114
115
116
117
118
119
120
121
122
123
124
125
126
127
128
129
130
131
132
133
134
135
136
137
138
139
140
141
142
144
145
146
147
148
149
150
151
154
155
156
157
158
159
160
162
163
164
165
166
167
168
169
171
172
173
174
175
176
177
178
180
181
182
183
184
185
186
187
189
190
191
195
198
199
200
201
202
203
207
208
209
210
211
212
282
289
290
294
298
302
304
306
313
316
317
318
321
322
324
325
326
327
328
329
331
332
333
334
335
336
338
340
341
343
345
346
347
348
351
352
353
355
356
357
358
360
363
364
365
367
368
369
370
371
374
375
376
378
379
381
382
383
384
385
386
387
388
389
390
394
397
399
400
401
402
403
405
406
407
410
411
412
413
414
415
416
417
419
420
421
423
424
425
426
427
428
429
430
432
433
435
436
438
439
440
441
442
444
446
448
449
450
451
452
453
455
456
457
459
460
461
462
463
464
465
466
468
469
470
471
472
473
475
476
477
478
479
481
482
483
484
486
487
491
492
493
495
496
497
498
499
500
501
502
504
505
507
508
510
511
512
513
514
515
517
518
519
520
521
522
523
527
528
529
530
531
532
533
534
535
536
537
538
539
540
541
542
544
545
546
547
549
550
551
553
555
559
560
561
562
564
567
568
570
571
572
573
574
575
576
577
578
579
580
581
582
583
585
586
587
588
590
591
592
593
594
595
596
597
598
601
602
603
604
605
606
607
608
609
611
612
613
615
616
617
618
621
622
624
625
626
630
631
632
633
634
635
636
637
638
639
640
641
642
643
644
645
646
648
649
650
651
652
654
657
658
660
661
662
663
664
666
667
668
669
670
671
672
673
674
675
676
677
678
679
680
681
682
683
684
685
686
687
689
690
691
692
693
694
695
696
697
698
699
700
701
702
703
704
705
706
711
712
713
714
715
717
718
721
723
724
726
727
729
730
731
733
734
735
736
737
738
739
740
741
742
743
744
745
746
747
748
749
750
751
752
753
754
755
756
757
758
759
760
761
762
763
764
765
766
767
768
769
770
771
772
774
775
776
777
778
779
780
781
783
784
785
786
787
788
789
790
792
793
794
795
796
797
798
799
801
802
803
804
805
806
807
808
810
811
812
813
814
815
816
817
818
819
820
821
822
823
824
825
828
829
830
831
832
833
834
835
837
838
839
840
843
846
847
848
849
850
851
852
853
855
856
857
858
859
860
861
862
864
865
866
867
868
869
870
871
873
874
875
876
877
878
879
880
883
884
885
886
887
888
891
892
893
895
896
897
898
900
901
902
903
904
905
909
910
911
912
913
914
915
916
918
919
920
924
927
928
929
930
931
932
933
936
937
938
939
940
941
942
943
944
945
946
947
949
950
951
952
954
955
956
957
958
959
960
961
964
965
966
968
969
972
973
974
979
981
982
983
984
985
986
990
991
992
993
994
995
996
998
999
1000
1001
1003
1008
1011
1014
1016
1017
1018
1019
1020
1021
1022
1023
1024
1025
1026
1027
1029
1030
1031
1032
1035
1037
1038
1039
1043
1045
1046
1047
1048
1050
1053
1054
1055
1057
1058
1062
1063
1064
1065
1066
1067
1068
1069
1071
1072
1073
1074
1075
1076
1077
1078
1079
1080
1081
1082
1085
1089
1090
1091
1092
1093
1094
1095
1098
1099
1100
1101
1102
1103
1104
1106
1107
1108
1110
1111
1119
1120
1123
1126
1128
1130
1131
1134
1135
1136
1137
1141
1142
1143
1144
1145
1146
1147
1148
1149
1150
1152
1153
1154
1155
1156
1157
1158
1159
1160
1161
1162
1163
1164
1165
1167
1170
1171
1172
1173
1174
1175
1176
1177
1178
1179
1180
1181
1182
1183
1184
1185
1186
1187
1188
1189
1191
1192
1193
1194
1195
1199
1200
1202
1203
1204
1205
1206
1207
1209
1210
1211
1212
1215
1216
1218
1224
1225
1228
1230
1231
1234
1236
1237
1239
1240
1241
1242
1243
1245
1246
1247
1249
1250
1251
1252
1254
1258
1260
1261
1265
1267
1268
1269
1270
1271
1272
1274
1275
1276
1278
1279
1282
1283
1284
1288
1290
1291
1292
1293
1296
1297
1298
1299
1302
1303
1304
1305
1306
1308
1310
1314
1317
1321
1322
1323
1324
1325
1332
1333
1334
1337
1338
1341
1342
1344
1345
1347
1350
1351
1353
1354
1355
1356
1357
1359
1360
1362
1364
1365
1366
1371
1372
1374
1381
1386
1387
1393
1395
1396
1397
1398
1399
1400
1401
1404
1405
1406
1407
1408
1409
1410
1411
1413
1414
1416
1419
1422
1425
1426
1427
1428
1431
1432
1434
1435
1446
1447
1452
1453
1455
1458
1459
1460
1467
1468
1469
1470
1471
1472
1474
1476
1477
1478
1479
1480
1481
1482
1490
1491
1492
1494
1495
1496
1497
1499
1500
1501
1503
1509
1510
1512
1526
1531
1532
1533
1535
1536
1539
1540
1541
1543
1544
1548
1549
1550
1551
1552
1553
1554
1555
1557
1558
1559
1560
1561
1562
1563
1566
1567
1568
1569
1570
1575
1576
1577
1578
1579
1580
1584
1585
1586
1587
1588
1589
1593
1594
1596
1604
1605
1606
1612
1613
1614
1616
1620
1621
1622
1624
1625
1629
1630
1631
1632
1633
1634
1635
1638
1639
1640
1641
1642
1643
1647
1648
1649
1656
1657
1658
1659
1660
1661
1662
1665
1666
1667
1668
1669
1670
1678
1679
1685
1686
1687
1693
1694
1695
1697
1701
1702
1703
1710
1711
1712
1713
1714
1715
1719
1720
1721
1722
1723
1724
1782
1783
1784
1791
1792
1793
1794
1795
1796
1800
1801
1802
1803
1804
1805
1809
1810
1811
1818
1819
1820
1821
1822
1823
1827
1828
1829
1830
1831
1832
1863
1864
1865
1872
1873
1874
1875
1876
1877
1881
1882
1883
1884
1885
1886
1890
1891
1892
1899
1900
1901
1902
1903
1904
1908
1909
1910
1911
1912
1913
2817
2818
2820
2847
2851
2856
2859
2862
2863
2868
2886
2887
2889
2890
2898
2899
2901
3129
3130
3132
3133
3159
3160
3165
3168
3169
3171
3175
3180
3198
3202
3210
3211
3213
3214
3229
3234
3237
3238
3264
3267
3268
3273
3279
3281
3283
3285
3286
3287
3290
3291
3292
3303
3304
3306
3310
3315
3318
3319
3321
3322
3326
3327
3328
3330
3331
3332
3335
3339
3340
3341
3344
3345
3346
3362
3366
3367
3368
3371
3372
3373
3375
3376
3380
3381
3382
3384
3385
3386
3441
3445
3472
3477
3480
3481
3483
3484
3489
3492
3493
3507
3510
3511
3516
3522
3526
3546
3547
3549
3576
3580
3585
3588
3591
3592
3597
3615
3616
3618
3619
3627
3628
3630
3645
3646
3650
3651
3652
3654
3655
3656
3686
3690
3691
3692
3695
3696
3697
3699
3700
3704
3705
3706
3708
3709
3710
3726
3727
3731
3732
3733
3735
3736
3737
3740
3744
3745
3746
3749
3750
3751
3753
3754
3759
3767
3771
3772
3773
3776
3777
3778
3789
3790
3792
3796
3801
3804
3805
3807
3808
3812
3813
3814
3816
3817
3818
3819
3821
3823
3825
3826
3827
3828
3830
3831
3832
3834
3835
3840
3848
3852
3853
3854
3857
3858
3859
3861
3862
3866
3867
3868
3870
3871
3872
4010
4014
4015
4016
4019
4020
4021
4050
4051
4055
4056
4057
4059
4060
4061
4062
4064
4066
4068
4069
4070
4071
4073
4074
4075
4091
4095
4096
4097
4100
4101
4102
4104
4105
4109
4110
4111
4113
4114
4115
4116
4131
4132
4136
4137
4138
4140
4141
4142
4143
4147
4152
4170
4172
4174
4176
4177
4178
4181
4182
4183
4185
4186
4190
4191
4192
4194
4195
4196
4201
4206
4209
4210
4212
4213
4217
4218
4219
4221
4222
4223
4226
4230
4231
4232
4235
4236
4237
4239
4240
4245
4251
4255
4374
4375
4379
4380
4381
4383
4384
4385
4413
4415
4417
4419
4420
4421
4424
4425
4426
4428
4429
4433
4434
4435
4437
4438
4439
4444
4449
4452
4453
4455
4456
4460
4461
4462
4464
4465
4466
4469
4473
4474
4475
4478
4479
4480
4482
4483
4488
4518
4519
4521
4525
4530
4533
4534
4548
4552
4557
4560
4563
4564
4569
4739
4743
4744
4745
4748
4749
4750
4779
4780
4784
4785
4786
4788
4789
4790
4793
4797
4798
4799
4802
4803
4804
4820
4824
4825
4826
4829
4830
4831
4833
4834
4838
4839
4840
4842
4843
4844
4860
4861
4865
4866
4867
4869
4870
4871
4901
4905
4906
4907
4910
4911
4912
4914
4915
4919
4920
4921
4923
4924
4925
4929
4935
4936
4938
4941
4942
4946
4947
4948
4950
4951
4952
4955
4959
4960
4961
4964
4965
4966
4983
4989
4990
4992
4995
4996
4998
4999
5010
5016
5017
5019
5043
5044
5049
5050
5052
5053
5058
5059
5064
5070
5071
5073
5076
5077
5079
5080
5103
5104
5108
5109
5110
5112
5113
5114
5144
5148
5149
5150
5153
5154
5155
5157
5158
5162
5163
5164
5166
5167
5168
5184
5185
5189
5190
5191
5193
5194
5195
5198
5202
5203
5204
5207
5208
5209
5225
5229
5230
5231
5234
5235
5236
5265
5266
5270
5271
5272
5274
5275
5276
5279
5283
5284
5285
5288
5289
5290
5306
5310
5311
5312
5315
5316
5317
5319
5320
5324
5325
5326
5328
5329
5330
5469
5475
5476
5478
5481
5482
5484
5485
5529
5530
5535
5536
5538
5539
5544
5545
5550
5556
5557
5559
5562
5563
5565
5566
5589
5590
5598
5599
5604
5610
5611
5616
5617
5619
5620
5625
5626
5628
5632
5658
5659
5664
5665
5667
5668
5670
5671
5676
5679
5680
5694
5697
5698
5703
5709
5712
5713
5718
5719
5721
5724
5725
5727
5728
5739
5745
5746
5748
5772
5773
5778
5779
5781
5782
5787
5788
5793
5799
5800
5802
5805
5806
5808
5809
5937
5940
5941
5946
5976
5977
5979
5983
5988
5991
5992
6006
6010
6015
6016
6018
6021
6022
6024
6025
6027
6030
6031
6045
6046
6048
6049
6075
6076
6081
6084
6085
6087
6090
6091
6096
6097
6102
6103
6105
6106
6111
6112
6114
6118
6126
6127
6129
6130
6144
6150
6151
6153
6156
6157
6165
6166
6171
6198
6204
6205
6207
6210
6211
6213
6214
6249
6253
6258
6259
6264
6265
6267
6268
6273
6274
6279
6285
6286
6288
6289
6291
6292
6294
6295
6300
6301
6303
6318
6319
6324
6327
6328
6330
6333
6334
6339
6340
6345
6346
6348
6349
6354
6355
6357
6361
6388
6393
6396
6397
6399
6400
6405
6408
6409
6423
6426
6427
6432
6438
6442
6561
6562
6563
6566
6567
6568
6570
6571
6572
6573
6574
6575
6576
6579
6580
6581
6582
6583
6584
6600
6602
6604
6606
6607
6608
6611
6612
6613
6615
6616
6620
6621
6622
6624
6625
6626
6630
6631
6636
6637
6639
6640
6642
6643
6644
6647
6648
6649
6651
6652
6653
6654
6655
6656
6657
6660
6661
6662
6663
6664
6665
6666
6667
6669
6670
6671
6678
6679
6680
6681
6682
6683
6684
6687
6688
6689
6690
6691
6692
6693
6696
6697
6699
6700
6711
6717
6718
6720
6723
6724
6725
6732
6733
6734
6735
6736
6737
6741
6742
6743
6744
6745
6746
6750
6751
6752
6759
6760
6761
6762
6763
6764
6768
6769
6770
6771
6772
6773
6874
6879
6882
6883
6909
6912
6913
6918
6924
6926
6928
6930
6931
6932
6935
6936
6937
6948
6949
6951
6955
6960
6963
6964
6966
6967
6971
6972
6973
6975
6976
6977
6978
6980
6982
6984
6985
6986
6987
6989
6990
6991
7007
7011
7012
7013
7016
7017
7018
7020
7021
7025
7026
7027
7029
7030
7031
7032
7047
7048
7052
7053
7054
7056
7057
7058
7059
7063
7068
7088
7092
7093
7094
7097
7098
7099
7101
7102
7106
7107
7108
7110
7111
7112
7116
7122
7123
7125
7128
7129
7133
7134
7135
7137
7138
7139
7142
7146
7147
7148
7151
7152
7153
7170
7176
7177
7179
7182
7183
7185
7186
7191
7192
7194
7197
7203
7204
7206
7221
7225
7230
7231
7233
7236
7237
7239
7240
7242
7245
7246
7251
7257
7258
7260
7261
7263
7264
7266
7267
7272
7273
7275
7290
7291
7292
7295
7296
7297
7299
7300
7301
7302
7303
7304
7305
7308
7309
7310
7311
7312
7313
7329
7331
7333
7335
7336
7337
7340
7341
7342
7344
7345
7349
7350
7351
7353
7354
7355
7359
7360
7365
7366
7368
7369
7371
7372
7373
7376
7377
7378
7380
7381
7382
7383
7384
7385
7386
7389
7390
7391
7392
7393
7394
7395
7396
7398
7399
7400
7407
7408
7409
7410
7411
7412
7413
7416
7417
7418
7419
7420
7421
7422
7423
7425
7426
7428
7429
7440
7446
7447
7449
7452
7453
7454
7457
7458
7459
7461
7462
7463
7464
7465
7466
7470
7471
7472
7473
7474
7475
7476
7477
7479
7480
7481
7488
7489
7490
7491
7492
7493
7497
7498
7499
7500
7501
7502
7503
7504
7506
7507
7511
7512
7513
7515
7516
7517
7533
7534
7535
7542
7543
7544
7545
7546
7547
7551
7552
7553
7554
7555
7556
7614
7615
7616
7623
7624
7625
7626
7627
7628
7632
7633
7634
7635
7636
7637
7641
7642
7643
7650
7651
7652
7653
7654
7655
7656
7659
7660
7661
7662
7663
7664
7665
7666
7668
7669
7671
7672
7695
7696
7697
7700
7701
7702
7704
7705
7706
7707
7708
7709
7713
7714
7715
7716
7717
7718
7719
7720
7722
7723
7724
7725
7726
7731
7732
7733
7734
7735
7736
7737
7740
7741
7742
7743
7744
7745
7746
7747
7749
7750
7752
7753
7754
7755
7756
7758
7759
7760
7776
7777
7785
7786
7791
7797
7798
7803
7804
7806
7807
7812
7813
7845
7851
7852
7854
7899
7905
7906
7908
7911
7912
7914
7915
7926
7932
7933
7935
7959
7960
7965
7966
7968
7969
7974
7975
7980
7986
7987
7989
7992
7993
7995
7996
8019
8020
8021
8024
8025
8026
8028
8029
8030
8031
8032
8033
8037
8038
8039
8040
8041
8042
8060
8064
8065
8066
8069
8070
8071
8073
8074
8078
8079
8080
8082
8083
8084
8100
8101
8102
8105
8106
8107
8109
8110
8111
8112
8113
8114
8118
8119
8120
8121
8122
8123
8124
8125
8127
8128
8129
8136
8137
8138
8139
8140
8141
8145
8146
8147
8148
8149
8150
8151
8152
8181
8182
8183
8186
8187
8188
8190
8191
8192
8193
8194
8195
8199
8200
8201
8202
8203
8204
8205
8206
8208
8209
8210
8217
8218
8219
8220
8221
8222
8226
8227
8228
8229
8230
8231
8232
8233
8235
8236
8240
8241
8242
8244
8245
8246
8262
8263
8264
8271
8272
8273
8274
8275
8276
8280
8281
8282
8283
8284
8285
8343
8344
8345
8352
8353
8354
8355
8356
8357
8361
8362
8363
8364
8365
8366
8370
8371
8372
8379
8380
8381
8382
8383
8384
8388
8389
8390
8391
8392
8393
8394
8395
8424
8425
8426
8429
8430
8431
8433
8434
8435
8436
8437
8438
8442
8443
8444
8445
8446
8447
8448
8449
8451
8452
8453
8460
8461
8462
8463
8464
8465
8469
8470
8471
8472
8473
8474
8475
8476
8478
8479
8483
8484
8485
8487
8488
8489
8505
8506
8510
8511
8512
8514
8515
8516
8546
8550
8551
8552
8555
8556
8557
8559
8560
8564
8565
8566
8568
8569
8570
8586
8587
8591
8592
8593
8595
8596
8597
8600
8604
8605
8606
8609
8610
8611
8748
8749
8750
8757
8758
8759
8760
8761
8762
8766
8767
8768
8769
8770
8771
8829
8830
8831
8838
8839
8840
8841
8842
8843
8847
8848
8849
8850
8851
8852
8856
8857
8858
8865
8866
8867
8868
8869
8870
8874
8875
8876
8877
8878
8879
8910
8911
8912
8919
8920
8921
8922
8923
8924
8928
8929
8930
8931
8932
8933
8937
8938
8939
8946
8947
8948
8949
8950
8951
8955
8956
8957
8958
8959
8960
9477
9478
9479
9486
9487
9488
9489
9490
9491
9495
9496
9497
9498
9499
9500
9558
9559
9560
9567
9568
9569
9570
9571
9572
9576
9577
9578
9579
9580
9581
9585
9586
9587
9594
9595
9596
9597
9598
9599
9603
9604
9605
9606
9607
9608
9639
9640
9641
9648
9649
9650
9651
9652
9653
9657
9658
9659
9660
9661
9662
9666
9667
9668
9675
9676
9677
9678
9679
9680
9684
9685
9686
9687
9688
9689
9720
9721
9722
9729
9730
9731
9732
9733
9734
9738
9739
9740
9741
9742
9743
9801
9802
9803
9810
9811
9812
9813
9814
9815
9819
9820
9821
9822
9823
9824
9828
9829
9830
9837
9838
9839
9840
9841
9842
9843
9846
9847
9848
9849
9850
9851
9852
9855
9856
9858
9859
9882
9883
9884
9891
9892
9893
9894
9895
9896
9900
9901
9902
9903
9904
9905
9909
9910
9911
9912
9913
9918
9919
9920
9921
9922
9923
9924
9927
9928
9929
9930
9931
9932
9933
9936
9937
9939
9940
9963
9964
9972
9973
9978
9984
9985
9990
9991
9993
9994
9999
10000
10206
10207
10208
10215
10216
10217
10218
10219
10220
10224
10225
10226
10227
10228
10229
10287
10288
10289
10296
10297
10298
10299
10300
10301
10305
10306
10307
10308
10309
10310
10314
10315
10316
10323
10324
10325
10326
10327
10328
10332
10333
10334
10335
10336
10337
10368
10369
10370
10377
10378
10379
10380
10381
10382
10386
10387
10388
10389
10390
10391
10395
10396
10397
10398
10399
10404
10405
10406
10407
10408
10409
10413
10414
10415
10416
10417
10418
10449
10450
10451
10458
10459
10460
10461
10462
10463
10464
10467
10468
10469
10470
10471
10472
10476
10477
10479
10480
10485
10486
10518
10524
10525
10527
10530
10531
10532
10539
10540
10541
10542
10543
10544
10545
10548
10549
10550
10551
10552
10553
10557
10558
10559
10566
10567
10568
10569
10570
10571
10572
10575
10576
10577
10578
10579
10580
10581
10584
10585
10587
10588
10611
10612
10613
10620
10621
10622
10623
10624
10625
10629
10630
10631
10632
10633
10634
10638
10639
10640
10641
10642
10647
10648
10649
10650
10651
10652
10653
10656
10657
10658
10659
10660
10661
10662
10665
10666
10668
10669
10692
10693
10701
10702
10707
10713
10714
10719
10720
10722
10723
10728
10729
10935
10936
10944
10945
10950
11004
11010
11011
11013
11016
11017
11025
11026
11031
11058
11064
11065
11067
11070
11071
11073
11074
11085
11091
11092
11094
11118
11119
11124
11125
11127
11128
11133
11134
11178
11179
11187
11188
11193
11199
11200
11205
11206
11208
11209
11214
11215
11247
11253
11254
11256
11259
11260
11268
11269
11274
11490
11496
11497
11499
11544
11550
11551
11553
11556
11557
11559
11560
11571
11577
11578
11580
11604
11605
11610
11611
11613
11614
11619
11620
11625
11631
11632
11634
11637
11638
11640
11641
12030
12036
12037
12039
12042
12043
12045
12046
12090
12091
12096
12097
12099
12100
12105
12106
12111
12117
12118
12120
12123
12124
12126
12127
12150
12151
12159
12160
12165
12171
12172
12177
12178
12180
12181
12186
12187
12219
12225
12226
12228
12273
12279
12280
12282
12285
12286
12288
12289
12300
12306
12307
12309
12333
12334
12339
12340
12342
12343
12348
12349
12354
12360
12361
12363
12366
12367
12369
12370
12576
12577
12582
12583
12585
12586
12591
12592
12636
12637
12645
12646
12651
12657
12658
12663
12664
12666
12667
12672
12673
12705
12711
12712
12714
12717
12718
12726
12727
12732
12759
12765
12766
12768
12771
12772
12774
12775
12819
12820
12825
12826
12828
12829
12834
12835
12840
12846
12847
12849
12852
12853
12855
12856
12879
12880
12888
12889
12894
12900
12901
12906
12907
12909
12910
12915
12916
13122
13123
13124
13131
13132
13133
13134
13135
13136
13140
13141
13142
13143
13144
13145
13203
13204
13205
13212
13213
13214
13215
13216
13217
13221
13222
13223
13224
13225
13226
13230
13231
13232
13239
13240
13241
13242
13243
13244
13248
13249
13250
13251
13252
13253
13284
13285
13286
13293
13294
13295
13296
13297
13298
13302
13303
13304
13305
13306
13307
13311
13312
13313
13320
13321
13322
13323
13324
13325
13329
13330
13331
13332
13333
13334
13851
13852
13853
13860
13861
13862
13863
13864
13865
13869
13870
13871
13872
13873
13874
13932
13933
13934
13941
13942
13943
13944
13945
13946
13950
13951
13952
13953
13954
13955
13959
13960
13961
13968
13969
13970
13971
13972
13973
13977
13978
13979
13980
13981
13982
14013
14014
14015
14022
14023
14024
14025
14026
14027
14031
14032
14033
14034
14035
14036
14040
14041
14042
14049
14050
14051
14052
14053
14054
14058
14059
14060
14061
14062
14063
14094
14095
14096
14103
14104
14105
14106
14107
14108
14112
14113
14114
14115
14116
14117
14175
14176
14177
14184
14185
14186
14187
14188
14189
14193
14194
14195
14196
14197
14198
14202
14203
14204
14211
14212
14213
14214
14215
14216
14220
14221
14222
14223
14224
14225
14256
14257
14258
14265
14266
14267
14268
14269
14270
14274
14275
14276
14277
14278
14279
14283
14284
14285
14292
14293
14294
14295
14296
14297
14301
14302
14303
14304
14305
14306
14580
14581
14582
14589
14590
14591
14592
14593
14594
14598
14599
14600
14601
14602
14603
14661
14662
14663
14670
14671
14672
14673
14674
14675
14679
14680
14681
14682
14683
14684
14688
14689
14690
14697
14698
14699
14700
14701
14702
14706
14707
14708
14709
14710
14711
14742
14743
14744
14751
14752
14753
14754
14755
14756
14760
14761
14762
14763
14764
14765
14769
14770
14771
14778
14779
14780
14781
14782
14783
14787
14788
14789
14790
14791
14792
14823
14824
14825
14832
14833
14834
14835
14836
14837
14841
14842
14843
14844
14845
14846
14904
14905
14906
14913
14914
14915
14916
14917
14918
14922
14923
14924
14925
14926
14927
14931
14932
14933
14940
14941
14942
14943
14944
14945
14949
14950
14951
14952
14953
14954
14985
14986
14987
14994
14995
14996
14997
14998
14999
15003
15004
15005
15006
15007
15008
15012
15013
15014
15021
15022
15023
15024
15025
15026
15030
15031
15032
15033
15034
15035
15309
15310
15311
15318
15319
15320
15321
15322
15323
15327
15328
15329
15330
15331
15332
15390
15391
15392
15399
15400
15401
15402
15403
15404
15408
15409
15410
15411
15412
15413
15417
15418
15419
15426
15427
15428
15429
15430
15431
15435
15436
15437
15438
15439
15440
15471
15472
15473
15480
15481
15482
15483
15484
15485
15489
15490
15491
15492
15493
15494
15498
15499
15500
15507
15508
15509
15510
15511
15512
15516
15517
15518
15519
15520
15521
16038
16039
16040
16047
16048
16049
16050
16051
16052
16056
16057
16058
16059
16060
16061
16119
16120
16121
16128
16129
16130
16131
16132
16133
16137
16138
16139
16140
16141
16142
16146
16147
16148
16155
16156
16157
16158
16159
16160
16164
16165
16166
16167
16168
16169
16200
16201
16202
16209
16210
16211
16212
16213
16214
16218
16219
16220
16221
16222
16223
16227
16228
16229
16236
16237
16238
16239
16240
16241
16245
16246
16247
16248
16249
16250
16281
16282
16283
16290
16291
16292
16293
16294
16295
16299
16300
16301
16302
16303
16304
16362
16363
16364
16371
16372
16373
16374
16375
16376
16380
16381
16382
16383
16384
16385
16389
16390
16391
16398
16399
16400
16401
16402
16403
16407
16408
16409
16410
16411
16412
16443
16444
16445
16452
16453
16454
16455
16456
16457
16461
16462
16463
16464
16465
16466
16470
16471
16472
16479
16480
16481
16482
16483
16484
16488
16489
16490
16491
16492
16493
16767
16768
16769
16776
16777
16778
16779
16780
16781
16785
16786
16787
16788
16789
16790
16848
16849
16850
16857
16858
16859
16860
16861
16862
16866
16867
16868
16869
16870
16871
16875
16876
16877
16884
16885
16886
16887
16888
16889
16893
16894
16895
16896
16897
16898
16929
16930
16931
16938
16939
16940
16941
16942
16943
16947
16948
16949
16950
16951
16952
16956
16957
16958
16965
16966
16967
16968
16969
16970
16974
16975
16976
16977
16978
16979
17010
17011
17012
17019
17020
17021
17022
17023
17024
17028
17029
17030
17031
17032
17033
17091
17092
17093
17100
17101
17102
17103
17104
17105
17109
17110
17111
17112
17113
17114
17118
17119
17120
17127
17128
17129
17130
17131
17132
17136
17137
17138
17139
17140
17141
17172
17173
17174
17181
17182
17183
17184
17185
17186
17190
17191
17192
17193
17194
17195
17199
17200
17201
17208
17209
17210
17211
17212
17213
17217
17218
17219
17220
17221
17222
