9
10
11
14
65
73
81
82
90
91
95
99
110
126
127
585
586
631
640
657
712
729
730
738
739
740
743
794
810
811
819
820
824
855
856
891
892
928
990
1022
1031
1103
1112
1134
1135
1143
1144
1148
4745
4754
5265
5266
5274
5275
5474
5483
6561
6562
6570
6571
6575
6626
6642
6643
6651
6652
6656
6687
6688
7146
7147
7290
7291
7299
7300
7304
7355
7371
7372
7380
7381
7385
7416
7417
7583
7592
7664
7673
7695
7696
7704
7705
7709
9198
9199
9279
9280
9927
9928
10008
10009
10206
10207
10215
10216
10220
10287
10288
10296
10297
10301
10332
10333
