3
4
7
9
10
12
19
21
22
25
27
28
30
31
34
36
37
39
40
43
61
63
64
66
70
73
75
76
79
81
82
84
85
88
90
91
93
97
100
102
103
106
108
109
111
148
154
156
163
165
169
171
172
174
178
183
184
187
189
190
196
198
199
201
205
208
210
214
217
219
220
225
226
228
232
235
237
243
244
246
247
252
253
255
268
270
271
273
274
279
280
283
286
289
292
295
300
301
307
309
318
319
322
324
325
327
328
333
334
336
346
351
352
358
360
373
381
382
390
399
400
547
549
556
567
568
580
588
589
594
610
615
616
625
628
630
631
633
634
642
643
651
657
660
664
667
670
673
675
676
678
679
684
685
688
696
697
703
711
712
718
721
723
724
729
730
732
733
736
738
739
741
748
750
751
754
756
757
759
760
765
766
768
772
781
784
786
792
795
804
805
810
811
813
814
819
820
822
831
835
837
838
840
847
849
853
858
862
865
873
876
880
883
885
886
898
900
912
918
919
925
934
943
954
955
957
961
966
967
972
973
975
976
981
982
984
997
999
1000
1002
1369
1384
1386
1389
1444
1447
1450
1497
1513
1519
1521
1528
1539
1540
1551
1558
1566
1567
1585
1587
1594
1605
1606
1641
1647
1648
1659
1663
1701
1702
1708
1710
1714
1720
1722
1740
1776
1777
1782
1783
1794
1795
1801
1809
1810
1825
1830
1834
1843
1845
1846
1848
1852
1870
1872
1882
1890
1902
1906
1909
1911
1915
1926
1927
1929
1933
1971
2025
2026
2028
2034
2035
2037
2044
2050
2052
2053
2055
2064
2068
2077
2088
2089
2091
2095
2161
2172
2176
2187
2188
2190
2191
2196
2197
2199
2212
2214
2215
2217
2218
2223
2224
2262
2263
2268
2269
2271
2272
2277
2278
2280
2293
2295
2296
2298
2392
2401
2412
2413
2415
2419
2430
2431
2433
2434
2439
2440
2442
2455
2457
2458
2460
2461
2466
2467
2505
2506
2511
2512
2514
2515
2520
2521
2628
2629
2658
2667
2668
2709
2710
2722
2731
2802
2803
2829
2830
2862
2863
2865
2866
2871
2872
2883
2884
2916
2917
2919
2920
2925
2926
2928
2943
2944
2946
2947
2952
2953
2991
2992
2997
2998
3000
3001
3006
3007
3009
3018
3024
3025
3357
3358
3387
3396
3397
3438
3439
3451
3460
3504
3510
3511
3532
3541
3585
3591
3592
3600
3601
5475
5476
5502
5503
5535
5536
5538
5539
5544
5545
5556
5557
5718
5719
5745
5746
5778
5779
5781
5782
5787
5788
5799
5800
6075
6076
6078
6079
6084
6085
6102
6103
6105
6106
6111
6112
6150
6151
6156
6157
6159
6160
6165
6166
6204
6205
6231
6232
6264
6265
6267
6268
6273
6274
6285
6286
6561
6562
6564
6565
6570
6571
6573
6586
6588
6589
6591
6592
6597
6598
6636
6637
6642
6643
6645
6646
6651
6652
6654
6663
6667
6669
6670
6672
6766
6775
6786
6787
6789
6793
6804
6805
6807
6808
6813
6814
6816
6829
6831
6832
6834
6835
6840
6841
6853
6862
6879
6880
6885
6886
6888
6889
6894
6895
6897
6934
6943
6951
6960
6961
7176
7177
7203
7204
7236
7237
7239
7240
7245
7246
7257
7258
7290
7291
7293
7294
7299
7300
7302
7315
7317
7318
7320
7321
7326
7327
7365
7366
7371
7372
7374
7375
7380
7381
7383
7392
7396
7398
7399
7401
7437
7446
7447
7473
7479
7480
7495
7504
7515
7516
7518
7522
7527
7528
7533
7534
7536
7537
7542
7543
7545
7558
7560
7561
7563
7878
7884
7885
7906
7915
7959
7965
7966
7974
7975
8166
8175
8176
8202
8208
8209
8247
8256
8257
8262
8263
8266
8271
8272
8274
8386
8395
8406
8407
8409
8413
8467
8476
8487
8488
8490
8494
8586
8587
8589
8595
8596
8598
8607
8611
8613
8614
8616
8629
8635
8638
8644
8649
8650
8652
8656
8688
8694
8695
8703
8704
8748
8749
8751
8752
8757
8758
8760
8773
8775
8776
8778
8784
8785
8829
8830
8832
8833
8838
8839
8841
8850
8854
8856
8857
8859
8953
8962
8973
8974
8976
8980
8991
8992
8994
9000
9001
9003
9016
9018
9019
9021
16405
16414
16425
16426
16428
16432
16486
16495
16506
16507
16509
16513
16605
16606
16608
16614
16615
16617
16630
16632
16633
16635
16648
16657
16668
16669
16671
16675
17134
17143
17154
17155
17157
17161
17215
17224
17235
17236
17238
17242
17334
17335
17337
17343
17344
17346
17359
17361
17362
17364
17377
17386
17397
17398
17400
17404
18225
18226
18228
18234
18235
18237
18250
18252
18253
18255
18306
18307
18309
18315
18316
18318
18331
18333
18334
18336
18430
18439
18450
18451
18453
18457
18468
18469
18471
18477
18478
18480
18493
18495
18496
18498
18592
18601
18612
18613
18615
18619
18673
18682
18693
18694
18696
18700
18792
18793
18795
18801
18802
18804
18817
18819
18820
18822
18835
18844
18855
18856
18858
18862
19683
19684
19686
19692
19693
19695
19708
19710
19711
19713
19764
19765
19767
19773
19774
19776
19789
19791
19792
19794
19888
19897
19908
19909
19911
19915
19926
19927
19929
19935
19936
19938
19951
19953
19954
19956
20412
20413
20415
20421
20422
20424
20437
20439
20440
20442
20493
20494
20496
20502
20503
20505
20518
20520
20521
20523
20617
20626
20637
20638
20640
20644
20655
20656
20658
20664
20665
20667
20680
20682
20683
20685
21508
21517
21528
21529
21531
21535
21589
21598
21609
21610
21612
21616
21708
21709
21711
21717
21718
21720
21733
21735
21736
21738
21751
21760
21771
21772
21774
21778
21870
21871
21873
21879
21880
21882
21895
21897
21898
21900
21951
21952
21954
21960
21961
21963
21976
21978
21979
21981
22075
22084
22095
22096
22098
22102
22113
22114
22116
22122
22123
22125
22138
22140
22141
22143
