6
7
8
9
10
12
13
15
51
54
55
57
58
60
61
62
63
64
66
67
69
70
71
72
73
75
76
78
79
80
81
82
84
85
87
88
89
90
91
93
94
96
97
98
100
102
103
105
106
107
108
109
112
114
115
116
117
118
120
121
123
132
134
135
136
438
445
451
459
486
487
492
493
495
496
499
505
507
511
512
513
519
521
522
523
525
528
534
537
540
541
546
547
549
550
553
557
561
562
567
568
573
574
575
576
577
579
582
584
593
594
595
603
606
609
610
611
613
615
616
620
621
624
625
627
631
634
636
638
639
648
649
651
652
656
657
658
660
665
667
669
670
674
675
676
681
682
684
685
692
696
697
702
703
705
706
711
720
721
723
729
730
735
736
737
738
739
741
742
744
748
753
755
756
762
772
775
781
783
784
789
790
792
793
795
801
802
804
805
809
810
811
813
816
817
818
819
820
822
825
827
836
837
838
843
845
852
853
861
863
864
865
868
872
874
876
877
879
882
883
885
890
894
895
898
899
900
901
908
918
924
926
945
946
948
949
957
963
964
966
971
972
973
980
981
982
984
1005
1007
1008
1014
1023
1025
1026
1027
1033
1034
1035
1043
1044
1045
1050
1053
1054
1061
1062
1080
1095
1104
1106
1107
1108
1176
1185
1187
1188
1189
1196
1205
1206
1207
1215
1216
1224
1225
1230
4374
4375
4380
4381
4383
4384
4428
4429
4434
4435
4437
4438
4449
4450
4455
4456
4461
4462
4464
4465
4860
4861
4866
4867
4869
4870
4914
4915
4920
4921
4923
4924
4935
4936
4941
4942
4947
4948
4950
4951
4989
4990
5043
5044
5049
5050
5055
5056
5058
5059
5070
5071
5103
5104
5109
5110
5112
5113
5157
5158
5163
5164
5166
5167
5178
5179
5184
5185
5190
5191
5193
5194
5250
5256
5257
5259
5322
5331
5337
5338
5340
5346
5347
5354
5355
5356
5358
5475
5476
5529
5530
5535
5536
5541
5542
5544
5545
5556
5557
5832
5833
5840
5841
5842
5844
5898
5904
5905
5907
5913
5914
5921
5922
5923
5925
5930
5939
5940
5941
5961
5962
5979
5985
5986
5988
6015
6016
6021
6022
6027
6028
6030
6031
6042
6043
6051
6060
6066
6067
6069
6075
6076
6081
6082
6083
6084
6085
6087
6129
6130
6132
6135
6136
6138
6139
6150
6151
6156
6157
6162
6163
6165
6166
6200
6204
6205
6213
6222
6228
6229
6231
6258
6259
6264
6265
6270
6271
6273
6274
6285
6286
6561
6562
6567
6568
6569
6570
6571
6573
6576
6615
6616
6621
6622
6624
6625
6627
6633
6634
6636
6637
6642
6643
6648
6649
6650
6651
6652
6654
6657
6659
6668
6669
6670
6675
6677
6684
6693
6695
6696
6697
7047
7048
7053
7054
7056
7057
7101
7102
7107
7108
7110
7111
7122
7123
7128
7129
7134
7135
7137
7138
7145
7154
7155
7156
7176
7177
7209
7210
7217
7218
7219
7221
7226
7230
7231
7235
7236
7237
7242
7243
7245
7246
7253
7257
7258
7290
7291
7296
7297
7298
7299
7300
7302
7305
7344
7345
7350
7351
7353
7354
7356
7362
7363
7365
7366
7371
7372
7377
7378
7379
7380
7381
7383
7386
7388
7397
7398
7399
7404
7406
7413
7422
7424
7425
7426
7437
7443
7444
7446
7485
7487
7509
7518
7524
7525
7527
7533
7534
7541
7542
7543
7545
7566
7568
7575
7584
7586
7587
7588
7595
7604
7605
7606
7656
7665
7667
7668
7669
7737
7746
7748
7749
7750
7757
7766
7767
7768
7776
7777
7785
7786
7791
7874
7883
7884
7885
7938
7939
7946
7947
7948
7950
7955
7964
7965
7966
7982
8214
8216
8295
8297
8304
8313
8315
8316
8317
8324
8333
8334
8335
8468
8522
8531
8532
8533
8549
8562
8603
8612
8613
8614
8667
8668
8675
8676
8677
8679
8684
8693
8694
8695
8711
8748
8749
8756
8757
8758
8760
8814
8820
8821
8823
8829
8830
8837
8838
8839
8841
8846
8855
8856
8857
8943
8945
9024
9026
9033
9042
9044
9045
9046
9053
9062
9063
9064
9114
9123
9125
9126
9127
9195
9204
9206
9207
9208
9215
9224
9225
9226
9234
9235
9243
9244
9249
9296
9305
9306
9307
9377
9386
9387
9388
9396
9397
9405
9406
9411
9429
9431
9843
9852
9854
9855
9856
9924
9933
9935
9936
9937
9944
9953
9954
9955
9963
9964
9972
9973
9978
10572
10581
10583
10584
10585
10653
10662
10664
10665
10666
10673
10682
10683
10684
10692
10693
10701
10702
10707
10754
10763
10764
10765
10835
10844
10845
10846
10854
10855
10863
10864
10869
10887
10889
10935
10936
10944
10945
10950
11016
11017
11025
11026
11031
11049
11051
11058
11067
11069
11070
11071
