2
4
5
7
9
10
11
13
14
18
19
20
22
23
25
28
34
36
37
38
40
41
43
45
46
47
49
50
59
63
64
68
70
73
74
77
81
82
83
85
86
90
91
92
94
99
100
101
103
117
118
119
121
162
163
164
166
167
171
172
173
175
180
181
182
184
185
187
198
199
200
202
203
205
207
208
212
223
225
226
232
324
325
326
328
333
334
335
337
342
343
344
346
360
361
362
364
365
369
370
371
374
383
405
406
407
410
414
415
416
423
424
425
446
450
451
452
455
464
729
730
731
733
738
739
740
742
747
748
749
751
765
766
767
769
810
811
812
814
819
820
821
823
828
829
830
832
846
847
848
850
891
892
893
895
900
901
902
904
909
910
911
913
927
928
929
931
