6
7
9
10
13
15
51
54
55
58
60
61
63
64
73
78
79
81
82
85
87
88
90
91
96
105
109
112
114
117
121
123
132
135
136
438
459
486
487
492
493
495
496
511
519
528
537
540
541
546
547
549
550
567
568
573
574
576
577
625
634
657
685
702
703
706
711
729
730
735
736
738
739
742
744
775
783
784
789
790
792
793
810
811
816
817
819
820
825
852
861
864
865
945
946
949
1008
1050
1053
1054
1095
1104
1107
1108
1176
1185
1188
1189
1215
1216
1224
1225
1230
4374
4375
4380
4381
4383
4384
4428
4429
4434
4435
4437
4438
4455
4456
4461
4462
4464
4465
4860
4861
4866
4867
4869
4870
4914
4915
4920
4921
4923
4924
4941
4942
4947
4948
4950
4951
5103
5104
5109
5110
5112
5113
5157
5158
5163
5164
5166
5167
5184
5185
5190
5191
5193
5194
6561
6562
6567
6568
6570
6571
6576
6615
6616
6621
6622
6624
6625
6642
6643
6648
6649
6651
6652
6657
6684
6693
6696
6697
7047
7048
7053
7054
7056
7057
7101
7102
7107
7108
7110
7111
7128
7129
7134
7135
7137
7138
7290
7291
7296
7297
7299
7300
7305
7344
7345
7350
7351
7353
7354
7371
7372
7377
7378
7380
7381
7386
7413
7422
7425
7426
7656
7665
7668
7669
7737
7746
7749
7750
7776
7777
7785
7786
7791
9843
9852
9855
9856
9924
9933
9936
9937
9963
9964
9972
9973
9978
10572
10581
10584
10585
10653
10662
10665
10666
10692
10693
10701
10702
10707
10935
10936
10944
10945
10950
11016
11017
11025
11026
11031
11058
11067
11070
11071
