2
3
4
5
6
7
9
10
11
12
13
14
15
16
18
19
20
21
22
23
24
25
27
28
29
30
31
32
33
34
36
37
38
39
40
41
42
43
45
46
47
48
49
50
51
52
54
55
56
57
58
59
60
61
63
64
65
66
67
68
69
70
73
74
75
76
77
78
79
81
82
83
84
85
86
87
88
90
91
92
93
94
95
96
97
99
100
101
102
103
104
105
106
108
109
110
111
112
113
114
115
117
118
119
120
121
122
123
124
126
127
128
129
130
131
132
133
135
136
137
138
139
140
141
142
144
145
146
147
148
149
150
151
154
155
156
157
158
159
160
162
163
164
165
166
167
168
169
171
172
173
174
175
176
177
178
180
181
182
183
184
185
186
187
189
190
191
192
193
194
195
196
198
199
200
201
202
203
204
205
207
208
209
210
211
212
214
216
217
218
219
220
221
222
223
225
226
227
228
229
230
231
232
235
236
237
238
239
241
243
244
245
246
247
248
249
250
252
253
254
255
256
257
258
259
261
262
263
264
265
266
267
268
270
271
272
273
274
275
276
277
279
280
281
282
283
284
285
286
288
289
290
291
292
293
295
297
298
299
300
301
302
303
304
306
307
308
309
310
311
312
313
316
317
318
319
320
321
322
324
325
326
327
328
329
330
331
333
334
335
336
337
338
339
340
342
343
344
345
346
347
348
349
351
352
353
354
355
357
358
360
361
362
363
364
365
366
367
369
370
371
372
374
375
376
378
379
380
381
382
383
384
385
387
388
389
390
391
392
393
394
397
398
399
401
402
403
405
406
407
408
410
411
412
414
415
416
417
418
419
420
421
423
424
425
426
427
428
429
430
432
433
434
435
436
438
439
441
442
443
444
446
447
448
450
451
452
453
455
456
457
459
460
461
462
463
464
465
468
469
470
471
472
473
474
478
479
481
482
483
486
487
488
489
490
491
492
493
495
496
497
498
499
500
501
502
504
505
506
507
508
509
511
513
514
515
516
517
518
519
520
522
523
524
525
526
527
528
529
531
532
533
535
536
537
538
540
541
542
543
544
545
546
547
549
550
551
552
553
554
555
556
559
560
561
562
563
565
567
568
570
571
572
573
574
576
577
578
579
580
581
582
585
586
588
590
592
594
595
596
597
598
599
600
601
603
604
605
606
607
608
609
610
612
613
614
615
616
617
619
621
622
624
625
626
627
628
630
631
633
634
635
636
637
642
644
646
657
658
659
660
661
662
663
664
666
667
668
669
670
671
672
673
675
676
678
680
681
682
684
685
686
687
690
691
693
694
695
696
697
698
699
700
702
703
704
705
706
707
708
709
711
712
713
714
715
716
717
729
730
731
732
733
734
735
736
738
739
740
741
742
743
744
745
747
748
749
750
751
752
753
754
756
757
758
759
760
761
762
763
765
766
767
768
769
770
771
772
774
775
776
777
778
779
780
781
783
784
785
786
787
788
789
790
792
793
794
795
796
797
798
799
802
803
804
805
806
807
810
811
812
813
814
815
816
817
819
820
821
822
823
824
825
828
829
830
831
832
837
838
839
840
841
843
844
846
847
848
849
850
851
852
853
855
856
857
858
859
860
861
864
865
866
869
870
871
873
874
875
876
877
878
879
883
884
885
886
887
891
892
893
894
895
896
897
900
901
902
903
904
905
906
907
909
910
911
912
913
914
918
919
920
921
922
923
924
925
927
928
929
930
931
932
933
936
937
938
939
941
942
943
945
946
947
948
949
951
952
954
956
957
958
959
961
964
965
966
967
970
972
973
974
975
976
977
978
979
981
982
983
984
985
986
987
988
990
991
992
993
994
995
999
1000
1001
1002
1003
1005
1006
1008
1009
1010
1011
1012
1014
1015
1017
1018
1019
1020
1022
1023
1024
1026
1027
1028
1029
1030
1031
1032
1033
1035
1036
1037
1038
1039
1040
1042
1045
1046
1047
1048
1050
1051
1053
1054
1055
1056
1057
1058
1059
1060
1062
1063
1064
1065
1066
1067
1071
1072
1073
1074
1075
1077
1078
1080
1081
1082
1083
1084
1085
1086
1087
1089
1090
1091
1092
1093
1094
1095
1096
1098
1099
1100
1101
1102
1103
1104
1107
1108
1109
1110
1112
1113
1114
1116
1117
1118
1119
1122
1123
1126
1127
1128
1130
1131
1134
1135
1136
1137
1139
1140
1141
1143
1144
1145
1148
1149
1152
1153
1154
1155
1156
1161
1162
1164
1165
1168
1170
1171
1175
1176
1177
1179
1180
1181
1182
1183
1184
1185
1186
1188
1189
1190
1191
1193
1194
1197
1198
1199
1200
1202
1203
1204
1207
1208
1209
1211
1215
1216
1217
1218
1220
1221
1222
1224
1225
1226
1227
1229
1230
1231
1233
1234
1235
1236
1237
1238
1240
1242
1243
1245
1247
1249
1251
1254
1255
1256
1257
1258
1260
1261
1262
1263
1265
1266
1267
1269
1270
1271
1272
1274
1275
1276
1278
1279
1283
1284
1285
1289
1290
1291
1292
1293
1294
1296
1297
1299
1300
1301
1303
1305
1306
1308
1314
1315
1316
1320
1321
1323
1324
1325
1326
1327
1328
1329
1330
1332
1333
1334
1335
1336
1337
1338
1339
1341
1342
1343
1344
1345
1350
1351
1353
1354
1355
1356
1357
1359
1360
1361
1362
1363
1365
1366
1371
1386
1387
1388
1389
1390
1391
1392
1393
1395
1396
1397
1398
1399
1400
1401
1402
1404
1405
1409
1410
1413
1414
1415
1422
1423
1424
1425
1426
1427
1431
1433
1434
1458
1459
1460
1461
1462
1463
1464
1467
1468
1469
1470
1471
1472
1473
1476
1477
1478
1479
1480
1481
1482
1485
1486
1487
1488
1489
1490
1491
1494
1495
1496
1497
1498
1499
1500
1503
1504
1505
1506
1507
1508
1509
1512
1513
1514
1515
1517
1518
1521
1522
1528
1531
1532
1533
1534
1535
1539
1540
1541
1542
1543
1544
1545
1548
1549
1550
1551
1552
1553
1554
1557
1558
1559
1560
1561
1566
1567
1568
1569
1570
1571
1573
1575
1576
1577
1578
1579
1580
1581
1584
1585
1586
1589
1590
1591
1593
1594
1595
1596
1598
1599
1604
1605
1606
1612
1613
1614
1615
1620
1621
1622
1623
1624
1625
1626
1627
1629
1630
1631
1632
1633
1634
1635
1638
1639
1640
1641
1642
1643
1645
1647
1648
1649
1650
1651
1652
1654
1656
1657
1658
1659
1660
1661
1662
1663
1665
1666
1668
1669
1670
1681
1683
1684
1686
1688
1690
1695
1697
1701
1702
1703
1704
1705
1706
1708
1710
1711
1712
1713
1714
1716
1717
1719
1720
1721
1722
1723
1724
1726
1728
1729
1730
1731
1732
1737
1738
1739
1740
1741
1746
1747
1751
1753
1758
1760
1762
1764
1765
1770
1771
1776
1777
1782
1783
1784
1785
1786
1789
1791
1792
1793
1794
1795
1797
1800
1801
1802
1803
1804
1805
1806
1809
1810
1811
1812
1813
1814
1815
1818
1819
1820
1821
1822
1823
1824
1825
1827
1828
1830
1831
1832
1836
1837
1839
1843
1845
1846
1848
1850
1851
1852
1856
1859
1863
1864
1865
1866
1868
1870
1872
1873
1874
1878
1881
1884
1885
1886
1887
1888
1890
1891
1893
1897
1899
1900
1904
1905
1906
1908
1909
1911
1912
1913
1922
1923
1931
1932
1937
1940
1944
1945
1946
1953
1954
1955
1971
1972
1980
1989
1990
1991
1993
1998
1999
2001
2002
2003
2004
2005
2007
2008
2010
2012
2013
2014
2018
2019
2021
2025
2026
2028
2030
2032
2034
2035
2039
2043
2044
2045
2046
2048
2050
2052
2053
2055
2057
2058
2061
2062
2063
2066
2068
2070
2071
2072
2073
2074
2075
2077
2079
2080
2082
2084
2085
2086
2088
2089
2091
2093
2095
2100
2102
2115
2116
2117
2118
2124
2125
2126
2131
2133
2134
2138
2140
2142
2145
2151
2152
2156
2158
2187
2188
2189
2190
2191
2192
2193
2194
2196
2197
2198
2199
2200
2201
2202
2203
2205
2206
2207
2208
2209
2210
2212
2214
2215
2216
2217
2218
2220
2221
2223
2224
2225
2226
2227
2228
2230
2232
2233
2235
2237
2241
2242
2244
2245
2246
2247
2248
2250
2251
2253
2254
2255
2256
2257
2260
2261
2262
2263
2264
2268
2269
2270
2271
2272
2273
2274
2275
2277
2278
2279
2280
2281
2286
2287
2288
2289
2290
2295
2296
2297
2298
2299
2301
2302
2304
2305
2306
2307
2308
2310
2311
2316
2317
2322
2323
2325
2329
2331
2332
2337
2338
2349
2350
2351
2352
2353
2358
2359
2360
2361
2362
2367
2368
2369
2370
2371
2372
2374
2376
2377
2378
2379
2380
2383
2385
2386
2387
2388
2389
2390
2391
2392
2394
2395
2396
2397
2398
2399
2403
2404
2408
2409
2410
2412
2413
2415
2417
2418
2419
2430
2431
2432
2433
2434
2435
2436
2437
2439
2440
2441
2442
2443
2445
2446
2448
2449
2450
2451
2452
2453
2454
2455
2457
2458
2459
2460
2461
2462
2463
2464
2466
2467
2468
2469
2470
2475
2476
2477
2484
2485
2487
2488
2490
2491
2493
2494
2496
2497
2511
2512
2513
2514
2515
2517
2518
2520
2521
2522
2523
2524
2526
2529
2530
2531
2532
2533
2534
2535
2538
2539
2540
2541
2542
2543
2544
2545
2547
2548
2549
2550
2551
2585
2588
2592
2593
2594
2601
2602
2603
2607
2610
2615
2616
2628
2641
2649
2650
2651
2652
2657
2658
2659
2660
2661
2666
2669
2673
2674
2675
2676
2677
2679
2680
2682
2683
2684
2685
2686
2700
2701
2703
2704
2706
2707
2709
2710
2712
2713
2722
2727
2728
2730
2731
2733
2734
2736
2737
2739
2740
2754
2755
2757
2758
2760
2761
2763
2764
2766
2767
2772
2773
2774
2781
2782
2784
2785
2787
2788
2790
2791
2793
2794
2803
2844
2845
2846
2847
2853
2854
2855
2862
2863
2871
2916
2917
2918
2919
2920
2922
2923
2925
2926
2927
2928
2929
2934
2935
2936
2937
2938
2943
2944
2945
2946
2947
2949
2950
2952
2953
2954
2955
2956
2970
2971
2973
2974
2976
2977
2979
2980
2982
2983
2997
2998
2999
3000
3001
3003
3004
3006
3007
3008
3009
3010
3015
3016
3017
3018
3019
3024
3025
3026
3027
3028
3030
3031
3033
3034
3035
3036
3037
3078
3079
3080
3081
3082
3087
3088
3089
3090
3091
3096
3097
3098
3099
3100
3105
3106
3107
3108
3109
3114
3115
3116
3117
3118
3159
3160
3161
3162
3163
3165
3166
3168
3169
3170
3171
3172
3177
3178
3179
3180
3181
3186
3187
3188
3189
3190
3192
3193
3195
3196
3197
3198
3199
3213
3214
3216
3217
3219
3220
3222
3223
3225
3226
3240
3241
3242
3243
3244
3246
3247
3249
3250
3251
3252
3253
3258
3259
3260
3261
3262
3267
3268
3269
3270
3271
3273
3274
3276
3277
3278
3279
3280
3281
3282
3283
3285
3286
3287
3288
3290
3291
3294
3295
3296
3299
3300
3301
3303
3304
3306
3308
3310
3321
3322
3323
3324
3326
3327
3328
3330
3331
3332
3335
3336
3339
3340
3341
3342
3344
3346
3348
3349
3351
3362
3363
3364
3366
3367
3368
3369
3371
3372
3375
3376
3377
3380
3381
3402
3403
3404
3407
3408
3411
3412
3413
3416
3417
3420
3421
3422
3443
3444
3447
3448
3449
3452
3453
3456
3457
3458
3461
3462
3463
3465
3466
3468
3470
3472
3483
3484
3486
3488
3490
3492
3493
3504
3506
3508
3510
3511
3513
3524
3526
3528
3529
3531
3533
3544
3546
3547
3549
3551
3553
3645
3646
3647
3648
3650
3651
3652
3654
3655
3656
3659
3660
3663
3664
3665
3666
3668
3670
3672
3673
3675
3686
3687
3688
3690
3691
3692
3693
3695
3696
3699
3700
3701
3704
3705
3706
3708
3709
3711
3713
3715
3726
3727
3728
3729
3731
3732
3733
3735
3736
3737
3740
3741
3744
3745
3746
3767
3768
3771
3772
3773
3776
3777
3780
3781
3782
3785
3786
3807
3808
3809
3812
3813
3816
3817
3818
3821
3822
3825
3826
3827
3828
3830
3832
3834
3835
3837
3848
3850
3852
3853
3855
3857
3868
3870
3871
3873
3875
3877
3888
3889
3891
3893
3895
3897
3898
3909
3911
3913
3915
3916
3918
4010
4011
4012
4014
4015
4016
4017
4019
4020
4023
4024
4025
4028
4029
4030
4032
4033
4035
4037
4039
4050
4051
4052
4053
4055
4056
4057
4059
4060
4061
4064
4065
4068
4069
4070
4071
4073
4075
4077
4078
4080
4091
4092
4093
4095
4096
4097
4098
4100
4101
4104
4105
4106
4109
4110
4131
4132
4133
4136
4137
4140
4141
4142
4145
4146
4149
4150
4151
4172
4173
4176
4177
4178
4181
4182
4185
4186
4187
4190
4191
4374
4375
4376
4377
4378
4379
4380
4381
4383
4384
4385
4386
4387
4388
4389
4392
4393
4394
4401
4402
4404
4405
4407
4408
4410
4411
4413
4414
4415
4416
4419
4420
4421
4424
4425
4428
4429
4430
4431
4432
4433
4434
4435
4437
4438
4440
4441
4455
4456
4457
4458
4459
4460
4461
4462
4464
4465
4466
4467
4468
4469
4470
4473
4474
4475
4482
4483
4485
4486
4488
4489
4491
4492
4494
4495
4496
4497
4500
4501
4502
4505
4506
4509
4510
4511
4514
4515
4536
4537
4538
4541
4542
4545
4546
4547
4550
4551
4554
4555
4556
4617
4618
4620
4621
4623
4624
4626
4627
4629
4630
4644
4645
4647
4648
4650
4651
4653
4654
4656
4657
4671
4672
4674
4675
4677
4678
4680
4681
4683
4684
4698
4699
4701
4702
4704
4705
4707
4708
4710
4711
4725
4726
4728
4729
4731
4732
4734
4735
4737
4738
4739
4740
4743
4744
4745
4748
4749
4752
4753
4754
4757
4758
4779
4780
4781
4784
4785
4788
4789
4790
4793
4794
4797
4798
4799
4820
4821
4824
4825
4826
4829
4830
4833
4834
4835
4838
4839
4860
4861
4862
4863
4864
4865
4866
4867
4869
4870
4871
4872
4873
4874
4875
4878
4879
4880
4887
4888
4890
4891
4893
4894
4896
4897
4899
4900
4901
4902
4905
4906
4907
4910
4911
4914
4915
4916
4917
4918
4919
4920
4921
4923
4924
4926
4927
4928
4930
4941
4942
4944
4945
4946
4947
4948
4950
4951
4953
4954
4962
4964
4966
4968
4969
4971
4972
4974
4975
4977
4978
4980
4981
4982
4984
4986
4987
4989
4991
5002
5004
5005
5007
5009
5011
5103
5104
5106
5107
5108
5109
5110
5112
5113
5115
5116
5124
5126
5128
5130
5131
5133
5134
5136
5137
5139
5140
5142
5143
5144
5146
5148
5149
5151
5153
5157
5158
5160
5161
5163
5164
5166
5167
5169
5170
5171
5173
5184
5185
5187
5188
5189
5190
5191
5193
5194
5196
5197
5211
5212
5214
5215
5217
5218
5220
5221
5223
5224
5286
5288
5290
5292
5293
5295
5306
5308
5310
5311
5313
5315
5326
5328
5329
5331
5333
5335
5346
5347
5349
5350
5351
5352
5353
5355
5356
5358
5359
5367
5369
5371
5373
5374
5376
5377
5379
5380
5382
5383
5385
5386
5400
5401
5403
5404
5406
5407
5409
5410
5412
5413
5427
5428
5430
5431
5433
5434
5436
5437
5439
5440
5454
5455
5457
5458
5460
5461
5463
5464
5466
5467
5468
5470
5472
5473
5475
5477
5488
5490
5491
5493
5495
5497
5508
5509
5511
5513
5515
5517
5518
5529
5531
5533
5535
5536
5538
5549
5551
5553
5554
5556
5558
5650
5652
5653
5655
5657
5659
5670
5671
5673
5675
5677
5679
5680
5691
5693
5695
5697
5698
5700
5711
5713
5715
5716
5718
5720
5731
5733
5734
5736
5738
5740
6561
6562
6563
6564
6565
6566
6567
6568
6570
6571
6572
6573
6574
6575
6576
6579
6580
6581
6582
6583
6584
6586
6588
6589
6590
6591
6592
6594
6595
6597
6598
6599
6600
6601
6602
6603
6604
6606
6607
6608
6609
6611
6612
6615
6616
6617
6618
6619
6620
6621
6622
6624
6625
6627
6628
6629
6631
6642
6643
6644
6645
6646
6647
6648
6649
6651
6652
6653
6654
6655
6656
6657
6660
6661
6662
6663
6664
6669
6670
6671
6672
6673
6675
6676
6678
6679
6680
6681
6682
6683
6684
6687
6688
6689
6692
6693
6696
6697
6698
6701
6702
6723
6724
6725
6726
6727
6728
6729
6732
6733
6734
6735
6736
6737
6738
6741
6742
6743
6744
6745
6746
6748
6750
6751
6752
6753
6754
6759
6760
6761
6762
6763
6764
6766
6768
6769
6771
6773
6784
6786
6787
6789
6791
6793
6804
6805
6806
6807
6808
6809
6810
6811
6813
6814
6815
6816
6817
6822
6823
6824
6825
6826
6827
6829
6831
6832
6833
6834
6835
6837
6838
6840
6841
6842
6843
6844
6858
6859
6861
6862
6864
6865
6867
6868
6870
6871
6885
6886
6887
6888
6889
6891
6892
6894
6895
6896
6897
6898
6903
6904
6905
6906
6907
6912
6913
6914
6915
6916
6918
6919
6921
6922
6923
6924
6925
6926
6927
6928
6930
6931
6932
6933
6935
6936
6939
6940
6941
6944
6945
6946
6948
6949
6951
6953
6955
6966
6967
6968
6969
6971
6972
6973
6975
6976
6977
6980
6981
6984
6985
6986
6987
6989
6991
6993
6994
6996
7007
7008
7009
7011
7012
7013
7014
7016
7017
7020
7021
7022
7025
7026
7047
7048
7049
7050
7051
7052
7053
7054
7056
7057
7058
7059
7060
7061
7062
7065
7066
7067
7074
7075
7077
7078
7080
7081
7083
7084
7086
7087
7088
7089
7092
7093
7094
7097
7098
7101
7102
7103
7104
7105
7106
7107
7108
7110
7111
7113
7114
7115
7117
7128
7129
7131
7132
7133
7134
7135
7137
7138
7140
7141
7149
7151
7153
7155
7156
7158
7159
7161
7162
7164
7165
7167
7168
7169
7171
7173
7174
7176
7178
7189
7191
7192
7194
7196
7198
7290
7291
7292
7293
7294
7295
7296
7297
7299
7300
7301
7302
7303
7304
7305
7308
7309
7310
7311
7312
7313
7315
7317
7318
7319
7320
7321
7323
7324
7326
7327
7328
7329
7330
7331
7332
7333
7335
7336
7337
7338
7340
7341
7344
7345
7346
7347
7348
7349
7350
7351
7353
7354
7356
7357
7358
7360
7371
7372
7373
7374
7375
7376
7377
7378
7380
7381
7382
7383
7384
7385
7386
7389
7390
7391
7392
7393
7398
7399
7400
7401
7402
7404
7405
7407
7408
7409
7410
7411
7412
7413
7416
7417
7418
7421
7422
7425
7426
7427
7430
7431
7452
7453
7454
7455
7456
7457
7458
7461
7462
7463
7464
7465
7466
7467
7470
7471
7472
7473
7474
7479
7480
7481
7482
7483
7488
7489
7490
7491
7492
7533
7534
7535
7536
7537
7539
7540
7542
7543
7544
7545
7546
7551
7552
7553
7554
7555
7560
7561
7562
7563
7564
7566
7567
7569
7570
7571
7572
7573
7587
7588
7590
7591
7593
7594
7596
7597
7599
7600
7614
7615
7616
7617
7618
7620
7621
7623
7624
7625
7626
7627
7632
7633
7634
7635
7636
7641
7642
7643
7644
7645
7647
7648
7650
7651
7652
7653
7654
7655
7656
7659
7660
7661
7664
7665
7668
7669
7670
7673
7674
7695
7696
7697
7700
7701
7704
7705
7706
7709
7710
7713
7714
7715
7736
7737
7740
7741
7742
7745
7746
7749
7750
7751
7754
7755
7776
7777
7778
7781
7782
7785
7786
7787
7790
7791
7794
7795
7796
7817
7818
7821
7822
7823
7826
7827
7830
7831
7832
7835
7836
8019
8020
8021
8022
8023
8024
8025
8028
8029
8030
8031
8032
8033
8034
8037
8038
8039
8040
8041
8046
8047
8048
8049
8050
8055
8056
8057
8058
8059
8060
8061
8064
8065
8066
8069
8070
8073
8074
8075
8078
8079
8100
8101
8102
8103
8104
8105
8106
8109
8110
8111
8112
8113
8114
8115
8118
8119
8120
8121
8122
8127
8128
8129
8130
8131
8136
8137
8138
8139
8140
8141
8142
8145
8146
8147
8150
8151
8154
8155
8156
8159
8160
8181
8182
8183
8184
8185
8186
8187
8190
8191
8192
8193
8194
8195
8196
8199
8200
8201
8202
8203
8208
8209
8210
8211
8212
8217
8218
8219
8220
8221
8262
8263
8264
8265
8266
8271
8272
8273
8274
8275
8280
8281
8282
8283
8284
8289
8290
8291
8292
8293
8298
8299
8300
8301
8302
8343
8344
8345
8346
8347
8352
8353
8354
8355
8356
8361
8362
8363
8364
8365
8370
8371
8372
8373
8374
8379
8380
8381
8382
8383
8748
8749
8750
8751
8752
8754
8755
8757
8758
8759
8760
8761
8766
8767
8768
8769
8770
8775
8776
8777
8778
8779
8781
8782
8784
8785
8786
8787
8788
8802
8803
8805
8806
8808
8809
8811
8812
8814
8815
8829
8830
8831
8832
8833
8835
8836
8838
8839
8840
8841
8842
8847
8848
8849
8850
8851
8856
8857
8858
8859
8860
8862
8863
8865
8866
8867
8868
8869
8910
8911
8912
8913
8914
8919
8920
8921
8922
8923
8928
8929
8930
8931
8932
8937
8938
8939
8940
8941
8946
8947
8948
8949
8950
8991
8992
8993
8994
8995
8997
8998
9000
9001
9002
9003
9004
9009
9010
9011
9012
9013
9018
9019
9020
9021
9022
9024
9025
9027
9028
9029
9030
9031
9045
9046
9048
9049
9051
9052
9054
9055
9057
9058
9072
9073
9074
9075
9076
9078
9079
9081
9082
9083
9084
9085
9090
9091
9092
9093
9094
9099
9100
9101
9102
9103
9105
9106
9108
9109
9110
9111
9112
9234
9235
9237
9238
9240
9241
9243
9244
9246
9247
9261
9262
9264
9265
9267
9268
9270
9271
9273
9274
9288
9289
9291
9292
9294
9295
9297
9298
9300
9301
9315
9316
9318
9319
9321
9322
9324
9325
9327
9328
9342
9343
9345
9346
9348
9349
9351
9352
9354
9355
9477
9478
9479
9480
9481
9483
9484
9486
9487
9488
9489
9490
9495
9496
9497
9498
9499
9504
9505
9506
9507
9508
9510
9511
9513
9514
9515
9516
9517
9531
9532
9534
9535
9537
9538
9540
9541
9543
9544
9558
9559
9560
9561
9562
9564
9565
9567
9568
9569
9570
9571
9576
9577
9578
9579
9580
9585
9586
9587
9588
9589
9591
9592
9594
9595
9596
9597
9598
9639
9640
9641
9642
9643
9648
9649
9650
9651
9652
9657
9658
9659
9660
9661
9666
9667
9668
9669
9670
9675
9676
9677
9678
9679
9720
9721
9722
9723
9724
9726
9727
9729
9730
9731
9732
9733
9738
9739
9740
9741
9742
9747
9748
9749
9750
9751
9753
9754
9756
9757
9758
9759
9760
9774
9775
9777
9778
9780
9781
9783
9784
9786
9787
9801
9802
9803
9804
9805
9807
9808
9810
9811
9812
9813
9814
9819
9820
9821
9822
9823
9828
9829
9830
9831
9832
9834
9835
9837
9838
9839
9840
9841
9842
9843
9846
9847
9848
9851
9852
9855
9856
9857
9860
9861
9882
9883
9884
9887
9888
9891
9892
9893
9896
9897
9900
9901
9902
9923
9924
9927
9928
9929
9932
9933
9936
9937
9938
9941
9942
9963
9964
9965
9968
9969
9972
9973
9974
9977
9978
9981
9982
9983
10004
10005
10008
10009
10010
10013
10014
10017
10018
10019
10022
10023
10206
10207
10208
10211
10212
10215
10216
10217
10220
10221
10224
10225
10226
10247
10248
10251
10252
10253
10256
10257
10260
10261
10262
10265
10266
10287
10288
10289
10292
10293
10296
10297
10298
10301
10302
10305
10306
10307
10328
10329
10332
10333
10334
10337
10338
10341
10342
10343
10346
10347
10368
10369
10370
10373
10374
10377
10378
10379
10382
10383
10386
10387
10388
10571
10572
10575
10576
10577
10580
10581
10584
10585
10586
10589
10590
10611
10612
10613
10616
10617
10620
10621
10622
10625
10626
10629
10630
10631
10652
10653
10656
10657
10658
10661
10662
10665
10666
10667
10670
10671
10692
10693
10694
10697
10698
10701
10702
10703
10706
10707
10710
10711
10712
10733
10734
10737
10738
10739
10742
10743
10746
10747
10748
10751
10752
10935
10936
10937
10940
10941
10944
10945
10946
10949
10950
10953
10954
10955
10976
10977
10980
10981
10982
10985
10986
10989
10990
10991
10994
10995
11016
11017
11018
11021
11022
11025
11026
11027
11030
11031
11034
11035
11036
11057
11058
11061
11062
11063
11066
11067
11070
11071
11072
11075
11076
11097
11098
11099
11102
11103
11106
11107
11108
11111
11112
11115
11116
11117
11300
11301
11304
11305
11306
11309
11310
11313
11314
11315
11318
11319
11340
11341
11342
11345
11346
11349
11350
11351
11354
11355
11358
11359
11360
11381
11382
11385
11386
11387
11390
11391
11394
11395
11396
11399
11400
11421
11422
11423
11426
11427
11430
11431
11432
11435
11436
11439
11440
11441
11462
11463
11466
11467
11468
11471
11472
11475
11476
11477
11480
11481
13122
13123
13124
13125
13126
13127
13128
13131
13132
13133
13134
13135
13136
13137
13140
13141
13142
13143
13144
13149
13150
13151
13152
13153
13158
13159
13160
13161
13162
13163
13164
13167
13168
13169
13172
13173
13176
13177
13178
13181
13182
13203
13204
13205
13206
13207
13208
13209
13212
13213
13214
13215
13216
13217
13218
13221
13222
13223
13224
13225
13230
13231
13232
13233
13234
13239
13240
13241
13242
13243
13244
13245
13248
13249
13250
13253
13254
13257
13258
13259
13262
13263
13284
13285
13286
13287
13288
13289
13290
13293
13294
13295
13296
13297
13298
13299
13302
13303
13304
13305
13306
13311
13312
13313
13314
13315
13320
13321
13322
13323
13324
13365
13366
13367
13368
13369
13374
13375
13376
13377
13378
13383
13384
13385
13386
13387
13392
13393
13394
13395
13396
13401
13402
13403
13404
13405
13446
13447
13448
13449
13450
13455
13456
13457
13458
13459
13464
13465
13466
13467
13468
13473
13474
13475
13476
13477
13482
13483
13484
13485
13486
13487
13488
13491
13492
13493
13496
13497
13500
13501
13502
13505
13506
13527
13528
13529
13532
13533
13536
13537
13538
13541
13542
13545
13546
13547
13568
13569
13572
13573
13574
13577
13578
13581
13582
13583
13586
13587
13608
13609
13610
13613
13614
13617
13618
13619
13622
13623
13626
13627
13628
13649
13650
13653
13654
13655
13658
13659
13662
13663
13664
13667
13668
13851
13852
13853
13854
13855
13856
13857
13860
13861
13862
13863
13864
13865
13866
13869
13870
13871
13872
13873
13878
13879
13880
13881
13882
13887
13888
13889
13890
13891
13892
13893
13896
13897
13898
13901
13902
13905
13906
13907
13910
13911
13932
13933
13934
13935
13936
13937
13938
13941
13942
13943
13944
13945
13946
13947
13950
13951
13952
13953
13954
13959
13960
13961
13962
13963
13968
13969
13970
13971
13972
13973
13974
13977
13978
13979
13982
13983
13986
13987
13988
13991
13992
14013
14014
14015
14016
14017
14018
14019
14022
14023
14024
14025
14026
14027
14028
14031
14032
14033
14034
14035
14040
14041
14042
14043
14044
14049
14050
14051
14052
14053
14094
14095
14096
14097
14098
14103
14104
14105
14106
14107
14112
14113
14114
14115
14116
14121
14122
14123
14124
14125
14130
14131
14132
14133
14134
14175
14176
14177
14178
14179
14184
14185
14186
14187
14188
14193
14194
14195
14196
14197
14202
14203
14204
14205
14206
14211
14212
14213
14214
14215
14216
14217
14220
14221
14222
14225
14226
14229
14230
14231
14234
14235
14256
14257
14258
14261
14262
14265
14266
14267
14270
14271
14274
14275
14276
14297
14298
14301
14302
14303
14306
14307
14310
14311
14312
14315
14316
14337
14338
14339
14342
14343
14346
14347
14348
14351
14352
14355
14356
14357
14378
14379
14382
14383
14384
14387
14388
14391
14392
14393
14396
14397
14580
14581
14582
14583
14584
14585
14586
14589
14590
14591
14592
14593
14594
14595
14598
14599
14600
14601
14602
14607
14608
14609
14610
14611
14616
14617
14618
14619
14620
14621
14622
14625
14626
14627
14630
14631
14634
14635
14636
14639
14640
14661
14662
14663
14664
14665
14666
14667
14670
14671
14672
14673
14674
14675
14676
14679
14680
14681
14682
14683
14688
14689
14690
14691
14692
14697
14698
14699
14700
14701
14702
14703
14706
14707
14708
14711
14712
14715
14716
14717
14720
14721
14742
14743
14744
14745
14746
14747
14748
14751
14752
14753
14754
14755
14756
14757
14760
14761
14762
14763
14764
14769
14770
14771
14772
14773
14778
14779
14780
14781
14782
14823
14824
14825
14826
14827
14832
14833
14834
14835
14836
14841
14842
14843
14844
14845
14850
14851
14852
14853
14854
14859
14860
14861
14862
14863
14904
14905
14906
14907
14908
14913
14914
14915
14916
14917
14922
14923
14924
14925
14926
14931
14932
14933
14934
14935
14940
14941
14942
14943
14944
15309
15310
15311
15312
15313
15318
15319
15320
15321
15322
15327
15328
15329
15330
15331
15336
15337
15338
15339
15340
15345
15346
15347
15348
15349
15390
15391
15392
15393
15394
15399
15400
15401
15402
15403
15408
15409
15410
15411
15412
15417
15418
15419
15420
15421
15426
15427
15428
15429
15430
15471
15472
15473
15474
15475
15480
15481
15482
15483
15484
15489
15490
15491
15492
15493
15498
15499
15500
15501
15502
15507
15508
15509
15510
15511
15552
15553
15554
15555
15556
15561
15562
15563
15564
15565
15570
15571
15572
15573
15574
15579
15580
15581
15582
15583
15588
15589
15590
15591
15592
15633
15634
15635
15636
15637
15642
15643
15644
15645
15646
15651
15652
15653
15654
15655
15660
15661
15662
15663
15664
15669
15670
15671
15672
15673
16038
16039
16040
16041
16042
16047
16048
16049
16050
16051
16056
16057
16058
16059
16060
16065
16066
16067
16068
16069
16074
16075
16076
16077
16078
16119
16120
16121
16122
16123
16128
16129
16130
16131
16132
16137
16138
16139
16140
16141
16146
16147
16148
16149
16150
16155
16156
16157
16158
16159
16200
16201
16202
16203
16204
16209
16210
16211
16212
16213
16218
16219
16220
16221
16222
16227
16228
16229
16230
16231
16236
16237
16238
16239
16240
16281
16282
16283
16284
16285
16290
16291
16292
16293
16294
16299
16300
16301
16302
16303
16308
16309
16310
16311
16312
16317
16318
16319
16320
16321
16362
16363
16364
16365
16366
16371
16372
16373
16374
16375
16380
16381
16382
16383
16384
16389
16390
16391
16392
16393
16398
16399
16400
16401
16402
19683
19684
19685
19686
19687
19692
19693
19694
19695
19696
19701
19702
19703
19704
19705
19710
19711
19712
19713
19714
19719
19720
19721
19722
19723
19764
19765
19766
19767
19768
19773
19774
19775
19776
19777
19782
19783
19784
19785
19786
19791
19792
19793
19794
19795
19800
19801
19802
19803
19804
19845
19846
19847
19848
19849
19854
19855
19856
19857
19858
19863
19864
19865
19866
19867
19872
19873
19874
19875
19876
19881
19882
19883
19884
19885
19926
19927
19928
19929
19930
19935
19936
19937
19938
19939
19944
19945
19946
19947
19948
19953
19954
19955
19956
19957
19962
19963
19964
19965
19966
20007
20008
20009
20010
20011
20016
20017
20018
20019
20020
20025
20026
20027
20028
20029
20034
20035
20036
20037
20038
20043
20044
20045
20046
20047
20412
20413
20414
20415
20416
20421
20422
20423
20424
20425
20430
20431
20432
20433
20434
20439
20440
20441
20442
20443
20448
20449
20450
20451
20452
20493
20494
20495
20496
20497
20502
20503
20504
20505
20506
20511
20512
20513
20514
20515
20520
20521
20522
20523
20524
20529
20530
20531
20532
20533
20574
20575
20576
20577
20578
20583
20584
20585
20586
20587
20592
20593
20594
20595
20596
20601
20602
20603
20604
20605
20610
20611
20612
20613
20614
20655
20656
20657
20658
20659
20664
20665
20666
20667
20668
20673
20674
20675
20676
20677
20682
20683
20684
20685
20686
20691
20692
20693
20694
20695
20736
20737
20738
20739
20740
20745
20746
20747
20748
20749
20754
20755
20756
20757
20758
20763
20764
20765
20766
20767
20772
20773
20774
20775
20776
21141
21142
21143
21144
21145
21150
21151
21152
21153
21154
21159
21160
21161
21162
21163
21168
21169
21170
21171
21172
21177
21178
21179
21180
21181
21222
21223
21224
21225
21226
21231
21232
21233
21234
21235
21240
21241
21242
21243
21244
21249
21250
21251
21252
21253
21258
21259
21260
21261
21262
21303
21304
21305
21306
21307
21312
21313
21314
21315
21316
21321
21322
21323
21324
21325
21330
21331
21332
21333
21334
21339
21340
21341
21342
21343
21384
21385
21386
21387
21388
21393
21394
21395
21396
21397
21402
21403
21404
21405
21406
21411
21412
21413
21414
21415
21420
21421
21422
21423
21424
21465
21466
21467
21468
21469
21474
21475
21476
21477
21478
21483
21484
21485
21486
21487
21492
21493
21494
21495
21496
21501
21502
21503
21504
21505
21870
21871
21872
21873
21874
21879
21880
21881
21882
21883
21888
21889
21890
21891
21892
21897
21898
21899
21900
21901
21906
21907
21908
21909
21910
21951
21952
21953
21954
21955
21960
21961
21962
21963
21964
21969
21970
21971
21972
21973
21978
21979
21980
21981
21982
21987
21988
21989
21990
21991
22032
22033
22034
22035
22036
22041
22042
22043
22044
22045
22050
22051
22052
22053
22054
22059
22060
22061
22062
22063
22068
22069
22070
22071
22072
22113
22114
22115
22116
22117
22122
22123
22124
22125
22126
22131
22132
22133
22134
22135
22140
22141
22142
22143
22144
22149
22150
22151
22152
22153
22194
22195
22196
22197
22198
22203
22204
22205
22206
22207
22212
22213
22214
22215
22216
22221
22222
22223
22224
22225
22230
22231
22232
22233
22234
22599
22600
22601
22602
22603
22608
22609
22610
22611
22612
22617
22618
22619
22620
22621
22626
22627
22628
22629
22630
22635
22636
22637
22638
22639
22680
22681
22682
22683
22684
22689
22690
22691
22692
22693
22698
22699
22700
22701
22702
22707
22708
22709
22710
22711
22716
22717
22718
22719
22720
22761
22762
22763
22764
22765
22770
22771
22772
22773
22774
22779
22780
22781
22782
22783
22788
22789
22790
22791
22792
22797
22798
22799
22800
22801
22842
22843
22844
22845
22846
22851
22852
22853
22854
22855
22860
22861
22862
22863
22864
22869
22870
22871
22872
22873
22878
22879
22880
22881
22882
22923
22924
22925
22926
22927
22932
22933
22934
22935
22936
22941
22942
22943
22944
22945
22950
22951
22952
22953
22954
22959
22960
22961
22962
22963
26244
26245
26246
26247
26248
26253
26254
26255
26256
26257
26262
26263
26264
26265
26266
26271
26272
26273
26274
26275
26280
26281
26282
26283
26284
26325
26326
26327
26328
26329
26334
26335
26336
26337
26338
26343
26344
26345
26346
26347
26352
26353
26354
26355
26356
26361
26362
26363
26364
26365
26406
26407
26408
26409
26410
26415
26416
26417
26418
26419
26424
26425
26426
26427
26428
26433
26434
26435
26436
26437
26442
26443
26444
26445
26446
26487
26488
26489
26490
26491
26496
26497
26498
26499
26500
26505
26506
26507
26508
26509
26514
26515
26516
26517
26518
26523
26524
26525
26526
26527
26568
26569
26570
26571
26572
26577
26578
26579
26580
26581
26586
26587
26588
26589
26590
26595
26596
26597
26598
26599
26604
26605
26606
26607
26608
26973
26974
26975
26976
26977
26982
26983
26984
26985
26986
26991
26992
26993
26994
26995
27000
27001
27002
27003
27004
27009
27010
27011
27012
27013
27054
27055
27056
27057
27058
27063
27064
27065
27066
27067
27072
27073
27074
27075
27076
27081
27082
27083
27084
27085
27090
27091
27092
27093
27094
27135
27136
27137
27138
27139
27144
27145
27146
27147
27148
27153
27154
27155
27156
27157
27162
27163
27164
27165
27166
27171
27172
27173
27174
27175
27216
27217
27218
27219
27220
27225
27226
27227
27228
27229
27234
27235
27236
27237
27238
27243
27244
27245
27246
27247
27252
27253
27254
27255
27256
27297
27298
27299
27300
27301
27306
27307
27308
27309
27310
27315
27316
27317
27318
27319
27324
27325
27326
27327
27328
27333
27334
27335
27336
27337
27702
27703
27704
27705
27706
27711
27712
27713
27714
27715
27720
27721
27722
27723
27724
27729
27730
27731
27732
27733
27738
27739
27740
27741
27742
27783
27784
27785
27786
27787
27792
27793
27794
27795
27796
27801
27802
27803
27804
27805
27810
27811
27812
27813
27814
27819
27820
27821
27822
27823
27864
27865
27866
27867
27868
27873
27874
27875
27876
27877
27882
27883
27884
27885
27886
27891
27892
27893
27894
27895
27900
27901
27902
27903
27904
27945
27946
27947
27948
27949
27954
27955
27956
27957
27958
27963
27964
27965
27966
27967
27972
27973
27974
27975
27976
27981
27982
27983
27984
27985
28026
28027
28028
28029
28030
28035
28036
28037
28038
28039
28044
28045
28046
28047
28048
28053
28054
28055
28056
28057
28062
28063
28064
28065
28066
28431
28432
28433
28434
28435
28440
28441
28442
28443
28444
28449
28450
28451
28452
28453
28458
28459
28460
28461
28462
28467
28468
28469
28470
28471
28512
28513
28514
28515
28516
28521
28522
28523
28524
28525
28530
28531
28532
28533
28534
28539
28540
28541
28542
28543
28548
28549
28550
28551
28552
28593
28594
28595
28596
28597
28602
28603
28604
28605
28606
28611
28612
28613
28614
28615
28620
28621
28622
28623
28624
28629
28630
28631
28632
28633
28674
28675
28676
28677
28678
28683
28684
28685
28686
28687
28692
28693
28694
28695
28696
28701
28702
28703
28704
28705
28710
28711
28712
28713
28714
28755
28756
28757
28758
28759
28764
28765
28766
28767
28768
28773
28774
28775
28776
28777
28782
28783
28784
28785
28786
28791
28792
28793
28794
28795
29160
29161
29162
29163
29164
29169
29170
29171
29172
29173
29178
29179
29180
29181
29182
29187
29188
29189
29190
29191
29196
29197
29198
29199
29200
29241
29242
29243
29244
29245
29250
29251
29252
29253
29254
29259
29260
29261
29262
29263
29268
29269
29270
29271
29272
29277
29278
29279
29280
29281
29322
29323
29324
29325
29326
29331
29332
29333
29334
29335
29340
29341
29342
29343
29344
29349
29350
29351
29352
29353
29358
29359
29360
29361
29362
29403
29404
29405
29406
29407
29412
29413
29414
29415
29416
29421
29422
29423
29424
29425
29430
29431
29432
29433
29434
29439
29440
29441
29442
29443
29484
29485
29486
29487
29488
29493
29494
29495
29496
29497
29502
29503
29504
29505
29506
29511
29512
29513
29514
29515
29520
29521
29522
29523
29524
