2
3
4
5
6
7
8
9
10
11
12
13
14
15
16
17
18
19
20
21
22
23
24
25
26
27
28
29
30
31
32
33
34
35
36
37
38
39
40
41
42
43
44
45
46
47
48
49
50
51
52
53
54
55
56
57
58
59
60
61
62
63
64
65
66
67
68
69
70
71
72
73
74
75
76
77
78
80
81
82
83
84
85
86
87
88
89
90
91
92
93
94
95
96
98
99
100
101
102
103
104
105
106
107
108
109
110
111
112
113
114
115
116
117
118
119
120
121
122
123
124
125
126
127
128
131
132
135
136
137
138
139
140
141
142
143
144
145
147
148
150
151
153
154
155
157
159
161
162
163
164
165
166
167
168
170
171
172
173
174
175
176
177
179
180
181
182
183
184
185
186
187
188
189
190
191
192
193
196
198
199
200
201
202
203
204
205
206
207
208
209
212
213
216
217
218
220
221
222
223
224
225
226
227
232
234
235
236
238
240
241
242
243
244
245
246
247
248
252
253
254
255
256
261
262
263
264
265
270
271
272
273
274
279
280
281
282
283
324
325
326
327
328
329
330
332
333
334
335
336
337
339
341
342
343
344
345
346
348
350
351
352
353
354
355
360
361
362
363
364
365
366
368
369
370
371
372
373
374
378
379
380
382
383
384
386
392
396
397
398
400
401
402
404
405
406
407
408
409
410
414
415
416
417
418
423
424
425
426
427
432
433
434
435
436
441
442
443
444
445
446
450
451
452
453
454
455
464
473
482
486
487
488
490
492
494
495
496
497
499
501
503
504
505
506
508
510
512
522
523
524
526
528
530
540
541
542
544
546
548
558
559
560
562
564
566
648
649
650
652
654
656
657
658
659
661
663
665
666
667
668
670
672
674
684
685
686
688
690
692
702
703
704
706
708
710
720
721
722
724
726
728
729
730
731
733
735
737
738
739
740
742
744
746
747
748
749
751
753
755
765
766
767
769
771
773
783
784
785
787
789
791
801
802
803
805
807
809
810
811
812
814
816
818
819
820
821
823
825
827
828
829
830
832
834
836
846
847
848
850
852
854
864
865
866
868
870
872
882
883
884
886
888
890
891
892
893
895
897
899
900
901
902
904
906
908
909
910
911
913
915
917
927
928
929
931
933
935
945
946
947
949
951
953
963
964
965
967
969
971
