2
3
4
5
6
7
9
10
11
12
13
14
15
16
18
19
21
22
27
28
29
30
31
33
36
38
39
41
42
45
46
49
50
51
52
54
55
56
57
58
59
60
69
70
73
75
76
78
81
82
83
84
86
87
90
91
92
93
95
96
99
100
108
109
123
124
126
127
129
130
131
132
135
136
140
141
144
145
146
147
155
156
162
163
164
165
171
172
173
174
405
406
410
411
414
415
419
420
450
451
455
456
459
460
464
465
486
487
491
492
495
496
500
501
531
532
536
537
540
541
545
546
729
730
734
735
738
739
743
744
774
775
779
780
783
784
788
789
810
811
815
816
819
820
824
825
855
856
860
861
864
865
869
870
