8
9
10
17
19
72
73
80
81
82
89
90
91
98
100
145
153
154
161
386
395
467
584
593
648
649
656
657
658
665
720
721
728
729
730
737
738
739
746
801
802
809
810
811
818
819
820
827
882
883
890
1377
1378
1385
1386
1387
1394
1449
1450
1457
5832
5833
5840
5841
5842
5849
5904
5905
5912
5913
5914
5921
5922
5923
5930
5985
5986
5993
6480
6481
6488
6489
6490
6497
6552
6553
6560
6561
6562
6569
6570
6571
6578
6633
6634
6641
6642
6643
6650
6651
6652
6659
6714
6715
6722
7209
7210
7217
7218
7219
7226
7281
7282
7289
7290
7291
7298
7299
7300
7307
7362
7363
7370
7371
7372
7379
7380
7381
7388
7443
7444
7451
7938
7939
7946
7947
7948
7955
8010
8011
8018
