2
3
4
5
6
7
8
9
10
11
12
13
14
15
16
17
18
19
20
21
22
23
24
25
26
27
28
29
30
31
32
33
34
36
37
41
42
44
45
46
47
48
50
51
54
55
56
57
58
59
60
61
62
63
64
65
66
67
68
69
72
73
74
75
81
82
83
84
85
86
87
88
89
90
91
92
93
94
95
96
99
100
101
102
108
109
110
111
114
115
116
117
118
119
120
121
122
123
126
127
128
129
131
132
135
136
137
138
141
150
162
163
164
165
168
169
170
171
172
173
174
175
176
177
180
181
182
183
189
190
191
192
243
244
245
246
252
253
254
255
258
261
262
263
264
270
271
272
273
