2
3
4
5
6
7
8
9
10
11
12
13
14
15
16
17
18
19
20
21
22
23
24
25
26
27
28
29
30
31
32
33
34
35
36
37
38
39
40
41
42
43
44
45
46
47
48
49
50
51
52
53
54
55
56
57
58
59
60
61
62
63
64
65
66
67
68
69
70
71
72
73
74
75
76
77
78
79
80
81
82
83
84
85
86
87
88
89
90
91
92
93
94
95
96
97
98
99
100
101
102
103
104
105
106
107
108
109
110
111
112
113
114
115
116
117
118
119
120
121
122
123
124
125
126
127
128
129
130
131
132
133
134
135
136
137
138
139
140
141
142
143
144
145
146
147
148
149
150
151
152
153
154
155
156
157
158
159
160
161
162
163
164
165
166
167
168
169
170
171
172
173
174
175
176
177
178
179
180
181
182
183
184
185
186
187
188
189
190
191
192
193
194
195
196
197
198
199
200
201
202
203
204
205
206
207
208
209
210
211
212
213
214
215
216
217
218
219
220
221
222
223
224
225
226
227
228
229
230
231
232
233
234
235
236
237
238
239
240
241
243
244
245
246
247
248
249
250
251
252
253
254
255
256
257
258
259
260
261
262
263
264
265
266
267
268
269
270
271
272
273
274
275
276
277
278
279
280
281
282
283
284
285
286
287
288
289
290
291
292
293
294
295
296
297
298
299
300
301
302
303
304
305
306
307
308
309
310
311
312
313
314
315
316
317
318
319
320
321
322
323
324
325
326
327
328
329
330
331
332
333
334
335
336
337
338
339
340
341
342
343
344
345
346
347
348
349
350
351
352
353
354
355
356
357
358
359
360
361
362
365
366
367
368
369
370
371
372
373
374
375
376
377
378
379
380
381
382
383
384
385
386
387
388
389
390
391
392
393
394
395
396
397
398
399
401
402
403
404
405
406
407
408
409
410
411
412
413
414
415
416
417
418
419
420
421
422
423
424
425
426
427
428
429
430
431
432
433
434
435
436
437
438
439
440
441
442
443
444
445
446
447
448
449
450
451
452
453
454
455
456
457
458
459
460
461
462
463
464
465
466
467
468
469
470
471
472
473
474
475
476
477
478
479
480
485
486
487
488
489
490
491
492
493
494
495
496
497
498
499
500
501
502
503
504
505
506
507
508
509
510
511
512
513
514
515
516
517
518
519
520
521
522
523
524
525
526
528
529
531
532
533
534
535
536
537
538
539
540
541
542
543
544
545
546
547
548
549
550
551
552
553
554
555
556
557
558
559
560
561
562
563
564
565
566
567
568
569
570
571
572
573
574
575
576
577
578
579
582
583
584
585
586
587
588
589
590
591
592
593
594
595
596
597
598
599
600
601
602
603
604
606
608
609
610
611
612
613
615
616
617
618
619
620
621
622
623
624
625
626
627
628
629
630
631
632
633
634
635
636
637
638
639
640
642
645
647
648
649
650
651
652
653
654
655
656
657
658
659
660
661
662
663
665
666
667
668
669
670
671
672
673
674
675
676
677
678
679
680
681
682
683
684
685
686
687
689
690
691
693
694
695
696
697
698
699
702
703
705
706
707
708
709
710
711
712
713
714
715
716
717
718
720
721
729
730
731
732
733
734
735
736
737
738
739
740
741
742
743
744
745
746
747
748
749
750
751
752
753
754
755
756
757
758
759
760
761
762
763
764
765
766
767
768
770
771
772
773
774
775
776
777
778
779
780
781
782
783
784
785
786
787
788
789
790
791
792
793
794
795
797
798
799
800
801
802
803
804
805
806
807
808
809
810
811
812
813
814
815
816
817
818
819
820
821
822
824
825
826
827
828
829
830
831
832
833
834
835
837
838
839
840
842
843
844
845
847
849
851
852
853
854
855
856
857
858
860
861
862
863
864
865
866
867
868
869
870
871
873
874
875
876
878
879
880
881
882
883
884
885
887
888
889
891
892
893
894
895
896
897
898
899
900
901
902
903
906
907
909
910
911
912
913
914
915
916
918
919
920
921
922
923
924
925
926
927
928
929
930
932
933
934
935
936
937
938
939
940
941
942
943
945
946
947
948
949
950
951
952
953
954
955
956
957
958
960
961
962
963
964
969
972
973
974
975
976
977
978
979
980
981
982
983
984
986
987
988
989
990
991
992
993
996
997
999
1000
1001
1002
1004
1005
1006
1007
1008
1009
1011
1013
1014
1016
1017
1018
1020
1021
1022
1023
1025
1026
1027
1028
1029
1032
1033
1035
1036
1037
1038
1040
1041
1042
1043
1044
1045
1047
1050
1053
1054
1056
1057
1061
1062
1063
1065
1066
1068
1074
1077
1079
1080
1081
1084
1086
1094
1095
1096
1097
1098
1099
1101
1103
1104
1105
1106
1107
1108
1109
1110
1111
1112
1113
1115
1116
1117
1118
1119
1120
1121
1122
1123
1124
1125
1126
1128
1130
1131
1132
1134
1135
1136
1137
1138
1139
1140
1142
1143
1144
1145
1146
1147
1148
1149
1151
1155
1158
1160
1161
1162
1164
1165
1166
1167
1169
1170
1171
1173
1175
1176
1177
1178
1179
1180
1182
1183
1184
1185
1186
1187
1188
1189
1190
1191
1192
1193
1197
1198
1199
1202
1203
1205
1206
1207
1209
1215
1216
1217
1218
1219
1220
1221
1222
1223
1224
1225
1226
1227
1228
1229
1230
1231
1232
1233
1234
1235
1236
1238
1239
1240
1242
1243
1244
1245
1246
1247
1248
1249
1250
1251
1252
1253
1254
1256
1257
1258
1259
1260
1261
1263
1264
1265
1266
1267
1269
1270
1271
1272
1273
1275
1276
1277
1278
1279
1280
1281
1282
1284
1285
1286
1287
1288
1293
1296
1297
1298
1299
1300
1301
1302
1303
1305
1306
1307
1308
1310
1311
1312
1313
1314
1315
1316
1317
1319
1320
1321
1322
1323
1324
1325
1326
1327
1329
1330
1331
1332
1333
1335
1337
1338
1339
1340
1341
1342
1344
1346
1347
1348
1349
1350
1351
1352
1353
1354
1355
1356
1357
1359
1360
1361
1362
1364
1365
1366
1367
1368
1369
1371
1373
1374
1375
1377
1378
1379
1380
1381
1382
1383
1385
1386
1387
1388
1389
1391
1392
1394
1404
1405
1407
1409
1410
1412
1418
1419
1420
1421
1422
1423
1427
1428
1429
1431
1432
1433
1434
1435
1436
1440
1441
1442
1458
1459
1460
1461
1462
1463
1464
1465
1466
1467
1468
1469
1470
1472
1473
1474
1475
1476
1477
1478
1479
1480
1481
1482
1483
1485
1486
1487
1488
1489
1490
1491
1492
1493
1494
1495
1496
1499
1500
1501
1502
1503
1504
1505
1506
1507
1508
1509
1510
1512
1513
1514
1515
1516
1517
1518
1519
1520
1521
1522
1523
1524
1527
1528
1530
1531
1532
1533
1534
1535
1539
1540
1541
1542
1543
1544
1545
1546
1547
1548
1549
1550
1551
1553
1554
1555
1556
1557
1558
1559
1560
1561
1562
1563
1564
1566
1567
1568
1569
1572
1573
1593
1594
1595
1596
1599
1600
1602
1603
1604
1605
1608
1609
1620
1621
1622
1623
1624
1625
1626
1627
1628
1629
1630
1631
1632
1635
1636
1638
1639
1640
1641
1642
1643
1644
1645
1647
1648
1649
1650
1651
1652
1653
1654
1655
1656
1657
1658
1665
1666
1667
1668
1669
1670
1674
1675
1676
1677
1680
1681
1683
1684
1685
1686
1689
1690
1701
1702
1703
1704
1705
1706
1707
1708
1709
1710
1711
1712
1713
1716
1717
1719
1720
1721
1722
1723
1724
1725
1726
1728
1729
1730
1731
1732
1733
1734
1735
1736
1737
1738
1739
1746
1747
1748
1749
1750
1751
1755
1756
1757
1758
1759
1760
1761
1762
1763
1764
1765
1766
1767
1770
1771
1773
1774
1775
1776
1777
1778
1782
1783
1784
1785
1786
1787
1788
1789
1790
1791
1792
1793
1800
1801
1802
1803
1804
1805
1863
1864
1865
1866
1867
1868
1869
1870
1871
1872
1873
1874
1881
1882
1883
1884
1885
1886
1890
1891
1892
1893
1894
1895
1896
1897
1898
1899
1900
1901
1908
1909
1910
1911
1912
1913
1944
1945
1946
1947
1950
1951
1953
1954
1955
1956
1959
1960
1962
1963
1964
1965
1968
1969
1971
1972
1973
1974
1977
1978
1998
1999
2000
2001
2004
2005
2007
2008
2009
2010
2013
2014
2025
2026
2027
2028
2031
2032
2034
2035
2036
2037
2040
2041
2043
2044
2045
2046
2049
2050
2052
2053
2054
2055
2058
2059
2079
2080
2081
2082
2085
2086
2088
2089
2090
2091
2094
2095
2187
2188
2189
2190
2191
2192
2193
2194
2195
2196
2197
2198
2199
2201
2202
2203
2204
2205
2206
2207
2208
2209
2210
2211
2212
2214
2215
2216
2217
2218
2219
2220
2221
2222
2223
2224
2225
2228
2229
2231
2232
2233
2234
2235
2236
2237
2238
2240
2241
2242
2243
2244
2245
2246
2247
2248
2249
2250
2251
2252
2253
2255
2256
2257
2258
2259
2260
2261
2262
2263
2264
2268
2269
2270
2271
2272
2273
2274
2275
2276
2277
2278
2279
2280
2282
2283
2284
2285
2286
2287
2288
2289
2290
2291
2292
2293
2295
2296
2297
2298
2300
2301
2302
2303
2309
2310
2312
2313
2314
2316
2318
2319
2321
2322
2323
2324
2325
2328
2329
2331
2332
2333
2334
2336
2337
2338
2339
2340
2341
2343
2349
2350
2351
2352
2353
2354
2355
2356
2357
2358
2359
2360
2361
2364
2365
2367
2368
2369
2370
2371
2372
2373
2374
2376
2377
2378
2379
2380
2381
2382
2383
2384
2385
2386
2387
2394
2395
2396
2397
2398
2399
2403
2404
2405
2406
2409
2410
2412
2413
2414
2415
2418
2419
2430
2431
2432
2433
2434
2435
2436
2437
2438
2439
2440
2441
2442
2444
2445
2446
2447
2448
2449
2450
2451
2452
2453
2454
2455
2457
2458
2459
2460
2461
2462
2463
2464
2465
2466
2467
2468
2471
2472
2474
2475
2476
2477
2478
2479
2480
2481
2483
2484
2485
2486
2487
2488
2489
2490
2491
2492
2493
2494
2495
2496
2498
2499
2500
2501
2502
2503
2504
2505
2506
2507
2511
2512
2513
2514
2515
2516
2517
2518
2519
2520
2521
2522
2529
2530
2531
2532
2533
2534
2552
2553
2555
2556
2557
2559
2561
2562
2564
2565
2566
2568
2579
2580
2582
2583
2584
2586
2592
2593
2594
2595
2596
2597
2598
2599
2600
2601
2602
2603
2604
2606
2607
2609
2610
2611
2612
2613
2614
2615
2619
2620
2621
2622
2623
2624
2625
2626
2627
2628
2629
2630
2633
2634
2636
2637
2638
2639
2640
2641
2642
2643
2645
2646
2647
2649
2660
2661
2663
2664
2665
2667
2673
2674
2675
2676
2677
2678
2679
2680
2681
2682
2683
2684
2685
2687
2688
2689
2690
2691
2692
2693
2694
2695
2696
2697
2698
2700
2701
2702
2703
2704
2705
2706
2707
2708
2709
2710
2711
2718
2719
2720
2721
2722
2723
2727
2728
2729
2730
2731
2732
2733
2734
2735
2736
2737
2738
2739
2742
2743
2745
2746
2747
2748
2749
2750
2754
2755
2756
2757
2758
2759
2760
2761
2762
2763
2764
2765
2766
2769
2770
2772
2773
2774
2775
2776
2777
2778
2779
2781
2782
2783
2784
2787
2788
2795
2796
2798
2799
2800
2802
2804
2805
2807
2808
2809
2810
2811
2814
2815
2817
2818
2819
2820
2822
2823
2824
2825
2826
2827
2829
2835
2836
2837
2838
2839
2840
2841
2842
2843
2844
2845
2846
2847
2849
2850
2852
2853
2854
2855
2856
2857
2858
2862
2863
2864
2865
2866
2867
2868
2869
2870
2871
2872
2873
2880
2881
2882
2883
2884
2885
2916
2917
2918
2919
2920
2921
2922
2923
2924
2925
2926
2927
2934
2935
2936
2937
2938
2939
2943
2944
2945
2946
2947
2948
2949
2950
2951
2952
2953
2954
2961
2962
2963
2964
2965
2966
2970
2971
2972
2973
2974
2975
2976
2977
2978
2979
2980
2981
2988
2989
2990
2991
2992
2993
2997
2998
2999
3000
3001
3002
3003
3004
3005
3006
3007
3008
3015
3016
3017
3018
3019
3020
3078
3079
3080
3081
3082
3083
3084
3085
3086
3087
3088
3089
3096
3097
3098
3099
3100
3101
3105
3106
3107
3108
3109
3110
3111
3112
3113
3114
3115
3116
3123
3124
3125
3126
3127
3128
3281
3282
3284
3285
3286
3288
3290
3291
3293
3294
3295
3297
3308
3309
3311
3312
3313
3315
3321
3322
3324
3326
3327
3329
3330
3331
3333
3335
3336
3338
3348
3349
3351
3353
3354
3356
3362
3363
3365
3366
3367
3369
3371
3372
3374
3375
3376
3378
3389
3390
3392
3393
3394
3396
3402
3403
3405
3407
3408
3410
3411
3412
3414
3416
3417
3419
3429
3430
3432
3434
3435
3437
3524
3525
3527
3528
3529
3531
3533
3534
3536
3537
3538
3540
3551
3552
3554
3555
3556
3558
3564
3565
3567
3569
3570
3572
3573
3574
3576
3578
3579
3581
3591
3592
3594
3596
3597
3599
3645
3646
3648
3650
3651
3653
3654
3655
3657
3659
3660
3662
3672
3673
3675
3677
3678
3680
3686
3687
3689
3690
3691
3693
3695
3696
3698
3699
3700
3702
3713
3714
3716
3717
3718
3720
3726
3727
3729
3731
3732
3734
3735
3736
3738
3740
3741
3743
3753
3754
3756
3758
3759
3761
3767
3768
3770
3771
3772
3774
3776
3777
3779
3780
3781
3783
3794
3795
3797
3798
3799
3801
3888
3889
3891
3893
3894
3896
3897
3898
3900
3902
3903
3905
3915
3916
3918
3920
3921
3923
3929
3930
3932
3933
3934
3936
3938
3939
3941
3942
3943
3945
3956
3957
3959
3960
3961
3963
4010
4011
4013
4014
4015
4017
4019
4020
4022
4023
4024
4026
4037
4038
4040
4041
4042
4044
4050
4051
4053
4055
4056
4058
4059
4060
4062
4064
4065
4067
4077
4078
4080
4082
4083
4085
4091
4092
4094
4095
4096
4098
4100
4101
4103
4104
4105
4107
4118
4119
4121
4122
4123
4125
4131
4132
4134
4136
4137
4139
4140
4141
4143
4145
4146
4148
4158
4159
4161
4163
4164
4166
4253
4254
4256
4257
4258
4260
4262
4263
4265
4266
4267
4269
4280
4281
4283
4284
4285
4287
4293
4294
4296
4298
4299
4301
4302
4303
4305
4307
4308
4310
4320
4321
4323
4325
4326
4328
4374
4375
4376
4377
4379
4380
4381
4382
4383
4384
4385
4386
4388
4389
4390
4391
4392
4393
4394
4395
4398
4399
4401
4402
4403
4404
4406
4407
4408
4409
4415
4416
4418
4419
4420
4422
4424
4425
4427
4428
4429
4430
4431
4434
4435
4437
4438
4439
4440
4442
4443
4444
4445
4446
4447
4449
4455
4456
4457
4458
4460
4461
4462
4463
4464
4465
4466
4467
4469
4470
4471
4472
4473
4474
4475
4476
4479
4480
4482
4483
4484
4485
4487
4488
4489
4490
4496
4497
4499
4500
4501
4503
4505
4506
4508
4509
4510
4511
4512
4515
4516
4518
4519
4520
4521
4523
4524
4525
4526
4527
4528
4530
4536
4537
4538
4539
4542
4543
4545
4546
4547
4548
4551
4552
4554
4555
4556
4557
4560
4561
4563
4564
4565
4566
4569
4570
4590
4591
4592
4593
4596
4597
4599
4600
4601
4602
4605
4606
4617
4618
4619
4620
4622
4623
4624
4625
4626
4627
4628
4629
4631
4632
4633
4634
4635
4636
4637
4638
4641
4642
4644
4645
4646
4647
4649
4650
4651
4652
4658
4659
4661
4662
4663
4665
4667
4668
4670
4671
4672
4673
4674
4677
4678
4680
4681
4682
4683
4685
4686
4687
4688
4689
4690
4692
4860
4861
4862
4863
4866
4867
4869
4870
4871
4872
4875
4876
4878
4879
4880
4881
4884
4885
4887
4888
4889
4890
4893
4894
4914
4915
4916
4917
4920
4921
4923
4924
4925
4926
4929
4930
4941
4942
4943
4944
4947
4948
4950
4951
4952
4953
4956
4957
4959
4960
4961
4962
4965
4966
4968
4969
4970
4971
4974
4975
4995
4996
4997
4998
5001
5002
5004
5005
5006
5007
5010
5011
5103
5104
5105
5106
5109
5110
5112
5113
5114
5115
5118
5119
5121
5122
5123
5124
5127
5128
5130
5131
5132
5133
5136
5137
5157
5158
5159
5160
5163
5164
5166
5167
5168
5169
5172
5173
5184
5185
5186
5187
5190
5191
5193
5194
5195
5196
5199
5200
5202
5203
5204
5205
5208
5209
5211
5212
5213
5214
5217
5218
5238
5239
5240
5241
5244
5245
5247
5248
5249
5250
5253
5254
5265
5266
5267
5268
5271
5272
5274
5275
5276
5277
5280
5281
5283
5284
5285
5286
5289
5290
5292
5293
5294
5295
5298
5299
5319
5320
5321
5322
5325
5326
5328
5329
5330
5331
5334
5335
5346
5347
5348
5349
5352
5353
5355
5356
5357
5358
5361
5362
5364
5365
5366
5367
5370
5371
5373
5374
5375
5376
5379
5380
5400
5401
5402
5403
5406
5407
5409
5410
5411
5412
5415
5416
5589
5590
5591
5592
5595
5596
5598
5599
5600
5601
5604
5605
5607
5608
5609
5610
5613
5614
5616
5617
5618
5619
5622
5623
5643
5644
5645
5646
5649
5650
5652
5653
5654
5655
5658
5659
5670
5671
5672
5673
5676
5677
5679
5680
5681
5682
5685
5686
5688
5689
5690
5691
5694
5695
5697
5698
5699
5700
5703
5704
5724
5725
5726
5727
5730
5731
5733
5734
5735
5736
5739
5740
6561
6562
6563
6564
6567
6568
6570
6571
6572
6573
6576
6577
6579
6580
6581
6582
6585
6586
6588
6589
6590
6591
6594
6595
6615
6616
6617
6618
6621
6622
6624
6625
6626
6627
6630
6631
6642
6643
6644
6645
6648
6649
6651
6652
6653
6654
6657
6658
6660
6661
6662
6663
6666
6667
6669
6670
6671
6672
6675
6676
6696
6697
6698
6699
6702
6703
6705
6706
6707
6708
6711
6712
6723
6724
6725
6726
6729
6730
6732
6733
6734
6735
6738
6739
6741
6742
6743
6744
6747
6748
6750
6751
6752
6753
6756
6757
6777
6778
6779
6780
6783
6784
6786
6787
6788
6789
6792
6793
6804
6805
6806
6807
6810
6811
6813
6814
6815
6816
6819
6820
6822
6823
6824
6825
6828
6829
6831
6832
6833
6834
6837
6838
6858
6859
6860
6861
6864
6865
6867
6868
6869
6870
6873
6874
7047
7048
7049
7050
7053
7054
7056
7057
7058
7059
7062
7063
7065
7066
7067
7068
7071
7072
7074
7075
7076
7077
7080
7081
7101
7102
7103
7104
7107
7108
7110
7111
7112
7113
7116
7117
7128
7129
7130
7131
7134
7135
7137
7138
7139
7140
7143
7144
7146
7147
7148
7149
7152
7153
7155
7156
7157
7158
7161
7162
7182
7183
7184
7185
7188
7189
7191
7192
7193
7194
7197
7198
7290
7291
7292
7293
7296
7297
7299
7300
7301
7302
7305
7306
7308
7309
7310
7311
7314
7315
7317
7318
7319
7320
7323
7324
7344
7345
7346
7347
7350
7351
7353
7354
7355
7356
7359
7360
7371
7372
7373
7374
7377
7378
7380
7381
7382
7383
7386
7387
7389
7390
7391
7392
7395
7396
7398
7399
7400
7401
7404
7405
7425
7426
7427
7428
7431
7432
7434
7435
7436
7437
7440
7441
7452
7453
7454
7455
7458
7459
7461
7462
7463
7464
7467
7468
7470
7471
7472
7473
7476
7477
7479
7480
7481
7482
7485
7486
7506
7507
7508
7509
7512
7513
7515
7516
7517
7518
7521
7522
7533
7534
7535
7536
7539
7540
7542
7543
7544
7545
7548
7549
7551
7552
7553
7554
7557
7558
7560
7561
7562
7563
7566
7567
7587
7588
7589
7590
7593
7594
7596
7597
7598
7599
7602
7603
7776
7777
7778
7779
7782
7783
7785
7786
7787
7788
7791
7792
7794
7795
7796
7797
7800
7801
7803
7804
7805
7806
7809
7810
7830
7831
7832
7833
7836
7837
7839
7840
7841
7842
7845
7846
7857
7858
7859
7860
7863
7864
7866
7867
7868
7869
7872
7873
7875
7876
7877
7878
7881
7882
7884
7885
7886
7887
7890
7891
7911
7912
7913
7914
7917
7918
7920
7921
7922
7923
7926
7927
8019
8020
8021
8022
8025
8026
8028
8029
8030
8031
8034
8035
8037
8038
8039
8040
8043
8044
8046
8047
8048
8049
8052
8053
8073
8074
8075
8076
8079
8080
8082
8083
8084
8085
8088
8089
8100
8101
8102
8103
8106
8107
8109
8110
8111
8112
8115
8116
8118
8119
8120
8121
8124
8125
8127
8128
8129
8130
8133
8134
8154
8155
8156
8157
8160
8161
8163
8164
8165
8166
8169
8170
8181
8182
8183
8184
8187
8188
8190
8191
8192
8193
8196
8197
8199
8200
8201
8202
8205
8206
8208
8209
8210
8211
8214
8215
8235
8236
8237
8238
8241
8242
8244
8245
8246
8247
8250
8251
8262
8263
8264
8265
8268
8269
8271
8272
8273
8274
8277
8278
8280
8281
8282
8283
8286
8287
8289
8290
8291
8292
8295
8296
8316
8317
8318
8319
8322
8323
8325
8326
8327
8328
8331
8332
8505
8506
8507
8508
8511
8512
8514
8515
8516
8517
8520
8521
8523
8524
8525
8526
8529
8530
8532
8533
8534
8535
8538
8539
8559
8560
8561
8562
8565
8566
8568
8569
8570
8571
8574
8575
8586
8587
8588
8589
8592
8593
8595
8596
8597
8598
8601
8602
8604
8605
8606
8607
8610
8611
8613
8614
8615
8616
8619
8620
8640
8641
8642
8643
8646
8647
8649
8650
8651
8652
8655
8656
8748
8749
8750
8751
8754
8755
8757
8758
8759
8760
8763
8764
8766
8767
8768
8769
8772
8773
8775
8776
8777
8778
8781
8782
8802
8803
8804
8805
8808
8809
8811
8812
8813
8814
8817
8818
8829
8830
8831
8832
8835
8836
8838
8839
8840
8841
8844
8845
8847
8848
8849
8850
8853
8854
8856
8857
8858
8859
8862
8863
8883
8884
8885
8886
8889
8890
8892
8893
8894
8895
8898
8899
8910
8911
8912
8913
8916
8917
8919
8920
8921
8922
8925
8926
8928
8929
8930
8931
8934
8935
8937
8938
8939
8940
8943
8944
8964
8965
8966
8967
8970
8971
8973
8974
8975
8976
8979
8980
8991
8992
8993
8994
8997
8998
9000
9001
9002
9003
9006
9007
9009
9010
9011
9012
9015
9016
9018
9019
9020
9021
9024
9025
9045
9046
9047
9048
9051
9052
9054
9055
9056
9057
9060
9061
9234
9235
9236
9237
9240
9241
9243
9244
9245
9246
9249
9250
9252
9253
9254
9255
9258
9259
9261
9262
9263
9264
9267
9268
9288
9289
9290
9291
9294
9295
9297
9298
9299
9300
9303
9304
9315
9316
9317
9318
9321
9322
9324
9325
9326
9327
9330
9331
9333
9334
9335
9336
9339
9340
9342
9343
9344
9345
9348
9349
9369
9370
9371
9372
9375
9376
9378
9379
9380
9381
9384
9385
