2
3
4
5
6
7
9
10
11
12
13
14
15
16
18
19
20
21
22
23
24
25
27
28
29
30
31
32
33
34
36
37
38
39
40
41
42
43
45
46
47
48
49
50
51
52
54
55
56
57
58
59
60
61
63
64
65
66
67
68
69
70
73
74
75
76
77
78
79
81
82
83
84
85
86
87
88
90
91
92
93
94
95
96
97
99
100
101
102
103
104
105
106
108
109
110
111
112
113
114
115
117
118
119
121
122
123
124
126
127
128
129
130
131
132
133
135
136
140
141
142
144
145
146
147
148
149
150
151
154
155
156
158
160
162
163
164
165
171
172
173
174
175
176
180
181
182
186
189
190
193
195
198
199
204
205
210
211
213
214
216
217
225
226
227
228
230
231
236
237
239
243
244
245
246
247
249
252
253
254
255
256
257
261
262
264
267
270
271
272
273
274
276
279
280
285
290
292
293
295
297
298
299
300
301
302
303
307
308
312
316
317
319
322
324
325
327
328
330
333
334
342
345
346
348
349
351
352
353
354
355
365
366
369
370
371
373
374
376
378
379
381
382
397
398
405
406
410
411
412
414
415
416
418
419
420
421
428
436
438
439
441
442
446
447
450
451
455
456
457
459
460
461
464
465
466
468
469
473
474
475
478
479
481
483
484
486
487
489
490
491
492
493
495
496
498
500
501
502
504
507
511
513
514
516
517
519
520
522
523
524
525
527
528
531
532
533
536
537
538
540
541
542
545
546
547
549
550
554
555
556
559
560
564
565
567
568
572
573
574
576
577
580
581
582
583
585
586
587
591
598
600
603
604
609
610
612
613
615
616
617
618
619
621
622
625
626
627
628
630
631
632
634
635
636
637
643
645
657
662
663
671
675
676
684
685
690
691
695
696
697
698
699
700
702
703
704
706
708
711
712
713
715
718
729
730
731
732
734
735
736
738
739
740
741
742
743
744
745
747
748
749
750
751
753
754
756
757
758
759
770
771
774
775
779
780
781
783
784
787
788
789
790
792
793
794
796
797
798
799
804
805
807
808
810
811
812
813
815
816
817
819
820
821
822
824
825
826
828
829
831
832
834
835
837
838
839
840
852
853
855
856
858
859
860
861
862
864
865
869
870
871
873
874
875
876
878
879
880
884
885
887
891
892
893
894
900
901
902
903
905
918
919
927
928
933
934
938
939
940
942
943
945
946
947
949
951
954
955
956
957
958
959
965
966
968
972
973
974
975
981
982
983
984
986
990
991
996
999
1000
1001
1002
1003
1005
1008
1009
1014
1019
1022
1026
1027
1028
1031
1037
1038
1040
1046
1047
1048
1049
1050
1053
1054
1055
1062
1063
1095
1096
1100
1101
1102
1103
1104
1105
1107
1108
1109
1111
1112
1113
1116
1117
1118
1119
1120
1121
1127
1128
1129
1130
1131
1134
1135
1136
1137
1139
1140
1141
1143
1144
1145
1146
1148
1149
1150
1161
1162
1170
1171
1176
1177
1179
1180
1182
1183
1184
1185
1186
1188
1189
1193
1194
1195
1197
1198
1202
1203
1204
1215
1216
1220
1221
1222
1224
1225
1229
1230
1231
1236
1237
1239
1240
1260
1261
1265
1266
1267
1269
1270
1274
1275
1276
1278
1279
1283
1284
1285
1290
1291
1293
1294
1296
1297
1301
1302
1303
1305
1306
1310
1311
1312
1314
1315
1317
1318
1320
1321
1323
1324
1325
1326
1341
1342
1346
1347
1348
1350
1351
1355
1356
1357
1359
1360
1364
1365
1366
1395
1396
1404
1405
1406
1407
1422
1423
1427
1436
1458
1459
1460
1461
1467
1468
1469
1470
1472
1476
1477
1485
1486
1487
1488
1539
1540
1541
1542
1548
1549
1550
1551
1553
1557
1558
1566
1567
1568
1569
1584
1585
3645
3646
3650
3651
3652
3654
3655
3659
3660
3661
3690
3691
3695
3696
3697
3699
3700
3704
3705
3706
3708
3709
3713
3714
3715
3726
3727
3731
3732
3733
3735
3736
3740
3741
3742
3771
3772
3776
3777
3778
3780
3781
3785
3786
3787
3789
3790
3794
3795
3796
4050
4051
4055
4056
4057
4059
4060
4064
4065
4066
4095
4096
4100
4101
4102
4104
4105
4109
4110
4111
4113
4114
4118
4119
4120
4131
4132
4136
4137
4138
4140
4141
4145
4146
4147
4176
4177
4181
4182
4183
4185
4186
4190
4191
4192
4194
4195
4199
4200
4201
4212
4213
4217
4218
4219
4221
4222
4226
4227
4228
4257
4258
4262
4263
4264
4266
4267
4271
4272
4273
4275
4276
4280
4281
4282
4374
4375
4379
4380
4381
4383
4384
4388
4389
4390
4419
4420
4424
4425
4426
4428
4429
4433
4434
4435
4437
4438
4442
4443
4444
4455
4456
4460
4461
4462
4464
4465
4469
4470
4471
4500
4501
4505
4506
4507
4509
4510
4514
4515
4516
4518
4519
4523
4524
4525
4779
4780
4784
4785
4786
4788
4789
4793
4794
4795
4824
4825
4829
4830
4831
4833
4834
4838
4839
4840
4842
4843
4847
4848
4849
4860
4861
4865
4866
4867
4869
4870
4874
4875
4876
4905
4906
4910
4911
4912
4914
4915
4919
4920
4921
4923
4924
4928
4929
4930
4941
4942
4946
4947
4948
4950
4951
4955
4956
4957
4986
4987
4991
4992
4993
4995
4996
5000
5001
5002
5004
5005
5009
5010
5011
5103
5104
5108
5109
5110
5112
5113
5117
5118
5119
5148
5149
5153
5154
5155
5157
5158
5162
5163
5164
5166
5167
5171
5172
5173
5184
5185
5189
5190
5191
5193
5194
5198
5199
5200
5229
5230
5234
5235
5236
5238
5239
5243
5244
5245
5247
5248
5252
5253
5254
5508
5509
5513
5514
5515
5517
5518
5522
5523
5524
5553
5554
5558
5559
5560
5562
5563
5567
5568
5569
5571
5572
5576
5577
5578
5589
5590
5594
5595
5596
5598
5599
5603
5604
5605
5634
5635
5639
5640
5641
5643
5644
5648
5649
5650
5652
5653
5657
5658
5659
5670
5671
5675
5676
5677
5679
5680
5684
5685
5686
5715
5716
5720
5721
5722
5724
5725
5729
5730
5731
5733
5734
5738
5739
5740
6561
6562
6566
6567
6568
6570
6571
6575
6576
6577
6606
6607
6611
6612
6613
6615
6616
6620
6621
6622
6624
6625
6629
6630
6631
6642
6643
6647
6648
6649
6651
6652
6656
6657
6658
6687
6688
6692
6693
6694
6696
6697
6701
6702
6703
6705
6706
6710
6711
6712
6966
6967
6971
6972
6973
6975
6976
6980
6981
6982
7011
7012
7016
7017
7018
7020
7021
7025
7026
7027
7029
7030
7034
7035
7036
7047
7048
7052
7053
7054
7056
7057
7061
7062
7063
7092
7093
7097
7098
7099
7101
7102
7106
7107
7108
7110
7111
7115
7116
7117
7128
7129
7133
7134
7135
7137
7138
7142
7143
7144
7173
7174
7178
7179
7180
7182
7183
7187
7188
7189
7191
7192
7196
7197
7198
7290
7291
7295
7296
7297
7299
7300
7304
7305
7306
7335
7336
7340
7341
7342
7344
7345
7349
7350
7351
7353
7354
7358
7359
7360
7371
7372
7376
7377
7378
7380
7381
7385
7386
7387
7416
7417
7421
7422
7423
7425
7426
7430
7431
7432
7434
7435
7439
7440
7441
7695
7696
7700
7701
7702
7704
7705
7709
7710
7711
7740
7741
7745
7746
7747
7749
7750
7754
7755
7756
7758
7759
7763
7764
7765
7776
7777
7781
7782
7783
7785
7786
7790
7791
7792
7821
7822
7826
7827
7828
7830
7831
7835
7836
7837
7839
7840
7844
7845
7846
7857
7858
7862
7863
7864
7866
7867
7871
7872
7873
7902
7903
7907
7908
7909
7911
7912
7916
7917
7918
7920
7921
7925
7926
7927
