2
3
4
5
6
7
8
9
10
11
12
13
14
15
16
17
18
19
20
21
22
24
25
26
27
28
30
31
32
33
35
36
37
39
41
42
44
45
46
48
49
50
54
55
56
58
60
61
62
63
64
65
68
69
70
71
72
73
74
75
76
77
81
82
83
84
85
86
87
88
89
90
91
92
93
96
97
98
99
100
101
102
103
105
106
108
109
111
123
124
132
133
135
136
137
138
141
142
143
144
145
146
147
150
151
152
153
154
155
162
163
164
168
169
170
171
172
173
177
178
179
180
181
182
204
205
213
214
216
217
219
225
226
228
231
232
243
244
246
252
253
255
258
259
267
268
270
271
273
