2
3
4
5
6
7
8
9
10
11
12
13
14
15
16
17
18
19
20
21
22
23
24
25
26
27
28
29
30
31
32
33
34
35
36
37
38
39
40
41
42
43
44
45
46
47
48
49
50
51
52
53
54
55
56
57
58
59
60
61
62
63
64
65
66
67
68
69
70
71
72
73
74
75
76
77
78
79
80
81
82
83
84
85
86
87
88
89
90
91
92
93
94
95
96
97
98
99
100
101
102
103
104
105
106
107
108
109
110
111
112
113
114
115
116
117
118
119
120
121
122
123
124
125
126
127
128
129
130
131
132
133
134
135
136
137
138
139
140
141
142
143
144
145
146
147
148
149
150
151
152
153
154
155
156
157
158
159
161
162
163
164
165
166
167
168
169
170
171
172
173
174
175
176
177
178
179
180
181
182
183
184
185
186
187
188
189
190
191
192
193
194
195
196
197
198
199
200
201
202
203
204
205
206
207
208
209
210
211
212
213
214
215
216
217
218
219
220
221
222
223
224
225
226
227
228
229
230
231
232
233
234
235
236
237
238
239
240
241
242
243
244
245
246
247
248
249
250
251
252
253
254
255
256
257
258
259
260
261
262
263
264
265
266
267
268
269
270
271
272
273
274
275
276
277
278
279
280
281
282
283
284
285
286
287
288
289
290
291
292
293
294
295
296
297
298
299
300
301
302
303
304
305
306
307
308
309
310
311
312
313
314
315
316
317
318
319
321
322
323
324
325
326
327
328
329
330
331
332
333
334
335
336
337
338
339
340
341
342
343
344
345
346
347
348
349
350
351
352
353
354
355
356
357
358
359
360
361
362
363
364
365
366
367
368
369
370
371
372
373
374
375
376
377
378
379
380
381
382
383
384
385
386
387
388
389
390
391
392
393
394
395
396
397
398
399
400
401
402
403
404
405
406
407
408
409
410
411
412
414
415
416
417
418
419
420
421
422
423
424
425
426
427
428
429
430
431
432
433
434
435
436
437
438
439
440
441
442
443
444
445
446
447
448
449
450
451
452
453
454
455
456
457
458
459
460
461
462
463
464
465
466
467
468
469
470
471
472
473
474
475
476
477
478
479
482
483
484
486
487
488
489
490
491
492
493
495
496
497
498
499
500
501
502
503
504
505
506
507
508
510
511
512
513
514
516
517
518
519
520
521
522
523
524
525
526
527
528
529
530
531
532
533
534
535
536
537
538
540
541
542
543
544
545
546
547
549
550
551
552
553
554
555
556
557
558
559
560
561
562
563
564
565
567
568
569
570
571
572
573
574
576
577
578
579
580
581
584
585
586
587
588
590
591
592
593
594
595
596
597
598
599
600
601
602
603
604
605
606
607
608
609
610
611
612
613
614
615
616
617
618
619
620
621
622
623
624
626
627
628
630
631
632
633
634
635
636
637
642
644
646
648
649
650
651
652
656
657
658
659
660
661
662
663
664
665
666
667
668
669
670
671
672
673
674
675
676
677
678
679
680
681
682
683
684
685
686
687
688
689
690
691
692
693
694
695
696
697
698
699
700
702
703
704
705
706
707
708
709
711
712
713
714
715
716
718
720
721
722
723
724
725
726
727
728
729
730
731
732
733
734
735
736
737
738
739
740
741
742
743
744
745
746
747
748
749
750
751
752
753
754
755
756
757
758
759
760
761
762
763
764
765
766
767
768
769
770
771
772
773
774
775
776
777
778
779
780
781
783
784
785
786
787
788
789
790
792
793
794
795
796
797
798
799
801
802
803
804
805
806
807
808
809
810
811
812
813
814
815
816
817
818
819
820
821
822
823
824
825
827
828
829
830
831
832
833
834
835
836
837
838
839
840
841
842
843
844
845
846
847
848
849
850
851
852
853
854
855
856
857
859
860
861
862
863
864
865
866
867
868
869
870
874
875
876
877
878
879
882
883
884
885
886
887
888
890
891
892
893
894
895
896
897
898
899
900
901
902
903
904
905
906
908
909
910
911
912
913
914
915
916
917
918
919
920
921
922
923
924
925
926
927
928
929
930
931
932
933
934
935
936
937
940
941
942
943
944
945
946
947
948
949
951
952
953
954
955
956
957
958
961
963
964
965
966
967
969
970
971
972
973
974
975
976
978
979
980
981
982
983
984
985
989
990
991
992
993
994
995
996
997
998
999
1000
1001
1002
1003
1004
1005
1006
1007
1008
1009
1010
1011
1012
1013
1014
1015
1016
1017
1018
1022
1023
1024
1025
1026
1027
1029
1030
1032
1033
1034
1035
1036
1038
1039
1042
1043
1044
1045
1046
1047
1048
1050
1051
1052
1053
1054
1055
1056
1057
1058
1059
1060
1061
1062
1063
1064
1065
1066
1067
1068
1070
1071
1072
1073
1074
1075
1077
1078
1079
1080
1081
1082
1083
1084
1085
1086
1087
1088
1089
1090
1091
1092
1093
1094
1095
1096
1097
1098
1099
1100
1102
1103
1104
1105
1106
1107
1108
1109
1111
1112
1113
1114
1115
1116
1117
1123
1124
1125
1126
1127
1128
1129
1130
1131
1133
1134
1135
1136
1138
1139
1140
1143
1144
1145
1147
1148
1149
1152
1153
1154
1156
1170
1171
1172
1174
1175
1176
1177
1178
1179
1180
1181
1183
1184
1185
1186
1187
1188
1189
1190
1191
1192
1193
1194
1195
1196
1197
1198
1200
1201
1204
1205
1206
1207
1211
1212
1213
1214
1215
1216
1217
1219
1220
1221
1224
1225
1226
1228
1229
1230
1233
1234
1235
1237
1251
1252
1253
1255
1256
1257
1260
1261
1262
1264
1265
1266
1269
1270
1271
1273
1274
1275
1292
1293
1377
1378
1379
1380
1381
1385
1386
1387
1388
1389
1390
1394
1395
1396
1397
1398
1399
1403
1404
1405
1406
1407
1408
1412
1413
1414
1415
1416
1417
1418
1419
1421
1422
1423
1424
1426
1427
1428
1431
1432
1433
1435
1436
1437
1449
1450
1451
1452
1453
1454
1455
1457
1458
1459
1460
1461
1462
1463
1464
1465
1466
1467
1468
1469
1470
1471
1472
1473
1475
1476
1477
1478
1479
1480
1481
1483
1484
1485
1486
1487
1488
1489
1493
1494
1495
1496
1497
1498
1499
1500
1501
1502
1503
1504
1505
1506
1507
1508
1509
1512
1513
1514
1516
1517
1518
1519
1521
1522
1523
1524
1526
1528
1530
1531
1532
1533
1534
1535
1536
1537
1538
1539
1540
1541
1542
1543
1544
1545
1546
1547
1548
1549
1550
1551
1552
1553
1554
1556
1557
1558
1559
1560
1561
1565
1566
1567
1568
1569
1570
1574
1575
1576
1577
1578
1579
1580
1581
1583
1584
1585
1586
1588
1589
1590
1593
1594
1595
1597
1598
1599
1611
1612
1613
1614
1615
1616
1617
1619
1620
1621
1622
1623
1624
1625
1626
1627
1628
1629
1630
1631
1632
1633
1634
1635
1637
1638
1639
1640
1641
1642
1643
1645
1646
1647
1648
1649
1650
1651
1655
1656
1657
1658
1659
1660
1661
1663
1664
1665
1666
1667
1668
1670
1679
1681
1683
1684
1685
1686
1688
1690
1692
1693
1694
1695
1696
1699
1700
1701
1702
1703
1704
1705
1706
1708
1709
1710
1711
1712
1713
1714
1718
1719
1720
1721
1722
1723
1724
1726
1727
1728
1729
1730
1731
1732
1736
1737
1738
1739
1740
1741
1745
1773
1774
1775
1776
1777
1781
1782
1783
1784
1785
1786
1787
1788
1790
1791
1792
1793
1794
1795
1796
1797
1799
1800
1801
1802
1803
1804
1805
1807
1808
1809
1810
1811
1812
1813
1817
1818
1819
1820
1821
1822
1823
1825
1826
1827
1828
1829
1830
1832
1841
1843
1845
1846
1847
1848
1850
1852
1854
1855
1856
1857
1858
1861
1862
1863
1864
1865
1866
1868
1870
1872
1873
1874
1881
1882
1883
1884
1886
1888
1890
1891
1892
1893
1902
1904
1906
1908
1909
1910
1911
1913
1922
1944
1945
1947
1948
1950
1951
1953
1954
1956
1957
1968
1969
1971
1972
1974
1975
1977
1978
1980
1981
1983
1984
1985
1987
1989
1990
1991
1992
1994
1995
1996
1998
1999
2001
2002
2003
2004
2005
2007
2008
2009
2010
2011
2012
2014
2022
2023
2025
2026
2027
2028
2029
2030
2031
2032
2034
2035
2036
2037
2038
2043
2044
2045
2046
2048
2049
2050
2052
2053
2054
2055
2056
2058
2059
2061
2062
2064
2065
2066
2068
2070
2071
2072
2073
2075
2076
2077
2084
2086
2088
2089
2090
2091
2093
2095
2104
2106
2107
2108
2109
2110
2114
2115
2116
2117
2118
2119
2123
2124
2125
2126
2127
2128
2132
2133
2134
2135
2136
2137
2141
2142
2143
2144
2145
2146
2150
2160
2161
2163
2164
2166
2167
2169
2170
2171
2172
2173
2174
2176
2178
2179
2180
2181
2182
2184
2185
2186
2187
2188
2189
2190
2191
2192
2193
2194
2195
2196
2197
2198
2199
2200
2204
2205
2206
2207
2208
2209
2210
2211
2212
2213
2214
2215
2216
2217
2218
2220
2221
2222
2223
2224
2225
2226
2227
2228
2230
2231
2232
2233
2234
2235
2237
2238
2239
2241
2242
2244
2245
2246
2247
2248
2250
2251
2252
2253
2254
2255
2257
2259
2260
2261
2262
2263
2265
2266
2267
2268
2269
2270
2271
2272
2273
2274
2275
2276
2277
2278
2279
2280
2281
2285
2286
2287
2288
2289
2290
2292
2293
2294
2295
2296
2297
2298
2299
2301
2302
2303
2304
2305
2306
2307
2308
2312
2319
2320
2340
2341
2342
2343
2344
2348
2349
2350
2351
2352
2353
2354
2356
2357
2358
2359
2360
2361
2362
2366
2367
2368
2369
2370
2371
2372
2374
2375
2376
2377
2378
2379
2380
2384
2385
2386
2387
2388
2389
2390
2392
2393
2394
2395
2396
2397
2399
2403
2404
2406
2407
2408
2409
2410
2412
2413
2414
2415
2416
2417
2419
2421
2422
2423
2424
2425
2427
2428
2429
2430
2431
2432
2433
2434
2435
2436
2437
2438
2439
2440
2441
2442
2443
2447
2448
2449
2450
2451
2452
2453
2454
2455
2456
2457
2458
2459
2460
2461
2463
2464
2465
2466
2467
2468
2469
2470
2474
2481
2482
2484
2485
2487
2488
2490
2491
2493
2494
2496
2497
2502
2503
2504
2505
2506
2508
2509
2510
2511
2512
2513
2514
2515
2517
2518
2519
2520
2521
2522
2523
2524
2528
2529
2530
2531
2532
2533
2535
2536
2537
2538
2539
2540
2541
2542
2544
2545
2546
2547
2548
2549
2550
2551
2555
2562
2563
2583
2584
2585
2586
2587
2591
2646
2647
2649
2650
2652
2653
2655
2656
2658
2659
2670
2671
2673
2674
2676
2677
2679
2680
2682
2683
2685
2686
2697
2698
2700
2701
2703
2704
2706
2707
2709
2710
2712
2713
2724
2725
2727
2728
2730
2731
2733
2734
2736
2737
2739
2740
2751
2752
2754
2755
2757
2758
2760
2761
2763
2764
2766
2767
2778
2779
2781
2782
2784
2785
2787
2788
2790
2791
2793
2794
2805
2806
2835
2836
2837
2838
2839
2843
2844
2845
2846
2847
2848
2852
2853
2854
2855
2856
2857
2861
2862
2863
2864
2865
2866
2870
2871
2872
2873
2874
2875
2879
2889
2890
2892
2893
2895
2896
2898
2899
2901
2902
2907
2908
2909
2910
2911
2913
2914
2915
2916
2917
2918
2919
2920
2921
2922
2923
2924
2925
2926
2927
2928
2929
2930
2931
2933
2934
2935
2936
2937
2938
2940
2941
2942
2943
2944
2945
2946
2947
2949
2950
2951
2952
2953
2954
2955
2956
2957
2958
2960
2961
2962
2963
2965
2966
2967
2968
2970
2971
2972
2973
2974
2975
2976
2977
2979
2980
2982
2983
2988
2989
2990
2991
2992
2993
2994
2995
2996
2997
2998
2999
3000
3001
3002
3003
3004
3005
3006
3007
3008
3009
3010
3011
3012
3014
3015
3016
3017
3018
3019
3021
3022
3023
3024
3025
3026
3027
3028
3030
3031
3032
3033
3034
3035
3036
3037
3038
3039
3041
3042
3043
3044
3046
3047
3048
3049
3051
3052
3053
3055
3056
3057
3069
3070
3071
3072
3073
3074
3075
3077
3078
3079
3080
3081
3082
3083
3084
3086
3087
3088
3089
3090
3091
3092
3093
3095
3096
3097
3098
3099
3100
3104
3105
3106
3107
3108
3109
3113
3114
3115
3116
3117
3118
3122
3132
3133
3135
3136
3138
3139
3141
3142
3144
3145
3150
3151
3152
3153
3154
3156
3157
3158
3159
3160
3161
3162
3163
3165
3166
3167
3168
3169
3170
3171
3172
3176
3177
3178
3179
3180
3181
3183
3184
3185
3186
3187
3188
3189
3190
3192
3193
3194
3195
3196
3197
3198
3199
3203
3210
3211
3213
3214
3216
3217
3219
3220
3222
3223
3225
3226
3231
3232
3233
3234
3235
3237
3238
3239
3240
3241
3242
3243
3244
3245
3246
3247
3248
3249
3250
3251
3252
3253
3254
3255
3257
3258
3259
3260
3261
3262
3264
3265
3266
3267
3268
3269
3270
3271
3273
3274
3275
3276
3277
3278
3279
3280
3281
3282
3284
3285
3286
3287
3289
3290
3291
3292
3294
3295
3296
3298
3299
3300
3312
3313
3314
3315
3316
3317
3318
3320
3321
3322
3323
3325
3326
3327
3330
3331
3332
3334
3335
3336
3339
3340
3341
3343
3357
3358
3359
3361
3362
3363
3366
3367
3368
3370
3371
3372
3375
3376
3377
3379
3380
3381
3398
3399
3402
3403
3404
3406
3407
3408
3411
3412
3413
3415
3416
3417
3420
3421
3422
3424
3438
3439
3440
3442
3443
3444
3447
3448
3449
3451
3452
3453
3456
3457
3458
3460
3461
3462
3479
3480
3564
3565
3566
3567
3568
3572
3573
3574
3575
3576
3577
3581
3582
3583
3584
3585
3586
3590
3591
3592
3593
3594
3595
3599
3600
3601
3602
3603
3604
3605
3606
3608
3609
3610
3611
3613
3614
3615
3618
3619
3620
3622
3623
3624
3636
3637
3638
3639
3640
3641
3642
3644
3645
3646
3647
3649
3650
3651
3654
3655
3656
3658
3659
3660
3663
3664
3665
3667
3681
3682
3683
3685
3686
3687
3690
3691
3692
3694
3695
3696
3699
3700
3701
3703
3704
3705
3722
3723
3726
3727
3728
3730
3731
3732
3735
3736
3737
3739
3740
3741
3744
3745
3746
3748
3762
3763
3764
3766
3767
3768
3771
3772
3773
3775
3776
3777
3780
3781
3782
3784
3785
3786
3803
3804
3807
3808
3809
3811
3812
3813
3816
3817
3818
3820
3821
3822
3825
3826
3827
3829
3843
3844
3845
3847
3969
3970
3971
3973
3974
3975
3978
3979
3980
3982
3983
3984
3987
3988
3989
3991
4005
4006
4007
4009
4010
4011
4014
4015
4016
4018
4019
4020
4023
4024
4025
4027
4028
4029
4046
4047
4050
4051
4052
4054
4055
4056
4059
4060
4061
4063
4064
4065
4068
4069
4070
4072
4086
4087
4088
4090
4091
4092
4095
4096
4097
4099
4100
4101
4104
4105
4106
4108
4109
4110
4127
4128
4131
4132
4133
4135
4136
4137
4140
4141
4142
4144
4145
4146
4149
4150
4151
4153
4167
4168
4169
4171
4172
4173
4176
4177
4178
4180
4181
4182
4185
4186
4187
4189
4190
4191
4208
4209
4334
4335
4338
4339
4340
4342
4343
4344
4347
4348
4349
4351
4352
4353
4370
4371
4374
4375
4376
4378
4379
4380
4383
4384
4385
4387
4388
4389
4392
4393
4394
4396
4410
4411
4412
4414
4415
4416
4419
4420
4421
4423
4424
4425
4428
4429
4430
4432
4433
4434
4451
4452
4455
4456
4457
4459
4460
4461
4464
4465
4466
4468
4469
4470
4473
4474
4475
4477
4491
4492
4493
4495
4496
4497
4500
4501
4502
4504
4505
4506
4509
4510
4511
4513
4514
4515
4532
4533
4536
4537
4538
4540
4541
4542
4545
4546
4547
4549
4550
4551
4554
4555
4556
4558
4572
4573
4574
4576
4698
4699
4700
4702
4703
4704
4707
4708
4709
4711
4712
4713
4716
4717
4718
4720
4734
4735
4736
4738
4739
4740
4743
4744
4745
4747
4748
4749
4752
4753
4754
4756
4757
4758
4775
4776
4779
4780
4781
4783
4784
4785
4788
4789
4790
4792
4793
4794
4797
4798
4799
4801
4815
4816
4817
4819
4820
4821
4824
4825
4826
4828
4829
4830
4833
4834
4835
4837
4838
4839
4856
4857
4860
4861
4862
4864
4865
4866
4869
4870
4871
4873
4874
4875
4878
4879
4880
4882
4896
4897
4898
4900
4901
4902
4905
4906
4907
4909
4910
4911
4914
4915
4916
4918
4919
4920
4937
4938
5832
5833
5834
5835
5836
5840
5841
5842
5843
5844
5845
5849
5850
5851
5852
5853
5854
5858
5859
5860
5861
5862
5863
5867
5868
5869
5870
5871
5872
5876
5904
5905
5906
5907
5908
5912
5913
5914
5915
5916
5917
5921
5922
5923
5924
5925
5926
5930
5931
5932
5933
5934
5935
5939
5940
5941
5942
5943
5944
5948
5949
5950
5951
5952
5953
5957
5985
5986
5987
5988
5989
5993
5994
5995
5996
5997
5998
6002
6003
6004
6005
6006
6007
6011
6012
6013
6014
6015
6016
6020
6021
6022
6023
6024
6025
6029
6030
6031
6032
6033
6034
6038
6066
6067
6068
6069
6070
6074
6075
6076
6077
6078
6079
6083
6084
6085
6086
6087
6088
6092
6093
6094
6095
6096
6097
6101
6102
6103
6104
6105
6106
6110
6111
6112
6113
6114
6115
6119
6147
6148
6149
6150
6151
6155
6156
6157
6158
6159
6160
6164
6165
6166
6167
6168
6169
6173
6174
6175
6176
6177
6178
6182
6183
6184
6185
6186
6187
6191
6192
6193
6194
6195
6196
6200
6228
6229
6230
6231
6232
6236
6480
6481
6482
6483
6484
6488
6489
6490
6491
6492
6493
6497
6498
6499
6500
6501
6502
6506
6507
6508
6509
6510
6511
6515
6516
6517
6518
6519
6520
6524
6552
6553
6554
6555
6556
6560
6561
6562
6563
6564
6565
6569
6570
6571
6572
6573
6574
6578
6579
6580
6581
6582
6583
6587
6588
6589
6590
6591
6592
6596
6597
6598
6599
6600
6601
6605
6633
6634
6635
6636
6637
6641
6642
6643
6644
6645
6646
6650
6651
6652
6653
6654
6655
6659
6660
6661
6662
6663
6664
6668
6669
6670
6671
6672
6673
6677
6678
6679
6680
6681
6682
6686
6714
6715
6716
6717
6718
6722
6723
6724
6725
6726
6727
6731
6732
6733
6734
6735
6736
6740
6741
6742
6743
6744
6745
6749
6750
6751
6752
6753
6754
6758
6759
6760
6761
6762
6763
6767
6795
6796
6797
6798
6799
6803
6804
6805
6806
6807
6808
6812
6813
6814
6815
6816
6817
6821
6822
6823
6824
6825
6826
6830
6831
6832
6833
6834
6835
6839
6840
6841
6842
6843
6844
6848
6876
6877
6878
6879
6880
6884
6885
6886
6887
6888
6889
6893
6894
6895
6896
6897
6898
6902
6903
6904
6905
6906
6907
6911
6912
6913
6914
6915
6916
6920
6921
6922
6923
6924
6925
6929
6957
6958
6959
6960
6961
6965
7209
7210
7211
7212
7213
7217
7218
7219
7220
7221
7222
7226
7227
7228
7229
7230
7231
7235
7236
7237
7238
7239
7240
7244
7245
7246
7247
7248
7249
7253
7281
7282
7283
7284
7285
7289
7290
7291
7292
7293
7294
7298
7299
7300
7301
7302
7303
7307
7308
7309
7310
7311
7312
7316
7317
7318
7319
7320
7321
7325
7326
7327
7328
7329
7330
7334
7362
7363
7364
7365
7366
7370
7371
7372
7373
7374
7375
7379
7380
7381
7382
7383
7384
7388
7389
7390
7391
7392
7393
7397
7398
7399
7400
7401
7402
7406
7407
7408
7409
7410
7411
7415
7443
7444
7445
7446
7447
7451
7452
7453
7454
7455
7456
7460
7461
7462
7463
7464
7465
7469
7470
7471
7472
7473
7474
7478
7479
7480
7481
7482
7483
7487
7488
7489
7490
7491
7492
7496
7524
7525
7526
7527
7528
7532
7533
7534
7535
7536
7537
7541
7542
7543
7544
7545
7546
7550
7551
7552
7553
7554
7555
7559
7560
7561
7562
7563
7564
7568
7569
7570
7571
7572
7573
7577
7605
7606
7607
7608
7609
7613
7614
7615
7616
7617
7618
7622
7623
7624
7625
7626
7627
7631
7632
7633
7634
7635
7636
7640
7641
7642
7643
7644
7645
7649
7650
7651
7652
7653
7654
7658
7686
7687
7688
7689
7690
7694
7938
7939
7940
7941
7942
7946
7947
7948
7949
7950
7951
7955
7956
7957
7958
7959
7960
7964
7965
7966
7967
7968
7969
7973
7974
7975
7976
7977
7978
7982
8010
8011
8012
8013
8014
8018
8019
8020
8021
8022
8023
8027
8028
8029
8030
8031
8032
8036
8037
8038
8039
8040
8041
8045
8046
8047
8048
8049
8050
8054
8055
8056
8057
8058
8059
8063
8091
8092
8093
8094
8095
8099
8100
8101
8102
8103
8104
8108
8109
8110
8111
8112
8113
8117
8118
8119
8120
8121
8122
8126
8127
8128
8129
8130
8131
8135
8136
8137
8138
8139
8140
8144
8172
8173
8174
8175
8176
8180
8181
8182
8183
8184
8185
8189
8190
8191
8192
8193
8194
8198
8199
8200
8201
8202
8203
8207
8208
8209
8210
8211
8212
8216
8217
8218
8219
8220
8221
8225
8253
8254
8255
8256
8257
8261
8262
8263
8264
8265
8266
8270
8271
8272
8273
8274
8275
8279
8280
8281
8282
8283
8284
8288
8289
8290
8291
8292
8293
8297
8298
8299
8300
8301
8302
8306
8334
8335
8336
8337
8338
8342
8343
8344
8345
8346
8347
8351
8352
8353
8354
8355
8356
8360
8361
8362
8363
8364
8365
8369
8370
8371
8372
8373
8374
8378
8379
8380
8381
8382
8383
8387
8415
8416
8417
8418
8419
8423
8667
8668
8669
8670
8671
8675
8676
8677
8678
8679
8680
8684
8685
8686
8687
8688
8689
8693
8694
8695
8696
8697
8698
8702
8703
8704
8705
8706
8707
8711
8739
8740
8741
8742
8743
8747
8748
8749
8750
8751
8752
8756
8757
8758
8759
8760
8761
8765
8766
8767
8768
8769
8770
8774
8775
8776
8777
8778
8779
8783
8784
8785
8786
8787
8788
8792
8820
8821
8822
8823
8824
8828
8829
8830
8831
8832
8833
8837
8838
8839
8840
8841
8842
8846
8847
8848
8849
8850
8851
8855
8856
8857
8858
8859
8860
8864
8865
8866
8867
8868
8869
8873
8901
8902
8903
8904
8905
8909
8910
8911
8912
8913
8914
8918
8919
8920
8921
8922
8923
8927
8928
8929
8930
8931
8932
8936
8937
8938
8939
8940
8941
8945
8946
8947
8948
8949
8950
8954
8982
8983
8984
8985
8986
8990
8991
8992
8993
8994
8995
8999
9000
9001
9002
9003
9004
9008
9009
9010
9011
9012
9013
9017
9018
9019
9020
9021
9022
9026
9027
9028
9029
9030
9031
9035
9063
9064
9065
9066
9067
9071
9072
9073
9074
9075
9076
9080
9081
9082
9083
9084
9085
9089
9090
9091
9092
9093
9094
9098
9099
9100
9101
9102
9103
9107
9108
9109
9110
9111
9112
9116
9144
9145
9146
9147
9148
9152
9396
9397
9398
9399
9400
9404
9405
9406
9407
9408
9409
9413
9414
9415
9416
9417
9418
9422
9423
9424
9425
9426
9427
9431
9432
9433
9434
9435
9436
9440
9468
9469
9470
9471
9472
9476
9477
9478
9479
9480
9481
9485
9486
9487
9488
9489
9490
9494
9495
9496
9497
9498
9499
9503
9504
9505
9506
9507
9508
9512
9513
9514
9515
9516
9517
9521
9549
9550
9551
9552
9553
9557
9558
9559
9560
9561
9562
9566
9567
9568
9569
9570
9571
9575
9576
9577
9578
9579
9580
9584
9585
9586
9587
9588
9589
9593
9594
9595
9596
9597
9598
9602
9630
9631
9632
9633
9634
9638
9639
9640
9641
9642
9643
9647
9648
9649
9650
9651
9652
9656
9657
9658
9659
9660
9661
9665
9666
9667
9668
9669
9670
9674
9675
9676
9677
9678
9679
9683
9711
9712
9713
9714
9715
9719
9720
9721
9722
9723
9724
9728
9729
9730
9731
9732
9733
9737
9738
9739
9740
9741
9742
9746
9747
9748
9749
9750
9751
9755
9756
9757
9758
9759
9760
9764
9792
9793
9794
9795
9796
9800
9801
9802
9803
9804
9805
9809
9810
9811
9812
9813
9814
9818
9819
9820
9821
9822
9823
9827
9828
9829
9830
9831
9832
9836
9837
9838
9839
9840
9841
9845
9873
9874
9875
9876
9877
9881
