7
9
10
11
12
13
55
57
61
63
67
68
69
73
74
75
78
79
81
82
83
84
85
90
91
93
94
97
99
100
102
104
105
106
108
109
117
118
120
121
511
513
514
563
567
568
570
571
572
573
580
597
598
615
623
624
626
634
635
636
642
643
644
645
652
653
654
655
657
663
667
673
675
676
681
682
702
703
707
716
717
726
729
730
736
738
739
741
742
747
750
751
753
754
756
757
761
762
765
769
771
775
802
807
810
811
812
819
820
822
823
825
831
832
833
834
835
837
838
842
843
844
846
847
849
850
857
858
861
862
873
876
883
914
915
918
923
924
929
930
936
937
938
939
942
943
945
946
949
954
955
957
958
961
968
969
970
972
973
981
982
984
985
1053
1054
1062
1063
1065
1066
1077
1078
1080
1081
1089
1090
1092
1093
4989
5475
5529
5535
5536
5537
5538
5546
5547
5556
5627
5628
5634
5635
5637
5694
5702
5703
5715
5716
5718
5724
5725
6260
6318
6319
6327
6328
6341
6342
6350
6351
6356
6357
6363
6364
6366
6423
6431
6432
6444
6445
6447
6453
6454
6458
6467
6468
6534
6535
6539
6548
6549
6558
6561
6562
6570
6571
6573
6574
6639
6642
6643
6651
6652
6654
6655
6665
6666
6667
6669
6670
6678
6679
6681
6682
7176
7187
7196
7197
7263
7264
7268
7277
7278
7287
7290
7291
7299
7300
7302
7303
7368
7371
7372
7380
7381
7383
7384
7394
7395
7396
7398
7399
7403
7404
7407
7408
7410
7411
7422
7423
7475
7476
7484
7485
7497
7498
7503
7504
7506
7507
7515
7516
7518
7519
7530
7531
7533
7534
7542
7543
7545
7546
7578
7579
7587
7588
7592
7601
7602
7614
7615
7623
7624
7626
7627
7638
7639
7641
7642
7650
7651
7653
7654
7665
7666
7746
7747
7749
7750
7758
7759
7761
7762
7773
7774
8124
8132
8133
8204
8205
8213
8214
8226
8227
8235
8236
8307
8308
8316
8317
8321
8330
8331
8340
8394
8395
8402
8411
8412
8421
8424
8425
8433
8434
8475
8476
8478
8479
8487
8488
8490
8491
8502
8503
8505
8506
8514
8515
8517
8518
8586
8587
8595
8596
8598
8599
8610
8611
8613
8614
8622
8623
8625
8626
8637
8638
8718
8719
8721
8722
8730
8731
8733
8734
8745
8746
8748
8749
8757
8758
8760
8761
8829
8830
8838
8839
8841
8842
8853
8854
8856
8857
8865
8866
8868
8869
9477
9478
9486
9487
9489
9490
9558
9559
9567
9568
9570
9571
9582
9583
9585
9586
9594
9595
9597
9598
9609
9610
9690
9691
9693
9694
9702
9703
9705
9706
9717
9718
9720
9721
9729
9730
9732
9733
9801
9802
9810
9811
9813
9814
9825
9826
9828
9829
9837
9838
9840
9841
