2
5
7
9
10
11
12
13
18
19
20
21
24
25
34
37
41
45
46
47
48
50
57
58
63
68
73
74
77
81
82
83
84
85
86
90
91
92
93
94
97
99
100
101
102
104
105
106
108
109
117
118
120
121
132
133
140
146
149
154
155
162
163
164
168
171
172
173
176
177
180
181
182
186
189
200
201
205
210
216
217
225
226
228
229
240
241
365
369
370
374
405
406
410
414
415
446
450
451
455
615
729
730
731
734
738
739
740
741
742
747
748
749
753
754
770
774
775
779
810
811
812
815
819
820
821
822
823
828
829
830
834
835
837
838
846
847
849
850
861
862
891
892
893
900
901
902
909
910
911
945
946
954
955
957
958
969
970
972
973
981
982
984
985
996
997
1053
1054
1062
1063
1065
1066
1077
1078
1080
1081
1089
1090
1092
1093
1104
1105
1188
1189
1197
1198
1200
1201
1212
1213
1458
1459
1460
1467
1468
1469
1476
1477
1478
1539
1540
1541
1548
1549
1550
1557
1558
1559
1620
1621
1622
1629
1630
1631
1638
1639
1640
1944
1945
1953
1954
1956
1957
1968
1969
2025
2026
2034
2035
2037
2038
2049
2050
2052
2053
2061
2062
2064
2065
2076
2077
2160
2161
2169
2170
2172
2173
2184
2185
