2
3
4
5
6
7
8
9
10
11
12
13
14
15
16
17
18
19
20
21
22
23
24
25
26
27
28
29
30
31
32
33
34
35
36
37
38
39
40
41
42
43
44
45
46
48
49
50
51
52
53
54
55
56
57
58
60
61
62
63
64
65
66
67
68
69
70
71
72
73
74
75
76
77
78
79
80
81
82
83
84
85
86
87
88
89
90
91
92
93
94
95
96
97
98
99
100
101
102
103
105
106
107
108
109
111
112
113
114
117
118
120
121
122
123
124
125
126
127
128
129
130
131
132
134
135
136
137
138
139
140
142
143
144
145
146
147
148
149
150
151
152
153
154
155
156
157
159
161
162
163
164
165
168
169
170
171
172
177
178
179
180
181
182
183
184
185
186
187
188
189
190
192
193
195
196
197
198
199
200
201
204
205
206
207
208
209
210
212
213
214
215
216
217
218
219
220
222
223
224
225
226
227
228
230
231
233
234
235
236
237
239
240
242
243
244
246
247
248
250
251
252
253
255
256
257
258
259
261
262
263
264
265
266
267
269
270
271
273
274
275
276
277
278
279
280
281
282
283
284
285
286
287
288
289
290
291
292
293
295
296
297
299
300
301
304
305
306
307
309
313
314
315
316
319
320
324
325
327
328
329
331
333
334
336
337
338
339
340
343
351
352
354
355
356
360
361
363
364
365
366
367
369
370
372
373
374
378
379
381
382
387
388
390
391
392
393
394
397
400
401
405
406
408
409
410
414
415
417
418
419
432
433
435
436
437
438
440
441
442
443
444
445
446
447
450
451
453
454
455
456
459
460
461
469
477
478
486
487
488
492
494
495
496
501
503
504
505
507
510
511
512
513
514
519
521
523
524
528
530
532
538
539
540
541
546
547
548
549
550
556
557
558
559
561
567
568
570
571
574
575
576
577
579
583
584
585
586
588
591
592
593
594
595
600
602
605
609
610
611
615
618
619
620
627
628
629
630
631
632
637
638
639
640
641
642
645
648
649
650
651
654
655
656
657
658
660
661
665
666
667
669
672
673
674
675
676
677
682
683
684
685
686
689
692
693
694
695
697
698
700
701
702
703
705
708
729
730
731
732
733
734
735
736
737
738
739
741
742
743
744
745
746
747
748
750
753
754
755
756
757
759
760
761
763
764
765
766
768
769
770
771
772
774
775
777
778
779
780
783
784
785
790
791
792
793
794
799
800
801
802
803
810
811
812
813
814
815
816
817
818
819
820
822
823
824
825
826
831
837
838
840
841
842
846
847
849
850
851
852
853
855
856
858
859
860
864
865
867
868
873
874
876
877
878
879
880
883
886
887
900
903
904
910
912
918
919
921
934
935
939
943
944
948
949
957
959
972
973
975
976
977
979
980
981
982
984
985
986
987
988
991
993
999
1000
1002
1003
1004
1008
1009
1011
1012
1013
1014
1015
1016
1017
1018
1020
1021
1022
1024
1025
1053
1054
1056
1057
1058
1062
1063
1065
1066
1067
1068
1069
1080
1081
1083
1084
1085
1089
1090
1092
1093
1094
1095
1096
1098
1099
1101
1102
1103
1107
1108
1110
1111
1116
1117
1119
1120
1122
1123
1134
1135
1137
1138
1139
1143
1144
1146
1147
1148
1161
1162
1164
1165
1166
1170
1171
1173
1174
1175
1179
1180
1182
1183
1184
1215
1216
1218
1219
1224
1225
1227
1228
1230
1231
1242
1243
1245
1246
1251
1252
1254
1255
1257
1258
1296
1297
1299
1300
1305
1306
1308
1309
1311
1312
1313
1314
1315
1320
1322
1323
1324
1326
1327
1329
1331
1332
1333
1334
1335
1336
1338
1339
1350
1351
1353
1354
1359
1360
1361
1362
1363
1365
1366
1367
1368
1369
1370
1377
1378
1379
1383
1385
1386
1387
1394
1395
1396
1401
1403
1458
1459
1460
1464
1466
1467
1468
1475
1476
1477
1482
1484
1509
1512
1513
1514
1523
1529
1530
1531
1532
1539
1540
1541
1545
1547
1548
1549
1641
1647
1648
1650
1663
1664
1668
1672
1673
1701
1702
1704
1708
1709
1710
1711
1713
1722
1728
1729
1731
1744
1745
1749
1752
1753
1754
1755
1756
1757
1766
1772
1773
1774
1775
1799
1800
1801
1806
1808
1815
1817
1820
1824
1825
1826
1830
1833
1834
1835
1836
1837
1838
1843
1844
1845
1846
1852
1853
1854
1855
1884
1890
1891
1893
1896
1898
1901
1905
1906
1907
1911
1914
1915
1916
1917
1918
1919
1924
1925
1926
1927
1933
1934
1935
1936
1944
1945
1946
1950
1952
1953
1954
1961
1962
1963
1968
1970
1977
1979
1982
1986
2187
2188
2190
2191
2192
2194
2195
2196
2197
2199
2200
2201
2202
2203
2208
2214
2215
2217
2218
2219
2223
2224
2226
2227
2228
2229
2230
2232
2233
2235
2236
2237
2248
2249
2250
2251
2257
2258
2259
2260
2268
2269
2271
2272
2273
2275
2276
2277
2278
2280
2281
2282
2283
2284
2289
2295
2296
2298
2299
2300
2304
2305
2307
2308
2309
2310
2311
2313
2314
2316
2317
2318
2322
2323
2325
2326
2331
2332
2334
2335
2337
2338
2370
2376
2377
2379
2392
2393
2397
2401
2402
2430
2431
2433
2434
2435
2437
2438
2439
2440
2442
2443
2444
2445
2446
2451
2457
2458
2460
2461
2462
2466
2467
2469
2470
2471
2472
2473
2474
2475
2476
2478
2479
2480
2482
2483
2511
2512
2514
2515
2516
2520
2521
2523
2524
2525
2526
2527
2538
2539
2541
2542
2543
2547
2548
2550
2551
2552
2553
2554
2556
2557
2559
2560
2561
2565
2566
2568
2569
2574
2575
2577
2578
2580
2581
2592
2593
2595
2596
2597
2601
2602
2604
2605
2606
2619
2620
2622
2623
2624
2628
2629
2631
2632
2633
2637
2638
2640
2641
2642
2916
2917
2919
2920
2921
2925
2926
2928
2929
2930
2931
2932
2943
2944
2946
2947
2948
2952
2953
2955
2956
2957
2958
2959
2961
2962
2964
2965
2966
2997
2998
3000
3001
3002
3006
3007
3009
3010
3011
3012
3013
3024
3025
3027
3028
3029
3033
3034
3036
3037
3038
3039
3040
3042
3043
3045
3046
3047
3051
3052
3054
3055
3060
3061
3063
3064
3066
3067
3159
3160
3162
3163
3164
3168
3169
3171
3172
3173
3174
3175
3186
3187
3189
3190
3191
3195
3196
3198
3199
3200
3201
3202
3204
3205
3207
3208
3209
3240
3241
3243
3244
3245
3249
3250
3252
3253
3254
3255
3256
3267
3268
3270
3271
3272
3276
3277
3279
3280
3281
3282
3283
3285
3286
3288
3289
3290
3294
3295
3297
3298
3303
3304
3306
3307
3309
3310
3321
3322
3324
3325
3326
3330
3331
3333
3334
3335
3348
3349
3351
3352
3353
3357
3358
3360
3361
3362
3366
3367
3369
3370
3371
3645
3646
3648
3649
3650
3654
3655
3657
3658
3659
3672
3673
3675
3676
3677
3681
3682
3684
3685
3686
3690
3691
3693
3694
3695
3726
3727
3729
3730
3731
3735
3736
3738
3739
3740
3753
3754
3756
3757
3758
3762
3763
3765
3766
3767
3771
3772
3774
3775
3776
3888
3889
3891
3892
3893
3897
3898
3900
3901
3902
3915
3916
3918
3919
3920
3924
3925
3927
3928
3929
3933
3934
3936
3937
3938
3969
3970
3972
3973
3974
3978
3979
3981
3982
3983
3996
3997
3999
4000
4001
4005
4006
4008
4009
4010
4014
4015
4017
4018
4019
4050
4051
4053
4054
4055
4059
4060
4062
4063
4064
4077
4078
4080
4081
4082
4086
4087
4089
4090
4091
4095
4096
4098
4099
4100
6561
6562
6564
6565
6566
6570
6571
6573
6574
6575
6588
6589
6591
6592
6593
6597
6598
6600
6601
6602
6606
6607
6609
6610
6611
6642
6643
6645
6646
6647
6651
6652
6654
6655
6656
6669
6670
6672
6673
6674
6678
6679
6681
6682
6683
6687
6688
6690
6691
6692
6804
6805
6807
6808
6809
6813
6814
6816
6817
6818
6831
6832
6834
6835
6836
6840
6841
6843
6844
6845
6849
6850
6852
6853
6854
6885
6886
6888
6889
6890
6894
6895
6897
6898
6899
6912
6913
6915
6916
6917
6921
6922
6924
6925
6926
6930
6931
6933
6934
6935
6966
6967
6969
6970
6971
6975
6976
6978
6979
6980
6993
6994
6996
6997
6998
7002
7003
7005
7006
7007
7011
7012
7014
7015
7016
7290
7291
7293
7294
7295
7299
7300
7302
7303
7304
7317
7318
7320
7321
7322
7326
7327
7329
7330
7331
7335
7336
7338
7339
7340
7371
7372
7374
7375
7376
7380
7381
7383
7384
7385
7398
7399
7401
7402
7403
7407
7408
7410
7411
7412
7416
7417
7419
7420
7421
7533
7534
7536
7537
7538
7542
7543
7545
7546
7547
7560
7561
7563
7564
7565
7569
7570
7572
7573
7574
7578
7579
7581
7582
7583
7614
7615
7617
7618
7619
7623
7624
7626
7627
7628
7641
7642
7644
7645
7646
7650
7651
7653
7654
7655
7659
7660
7662
7663
7664
7695
7696
7698
7699
7700
7704
7705
7707
7708
7709
7722
7723
7725
7726
7727
7731
7732
7734
7735
7736
7740
7741
7743
7744
7745
8748
8749
8751
8752
8753
8757
8758
8760
8761
8762
8775
8776
8778
8779
8780
8784
8785
8787
8788
8789
8793
8794
8796
8797
8798
8829
8830
8832
8833
8834
8838
8839
8841
8842
8843
8856
8857
8859
8860
8861
8865
8866
8868
8869
8870
8874
8875
8877
8878
8879
8991
8992
8994
8995
8996
9000
9001
9003
9004
9005
9018
9019
9021
9022
9023
9027
9028
9030
9031
9032
9036
9037
9039
9040
9041
9072
9073
9075
9076
9077
9081
9082
9084
9085
9086
9099
9100
9102
9103
9104
9108
9109
9111
9112
9113
9117
9118
9120
9121
9122
9153
9154
9156
9157
9158
9162
9163
9165
9166
9167
9180
9181
9183
9184
9185
9189
9190
9192
9193
9194
9198
9199
9201
9202
9203
9477
9478
9480
9481
9482
9486
9487
9489
9490
9491
9504
9505
9507
9508
9509
9513
9514
9516
9517
9518
9522
9523
9525
9526
9527
9558
9559
9561
9562
9563
9567
9568
9570
9571
9572
9585
9586
9588
9589
9590
9594
9595
9597
9598
9599
9603
9604
9606
9607
9608
9720
9721
9723
9724
9725
9729
9730
9732
9733
9734
9747
9748
9750
9751
9752
9756
9757
9759
9760
9761
9765
9766
9768
9769
9770
9801
9802
9804
9805
9806
9810
9811
9813
9814
9815
9828
9829
9831
9832
9833
9837
9838
9840
9841
9842
9846
9847
9849
9850
9851
9882
9883
9885
9886
9887
9891
9892
9894
9895
9896
9909
9910
9912
9913
9914
9918
9919
9921
9922
9923
9927
9928
9930
9931
9932
