2
3
4
5
6
7
8
9
10
11
12
13
14
15
16
17
18
19
20
21
22
23
24
25
26
27
28
29
30
31
32
33
34
35
36
37
38
39
40
41
42
43
44
45
46
47
48
49
50
51
52
53
54
55
56
57
58
59
60
61
62
63
64
65
66
67
68
69
70
71
72
73
74
75
76
77
78
79
80
81
82
83
84
85
86
87
88
89
90
91
92
93
94
95
96
97
98
99
100
101
102
103
104
105
106
107
108
109
110
111
112
113
114
115
116
117
118
119
120
121
122
123
124
125
126
127
128
129
130
131
132
133
134
135
136
137
138
139
140
141
142
143
144
145
146
147
148
149
150
151
152
153
154
155
156
157
158
159
160
161
162
163
164
165
166
167
168
170
171
172
173
174
175
176
177
178
179
180
181
182
183
184
185
186
187
188
189
190
191
192
193
194
195
197
198
199
201
203
204
205
206
207
208
209
210
211
212
213
214
215
216
217
218
219
220
221
222
223
224
225
226
227
228
229
230
231
232
233
234
235
236
237
238
239
240
241
242
243
244
245
246
247
248
249
251
252
253
254
255
256
257
258
259
260
261
262
263
264
265
266
267
268
269
270
271
272
273
274
275
276
277
278
279
280
281
282
283
284
285
286
287
288
289
290
291
292
294
295
296
297
298
299
300
301
302
303
305
306
307
308
309
310
311
312
313
314
315
316
317
318
320
321
322
323
324
325
326
327
328
329
330
331
332
333
334
335
336
337
339
340
341
342
343
344
345
346
347
348
349
350
351
352
354
355
356
357
358
359
360
361
362
365
366
367
368
369
370
371
372
373
374
375
376
377
378
379
380
381
382
383
384
385
386
387
388
389
390
391
392
393
394
395
396
397
398
399
400
401
402
403
404
405
406
407
408
409
410
411
412
413
414
415
416
417
418
419
420
421
422
423
424
425
426
427
428
429
430
431
432
433
434
435
436
437
438
439
440
441
442
443
444
445
446
447
448
449
450
451
452
453
454
455
456
458
459
460
461
462
463
464
465
466
467
468
469
470
471
472
473
474
475
476
477
478
479
481
482
483
484
485
486
487
488
489
490
491
492
493
494
495
496
497
498
499
500
501
503
504
505
506
507
508
509
510
511
512
513
514
515
516
518
519
520
521
522
523
524
525
526
527
528
529
530
531
532
533
534
535
536
537
538
539
540
541
542
543
544
545
546
547
548
549
550
553
554
555
556
557
558
559
560
561
562
563
564
565
566
567
568
570
571
572
573
574
575
576
578
579
580
582
583
584
585
586
587
588
589
590
591
592
593
594
595
596
597
598
599
600
601
602
603
604
606
607
608
609
610
611
612
613
614
615
616
617
618
619
620
621
622
623
624
625
626
627
628
629
630
631
633
634
635
636
637
638
639
640
641
642
643
644
645
646
647
648
649
650
651
652
653
654
656
657
658
659
660
661
662
663
664
665
666
667
668
669
671
672
673
674
675
676
677
678
679
680
681
682
683
684
685
686
687
688
689
690
691
692
693
694
695
696
697
698
699
700
701
702
703
704
705
706
707
708
709
710
711
712
713
714
715
716
717
719
720
721
722
723
726
728
729
730
731
732
733
734
735
736
737
738
739
740
741
742
743
744
745
746
747
748
749
750
751
752
753
754
755
756
757
758
759
760
761
762
764
765
766
767
768
769
770
771
772
773
774
775
776
777
778
779
780
781
782
783
784
785
786
787
788
789
791
792
793
794
795
796
797
798
800
801
802
803
804
805
806
807
808
809
810
811
812
813
814
815
816
817
818
819
820
821
822
823
824
825
826
827
828
829
830
831
832
833
834
835
836
837
838
839
840
841
842
843
845
846
847
848
849
850
851
852
853
854
855
856
857
858
859
860
861
862
863
864
865
866
867
869
870
871
872
873
874
875
876
879
881
882
883
884
885
886
887
888
890
891
892
893
894
895
896
897
898
899
900
901
902
903
904
905
906
908
909
910
911
912
913
914
915
916
917
918
919
920
921
923
924
925
930
931
932
933
934
935
936
937
938
940
942
944
945
946
947
948
949
950
951
952
953
954
955
956
957
958
959
960
961
962
963
964
965
966
968
969
970
971
972
973
974
975
977
978
980
981
982
983
984
985
986
987
988
989
990
991
993
995
996
998
999
1000
1002
1005
1007
1008
1009
1010
1011
1013
1014
1015
1016
1017
1018
1020
1022
1023
1025
1026
1027
1028
1029
1030
1031
1032
1033
1034
1035
1036
1037
1039
1040
1042
1043
1044
1045
1046
1047
1049
1050
1051
1052
1053
1054
1055
1057
1058
1059
1061
1062
1063
1065
1066
1067
1068
1069
1070
1074
1076
1077
1078
1079
1080
1081
1082
1083
1084
1085
1086
1087
1088
1089
1090
1092
1093
1094
1095
1096
1097
1098
1099
1101
1103
1104
1106
1107
1108
1109
1110
1111
1112
1113
1114
1115
1116
1117
1118
1119
1120
1124
1125
1126
1128
1129
1130
1131
1133
1134
1135
1136
1139
1140
1141
1142
1143
1144
1146
1147
1151
1152
1153
1155
1158
1160
1161
1162
1163
1164
1167
1168
1169
1171
1172
1173
1175
1176
1177
1178
1179
1180
1181
1182
1184
1187
1188
1189
1190
1191
1192
1193
1194
1195
1196
1197
1198
1199
1200
1201
1202
1203
1204
1205
1206
1207
1208
1209
1210
1211
1212
1213
1214
1215
1216
1217
1218
1220
1221
1223
1224
1225
1227
1228
1229
1230
1231
1232
1233
1234
1235
1237
1238
1239
1241
1242
1243
1245
1248
1250
1252
1255
1256
1257
1258
1259
1260
1261
1262
1264
1265
1266
1267
1268
1269
1270
1271
1272
1274
1275
1277
1278
1279
1281
1286
1287
1288
1290
1293
1295
1296
1297
1298
1299
1301
1304
1305
1306
1308
1309
1311
1313
1314
1315
1316
1317
1318
1321
1322
1323
1324
1325
1327
1328
1329
1331
1332
1333
1334
1335
1336
1337
1339
1341
1342
1345
1346
1347
1349
1350
1351
1353
1354
1356
1357
1358
1359
1360
1361
1363
1365
1366
1367
1368
1369
1370
1371
1372
1373
1374
1376
1377
1378
1379
1380
1381
1382
1383
1384
1385
1386
1387
1388
1389
1390
1391
1392
1394
1395
1396
1397
1398
1401
1404
1405
1406
1407
1408
1409
1410
1411
1412
1414
1416
1418
1421
1422
1424
1428
1430
1431
1432
1434
1437
1439
1441
1448
1449
1450
1452
1455
1457
1458
1459
1460
1461
1462
1463
1464
1467
1468
1469
1470
1471
1472
1473
1474
1475
1476
1477
1478
1479
1480
1481
1482
1483
1484
1485
1486
1487
1488
1489
1490
1491
1493
1494
1495
1496
1499
1500
1501
1502
1503
1504
1505
1506
1507
1508
1509
1510
1511
1512
1513
1515
1520
1523
1529
1530
1533
1536
1539
1540
1541
1542
1543
1544
1547
1548
1549
1550
1551
1552
1556
1557
1558
1559
1560
1563
1564
1565
1566
1567
1568
1569
1571
1572
1575
1576
1578
1579
1581
1583
1587
1591
1593
1594
1598
1599
1604
1606
1607
1609
1610
1611
1612
1613
1614
1615
1616
1617
1619
1620
1621
1622
1623
1624
1625
1629
1630
1631
1632
1634
1637
1638
1639
1640
1641
1643
1644
1645
1646
1647
1648
1649
1651
1652
1653
1654
1655
1657
1659
1661
1663
1665
1666
1667
1668
1672
1674
1675
1676
1677
1678
1679
1681
1682
1683
1684
1685
1687
1691
1692
1693
1694
1695
1697
1698
1699
1700
1701
1702
1703
1705
1706
1707
1708
1709
1710
1714
1718
1719
1721
1722
1724
1726
1728
1729
1731
1734
1737
1738
1739
1740
1741
1742
1743
1744
1745
1746
1748
1749
1750
1751
1752
1754
1755
1756
1758
1760
1761
1766
1769
1770
1772
1773
1774
1775
1777
1779
1782
1783
1784
1787
1790
1791
1792
1794
1796
1797
1798
1799
1805
1809
1810
1812
1814
1815
1819
1821
1823
1824
1825
1826
1827
1828
1829
1830
1831
1832
1833
1834
1835
1836
1837
1838
1839
1841
1843
1844
1845
1846
1848
1849
1854
1856
1857
1858
1859
1863
1864
1865
1868
1869
1872
1873
1875
1876
1877
1878
1879
1881
1882
1883
1890
1893
1898
1899
1900
1904
1905
1906
1908
1909
1911
1912
1913
1914
1916
1917
1918
1919
1920
1922
1925
1926
1931
1932
1933
1935
1936
1937
1938
1939
1940
1941
1942
1943
1944
1945
1946
1947
1948
1949
1953
1954
1955
1956
1962
1963
1964
1966
1967
1968
1969
1970
1971
1972
1973
1974
1975
1976
1977
1979
1980
1981
1982
1983
1985
1986
1987
1988
1989
1990
1991
1993
1995
1996
1997
1998
2001
2003
2004
2005
2006
2007
2008
2009
2010
2011
2012
2013
2014
2015
2016
2017
2018
2019
2020
2025
2026
2027
2028
2029
2030
2031
2033
2034
2035
2036
2040
2042
2043
2044
2045
2046
2048
2049
2050
2051
2052
2055
2057
2059
2060
2061
2062
2063
2064
2065
2066
2067
2068
2069
2070
2071
2073
2075
2078
2079
2080
2081
2084
2085
2087
2088
2089
2091
2092
2096
2097
2103
2106
2107
2108
2109
2110
2111
2112
2114
2115
2116
2117
2118
2119
2121
2123
2124
2125
2126
2127
2129
2130
2131
2132
2133
2134
2136
2138
2139
2142
2147
2148
2149
2151
2152
2153
2156
2159
2160
2161
2162
2163
2164
2165
2167
2168
2169
2170
2171
2173
2174
2175
2176
2178
2179
2180
2181
2182
2183
2184
2185
2186
2187
2188
2189
2190
2191
2192
2193
2195
2196
2197
2198
2199
2202
2204
2205
2206
2207
2209
2211
2212
2213
2214
2215
2216
2217
2218
2219
2220
2222
2223
2224
2225
2228
2230
2232
2233
2234
2238
2239
2240
2241
2242
2244
2247
2249
2253
2258
2259
2260
2261
2262
2263
2265
2267
2268
2269
2270
2271
2272
2273
2274
2276
2277
2278
2279
2280
2282
2283
2284
2285
2286
2287
2288
2289
2292
2293
2294
2295
2296
2298
2301
2303
2312
2316
2319
2321
2322
2323
2325
2328
2330
2332
2333
2336
2338
2340
2341
2342
2343
2346
2348
2349
2350
2351
2352
2353
2354
2357
2358
2359
2360
2361
2364
2367
2368
2369
2373
2374
2375
2376
2377
2379
2384
2385
2386
2388
2390
2392
2393
2394
2395
2397
2398
2400
2401
2403
2404
2405
2406
2407
2408
2409
2412
2413
2414
2415
2417
2420
2421
2422
2423
2424
2425
2427
2428
2429
2430
2431
2432
2433
2434
2435
2436
2438
2439
2440
2441
2442
2445
2447
2448
2449
2450
2451
2453
2454
2455
2456
2457
2458
2459
2460
2461
2462
2463
2465
2466
2467
2468
2469
2472
2474
2475
2476
2477
2478
2481
2482
2483
2484
2485
2487
2490
2492
2502
2503
2505
2508
2510
2511
2512
2513
2514
2515
2516
2517
2519
2520
2521
2522
2523
2526
2528
2529
2530
2531
2534
2535
2536
2537
2538
2539
2553
2555
2557
2559
2562
2563
2565
2566
2570
2571
2573
2575
2577
2579
2582
2583
2584
2586
2589
2591
2592
2593
2594
2595
2596
2597
2601
2602
2603
2610
2611
2612
2613
2616
2617
2618
2619
2620
2622
2625
2627
2628
2629
2630
2632
2633
2634
2635
2636
2640
2641
2643
2646
2647
2648
2649
2650
2651
2654
2655
2656
2657
2659
2662
2663
2664
2665
2666
2667
2668
2670
2671
2672
2673
2674
2675
2676
2677
2678
2679
2681
2682
2683
2685
2688
2690
2691
2692
2693
2694
2697
2700
2701
2702
2703
2706
2708
2709
2714
2716
2717
2718
2719
2720
2721
2727
2728
2730
2733
2735
2744
2745
2746
2748
2751
2753
2766
2771
2772
2773
2774
2775
2776
2787
2789
2790
2792
2796
2798
2802
2803
2814
2816
2817
2819
2822
2824
2826
2827
2828
2832
2835
2836
2837
2838
2841
2843
2844
2845
2847
2850
2852
2862
2863
2865
2868
2870
2889
2890
2892
2895
2897
2899
2907
2908
2910
2913
2915
2916
2917
2918
2919
2920
2921
2922
2925
2926
2927
2933
2934
2935
2936
2937
2940
2941
2942
2943
2944
2945
2946
2947
2948
2949
2952
2953
2954
2960
2961
2962
2963
2964
2967
2968
2969
2970
2971
2973
2978
2984
2985
2987
2988
2990
2992
2994
2997
2998
2999
3000
3001
3002
3006
3007
3008
3009
3012
3014
3015
3016
3017
3018
3019
3020
3021
3022
3023
3024
3025
3027
3030
3033
3039
3041
3045
3046
3057
3060
3068
3069
3070
3072
3075
3077
3078
3079
3080
3081
3082
3083
3087
3088
3089
3090
3093
3095
3096
3097
3098
3102
3103
3104
3105
3117
3126
3129
3131
3132
3133
3134
3135
3136
3137
3141
3142
3143
3149
3150
3151
3152
3156
3157
3158
3159
3160
3169
3201
3203
3207
3221
3223
3231
3234
3248
3249
3252
3255
3257
3259
3281
3282
3283
3285
3286
3287
3288
3289
3290
3291
3292
3293
3294
3295
3296
3297
3299
3301
3302
3303
3304
3305
3306
3307
3308
3310
3313
3314
3321
3322
3323
3326
3327
3329
3330
3331
3333
3334
3335
3337
3339
3341
3342
3344
3345
3346
3348
3349
3353
3354
3360
3362
3363
3364
3366
3367
3368
3371
3374
3375
3378
3382
3383
3384
3385
3388
3389
3390
3391
3393
3394
3396
3398
3400
3401
3402
3403
3404
3407
3411
3412
3414
3415
3416
3417
3418
3420
3421
3425
3428
3435
3437
3439
3443
3444
3445
3447
3448
3452
3455
3463
3464
3465
3469
3470
3472
3473
3474
3476
3477
3480
3483
3484
3485
3488
3489
3491
3492
3493
3495
3496
3500
3501
3503
3504
3505
3506
3508
3510
3511
3512
3515
3516
3517
3518
3519
3520
3522
3523
3531
3532
3534
3538
3540
3543
3545
3546
3547
3548
3550
3553
3554
3555
3557
3558
3561
3564
3565
3566
3568
3569
3581
3582
3584
3585
3591
3592
3593
3595
3596
3603
3617
3618
3621
3635
3642
3645
3646
3647
3648
3649
3650
3651
3652
3653
3654
3655
3656
3657
3658
3659
3660
3661
3662
3663
3664
3665
3666
3668
3669
3670
3671
3672
3673
3674
3675
3676
3677
3678
3681
3682
3683
3686
3687
3688
3689
3690
3691
3692
3693
3695
3696
3697
3698
3699
3700
3704
3705
3726
3727
3728
3729
3730
3731
3734
3735
3736
3737
3738
3739
3744
3745
3746
3747
3750
3751
3752
3753
3754
3755
3758
3761
3762
3763
3765
3766
3767
3769
3771
3773
3774
3776
3778
3787
3788
3789
3791
3793
3796
3797
3798
3800
3801
3807
3808
3809
3810
3811
3812
3813
3816
3817
3818
3821
3822
3823
3824
3825
3826
3827
3828
3831
3832
3833
3834
3835
3836
3838
3839
3846
3855
3858
3860
3861
3862
3863
3864
3865
3866
3870
3871
3872
3878
3879
3880
3881
3885
3886
3887
3888
3889
3890
3892
3893
3894
3897
3898
3903
3905
3906
3907
3908
3909
3921
3924
3932
3933
3935
3936
3937
3941
3942
3943
3944
3945
3946
3947
3948
3952
3953
3955
3958
3961
3969
3970
3971
3973
3974
3980
3982
3985
3986
3987
3988
3989
3990
3991
3993
3996
4002
4004
4005
4006
4010
4011
4012
4013
4014
4015
4017
4018
4019
4020
4022
4023
4024
4025
4028
4029
4032
4033
4035
4036
4040
4041
4050
4051
4052
4055
4059
4060
4062
4063
4076
4077
4080
4083
4086
4088
4090
4091
4092
4093
4095
4096
4099
4100
4103
4115
4117
4118
4119
4120
4121
4122
4123
4125
4126
4127
4130
4131
4132
4133
4134
4135
4136
4140
4141
4142
4146
4149
4150
4151
4155
4156
4157
4158
4159
4160
4161
4162
4163
4164
4167
4168
4169
4176
4177
4178
4182
4183
4184
4185
4203
4204
4206
4209
4212
4213
4214
4215
4216
4217
4220
4221
4222
4223
4229
4230
4231
4232
4233
4234
4236
4237
4238
4245
4248
4253
4254
4255
4257
4258
4261
4262
4265
4266
4267
4268
4271
4272
4275
4276
4278
4279
4293
4294
4295
4296
4297
4298
4302
4303
4304
4305
4306
4311
4312
4313
4317
4318
4319
4326
4329
4331
4333
4334
4335
4336
4338
4339
4342
4343
4346
4347
4348
4349
4350
4351
4352
4356
4357
4358
4360
4361
4362
4363
4365
4366
4367
4369
4370
4371
4372
4373
4374
4375
4376
4377
4378
4379
4380
4381
4382
4383
4384
4386
4387
4389
4391
4392
4394
4395
4397
4399
4400
4401
4402
4404
4407
4409
4410
4415
4417
4418
4419
4421
4422
4423
4428
4429
4430
4431
4432
4433
4434
4435
4436
4437
4439
4440
4441
4442
4444
4445
4446
4447
4448
4449
4452
4454
4455
4456
4457
4458
4459
4460
4461
4463
4464
4465
4466
4467
4468
4470
4471
4472
4476
4478
4480
4482
4483
4485
4488
4489
4490
4491
4495
4509
4510
4512
4515
4517
4520
4521
4522
4525
4526
4527
4528
4529
4530
4533
4535
4536
4537
4538
4540
4541
4545
4553
4554
4556
4557
4559
4561
4563
4564
4565
4567
4568
4569
4577
4579
4581
4583
4590
4597
4598
4599
4603
4611
4613
4615
4617
4618
4620
4623
4625
4626
4627
4629
4632
4634
4636
4638
4644
4645
4647
4650
4652
4666
4670
4671
4672
4673
4674
4675
4676
4677
4679
4681
4682
4684
4687
4689
4690
4692
4695
4697
4698
4699
4700
4702
4703
4706
4707
4709
4711
4713
4714
4717
4739
4741
4743
4745
4746
4748
4750
4759
4760
4761
4762
4763
4765
4768
4769
4770
4772
4773
4776
4779
4780
4781
4783
4784
4785
4789
4793
4795
4796
4797
4799
4800
4806
4807
4808
4810
4811
4860
4861
4863
4865
4866
4867
4868
4869
4870
4872
4873
4875
4877
4881
4883
4885
4887
4888
4890
4893
4895
4897
4901
4903
4905
4907
4914
4915
4917
4919
4920
4921
4922
4923
4927
4928
4930
4931
4932
4933
4934
4935
4938
4940
4941
4942
4946
4947
4953
4958
4962
4964
4966
4975
4976
4977
4978
4980
4981
4982
4983
4984
4985
4986
4988
4989
4991
4992
4993
5002
5003
5004
5005
5008
5012
5013
5014
5016
5019
5021
5022
5023
5025
5027
5028
5030
5031
5032
5034
5036
5037
5038
5039
5040
5042
5043
5046
5049
5050
5052
5055
5057
5073
5076
5077
5079
5082
5084
5093
5094
5095
5097
5100
5102
5103
5104
5108
5109
5110
5111
5112
5116
5124
5126
5128
5144
5146
5148
5150
5157
5158
5162
5163
5196
5201
5205
5208
5211
5212
5214
5226
5228
5232
5249
5250
5251
5254
5255
5256
5257
5258
5259
5262
5264
5265
5266
5267
5269
5270
5274
5277
5282
5283
5285
5286
5288
5290
5292
5293
5294
5296
5297
5298
5301
5303
5305
5306
5308
5310
5312
5314
5319
5322
5325
5326
5327
5328
5329
5330
5331
5332
5335
5336
5337
5340
5341
5342
5344
5346
5347
5349
5352
5354
5372
5373
5376
5388
5390
5392
5394
5395
5400
5401
5402
5404
5405
5407
5408
5409
5411
5413
5414
5416
5418
5420
5427
5428
5429
5431
5432
5433
5438
5440
5443
5448
5450
5452
5461
5462
5463
5467
5468
5469
5470
5471
5472
5473
5474
5475
5477
5478
5479
5481
5482
5487
5488
5489
5490
5493
5494
5498
5499
5500
5502
5505
5507
5508
5509
5513
5514
5517
5522
5524
5526
5528
5529
5531
5532
5533
5534
5535
5536
5538
5540
5541
5544
5546
5548
5549
5550
5551
5552
5553
5555
5556
5557
5569
5570
5571
5573
5575
5578
5583
5584
5585
5587
5638
5643
5644
5645
5647
5648
5650
5651
5652
5654
5656
5657
5659
5660
5661
5662
5663
5664
5667
5669
5670
5671
5672
5674
5675
5676
5681
5682
5683
5686
5687
5689
5691
5693
5694
5695
5696
5697
5700
5704
5705
5706
5710
5712
5714
5716
5718
5732
5736
5741
5742
5751
5752
5754
5757
5759
5790
5804
5805
5808
5822
5829
5832
5833
5835
5837
5838
5839
5840
5841
5842
5844
5845
5847
5849
5851
5853
5855
5857
5858
5859
5860
5862
5865
5867
5871
5873
5875
5877
5879
5886
5887
5889
5891
5892
5894
5898
5903
5904
5905
5907
5910
5912
5913
5914
5916
5919
5921
5922
5923
5925
5928
5930
5932
5937
5940
5941
5943
5946
5948
5954
5955
5956
5957
5958
5959
5960
5961
5963
5965
5967
5968
5970
5973
5974
5975
5976
5977
5979
5980
5984
5985
5986
5988
5991
5993
5994
5995
5999
6000
6003
6008
6010
6012
6014
6027
6048
6075
6076
6078
6081
6083
6084
6085
6087
6090
6092
6102
6103
6105
6108
6110
6129
6130
6132
6135
6137
6139
6147
6148
6150
6153
6155
6173
6175
6180
6189
6318
6319
6321
6324
6326
6327
6328
6330
6333
6335
6344
6345
6346
6348
6351
6353
6372
6373
6375
6378
6380
6390
6391
6393
6396
6398
6408
6480
6481
6483
6486
6488
6489
6490
6492
6495
6497
6499
6504
6507
6508
6510
6513
6515
6534
6535
6537
6540
6542
6544
6552
6553
6555
6558
6560
6561
6562
6563
6564
6565
6566
6567
6568
6569
6570
6571
6572
6573
6574
6575
6576
6577
6578
6579
6580
6581
6582
6584
6585
6586
6587
6588
6589
6590
6591
6592
6593
6594
6596
6597
6598
6599
6602
6603
6604
6605
6606
6607
6608
6609
6610
6611
6612
6613
6614
6615
6616
6617
6618
6619
6620
6621
6622
6623
6624
6626
6627
6628
6629
6631
6632
6633
6634
6635
6636
6639
6641
6642
6643
6644
6645
6646
6647
6648
6650
6651
6652
6653
6654
6655
6657
6658
6659
6660
6661
6662
6663
6665
6666
6667
6668
6669
6670
6671
6672
6674
6675
6676
6677
6678
6679
6681
6682
6683
6684
6685
6686
6687
6688
6690
6692
6695
6696
6697
6698
6699
6701
6702
6704
6705
6706
6708
6709
6713
6714
6715
6717
6720
6722
6723
6724
6725
6726
6727
6728
6732
6733
6734
6735
6736
6740
6741
6742
6743
6744
6746
6747
6748
6749
6750
6751
6755
6756
6764
6765
6766
6768
6769
6770
6773
6776
6777
6778
6779
6780
6781
6782
6783
6784
6785
6786
6787
6788
6789
6790
6791
6792
6793
6794
6795
6796
6797
6798
6800
6801
6802
6803
6804
6805
6806
6807
6808
6809
6810
6812
6813
6814
6815
6816
6819
6821
6822
6823
6824
6828
6829
6830
6831
6832
6833
6834
6835
6836
6837
6839
6840
6841
6842
6846
6848
6849
6850
6851
6852
6855
6856
6857
6858
6859
6861
6864
6866
6876
6877
6879
6882
6884
6885
6886
6887
6888
6889
6890
6894
6895
6896
6897
6902
6903
6904
6905
6909
6910
6911
6926
6927
6928
6930
6931
6932
6933
6935
6937
6938
6939
6940
6941
6944
6946
6947
6948
6949
6951
6952
6966
6967
6968
6969
6970
6971
6972
6975
6976
6977
6978
6979
6980
6982
6984
6985
6986
6990
6991
6992
6999
7007
7008
7009
7010
7011
7012
7014
7016
7019
7020
7021
7022
7023
7024
7025
7026
7029
7030
7031
7034
7035
7036
7038
7039
7040
7043
7044
7045
7046
7047
7048
7050
7052
7053
7054
7055
7056
7057
7059
7060
7062
7064
7066
7068
7070
7071
7072
7074
7075
7077
7080
7082
7088
7090
7092
7094
7101
7102
7104
7106
7107
7109
7118
7119
7120
7122
7125
7127
7140
7145
7147
7152
7154
7155
7158
7170
7172
7174
7176
7190
7194
7199
7200
7209
7210
7212
7215
7217
7218
7219
7221
7224
7226
7236
7237
7239
7242
7244
7263
7264
7266
7269
7271
7281
7282
7284
7287
7289
7290
7291
7292
7293
7294
7295
7296
7298
7299
7300
7301
7302
7303
7304
7305
7306
7307
7308
7309
7310
7313
7314
7315
7316
7317
7318
7319
7320
7321
7322
7323
7325
7326
7327
7328
7331
7332
7333
7335
7336
7337
7340
7341
7342
7343
7344
7345
7347
7350
7352
7362
7363
7365
7368
7370
7371
7372
7373
7374
7375
7376
7377
7379
7380
7381
7382
7383
7384
7386
7388
7389
7390
7391
7392
7395
7396
7397
7398
7399
7400
7401
7403
7404
7406
7407
7408
7410
7411
7413
7415
7419
7425
7426
7428
7431
7433
7442
7443
7444
7446
7449
7451
7452
7453
7454
7455
7456
7457
7461
7462
7463
7464
7469
7470
7471
7472
7473
7476
7477
7478
7479
7480
7482
7503
7506
7507
7508
7509
7510
7511
7512
7515
7516
7517
7524
7525
7526
7530
7531
7532
7533
7534
7535
7536
7538
7539
7541
7542
7543
7545
7546
7547
7548
7549
7550
7551
7552
7554
7556
7557
7559
7560
7561
7563
7566
7568
7574
7575
7576
7578
7579
7583
7586
7587
7588
7590
7593
7595
7605
7606
7608
7611
7613
7614
7615
7616
7619
7623
7624
7626
7627
7641
7642
7643
7646
7650
7651
7653
7654
7656
7658
7662
7665
7668
7669
7674
7685
7686
7687
7689
7692
7694
7716
7719
7722
7723
7725
7737
7739
7743
7776
7777
7779
7782
7784
7785
7786
7788
7791
7793
7803
7804
7806
7809
7811
7830
7831
7833
7836
7838
7848
7849
7851
7854
7856
7874
7876
7881
7883
7884
7887
7899
7901
7903
7905
7923
7928
7929
7930
7932
7935
7937
7938
7939
7941
7944
7946
7947
7948
7950
7953
7955
7957
7959
7962
7965
7966
7968
7971
7973
7989
7992
7993
7995
7998
8000
8002
8009
8010
8011
8013
8016
8018
8019
8020
8021
8022
8023
8024
8028
8029
8030
8037
8038
8039
8043
8044
8045
8046
8047
8048
8049
8050
8051
8055
8056
8057
8064
8065
8066
8070
8071
8072
8092
8100
8101
8102
8103
8104
8105
8106
8108
8109
8110
8111
8112
8117
8118
8119
8120
8121
8124
8125
8126
8127
8128
8130
8142
8144
8146
8148
8157
8160
8164
8171
8172
8173
8175
8178
8180
8181
8182
8183
8184
8185
8186
8190
8191
8192
8193
8198
8199
8200
8201
8202
8204
8205
8206
8207
8208
8209
8211
8213
8214
8222
8224
8226
8228
8232
8235
8236
8237
8238
8239
8240
8241
8242
8243
8244
8245
8246
8248
8253
8254
8255
8256
8258
8259
8260
8261
8262
8263
8267
8268
8269
8270
8271
8272
8275
8283
8285
8286
8287
8289
8290
8292
8303
8304
8305
8306
8307
8309
8310
8316
8317
8319
8321
8322
8324
8326
8335
8355
8360
8362
8367
8376
8457
8466
8468
8470
8472
8475
8478
8479
8481
8484
8486
8488
8505
8506
8507
8508
8509
8510
8511
8513
8514
8515
8516
8522
8523
8524
8525
8529
8530
8531
8532
8533
8534
8535
8536
8537
8541
8542
8543
8550
8551
8552
8556
8557
8558
8559
8560
8565
8586
8587
8588
8589
8590
8591
8595
8596
8597
8604
8605
8606
8610
8611
8612
8667
8668
8669
8670
8671
8672
8676
8677
8678
8685
8686
8687
8691
8692
8693
8721
8722
8723
8724
8725
8726
8730
8731
8732
8739
8740
8741
8745
8746
8747
8748
8749
8750
8751
8753
8754
8756
8757
8758
8760
8761
8762
8763
8764
8765
8766
8767
8771
8774
8775
8776
8778
8781
8783
8789
8790
8791
8793
8794
8798
8801
8802
8803
8805
8808
8810
8820
8821
8823
8826
8828
8829
8830
8831
8832
8834
8835
8837
8838
8839
8841
8842
8844
8846
8856
8857
8858
8859
8861
8862
8864
8865
8866
8868
8869
8870
8871
8872
8874
8875
8879
8882
8883
8884
8885
8886
8888
8889
8891
8892
8893
8895
8896
8901
8902
8904
8907
8909
8910
8911
8912
8915
8919
8920
8922
8923
8931
8934
8937
8938
8940
8951
8952
8953
8955
8956
8960
8961
8963
8964
8965
8970
8978
8979
8980
8982
8983
8987
8990
8991
8992
8994
8997
8999
9000
9001
9003
9006
9008
9012
9015
9018
9019
9021
9024
9026
9045
9046
9048
9051
9053
9063
9064
9066
9069
9071
9113
9114
9115
9117
9118
9122
9125
9126
9127
9128
9131
9135
9136
9138
9139
9153
9154
9155
9158
9162
9163
9165
9166
9194
9195
9196
9198
9199
9203
9206
9221
9222
9223
9225
9226
9230
9233
9234
9235
9237
9240
9242
9243
9244
9246
9249
9251
9261
9262
9264
9267
9269
9288
9289
9291
9294
9296
9306
9307
9309
9312
9314
9396
9397
9399
9402
9404
9405
9406
9408
9411
9413
9423
9424
9426
9429
9431
9450
9451
9453
9456
9458
9468
9469
9471
9474
9476
9477
9478
9479
9482
9486
9487
9489
9490
9491
9492
9493
9495
9496
9500
9503
9518
9519
9520
9522
9523
9527
9530
9558
9559
9560
9563
9567
9568
9570
9571
9585
9586
9587
9590
9594
9595
9597
9598
9720
9721
9722
9725
9729
9730
9732
9733
9734
9735
9736
9738
9739
9743
9746
9761
9762
9763
9765
9766
9770
9773
9801
9802
9803
9806
9810
9811
9813
9814
9828
9829
9830
9833
9837
9838
9840
9841
9842
9843
9844
9845
9846
9847
9849
9851
9852
9854
9855
9856
9857
9860
9861
9864
9865
9867
9868
9872
9873
9874
9876
9879
9881
9882
9883
9884
9887
9891
9892
9894
9895
9903
9906
9908
9909
9910
9912
9915
9923
9924
9925
9926
9927
9928
9930
9932
9933
9935
9936
9937
9939
9942
9944
9946
9950
9951
9952
9954
9955
9959
9962
9963
9964
9965
9966
9968
9969
9971
9972
9973
9975
9976
9977
9978
9979
9980
9981
9982
9986
9987
9989
10004
10005
10006
10008
10009
10013
10014
10016
10017
10018
10023
10044
10045
10046
10049
10053
10054
10056
10057
10071
10072
10073
10076
10080
10081
10083
10084
10115
10116
10117
10119
10122
10124
10125
10126
10134
10135
10146
10149
10152
10153
10155
10176
10179
10180
10185
10196
10197
10198
10200
10203
10205
10206
10207
10208
10211
10215
10216
10218
10219
10220
10221
10222
10224
10225
10229
10232
10247
10248
10249
10251
10252
10256
10259
10287
10288
10289
10292
10296
10297
10299
10300
10314
10315
10316
10319
10323
10324
10326
10327
10389
10392
10395
10396
10398
10419
10422
10423
10428
10449
10450
10458
10459
10470
10473
10476
10477
10479
10571
10572
10573
10574
10575
10576
10578
10580
10581
10583
10584
10585
10586
10589
10590
10593
10594
10596
10597
10601
10602
10603
10605
10608
10610
10611
10612
10613
10616
10620
10621
10623
10624
10632
10635
10638
10639
10641
10652
10653
10654
10655
10656
10657
10659
10661
10664
10679
10680
10681
10683
10684
10688
10691
10814
10815
10816
10818
10819
10823
10826
10827
10828
10829
10832
10836
10837
10839
10840
10854
10855
10856
10859
10863
10864
10866
10867
10895
10896
10897
10899
10900
10904
10907
10922
10923
10924
10926
10927
10931
10934
10935
10936
10937
10938
10940
10941
10943
10944
10945
10947
10948
10949
10950
10951
10952
10953
10954
10958
10961
10962
10963
10965
10968
10970
10976
10977
10978
10980
10981
10985
10988
10989
10990
10992
10995
10997
11007
11008
11010
11013
11015
11016
11017
11018
11019
11021
11022
11024
11025
11026
11028
11029
11031
11033
11043
11044
11045
11046
11048
11049
11051
11052
11053
11055
11056
11057
11058
11059
11061
11062
11066
11069
11070
11071
11072
11073
11075
11076
11078
11079
11080
11082
11083
11088
11089
11091
11094
11096
11097
11098
11099
11102
11106
11107
11109
11110
11138
11139
11140
11142
11143
11147
11150
11165
11166
11167
11169
11170
11174
11177
11178
11179
11181
11184
11186
11187
11188
11190
11193
11195
11205
11206
11208
11211
11213
11232
11233
11235
11238
11240
11250
11251
11253
11256
11258
11300
11301
11302
11304
11305
11309
11312
11313
11314
11315
11318
11322
11323
11325
11326
11340
11341
11342
11345
11349
11350
11352
11353
11381
11382
11383
11385
11386
11390
11393
11408
11409
11410
11412
11413
11417
11420
11421
11422
11424
11427
11429
11430
11431
11433
11436
11438
11448
11449
11451
11454
11456
11475
11476
11478
11481
11483
11493
11494
11496
11499
11501
11583
11584
11586
11589
11591
11592
11593
11595
11598
11600
11610
11611
11613
11616
11618
11637
11638
11640
11643
11645
11655
11656
11658
11661
11663
11664
11665
11666
11669
11673
11674
11676
11677
11678
11679
11680
11682
11683
11687
11690
11705
11706
11707
11709
11710
11714
11717
11745
11746
11747
11750
11754
11755
11757
11758
11772
11773
11774
11777
11781
11782
11784
11785
11907
11908
11909
11912
11916
11917
11919
11920
11921
11922
11923
11925
11926
11930
11933
11948
11949
11950
11952
11953
11957
11960
11988
11989
11990
11993
11997
11998
12000
12001
12015
12016
12017
12020
12024
12025
12027
12028
12302
12303
12304
12306
12309
12311
12312
12313
12321
12322
12333
12336
12339
12340
12342
12363
12366
12367
12372
12383
12384
12385
12387
12390
12392
12393
12394
12396
12399
12401
12402
12403
12405
12408
12410
12420
12421
12423
12426
12428
12447
12448
12450
12453
12455
12465
12466
12468
12471
12473
12474
12475
12477
12480
12482
12483
12484
12486
12489
12491
12501
12502
12504
12507
12509
12528
12529
12531
12534
12536
12546
12547
12549
12552
12554
12636
12637
12639
12642
12644
12645
12646
12648
12651
12653
12663
12664
12666
12669
12671
12690
12691
12693
12696
12698
12708
12709
12711
12714
12716
12879
12880
12882
12885
12887
12888
12889
12891
12894
12896
12906
12907
12909
12912
12914
12933
12934
12936
12939
12941
12951
12952
12954
12957
12959
13041
13042
13044
13047
13049
13050
13051
13053
13056
13058
13068
13069
13071
13074
13076
13095
13096
13098
13101
13103
13113
13114
13116
13119
13121
13122
13123
13124
13125
13126
13127
13131
13132
13133
13134
13135
13136
13137
13138
13140
13141
13142
13145
13146
13147
13148
13149
13150
13151
13152
13153
13154
13158
13159
13160
13163
13164
13165
13167
13168
13169
13172
13173
13174
13175
13203
13204
13205
13206
13207
13208
13212
13213
13214
13215
13216
13221
13222
13223
13227
13228
13229
13230
13231
13232
13235
13239
13240
13242
13243
13244
13245
13246
13248
13249
13253
13256
13257
13258
13259
13262
13266
13267
13269
13270
13284
13285
13286
13287
13288
13289
13293
13294
13295
13296
13297
13302
13303
13304
13308
13309
13310
13325
13326
13327
13329
13330
13334
13337
13338
13339
13340
13341
13342
13343
13347
13348
13349
13352
13353
13354
13356
13357
13358
13361
13362
13363
13364
13365
13366
13367
13368
13369
13370
13374
13375
13376
13383
13384
13385
13389
13390
13391
13392
13393
13394
13395
13396
13397
13401
13402
13403
13410
13411
13412
13416
13417
13418
13446
13447
13448
13449
13450
13451
13455
13456
13457
13464
13465
13466
13470
13471
13472
13487
13488
13489
13491
13492
13496
13499
13500
13501
13502
13505
13509
13510
13512
13513
13527
13528
13529
13530
13531
13532
13536
13537
13538
13539
13540
13545
13546
13547
13551
13552
13553
13568
13569
13570
13572
13573
13577
13580
13581
13582
13583
13584
13585
13586
13590
13591
13592
13595
13596
13597
13599
13600
13601
13604
13605
13606
13607
13851
13852
13853
13854
13855
13856
13860
13861
13862
13863
13864
13865
13866
13867
13869
13870
13871
13874
13875
13876
13877
13878
13879
13880
13881
13882
13883
13887
13888
13889
13892
13893
13894
13896
13897
13898
13901
13902
13903
13904
13932
13933
13934
13935
13936
13937
13941
13942
13943
13944
13945
13950
13951
13952
13956
13957
13958
13959
13960
13961
13964
13968
13969
13971
13972
14013
14014
14015
14016
14017
14018
14022
14023
14024
14031
14032
14033
14037
14038
14039
14067
14068
14069
14070
14071
14072
14076
14077
14078
14085
14086
14087
14091
14092
14093
14094
14095
14096
14099
14103
14104
14106
14107
14108
14109
14110
14112
14113
14117
14120
14135
14136
14137
14139
14140
14144
14147
14175
14176
14177
14180
14184
14185
14187
14188
14202
14203
14204
14207
14211
14212
14214
14215
14580
14581
14582
14583
14584
14585
14589
14590
14591
14598
14599
14600
14604
14605
14606
14607
14608
14609
14610
14611
14612
14616
14617
14618
14625
14626
14627
14631
14632
14633
14661
14662
14663
14664
14665
14666
14670
14671
14672
14679
14680
14681
14685
14686
14687
14742
14743
14744
14745
14746
14747
14751
14752
14753
14760
14761
14762
14766
14767
14768
14796
14797
14798
14799
14800
14801
14805
14806
14807
14814
14815
14816
14820
14821
14822
15066
15067
15068
15069
15070
15071
15075
15076
15077
15084
15085
15086
15090
15091
15092
15093
15094
15095
15096
15097
15098
15102
15103
15104
15111
15112
15113
15117
15118
15119
15147
15148
15149
15150
15151
15152
15156
15157
15158
15165
15166
15167
15171
15172
15173
15228
15229
15230
15231
15232
15233
15237
15238
15239
15246
15247
15248
15252
15253
15254
15282
15283
15284
15285
15286
15287
15291
15292
15293
15300
15301
15302
15306
15307
15308
16403
16404
16405
16407
16408
16412
16415
16416
16417
16418
16421
16425
16426
16428
16429
16443
16444
16445
16448
16452
16453
16455
16456
16484
16485
16486
16488
16489
16493
16496
16511
16512
16513
16515
16516
16520
16523
16524
16525
16526
16529
16533
16534
16536
16537
16538
16539
16540
16542
16543
16547
16550
16565
16566
16567
16569
16570
16574
16577
16605
16606
16607
16610
16614
16615
16617
16618
16632
16633
16634
16637
16641
16642
16644
16645
17496
17497
17498
17499
17500
17501
17505
17506
17507
17514
17515
17516
17520
17521
17522
17523
17524
17525
17526
17527
17528
17532
17533
17534
17541
17542
17543
17547
17548
17549
17577
17578
17579
17580
17581
17582
17586
17587
17588
17595
17596
17597
17601
17602
17603
17658
17659
17660
17661
17662
17663
17667
17668
17669
17676
17677
17678
17682
17683
17684
17712
17713
17714
17715
17716
17717
17721
17722
17723
17730
17731
17732
17736
17737
17738
17739
17740
17741
17742
17743
17744
17748
17749
17750
17757
17758
17759
17763
17764
17765
17766
17767
17768
17769
17770
17771
17775
17776
17777
17784
17785
17786
17790
17791
17792
17820
17821
17822
17823
17824
17825
17829
17830
17831
17838
17839
17840
17844
17845
17846
17901
17902
17903
17904
17905
17906
17910
17911
17912
17919
17920
17921
17925
17926
17927
17955
17956
17957
17958
17959
17960
17964
17965
17966
17973
17974
17975
17979
17980
17981
18225
18226
18227
18228
18229
18230
18234
18235
18236
18243
18244
18245
18249
18250
18251
18252
18253
18254
18255
18256
18257
18261
18262
18263
18270
18271
18272
18276
18277
18278
18306
18307
18308
18309
18310
18311
18315
18316
18317
18324
18325
18326
18330
18331
18332
18387
18388
18389
18390
18391
18392
18396
18397
18398
18405
18406
18407
18411
18412
18413
18441
18442
18443
18444
18445
18446
18450
18451
18452
18459
18460
18461
18465
18466
18467
18954
18955
18956
18957
18958
18959
18963
18964
18965
18972
18973
18974
18978
18979
18980
18981
18982
18983
18984
18985
18986
18990
18991
18992
18999
19000
19001
19005
19006
19007
19035
19036
19037
19038
19039
19040
19044
19045
19046
19053
19054
19055
19059
19060
19061
19116
19117
19118
19119
19120
19121
19125
19126
19127
19134
19135
19136
19140
19141
19142
19170
19171
19172
19173
19174
19175
19179
19180
19181
19188
19189
19190
19194
19195
19196
19440
19441
19442
19443
19444
19445
19449
19450
19451
19458
19459
19460
19464
19465
19466
19467
19468
19469
19470
19471
19472
19476
19477
19478
19485
19486
19487
19491
19492
19493
19521
19522
19523
19524
19525
19526
19530
19531
19532
19539
19540
19541
19545
19546
19547
19602
19603
19604
19605
19606
19607
19611
19612
19613
19620
19621
19622
19626
19627
19628
19656
19657
19658
19659
19660
19661
19665
19666
19667
19674
19675
19676
19680
19681
19682
19683
19684
19685
19686
19687
19688
19689
19691
19692
19693
19694
19695
19698
19700
19701
19702
19703
19707
19708
19709
19710
19711
19712
19713
19714
19715
19716
19718
19719
19720
19721
19728
19729
19730
19734
19735
19736
19737
19738
19740
19743
19745
19755
19756
19758
19761
19763
19764
19765
19766
19767
19768
19769
19770
19772
19773
19774
19775
19776
19779
19781
19782
19783
19784
19788
19789
19790
19791
19792
19794
19797
19799
19818
19819
19821
19824
19826
19836
19837
19839
19842
19844
19845
19846
19847
19848
19849
19850
19854
19855
19856
19863
19864
19865
19869
19870
19871
19899
19900
19901
19902
19903
19904
19908
19909
19910
19917
19918
19919
19923
19924
19925
19926
19927
19928
19929
19930
19931
19932
19934
19935
19936
19937
19938
19941
19943
19944
19945
19946
19950
19951
19952
19953
19954
19955
19956
19957
19958
19959
19961
19962
19963
19964
19971
19972
19973
19977
19978
19979
19980
19981
19983
19986
19988
19998
19999
20001
20004
20006
20007
20008
20009
20010
20011
20012
20016
20017
20018
20025
20026
20027
20031
20032
20033
20088
20089
20090
20091
20092
20093
20097
20098
20099
20106
20107
20108
20112
20113
20114
20142
20143
20144
20145
20146
20147
20151
20152
20153
20160
20161
20162
20166
20167
20168
20169
20170
20172
20175
20177
20178
20179
20181
20184
20186
20196
20197
20199
20202
20204
20223
20224
20226
20229
20231
20241
20242
20244
20247
20249
20331
20332
20334
20337
20339
20340
20341
20343
20346
20348
20358
20359
20361
20364
20366
20385
20386
20388
20391
20393
20403
20404
20406
20409
20411
20412
20413
20414
20415
20416
20417
20418
20420
20421
20422
20423
20424
20427
20429
20430
20431
20432
20436
20437
20438
20439
20440
20441
20442
20443
20444
20445
20447
20448
20449
20450
20457
20458
20459
20463
20464
20465
20466
20467
20469
20472
20474
20484
20485
20487
20490
20492
20493
20494
20495
20496
20497
20498
20499
20501
20502
20503
20504
20505
20508
20510
20511
20512
20513
20517
20518
20519
20520
20521
20523
20526
20528
20547
20548
20550
20553
20555
20565
20566
20568
20571
20573
20574
20575
20576
20577
20578
20579
20583
20584
20585
20592
20593
20594
20598
20599
20600
20628
20629
20630
20631
20632
20633
20637
20638
20639
20646
20647
20648
20652
20653
20654
20655
20656
20658
20661
20663
20664
20665
20667
20670
20672
20682
20683
20685
20688
20690
20709
20710
20712
20715
20717
20727
20728
20730
20733
20735
20898
20899
20901
20904
20906
20907
20908
20910
20913
20915
20925
20926
20928
20931
20933
20952
20953
20955
20958
20960
20970
20971
20973
20976
20978
21060
21061
21063
21066
21068
21069
21070
21072
21075
21077
21087
21088
21090
21093
21095
21114
21115
21117
21120
21122
21132
21133
21135
21138
21140
21141
21142
21143
21144
21145
21146
21150
21151
21152
21159
21160
21161
21165
21166
21167
21168
21169
21170
21171
21172
21173
21177
21178
21179
21186
21187
21188
21192
21193
21194
21222
21223
21224
21225
21226
21227
21231
21232
21233
21240
21241
21242
21246
21247
21248
21303
21304
21305
21306
21307
21308
21312
21313
21314
21321
21322
21323
21327
21328
21329
21357
21358
21359
21360
21361
21362
21366
21367
21368
21375
21376
21377
21381
21382
21383
21627
21628
21629
21630
21631
21632
21636
21637
21638
21645
21646
21647
21651
21652
21653
21654
21655
21656
21657
21658
21659
21663
21664
21665
21672
21673
21674
21678
21679
21680
21708
21709
21710
21711
21712
21713
21717
21718
21719
21726
21727
21728
21732
21733
21734
21789
21790
21791
21792
21793
21794
21798
21799
21800
21807
21808
21809
21813
21814
21815
21843
21844
21845
21846
21847
21848
21852
21853
21854
21861
21862
21863
21867
21868
21869
21870
21871
21872
21873
21874
21875
21876
21878
21879
21880
21881
21882
21885
21887
21888
21889
21890
21894
21895
21896
21897
21898
21899
21900
21901
21902
21903
21905
21906
21907
21908
21915
21916
21917
21921
21922
21923
21924
21925
21927
21930
21932
21942
21943
21945
21948
21950
21951
21952
21953
21954
21955
21956
21957
21959
21960
21961
21962
21963
21966
21968
21969
21970
21971
21975
21976
21977
21978
21979
21981
21984
21986
22005
22006
22008
22011
22013
22023
22024
22026
22029
22031
22032
22033
22034
22035
22036
22037
22041
22042
22043
22050
22051
22052
22056
22057
22058
22086
22087
22088
22089
22090
22091
22095
22096
22097
22104
22105
22106
22110
22111
22112
22113
22114
22115
22116
22117
22118
22119
22121
22122
22123
22124
22125
22128
22130
22131
22132
22133
22137
22138
22139
22140
22141
22142
22143
22144
22145
22146
22148
22149
22150
22151
22158
22159
22160
22164
22165
22166
22167
22168
22170
22173
22175
22185
22186
22188
22191
22193
22194
22195
22196
22197
22198
22199
22203
22204
22205
22212
22213
22214
22218
22219
22220
22275
22276
22277
22278
22279
22280
22284
22285
22286
22293
22294
22295
22299
22300
22301
22329
22330
22331
22332
22333
22334
22338
22339
22340
22347
22348
22349
22353
22354
22355
22356
22357
22359
22362
22364
22365
22366
22368
22371
22373
22383
22384
22386
22389
22391
22410
22411
22413
22416
22418
22428
22429
22431
22434
22436
22518
22519
22521
22524
22526
22527
22528
22530
22533
22535
22545
22546
22548
22551
22553
22572
22573
22575
22578
22580
22590
22591
22593
22596
22598
22599
22600
22601
22602
22603
22604
22608
22609
22610
22617
22618
22619
22623
22624
22625
22626
22627
22628
22629
22630
22631
22635
22636
22637
22644
22645
22646
22650
22651
22652
22680
22681
22682
22683
22684
22685
22689
22690
22691
22698
22699
22700
22704
22705
22706
22761
22762
22763
22764
22765
22766
22770
22771
22772
22779
22780
22781
22785
22786
22787
22815
22816
22817
22818
22819
22820
22824
22825
22826
22833
22834
22835
22839
22840
22841
23328
23329
23330
23331
23332
23333
23337
23338
23339
23346
23347
23348
23352
23353
23354
23355
23356
23357
23358
23359
23360
23364
23365
23366
23373
23374
23375
23379
23380
23381
23409
23410
23411
23412
23413
23414
23418
23419
23420
23427
23428
23429
23433
23434
23435
23490
23491
23492
23493
23494
23495
23499
23500
23501
23508
23509
23510
23514
23515
23516
23544
23545
23546
23547
23548
23549
23553
23554
23555
23562
23563
23564
23568
23569
23570
23814
23815
23816
23817
23818
23819
23823
23824
23825
23832
23833
23834
23838
23839
23840
23841
23842
23843
23844
23845
23846
23850
23851
23852
23859
23860
23861
23865
23866
23867
23895
23896
23897
23898
23899
23900
23904
23905
23906
23913
23914
23915
23919
23920
23921
23976
23977
23978
23979
23980
23981
23985
23986
23987
23994
23995
23996
24000
24001
24002
24030
24031
24032
24033
24034
24035
24039
24040
24041
24048
24049
24050
24054
24055
24056
24057
24058
24060
24063
24065
24066
24067
24069
24072
24074
24084
24085
24087
24090
24092
24111
24112
24114
24117
24119
24129
24130
24132
24135
24137
24138
24139
24141
24144
24146
24147
24148
24150
24153
24155
24165
24166
24168
24171
24173
24192
24193
24195
24198
24200
24210
24211
24213
24216
24218
24300
24301
24303
24306
24308
24309
24310
24312
24315
24317
24327
24328
24330
24333
24335
24354
24355
24357
24360
24362
24372
24373
24375
24378
24380
24543
24544
24546
24549
24551
24552
24553
24555
24558
24560
24570
24571
24573
24576
24578
24597
24598
24600
24603
24605
24615
24616
24618
24621
24623
24705
24706
24708
24711
24713
24714
24715
24717
24720
24722
24732
24733
24735
24738
24740
24759
24760
24762
24765
24767
24777
24778
24780
24783
24785
25515
25516
25518
25521
25523
25524
25525
25527
25530
25532
25542
25543
25545
25548
25550
25569
25570
25572
25575
25577
25587
25588
25590
25593
25595
25596
25597
25599
25602
25604
25605
25606
25608
25611
25613
25623
25624
25626
25629
25631
25650
25651
25653
25656
25658
25668
25669
25671
25674
25676
25758
25759
25761
25764
25766
25767
25768
25770
25773
25775
25785
25786
25788
25791
25793
25812
25813
25815
25818
25820
25830
25831
25833
25836
25838
26001
26002
26004
26007
26009
26010
26011
26013
26016
26018
26028
26029
26031
26034
26036
26055
26056
26058
26061
26063
26073
26074
26076
26079
26081
26163
26164
26166
26169
26171
26172
26173
26175
26178
26180
26190
26191
26193
26196
26198
26217
26218
26220
26223
26225
26235
26236
26238
26241
26243
26244
26245
26246
26247
26248
26249
26253
26254
26255
26262
26263
26264
26268
26269
26270
26271
26272
26273
26274
26275
26276
26280
26281
26282
26289
26290
26291
26295
26296
26297
26325
26326
26327
26328
26329
26330
26334
26335
26336
26343
26344
26345
26349
26350
26351
26406
26407
26408
26409
26410
26411
26415
26416
26417
26424
26425
26426
26430
26431
26432
26460
26461
26462
26463
26464
26465
26469
26470
26471
26478
26479
26480
26484
26485
26486
26487
26488
26489
26490
26491
26492
26496
26497
26498
26505
26506
26507
26511
26512
26513
26514
26515
26516
26517
26518
26519
26523
26524
26525
26532
26533
26534
26538
26539
26540
26568
26569
26570
26571
26572
26573
26577
26578
26579
26586
26587
26588
26592
26593
26594
26649
26650
26651
26652
26653
26654
26658
26659
26660
26667
26668
26669
26673
26674
26675
26703
26704
26705
26706
26707
26708
26712
26713
26714
26721
26722
26723
26727
26728
26729
26973
26974
26975
26976
26977
26978
26982
26983
26984
26991
26992
26993
26997
26998
26999
27000
27001
27002
27003
27004
27005
27009
27010
27011
27018
27019
27020
27024
27025
27026
27054
27055
27056
27057
27058
27059
27063
27064
27065
27072
27073
27074
27078
27079
27080
27135
27136
27137
27138
27139
27140
27144
27145
27146
27153
27154
27155
27159
27160
27161
27189
27190
27191
27192
27193
27194
27198
27199
27200
27207
27208
27209
27213
27214
27215
27702
27703
27704
27705
27706
27707
27711
27712
27713
27720
27721
27722
27726
27727
27728
27729
27730
27731
27732
27733
27734
27738
27739
27740
27747
27748
27749
27753
27754
27755
27783
27784
27785
27786
27787
27788
27792
27793
27794
27801
27802
27803
27807
27808
27809
27864
27865
27866
27867
27868
27869
27873
27874
27875
27882
27883
27884
27888
27889
27890
27918
27919
27920
27921
27922
27923
27927
27928
27929
27936
27937
27938
27942
27943
27944
28188
28189
28190
28191
28192
28193
28197
28198
28199
28206
28207
28208
28212
28213
28214
28215
28216
28217
28218
28219
28220
28224
28225
28226
28233
28234
28235
28239
28240
28241
28269
28270
28271
28272
28273
28274
28278
28279
28280
28287
28288
28289
28293
28294
28295
28350
28351
28352
28353
28354
28355
28359
28360
28361
28368
28369
28370
28374
28375
28376
28404
28405
28406
28407
28408
28409
28413
28414
28415
28422
28423
28424
28428
28429
28430
32805
32806
32807
32808
32809
32810
32814
32815
32816
32823
32824
32825
32829
32830
32831
32832
32833
32834
32835
32836
32837
32841
32842
32843
32850
32851
32852
32856
32857
32858
32886
32887
32888
32889
32890
32891
32895
32896
32897
32904
32905
32906
32910
32911
32912
32967
32968
32969
32970
32971
32972
32976
32977
32978
32985
32986
32987
32991
32992
32993
33021
33022
33023
33024
33025
33026
33030
33031
33032
33039
33040
33041
33045
33046
33047
33048
33049
33050
33051
33052
33053
33057
33058
33059
33066
33067
33068
33072
33073
33074
33075
33076
33077
33078
33079
33080
33084
33085
33086
33093
33094
33095
33099
33100
33101
33129
33130
33131
33132
33133
33134
33138
33139
33140
33147
33148
33149
33153
33154
33155
33210
33211
33212
33213
33214
33215
33219
33220
33221
33228
33229
33230
33234
33235
33236
33264
33265
33266
33267
33268
33269
33273
33274
33275
33282
33283
33284
33288
33289
33290
39366
39367
39369
39372
39374
39375
39376
39378
39381
39383
39393
39394
39396
39399
39401
39420
39421
39423
39426
39428
39438
39439
39441
39444
39446
39447
39448
39450
39453
39455
39456
39457
39459
39462
39464
39474
39475
39477
39480
39482
39501
39502
39504
39507
39509
39519
39520
39522
39525
39527
39609
39610
39612
39615
39617
39618
39619
39621
39624
39626
39636
39637
39639
39642
39644
39663
39664
39666
39669
39671
39681
39682
39684
39687
39689
39852
39853
39855
39858
39860
39861
39862
39864
39867
39869
39879
39880
39882
39885
39887
39906
39907
39909
39912
39914
39924
39925
39927
39930
39932
40014
40015
40017
40020
40022
40023
40024
40026
40029
40031
40041
40042
40044
40047
40049
40068
40069
40071
40074
40076
40086
40087
40089
40092
40094
40095
40096
40098
40101
40103
40104
40105
40107
40110
40112
40122
40123
40125
40128
40130
40149
40150
40152
40155
40157
40167
40168
40170
40173
40175
40176
40177
40179
40182
40184
40185
40186
40188
40191
40193
40203
40204
40206
40209
40211
40230
40231
40233
40236
40238
40248
40249
40251
40254
40256
40338
40339
40341
40344
40346
40347
40348
40350
40353
40355
40365
40366
40368
40371
40373
40392
40393
40395
40398
40400
40410
40411
40413
40416
40418
40581
40582
40584
40587
40589
40590
40591
40593
40596
40598
40608
40609
40611
40614
40616
40635
40636
40638
40641
40643
40653
40654
40656
40659
40661
40743
40744
40746
40749
40751
40752
40753
40755
40758
40760
40770
40771
40773
40776
40778
40797
40798
40800
40803
40805
40815
40816
40818
40821
40823
41553
41554
41556
41559
41561
41562
41563
41565
41568
41570
41580
41581
41583
41586
41588
41607
41608
41610
41613
41615
41625
41626
41628
41631
41633
41634
41635
41637
41640
41642
41643
41644
41646
41649
41651
41661
41662
41664
41667
41669
41688
41689
41691
41694
41696
41706
41707
41709
41712
41714
41796
41797
41799
41802
41804
41805
41806
41808
41811
41813
41823
41824
41826
41829
41831
41850
41851
41853
41856
41858
41868
41869
41871
41874
41876
42039
42040
42042
42045
42047
42048
42049
42051
42054
42056
42066
42067
42069
42072
42074
42093
42094
42096
42099
42101
42111
42112
42114
42117
42119
42201
42202
42204
42207
42209
42210
42211
42213
42216
42218
42228
42229
42231
42234
42236
42255
42256
42258
42261
42263
42273
42274
42276
42279
42281
43740
43741
43743
43746
43748
43749
43750
43752
43755
43757
43767
43768
43770
43773
43775
43794
43795
43797
43800
43802
43812
43813
43815
43818
43820
43821
43822
43824
43827
43829
43830
43831
43833
43836
43838
43848
43849
43851
43854
43856
43875
43876
43878
43881
43883
43893
43894
43896
43899
43901
43983
43984
43986
43989
43991
43992
43993
43995
43998
44000
44010
44011
44013
44016
44018
44037
44038
44040
44043
44045
44055
44056
44058
44061
44063
44226
44227
44229
44232
44234
44235
44236
44238
44241
44243
44253
44254
44256
44259
44261
44280
44281
44283
44286
44288
44298
44299
44301
44304
44306
44388
44389
44391
44394
44396
44397
44398
44400
44403
44405
44415
44416
44418
44421
44423
44442
44443
44445
44448
44450
44460
44461
44463
44466
44468
45198
45199
45201
45204
45206
45207
45208
45210
45213
45215
45225
45226
45228
45231
45233
45252
45253
45255
45258
45260
45270
45271
45273
45276
45278
45279
45280
45282
45285
45287
45288
45289
45291
45294
45296
45306
45307
45309
45312
45314
45333
45334
45336
45339
45341
45351
45352
45354
45357
45359
45441
45442
45444
45447
45449
45450
45451
45453
45456
45458
45468
45469
45471
45474
45476
45495
45496
45498
45501
45503
45513
45514
45516
45519
45521
45684
45685
45687
45690
45692
45693
45694
45696
45699
45701
45711
45712
45714
45717
45719
45738
45739
45741
45744
45746
45756
45757
45759
45762
45764
45846
45847
45849
45852
45854
45855
45856
45858
45861
45863
45873
45874
45876
45879
45881
45900
45901
45903
45906
45908
45918
45919
45921
45924
45926
52488
52489
52491
52494
52496
52497
52498
52500
52503
52505
52515
52516
52518
52521
52523
52542
52543
52545
52548
52550
52560
52561
52563
52566
52568
52569
52570
52572
52575
52577
52578
52579
52581
52584
52586
52596
52597
52599
52602
52604
52623
52624
52626
52629
52631
52641
52642
52644
52647
52649
52731
52732
52734
52737
52739
52740
52741
52743
52746
52748
52758
52759
52761
52764
52766
52785
52786
52788
52791
52793
52803
52804
52806
52809
52811
52974
52975
52977
52980
52982
52983
52984
52986
52989
52991
53001
53002
53004
53007
53009
53028
53029
53031
53034
53036
53046
53047
53049
53052
53054
53136
53137
53139
53142
53144
53145
53146
53148
53151
53153
53163
53164
53166
53169
53171
53190
53191
53193
53196
53198
53208
53209
53211
53214
53216
53217
53218
53220
53223
53225
53226
53227
53229
53232
53234
53244
53245
53247
53250
53252
53271
53272
53274
53277
53279
53289
53290
53292
53295
53297
53298
53299
53301
53304
53306
53307
53308
53310
53313
53315
53325
53326
53328
53331
53333
53352
53353
53355
53358
53360
53370
53371
53373
53376
53378
53460
53461
53463
53466
53468
53469
53470
53472
53475
53477
53487
53488
53490
53493
53495
53514
53515
53517
53520
53522
53532
53533
53535
53538
53540
53703
53704
53706
53709
53711
53712
53713
53715
53718
53720
53730
53731
53733
53736
53738
53757
53758
53760
53763
53765
53775
53776
53778
53781
53783
53865
53866
53868
53871
53873
53874
53875
53877
53880
53882
53892
53893
53895
53898
53900
53919
53920
53922
53925
53927
53937
53938
53940
53943
53945
54675
54676
54678
54681
54683
54684
54685
54687
54690
54692
54702
54703
54705
54708
54710
54729
54730
54732
54735
54737
54747
54748
54750
54753
54755
54756
54757
54759
54762
54764
54765
54766
54768
54771
54773
54783
54784
54786
54789
54791
54810
54811
54813
54816
54818
54828
54829
54831
54834
54836
54918
54919
54921
54924
54926
54927
54928
54930
54933
54935
54945
54946
54948
54951
54953
54972
54973
54975
54978
54980
54990
54991
54993
54996
54998
55161
55162
55164
55167
55169
55170
55171
55173
55176
55178
55188
55189
55191
55194
55196
55215
55216
55218
55221
55223
55233
55234
55236
55239
55241
55323
55324
55326
55329
55331
55332
55333
55335
55338
55340
55350
55351
55353
55356
55358
55377
55378
55380
55383
55385
55395
55396
55398
55401
55403
56862
56863
56865
56868
56870
56871
56872
56874
56877
56879
56889
56890
56892
56895
56897
56916
56917
56919
56922
56924
56934
56935
56937
56940
56942
56943
56944
56946
56949
56951
56952
56953
56955
56958
56960
56970
56971
56973
56976
56978
56997
56998
57000
57003
57005
57015
57016
57018
57021
57023
57105
57106
57108
57111
57113
57114
57115
57117
57120
57122
57132
57133
57135
57138
57140
57159
57160
57162
57165
57167
57177
57178
57180
57183
57185
57348
57349
57351
57354
57356
57357
57358
57360
57363
57365
57375
57376
57378
57381
57383
57402
57403
57405
57408
57410
57420
57421
57423
57426
57428
57510
57511
57513
57516
57518
57519
57520
57522
57525
57527
57537
57538
57540
57543
57545
57564
57565
57567
57570
57572
57582
57583
57585
57588
57590
58320
58321
58323
58326
58328
58329
58330
58332
58335
58337
58347
58348
58350
58353
58355
58374
58375
58377
58380
58382
58392
58393
58395
58398
58400
58401
58402
58404
58407
58409
58410
58411
58413
58416
58418
58428
58429
58431
58434
58436
58455
58456
58458
58461
58463
58473
58474
58476
58479
58481
58563
58564
58566
58569
58571
58572
58573
58575
58578
58580
58590
58591
58593
58596
58598
58617
58618
58620
58623
58625
58635
58636
58638
58641
58643
58806
58807
58809
58812
58814
58815
58816
58818
58821
58823
58833
58834
58836
58839
58841
58860
58861
58863
58866
58868
58878
58879
58881
58884
58886
58968
58969
58971
58974
58976
58977
58978
58980
58983
58985
58995
58996
58998
59001
59003
59022
59023
59025
59028
59030
59040
59041
59043
59046
59048
59049
59050
59052
59055
59057
59058
59059
59061
59064
59066
59076
59077
59079
59082
59084
59103
59104
59106
59109
59111
59121
59122
59124
59127
59129
59130
59131
59133
59136
59138
59139
59140
59142
59145
59147
59157
59158
59160
59163
59165
59184
59185
59187
59190
59192
59202
59203
59205
59208
59210
59292
59293
59295
59298
59300
59301
59302
59304
59307
59309
59319
59320
59322
59325
59327
59346
59347
59349
59352
59354
59364
59365
59367
59370
59372
59535
59536
59538
59541
59543
59544
59545
59547
59550
59552
59562
59563
59565
59568
59570
59589
59590
59592
59595
59597
59607
59608
59610
59613
59615
59697
59698
59700
59703
59705
59706
59707
59709
59712
59714
59724
59725
59727
59730
59732
59751
59752
59754
59757
59759
59769
59770
59772
59775
59777
59778
59779
59781
59784
59786
59787
59788
59790
59793
59795
59805
59806
59808
59811
59813
59832
59833
59835
59838
59840
59850
59851
59853
59856
59858
59859
59860
59862
59865
59867
59868
59869
59871
59874
59876
59886
59887
59889
59892
59894
59913
59914
59916
59919
59921
59931
59932
59934
59937
59939
60021
60022
60024
60027
60029
60030
60031
60033
60036
60038
60048
60049
60051
60054
60056
60075
60076
60078
60081
60083
60093
60094
60096
60099
60101
60264
60265
60267
60270
60272
60273
60274
60276
60279
60281
60291
60292
60294
60297
60299
60318
60319
60321
60324
60326
60336
60337
60339
60342
60344
60426
60427
60429
60432
60434
60435
60436
60438
60441
60443
60453
60454
60456
60459
60461
60480
60481
60483
60486
60488
60498
60499
60501
60504
60506
61236
61237
61239
61242
61244
61245
61246
61248
61251
61253
61263
61264
61266
61269
61271
61290
61291
61293
61296
61298
61308
61309
61311
61314
61316
61317
61318
61320
61323
61325
61326
61327
61329
61332
61334
61344
61345
61347
61350
61352
61371
61372
61374
61377
61379
61389
61390
61392
61395
61397
61479
61480
61482
61485
61487
61488
61489
61491
61494
61496
61506
61507
61509
61512
61514
61533
61534
61536
61539
61541
61551
61552
61554
61557
61559
61722
61723
61725
61728
61730
61731
61732
61734
61737
61739
61749
61750
61752
61755
61757
61776
61777
61779
61782
61784
61794
61795
61797
61800
61802
61884
61885
61887
61890
61892
61893
61894
61896
61899
61901
61911
61912
61914
61917
61919
61938
61939
61941
61944
61946
61956
61957
61959
61962
61964
63423
63424
63426
63429
63431
63432
63433
63435
63438
63440
63450
63451
63453
63456
63458
63477
63478
63480
63483
63485
63495
63496
63498
63501
63503
63504
63505
63507
63510
63512
63513
63514
63516
63519
63521
63531
63532
63534
63537
63539
63558
63559
63561
63564
63566
63576
63577
63579
63582
63584
63666
63667
63669
63672
63674
63675
63676
63678
63681
63683
63693
63694
63696
63699
63701
63720
63721
63723
63726
63728
63738
63739
63741
63744
63746
63909
63910
63912
63915
63917
63918
63919
63921
63924
63926
63936
63937
63939
63942
63944
63963
63964
63966
63969
63971
63981
63982
63984
63987
63989
64071
64072
64074
64077
64079
64080
64081
64083
64086
64088
64098
64099
64101
64104
64106
64125
64126
64128
64131
64133
64143
64144
64146
64149
64151
64881
64882
64884
64887
64889
64890
64891
64893
64896
64898
64908
64909
64911
64914
64916
64935
64936
64938
64941
64943
64953
64954
64956
64959
64961
64962
64963
64965
64968
64970
64971
64972
64974
64977
64979
64989
64990
64992
64995
64997
65016
65017
65019
65022
65024
65034
65035
65037
65040
65042
65124
65125
65127
65130
65132
65133
65134
65136
65139
65141
65151
65152
65154
65157
65159
65178
65179
65181
65184
65186
65196
65197
65199
65202
65204
65367
65368
65370
65373
65375
65376
65377
65379
65382
65384
65394
65395
65397
65400
65402
65421
65422
65424
65427
65429
65439
65440
65442
65445
65447
65529
65530
65532
65535
65537
65538
65539
65541
65544
65546
65556
65557
65559
65562
65564
65583
65584
65586
65589
65591
65601
65602
65604
65607
65609
65610
65611
65613
65616
65618
65619
65620
65622
65625
65627
65637
65638
65640
65643
65645
65664
65665
65667
65670
65672
65682
65683
65685
65688
65690
65691
65692
65694
65697
65699
65700
65701
65703
65706
65708
65718
65719
65721
65724
65726
65745
65746
65748
65751
65753
65763
65764
65766
65769
65771
65853
65854
65856
65859
65861
65862
65863
65865
65868
65870
65880
65881
65883
65886
65888
65907
65908
65910
65913
65915
65925
65926
65928
65931
65933
66096
66097
66099
66102
66104
66105
66106
66108
66111
66113
66123
66124
66126
66129
66131
66150
66151
66153
66156
66158
66168
66169
66171
66174
66176
66258
66259
66261
66264
66266
66267
66268
66270
66273
66275
66285
66286
66288
66291
66293
66312
66313
66315
66318
66320
66330
66331
66333
66336
66338
66339
66340
66342
66345
66347
66348
66349
66351
66354
66356
66366
66367
66369
66372
66374
66393
66394
66396
66399
66401
66411
66412
66414
66417
66419
66420
66421
66423
66426
66428
66429
66430
66432
66435
66437
66447
66448
66450
66453
66455
66474
66475
66477
66480
66482
66492
66493
66495
66498
66500
66582
66583
66585
66588
66590
66591
66592
66594
66597
66599
66609
66610
66612
66615
66617
66636
66637
66639
66642
66644
66654
66655
66657
66660
66662
66825
66826
66828
66831
66833
66834
66835
66837
66840
66842
66852
66853
66855
66858
66860
66879
66880
66882
66885
66887
66897
66898
66900
66903
66905
66987
66988
66990
66993
66995
66996
66997
66999
67002
67004
67014
67015
67017
67020
67022
67041
67042
67044
67047
67049
67059
67060
67062
67065
67067
67797
67798
67800
67803
67805
67806
67807
67809
67812
67814
67824
67825
67827
67830
67832
67851
67852
67854
67857
67859
67869
67870
67872
67875
67877
67878
67879
67881
67884
67886
67887
67888
67890
67893
67895
67905
67906
67908
67911
67913
67932
67933
67935
67938
67940
67950
67951
67953
67956
67958
68040
68041
68043
68046
68048
68049
68050
68052
68055
68057
68067
68068
68070
68073
68075
68094
68095
68097
68100
68102
68112
68113
68115
68118
68120
68283
68284
68286
68289
68291
68292
68293
68295
68298
68300
68310
68311
68313
68316
68318
68337
68338
68340
68343
68345
68355
68356
68358
68361
68363
68445
68446
68448
68451
68453
68454
68455
68457
68460
68462
68472
68473
68475
68478
68480
68499
68500
68502
68505
68507
68517
68518
68520
68523
68525
69984
69985
69987
69990
69992
69993
69994
69996
69999
70001
70011
70012
70014
70017
70019
70038
70039
70041
70044
70046
70056
70057
70059
70062
70064
70065
70066
70068
70071
70073
70074
70075
70077
70080
70082
70092
70093
70095
70098
70100
70119
70120
70122
70125
70127
70137
70138
70140
70143
70145
70227
70228
70230
70233
70235
70236
70237
70239
70242
70244
70254
70255
70257
70260
70262
70281
70282
70284
70287
70289
70299
70300
70302
70305
70307
70470
70471
70473
70476
70478
70479
70480
70482
70485
70487
70497
70498
70500
70503
70505
70524
70525
70527
70530
70532
70542
70543
70545
70548
70550
70632
70633
70635
70638
70640
70641
70642
70644
70647
70649
70659
70660
70662
70665
70667
70686
70687
70689
70692
70694
70704
70705
70707
70710
70712
71442
71443
71445
71448
71450
71451
71452
71454
71457
71459
71469
71470
71472
71475
71477
71496
71497
71499
71502
71504
71514
71515
71517
71520
71522
71523
71524
71526
71529
71531
71532
71533
71535
71538
71540
71550
71551
71553
71556
71558
71577
71578
71580
71583
71585
71595
71596
71598
71601
71603
71685
71686
71688
71691
71693
71694
71695
71697
71700
71702
71712
71713
71715
71718
71720
71739
71740
71742
71745
71747
71757
71758
71760
71763
71765
71928
71929
71931
71934
71936
71937
71938
71940
71943
71945
71955
71956
71958
71961
71963
71982
71983
71985
71988
71990
72000
72001
72003
72006
72008
72090
72091
72093
72096
72098
72099
72100
72102
72105
72107
72117
72118
72120
72123
72125
72144
72145
72147
72150
72152
72162
72163
72165
72168
72170
78732
78733
78735
78738
78740
78741
78742
78744
78747
78749
78759
78760
78762
78765
78767
78786
78787
78789
78792
78794
78804
78805
78807
78810
78812
78813
78814
78816
78819
78821
78822
78823
78825
78828
78830
78840
78841
78843
78846
78848
78867
78868
78870
78873
78875
78885
78886
78888
78891
78893
78975
78976
78978
78981
78983
78984
78985
78987
78990
78992
79002
79003
79005
79008
79010
79029
79030
79032
79035
79037
79047
79048
79050
79053
79055
79218
79219
79221
79224
79226
79227
79228
79230
79233
79235
79245
79246
79248
79251
79253
79272
79273
79275
79278
79280
79290
79291
79293
79296
79298
79380
79381
79383
79386
79388
79389
79390
79392
79395
79397
79407
79408
79410
79413
79415
79434
79435
79437
79440
79442
79452
79453
79455
79458
79460
79461
79462
79464
79467
79469
79470
79471
79473
79476
79478
79488
79489
79491
79494
79496
79515
79516
79518
79521
79523
79533
79534
79536
79539
79541
79542
79543
79545
79548
79550
79551
79552
79554
79557
79559
79569
79570
79572
79575
79577
79596
79597
79599
79602
79604
79614
79615
79617
79620
79622
79704
79705
79707
79710
79712
79713
79714
79716
79719
79721
79731
79732
79734
79737
79739
79758
79759
79761
79764
79766
79776
79777
79779
79782
79784
79947
79948
79950
79953
79955
79956
79957
79959
79962
79964
79974
79975
79977
79980
79982
80001
80002
80004
80007
80009
80019
80020
80022
80025
80027
80109
80110
80112
80115
80117
80118
80119
80121
80124
80126
80136
80137
80139
80142
80144
80163
80164
80166
80169
80171
80181
80182
80184
80187
80189
80919
80920
80922
80925
80927
80928
80929
80931
80934
80936
80946
80947
80949
80952
80954
80973
80974
80976
80979
80981
80991
80992
80994
80997
80999
81000
81001
81003
81006
81008
81009
81010
81012
81015
81017
81027
81028
81030
81033
81035
81054
81055
81057
81060
81062
81072
81073
81075
81078
81080
81162
81163
81165
81168
81170
81171
81172
81174
81177
81179
81189
81190
81192
81195
81197
81216
81217
81219
81222
81224
81234
81235
81237
81240
81242
81405
81406
81408
81411
81413
81414
81415
81417
81420
81422
81432
81433
81435
81438
81440
81459
81460
81462
81465
81467
81477
81478
81480
81483
81485
81567
81568
81570
81573
81575
81576
81577
81579
81582
81584
81594
81595
81597
81600
81602
81621
81622
81624
81627
81629
81639
81640
81642
81645
81647
83106
83107
83109
83112
83114
83115
83116
83118
83121
83123
83133
83134
83136
83139
83141
83160
83161
83163
83166
83168
83178
83179
83181
83184
83186
83187
83188
83190
83193
83195
83196
83197
83199
83202
83204
83214
83215
83217
83220
83222
83241
83242
83244
83247
83249
83259
83260
83262
83265
83267
83349
83350
83352
83355
83357
83358
83359
83361
83364
83366
83376
83377
83379
83382
83384
83403
83404
83406
83409
83411
83421
83422
83424
83427
83429
83592
83593
83595
83598
83600
83601
83602
83604
83607
83609
83619
83620
83622
83625
83627
83646
83647
83649
83652
83654
83664
83665
83667
83670
83672
83754
83755
83757
83760
83762
83763
83764
83766
83769
83771
83781
83782
83784
83787
83789
83808
83809
83811
83814
83816
83826
83827
83829
83832
83834
84564
84565
84567
84570
84572
84573
84574
84576
84579
84581
84591
84592
84594
84597
84599
84618
84619
84621
84624
84626
84636
84637
84639
84642
84644
84645
84646
84648
84651
84653
84654
84655
84657
84660
84662
84672
84673
84675
84678
84680
84699
84700
84702
84705
84707
84717
84718
84720
84723
84725
84807
84808
84810
84813
84815
84816
84817
84819
84822
84824
84834
84835
84837
84840
84842
84861
84862
84864
84867
84869
84879
84880
84882
84885
84887
85050
85051
85053
85056
85058
85059
85060
85062
85065
85067
85077
85078
85080
85083
85085
85104
85105
85107
85110
85112
85122
85123
85125
85128
85130
85212
85213
85215
85218
85220
85221
85222
85224
85227
85229
85239
85240
85242
85245
85247
85266
85267
85269
85272
85274
85284
85285
85287
85290
85292
98415
98416
98418
98421
98423
98424
98425
98427
98430
98432
98442
98443
98445
98448
98450
98469
98470
98472
98475
98477
98487
98488
98490
98493
98495
98496
98497
98499
98502
98504
98505
98506
98508
98511
98513
98523
98524
98526
98529
98531
98550
98551
98553
98556
98558
98568
98569
98571
98574
98576
98658
98659
98661
98664
98666
98667
98668
98670
98673
98675
98685
98686
98688
98691
98693
98712
98713
98715
98718
98720
98730
98731
98733
98736
98738
98901
98902
98904
98907
98909
98910
98911
98913
98916
98918
98928
98929
98931
98934
98936
98955
98956
98958
98961
98963
98973
98974
98976
98979
98981
99063
99064
99066
99069
99071
99072
99073
99075
99078
99080
99090
99091
99093
99096
99098
99117
99118
99120
99123
99125
99135
99136
99138
99141
99143
99144
99145
99147
99150
99152
99153
99154
99156
99159
99161
99171
99172
99174
99177
99179
99198
99199
99201
99204
99206
99216
99217
99219
99222
99224
99225
99226
99228
99231
99233
99234
99235
99237
99240
99242
99252
99253
99255
99258
99260
99279
99280
99282
99285
99287
99297
99298
99300
99303
99305
99387
99388
99390
99393
99395
99396
99397
99399
99402
99404
99414
99415
99417
99420
99422
99441
99442
99444
99447
99449
99459
99460
99462
99465
99467
99630
99631
99633
99636
99638
99639
99640
99642
99645
99647
99657
99658
99660
99663
99665
99684
99685
99687
99690
99692
99702
99703
99705
99708
99710
99792
99793
99795
99798
99800
99801
99802
99804
99807
99809
99819
99820
99822
99825
99827
99846
99847
99849
99852
99854
99864
99865
99867
99870
99872
