2
4
5
6
7
8
9
10
11
12
13
14
15
16
17
18
19
20
21
22
23
37
38
39
40
41
43
44
45
46
47
48
49
50
51
52
53
54
55
56
57
58
59
60
61
62
63
64
65
66
67
68
70
71
72
73
74
75
76
77
78
80
81
82
83
84
85
86
87
88
89
90
91
92
93
94
95
96
97
98
99
100
102
103
104
105
106
107
108
109
110
111
112
114
116
117
118
120
121
122
123
124
125
126
127
129
130
132
133
134
135
136
138
139
140
142
143
144
145
147
148
150
151
152
153
154
156
157
161
162
163
164
166
168
171
174
179
181
183
184
189
190
198
199
201
202
204
205
210
211
313
317
318
322
351
352
353
354
363
371
376
380
394
398
399
403
417
421
423
424
426
438
446
447
450
451
452
457
461
468
469
470
475
479
480
484
486
487
492
494
495
496
498
500
502
503
504
505
507
509
510
512
519
525
527
528
531
532
548
556
557
558
559
560
561
564
565
567
568
574
576
577
579
583
584
585
586
588
590
591
593
606
615
616
620
624
625
629
638
639
640
645
648
649
654
656
657
658
660
661
662
665
671
672
674
696
697
698
701
702
703
705
706
707
710
729
730
735
736
737
738
739
741
742
743
744
745
746
750
751
768
776
779
781
783
784
785
788
791
792
793
794
800
801
802
807
810
811
816
817
818
819
820
822
823
824
825
826
827
831
832
837
838
840
841
843
846
847
849
850
851
852
853
855
856
858
859
864
865
872
873
874
876
877
879
880
881
882
883
885
886
912
913
918
919
921
922
927
928
930
931
933
934
939
940
972
973
980
981
982
984
985
987
988
989
993
994
999
1000
1002
1003
1008
1009
1020
1021
1022
1025
1026
1027
1029
1030
1031
1034
1053
1054
1061
1062
1063
1065
1066
1068
1069
1070
1074
1075
1076
1077
1079
1080
1081
1086
1089
1090
1092
1093
1094
1095
1096
1098
1099
1101
1102
1103
1107
1108
1112
1115
1116
1117
1119
1120
1122
1123
1128
1129
1134
1135
1140
1142
1143
1144
1148
1161
1162
1170
1171
1173
1174
1176
1177
1182
1183
1215
1216
1224
1225
1227
1228
1230
1231
1236
1237
1277
1286
1287
1288
1296
1297
1305
1306
1308
1309
1311
1312
1317
1318
1323
1324
1332
1333
1335
1336
1338
1339
1344
1345
1349
1350
1351
1353
1354
1358
1359
1360
1362
1363
1365
1366
1367
1368
1369
1371
1372
1377
1378
1385
1386
1387
1389
1390
1394
1404
1405
1413
1414
1416
1417
1419
1420
1425
1426
1430
1434
1435
1701
1702
1710
1711
1713
1714
1716
1717
1722
1723
1782
1783
1791
1792
1794
1795
1797
1798
1803
1804
1809
1810
1818
1819
1821
1822
1824
1825
1830
1831
1836
1837
1845
1846
1848
1849
1851
1852
1857
1858
1890
1891
1899
1900
1902
1903
1905
1906
1911
1912
