6
7
8
9
10
11
12
13
14
15
17
42
43
44
46
47
48
49
50
51
52
53
54
55
56
57
58
59
60
61
62
63
64
65
66
67
68
69
70
71
72
73
74
75
76
77
78
79
80
81
82
83
84
85
86
87
88
89
90
91
92
93
94
95
96
97
98
99
100
101
102
103
104
105
106
107
108
109
110
111
112
113
114
115
116
117
118
120
121
122
123
124
125
126
127
130
132
133
134
135
136
138
139
140
141
143
151
152
153
154
156
157
159
375
381
384
386
387
388
392
395
400
423
424
425
429
434
436
437
438
439
441
442
443
445
446
447
448
451
454
456
458
459
460
462
463
465
467
468
469
470
474
475
476
477
479
481
483
484
486
487
488
489
492
493
495
496
499
502
504
505
506
507
510
511
512
513
514
515
516
519
520
521
522
523
524
525
526
527
528
529
531
532
534
535
536
537
539
540
541
543
544
545
546
547
548
549
550
553
554
555
556
557
558
561
562
563
564
565
567
568
569
573
574
575
576
577
579
582
583
584
585
586
587
588
589
591
592
593
594
595
596
597
598
599
600
601
603
604
605
606
609
610
611
612
613
615
616
618
619
620
621
622
623
624
625
627
629
630
631
632
634
636
638
639
640
641
642
643
644
645
646
648
649
651
652
653
654
656
657
658
660
661
662
663
664
665
667
669
670
672
673
674
675
676
677
678
679
681
682
684
685
688
689
690
691
692
693
694
695
696
697
698
699
700
702
703
704
705
706
707
708
709
710
711
712
713
715
717
718
719
720
721
722
723
724
725
726
727
729
730
735
736
737
738
739
740
741
742
743
744
745
746
748
750
751
752
753
754
755
756
757
758
759
760
762
763
764
765
766
768
769
771
772
773
774
775
776
781
782
783
784
785
786
789
790
792
793
794
795
796
798
799
800
801
802
804
805
806
807
808
809
810
811
813
815
816
817
818
819
820
821
822
823
824
825
827
828
829
830
831
832
834
835
836
837
838
839
840
841
843
844
845
846
847
850
851
852
853
854
855
856
858
859
861
862
863
864
865
866
868
870
872
873
874
875
876
877
879
880
881
882
883
884
885
886
887
888
890
891
892
893
894
895
896
898
899
900
901
903
904
907
908
912
913
915
916
917
918
919
922
924
925
926
927
928
930
931
936
939
940
941
942
943
944
945
946
948
949
950
951
952
953
954
955
957
958
960
962
963
964
965
966
967
968
970
971
972
973
975
977
978
979
980
981
982
984
986
987
989
990
991
992
994
996
997
998
999
1000
1002
1003
1004
1005
1007
1008
1009
1011
1014
1015
1017
1018
1021
1022
1023
1025
1026
1027
1028
1029
1030
1031
1032
1033
1034
1035
1036
1039
1043
1044
1045
1048
1050
1053
1054
1056
1058
1060
1061
1062
1063
1066
1067
1068
1069
1070
1072
1076
1077
1080
1081
1089
1094
1095
1097
1098
1099
1103
1104
1106
1107
1108
1110
1111
1112
1113
1115
1119
1120
1122
1124
1125
1126
1128
1130
1133
1134
1135
1136
1142
1143
1144
1145
1146
1148
1150
1153
1154
1158
1160
1162
1164
1167
1171
1174
1176
1185
1187
1188
1189
1191
1192
1193
1195
1196
1197
1199
1205
1206
1207
1210
1212
1215
1216
1218
1220
1223
1224
1225
1227
1228
1230
1232
1236
1237
1238
1241
1242
1246
1248
1250
1251
1252
1254
1255
1256
1259
1260
1269
1273
1277
1284
1286
1287
1288
1291
1293
1358
1367
1368
1369
1372
1374
1377
1378
1386
1387
1390
1392
1394
1399
1408
1410
1412
1413
1414
1419
1428
1430
1431
1432
1435
3750
3755
3759
3796
3804
3805
3807
3808
3813
3814
3816
3817
3825
3826
3827
3831
3836
3840
4173
4174
4212
4213
4218
4219
4221
4222
4230
4231
4232
4236
4241
4245
4254
4255
4275
4276
4277
4317
4322
4326
4335
4336
4340
4345
4347
4348
4349
4356
4357
4358
4374
4375
4380
4381
4383
4384
4421
4426
4428
4429
4430
4434
4435
4437
4438
4439
4444
4449
4450
4452
4453
4455
4456
4461
4462
4464
4465
4476
4477
4479
4480
4484
4488
4525
4533
4534
4536
4537
4542
4543
4545
4546
4554
4555
4556
4560
4565
4569
4687
4695
4696
4740
4741
4745
4750
4752
4753
4754
4761
4762
4763
4768
4776
4777
4860
4861
4866
4867
4869
4870
4914
4915
4920
4921
4923
4924
4935
4936
4938
4939
4941
4942
4947
4948
4950
4951
4962
4963
4965
4966
4989
4990
4992
4993
5043
5044
5046
5047
5049
5050
5055
5056
5058
5059
5070
5071
5073
5074
5076
5077
5082
5083
5085
5086
5103
5104
5109
5110
5112
5113
5150
5155
5157
5158
5159
5163
5164
5166
5167
5168
5173
5178
5179
5181
5182
5184
5185
5190
5191
5193
5194
5205
5206
5208
5209
5213
5217
5232
5233
5235
5236
5250
5254
5256
5257
5259
5261
5262
5263
5265
5266
5271
5272
5274
5275
5283
5284
5285
5286
5287
5289
5290
5292
5293
5294
5298
5299
5301
5302
5312
5313
5314
5315
5316
5317
5319
5320
5321
5322
5324
5325
5326
5327
5328
5329
5331
5337
5338
5340
5342
5346
5347
5354
5355
5356
5358
5360
5363
5364
5365
5366
5370
5372
5373
5374
5375
5376
5379
5388
5389
5393
5398
5400
5401
5402
5416
5424
5425
5469
5470
5474
5475
5476
5478
5479
5481
5482
5483
5490
5491
5492
5497
5505
5506
5529
5530
5532
5533
5535
5536
5541
5542
5544
5545
5556
5557
5559
5560
5562
5563
5568
5569
5571
5572
5631
5632
5670
5671
5676
5677
5679
5680
5688
5689
5690
5694
5699
5703
5712
5713
5832
5833
5840
5841
5842
5844
5846
5898
5904
5905
5907
5909
5913
5914
5921
5922
5923
5925
5927
5930
5939
5940
5941
5943
5954
5957
5958
5959
5961
5962
5964
5965
5979
5985
5986
5988
5990
6015
6016
6018
6019
6021
6022
6027
6028
6030
6031
6041
6042
6043
6044
6045
6046
6048
6049
6050
6051
6053
6054
6055
6056
6057
6058
6060
6066
6067
6069
6071
6075
6076
6081
6082
6083
6084
6085
6087
6089
6092
6093
6094
6095
6099
6101
6102
6103
6104
6105
6108
6117
6118
6122
6125
6127
6129
6130
6131
6132
6134
6135
6136
6137
6138
6139
6145
6150
6151
6153
6154
6156
6157
6162
6163
6165
6166
6177
6178
6180
6181
6197
6198
6199
6200
6201
6202
6203
6204
6205
6206
6207
6208
6210
6211
6212
6213
6215
6218
6219
6220
6221
6222
6226
6228
6229
6231
6233
6234
6235
6237
6238
6245
6246
6247
6249
6251
6255
6256
6257
6258
6259
6261
6262
6264
6265
6270
6271
6273
6274
6278
6281
6282
6283
6285
6286
6288
6289
6291
6292
6297
6298
6300
6301
6302
6307
6315
6316
6318
6319
6324
6325
6327
6328
6335
6336
6337
6338
6344
6345
6346
6348
6359
6360
6361
6362
6363
6364
6368
6372
6373
6375
6377
6378
6379
6380
6381
6382
6384
6390
6391
6393
6394
6395
6396
6397
6399
6400
6405
6406
6408
6409
6417
6418
6419
6420
6421
6423
6424
6428
6432
6441
6442
6561
6562
6567
6568
6569
6570
6571
6573
6574
6575
6576
6578
6608
6613
6615
6616
6617
6621
6622
6624
6625
6626
6627
6631
6633
6634
6636
6637
6638
6639
6640
6642
6643
6648
6649
6650
6651
6652
6654
6655
6656
6657
6659
6663
6664
6666
6667
6668
6669
6670
6672
6673
6675
6677
6678
6679
6683
6684
6686
6687
6688
6693
6695
6696
6697
6700
6704
6713
6714
6715
6718
6720
6984
6985
6986
7029
7030
7031
7036
7044
7045
7047
7048
7053
7054
7056
7057
7065
7066
7067
7089
7090
7101
7102
7107
7108
7110
7111
7122
7123
7125
7126
7128
7129
7134
7135
7137
7138
7145
7146
7147
7148
7149
7150
7152
7153
7154
7155
7156
7157
7158
7161
7170
7171
7176
7177
7179
7180
7191
7192
7193
7209
7210
7217
7218
7219
7221
7223
7226
7230
7231
7233
7234
7235
7236
7237
7238
7239
7242
7243
7245
7246
7250
7251
7252
7253
7254
7255
7256
7257
7258
7259
7260
7261
7263
7264
7265
7266
7268
7269
7270
7271
7272
7273
7274
7290
7291
7296
7297
7298
7299
7300
7302
7303
7304
7305
7307
7337
7342
7344
7345
7346
7350
7351
7353
7354
7355
7356
7360
7362
7363
7365
7366
7367
7368
7369
7371
7372
7377
7378
7379
7380
7381
7383
7384
7385
7386
7388
7392
7393
7395
7396
7397
7398
7399
7401
7402
7404
7406
7407
7408
7412
7413
7415
7416
7417
7419
7420
7422
7423
7424
7425
7426
7429
7433
7437
7442
7443
7444
7446
7447
7448
7449
7473
7474
7476
7477
7479
7480
7483
7485
7486
7487
7488
7489
7500
7501
7502
7503
7504
7506
7507
7509
7511
7512
7513
7514
7515
7516
7518
7524
7525
7527
7529
7533
7534
7541
7542
7543
7545
7547
7550
7555
7559
7560
7561
7563
7564
7566
7568
7569
7570
7575
7583
7584
7586
7587
7588
7590
7591
7592
7595
7604
7605
7606
7609
7611
7614
7615
7623
7624
7627
7629
7631
7655
7656
7658
7659
7660
7662
7663
7664
7665
7666
7667
7668
7669
7671
7672
7673
7676
7680
7686
7687
7689
7691
7695
7696
7703
7704
7705
7707
7709
7716
7717
7719
7720
7722
7723
7728
7729
7731
7732
7737
7743
7744
7746
7747
7748
7749
7750
7753
7755
7756
7757
7758
7759
7766
7767
7768
7771
7773
7776
7777
7785
7786
7789
7791
7793
7798
7807
7809
7811
7812
7813
7838
7847
7848
7849
7852
7854
7874
7883
7884
7885
7887
7919
7928
7929
7930
7933
7935
7938
7939
7946
7947
7948
7950
7951
7952
7953
7955
7960
7964
7965
7966
7968
7969
7971
7973
7974
7975
7979
7980
7982
7983
7984
7988
7989
7991
7992
7993
7995
7996
7997
8000
8148
8149
8151
8152
8202
8203
8205
8206
8208
8209
8212
8214
8215
8216
8217
8218
8229
8230
8232
8233
8235
8236
8241
8242
8244
8245
8262
8263
8268
8269
8271
8272
8284
8293
8295
8297
8298
8299
8304
8313
8315
8316
8317
8320
8322
8323
8324
8325
8326
8333
8334
8335
8337
8338
8340
8341
8343
8344
8349
8350
8352
8353
8356
8358
8360
8364
8365
8367
8368
8391
8392
8394
8395
8445
8446
8448
8449
8451
8452
8457
8458
8460
8461
8465
8468
8469
8470
8472
8473
8475
8476
8478
8479
8484
8485
8487
8488
8505
8506
8511
8512
8514
8515
8522
8531
8532
8533
8535
8546
8549
8550
8551
8555
8559
8560
8562
8564
8565
8566
8567
8568
8569
8571
8577
8578
8580
8581
8582
8583
8584
8586
8587
8592
8593
8595
8596
8603
8607
8608
8610
8611
8612
8613
8614
8616
8667
8668
8675
8676
8677
8679
8681
8684
8693
8694
8695
8697
8708
8711
8712
8713
8717
8724
8726
8729
8748
8749
8756
8757
8758
8760
8762
8814
8820
8821
8823
8825
8829
8830
8837
8838
8839
8841
8843
8846
8855
8856
8857
8859
8870
8873
8874
8875
8895
8901
8902
8904
8906
8932
8941
8943
8945
8946
8947
8960
8967
8969
8972
8976
8982
8983
8985
8987
8991
8992
8999
9000
9001
9003
9005
9008
9013
9017
9018
9019
9021
9022
9024
9026
9027
9028
9033
9042
9044
9045
9046
9049
9053
9062
9063
9064
9067
9069
9072
9073
9081
9082
9085
9087
9089
9114
9123
9125
9126
9127
9130
9194
9195
9197
9198
9199
9204
9206
9207
9208
9211
9215
9224
9225
9226
9229
9231
9234
9235
9243
9244
9247
9249
9251
9256
9260
9261
9262
9264
9265
9267
9269
9270
9271
9275
9278
9279
9280
9284
9291
9293
9296
9300
9305
9306
9307
9309
9310
9311
9312
9377
9386
9387
9388
9391
9393
9396
9397
9405
9406
9409
9411
9413
9418
9427
9429
9431
9432
9433
9438
9447
9449
9450
9451
9454
9477
9478
9486
9487
9490
9492
9494
9558
9559
9567
9568
9571
9573
9575
9580
9589
9591
9593
9594
9595
9600
9609
9611
9612
9613
9616
9620
9629
9630
9631
9634
9636
9770
9777
9779
9782
9842
9843
9845
9846
9847
9851
9852
9854
9855
9856
9858
9859
9860
9863
9867
9873
9874
9876
9878
9882
9883
9890
9891
9892
9894
9896
9923
9924
9926
9927
9928
9933
9935
9936
9937
9940
9944
9953
9954
9955
9958
9960
9963
9964
9972
9973
9976
9978
9980
9985
9989
9990
9991
9993
9994
9996
9998
9999
10000
10004
10007
10008
10009
10013
10020
10022
10025
10029
10035
10036
10038
10040
10061
10070
10071
10072
10074
10125
10126
10133
10134
10135
10137
10139
10142
10151
10152
10153
10155
10166
10169
10170
10171
10175
10182
10184
10187
10206
10207
10214
10215
10216
10218
10220
10272
10278
10279
10281
10283
10287
10288
10295
10296
10297
10299
10301
10304
10313
10314
10315
10317
10328
10331
10332
10333
10572
10581
10583
10584
10585
10588
10653
10662
10664
10665
10666
10669
10673
10682
10683
10684
10687
10689
10692
10693
10701
10702
10705
10707
10709
10714
10723
10725
10727
10728
10729
10754
10763
10764
10765
10768
10770
10835
10844
10845
10846
10849
10851
10854
10855
10863
10864
10867
10869
10871
10876
10885
10887
10889
10890
10891
10896
10905
10907
10908
10909
10912
10935
10936
10944
10945
10948
10950
10952
11016
11017
11025
11026
11029
11031
11033
11038
11047
11049
11051
11052
11053
11058
11067
11069
11070
11071
11074
11078
11087
11088
11089
11092
11094
11119
11128
11130
11132
11133
11134
11200
11209
11211
11213
11214
11215
11220
11229
11231
11232
11233
11236
11240
11249
11250
11251
11254
11256
11259
11260
11268
11269
11272
11274
11276
11483
11492
11493
11494
11497
11499
11564
11573
11574
11575
11578
11580
11583
11584
11592
11593
11596
11598
11600
11605
11614
11616
11618
11619
11620
11625
11634
11636
11637
11638
11641
12212
12221
12222
12223
12226
12228
12293
12302
12303
12304
12307
12309
12312
12313
12321
12322
12325
12327
12329
12334
12343
12345
12347
12348
12349
12354
12363
12365
12366
12367
12370
12393
12394
12402
12403
12406
12408
12410
12474
12475
12483
12484
12487
12489
12491
12496
12505
12507
12509
12510
12511
12516
12525
12527
12528
12529
12532
12536
12545
12546
12547
12550
12552
12577
12586
12588
12590
12591
12592
12658
12667
12669
12671
12672
12673
12678
12687
12689
12690
12691
12694
12698
12707
12708
12709
12712
12714
12717
12718
12726
12727
12730
12732
12734
12759
12768
12770
12771
12772
12775
12840
12849
12851
12852
12853
12856
12860
12869
12870
12871
12874
12876
12879
12880
12888
12889
12892
12894
12896
12901
12910
12912
12914
12915
12916
