2
4
5
7
8
9
10
11
13
14
16
17
18
19
20
22
23
25
26
28
29
31
32
34
35
36
37
38
40
41
43
44
45
46
47
49
50
52
53
55
56
58
59
61
62
63
64
65
67
68
70
71
72
73
74
76
77
79
80
81
82
83
85
86
88
89
90
91
92
94
95
97
98
99
100
101
103
104
106
107
109
110
112
113
115
116
117
118
119
121
124
125
126
127
128
130
133
134
136
137
139
140
142
143
144
145
146
148
149
151
152
153
154
155
157
158
160
161
162
163
164
166
167
169
170
171
172
173
175
176
178
180
181
182
184
185
187
188
190
193
194
197
198
199
200
202
203
205
207
208
209
211
212
214
215
217
220
223
225
226
227
229
232
233
234
235
238
239
241
247
250
252
254
256
257
259
260
261
265
266
268
269
271
272
274
277
278
279
280
281
284
286
287
288
289
290
292
293
295
296
298
299
301
302
304
305
306
308
310
313
315
316
317
319
320
323
324
325
326
328
329
331
333
334
335
337
338
340
342
343
344
346
347
349
352
353
355
358
360
361
362
364
365
367
368
369
370
371
373
374
376
377
382
383
385
386
387
388
389
391
392
394
395
396
397
398
400
401
403
405
406
407
409
410
413
414
415
416
418
419
421
422
423
424
425
427
430
431
433
434
437
439
440
441
442
445
446
448
449
450
451
452
454
455
457
458
460
463
464
466
467
468
469
470
472
473
476
477
478
479
482
485
491
494
495
497
499
502
503
504
505
508
509
511
512
514
517
518
520
522
523
527
529
530
531
532
533
535
536
538
539
541
544
545
547
548
549
550
558
559
560
562
567
568
569
571
572
574
576
577
578
580
583
585
586
587
589
592
593
595
598
603
604
605
607
610
612
613
617
622
625
626
628
630
631
632
634
637
643
648
649
650
653
656
657
658
659
661
662
665
666
667
668
671
673
674
676
679
680
683
691
693
694
695
698
713
715
716
720
729
730
731
733
734
736
737
738
739
740
742
743
745
746
747
748
749
751
752
754
755
757
760
761
763
764
765
766
767
769
770
772
773
774
775
776
778
779
781
782
784
787
788
790
791
792
793
794
796
799
801
802
803
810
811
812
814
815
817
818
819
820
821
823
826
828
829
830
832
835
838
841
842
845
846
847
848
850
853
859
863
865
869
871
873
874
875
877
878
880
882
887
891
892
893
895
896
898
899
900
901
902
904
907
909
910
911
913
916
923
926
927
928
929
931
934
940
943
949
952
954
955
956
958
961
962
963
964
965
970
981
982
985
989
1013
1016
1017
1018
1019
1021
1022
1024
1025
1031
1034
1042
1043
1044
1045
1046
1051
1053
1054
1055
1057
1060
1062
1063
1064
1066
1069
1070
1071
1072
1073
1075
1078
1088
1089
1090
1091
1093
1096
1097
1116
1117
1118
1120
1123
1124
1125
1126
1132
1147
1151
1159
1160
1169
1170
1171
1174
1178
1192
1195
1197
1198
1201
1228
1232
1276
1278
1279
1282
1285
1292
1296
1297
1298
1300
1301
1303
1305
1306
1307
1309
1312
1314
1315
1316
1318
1319
1321
1327
1332
1333
1334
1336
1339
1354
1357
1359
1360
1361
1363
1366
1367
1368
1369
1373
1375
1377
1378
1386
1387
1402
1403
1418
1420
1422
1423
1427
1435
1458
1459
1460
1462
1463
1465
1466
1467
1468
1469
1471
1474
1476
1477
1478
1480
1483
1490
1493
1494
1495
1496
1498
1499
1501
1502
1503
1504
1505
1508
1511
1517
1520
1521
1522
1523
1525
1528
1530
1531
1532
1539
1540
1541
1543
1544
1546
1547
1548
1549
1550
1552
1555
1557
1558
1559
1561
1564
1571
1574
1575
1576
1577
1579
1582
1602
1603
1604
1606
1609
1620
1621
1622
1624
1625
1627
1628
1629
1630
1631
1633
1636
1638
1639
1640
1642
1643
1645
1651
1652
1655
1656
1657
1658
1660
1661
1663
1665
1666
1670
1678
1681
1683
1684
1685
1687
1690
1697
1723
1724
1726
1732
1737
1738
1742
1745
1746
1747
1748
1751
1754
1760
1763
1773
1774
1775
1782
1783
1784
1786
1787
1789
1791
1792
1793
1795
1798
1800
1801
1802
1804
1807
1818
1819
1820
1822
1823
1825
1827
1828
1832
1840
1843
1845
1846
1847
1849
1852
1859
1863
1864
1867
1868
1872
1873
1879
1904
1906
1908
1909
1913
1921
1966
1967
1969
1975
1980
1981
2005
2007
2008
2011
2014
2021
2025
2026
2027
2029
2030
2032
2034
2035
2036
2038
2041
2043
2044
2045
2047
2048
2050
2056
2061
2062
2063
2065
2068
2086
2088
2089
2090
2092
2095
2102
2147
2149
2151
2152
2156
2164
2371
2372
2374
2380
2385
2386
2390
2392
2394
2395
2399
2407
2410
2412
2413
2416
2419
2426
2452
2453
2455
2461
2466
2467
2552
2555
2556
2557
2558
2561
2564
2570
2573
2583
2584
2585
2592
2593
2594
2597
2600
2601
2602
2603
2610
2611
2612
2624
2627
2633
2636
2637
2638
2639
2642
2645
2651
2654
2664
2665
2666
2714
2717
2718
2719
2720
2723
2726
2732
2735
2745
2746
2747
2835
2836
2837
2840
2843
2844
2845
2846
2853
2854
2855
2867
2870
2916
2917
2918
2920
2923
2925
2926
2927
2929
2932
2934
2935
2936
2938
2941
2952
2953
2954
2956
2959
2979
2980
2981
2983
2986
2997
2998
2999
3001
3004
3006
3007
3008
3010
3013
3015
3016
3017
3019
3022
3033
3034
3035
3037
3040
3060
3061
3062
3064
3067
3078
3079
3080
3082
3085
3087
3088
3089
3091
3094
3096
3097
3098
3100
3103
3114
3115
3116
3118
3121
3141
3142
3143
3145
3148
3240
3241
3242
3244
3247
3249
3250
3251
3253
3256
3258
3259
3260
3262
3265
3276
3277
3278
3280
3281
3283
3284
3285
3286
3287
3290
3293
3299
3302
3303
3304
3305
3307
3310
3312
3313
3314
3321
3322
3323
3326
3329
3330
3331
3332
3339
3340
3341
3353
3356
3362
3365
3366
3367
3368
3371
3374
3380
3383
3393
3394
3395
3443
3446
3447
3448
3449
3452
3455
3461
3464
3474
3475
3476
3483
3484
3485
3487
3490
3492
3493
3494
3496
3499
3501
3502
3503
3505
3508
3519
3520
3521
3523
3526
3546
3547
3548
3550
3553
3564
3565
3566
3569
3572
3573
3574
3575
3582
3583
3584
3596
3599
3645
3646
3647
3650
3653
3654
3655
3656
3663
3664
3665
3677
3680
3686
3689
3690
3691
3692
3695
3698
3704
3707
3717
3718
3719
3726
3727
3728
3731
3734
3735
3736
3737
3744
3745
3746
3758
3761
3807
3808
3809
3812
3815
3816
3817
3818
3825
3826
3827
3839
3842
3929
3932
3933
3934
3935
3938
3941
3947
3950
3960
3961
3962
4010
4013
4014
4015
4016
4019
4022
4028
4031
4041
4042
4043
4050
4051
4052
4055
4058
4059
4060
4061
4068
4069
4070
4082
4085
4091
4094
4095
4096
4097
4100
4103
4109
4112
4122
4123
4124
4172
4175
4176
4177
4178
4181
4184
4190
4193
4203
4204
4205
4293
4294
4295
4298
4301
4302
4303
4304
4311
4312
4313
4325
4328
4739
4742
4743
4744
4745
4748
4751
4757
4760
4770
4771
4772
4779
4780
4781
4784
4787
4788
4789
4790
4797
4798
4799
4811
4814
4820
4823
4824
4825
4826
4829
4832
4838
4841
4851
4852
4853
4901
4904
4905
4906
4907
4910
4913
4919
4922
4932
4933
4934
5103
5104
5105
5107
5110
5112
5113
5114
5116
5119
5121
5122
5123
5125
5128
5139
5140
5141
5143
5146
5166
5167
5168
5170
5173
5184
5185
5186
5188
5191
5193
5194
5195
5197
5200
5202
5203
5204
5206
5209
5220
5221
5222
5224
5227
5247
5248
5249
5251
5254
5265
5266
5267
5269
5272
5274
5275
5276
5278
5281
5283
5284
5285
5287
5290
5301
5302
5303
5305
5308
5328
5329
5330
5332
5335
5427
5428
5429
5431
5434
5436
5437
5438
5440
5443
5445
5446
5447
5449
5452
5463
5464
5465
5467
5470
5490
5491
5492
5494
5497
5670
5671
5672
5674
5677
5679
5680
5681
5683
5686
5688
5689
5690
5692
5695
5706
5707
5708
5710
5713
5733
5734
5735
5737
5740
6561
6562
6563
6565
6568
6570
6571
6572
6574
6577
6579
6580
6581
6583
6586
6597
6598
6599
6601
6604
6624
6625
6626
6628
6631
6642
6643
6644
6646
6649
6651
6652
6653
6655
6658
6660
6661
6662
6664
6667
6678
6679
6680
6682
6685
6705
6706
6707
6709
6712
6723
6724
6725
6727
6730
6732
6733
6734
6736
6739
6741
6742
6743
6745
6748
6759
6760
6761
6763
6766
6786
6787
6788
6790
6793
6885
6886
6887
6889
6892
6894
6895
6896
6898
6901
6903
6904
6905
6907
6910
6921
6922
6923
6925
6928
6948
6949
6950
6952
6955
7128
7129
7130
7132
7135
7137
7138
7139
7141
7144
7146
7147
7148
7150
7153
7164
7165
7166
7168
7171
7191
7192
7193
7195
7198
7290
7291
7292
7294
7297
7299
7300
7301
7303
7306
7308
7309
7310
7312
7315
7326
7327
7328
7330
7333
7353
7354
7355
7357
7360
7371
7372
7373
7375
7378
7380
7381
7382
7384
7387
7389
7390
7391
7393
7396
7407
7408
7409
7411
7414
7434
7435
7436
7438
7441
7452
7453
7454
7456
7459
7461
7462
7463
7465
7468
7470
7471
7472
7474
7477
7488
7489
7490
7492
7495
7515
7516
7517
7519
7522
7614
7615
7616
7618
7621
7623
7624
7625
7627
7630
7632
7633
7634
7636
7639
7650
7651
7652
7654
7657
7677
7678
7679
7681
7684
7857
7858
7859
7861
7864
7866
7867
7868
7870
7873
7875
7876
7877
7879
7882
7893
7894
7895
7897
7900
7920
7921
7922
7924
7927
8019
8020
8021
8023
8026
8028
8029
8030
8032
8035
8037
8038
8039
8041
8044
8055
8056
8057
8059
8062
8082
8083
8084
8086
8089
8100
8101
8102
8104
8107
8109
8110
8111
8113
8116
8118
8119
8120
8122
8125
8136
8137
8138
8140
8143
8163
8164
8165
8167
8170
8181
8182
8183
8185
8188
8190
8191
8192
8194
8197
8199
8200
8201
8203
8206
8217
8218
8219
8221
8224
8244
8245
8246
8248
8251
8343
8344
8345
8347
8350
8352
8353
8354
8356
8359
8361
8362
8363
8365
8368
8379
8380
8381
8383
8386
8406
8407
8408
8410
8413
8586
8587
8588
8590
8593
8595
8596
8597
8599
8602
8604
8605
8606
8608
8611
8622
8623
8624
8626
8629
8649
8650
8651
8653
8656
9477
9478
9479
9481
9484
9486
9487
9488
9490
9493
9495
9496
9497
9499
9502
9513
9514
9515
9517
9520
9540
9541
9542
9544
9547
9558
9559
9560
9562
9565
9567
9568
9569
9571
9574
9576
9577
9578
9580
9583
9594
9595
9596
9598
9601
9621
9622
9623
9625
9628
9639
9640
9641
9643
9646
9648
9649
9650
9652
9655
9657
9658
9659
9661
9664
9675
9676
9677
9679
9682
9702
9703
9704
9706
9709
9801
9802
9803
9805
9808
9810
9811
9812
9814
9817
9819
9820
9821
9823
9826
9837
9838
9839
9841
9844
9864
9865
9866
9868
9871
