2
3
4
5
6
7
8
9
10
11
12
13
14
15
17
18
19
20
21
22
24
25
26
27
28
29
30
31
32
36
37
41
42
43
44
45
46
47
50
51
54
55
56
57
59
60
61
62
63
64
65
67
68
69
70
71
72
73
74
76
77
78
79
80
81
82
83
84
85
86
87
88
89
90
91
92
93
94
96
98
99
100
101
102
105
107
108
109
111
112
113
116
117
123
130
132
135
136
138
140
146
148
149
150
152
153
154
155
162
163
164
168
169
170
171
172
173
180
181
182
183
189
190
205
211
216
217
219
220
221
228
231
233
234
243
244
246
247
248
252
253
255
258
270
271
273
274
275
279
280
284
287
288
289
293
324
325
327
328
329
333
334
365
368
369
370
374
392
395
396
397
401
405
406
408
409
410
414
415
446
449
450
451
455
486
487
488
492
493
494
495
496
497
504
505
506
540
541
542
546
547
548
549
550
551
558
559
560
567
568
569
573
574
575
576
577
578
585
586
587
648
649
650
654
655
656
657
658
659
666
667
668
729
730
731
732
733
734
735
736
737
738
739
740
741
744
747
748
749
756
757
759
760
761
765
766
770
773
774
775
779
783
784
785
789
790
791
792
793
794
801
802
803
810
811
812
813
814
815
816
817
818
819
820
821
822
825
828
829
830
837
838
840
852
861
864
865
867
879
891
892
893
897
898
899
900
901
902
909
910
911
972
973
975
981
982
984
987
999
1000
1002
1095
1104
1107
1108
1110
1122
1176
1185
1188
1189
1191
1203
1215
1216
1218
1224
1225
1227
1230
1242
1243
1245
1338
1347
1350
1351
1353
1365
1458
1459
1460
1464
1465
1466
1467
1468
1469
1476
1477
1478
1512
1513
1514
1518
1519
1520
1521
1522
1523
1530
1531
1532
1539
1540
1541
1545
1546
1547
1548
1549
1550
1557
1558
1559
1620
1621
1622
1626
1627
1628
1629
1630
1631
1638
1639
1640
2187
2188
2190
2196
2197
2199
2202
2214
2215
2217
2268
2269
2271
2277
2278
2280
2283
2295
2296
2298
2310
2319
2322
2323
2325
2337
2430
2431
2433
2439
2440
2442
2445
2457
2458
2460
