2
3
4
5
6
7
8
9
10
11
12
13
14
15
16
17
18
19
20
21
22
23
24
25
26
27
28
29
30
31
32
33
34
35
36
37
38
39
40
41
42
43
44
45
46
47
48
49
50
51
52
53
54
55
56
57
58
59
60
61
62
63
64
65
66
67
68
69
70
72
73
74
75
76
77
78
79
81
82
83
84
85
86
87
88
89
90
91
92
93
94
95
96
98
99
100
101
102
103
104
105
106
107
108
109
110
111
113
114
115
116
117
118
119
121
122
123
124
125
126
127
128
129
130
131
132
133
134
135
136
137
138
139
140
141
142
144
145
146
147
148
150
151
153
154
155
156
157
162
163
164
165
166
167
168
169
170
171
172
173
174
175
176
177
179
180
181
182
183
184
185
186
187
188
189
190
191
192
194
195
196
197
198
199
200
202
203
204
205
206
207
208
209
210
211
212
213
214
215
216
217
218
220
221
222
223
224
225
226
227
228
230
232
233
234
235
243
244
245
246
248
250
252
253
254
255
261
262
263
264
266
268
270
271
272
273
324
325
326
328
329
330
333
334
335
337
338
339
342
343
344
346
347
348
360
361
362
364
365
366
367
369
370
371
372
373
374
375
376
378
379
380
382
383
384
385
387
388
389
390
392
394
405
406
407
408
409
410
411
412
414
415
416
417
418
419
420
423
424
425
426
427
428
429
430
432
433
434
435
441
442
443
445
446
447
448
450
451
452
453
454
455
456
457
459
460
461
463
464
465
466
468
469
470
471
473
475
486
487
488
490
491
492
495
496
497
499
500
501
504
505
506
508
509
510
522
523
524
526
527
528
531
532
533
535
536
537
540
541
542
544
545
546
729
730
731
733
734
735
738
739
740
742
743
744
747
748
749
751
752
753
765
766
767
769
770
771
774
775
776
778
779
780
783
784
785
787
788
789
810
811
812
814
815
816
819
820
821
823
824
825
828
829
830
832
833
834
846
847
848
850
851
852
855
856
857
859
860
861
864
865
866
868
869
870
891
892
893
895
896
897
900
901
902
904
905
906
909
910
911
913
914
915
927
928
929
931
932
933
936
937
938
940
941
942
945
946
947
949
950
951
