2
4
5
7
8
9
10
11
13
14
16
17
18
19
20
22
23
25
26
28
29
31
32
34
35
36
37
38
40
41
43
44
45
46
47
49
50
52
53
55
56
58
59
61
62
63
64
65
67
68
70
72
73
74
76
77
79
80
81
82
83
85
86
88
89
90
91
92
94
95
97
98
99
100
101
103
104
106
107
112
113
116
117
118
119
121
122
125
126
127
128
130
131
133
134
137
139
144
145
146
148
151
153
154
155
157
158
161
162
163
164
166
167
169
170
171
172
173
175
176
178
179
180
181
182
184
185
187
188
193
194
198
199
200
202
203
205
206
207
208
209
211
212
214
215
221
223
224
225
226
227
229
232
233
234
235
236
238
239
241
242
324
325
326
328
329
331
332
333
334
335
337
338
341
342
343
344
346
347
349
350
360
361
362
364
365
367
368
369
370
371
373
374
376
377
383
385
387
388
389
391
396
397
398
400
401
403
404
405
406
407
409
410
412
413
414
415
416
418
419
422
423
424
425
427
428
430
431
441
442
443
445
446
448
449
450
451
452
454
455
457
458
464
466
468
469
470
472
477
478
479
481
482
484
485
648
649
650
652
653
656
657
658
659
661
662
665
666
667
668
670
671
674
684
685
686
688
689
692
693
694
695
697
698
701
720
721
722
724
725
728
729
730
731
733
734
737
738
739
740
742
743
746
747
748
749
751
752
755
765
766
767
769
770
773
774
775
776
778
779
782
801
802
803
805
806
809
810
811
812
814
815
818
819
820
821
823
824
827
828
829
830
832
833
836
846
847
848
850
851
854
855
856
857
859
860
863
882
883
884
886
887
890
891
892
893
895
896
899
900
901
902
904
905
908
909
910
911
913
914
917
927
928
929
931
932
935
936
937
938
940
941
944
963
964
965
967
968
971
