4
6
7
9
10
13
15
16
19
22
24
25
28
31
33
36
37
40
46
49
51
52
54
55
60
63
64
70
73
76
78
79
81
82
85
87
88
90
91
96
97
105
106
112
114
115
117
118
123
124
130
132
135
136
144
145
150
151
159
160
168
175
186
190
195
196
204
205
208
216
217
225
226
231
232
240
241
274
279
280
283
310
324
325
328
330
333
334
355
360
361
364
438
439
447
448
456
459
460
465
486
487
490
492
493
495
496
501
502
510
519
520
528
529
537
540
541
546
567
568
573
574
576
577
582
583
729
730
733
735
736
738
739
744
745
753
754
760
765
766
769
780
783
784
789
792
793
810
811
814
816
817
819
820
825
826
834
835
864
865
873
874
879
880
888
889
945
946
954
955
960
961
969
970
1167
1168
1176
1177
1215
1216
1221
1222
1224
1225
1230
1231
1239
1240
1248
1249
1257
1258
1296
1297
1302
1303
1305
1306
1311
1312
1320
1321
1350
1351
1359
1360
1365
1366
1374
1375
1431
1432
1440
1441
1446
1447
1455
1456
1944
1945
1953
1954
1959
1960
1968
1969
2025
2026
2034
2035
2040
2041
2049
2050
2079
2080
2088
2089
2094
2095
2103
2104
2160
2161
2169
2170
2175
2176
2184
2185
