2
3
4
5
6
7
9
10
11
12
13
14
15
16
18
19
20
21
22
23
24
25
27
28
29
30
31
33
34
36
37
38
39
41
42
43
45
46
47
48
49
50
51
52
54
55
56
57
58
59
60
61
63
64
65
66
67
68
69
70
73
74
75
76
78
79
81
82
83
84
85
86
87
88
90
91
92
93
95
96
99
100
101
102
104
105
106
108
109
111
123
124
126
127
128
129
130
131
132
135
136
137
138
139
140
141
144
145
146
147
148
150
151
155
156
157
162
163
164
165
166
167
168
171
172
173
174
176
177
180
181
182
183
185
186
189
190
203
205
207
208
209
210
212
213
214
216
217
218
221
222
225
226
228
230
232
243
244
246
248
250
252
253
255
266
268
270
271
273
365
367
369
370
372
374
376
387
388
390
392
394
405
406
407
408
410
411
412
414
415
416
417
419
420
423
424
425
428
429
430
432
433
435
446
448
450
451
452
453
455
456
457
459
460
461
464
465
468
469
471
473
475
486
487
488
491
492
495
496
497
500
501
504
505
506
509
510
531
532
533
536
537
540
541
542
545
546
729
730
731
734
735
738
739
740
743
744
747
748
749
752
753
774
775
776
779
780
783
784
785
788
789
810
811
812
815
816
819
820
821
824
825
828
829
830
833
834
855
856
857
860
861
864
865
866
869
870
891
892
893
896
897
900
901
902
905
906
909
910
911
914
915
936
937
938
941
942
945
946
947
950
951
