2
4
5
7
9
10
11
12
13
14
17
18
19
20
21
22
23
24
25
26
29
35
36
37
41
44
45
46
47
50
51
53
57
62
63
67
68
73
74
75
76
77
78
81
82
83
84
85
86
90
91
92
93
94
97
99
100
101
102
105
106
107
108
109
113
115
117
118
120
121
132
140
141
146
149
153
154
155
162
163
164
170
171
172
173
179
180
181
182
185
186
187
188
197
198
205
213
216
217
218
225
226
227
234
235
236
240
241
242
365
369
370
374
377
405
406
410
414
415
417
418
446
450
451
455
458
473
477
478
482
485
615
729
730
731
734
738
739
740
741
742
747
748
749
753
754
755
770
774
775
779
782
810
811
812
815
819
820
821
822
823
828
829
830
834
835
836
837
838
842
846
847
849
850
891
892
893
900
901
902
909
910
911
915
916
917
945
946
947
954
955
956
963
964
965
969
970
971
972
973
977
981
982
984
985
1013
1017
1018
1022
1025
1053
1054
1058
1062
1063
1065
1066
1080
1081
1085
1089
1090
1092
1093
1458
1459
1460
1467
1468
1469
1476
1477
1478
1482
1483
1484
1539
1540
1541
1548
1549
1550
1557
1558
1559
1563
1564
1565
1620
1621
1622
1629
1630
1631
1638
1639
1640
1644
1645
1646
1674
1675
1676
1683
1684
1685
1692
1693
1694
1698
1699
1700
1944
1945
1946
1953
1954
1955
1962
1963
1964
1968
1969
1970
2025
2026
2027
2034
2035
2036
2043
2044
2045
2049
2050
2051
2106
2107
2108
2115
2116
2117
2124
2125
2126
2130
2131
2132
2160
2161
2162
2169
2170
2171
2178
2179
2180
2184
2185
2186
