2
4
5
6
7
8
9
10
11
12
13
14
15
16
17
18
19
20
21
22
23
24
25
26
28
29
30
31
32
33
34
35
36
37
38
39
40
41
42
43
44
45
46
47
48
49
50
51
52
53
54
55
56
57
58
59
60
61
62
63
64
65
66
67
68
69
70
71
72
73
74
75
76
77
78
79
80
81
82
83
84
85
86
87
88
89
90
91
92
93
94
95
96
97
98
99
100
101
102
103
104
105
106
107
108
109
110
111
112
113
114
115
116
117
118
119
120
121
122
123
124
125
126
127
128
129
130
131
132
133
134
135
136
137
138
139
140
141
142
143
144
145
146
147
148
149
150
151
152
153
154
155
156
157
158
159
160
161
162
163
164
166
168
169
170
171
172
173
174
175
176
177
179
180
181
182
184
185
186
188
189
190
193
194
195
196
197
198
199
200
201
202
203
204
205
207
208
209
210
213
214
215
216
217
222
224
225
226
228
229
231
232
240
241
245
247
252
253
260
261
262
263
265
266
271
274
276
277
279
281
283
285
288
289
290
291
292
293
294
296
297
298
299
300
301
303
304
305
306
307
308
309
310
312
315
316
317
319
320
321
324
325
326
327
328
329
330
331
332
333
334
335
336
337
338
339
340
341
342
343
344
345
346
347
348
350
351
352
355
356
357
358
360
362
363
364
365
366
367
368
369
370
371
372
373
374
375
376
377
378
379
380
381
382
384
385
386
387
388
389
390
391
392
393
394
395
396
397
398
399
400
401
402
403
405
406
407
408
409
410
411
412
413
414
415
416
417
418
419
420
422
423
424
425
426
427
429
430
431
432
433
434
436
438
439
440
441
442
443
444
445
446
447
448
449
450
451
452
453
454
455
456
457
458
459
460
461
462
463
464
465
466
467
468
469
470
471
472
473
474
475
476
477
480
481
482
483
486
487
490
491
492
493
494
495
496
497
498
499
500
501
502
503
504
505
506
507
510
511
512
513
514
515
516
519
520
521
522
523
524
525
526
527
528
529
530
531
532
534
535
537
538
540
541
542
543
546
547
548
549
550
555
556
557
558
559
561
562
563
564
565
566
567
568
570
571
572
573
574
575
576
577
579
580
581
582
583
584
585
586
587
588
589
590
591
592
593
594
595
596
597
598
599
600
603
604
605
606
607
608
609
610
612
613
615
616
617
618
619
620
621
622
623
624
625
626
627
628
629
630
631
634
635
636
637
638
639
640
642
643
644
645
646
647
648
649
650
652
653
654
655
656
657
658
660
661
662
663
664
665
666
667
668
669
670
671
672
673
674
675
676
677
678
679
680
681
682
684
685
686
687
688
689
690
691
692
693
694
695
697
699
700
701
702
703
706
707
708
709
710
711
712
715
716
717
718
719
720
721
723
724
725
726
727
728
729
730
731
733
734
735
736
737
738
739
740
741
742
743
744
745
746
747
748
749
750
751
752
753
754
755
756
757
758
759
760
761
762
763
764
765
766
767
768
769
770
771
772
774
775
777
778
779
780
781
783
784
787
789
790
791
792
793
794
796
797
798
799
800
801
802
803
805
806
807
808
809
810
811
812
813
814
815
816
817
818
819
820
821
822
823
824
825
826
827
828
829
830
831
832
833
834
835
836
837
838
839
840
841
842
843
844
845
846
847
848
849
850
851
852
853
855
856
857
858
859
861
862
864
865
868
870
871
872
873
874
875
876
877
879
880
881
882
883
884
885
886
887
888
889
890
891
892
893
894
895
896
897
898
899
900
901
902
903
904
905
908
909
910
911
912
913
914
915
916
918
919
920
921
922
923
924
925
926
927
928
929
930
931
933
934
935
936
937
938
939
940
942
943
944
945
946
949
950
951
952
953
954
955
957
958
959
960
961
963
964
968
969
970
972
973
974
976
977
978
979
980
981
982
983
984
985
987
988
989
990
991
992
993
996
997
998
999
1000
1001
1002
1006
1007
1008
1009
1010
1011
1014
1015
1016
1017
1018
1019
1021
1022
1023
1024
1025
1026
1027
1030
1031
1032
1033
1034
1035
1036
1037
1039
1040
1041
1043
1044
1045
1049
1050
1053
1054
1059
1060
1062
1063
1065
1066
1068
1069
1070
1071
1072
1077
1078
1079
1080
1081
1084
1085
1086
1087
1088
1089
1090
1092
1093
1095
1096
1097
1098
1099
1104
1105
1106
1107
1108
1111
1112
1113
1114
1115
1116
1117
1119
1120
1121
1122
1124
1125
1126
1131
1132
1134
1135
1142
1143
1144
1146
1147
1149
1150
1151
1152
1158
1159
1160
1161
1162
1163
1164
1167
1168
1169
1170
1171
1176
1177
1178
1180
1183
1185
1186
1188
1189
1192
1194
1197
1198
1200
1201
1203
1204
1205
1206
1207
1212
1213
1215
1216
1221
1222
1223
1224
1225
1227
1228
1230
1231
1232
1239
1240
1241
1247
1248
1249
1252
1255
1256
1257
1264
1269
1270
1272
1273
1275
1276
1277
1278
1279
1284
1285
1286
1287
1288
1293
1294
1295
1296
1297
1302
1303
1304
1305
1306
1308
1309
1311
1312
1313
1320
1321
1323
1324
1332
1333
1335
1336
1349
1350
1351
1356
1357
1358
1359
1360
1365
1366
1367
1368
1369
1374
1375
1376
1377
1378
1379
1383
1384
1385
1386
1387
1392
1393
1394
1395
1404
1408
1413
1414
1431
1432
1437
1438
1439
1440
1441
1444
1446
1447
1448
1449
1450
1455
1456
1457
1458
1459
1460
1466
1467
1468
1469
1470
1475
1476
1477
1478
1520
1529
1530
1531
1538
1539
1540
1541
1547
1548
1549
1550
1551
1556
1557
1558
1559
1560
1563
1566
1567
1568
1569
1570
1571
1572
1575
1576
1584
1585
1610
1611
1612
1616
1619
1620
1621
1622
1624
1625
1628
1629
1630
1631
1632
1633
1634
1637
1638
1639
1640
1642
1643
1644
1651
1652
1653
1654
1656
1657
1662
1663
1665
1666
1674
1675
1678
1679
1680
1687
1688
1689
1737
1738
1746
1747
1755
1756
1759
1760
1761
1768
1769
1770
1779
1782
1783
1791
1792
1801
1824
1825
1833
1834
1836
1837
1840
1841
1842
1845
1846
1848
1849
1850
1851
1860
1863
1864
1872
1873
1905
1906
1914
1915
1917
1918
1926
1927
1929
1930
1932
1933
1941
1942
1944
1945
1953
1954
1956
1957
1959
1960
1968
1969
2025
2026
2034
2035
2037
2038
2040
2041
2049
2050
2052
2053
2061
2062
2064
2065
2067
2068
2076
2077
2079
2080
2088
2089
2091
2092
2148
2149
2157
2158
2160
2161
2169
2170
2172
2173
2175
2176
2184
2185
2316
2321
2324
2325
2348
2349
2350
2357
2358
2359
2367
2368
2388
2396
2397
2461
2466
2470
2506
2507
2511
2512
2515
2516
2542
2547
2551
2573
2577
2582
2602
2610
2611
2612
2619
2620
2621
2625
2628
2629
2634
2635
2645
2648
2649
2654
2658
2661
2662
2663
2664
2667
2668
2673
2674
2677
2679
2682
2683
2691
2692
2693
2700
2701
2702
2706
2709
2710
2711
2715
2716
2721
2735
2739
2744
2745
2748
2753
2768
2769
2773
2774
2778
2781
2782
2783
2785
2814
2830
2831
2859
2866
2871
2875
2876
2880
2911
2912
2916
2917
2920
2921
2922
2925
2926
2947
2949
2952
2953
2956
2957
2958
2959
2961
2963
2964
2965
2970
2971
2974
2988
2991
2996
2997
2998
3001
3003
3005
3006
3007
3012
3013
3018
3019
3034
3035
3036
3044
3045
3046
3050
3051
3052
3053
3054
3055
3057
3060
3061
3066
3067
3072
3077
3078
3079
3086
3087
3088
3096
3097
3099
3100
3105
3106
3109
3111
3114
3115
3117
3120
3121
3125
3126
3131
3134
3135
3147
3148
3153
3154
3159
3160
3167
3168
3169
3178
3183
3190
3195
3199
3235
3236
3240
3241
3244
3245
3271
3276
3280
3281
3285
3286
3289
3290
3316
3317
3321
3322
3325
3326
3327
3330
3331
3335
3336
3348
3349
3350
3354
3357
3358
3361
3362
3363
3364
3366
3367
3370
3371
3374
3377
3378
3383
3387
3390
3391
3392
3393
3396
3397
3402
3403
3406
3408
3411
3412
3420
3421
3422
3429
3430
3431
3435
3438
3439
3440
3444
3445
3450
3451
3456
3457
3460
3464
3468
3473
3474
3477
3482
3483
3484
3487
3489
3492
3493
3498
3499
3503
3504
3505
3510
3511
3512
3520
3521
3522
3532
3537
3538
3541
3543
3545
3546
3547
3549
3552
3553
3554
3555
3558
3559
3560
3585
3586
3588
3591
3592
3595
3600
3604
3605
3609
3640
3641
3645
3646
3649
3650
3651
3654
3655
3676
3681
3685
3686
3690
3691
3694
3695
3696
3699
3700
3721
3722
3726
3727
3730
3731
3732
3734
3735
3736
3740
3741
3745
3763
3764
3765
3767
3771
3772
3773
3774
3775
3776
3777
3779
3780
3781
3782
3783
3795
3796
3801
3806
3807
3808
3815
3816
3817
3825
3826
3828
3829
3834
3835
3838
3840
3843
3844
3846
3849
3850
3854
3855
3860
3863
3864
3876
3877
3882
3883
3888
3889
3892
3894
3896
3897
3898
3906
3907
3908
3921
3924
3925
3930
3931
3935
3936
3937
3941
3942
3943
3944
3945
3946
3951
3952
3964
3965
3969
3970
3973
3974
3975
3978
3979
3984
3985
3986
3990
3991
3993
3994
3995
4000
4002
4003
4005
4009
4010
4011
4014
4015
4018
4019
4023
4024
4027
4029
4032
4033
4045
4046
4050
4051
4054
4055
4056
4059
4060
4064
4065
4066
4067
4074
4075
4076
4086
4090
4091
4095
4096
4099
4100
4101
4104
4105
4110
4121
4122
4125
4131
4132
4135
4136
4137
4140
4141
4145
4146
4149
4150
4151
4155
4158
4159
4160
4168
4169
4177
4180
4181
4182
4185
4186
4191
4193
4197
4202
4203
4206
4211
4232
4233
4234
4239
4240
4241
4261
4266
4267
4270
4272
4275
4276
4281
4282
4287
4314
4315
4320
4321
4324
4326
4329
4330
4335
4336
4362
4363
4368
4369
4374
4375
4378
4379
4380
4381
4382
4383
4384
4389
4390
4391
4405
4407
4410
4411
4414
4415
4416
4417
4419
4420
4422
4423
4424
4425
4428
4429
4432
4434
4435
4436
4437
4438
4443
4444
4445
4446
4447
4450
4451
4452
4453
4454
4455
4456
4459
4460
4461
4462
4463
4464
4465
4469
4470
4471
4472
4474
4496
4497
4500
4501
4504
4505
4506
4509
4510
4515
4516
4517
4518
4519
4524
4525
4526
4527
4528
4533
4534
4535
4569
4570
4578
4582
4590
4591
4599
4600
4607
4608
4642
4643
4650
4651
4659
4663
4666
4671
4672
4675
4680
4681
4698
4699
4702
4704
4707
4708
4713
4714
4715
4719
4720
4722
4723
4724
4731
4732
4747
4752
4753
4756
4758
4761
4762
4767
4768
4773
4800
4801
4806
4807
4810
4860
4861
4866
4867
4868
4869
4870
4875
4876
4877
4914
4915
4920
4921
4922
4923
4924
4929
4930
4931
4932
4933
4938
4939
4940
4941
4942
4947
4948
4949
4950
4951
4956
4957
4958
4989
4995
4996
5001
5002
5003
5004
5005
5010
5011
5012
5013
5014
5019
5020
5021
5022
5023
5024
5028
5029
5030
5031
5032
5037
5038
5039
5046
5076
5077
5082
5083
5084
5085
5086
5091
5092
5093
5094
5095
5100
5101
5102
5103
5104
5109
5110
5111
5112
5113
5118
5119
5120
5157
5158
5163
5164
5165
5166
5167
5172
5173
5174
5175
5176
5181
5182
5183
5184
5185
5190
5191
5192
5193
5194
5199
5200
5201
5226
5230
5238
5239
5244
5245
5246
5247
5248
5253
5254
5255
5256
5257
5262
5263
5264
5298
5299
5307
5311
5319
5320
5328
5329
5336
5337
5371
5372
5379
5380
5388
5392
5475
5529
5535
5536
5537
5538
5546
5547
5556
5570
5589
5590
5595
5596
5597
5598
5599
5604
5605
5606
5625
5626
5627
5628
5634
5635
5637
5643
5644
5649
5650
5651
5652
5653
5658
5659
5660
5661
5662
5667
5668
5669
5670
5671
5676
5677
5678
5679
5680
5685
5686
5687
5694
5695
5696
5701
5702
5703
5706
5707
5715
5716
5718
5724
5725
5728
5729
5730
5731
5732
5733
5734
5737
5738
5739
5740
5741
5742
5743
5748
5749
5750
5751
5752
5753
5757
5758
5759
5760
5761
5766
5767
5768
5775
5790
5798
5805
5806
5809
5810
5811
5812
5813
5814
5815
5818
5819
5820
5821
5822
5823
5824
5826
5829
5830
5831
5832
5833
5834
5838
5839
5840
5841
5842
5843
5844
5847
5848
5849
5850
5851
5852
5861
5869
5870
5871
5886
5887
5892
5893
5894
5895
5896
5901
5902
5903
5904
5905
5910
5911
5912
5913
5914
5915
5919
5920
5921
5922
5923
5928
5929
5930
5955
5959
5967
5968
5973
5974
5975
5976
5977
5982
5983
5984
5985
5986
5991
5992
5993
6027
6028
6036
6040
6048
6049
6151
6152
6156
6157
6160
6161
6187
6192
6196
6197
6201
6202
6205
6206
6232
6233
6237
6238
6241
6242
6250
6251
6259
6260
6261
6268
6269
6270
6299
6318
6319
6324
6325
6326
6327
6328
6331
6332
6333
6334
6335
6340
6341
6342
6343
6344
6349
6350
6351
6352
6354
6355
6356
6357
6363
6364
6366
6372
6373
6378
6379
6380
6381
6382
6387
6388
6389
6390
6391
6396
6397
6398
6399
6400
6405
6406
6407
6408
6409
6414
6415
6416
6423
6424
6425
6430
6431
6432
6435
6436
6444
6445
6447
6453
6454
6457
6458
6459
6460
6461
6462
6463
6466
6467
6468
6469
6470
6471
6472
6477
6478
6479
6480
6481
6482
6486
6487
6488
6489
6490
6495
6496
6497
6504
6534
6535
6538
6539
6540
6541
6542
6543
6544
6547
6548
6549
6550
6551
6552
6553
6558
6559
6560
6561
6562
6563
6565
6567
6568
6569
6570
6571
6572
6573
6574
6575
6576
6577
6578
6579
6580
6581
6583
6584
6585
6586
6594
6597
6598
6603
6604
6609
6610
6615
6616
6619
6621
6622
6623
6624
6625
6630
6631
6632
6633
6634
6639
6640
6641
6642
6643
6644
6646
6648
6649
6650
6651
6652
6653
6654
6655
6656
6657
6658
6659
6660
6661
6662
6663
6664
6665
6666
6667
6669
6670
6671
6672
6673
6674
6675
6678
6679
6681
6682
6684
6685
6687
6688
6693
6694
6696
6697
6702
6703
6704
6705
6706
6708
6709
6711
6712
6713
6714
6715
6720
6721
6722
6723
6724
6725
6731
6732
6733
6734
6735
6736
6737
6740
6741
6742
6743
6745
6746
6747
6754
6755
6756
6759
6760
6765
6766
6768
6769
6774
6775
6777
6778
6786
6787
6789
6790
6792
6793
6801
6802
6999
7000
7008
7012
7047
7048
7053
7054
7055
7056
7057
7062
7063
7064
7071
7072
7073
7080
7081
7101
7102
7107
7108
7109
7110
7111
7116
7117
7118
7119
7120
7125
7126
7127
7128
7129
7134
7135
7136
7137
7138
7143
7144
7145
7152
7153
7154
7176
7182
7183
7186
7187
7188
7189
7190
7191
7192
7195
7196
7197
7198
7199
7200
7201
7206
7207
7208
7209
7210
7211
7215
7216
7217
7218
7219
7224
7225
7226
7263
7264
7267
7268
7269
7270
7271
7272
7273
7276
7277
7278
7279
7280
7281
7282
7287
7288
7289
7290
7291
7292
7296
7297
7298
7299
7300
7301
7302
7303
7304
7305
7306
7307
7308
7309
7310
7312
7313
7314
7315
7344
7345
7350
7351
7352
7353
7354
7359
7360
7361
7362
7363
7368
7369
7370
7371
7372
7373
7377
7378
7379
7380
7381
7382
7383
7384
7385
7386
7387
7388
7389
7390
7391
7392
7393
7394
7395
7396
7398
7399
7400
7401
7402
7403
7404
7407
7408
7410
7411
7413
7414
7416
7417
7422
7423
7425
7426
7431
7432
7433
7434
7435
7437
7438
7440
7441
7442
7443
7444
7449
7450
7451
7452
7453
7454
7460
7461
7462
7463
7464
7465
7466
7469
7470
7471
7472
7473
7474
7475
7476
7479
7480
7481
7482
7483
7484
7485
7488
7489
7490
7491
7494
7495
7497
7498
7503
7504
7506
7507
7510
7511
7512
7515
7516
7518
7519
7520
7521
7522
7530
7531
7533
7534
7535
7541
7542
7543
7544
7545
7546
7548
7549
7550
7551
7552
7553
7554
7557
7558
7560
7561
7562
7563
7569
7570
7578
7579
7587
7588
7591
7592
7593
7600
7601
7602
7611
7614
7615
7623
7624
7626
7627
7629
7630
7638
7639
7641
7642
7650
7651
7653
7654
7656
7657
7665
7666
7668
7669
7672
7673
7674
7677
7678
7680
7681
7682
7683
7692
7695
7696
7704
7705
7737
7738
7746
7747
7749
7750
7758
7759
7761
7762
7764
7765
7773
7774
7776
7777
7782
7783
7784
7785
7786
7788
7789
7791
7792
7793
7800
7801
7830
7831
7836
7837
7838
7839
7840
7845
7846
7847
7848
7849
7854
7855
7856
7857
7858
7863
7864
7865
7866
7867
7869
7870
7872
7873
7874
7881
7882
7884
7885
7893
7894
7896
7897
7911
7912
7917
7918
7919
7920
7921
7926
7927
7928
7929
7930
7935
7936
7937
7938
7939
7940
7944
7945
7946
7947
7948
7953
7954
7955
7992
7993
7998
7999
8000
8001
8002
8007
8008
8009
8010
8011
8016
8017
8018
8019
8020
8021
8027
8028
8029
8030
8031
8036
8037
8038
8039
8081
8090
8091
8092
8099
8100
8101
8102
8108
8109
8110
8111
8112
8117
8118
8119
8120
8121
8124
8127
8128
8129
8130
8131
8132
8133
8136
8137
8145
8146
8171
8172
8173
8180
8181
8182
8183
8189
8190
8191
8192
8193
8194
8195
8198
8199
8200
8201
8202
8203
8204
8205
8208
8209
8210
8211
8212
8213
8214
8217
8218
8219
8220
8226
8227
8235
8236
8239
8240
8241
8248
8249
8250
8262
8263
8264
8270
8271
8272
8273
8274
8279
8280
8281
8282
8283
8289
8290
8291
8292
8298
8299
8300
8301
8307
8308
8310
8316
8317
8320
8321
8322
8329
8330
8331
8340
8343
8344
8352
8353
8354
8355
8360
8361
8362
8363
8364
8370
8371
8372
8373
8381
8382
8385
8386
8394
8395
8397
8398
8401
8402
8403
8406
8407
8409
8410
8411
8412
8421
8424
8425
8433
8434
8437
8438
8446
8447
8448
8455
8456
8457
8466
8467
8475
8476
8478
8479
8487
8488
8490
8491
8493
8494
8502
8503
8505
8506
8514
8515
8517
8518
8519
8520
8521
8527
8528
8529
8530
8536
8537
8538
8541
8542
8550
8551
8559
8560
8586
8587
8595
8596
8598
8599
8601
8602
8610
8611
8613
8614
8617
8618
8619
8622
8623
8625
8626
8628
8629
8631
8632
8637
8638
8640
8641
8649
8650
8652
8653
8709
8710
8718
8719
8721
8722
8730
8731
8733
8734
8736
8737
8745
8746
8748
8749
8750
8756
8757
8758
8759
8760
8761
8763
8764
8765
8766
8767
8768
8772
8773
8810
8819
8820
8821
8828
8829
8830
8831
8837
8838
8839
8840
8841
8842
8844
8845
8846
8847
8848
8849
8850
8853
8854
8856
8857
8858
8859
8865
8866
8868
8869
8871
8872
8880
8881
8883
8884
8892
8893
8895
8896
8900
8901
8902
8909
8910
8911
8912
8918
8919
8920
8921
8922
8927
8928
8929
8930
8931
8937
8938
8939
8940
8948
8949
8952
8953
8961
8962
8964
8965
8973
8974
8976
8977
8979
8980
8988
8989
8991
8992
8993
8999
9000
9001
9002
9003
9008
9009
9010
9011
9012
9018
9019
9020
9021
9069
9072
9073
9081
9082
9130
9131
9132
9139
9140
9141
9150
9153
9154
9162
9163
9166
9167
9175
9176
9177
9184
9185
9186
9234
9235
9243
9244
9247
9248
9256
9257
9258
9265
9266
9267
9270
9271
9279
9280
9288
9289
9339
9346
9347
9348
9351
9352
9360
9361
9369
9370
9373
9374
9375
9382
9383
9384
9393
9450
9451
9454
9455
9456
9463
9464
9465
9474
9477
9478
9486
9487
9489
9490
9491
9492
9493
9499
9500
9501
9502
9555
9558
9559
9567
9568
9570
9571
9572
9573
9574
9580
9581
9582
9583
9585
9586
9594
9595
9597
9598
9600
9601
9609
9610
9612
9613
9621
9622
9624
9625
9681
9682
9690
9691
9693
9694
9702
9703
9705
9706
9708
9709
9717
9718
9720
9721
9729
9730
9732
9733
9735
9736
9744
9745
9801
9802
9810
9811
9813
9814
9816
9817
9825
9826
9828
9829
9837
9838
9840
9841
9843
9844
9847
9852
9853
9855
9856
9864
9865
9867
9868
9891
9897
9898
9899
9906
9907
9908
9915
9916
9924
9925
9928
9933
9934
9936
9937
9945
9946
9948
9949
9951
9952
9960
9961
9963
9964
9969
9970
9971
9972
9973
9975
9976
9978
9979
9980
9987
9988
9999
10000
10008
10009
10017
10018
10044
10045
10053
10054
10056
10057
10059
10060
10068
10069
10071
10072
10075
10076
10077
10080
10081
10083
10084
10089
10090
10098
10099
10102
10103
10104
10111
10112
10113
10122
10179
10180
10183
10184
10185
10192
10193
10194
10203
10206
10207
10215
10216
10219
10220
10228
10229
10284
10287
10288
10296
10297
10300
10301
10309
10310
10572
10573
10581
10582
10584
10585
10593
10594
10596
10597
10653
10654
10662
10663
10665
10666
10674
10675
10677
10678
10680
10681
10689
10690
10692
10693
10701
10702
10704
10705
10707
10708
10716
10717
10773
10774
10782
10783
10785
10786
10788
10789
10797
10798
10800
10801
10809
10810
10812
10813
10815
10816
10824
10825
10827
10828
10836
10837
10839
10840
10896
10897
10905
10906
10908
10909
10917
10918
10920
10921
10923
10924
10932
10933
10935
10936
10941
10942
10943
10944
10945
10947
10948
10950
10951
10952
10959
10960
10989
10990
10995
10996
10997
10998
10999
11004
11005
11006
11007
11008
11013
11014
11015
11016
11017
11022
11023
11024
11025
11026
11028
11029
11031
11032
11033
11040
11041
11043
11044
11052
11053
11055
11056
11058
11059
11067
11068
11070
11071
11076
11077
11078
11079
11080
11082
11083
11085
11086
11087
11088
11089
11094
11095
11096
11139
11140
11148
11149
11151
11152
11160
11161
11163
11164
11166
11167
11175
11176
11421
11422
11427
11428
11429
11430
11431
11436
11437
11438
11475
11476
11481
11482
11483
11484
11485
11490
11491
11492
11493
11494
11499
11500
11501
11502
11503
11508
11509
11510
11511
11512
11517
11518
11519
11556
11557
11562
11563
11564
11565
11566
11571
11572
11573
11574
11575
11580
11581
11582
11583
11584
11589
11590
11591
11592
11593
11598
11599
11600
11637
11638
11643
11644
11645
11646
11647
11652
11653
11654
11655
11656
11661
11662
11663
11664
11665
11670
11671
11672
11673
11674
11676
11677
11679
11680
11681
11688
11689
11718
11719
11724
11725
11726
11727
11728
11733
11734
11735
11736
11737
11742
11743
11744
11745
11746
11751
11752
11753
11754
11755
11757
11758
11760
11761
11762
11769
11770
11772
11773
11781
11782
11784
11785
11787
11788
11796
11797
11799
11800
11805
11806
11807
11808
11809
11811
11812
11814
11815
11816
11817
11818
11823
11824
11825
11868
11869
11877
11878
11880
11881
11889
11890
11892
11893
11895
11896
11904
11905
11907
11908
11916
11917
11919
11920
11922
11923
11931
11932
11988
11989
11997
11998
12000
12001
12003
12004
12012
12013
12015
12016
12024
12025
12027
12028
12150
12151
12156
12157
12158
12159
12160
12165
12166
12167
12204
12205
12210
12211
12212
12213
12214
12219
12220
12221
12222
12223
12228
12229
12230
12231
12232
12237
12238
12239
12240
12241
12246
12247
12248
12285
12286
12291
12292
12293
12294
12295
12300
12301
12302
12303
12304
12309
12310
12311
12312
12313
12314
12318
12319
12320
12321
12322
12327
12328
12329
12366
12367
12372
12373
12374
12375
12376
12381
12382
12383
12384
12385
12390
12391
12392
12393
12394
12395
12399
12400
12401
12402
12403
12404
12405
12408
12409
12410
12411
12412
12413
12447
12448
12453
12454
12455
12456
12457
12462
12463
12464
12465
12466
12471
12472
12473
12474
12475
12476
12480
12481
12482
12483
12484
12489
12490
12491
12528
12529
12534
12535
12536
12537
12538
12543
12544
12545
12546
12547
12552
12553
12554
12879
12880
12885
12886
12887
12888
12889
12894
12895
12896
12933
12934
12939
12940
12941
12942
12943
12948
12949
12950
12951
12952
12957
12958
12959
12960
12961
12966
12967
12968
12969
12970
12975
12976
12977
13014
13015
13020
13021
13022
13023
13024
13029
13030
13031
13032
13033
13038
13039
13040
13041
13042
13047
13048
13049
13050
13051
13056
13057
13058
13095
13096
13101
13102
13103
13104
13105
13110
13111
13112
13113
13114
13119
13120
13121
14067
14068
14071
14072
14073
14080
14081
14082
14130
14131
14139
14140
14148
14149
14152
14153
14154
14161
14162
14163
14172
14175
14176
14184
14185
14233
14234
14235
14242
14243
14244
14253
14256
14257
14265
14266
16404
16405
16413
16414
16416
16417
16425
16426
16428
16429
16485
16486
16494
16495
16497
16498
16506
16507
16509
16510
16512
16513
16521
16522
16524
16525
16533
16534
16536
16537
16539
16540
16548
16549
16605
16606
16614
16615
16617
16618
16620
16621
16629
16630
16632
16633
16641
16642
16644
16645
39366
39367
39372
39373
39374
39375
39376
39381
39382
39383
39420
39421
39426
39427
39428
39429
39430
39435
39436
39437
39438
39439
39444
39445
39446
39447
39448
39453
39454
39455
39456
39457
39462
39463
39464
39501
39502
39507
39508
39509
39510
39511
39516
39517
39518
39519
39520
39525
39526
39527
39852
39853
39858
39859
39860
39861
39862
39867
39868
39869
39906
39907
39912
39913
39914
39915
39916
39921
39922
39923
39924
39925
39930
39931
39932
39933
39934
39939
39940
39941
39942
39943
39948
39949
39950
39987
39988
39993
39994
39995
39996
39997
40002
40003
40004
40005
40006
40011
40012
40013
40014
40015
40020
40021
40022
40023
40024
40029
40030
40031
40068
40069
40074
40075
40076
40077
40078
40083
40084
40085
40086
40087
40092
40093
40094
40095
40096
40101
40102
40103
40104
40105
40110
40111
40112
40149
40150
40155
40156
40157
40158
40159
40164
40165
40166
40167
40168
40173
40174
40175
40176
40177
40182
40183
40184
40185
40186
40191
40192
40193
40230
40231
40236
40237
40238
40239
40240
40245
40246
40247
40248
40249
40254
40255
40256
40581
40582
40587
40588
40589
40590
40591
40596
40597
40598
40635
40636
40641
40642
40643
40644
40645
40650
40651
40652
40653
40654
40659
40660
40661
40662
40663
40668
40669
40670
40671
40672
40677
40678
40679
40716
40717
40722
40723
40724
40725
40726
40731
40732
40733
40734
40735
40740
40741
40742
40743
40744
40749
40750
40751
40752
40753
40758
40759
40760
40797
40798
40803
40804
40805
40806
40807
40812
40813
40814
40815
40816
40821
40822
40823
43740
43741
43746
43747
43748
43749
43750
43755
43756
43757
43794
43795
43800
43801
43802
43803
43804
43809
43810
43811
43812
43813
43818
43819
43820
43821
43822
43827
43828
43829
43830
43831
43836
43837
43838
43875
43876
43881
43882
43883
43884
43885
43890
43891
43892
43893
43894
43899
43900
43901
44226
44227
44232
44233
44234
44235
44236
44241
44242
44243
44280
44281
44286
44287
44288
44289
44290
44295
44296
44297
44298
44299
44304
44305
44306
44307
44308
44313
44314
44315
44316
44317
44322
44323
44324
44361
44362
44367
44368
44369
44370
44371
44376
44377
44378
44379
44380
44385
44386
44387
44388
44389
44394
44395
44396
44397
44398
44403
44404
44405
44442
44443
44448
44449
44450
44451
44452
44457
44458
44459
44460
44461
44466
44467
44468
44469
44470
44475
44476
44477
44478
44479
44484
44485
44486
44523
44524
44529
44530
44531
44532
44533
44538
44539
44540
44541
44542
44547
44548
44549
44550
44551
44556
44557
44558
44559
44560
44565
44566
44567
44604
44605
44610
44611
44612
44613
44614
44619
44620
44621
44622
44623
44628
44629
44630
44955
44956
44961
44962
44963
44964
44965
44970
44971
44972
45009
45010
45015
45016
45017
45018
45019
45024
45025
45026
45027
45028
45033
45034
45035
45036
45037
45042
45043
45044
45045
45046
45051
45052
45053
45090
45091
45096
45097
45098
45099
45100
45105
45106
45107
45108
45109
45114
45115
45116
45117
45118
45123
45124
45125
45126
45127
45132
45133
45134
45171
45172
45177
45178
45179
45180
45181
45186
45187
45188
45189
45190
45195
45196
45197
45198
45199
45204
45205
45206
45207
45208
45213
45214
45215
45252
45253
45258
45259
45260
45261
45262
45267
45268
45269
45270
45271
45276
45277
45278
45279
45280
45285
45286
45287
45288
45289
45294
45295
45296
45333
45334
45339
45340
45341
45342
45343
45348
45349
45350
45351
45352
45357
45358
45359
45684
45685
45690
45691
45692
45693
45694
45699
45700
45701
45738
45739
45744
45745
45746
45747
45748
45753
45754
45755
45756
45757
45762
45763
45764
45765
45766
45771
45772
45773
45774
45775
45780
45781
45782
45819
45820
45825
45826
45827
45828
45829
45834
45835
45836
45837
45838
45843
45844
45845
45846
45847
45852
45853
45854
45855
45856
45861
45862
45863
45900
45901
45906
45907
45908
45909
45910
45915
45916
45917
45918
45919
45924
45925
45926
45927
45928
45933
45934
45935
45936
45937
45942
45943
45944
45981
45982
45987
45988
45989
45990
45991
45996
45997
45998
45999
46000
46005
46006
46007
46008
46009
46014
46015
46016
46017
46018
46023
46024
46025
46062
46063
46068
46069
46070
46071
46072
46077
46078
46079
46080
46081
46086
46087
46088
46413
46414
46419
46420
46421
46422
46423
46428
46429
46430
46467
46468
46473
46474
46475
46476
46477
46482
46483
46484
46485
46486
46491
46492
46493
46494
46495
46500
46501
46502
46503
46504
46509
46510
46511
46548
46549
46554
46555
46556
46557
46558
46563
46564
46565
46566
46567
46572
46573
46574
46575
46576
46581
46582
46583
46584
46585
46590
46591
46592
46629
46630
46635
46636
46637
46638
46639
46644
46645
46646
46647
46648
46653
46654
46655
46656
46657
46662
46663
46664
46665
46666
46671
46672
46673
46710
46711
46716
46717
46718
46719
46720
46725
46726
46727
46728
46729
46734
46735
46736
46737
46738
46743
46744
46745
46746
46747
46752
46753
46754
46791
46792
46797
46798
46799
46800
46801
46806
46807
46808
46809
46810
46815
46816
46817
47142
47143
47148
47149
47150
47151
47152
47157
47158
47159
47196
47197
47202
47203
47204
47205
47206
47211
47212
47213
47214
47215
47220
47221
47222
47223
47224
47229
47230
47231
47232
47233
47238
47239
47240
47277
47278
47283
47284
47285
47286
47287
47292
47293
47294
47295
47296
47301
47302
47303
47304
47305
47310
47311
47312
47313
47314
47319
47320
47321
47358
47359
47364
47365
47366
47367
47368
47373
47374
47375
47376
47377
47382
47383
47384
50301
50302
50307
50308
50309
50310
50311
50316
50317
50318
50355
50356
50361
50362
50363
50364
50365
50370
50371
50372
50373
50374
50379
50380
50381
50382
50383
50388
50389
50390
50391
50392
50397
50398
50399
50436
50437
50442
50443
50444
50445
50446
50451
50452
50453
50454
50455
50460
50461
50462
50787
50788
50793
50794
50795
50796
50797
50802
50803
50804
50841
50842
50847
50848
50849
50850
50851
50856
50857
50858
50859
50860
50865
50866
50867
50868
50869
50874
50875
50876
50877
50878
50883
50884
50885
50922
50923
50928
50929
50930
50931
50932
50937
50938
50939
50940
50941
50946
50947
50948
50949
50950
50955
50956
50957
50958
50959
50964
50965
50966
51003
51004
51009
51010
51011
51012
51013
51018
51019
51020
51021
51022
51027
51028
51029
51030
51031
51036
51037
51038
51039
51040
51045
51046
51047
51084
51085
51090
51091
51092
51093
51094
51099
51100
51101
51102
51103
51108
51109
51110
51111
51112
51117
51118
51119
51120
51121
51126
51127
51128
51165
51166
51171
51172
51173
51174
51175
51180
51181
51182
51183
51184
51189
51190
51191
51516
51517
51522
51523
51524
51525
51526
51531
51532
51533
51570
51571
51576
51577
51578
51579
51580
51585
51586
51587
51588
51589
51594
51595
51596
51597
51598
51603
51604
51605
51606
51607
51612
51613
51614
51651
51652
51657
51658
51659
51660
51661
51666
51667
51668
51669
51670
51675
51676
51677
51678
51679
51684
51685
51686
51687
51688
51693
51694
51695
51732
51733
51738
51739
51740
51741
51742
51747
51748
51749
51750
51751
51756
51757
51758
51759
51760
51765
51766
51767
51768
51769
51774
51775
51776
51813
51814
51819
51820
51821
51822
51823
51828
51829
51830
51831
51832
51837
51838
51839
51840
51841
51846
51847
51848
51849
51850
51855
51856
51857
51894
51895
51900
51901
51902
51903
51904
51909
51910
51911
51912
51913
51918
51919
51920
52245
52246
52251
52252
52253
52254
52255
52260
52261
52262
52299
52300
52305
52306
52307
52308
52309
52314
52315
52316
52317
52318
52323
52324
52325
52326
52327
52332
52333
52334
52335
52336
52341
52342
52343
52380
52381
52386
52387
52388
52389
52390
52395
52396
52397
52398
52399
52404
52405
52406
52407
52408
52413
52414
52415
52416
52417
52422
52423
52424
52461
52462
52467
52468
52469
52470
52471
52476
52477
52478
52479
52480
52485
52486
52487
52488
52489
52494
52495
52496
52497
52498
52503
52504
52505
52542
52543
52548
52549
52550
52551
52552
52557
52558
52559
52560
52561
52566
52567
52568
52569
52570
52575
52576
52577
52578
52579
52584
52585
52586
52623
52624
52629
52630
52631
52632
52633
52638
52639
52640
52641
52642
52647
52648
52649
52974
52975
52980
52981
52982
52983
52984
52989
52990
52991
53028
53029
53034
53035
53036
53037
53038
53043
53044
53045
53046
53047
53052
53053
53054
53055
53056
53061
53062
53063
53064
53065
53070
53071
53072
53109
53110
53115
53116
53117
53118
53119
53124
53125
53126
53127
53128
53133
53134
53135
53136
53137
53142
53143
53144
53145
53146
53151
53152
53153
53190
53191
53196
53197
53198
53199
53200
53205
53206
53207
53208
53209
53214
53215
53216
53217
53218
53223
53224
53225
53226
53227
53232
53233
53234
53271
53272
53277
53278
53279
53280
53281
53286
53287
53288
53289
53290
53295
53296
53297
53298
53299
53304
53305
53306
53307
53308
53313
53314
53315
53352
53353
53358
53359
53360
53361
53362
53367
53368
53369
53370
53371
53376
53377
53378
53703
53704
53709
53710
53711
53712
53713
53718
53719
53720
53757
53758
53763
53764
53765
53766
53767
53772
53773
53774
53775
53776
53781
53782
53783
53784
53785
53790
53791
53792
53793
53794
53799
53800
53801
53838
53839
53844
53845
53846
53847
53848
53853
53854
53855
53856
53857
53862
53863
53864
53865
53866
53871
53872
53873
53874
53875
53880
53881
53882
53919
53920
53925
53926
53927
53928
53929
53934
53935
53936
53937
53938
53943
53944
53945
56862
56863
56868
56869
56870
56871
56872
56877
56878
56879
56916
56917
56922
56923
56924
56925
56926
56931
56932
56933
56934
56935
56940
56941
56942
56943
56944
56949
56950
56951
56952
56953
56958
56959
56960
56997
56998
57003
57004
57005
57006
57007
57012
57013
57014
57015
57016
57021
57022
57023
57348
57349
57354
57355
57356
57357
57358
57363
57364
57365
57402
57403
57408
57409
57410
57411
57412
57417
57418
57419
57420
57421
57426
57427
57428
57429
57430
57435
57436
57437
57438
57439
57444
57445
57446
57483
57484
57489
57490
57491
57492
57493
57498
57499
57500
57501
57502
57507
57508
57509
57510
57511
57516
57517
57518
57519
57520
57525
57526
57527
57564
57565
57570
57571
57572
57573
57574
57579
57580
57581
57582
57583
57588
57589
57590
57591
57592
57597
57598
57599
57600
57601
57606
57607
57608
57645
57646
57651
57652
57653
57654
57655
57660
57661
57662
57663
57664
57669
57670
57671
57672
57673
57678
57679
57680
57681
57682
57687
57688
57689
57726
57727
57732
57733
57734
57735
57736
57741
57742
57743
57744
57745
57750
57751
57752
58077
58078
58083
58084
58085
58086
58087
58092
58093
58094
58131
58132
58137
58138
58139
58140
58141
58146
58147
58148
58149
58150
58155
58156
58157
58158
58159
58164
58165
58166
58167
58168
58173
58174
58175
58212
58213
58218
58219
58220
58221
58222
58227
58228
58229
58230
58231
58236
58237
58238
58239
58240
58245
58246
58247
58248
58249
58254
58255
58256
58293
58294
58299
58300
58301
58302
58303
58308
58309
58310
58311
58312
58317
58318
58319
58320
58321
58326
58327
58328
58329
58330
58335
58336
58337
58374
58375
58380
58381
58382
58383
58384
58389
58390
58391
58392
58393
58398
58399
58400
58401
58402
58407
58408
58409
58410
58411
58416
58417
58418
58455
58456
58461
58462
58463
58464
58465
58470
58471
58472
58473
58474
58479
58480
58481
58806
58807
58812
58813
58814
58815
58816
58821
58822
58823
58860
58861
58866
58867
58868
58869
58870
58875
58876
58877
58878
58879
58884
58885
58886
58887
58888
58893
58894
58895
58896
58897
58902
58903
58904
58941
58942
58947
58948
58949
58950
58951
58956
58957
58958
58959
58960
58965
58966
58967
58968
58969
58974
58975
58976
58977
58978
58983
58984
58985
59022
59023
59028
59029
59030
59031
59032
59037
59038
59039
59040
59041
59046
59047
59048
59049
59050
59055
59056
59057
59058
59059
59064
59065
59066
59103
59104
59109
59110
59111
59112
59113
59118
59119
59120
59121
59122
59127
59128
59129
59130
59131
59136
59137
59138
59139
59140
59145
59146
59147
59184
59185
59190
59191
59192
59193
59194
59199
59200
59201
59202
59203
59208
59209
59210
59535
59536
59541
59542
59543
59544
59545
59550
59551
59552
59589
59590
59595
59596
59597
59598
59599
59604
59605
59606
59607
59608
59613
59614
59615
59616
59617
59622
59623
59624
59625
59626
59631
59632
59633
59670
59671
59676
59677
59678
59679
59680
59685
59686
59687
59688
59689
59694
59695
59696
59697
59698
59703
59704
59705
59706
59707
59712
59713
59714
59751
59752
59757
59758
59759
59760
59761
59766
59767
59768
59769
59770
59775
59776
59777
59778
59779
59784
59785
59786
59787
59788
59793
59794
59795
59832
59833
59838
59839
59840
59841
59842
59847
59848
59849
59850
59851
59856
59857
59858
59859
59860
59865
59866
59867
59868
59869
59874
59875
59876
59913
59914
59919
59920
59921
59922
59923
59928
59929
59930
59931
59932
59937
59938
59939
60264
60265
60270
60271
60272
60273
60274
60279
60280
60281
60318
60319
60324
60325
60326
60327
60328
60333
60334
60335
60336
60337
60342
60343
60344
60345
60346
60351
60352
60353
60354
60355
60360
60361
60362
60399
60400
60405
60406
60407
60408
60409
60414
60415
60416
60417
60418
60423
60424
60425
60426
60427
60432
60433
60434
60435
60436
60441
60442
60443
60480
60481
60486
60487
60488
60489
60490
60495
60496
60497
60498
60499
60504
60505
60506
63423
63424
63429
63430
63431
63432
63433
63438
63439
63440
63477
63478
63483
63484
63485
63486
63487
63492
63493
63494
63495
63496
63501
63502
63503
63504
63505
63510
63511
63512
63513
63514
63519
63520
63521
63558
63559
63564
63565
63566
63567
63568
63573
63574
63575
63576
63577
63582
63583
63584
63909
63910
63915
63916
63917
63918
63919
63924
63925
63926
63963
63964
63969
63970
63971
63972
63973
63978
63979
63980
63981
63982
63987
63988
63989
63990
63991
63996
63997
63998
63999
64000
64005
64006
64007
64044
64045
64050
64051
64052
64053
64054
64059
64060
64061
64062
64063
64068
64069
64070
64071
64072
64077
64078
64079
64080
64081
64086
64087
64088
64125
64126
64131
64132
64133
64134
64135
64140
64141
64142
64143
64144
64149
64150
64151
64152
64153
64158
64159
64160
64161
64162
64167
64168
64169
64206
64207
64212
64213
64214
64215
64216
64221
64222
64223
64224
64225
64230
64231
64232
64233
64234
64239
64240
64241
64242
64243
64248
64249
64250
64287
64288
64293
64294
64295
64296
64297
64302
64303
64304
64305
64306
64311
64312
64313
64638
64639
64644
64645
64646
64647
64648
64653
64654
64655
64692
64693
64698
64699
64700
64701
64702
64707
64708
64709
64710
64711
64716
64717
64718
64719
64720
64725
64726
64727
64728
64729
64734
64735
64736
64773
64774
64779
64780
64781
64782
64783
64788
64789
64790
64791
64792
64797
64798
64799
64800
64801
64806
64807
64808
64809
64810
64815
64816
64817
64854
64855
64860
64861
64862
64863
64864
64869
64870
64871
64872
64873
64878
64879
64880
64881
64882
64887
64888
64889
64890
64891
64896
64897
64898
64935
64936
64941
64942
64943
64944
64945
64950
64951
64952
64953
64954
64959
64960
64961
64962
64963
64968
64969
64970
64971
64972
64977
64978
64979
65016
65017
65022
65023
65024
65025
65026
65031
65032
65033
65034
65035
65040
65041
65042
65367
65368
65373
65374
65375
65376
65377
65382
65383
65384
65421
65422
65427
65428
65429
65430
65431
65436
65437
65438
65439
65440
65445
65446
65447
65448
65449
65454
65455
65456
65457
65458
65463
65464
65465
65502
65503
65508
65509
65510
65511
65512
65517
65518
65519
65520
65521
65526
65527
65528
65529
65530
65535
65536
65537
65538
65539
65544
65545
65546
65583
65584
65589
65590
65591
65592
65593
65598
65599
65600
65601
65602
65607
65608
65609
65610
65611
65616
65617
65618
65619
65620
65625
65626
65627
65664
65665
65670
65671
65672
65673
65674
65679
65680
65681
65682
65683
65688
65689
65690
65691
65692
65697
65698
65699
65700
65701
65706
65707
65708
65745
65746
65751
65752
65753
65754
65755
65760
65761
65762
65763
65764
65769
65770
65771
66096
66097
66102
66103
66104
66105
66106
66111
66112
66113
66150
66151
66156
66157
66158
66159
66160
66165
66166
66167
66168
66169
66174
66175
66176
66177
66178
66183
66184
66185
66186
66187
66192
66193
66194
66231
66232
66237
66238
66239
66240
66241
66246
66247
66248
66249
66250
66255
66256
66257
66258
66259
66264
66265
66266
66267
66268
66273
66274
66275
66312
66313
66318
66319
66320
66321
66322
66327
66328
66329
66330
66331
66336
66337
66338
66339
66340
66345
66346
66347
66348
66349
66354
66355
66356
66393
66394
66399
66400
66401
66402
66403
66408
66409
66410
66411
66412
66417
66418
66419
66420
66421
66426
66427
66428
66429
66430
66435
66436
66437
66474
66475
66480
66481
66482
66483
66484
66489
66490
66491
66492
66493
66498
66499
66500
66825
66826
66831
66832
66833
66834
66835
66840
66841
66842
66879
66880
66885
66886
66887
66888
66889
66894
66895
66896
66897
66898
66903
66904
66905
66906
66907
66912
66913
66914
66915
66916
66921
66922
66923
66960
66961
66966
66967
66968
66969
66970
66975
66976
66977
66978
66979
66984
66985
66986
66987
66988
66993
66994
66995
66996
66997
67002
67003
67004
67041
67042
67047
67048
67049
67050
67051
67056
67057
67058
67059
67060
67065
67066
67067
69984
69985
69990
69991
69992
69993
69994
69999
70000
70001
70038
70039
70044
70045
70046
70047
70048
70053
70054
70055
70056
70057
70062
70063
70064
70065
70066
70071
70072
70073
70074
70075
70080
70081
70082
70119
70120
70125
70126
70127
70128
70129
70134
70135
70136
70137
70138
70143
70144
70145
70470
70471
70476
70477
70478
70479
70480
70485
70486
70487
70524
70525
70530
70531
70532
70533
70534
70539
70540
70541
70542
70543
70548
70549
70550
70551
70552
70557
70558
70559
70560
70561
70566
70567
70568
70605
70606
70611
70612
70613
70614
70615
70620
70621
70622
70623
70624
70629
70630
70631
70632
70633
70638
70639
70640
70641
70642
70647
70648
70649
70686
70687
70692
70693
70694
70695
70696
70701
70702
70703
70704
70705
70710
70711
70712
70713
70714
70719
70720
70721
70722
70723
70728
70729
70730
70767
70768
70773
70774
70775
70776
70777
70782
70783
70784
70785
70786
70791
70792
70793
70794
70795
70800
70801
70802
70803
70804
70809
70810
70811
70848
70849
70854
70855
70856
70857
70858
70863
70864
70865
70866
70867
70872
70873
70874
71199
71200
71205
71206
71207
71208
71209
71214
71215
71216
71253
71254
71259
71260
71261
71262
71263
71268
71269
71270
71271
71272
71277
71278
71279
71280
71281
71286
71287
71288
71289
71290
71295
71296
71297
71334
71335
71340
71341
71342
71343
71344
71349
71350
71351
71352
71353
71358
71359
71360
71361
71362
71367
71368
71369
71370
71371
71376
71377
71378
71415
71416
71421
71422
71423
71424
71425
71430
71431
71432
71433
71434
71439
71440
71441
71442
71443
71448
71449
71450
71451
71452
71457
71458
71459
71496
71497
71502
71503
71504
71505
71506
71511
71512
71513
71514
71515
71520
71521
71522
71523
71524
71529
71530
71531
71532
71533
71538
71539
71540
71577
71578
71583
71584
71585
71586
71587
71592
71593
71594
71595
71596
71601
71602
71603
71928
71929
71934
71935
71936
71937
71938
71943
71944
71945
71982
71983
71988
71989
71990
71991
71992
71997
71998
71999
72000
72001
72006
72007
72008
72009
72010
72015
72016
72017
72018
72019
72024
72025
72026
72063
72064
72069
72070
72071
72072
72073
72078
72079
72080
72081
72082
72087
72088
72089
72090
72091
72096
72097
72098
72099
72100
72105
72106
72107
72144
72145
72150
72151
72152
72153
72154
72159
72160
72161
72162
72163
72168
72169
72170
98415
98416
98421
98422
98423
98424
98425
98430
98431
98432
98469
98470
98475
98476
98477
98478
98479
98484
98485
98486
98487
98488
98493
98494
98495
98496
98497
98502
98503
98504
98505
98506
98511
98512
98513
98550
98551
98556
98557
98558
98559
98560
98565
98566
98567
98568
98569
98574
98575
98576
98901
98902
98907
98908
98909
98910
98911
98916
98917
98918
98955
98956
98961
98962
98963
98964
98965
98970
98971
98972
98973
98974
98979
98980
98981
98982
98983
98988
98989
98990
98991
98992
98997
98998
98999
99036
99037
99042
99043
99044
99045
99046
99051
99052
99053
99054
99055
99060
99061
99062
99063
99064
99069
99070
99071
99072
99073
99078
99079
99080
99117
99118
99123
99124
99125
99126
99127
99132
99133
99134
99135
99136
99141
99142
99143
99144
99145
99150
99151
99152
99153
99154
99159
99160
99161
99198
99199
99204
99205
99206
99207
99208
99213
99214
99215
99216
99217
99222
99223
99224
99225
99226
99231
99232
99233
99234
99235
99240
99241
99242
99279
99280
99285
99286
99287
99288
99289
99294
99295
99296
99297
99298
99303
99304
99305
99630
99631
99636
99637
99638
99639
99640
99645
99646
99647
99684
99685
99690
99691
99692
99693
99694
99699
99700
99701
99702
99703
99708
99709
99710
99711
99712
99717
99718
99719
99720
99721
99726
99727
99728
99765
99766
99771
99772
99773
99774
99775
99780
99781
99782
99783
99784
99789
99790
99791
99792
99793
99798
99799
99800
99801
99802
99807
99808
99809
99846
99847
99852
99853
99854
99855
99856
99861
99862
99863
99864
99865
99870
99871
99872
