2
3
4
5
6
7
9
10
11
12
13
14
15
16
18
19
20
21
22
23
24
25
27
28
29
30
31
32
33
34
36
37
38
39
40
41
42
43
45
46
47
48
49
50
51
52
54
55
56
57
58
59
60
61
63
64
65
66
67
68
69
70
73
74
75
76
77
78
79
81
82
83
84
85
86
87
88
90
91
92
93
95
96
97
99
100
101
102
103
104
105
106
108
109
110
111
112
114
117
118
120
121
122
123
124
126
127
128
129
130
131
132
133
135
136
138
140
141
142
144
146
147
149
150
151
154
155
156
157
162
163
164
165
166
167
168
171
172
173
174
176
177
180
181
182
183
184
189
190
191
192
193
195
196
198
199
201
202
203
204
205
207
208
212
216
217
218
219
221
222
225
226
227
228
230
231
232
235
236
237
238
241
243
244
245
246
247
248
249
250
252
253
254
255
257
258
261
262
263
264
265
266
267
268
270
271
272
273
274
276
277
279
280
282
285
286
288
289
290
292
295
297
298
299
300
301
302
303
304
306
307
311
312
313
316
317
318
319
321
324
325
326
327
328
329
330
331
333
334
336
340
343
345
346
347
348
351
352
353
354
355
358
360
361
363
364
365
366
367
369
370
371
372
374
375
376
378
379
380
381
382
383
384
387
388
389
390
391
392
393
394
397
398
401
402
405
406
407
408
410
411
412
414
415
416
417
418
419
420
421
423
424
426
429
432
435
438
439
441
442
444
446
447
450
451
453
454
455
456
459
460
461
462
464
465
466
468
469
470
471
478
486
487
488
489
490
491
492
493
495
496
497
498
500
501
504
509
511
513
514
516
517
519
520
522
523
524
528
531
532
537
540
541
542
543
544
545
546
547
549
550
555
556
559
561
562
567
568
570
571
573
574
576
577
579
580
592
594
595
599
600
603
604
606
608
609
610
612
613
614
615
616
618
621
622
623
625
628
630
633
634
636
637
643
645
649
650
651
652
657
658
659
660
661
663
664
666
667
669
670
671
672
675
676
677
678
680
681
682
684
685
690
691
693
694
695
696
698
699
702
703
704
705
706
707
708
711
712
715
716
717
721
722
723
724
729
730
731
732
733
734
735
736
738
739
740
741
742
743
744
745
747
748
749
750
751
752
753
756
757
758
759
760
762
763
765
766
768
770
771
772
774
775
776
777
778
779
780
783
784
785
786
787
789
790
792
793
794
795
796
797
798
802
803
804
810
811
812
813
814
815
816
817
819
820
821
822
824
825
828
829
830
831
837
838
839
840
851
852
855
856
860
861
864
865
867
868
870
871
873
875
876
883
884
885
891
892
893
894
896
897
900
901
902
903
909
910
911
912
918
919
920
921
942
945
946
948
949
955
972
973
974
975
976
977
978
981
982
983
984
985
990
991
992
993
999
1000
1001
1002
1008
1011
1012
1015
1022
1026
1036
1037
1042
1045
1046
1050
1053
1054
1058
1062
1080
1083
1094
1095
1096
1098
1099
1101
1102
1103
1104
1107
1108
1114
1116
1117
1118
1126
1127
1134
1135
1139
1140
1143
1144
1148
1149
1152
1155
1156
1161
1162
1164
1168
1170
1175
1176
1177
1179
1180
1184
1185
1188
1189
1193
1194
1202
1203
1215
1216
1220
1221
1222
1224
1225
1229
1230
1231
1236
1237
1260
1261
1269
1274
1275
1276
1278
1283
1284
1285
1290
1291
1296
1297
1314
1315
1323
1328
1333
1341
1342
1350
1386
1387
1388
1392
1395
1396
1400
1401
1404
1409
1414
1458
1459
1460
1461
1467
1468
1469
1470
1476
1477
1478
1479
1485
1486
1487
1488
1531
1532
1533
1539
1540
1541
1542
1548
1549
1550
1551
1557
1558
1559
1560
1566
1567
1568
1569
1620
1621
1622
1623
1629
1630
1631
1632
1638
1639
1640
1641
1642
1647
1648
1649
1650
1654
1656
1662
1663
1701
1702
1703
1704
1708
1710
1711
1712
1713
1716
1717
1719
1720
1721
1722
1723
1728
1729
1730
1731
1762
1764
1770
1771
1776
1777
1782
1783
1791
1792
1797
1805
1806
1814
1824
1825
1830
1831
1836
1837
1843
1845
1863
1864
1872
1873
1878
1922
1923
1931
1932
1944
1945
1969
1971
1972
1974
1977
1989
1990
1993
1996
1998
1999
2001
2003
2004
2012
2013
2017
2020
2023
2025
2026
2039
2040
2043
2044
2047
2050
2052
2062
2067
2070
2093
2109
2112
2115
2116
2117
2118
2120
2121
2124
2125
2133
2135
2136
2144
2161
2162
2170
2187
2188
2189
2190
2191
2193
2194
2196
2197
2198
2199
2205
2206
2207
2208
2212
2214
2215
2216
2217
2218
2220
2221
2223
2224
2236
2239
2241
2242
2244
2245
2247
2248
2250
2251
2260
2263
2266
2268
2269
2270
2271
2272
2274
2275
2277
2278
2279
2280
2286
2287
2288
2289
2291
2295
2296
2297
2298
2313
2319
2322
2341
2349
2350
2351
2352
2358
2359
2360
2361
2367
2368
2369
2370
2376
2377
2378
2379
2396
2404
2405
2406
2409
2412
2422
2430
2431
2432
2433
2434
2436
2437
2439
2440
2441
2442
2448
2449
2450
2451
2455
2457
2458
2459
2460
2461
2463
2464
2466
2467
2479
2482
2484
2485
2487
2488
2489
2490
2491
2493
2494
2498
2511
2512
2514
2515
2517
2518
2520
2521
2539
2548
2565
2570
2584
2604
2610
2613
2625
2628
2630
2639
2649
2652
2655
2656
2665
2673
2674
2676
2677
2679
2680
2682
2683
2698
2700
2701
2703
2704
2706
2707
2709
2710
2715
2718
2724
2727
2728
2730
2731
2733
2734
2736
2737
2741
2746
2754
2755
2757
2758
2760
2761
2763
2764
2768
2769
2791
2796
2799
2812
2817
2818
2820
2821
2824
2838
2844
2847
2848
2851
2859
2864
2865
2873
2886
2889
2890
2891
2893
2899
2916
2917
2919
2920
2922
2923
2925
2926
2928
2929
2943
2944
2946
2947
2949
2950
2952
2953
2957
2958
2961
2962
2966
2970
2971
2973
2974
2976
2977
2979
2980
2989
2993
2994
2997
2998
3000
3001
3002
3003
3004
3006
3007
3030
3034
3038
3039
3066
3070
3074
3075
3108
3117
3129
3132
3133
3136
3151
3152
3159
3160
3163
3168
3171
3172
3186
3189
3195
3198
3199
3202
3223
3224
3229
3232
3233
3237
3240
3241
3281
3282
3285
3286
3290
3291
3294
3295
3317
3318
3321
3322
3326
3327
3330
3331
3335
3336
3354
3358
3362
3363
3366
3367
3371
3372
3375
3376
3390
3394
3398
3399
3402
3403
3407
3408
3411
3412
3416
3417
3438
3441
3442
3445
3458
3459
3466
3467
3472
3480
3483
3484
3492
3493
3501
3507
3510
3511
3514
3519
3530
3531
3539
3540
3541
3546
3549
3550
3553
3573
3574
3582
3609
3610
3614
3618
3645
3646
3650
3651
3654
3655
3659
3660
3682
3686
3687
3690
3691
3695
3696
3699
3700
3718
3722
3723
3726
3727
3731
3732
3735
3736
3740
3741
3750
3753
3754
3757
3762
3767
3768
3771
3772
3776
3777
3780
3781
3784
3789
3792
3793
3796
3799
3800
3807
3808
3819
3820
3823
3831
3837
3846
3858
3861
3862
3865
3880
3881
3888
3889
3915
3918
3927
3938
3942
3974
3978
4010
4011
4014
4015
4019
4020
4023
4024
4046
4047
4050
4051
4055
4056
4059
4060
4064
4065
4091
4092
4095
4096
4100
4101
4104
4105
4131
4132
4136
4137
4140
4141
4145
4146
4149
4158
4187
4188
4195
4196
4221
4222
4230
4259
4260
4268
4269
4374
4375
4377
4378
4379
4380
4381
4383
4384
4388
4389
4401
4402
4404
4405
4407
4408
4410
4411
4415
4416
4419
4420
4424
4425
4428
4429
4431
4432
4434
4435
4437
4438
4455
4456
4458
4459
4460
4461
4462
4464
4465
4469
4470
4496
4497
4500
4501
4505
4506
4509
4510
4617
4618
4620
4621
4623
4624
4626
4627
4644
4645
4647
4648
4650
4651
4653
4654
4671
4672
4674
4675
4677
4678
4680
4681
4698
4699
4701
4702
4704
4705
4707
4708
4860
4861
4863
4864
4866
4867
4869
4870
4887
4888
4890
4891
4893
4894
4896
4897
4914
4915
4917
4918
4920
4921
4923
4924
4929
4930
4935
4936
4941
4942
4944
4945
4947
4948
4950
4951
4983
4984
4989
4990
4995
4996
5002
5004
5043
5044
5049
5050
5056
5058
5064
5065
5103
5104
5106
5107
5109
5110
5112
5113
5118
5119
5124
5125
5130
5131
5133
5134
5136
5137
5139
5140
5157
5158
5160
5161
5163
5164
5166
5167
5184
5185
5187
5188
5190
5191
5193
5194
5369
5370
5378
5383
5391
5392
5436
5437
5442
5450
5451
5459
5469
5470
5475
5476
5481
5482
5488
5490
5508
5509
5517
5518
5523
5529
5530
5535
5536
5542
5544
5550
5551
5567
5568
5576
5577
5589
5590
5596
5598
5604
5605
5610
5611
5650
5652
5658
5659
5664
5665
5670
5671
5905
5906
5907
5913
5914
5915
5916
5922
5923
5924
5931
5932
5967
5972
5973
5978
5979
5981
5982
5986
5987
5988
5994
5995
5996
5997
6003
6004
6005
6015
6016
6021
6022
6028
6030
6031
6036
6037
6039
6040
6048
6051
6053
6054
6059
6060
6067
6068
6069
6075
6076
6077
6078
6082
6084
6090
6091
6096
6097
6098
6099
6107
6112
6120
6121
6132
6136
6138
6140
6141
6144
6145
6148
6149
6150
6151
6156
6157
6165
6166
6171
6179
6180
6188
6198
6199
6204
6205
6210
6211
6217
6219
6561
6562
6563
6564
6565
6566
6567
6568
6570
6571
6572
6573
6575
6576
6577
6579
6580
6581
6582
6583
6584
6585
6588
6589
6590
6591
6592
6594
6595
6597
6598
6602
6603
6606
6607
6611
6612
6615
6616
6618
6619
6621
6622
6624
6625
6629
6630
6631
6634
6635
6636
6637
6642
6643
6644
6645
6646
6647
6648
6649
6651
6652
6653
6654
6656
6657
6660
6661
6662
6663
6669
6670
6671
6672
6683
6684
6685
6687
6688
6690
6691
6692
6693
6696
6697
6701
6702
6703
6705
6707
6708
6710
6711
6715
6716
6717
6723
6724
6725
6726
6732
6733
6734
6735
6741
6742
6743
6744
6745
6750
6751
6752
6753
6757
6759
6760
6765
6766
6768
6769
6777
6780
6782
6783
6788
6789
6796
6797
6798
6804
6805
6806
6807
6808
6810
6811
6813
6814
6815
6816
6822
6823
6824
6825
6831
6832
6833
6834
6835
6837
6838
6840
6841
6858
6859
6861
6862
6864
6865
6867
6868
6885
6886
6888
6889
6891
6892
6894
6895
6926
6927
6930
6931
6935
6936
6939
6940
6966
6967
6971
6972
6975
6976
6980
6981
7007
7008
7011
7012
7016
7017
7020
7021
7047
7048
7050
7051
7052
7053
7054
7056
7057
7061
7062
7074
7075
7077
7078
7080
7081
7083
7084
7101
7102
7104
7105
7107
7108
7110
7111
7128
7129
7131
7132
7134
7135
7137
7138
7160
7165
7173
7174
7182
7218
7219
7220
7224
7227
7228
7232
7233
7236
7241
7246
7290
7291
7292
7293
7294
7295
7296
7297
7299
7300
7301
7302
7304
7305
7308
7309
7310
7311
7313
7314
7317
7318
7319
7320
7321
7323
7324
7326
7327
7331
7332
7335
7336
7340
7341
7344
7345
7347
7348
7350
7351
7353
7354
7358
7359
7363
7364
7365
7371
7372
7373
7374
7375
7376
7377
7378
7380
7381
7382
7383
7385
7386
7389
7390
7391
7392
7398
7399
7400
7401
7412
7413
7416
7417
7421
7422
7425
7426
7436
7437
7444
7445
7446
7452
7453
7454
7455
7461
7462
7463
7464
7470
7471
7472
7473
7479
7480
7481
7482
7533
7534
7535
7536
7542
7543
7544
7545
7551
7552
7553
7554
7560
7561
7562
7563
7655
7656
7659
7660
7664
7665
7668
7669
7695
7696
7700
7701
7704
7705
7709
7710
7736
7737
7740
7741
7745
7746
7749
7750
7776
7777
7781
7782
7785
7786
7790
7791
7875
7876
7884
7947
7948
7949
7956
7957
7965
8019
8020
8021
8022
8028
8029
8030
8031
8037
8038
8039
8040
8046
8047
8048
8049
8092
8093
8094
8100
8101
8102
8103
8109
8110
8111
8112
8118
8119
8120
8121
8127
8128
8129
8130
8181
8182
8183
8184
8190
8191
8192
8193
8199
8200
8201
8202
8208
8209
8210
8211
8262
8263
8264
8265
8271
8272
8273
8274
8280
8281
8282
8283
8289
8290
8291
8292
8748
8749
8750
8751
8757
8758
8759
8760
8766
8767
8768
8769
8775
8776
8777
8778
8829
8830
8831
8832
8838
8839
8840
8841
8847
8848
8849
8850
8856
8857
8858
8859
8910
8911
8912
8913
8919
8920
8921
8922
8928
8929
8930
8931
8937
8938
8939
8940
8991
8992
8993
8994
9000
9001
9002
9003
9009
9010
9011
9012
9018
9019
9020
9021
9842
9843
9846
9847
9851
9852
9855
9856
9882
9883
9887
9888
9891
9892
9896
9897
9923
9924
9927
9928
9932
9933
9936
9937
9963
9964
9968
9969
9972
9973
9977
9978
10206
10207
10211
10212
10215
10216
10220
10221
10247
10248
10251
10252
10256
10257
10260
10261
10287
10288
10292
10293
10296
10297
10301
10302
10328
10329
10332
10333
10337
10338
10341
10342
10571
10572
10575
10576
10580
10581
10584
10585
10611
10612
10616
10617
10620
10621
10625
10626
10652
10653
10656
10657
10661
10662
10665
10666
10692
10693
10697
10698
10701
10702
10706
10707
10935
10936
10940
10941
10944
10945
10949
10950
10976
10977
10980
10981
10985
10986
10989
10990
11016
11017
11021
11022
11025
11026
11030
11031
11057
11058
11061
11062
11066
11067
11070
11071
13122
13123
13124
13125
13131
13132
13133
13134
13140
13141
13142
13143
13149
13150
13151
13152
13203
13204
13205
13206
13212
13213
13214
13215
13221
13222
13223
13224
13230
13231
13232
13233
13284
13285
13286
13287
13293
13294
13295
13296
13302
13303
13304
13305
13311
13312
13313
13314
13365
13366
13367
13368
13374
13375
13376
13377
13383
13384
13385
13386
13392
13393
13394
13395
13851
13852
13853
13854
13860
13861
13862
13863
13869
13870
13871
13872
13878
13879
13880
13881
13932
13933
13934
13935
13941
13942
13943
13944
13950
13951
13952
13953
13959
13960
13961
13962
14013
14014
14015
14016
14022
14023
14024
14025
14031
14032
14033
14034
14040
14041
14042
14043
14094
14095
14096
14097
14103
14104
14105
14106
14112
14113
14114
14115
14121
14122
14123
14124
14580
14581
14582
14583
14589
14590
14591
14592
14598
14599
14600
14601
14607
14608
14609
14610
14661
14662
14663
14664
14670
14671
14672
14673
14679
14680
14681
14682
14688
14689
14690
14691
14742
14743
14744
14745
14751
14752
14753
14754
14760
14761
14762
14763
14769
14770
14771
14772
14823
14824
14825
14826
14832
14833
14834
14835
14841
14842
14843
14844
14850
14851
14852
14853
15309
15310
15311
15312
15318
15319
15320
15321
15327
15328
15329
15330
15336
15337
15338
15339
15390
15391
15392
15393
15399
15400
15401
15402
15408
15409
15410
15411
15417
15418
15419
15420
15471
15472
15473
15474
15480
15481
15482
15483
15489
15490
15491
15492
15498
15499
15500
15501
15552
15553
15554
15555
15561
15562
15563
15564
15570
15571
15572
15573
15579
15580
15581
15582
19683
19684
19685
19686
19687
19689
19690
19692
19693
19694
19695
19701
19702
19703
19704
19710
19711
19712
19713
19714
19716
19717
19719
19720
19737
19738
19740
19741
19743
19744
19746
19747
19764
19765
19766
19767
19768
19770
19771
19773
19774
19775
19776
19782
19783
19784
19785
19791
19792
19793
19794
19845
19846
19847
19848
19854
19855
19856
19857
19863
19864
19865
19866
19872
19873
19874
19875
19926
19927
19928
19929
19930
19932
19933
19935
19936
19937
19938
19944
19945
19946
19947
19953
19954
19955
19956
19957
19959
19960
19962
19963
19980
19981
19983
19984
19986
19987
19989
19990
20007
20008
20010
20011
20013
20014
20016
20017
20169
20170
20172
20173
20175
20176
20178
20179
20196
20197
20199
20200
20202
20203
20205
20206
20223
20224
20226
20227
20229
20230
20232
20233
20250
20251
20253
20254
20256
20257
20259
20260
20412
20413
20414
20415
20416
20418
20419
20421
20422
20423
20424
20430
20431
20432
20433
20439
20440
20441
20442
20443
20445
20446
20448
20449
20466
20467
20469
20470
20472
20473
20475
20476
20493
20494
20495
20496
20497
20499
20500
20502
20503
20504
20505
20511
20512
20513
20514
20520
20521
20522
20523
20574
20575
20576
20577
20583
20584
20585
20586
20592
20593
20594
20595
20601
20602
20603
20604
20655
20656
20657
20658
20664
20665
20666
20667
20673
20674
20675
20676
20682
20683
20684
20685
21141
21142
21143
21144
21150
21151
21152
21153
21159
21160
21161
21162
21168
21169
21170
21171
21222
21223
21224
21225
21231
21232
21233
21234
21240
21241
21242
21243
21249
21250
21251
21252
21303
21304
21305
21306
21312
21313
21314
21315
21321
21322
21323
21324
21330
21331
21332
21333
21384
21385
21386
21387
21393
21394
21395
21396
21402
21403
21404
21405
21411
21412
21413
21414
21870
21871
21872
21873
21874
21876
21877
21879
21880
21881
21882
21888
21889
21890
21891
21897
21898
21899
21900
21901
21903
21904
21906
21907
21924
21925
21927
21928
21930
21931
21933
21934
21951
21952
21953
21954
21955
21957
21958
21960
21961
21962
21963
21969
21970
21971
21972
21978
21979
21980
21981
22032
22033
22034
22035
22041
22042
22043
22044
22050
22051
22052
22053
22059
22060
22061
22062
22113
22114
22115
22116
22117
22119
22120
22122
22123
22124
22125
22131
22132
22133
22134
22140
22141
22142
22143
22144
22146
22147
22149
22150
22167
22168
22170
22171
22173
22174
22176
22177
22194
22195
22197
22198
22200
22201
22203
22204
22356
22357
22359
22360
22362
22363
22365
22366
22383
22384
22386
22387
22389
22390
22392
22393
22410
22411
22413
22414
22416
22417
22419
22420
22437
22438
22440
22441
22443
22444
22446
22447
22599
22600
22602
22603
22605
22606
22608
22609
22626
22627
22629
22630
22632
22633
22635
22636
22653
22654
22656
22657
22659
22660
22662
22663
22680
22681
22683
22684
22686
22687
22689
22690
24057
24058
24060
24061
24063
24064
24066
24067
24084
24085
24087
24088
24090
24091
24093
24094
24111
24112
24114
24115
24117
24118
24120
24121
24138
24139
24141
24142
24144
24145
24147
24148
24300
24301
24303
24304
24306
24307
24309
24310
24327
24328
24330
24331
24333
24334
24336
24337
24354
24355
24357
24358
24360
24361
24363
24364
24381
24382
24384
24385
24387
24388
24390
24391
24543
24544
24546
24547
24549
24550
24552
24553
24570
24571
24573
24574
24576
24577
24579
24580
24597
24598
24600
24601
24603
24604
24606
24607
24624
24625
24627
24628
24630
24631
24633
24634
24786
24787
24789
24790
24792
24793
24795
24796
24813
24814
24816
24817
24819
24820
24822
24823
24840
24841
24843
24844
24846
24847
24849
24850
24867
24868
24870
24871
24873
24874
24876
24877
26244
26245
26247
26248
26250
26251
26253
26254
26271
26272
26274
26275
26277
26278
26280
26281
26298
26299
26301
26302
26304
26305
26307
26308
26325
26326
26328
26329
26331
26332
26334
26335
26487
26488
26490
26491
26493
26494
26496
26497
26514
26515
26517
26518
26520
26521
26523
26524
26541
26542
26544
26545
26547
26548
26550
26551
26568
26569
26571
26572
26574
26575
26577
26578
26730
26731
26733
26734
26736
26737
26739
26740
26757
26758
26760
26761
26763
26764
26766
26767
26784
26785
26787
26788
26790
26791
26793
26794
26811
26812
26814
26815
26817
26818
26820
26821
26973
26974
26976
26977
26979
26980
26982
26983
27000
27001
27003
27004
27006
27007
27009
27010
27027
27028
27030
27031
27033
27034
27036
27037
27054
27055
27057
27058
27060
27061
27063
27064
29525
29526
29529
29530
29534
29535
29538
29539
29565
29566
29570
29571
29574
29575
29579
29580
29606
29607
29610
29611
29615
29616
29619
29620
29646
29647
29651
29652
29655
29656
29660
29661
29889
29890
29894
29895
29898
29899
29903
29904
29930
29931
29934
29935
29939
29940
29943
29944
29970
29971
29975
29976
29979
29980
29984
29985
30011
30012
30015
30016
30020
30021
30024
30025
30254
30255
30258
30259
30263
30264
30267
30268
30294
30295
30299
30300
30303
30304
30308
30309
30335
30336
30339
30340
30344
30345
30348
30349
30375
30376
30380
30381
30384
30385
30389
30390
30618
30619
30623
30624
30627
30628
30632
30633
30659
30660
30663
30664
30668
30669
30672
30673
30699
30700
30704
30705
30708
30709
30713
30714
30740
30741
30744
30745
30749
30750
30753
30754
32805
32806
32810
32811
32814
32815
32819
32820
32846
32847
32850
32851
32855
32856
32859
32860
32886
32887
32891
32892
32895
32896
32900
32901
32927
32928
32931
32932
32936
32937
32940
32941
33170
33171
33174
33175
33179
33180
33183
33184
33210
33211
33215
33216
33219
33220
33224
33225
33251
33252
33255
33256
33260
33261
33264
33265
33291
33292
33296
33297
33300
33301
33305
33306
33534
33535
33539
33540
33543
33544
33548
33549
33575
33576
33579
33580
33584
33585
33588
33589
33615
33616
33620
33621
33624
33625
33629
33630
33656
33657
33660
33661
33665
33666
33669
33670
33899
33900
33903
33904
33908
33909
33912
33913
33939
33940
33944
33945
33948
33949
33953
33954
33980
33981
33984
33985
33989
33990
33993
33994
34020
34021
34025
34026
34029
34030
34034
34035
36086
36087
36090
36091
36095
36096
36099
36100
36126
36127
36131
36132
36135
36136
36140
36141
36167
36168
36171
36172
36176
36177
36180
36181
36207
36208
36212
36213
36216
36217
36221
36222
36450
36451
36455
36456
36459
36460
36464
36465
36491
36492
36495
36496
36500
36501
36504
36505
36531
36532
36536
36537
36540
36541
36545
36546
36572
36573
36576
36577
36581
36582
36585
36586
36815
36816
36819
36820
36824
36825
36828
36829
36855
36856
36860
36861
36864
36865
36869
36870
36896
36897
36900
36901
36905
36906
36909
36910
36936
36937
36941
36942
36945
36946
36950
36951
37179
37180
37184
37185
37188
37189
37193
37194
37220
37221
37224
37225
37229
37230
37233
37234
37260
37261
37265
37266
37269
37270
37274
37275
37301
37302
37305
37306
37310
37311
37314
37315
39366
39367
39371
39372
39375
39376
39380
39381
39407
39408
39411
39412
39416
39417
39420
39421
39447
39448
39452
39453
39456
39457
39461
39462
39488
39489
39492
39493
39497
39498
39501
39502
39731
39732
39735
39736
39740
39741
39744
39745
39771
39772
39776
39777
39780
39781
39785
39786
39812
39813
39816
39817
39821
39822
39825
39826
39852
39853
39857
39858
39861
39862
39866
39867
40095
40096
40100
40101
40104
40105
40109
40110
40136
40137
40140
40141
40145
40146
40149
40150
40176
40177
40181
40182
40185
40186
40190
40191
40217
40218
40221
40222
40226
40227
40230
40231
40460
40461
40464
40465
40469
40470
40473
40474
40500
40501
40505
40506
40509
40510
40514
40515
40541
40542
40545
40546
40550
40551
40554
40555
40581
40582
40586
40587
40590
40591
40595
40596
59049
59050
59051
59052
59058
59059
59060
59061
59067
59068
59069
59070
59076
59077
59078
59079
59130
59131
59132
59133
59139
59140
59141
59142
59148
59149
59150
59151
59157
59158
59159
59160
59211
59212
59213
59214
59220
59221
59222
59223
59229
59230
59231
59232
59238
59239
59240
59241
59292
59293
59294
59295
59301
59302
59303
59304
59310
59311
59312
59313
59319
59320
59321
59322
59778
59779
59780
59781
59787
59788
59789
59790
59796
59797
59798
59799
59805
59806
59807
59808
59859
59860
59861
59862
59868
59869
59870
59871
59877
59878
59879
59880
59886
59887
59888
59889
59940
59941
59942
59943
59949
59950
59951
59952
59958
59959
59960
59961
59967
59968
59969
59970
60021
60022
60023
60024
60030
60031
60032
60033
60039
60040
60041
60042
60048
60049
60050
60051
60507
60508
60509
60510
60516
60517
60518
60519
60525
60526
60527
60528
60534
60535
60536
60537
60588
60589
60590
60591
60597
60598
60599
60600
60606
60607
60608
60609
60615
60616
60617
60618
60669
60670
60671
60672
60678
60679
60680
60681
60687
60688
60689
60690
60696
60697
60698
60699
60750
60751
60752
60753
60759
60760
60761
60762
60768
60769
60770
60771
60777
60778
60779
60780
61236
61237
61238
61239
61245
61246
61247
61248
61254
61255
61256
61257
61263
61264
61265
61266
61317
61318
61319
61320
61326
61327
61328
61329
61335
61336
61337
61338
61344
61345
61346
61347
61398
61399
61400
61401
61407
61408
61409
61410
61416
61417
61418
61419
61425
61426
61427
61428
61479
61480
61481
61482
61488
61489
61490
61491
61497
61498
61499
61500
61506
61507
61508
61509
65610
65611
65612
65613
65619
65620
65621
65622
65628
65629
65630
65631
65637
65638
65639
65640
65691
65692
65693
65694
65700
65701
65702
65703
65709
65710
65711
65712
65718
65719
65720
65721
65772
65773
65774
65775
65781
65782
65783
65784
65790
65791
65792
65793
65799
65800
65801
65802
65853
65854
65855
65856
65862
65863
65864
65865
65871
65872
65873
65874
65880
65881
65882
65883
66339
66340
66341
66342
66348
66349
66350
66351
66357
66358
66359
66360
66366
66367
66368
66369
66420
66421
66422
66423
66429
66430
66431
66432
66438
66439
66440
66441
66447
66448
66449
66450
66501
66502
66503
66504
66510
66511
66512
66513
66519
66520
66521
66522
66528
66529
66530
66531
66582
66583
66584
66585
66591
66592
66593
66594
66600
66601
66602
66603
66609
66610
66611
66612
67068
67069
67070
67071
67077
67078
67079
67080
67086
67087
67088
67089
67095
67096
67097
67098
67149
67150
67151
67152
67158
67159
67160
67161
67167
67168
67169
67170
67176
67177
67178
67179
67230
67231
67232
67233
67239
67240
67241
67242
67248
67249
67250
67251
67257
67258
67259
67260
67311
67312
67313
67314
67320
67321
67322
67323
67329
67330
67331
67332
67338
67339
67340
67341
67797
67798
67799
67800
67806
67807
67808
67809
67815
67816
67817
67818
67824
67825
67826
67827
67878
67879
67880
67881
67887
67888
67889
67890
67896
67897
67898
67899
67905
67906
67907
67908
67959
67960
67961
67962
67968
67969
67970
67971
67977
67978
67979
67980
67986
67987
67988
67989
68040
68041
68042
68043
68049
68050
68051
68052
68058
68059
68060
68061
68067
68068
68069
68070
72171
72172
72173
72174
72180
72181
72182
72183
72189
72190
72191
72192
72198
72199
72200
72201
72252
72253
72254
72255
72261
72262
72263
72264
72270
72271
72272
72273
72279
72280
72281
72282
72333
72334
72335
72336
72342
72343
72344
72345
72351
72352
72353
72354
72360
72361
72362
72363
72414
72415
72416
72417
72423
72424
72425
72426
72432
72433
72434
72435
72441
72442
72443
72444
72900
72901
72902
72903
72909
72910
72911
72912
72918
72919
72920
72921
72927
72928
72929
72930
72981
72982
72983
72984
72990
72991
72992
72993
72999
73000
73001
73002
73008
73009
73010
73011
73062
73063
73064
73065
73071
73072
73073
73074
73080
73081
73082
73083
73089
73090
73091
73092
73143
73144
73145
73146
73152
73153
73154
73155
73161
73162
73163
73164
73170
73171
73172
73173
73629
73630
73631
73632
73638
73639
73640
73641
73647
73648
73649
73650
73656
73657
73658
73659
73710
73711
73712
73713
73719
73720
73721
73722
73728
73729
73730
73731
73737
73738
73739
73740
73791
73792
73793
73794
73800
73801
73802
73803
73809
73810
73811
73812
73818
73819
73820
73821
73872
73873
73874
73875
73881
73882
73883
73884
73890
73891
73892
73893
73899
73900
73901
73902
74358
74359
74360
74361
74367
74368
74369
74370
74376
74377
74378
74379
74385
74386
74387
74388
74439
74440
74441
74442
74448
74449
74450
74451
74457
74458
74459
74460
74466
74467
74468
74469
74520
74521
74522
74523
74529
74530
74531
74532
74538
74539
74540
74541
74547
74548
74549
74550
74601
74602
74603
74604
74610
74611
74612
74613
74619
74620
74621
74622
74628
74629
74630
74631
78732
78733
78734
78735
78741
78742
78743
78744
78750
78751
78752
78753
78759
78760
78761
78762
78813
78814
78815
78816
78822
78823
78824
78825
78831
78832
78833
78834
78840
78841
78842
78843
78894
78895
78896
78897
78903
78904
78905
78906
78912
78913
78914
78915
78921
78922
78923
78924
78975
78976
78977
78978
78984
78985
78986
78987
78993
78994
78995
78996
79002
79003
79004
79005
79461
79462
79463
79464
79470
79471
79472
79473
79479
79480
79481
79482
79488
79489
79490
79491
79542
79543
79544
79545
79551
79552
79553
79554
79560
79561
79562
79563
79569
79570
79571
79572
79623
79624
79625
79626
79632
79633
79634
79635
79641
79642
79643
79644
79650
79651
79652
79653
79704
79705
79706
79707
79713
79714
79715
79716
79722
79723
79724
79725
79731
79732
79733
79734
80190
80191
80192
80193
80199
80200
80201
80202
80208
80209
80210
80211
80217
80218
80219
80220
80271
80272
80273
80274
80280
80281
80282
80283
80289
80290
80291
80292
80298
80299
80300
80301
80352
80353
80354
80355
80361
80362
80363
80364
80370
80371
80372
80373
80379
80380
80381
80382
80433
80434
80435
80436
80442
80443
80444
80445
80451
80452
80453
80454
80460
80461
80462
80463
80919
80920
80921
80922
80928
80929
80930
80931
80937
80938
80939
80940
80946
80947
80948
80949
81000
81001
81002
81003
81009
81010
81011
81012
81018
81019
81020
81021
81027
81028
81029
81030
81081
81082
81083
81084
81090
81091
81092
81093
81099
81100
81101
81102
81108
81109
81110
81111
81162
81163
81164
81165
81171
81172
81173
81174
81180
81181
81182
81183
81189
81190
81191
81192
