6
7
9
10
11
12
13
14
16
47
48
52
54
55
56
57
58
59
60
61
63
64
65
66
67
68
69
70
73
74
75
76
77
78
79
81
82
83
84
85
86
87
90
91
92
93
94
95
96
97
99
100
101
102
103
104
105
106
108
109
110
111
113
114
115
117
118
119
120
121
123
124
126
127
129
131
140
142
144
145
462
463
507
513
514
515
516
517
522
523
524
525
526
528
531
532
533
534
535
543
544
553
585
586
587
590
591
598
599
600
603
604
605
606
607
609
612
613
614
615
616
618
619
621
622
623
624
625
626
632
634
635
636
675
676
684
685
687
688
690
693
694
695
696
697
699
700
702
703
704
705
706
707
711
712
713
714
715
716
717
723
724
725
726
727
729
730
738
739
740
741
742
743
745
786
787
788
794
796
797
798
804
805
806
807
808
810
811
819
820
821
822
823
824
826
828
829
830
831
832
833
834
835
837
838
840
842
843
844
846
847
849
850
853
855
856
858
859
860
861
862
869
871
873
874
876
885
887
889
891
892
900
901
902
909
910
911
914
915
918
919
923
924
927
928
930
931
933
936
937
939
940
942
943
945
946
954
955
957
958
966
967
968
969
970
972
973
981
982
984
985
986
988
999
1000
1002
1004
1006
1015
1017
1018
1020
1022
1031
1033
1035
1036
1047
1048
1050
1051
1053
1054
1062
1063
1065
1066
1074
1075
1077
1078
1080
1081
1089
1090
1092
1093
1103
1112
1114
1116
1117
1119
1128
1130
1132
1134
1135
1143
1144
1146
1148
1150
1161
1162
1164
1166
1168
1177
1179
1180
1182
1249
1258
1260
1261
1263
1265
1274
1276
1278
1279
1281
1290
1292
1294
1296
1297
1305
1306
1308
1310
1312
