2
4
5
7
8
9
10
11
13
14
16
17
18
19
20
22
23
25
26
28
29
31
32
34
35
36
37
38
40
41
43
44
45
46
47
49
50
52
53
55
58
59
61
62
63
64
65
67
68
70
72
73
74
77
80
81
82
83
85
86
88
89
90
91
92
94
97
99
100
101
103
106
107
113
116
117
118
119
121
124
125
130
133
142
144
145
146
148
151
158
162
163
164
166
167
169
170
171
172
173
175
178
180
181
182
184
185
187
193
194
197
198
199
200
202
203
205
207
208
212
220
223
225
226
227
229
232
239
284
287
288
289
290
293
296
302
305
315
316
317
324
325
326
328
331
333
334
335
337
340
342
343
344
346
349
360
361
362
364
365
367
368
369
370
371
374
377
383
386
387
388
389
391
394
396
397
398
405
406
407
410
413
414
415
416
423
424
425
437
440
446
449
450
451
452
455
458
464
467
477
478
479
567
568
569
571
574
576
577
578
580
583
585
586
587
589
592
603
604
605
607
610
630
631
632
634
637
729
730
731
733
736
738
739
740
742
745
747
748
749
751
754
765
766
767
769
772
792
793
794
796
799
810
811
812
814
817
819
820
821
823
826
828
829
830
832
835
846
847
848
850
853
873
874
875
877
880
891
892
893
895
898
900
901
902
904
907
909
910
911
913
916
927
928
929
931
934
954
955
956
958
961
