2
3
4
5
6
7
8
9
10
11
12
13
15
16
17
18
19
20
21
22
23
24
25
26
27
28
29
30
31
33
34
35
36
37
39
40
41
42
43
44
45
46
47
50
51
53
54
55
60
61
62
63
64
65
66
68
69
70
71
72
73
74
75
76
77
78
79
81
82
83
84
85
86
87
88
89
90
91
93
94
95
96
97
98
100
102
103
104
105
106
107
109
110
111
112
113
114
115
116
117
118
121
123
125
132
134
135
136
138
139
141
143
145
146
151
152
153
154
155
157
158
159
161
162
163
164
167
170
171
172
177
178
181
184
186
187
189
190
191
195
196
198
199
202
205
207
210
211
212
213
214
215
216
217
219
222
223
225
226
227
228
230
233
234
235
237
238
240
241
242
243
244
246
248
249
250
252
253
254
256
257
258
260
261
262
263
265
267
269
270
271
272
273
274
276
277
279
285
287
289
292
293
294
296
297
298
300
301
302
303
304
305
306
307
308
310
311
312
313
315
316
319
321
323
324
325
328
333
334
336
337
339
341
345
347
348
350
351
352
353
357
358
359
360
361
364
396
397
404
405
406
408
410
414
415
486
487
492
493
495
496
507
508
510
511
540
541
546
547
549
550
561
562
564
565
567
568
573
574
576
577
588
589
591
592
641
646
659
666
667
668
672
675
676
677
681
682
684
685
696
697
699
700
702
703
708
709
711
712
713
717
718
722
723
724
726
727
729
730
732
733
734
735
736
738
739
742
744
746
750
751
753
754
755
756
757
758
762
763
764
765
766
768
769
773
774
775
783
784
789
790
792
793
803
804
805
807
808
810
811
813
814
815
816
817
819
820
822
823
825
827
831
832
833
834
835
836
837
838
843
845
846
847
850
852
854
860
861
863
864
865
867
868
869
872
878
882
883
886
888
890
917
918
919
924
925
926
927
928
930
935
936
937
939
940
942
943
945
946
951
952
954
955
966
967
969
970
1014
1016
1023
1025
1026
1027
1030
1044
1045
1048
1050
1052
1053
1054
1057
1062
1063
1066
1068
1070
1086
1088
1089
1090
1093
1095
1097
1104
1106
1107
1108
1111
1125
1126
1129
1131
1133
1176
1178
1185
1187
1188
1189
1192
1206
1207
1210
1212
1214
1215
1216
1219
1224
1225
1228
1230
1232
1248
1250
1251
1252
1255
1377
1378
1381
1386
1387
1390
1392
1394
1410
1412
1413
1414
1417
1419
1421
1428
1430
1431
1432
1435
1449
1450
1453
1455
1457
1701
1702
1707
1708
1710
1711
1722
1723
1725
1726
1755
1756
1761
1762
1764
1765
1776
1777
1779
1780
1782
1783
1788
1789
1791
1792
1803
1804
1806
1807
1890
1891
1896
1897
1899
1900
1911
1912
1914
1915
1917
1918
1923
1924
1926
1927
1938
1939
1941
1942
1944
1945
1950
1951
1953
1954
1965
1966
1968
1969
1998
1999
2004
2005
2007
2008
2019
2020
2022
2023
2025
2026
2031
2032
2034
2035
2046
2047
2049
2050
2133
2134
2139
2140
2142
2143
2154
2155
2157
2158
2160
2161
2166
2167
2169
2170
2181
2182
2184
2185
2553
2555
2562
2564
2565
2566
2569
2583
2584
2587
2589
2591
2634
2636
2643
2645
2646
2647
2650
2664
2665
2668
2670
2672
2673
2674
2677
2682
2683
2686
2688
2690
2706
2708
2709
2710
2713
2835
2836
2839
2844
2845
2848
2850
2852
2868
2870
2871
2872
2875
2877
2879
2886
2888
2889
2890
2893
2907
2908
2911
2913
2915
2916
2917
2920
2925
2926
2929
2931
2933
2949
2951
2952
2953
2956
2997
2998
3001
3006
3007
3010
3012
3014
3030
3032
3033
3034
3037
3039
3041
3048
3050
3051
3052
3055
3069
3070
3073
3075
3077
3201
3203
3210
3212
3213
3214
3217
3231
3232
3235
3237
3239
3240
3241
3244
3249
3250
3253
3255
3257
3273
3275
3276
3277
3280
