2
3
4
5
6
7
8
9
10
11
12
13
14
15
16
17
18
19
20
21
22
23
24
25
26
27
28
29
30
31
32
33
34
35
36
37
38
39
40
41
42
43
44
45
46
47
48
49
50
51
52
53
54
55
56
57
58
59
60
61
62
63
64
65
66
67
68
69
70
71
72
73
74
75
76
77
78
79
80
81
82
83
84
85
86
87
88
89
90
91
92
93
94
95
96
97
98
99
100
101
102
103
105
106
107
108
109
110
111
112
113
114
115
116
117
118
119
120
121
123
124
125
126
127
129
130
134
135
136
137
138
139
140
141
142
143
144
145
146
147
148
149
150
151
152
153
154
155
159
161
162
163
164
168
169
170
171
172
173
174
177
179
180
181
182
183
184
186
187
188
189
190
192
193
195
196
197
198
200
204
205
210
213
216
217
218
219
220
222
224
225
228
231
232
234
235
236
240
242
243
244
246
247
248
250
252
253
255
256
258
259
260
262
264
268
270
271
273
274
277
278
279
280
282
283
286
287
289
292
294
296
297
298
300
301
303
304
306
307
308
309
312
313
315
316
319
324
325
327
328
329
331
333
334
336
337
340
342
344
349
350
351
352
354
355
356
357
360
361
363
364
365
369
370
371
372
373
374
375
376
380
384
386
387
388
389
390
392
393
394
395
396
397
399
400
401
405
406
408
409
410
414
415
417
418
419
422
423
425
426
428
430
431
432
433
435
436
437
438
439
440
441
442
443
444
445
446
447
448
449
450
451
453
454
455
456
458
459
460
461
462
467
468
471
473
475
476
477
478
480
481
482
486
487
488
490
492
493
494
495
496
497
498
501
502
503
504
505
506
510
511
512
513
519
520
522
531
532
534
535
540
541
542
543
544
545
546
547
548
549
550
552
556
557
558
559
560
564
566
567
568
570
571
574
576
577
579
580
581
583
584
585
590
591
593
594
597
598
600
602
603
604
605
606
608
610
612
613
615
616
617
628
629
630
631
632
635
637
638
639
642
643
644
648
649
650
654
656
657
658
659
661
662
663
665
666
667
668
670
671
672
674
675
678
679
684
689
693
694
696
697
698
702
703
704
707
708
710
712
714
716
720
721
722
723
724
725
726
728
729
730
731
732
733
734
735
736
737
738
739
740
741
742
743
744
745
746
747
748
749
750
751
753
755
756
757
759
760
765
766
768
769
770
774
775
777
778
779
780
783
784
785
788
789
790
791
792
793
794
795
797
799
800
801
802
803
806
807
809
810
811
812
813
814
815
816
817
818
819
820
821
822
823
825
827
828
829
830
831
834
836
837
838
840
841
846
847
849
850
852
856
864
865
866
870
872
874
881
882
883
884
888
890
891
892
893
897
899
900
901
902
903
906
908
909
910
911
912
915
917
918
919
921
934
939
945
946
947
951
953
963
964
965
969
971
972
973
975
976
977
979
981
982
984
985
987
988
993
999
1000
1002
1003
1008
1009
1011
1012
1015
1020
1024
1025
1053
1054
1056
1057
1058
1062
1063
1065
1066
1070
1080
1081
1083
1084
1089
1090
1092
1093
1095
1096
1107
1108
1110
1111
1116
1117
1119
1120
1122
1123
1176
1177
1203
1204
1215
1216
1217
1218
1219
1221
1223
1224
1225
1226
1227
1228
1230
1231
1232
1233
1234
1235
1239
1241
1242
1243
1245
1246
1251
1252
1254
1255
1269
1270
1271
1275
1277
1287
1288
1289
1293
1295
1296
1297
1299
1300
1305
1306
1308
1309
1323
1324
1326
1327
1332
1333
1335
1336
1338
1339
1350
1351
1353
1354
1359
1360
1362
1363
1365
1366
1377
1378
1379
1383
1385
1386
1387
1388
1392
1394
1395
1396
1397
1401
1403
1419
1420
1431
1432
1433
1437
1439
1446
1447
1449
1450
1451
1455
1457
1458
1459
1460
1464
1466
1467
1468
1469
1473
1475
1476
1477
1478
1482
1484
1512
1513
1514
1518
1520
1530
1531
1532
1536
1538
1539
1540
1541
1545
1547
1548
1549
1550
1554
1556
1557
1558
1559
1563
1565
1593
1594
1595
1599
1601
1611
1612
1613
1617
1619
1620
1621
1622
1626
1628
1629
1630
1631
1635
1637
1638
1639
1640
1644
1646
1674
1675
1676
1680
1682
1692
1693
1694
1698
1700
1944
1945
1946
1950
1952
1953
1954
1955
1959
1961
1962
1963
1964
1968
1970
1998
1999
2000
2004
2006
2016
2017
2018
2022
2024
2106
2107
2108
2112
2114
2115
2116
2117
2121
2123
2124
2125
2126
2130
2132
2160
2161
2162
2166
2168
2178
2179
2180
2184
2186
2187
2188
2190
2191
2192
2196
2197
2199
2200
2214
2215
2217
2218
2223
2224
2226
2227
2228
2232
2233
2235
2236
2237
2255
2264
2268
2269
2271
2272
2273
2277
2278
2280
2281
2295
2296
2298
2299
2304
2305
2307
2308
2430
2431
2433
2434
2435
2439
2440
2442
2443
2457
2458
2460
2461
2466
2467
2469
2470
2511
2512
2514
2515
2516
2520
2521
2523
2524
2538
2539
2541
2542
2547
2548
2550
2551
2916
2917
2919
2920
2921
2925
2926
2928
2929
2943
2944
2946
2947
2952
2953
2955
2956
2957
2961
2962
2964
2965
2966
2984
2993
2997
2998
3000
3001
3002
3006
3007
3009
3010
3024
3025
3027
3028
3033
3034
3036
3037
3159
3160
3162
3163
3164
3168
3169
3171
3172
3186
3187
3189
3190
3195
3196
3198
3199
3240
3241
3243
3244
3245
3249
3250
3252
3253
3267
3268
3270
3271
3276
3277
3279
3280
3281
3285
3286
3288
3289
3290
3308
3317
3321
3322
3324
3325
3326
3330
3331
3333
3334
3348
3349
3351
3352
3357
3358
3360
3361
3362
3366
3367
3369
3370
3371
3389
3398
3524
3528
3529
3531
3532
3533
3551
3560
3605
3609
3610
3612
3613
3614
3632
3641
3645
3646
3648
3649
3650
3654
3655
3657
3658
3672
3673
3675
3676
3681
3682
3684
3685
3686
3690
3691
3693
3694
3695
3713
3722
3726
3727
3729
3730
3731
3735
3736
3738
3739
3753
3754
3756
3757
3762
3763
3765
3766
3888
3889
3891
3892
3893
3897
3898
3900
3901
3915
3916
3918
3919
3924
3925
3927
3928
3969
3970
3972
3973
3974
3978
3979
3981
3982
3996
3997
3999
4000
4005
4006
4008
4009
4010
4014
4015
4017
4018
4019
4037
4046
4050
4051
4053
4054
4055
4059
4060
4062
4063
4077
4078
4080
4081
4086
4087
4089
4090
4091
4095
4096
4098
4099
4100
4118
4127
4253
4257
4258
4260
4261
4262
4280
4289
4334
4338
4339
4341
4342
4343
4361
4370
4374
4375
4376
4380
4382
4383
4384
4385
4389
4391
4392
4393
4394
4398
4400
4428
4429
4430
4434
4436
4446
4447
4448
4452
4454
4455
4456
4457
4461
4463
4464
4465
4466
4470
4472
4473
4474
4475
4479
4481
4509
4510
4511
4515
4517
4527
4528
4529
4533
4535
4536
4537
4538
4542
4544
4545
4546
4547
4551
4553
4554
4555
4556
4560
4562
4590
4591
4592
4596
4598
4608
4609
4610
4614
4616
4860
4861
4862
4866
4868
4869
4870
4871
4875
4877
4878
4879
4880
4884
4886
4914
4915
4916
4920
4922
4932
4933
4934
4938
4940
5022
5023
5024
5028
5030
5031
5032
5033
5037
5039
5040
5041
5042
5046
5048
5076
5077
5078
5082
5084
5094
5095
5096
5100
5102
5832
5833
5834
5838
5840
5841
5842
5843
5847
5849
5850
5851
5852
5856
5858
5886
5887
5888
5892
5894
5904
5905
5906
5910
5912
5913
5914
5915
5919
5921
5922
5923
5924
5928
5930
5931
5932
5933
5937
5939
5967
5968
5969
5973
5975
5985
5986
5987
5991
5993
5994
5995
5996
6000
6002
6003
6004
6005
6009
6011
6012
6013
6014
6018
6020
6048
6049
6050
6054
6056
6066
6067
6068
6072
6074
6318
6319
6320
6324
6326
6327
6328
6329
6333
6335
6336
6337
6338
6342
6344
6372
6373
6374
6378
6380
6390
6391
6392
6396
6398
6480
6481
6482
6486
6488
6489
6490
6491
6495
6497
6498
6499
6500
6504
6506
6534
6535
6536
6540
6542
6552
6553
6554
6558
6560
6561
6562
6563
6567
6569
6570
6571
6572
6576
6578
6579
6580
6581
6585
6587
6615
6616
6617
6621
6623
6633
6634
6635
6639
6641
6642
6643
6644
6648
6650
6651
6652
6653
6657
6659
6660
6661
6662
6666
6668
6696
6697
6698
6702
6704
6714
6715
6716
6720
6722
6723
6724
6725
6729
6731
6732
6733
6734
6738
6740
6741
6742
6743
6747
6749
6777
6778
6779
6783
6785
6795
6796
6797
6801
6803
7047
7048
7049
7053
7055
7056
7057
7058
7062
7064
7065
7066
7067
7071
7073
7101
7102
7103
7107
7109
7119
7120
7121
7125
7127
7209
7210
7211
7215
7217
7218
7219
7220
7224
7226
7227
7228
7229
7233
7235
7263
7264
7265
7269
7271
7281
7282
7283
7287
7289
7290
7291
7292
7296
7298
7299
7300
7301
7305
7307
7308
7309
7310
7314
7316
7344
7345
7346
7350
7352
7362
7363
7364
7368
7370
7371
7372
7373
7377
7379
7380
7381
7382
7386
7388
7389
7390
7391
7395
7397
7425
7426
7427
7431
7433
7443
7444
7445
7449
7451
7452
7453
7454
7458
7460
7461
7462
7463
7467
7469
7470
7471
7472
7476
7478
7506
7507
7508
7512
7514
7524
7525
7526
7530
7532
7776
7777
7778
7782
7784
7785
7786
7787
7791
7793
7794
7795
7796
7800
7802
7830
7831
7832
7836
7838
7848
7849
7850
7854
7856
7938
7939
7940
7944
7946
7947
7948
7949
7953
7955
7956
7957
7958
7962
7964
7992
7993
7994
7998
8000
8010
8011
8012
8016
8018
8019
8020
8021
8025
8027
8028
8029
8030
8034
8036
8037
8038
8039
8043
8045
8073
8074
8075
8079
8081
8091
8092
8093
8097
8099
8100
8101
8102
8106
8108
8109
8110
8111
8115
8117
8118
8119
8120
8124
8126
8154
8155
8156
8160
8162
8172
8173
8174
8178
8180
8181
8182
8183
8187
8189
8190
8191
8192
8196
8198
8199
8200
8201
8205
8207
8235
8236
8237
8241
8243
8253
8254
8255
8259
8261
8505
8506
8507
8511
8513
8514
8515
8516
8520
8522
8523
8524
8525
8529
8531
8559
8560
8561
8565
8567
8577
8578
8579
8583
8585
8667
8668
8669
8673
8675
8676
8677
8678
8682
8684
8685
8686
8687
8691
8693
8721
8722
8723
8727
8729
8739
8740
8741
8745
8747
