2
3
4
5
6
7
8
9
10
11
12
13
14
15
16
17
18
19
20
21
22
23
24
25
26
27
28
29
30
31
32
33
34
35
36
37
38
39
40
41
42
43
44
45
46
47
48
49
50
51
52
53
54
55
56
57
58
59
60
61
62
63
64
65
66
67
68
69
70
71
72
73
74
75
76
77
78
79
80
81
82
83
84
85
86
87
88
89
90
91
92
93
94
95
96
97
98
99
100
101
102
103
104
105
106
107
108
109
110
111
112
113
114
115
116
117
118
119
120
121
122
123
124
125
126
127
128
129
130
131
132
133
134
135
136
137
138
139
140
141
142
143
144
145
146
147
148
149
150
151
152
153
154
155
156
157
159
160
161
162
163
164
165
166
167
168
169
170
171
172
173
174
175
176
177
178
179
180
181
182
183
184
185
186
187
188
189
190
191
192
193
194
195
196
197
198
199
200
201
202
203
204
205
206
207
208
209
210
211
212
213
214
215
216
217
218
219
220
221
222
223
224
225
226
227
228
229
230
231
232
233
234
235
236
237
238
239
240
241
242
243
244
245
246
247
249
250
251
252
253
254
255
256
257
258
259
260
261
262
263
264
265
266
267
268
269
270
271
272
273
274
275
276
277
278
279
280
281
282
283
284
285
286
287
288
289
290
291
292
293
294
295
296
297
298
299
300
301
303
304
305
306
307
309
310
311
312
313
314
315
316
318
319
320
321
322
323
324
325
326
327
328
329
330
331
332
333
334
336
337
338
339
340
341
342
343
344
345
346
347
348
349
350
351
352
353
354
355
357
358
359
360
361
363
364
365
366
368
369
370
373
374
375
376
377
378
379
380
381
382
383
384
386
387
388
390
393
395
396
397
401
402
405
406
409
410
411
412
414
415
416
417
418
419
420
423
424
425
426
429
430
431
432
433
437
438
439
441
442
443
445
446
447
448
449
450
451
453
454
455
456
457
458
459
460
461
462
463
464
465
466
467
468
469
470
471
472
474
475
476
477
478
479
482
483
484
485
486
487
488
489
490
491
492
493
494
495
496
497
498
499
500
501
502
503
504
505
506
507
508
510
511
512
513
514
515
516
517
518
519
520
521
522
523
524
525
526
527
528
529
530
531
532
533
534
535
536
537
538
539
540
541
542
543
544
545
546
547
548
549
550
553
554
555
556
557
558
559
561
562
563
564
565
566
567
568
569
570
573
574
575
576
577
578
579
580
582
584
585
586
589
590
592
593
594
595
598
599
601
602
603
604
605
606
607
609
610
611
612
613
614
615
616
618
619
620
621
622
623
624
625
627
628
630
631
633
634
635
636
637
638
639
640
641
643
644
645
646
648
649
650
651
652
653
654
655
656
657
658
659
660
661
662
663
664
665
666
667
668
669
670
671
672
673
674
675
676
677
678
679
680
681
682
683
684
685
686
687
689
690
691
692
693
694
695
696
697
698
699
700
701
702
703
704
705
706
707
708
709
710
711
712
715
716
717
718
719
720
721
722
723
724
725
726
727
729
730
731
732
733
734
735
736
737
738
739
740
741
742
743
744
745
746
747
748
749
750
751
752
753
754
755
756
757
758
759
760
761
762
763
764
765
766
767
768
769
770
771
772
773
774
775
778
779
780
781
782
783
784
785
786
787
788
789
790
791
792
793
794
795
796
797
798
799
801
802
803
804
805
806
807
809
810
811
812
813
814
815
816
817
818
819
820
821
822
823
824
825
826
827
828
829
830
831
834
836
837
838
841
842
843
844
845
846
847
848
850
851
852
853
854
855
856
859
860
861
862
863
864
865
867
868
869
870
871
872
873
874
875
876
877
879
882
883
884
885
887
888
889
890
891
892
893
894
895
897
898
899
900
901
902
903
908
909
910
911
915
916
917
918
919
920
922
924
925
926
927
928
929
930
931
933
934
935
936
937
941
942
943
944
945
946
947
948
949
951
954
955
956
957
958
959
960
963
964
965
966
967
968
969
970
971
972
973
974
975
978
980
981
982
983
984
985
986
989
990
991
993
994
995
996
997
998
999
1000
1001
1002
1003
1005
1006
1007
1008
1009
1010
1011
1013
1014
1015
1016
1017
1018
1020
1021
1022
1023
1024
1025
1026
1027
1029
1030
1032
1033
1034
1035
1036
1038
1039
1041
1042
1043
1044
1045
1047
1050
1051
1052
1053
1054
1056
1057
1058
1059
1060
1061
1062
1063
1064
1065
1066
1067
1068
1069
1070
1071
1072
1075
1076
1077
1079
1080
1081
1082
1084
1085
1086
1087
1088
1089
1090
1093
1094
1095
1096
1097
1098
1099
1101
1102
1103
1104
1105
1106
1107
1108
1111
1112
1113
1114
1115
1116
1117
1119
1123
1124
1125
1126
1129
1130
1131
1132
1134
1135
1138
1139
1140
1141
1143
1144
1145
1146
1147
1148
1149
1150
1151
1153
1155
1156
1157
1158
1159
1161
1162
1163
1165
1166
1167
1168
1169
1170
1171
1173
1174
1175
1176
1177
1178
1179
1180
1181
1182
1183
1184
1185
1186
1187
1188
1189
1190
1191
1192
1193
1194
1195
1196
1197
1198
1201
1202
1204
1205
1206
1207
1212
1213
1215
1216
1219
1220
1221
1222
1224
1225
1228
1229
1230
1231
1236
1237
1239
1240
1241
1242
1246
1247
1250
1251
1252
1254
1255
1256
1257
1260
1261
1262
1263
1264
1265
1266
1267
1269
1270
1271
1273
1274
1275
1276
1278
1279
1282
1284
1285
1287
1288
1290
1291
1292
1293
1294
1296
1297
1302
1303
1305
1306
1308
1309
1311
1313
1314
1315
1322
1323
1324
1331
1334
1335
1339
1340
1348
1349
1350
1351
1354
1355
1356
1359
1363
1364
1365
1366
1372
1373
1374
1375
1377
1378
1379
1380
1381
1385
1386
1387
1388
1389
1394
1395
1396
1401
1403
1404
1405
1407
1408
1412
1414
1417
1420
1421
1423
1429
1430
1431
1432
1434
1435
1436
1437
1439
1440
1444
1445
1448
1449
1450
1451
1452
1453
1454
1458
1459
1460
1461
1466
1467
1468
1469
1470
1471
1473
1475
1476
1477
1479
1483
1484
1485
1486
1488
1490
1491
1494
1495
1496
1498
1500
1502
1504
1512
1513
1515
1517
1518
1519
1520
1521
1522
1523
1524
1528
1529
1530
1531
1532
1533
1537
1538
1539
1540
1541
1542
1545
1546
1547
1548
1549
1550
1551
1552
1553
1554
1555
1556
1557
1558
1559
1560
1563
1565
1566
1567
1570
1571
1572
1573
1575
1577
1581
1582
1585
1587
1588
1590
1593
1594
1597
1599
1600
1602
1603
1606
1607
1608
1611
1612
1613
1614
1616
1617
1619
1620
1621
1624
1626
1628
1629
1630
1631
1632
1633
1635
1636
1638
1640
1641
1642
1644
1647
1648
1650
1651
1653
1654
1655
1656
1657
1660
1662
1663
1664
1668
1669
1671
1672
1673
1674
1675
1677
1678
1679
1680
1682
1683
1684
1686
1687
1688
1689
1692
1693
1696
1697
1698
1699
1700
1701
1702
1707
1708
1709
1710
1711
1716
1717
1718
1719
1720
1722
1723
1724
1725
1727
1728
1729
1731
1732
1733
1734
1735
1736
1737
1738
1740
1743
1744
1745
1746
1750
1752
1753
1754
1755
1756
1758
1759
1761
1762
1763
1764
1765
1766
1767
1768
1770
1771
1772
1773
1774
1775
1776
1777
1779
1780
1782
1783
1785
1786
1788
1789
1791
1792
1796
1797
1800
1801
1804
1805
1806
1807
1808
1809
1810
1816
1817
1818
1822
1824
1825
1826
1828
1830
1831
1833
1834
1835
1836
1837
1838
1839
1842
1843
1844
1845
1846
1847
1848
1852
1853
1854
1855
1860
1861
1863
1864
1867
1872
1873
1875
1878
1879
1881
1882
1883
1884
1885
1886
1887
1888
1890
1891
1894
1895
1896
1897
1898
1899
1900
1901
1902
1904
1905
1906
1907
1910
1911
1912
1914
1915
1916
1917
1918
1919
1920
1924
1925
1926
1927
1930
1932
1933
1934
1935
1936
1941
1944
1945
1947
1948
1950
1953
1954
1956
1959
1960
1961
1962
1963
1964
1965
1966
1968
1969
1970
1971
1972
1974
1975
1977
1979
1980
1983
1988
1991
1992
1993
1995
1996
1998
1999
2000
2001
2002
2004
2013
2016
2017
2020
2021
2022
2023
2025
2026
2028
2029
2031
2032
2034
2042
2043
2044
2047
2049
2050
2051
2052
2053
2056
2058
2059
2060
2061
2062
2069
2070
2071
2074
2076
2077
2078
2079
2084
2085
2087
2089
2092
2093
2094
2099
2101
2102
2103
2104
2106
2107
2108
2109
2110
2112
2113
2114
2115
2116
2117
2118
2119
2123
2124
2125
2130
2132
2133
2134
2135
2136
2137
2141
2142
2143
2144
2145
2146
2150
2151
2152
2159
2160
2161
2162
2165
2166
2168
2170
2178
2180
2187
2188
2189
2190
2191
2193
2195
2196
2197
2198
2199
2200
2204
2205
2206
2209
2211
2212
2213
2214
2215
2216
2217
2218
2220
2222
2223
2225
2226
2233
2236
2238
2239
2241
2242
2244
2245
2247
2250
2251
2252
2253
2259
2260
2261
2262
2263
2265
2266
2267
2268
2269
2270
2271
2272
2274
2275
2276
2277
2278
2279
2280
2284
2285
2286
2287
2292
2294
2295
2296
2299
2301
2302
2303
2304
2309
2310
2314
2323
2326
2328
2331
2335
2336
2337
2340
2341
2342
2346
2348
2349
2350
2352
2353
2355
2356
2357
2358
2359
2360
2362
2365
2366
2367
2369
2370
2373
2375
2376
2378
2379
2382
2383
2384
2385
2391
2392
2393
2394
2395
2396
2400
2401
2402
2403
2404
2405
2406
2407
2409
2412
2416
2417
2418
2419
2421
2422
2425
2426
2427
2429
2430
2431
2433
2434
2436
2439
2452
2454
2455
2457
2458
2460
2461
2463
2464
2465
2466
2472
2473
2474
2479
2481
2482
2483
2484
2485
2487
2488
2490
2491
2492
2493
2494
2497
2500
2501
2502
2503
2506
2508
2509
2511
2512
2514
2515
2517
2527
2528
2530
2553
2554
2555
2558
2562
2563
2564
2565
2566
2572
2573
2574
2575
2580
2581
2582
2583
2584
2589
2590
2592
2593
2601
2602
2604
2608
2609
2610
2611
2612
2613
2614
2615
2617
2618
2620
2625
2627
2628
2629
2630
2631
2633
2634
2635
2636
2637
2638
2639
2643
2644
2645
2646
2647
2649
2650
2652
2653
2654
2655
2656
2660
2661
2662
2663
2664
2665
2669
2670
2673
2674
2676
2677
2678
2679
2682
2683
2685
2688
2691
2692
2693
2694
2695
2697
2698
2700
2701
2703
2704
2706
2709
2710
2731
2734
2735
2736
2737
2742
2743
2744
2745
2746
2750
2751
2752
2754
2755
2763
2764
2769
2773
2779
2780
2782
2788
2789
2805
2807
2808
2814
2815
2816
2817
2818
2824
2825
2826
2827
2832
2833
2835
2836
2838
2841
2842
2844
2845
2847
2850
2854
2859
2860
2861
2863
2864
2865
2868
2869
2870
2871
2873
2874
2886
2888
2889
2890
2891
2892
2893
2895
2897
2898
2899
2916
2917
2919
2920
2921
2922
2925
2926
2929
2930
2931
2938
2940
2941
2943
2944
2946
2947
2949
2952
2953
2956
2957
2958
2961
2962
2965
2966
2967
2970
2971
2974
2975
2976
2989
2993
2994
2997
2998
3001
3002
3003
3006
3007
3010
3011
3012
3023
3024
3025
3026
3027
3030
3031
3032
3033
3034
3037
3038
3039
3042
3043
3044
3046
3047
3048
3050
3051
3052
3053
3055
3056
3057
3059
3060
3066
3069
3070
3074
3075
3078
3079
3081
3085
3087
3088
3094
3095
3096
3098
3099
3100
3104
3105
3106
3107
3108
3111
3112
3113
3114
3115
3120
3122
3125
3131
3133
3134
3150
3151
3159
3160
3162
3240
3241
3244
3245
3246
3249
3250
3253
3254
3255
3256
3257
3259
3276
3277
3280
3281
3282
3284
3285
3286
3289
3290
3291
3293
3294
3295
3298
3299
3300
3309
3312
3313
3317
3318
3319
3321
3322
3325
3326
3327
3330
3331
3334
3335
3336
3337
3338
3340
3346
3347
3349
3354
3357
3358
3361
3362
3363
3365
3366
3367
3370
3371
3372
3374
3375
3376
3379
3380
3381
3390
3393
3394
3398
3399
3400
3402
3403
3406
3407
3408
3411
3412
3415
3416
3417
3438
3439
3442
3443
3444
3447
3448
3451
3452
3453
3456
3457
3460
3461
3462
3573
3577
3578
3586
3605
3606
3609
3610
3613
3614
3618
3622
3645
3646
3649
3650
3651
3654
3655
3658
3659
3660
3678
3681
3682
3685
3686
3687
3690
3691
3694
3695
3696
3699
3700
3703
3704
3705
3718
3722
3723
3726
3727
3730
3731
3732
3735
3736
3739
3740
3741
3754
3759
3762
3763
3766
3767
3768
3771
3772
3775
3776
3777
3780
3781
3784
3785
3786
3937
3938
3939
3940
3942
3943
3945
3946
3961
3964
3966
3967
3969
3970
3972
3973
3974
3975
3978
3979
3982
3983
3984
3988
3991
3993
3994
4005
4006
4009
4010
4011
4014
4015
4018
4019
4020
4021
4023
4024
4027
4028
4029
4042
4046
4047
4050
4051
4054
4055
4056
4059
4060
4063
4064
4065
4086
4087
4090
4091
4092
4095
4096
4099
4100
4101
4104
4105
4108
4109
4110
4131
4132
4134
4135
4136
4137
4140
4141
4144
4145
4146
4153
4155
4156
4158
4159
4161
4162
4164
4167
4168
4171
4172
4173
4176
4177
4180
4181
4182
4183
4185
4186
4188
4189
4190
4191
4204
4207
4209
4210
4212
4213
4215
4216
4221
4222
4224
4231
4234
4236
4237
4240
4241
4242
4247
4250
4251
4256
4258
4261
4262
4263
4264
4266
4270
4274
4276
4281
4293
4294
4296
4302
4303
4305
4306
4307
4315
4334
4335
4338
4339
4342
4343
4347
4351
4374
4375
4377
4378
4379
4380
4381
4383
4384
4387
4388
4389
4390
4395
4396
4398
4399
4401
4402
4404
4405
4407
4410
4411
4414
4415
4416
4419
4420
4423
4424
4425
4426
4427
4428
4429
4430
4431
4432
4433
4434
4435
4436
4437
4438
4443
4444
4447
4449
4450
4452
4453
4455
4456
4458
4459
4460
4461
4462
4464
4465
4468
4469
4470
4481
4482
4484
4485
4491
4492
4495
4496
4497
4498
4500
4501
4502
4503
4504
4505
4506
4508
4509
4510
4511
4513
4514
4515
4516
4517
4518
4519
4536
4537
4539
4543
4545
4546
4551
4552
4553
4554
4556
4557
4558
4562
4563
4564
4565
4566
4569
4570
4571
4572
4573
4578
4579
4580
4584
4585
4590
4591
4593
4594
4596
4599
4605
4608
4609
4617
4618
4620
4621
4623
4624
4626
4627
4633
4634
4636
4639
4641
4642
4644
4645
4647
4648
4650
4653
4666
4668
4669
4671
4672
4674
4675
4689
4690
4693
4695
4696
4698
4699
4701
4702
4703
4704
4707
4708
4710
4711
4712
4713
4716
4718
4719
4724
4725
4734
4735
4738
4739
4740
4742
4743
4744
4745
4747
4748
4749
4752
4753
4756
4757
4758
4762
4767
4770
4771
4776
4777
4779
4780
4783
4784
4785
4788
4789
4792
4793
4794
4795
4796
4798
4804
4805
4807
4815
4816
4819
4820
4821
4823
4824
4825
4828
4829
4830
4832
4833
4834
4837
4838
4839
4848
4851
4852
4857
4858
4860
4861
4864
4865
4866
4867
4869
4870
4873
4874
4875
4876
4879
4881
4882
4885
4886
4888
4895
4896
4897
4898
4899
4900
4901
4902
4904
4905
4906
4909
4910
4911
4913
4914
4915
4918
4919
4920
4921
4922
4923
4924
4929
4930
4932
4933
4935
4936
4941
4942
4947
4948
4950
4951
4953
4970
4971
4976
4979
4980
4983
4984
4985
4989
4990
4995
4996
5001
5002
5003
5004
5005
5022
5023
5025
5031
5032
5034
5037
5038
5043
5044
5047
5048
5049
5050
5055
5056
5057
5058
5059
5064
5065
5070
5071
5073
5075
5076
5082
5085
5103
5104
5109
5110
5112
5113
5118
5119
5124
5125
5128
5129
5131
5137
5138
5145
5157
5158
5163
5164
5166
5167
5172
5173
5178
5179
5184
5185
5190
5191
5193
5194
5249
5250
5256
5257
5258
5259
5265
5266
5267
5268
5272
5273
5274
5275
5276
5277
5281
5282
5299
5300
5307
5309
5321
5322
5328
5330
5331
5334
5337
5338
5339
5340
5346
5347
5348
5349
5353
5354
5355
5356
5357
5358
5362
5363
5365
5388
5390
5402
5403
5409
5411
5412
5415
5418
5419
5420
5421
5424
5425
5462
5469
5470
5471
5475
5476
5481
5482
5483
5484
5487
5488
5490
5491
5492
5493
5499
5500
5501
5502
5523
5524
5529
5530
5535
5536
5541
5542
5544
5545
5550
5551
5556
5557
5589
5590
5595
5596
5598
5599
5604
5605
5610
5611
5643
5644
5649
5650
5652
5653
5658
5659
5664
5665
5670
5671
5676
5677
5679
5680
5689
5692
5694
5695
5716
5719
5721
5722
5743
5757
5760
5770
5832
5833
5834
5835
5840
5841
5842
5843
5844
5849
5850
5851
5858
5859
5860
5881
5883
5884
5886
5887
5889
5890
5897
5898
5904
5905
5906
5907
5908
5909
5910
5911
5913
5914
5915
5916
5917
5918
5919
5921
5922
5923
5924
5925
5930
5931
5932
5935
5937
5938
5939
5940
5941
5946
5949
5950
5954
5955
5956
5958
5959
5961
5962
5964
5965
5967
5968
5973
5974
5976
5977
5978
5979
5982
5985
5986
5987
5988
5990
5991
5994
5995
5996
5997
6000
6002
6003
6004
6005
6006
6009
6010
6013
6015
6016
6021
6022
6027
6028
6030
6031
6036
6037
6042
6043
6050
6051
6059
6060
6066
6067
6068
6069
6075
6076
6077
6078
6081
6082
6083
6084
6085
6086
6087
6090
6091
6093
6095
6096
6097
6101
6102
6119
6122
6124
6126
6127
6128
6129
6130
6131
6132
6133
6135
6136
6138
6139
6140
6141
6144
6145
6147
6148
6149
6150
6151
6153
6154
6156
6157
6159
6160
6162
6163
6165
6166
6168
6174
6175
6176
6177
6178
6180
6181
6182
6183
6191
6197
6198
6199
6200
6201
6202
6204
6205
6206
6207
6208
6210
6211
6212
6213
6216
6217
6219
6220
6221
6222
6228
6229
6230
6231
6233
6234
6237
6238
6241
6242
6243
6246
6250
6251
6252
6253
6258
6259
6264
6265
6270
6271
6273
6274
6278
6279
6280
6282
6283
6285
6286
6301
6306
6309
6310
6314
6315
6318
6319
6321
6322
6323
6324
6327
6328
6330
6336
6338
6339
6340
6342
6343
6345
6346
6348
6349
6351
6353
6354
6355
6356
6357
6362
6367
6369
6370
6372
6373
6375
6376
6380
6382
6387
6390
6391
6394
6395
6396
6397
6399
6400
6402
6403
6408
6409
6411
6418
6421
6423
6424
6428
6429
6434
6437
6438
6443
6445
6448
6450
6451
6561
6562
6563
6564
6565
6566
6567
6568
6569
6570
6571
6572
6573
6574
6575
6576
6577
6578
6579
6580
6582
6583
6585
6586
6587
6588
6589
6590
6591
6592
6594
6595
6596
6597
6598
6599
6600
6601
6602
6603
6606
6607
6610
6611
6612
6613
6614
6615
6616
6617
6618
6619
6620
6621
6622
6623
6624
6625
6626
6627
6630
6631
6633
6634
6635
6636
6637
6638
6639
6640
6642
6643
6644
6645
6646
6647
6648
6649
6650
6651
6652
6653
6654
6655
6656
6657
6658
6659
6660
6661
6666
6668
6669
6670
6675
6676
6677
6678
6679
6682
6683
6684
6685
6686
6687
6688
6690
6691
6692
6693
6694
6695
6696
6697
6700
6701
6702
6703
6705
6706
6707
6708
6714
6715
6716
6717
6723
6724
6725
6726
6731
6732
6733
6734
6735
6738
6739
6744
6745
6747
6750
6751
6756
6757
6758
6759
6760
6765
6766
6767
6770
6771
6772
6774
6775
6776
6777
6778
6779
6780
6786
6788
6789
6792
6795
6796
6797
6798
6804
6805
6806
6807
6811
6812
6813
6814
6815
6816
6820
6821
6822
6823
6824
6825
6828
6830
6831
6837
6838
6839
6846
6847
6848
6851
6853
6854
6855
6856
6857
6858
6859
6860
6862
6865
6866
6867
6868
6873
6874
6875
6876
6877
6882
6883
6885
6886
6889
6890
6891
6894
6895
6897
6898
6899
6900
6901
6902
6903
6904
6905
6906
6907
6911
6912
6921
6922
6925
6926
6927
6929
6930
6931
6934
6935
6936
6938
6939
6940
6943
6944
6945
6958
6962
6963
6966
6967
6970
6971
6972
6975
6976
6979
6980
6981
6999
7002
7003
7006
7007
7008
7011
7012
7015
7016
7017
7020
7021
7024
7025
7026
7030
7035
7038
7039
7043
7044
7047
7048
7051
7052
7053
7054
7056
7057
7059
7060
7061
7062
7063
7065
7066
7067
7068
7069
7072
7073
7075
7082
7083
7084
7085
7086
7087
7088
7089
7091
7092
7093
7096
7097
7098
7100
7101
7102
7105
7106
7107
7108
7109
7110
7111
7116
7117
7119
7120
7122
7123
7125
7126
7128
7129
7134
7135
7137
7138
7145
7146
7147
7153
7154
7155
7156
7162
7163
7170
7171
7172
7176
7177
7182
7183
7188
7189
7191
7192
7209
7210
7211
7212
7217
7218
7219
7220
7221
7224
7225
7226
7227
7228
7230
7231
7235
7236
7237
7242
7243
7244
7245
7246
7251
7252
7253
7257
7258
7290
7291
7292
7293
7294
7295
7296
7297
7298
7299
7300
7301
7302
7303
7304
7305
7306
7307
7308
7309
7311
7312
7314
7315
7316
7317
7318
7323
7324
7325
7326
7327
7330
7331
7332
7335
7336
7339
7340
7341
7344
7345
7348
7349
7350
7351
7353
7354
7355
7356
7359
7360
7362
7363
7364
7365
7366
7371
7372
7373
7374
7375
7376
7377
7378
7379
7380
7381
7382
7383
7384
7385
7386
7387
7388
7389
7390
7395
7397
7398
7399
7404
7405
7406
7407
7408
7411
7412
7413
7414
7415
7416
7417
7420
7421
7422
7423
7424
7425
7426
7429
7430
7431
7434
7436
7437
7440
7443
7444
7445
7446
7452
7453
7454
7455
7460
7461
7462
7463
7464
7476
7485
7486
7487
7494
7495
7496
7503
7504
7505
7506
7507
7508
7509
7517
7518
7524
7525
7526
7527
7533
7534
7535
7536
7541
7542
7543
7544
7545
7557
7566
7567
7568
7575
7576
7577
7584
7585
7586
7587
7588
7594
7595
7596
7597
7602
7603
7604
7605
7606
7611
7612
7614
7615
7618
7619
7620
7623
7624
7627
7628
7629
7630
7631
7633
7650
7651
7654
7655
7656
7657
7658
7659
7660
7663
7664
7665
7666
7667
7668
7669
7672
7673
7674
7675
7676
7677
7678
7684
7685
7686
7687
7695
7696
7699
7700
7701
7704
7705
7708
7709
7710
7731
7732
7735
7736
7737
7738
7739
7740
7741
7744
7745
7746
7747
7748
7749
7750
7753
7754
7755
7756
7757
7758
7759
7765
7766
7767
7768
7776
7777
7780
7781
7782
7785
7786
7789
7790
7791
7812
7813
7816
7817
7818
7821
7822
7825
7826
7827
7830
7831
7834
7835
7836
7874
7875
7876
7883
7884
7885
7892
7901
7938
7939
7940
7941
7946
7947
7948
7949
7950
7955
7956
7957
7964
7965
7966
7973
7982
8019
8020
8021
8022
8027
8028
8029
8030
8031
8036
8037
8038
8045
8046
8047
8084
8085
8091
8092
8093
8094
8100
8101
8102
8103
8108
8109
8110
8111
8112
8117
8118
8119
8126
8127
8128
8205
8214
8215
8216
8223
8224
8225
8232
8233
8234
8235
8236
8286
8295
8296
8297
8304
8305
8306
8313
8314
8315
8316
8317
8323
8324
8325
8326
8332
8333
8334
8335
8385
8386
8387
8394
8395
8396
8397
8398
8404
8405
8406
8407
8413
8414
8415
8416
8459
8466
8467
8468
8475
8476
8477
8478
8479
8480
8481
8485
8486
8487
8488
8494
8495
8496
8497
8505
8506
8514
8515
8520
8522
8523
8524
8531
8532
8533
8538
8540
8541
8542
8549
8561
8562
8563
8574
8578
8582
8583
8603
8604
8605
8608
8612
8613
8614
8621
8630
8635
8636
8640
8644
8655
8667
8668
8669
8670
8675
8676
8677
8678
8679
8684
8685
8686
8693
8694
8695
8702
8711
8748
8749
8750
8751
8756
8757
8758
8759
8760
8765
8766
8767
8774
8775
8776
8813
8814
8820
8821
8822
8823
8825
8826
8829
8830
8831
8832
8833
8834
8835
8837
8838
8839
8840
8841
8846
8847
8848
8855
8856
8857
8862
8865
8866
8870
8871
8874
8875
8898
8902
8906
8907
8932
8934
8938
8943
8944
8945
8946
8947
8952
8953
8954
8961
8962
8963
8964
8965
8968
8979
9000
9004
9005
9013
9015
9019
9024
9025
9026
9033
9034
9035
9042
9043
9044
9045
9046
9052
9053
9054
9055
9061
9062
9063
9064
9114
9115
9116
9123
9124
9125
9126
9127
9133
9134
9135
9136
9142
9143
9144
9145
9186
9189
9190
9194
9195
9196
9197
9198
9199
9204
9205
9206
9207
9208
9214
9215
9216
9217
9222
9223
9224
9225
9226
9230
9231
9234
9235
9238
9239
9240
9243
9244
9249
9262
9267
9270
9271
9292
9295
9296
9297
9298
9303
9304
9305
9306
9307
9311
9312
9315
9316
9324
9325
9330
9376
9377
9378
9379
9385
9386
9387
9388
9396
9397
9405
9406
9411
9420
9429
9430
9431
9477
9478
9481
9482
9483
9486
9487
9490
9491
9492
9510
9513
9514
9517
9518
9519
9522
9523
9526
9527
9528
9531
9532
9535
9536
9537
9550
9554
9555
9558
9559
9562
9563
9564
9567
9568
9571
9572
9573
9586
9591
9594
9595
9598
9599
9600
9603
9604
9607
9608
9609
9612
9613
9616
9617
9618
9627
9631
9635
9636
9661
9667
9672
9675
9676
9801
9802
9805
9806
9807
9810
9811
9814
9815
9816
9837
9838
9841
9842
9843
9844
9845
9846
9847
9849
9850
9851
9852
9853
9854
9855
9856
9859
9860
9861
9862
9863
9864
9865
9871
9872
9873
9874
9878
9879
9882
9883
9886
9887
9888
9891
9892
9895
9896
9897
9898
9903
9904
9909
9910
9915
9916
9918
9919
9922
9923
9924
9925
9926
9927
9928
9930
9931
9932
9933
9934
9935
9936
9937
9940
9941
9942
9943
9944
9945
9946
9951
9952
9953
9954
9955
9959
9960
9963
9964
9967
9968
9969
9970
9972
9973
9976
9977
9978
9979
9984
9985
9999
10000
10003
10004
10005
10008
10009
10012
10013
10014
10017
10018
10021
10022
10023
10024
10025
10026
10027
10032
10033
10034
10035
10036
10038
10039
10044
10045
10050
10051
10053
10054
10059
10105
10106
10107
10108
10114
10115
10116
10117
10125
10126
10134
10135
10140
10149
10158
10159
10160
10206
10207
10210
10211
10212
10215
10216
10219
10220
10221
10242
10243
10246
10247
10248
10251
10252
10255
10256
10257
10260
10261
10264
10265
10266
10287
10288
10291
10292
10293
10296
10297
10300
10301
10302
10323
10324
10327
10328
10329
10330
10332
10333
10335
10336
10337
10338
10341
10342
10345
10346
10347
10348
10350
10351
10383
10384
10389
10390
10395
10396
10401
10402
10404
10405
10410
10411
10416
10417
10449
10450
10455
10456
10458
10459
10464
10465
10470
10471
10503
10504
10509
10510
10512
10513
10518
10519
10524
10525
10530
10531
10534
10535
10536
10537
10539
10540
10543
10544
10545
10566
10567
10570
10571
10572
10573
10574
10575
10576
10578
10579
10580
10581
10582
10583
10584
10585
10588
10589
10590
10591
10592
10593
10594
10600
10601
10602
10603
10611
10612
10615
10616
10617
10620
10621
10624
10625
10626
10627
10632
10633
10638
10639
10644
10645
10647
10648
10651
10652
10653
10654
10655
10656
10657
10659
10660
10661
10662
10663
10664
10665
10666
10669
10670
10671
10672
10673
10674
10675
10681
10682
10683
10684
10692
10693
10696
10697
10698
10701
10702
10705
10706
10707
10728
10729
10732
10733
10734
10737
10738
10741
10742
10743
10746
10747
10750
10751
10752
10753
10754
10755
10756
10762
10763
10764
10765
10773
10774
10782
10783
10788
10834
10835
10836
10837
10843
10844
10845
10846
10854
10855
10863
10864
10869
10878
10887
10888
10889
10935
10936
10939
10940
10941
10942
10944
10945
10948
10949
10950
10951
10956
10957
10959
10968
10969
10970
10971
10972
10975
10976
10977
10980
10981
10984
10985
10986
10989
10990
10993
10994
10995
10996
10998
10999
11004
11005
11010
11011
11016
11017
11020
11021
11022
11023
11025
11026
11029
11030
11031
11040
11049
11050
11051
11052
11053
11056
11057
11058
11059
11060
11061
11062
11064
11065
11066
11067
11068
11069
11070
11071
11074
11075
11076
11077
11079
11080
11112
11113
11118
11119
11124
11125
11130
11131
11133
11134
11139
11140
11145
11146
11259
11260
11263
11264
11265
11268
11269
11272
11273
11274
11295
11296
11299
11300
11301
11304
11305
11308
11309
11310
11313
11314
11317
11318
11319
11340
11341
11344
11345
11346
11349
11350
11353
11354
11355
11376
11377
11380
11381
11382
11385
11386
11389
11390
11391
11394
11395
11398
11399
11400
11421
11422
11425
11426
11427
11428
11430
11431
11434
11435
11436
11437
11442
11443
11457
11458
11461
11462
11463
11466
11467
11470
11471
11472
11475
11476
11479
11480
11481
11482
11484
11485
11490
11491
11496
11497
11502
11503
11508
11509
11511
11512
11544
11545
11550
11551
11556
11557
11562
11563
11565
11566
11598
11599
11604
11605
11610
11611
11616
11617
11619
11620
11625
11626
11631
11632
11664
11665
11670
11671
11673
11674
11679
11680
11685
11686
11718
11719
11724
11725
11727
11728
11733
11734
11739
11740
11745
11746
11751
11752
11754
11755
11810
11811
11817
11818
11819
11820
11826
11827
11828
11829
11834
11835
11836
11837
11838
11882
11883
11891
11892
11898
11899
11900
11901
11907
11908
11909
11910
11915
11916
11917
11918
11919
11963
11964
11972
11973
11979
11980
11981
11982
12023
12032
12044
12045
12053
12054
12060
12061
12062
12063
12393
12394
12395
12396
12401
12402
12403
12404
12405
12410
12411
12412
12419
12420
12421
12458
12459
12465
12466
12467
12468
12474
12475
12476
12477
12482
12483
12484
12485
12486
12491
12492
12493
12500
12501
12502
12539
12540
12546
12547
12548
12549
12555
12556
12557
12558
12563
12564
12565
12566
12567
12611
12612
12620
12621
12627
12628
12629
12630
12636
12637
12638
12639
12644
12645
12646
12647
12648
12692
12693
12701
12702
12708
12709
12710
12711
12752
12761
12773
12774
12782
12783
12789
12790
12791
12792
13122
13123
13124
13125
13130
13131
13132
13133
13134
13139
13140
13141
13148
13149
13150
13187
13188
13194
13195
13196
13197
13203
13204
13205
13206
13211
13212
13213
13214
13215
13220
13221
13222
13229
13230
13231
13268
13269
13275
13276
13277
13278
13284
13285
13286
13287
13292
13293
13294
13295
13296
13340
13341
13349
13350
13356
13357
13358
13359
13365
13366
13367
13368
13373
13374
13375
13376
13377
13706
13707
13708
13715
13716
13717
13724
13733
13770
13771
13772
13773
13778
13779
13780
13781
13782
13787
13788
13789
13796
13797
13798
13805
13814
13851
13852
13853
13854
13859
13860
13861
13862
13863
13868
13869
13870
13877
13878
13879
13916
13917
13923
13924
13925
13926
13932
13933
13934
13935
13940
13941
13942
13943
13944
13949
13950
13951
13958
13959
13960
13997
13998
14004
14005
14006
14007
14013
14014
14015
14016
14021
14022
14023
14024
14025
14069
14070
14078
14079
14085
14086
14087
14088
14094
14095
14096
14097
14102
14103
14104
14105
14106
14217
14218
14223
14224
14229
14230
14235
14236
14238
14239
14271
14272
14277
14278
14283
14284
14289
14290
14292
14293
14298
14299
14304
14305
14337
14338
14343
14344
14346
14347
14352
14353
14358
14359
14391
14392
14397
14398
14400
14401
14406
14407
14412
14413
14418
14419
14424
14425
14427
14428
14703
14704
14709
14710
14715
14716
14721
14722
14724
14725
14757
14758
14763
14764
14766
14769
14770
14775
14776
14777
14778
14779
14784
14785
14786
14790
14791
14793
14794
14795
14796
14797
14823
14824
14829
14830
14832
14833
14838
14839
14844
14845
14847
14856
14857
14858
14865
14866
14867
14874
14875
14876
14877
14878
14883
14884
14885
14886
14887
14892
14893
14894
14895
14896
14898
14899
14904
14905
14910
14911
14913
14914
14946
14947
14948
14952
14953
14955
14956
14957
14958
14959
14964
14965
14966
14967
14968
14974
14975
14976
14977
15000
15001
15006
15007
15012
15013
15018
15019
15021
15022
15027
15028
15029
15033
15034
15036
15037
15038
15039
15040
15046
15047
15048
15049
15055
15056
15057
15058
15066
15067
15075
15076
15081
15309
15310
15315
15316
15318
15319
15324
15325
15330
15331
15363
15364
15369
15370
15372
15373
15378
15379
15384
15385
15390
15391
15396
15397
15399
15400
15432
15433
15438
15439
15444
15445
15450
15451
15453
15454
15486
15487
15492
15493
15495
15498
15499
15504
15505
15506
15507
15508
15513
15514
15515
15519
15520
15522
15523
15524
15525
15526
15576
15585
15586
15587
15594
15595
15596
15603
15604
15605
15606
15607
15613
15614
15615
15616
15622
15623
15624
15625
15675
15676
15677
15684
15685
15686
15687
15688
15694
15695
15696
15697
15703
15704
15705
15706
15756
15757
15758
15765
15766
15767
15768
15769
15775
15776
15777
15778
15784
15785
15786
15787
15795
15796
15801
15802
15804
15805
15810
15811
15816
15817
15849
15850
15855
15856
15857
15858
15859
15864
15865
15866
15867
15868
15870
15871
15876
15877
15882
15883
15885
15886
15891
15918
15919
15924
15925
15930
15931
15936
15937
15938
15939
15940
15946
15947
15948
15949
15957
15958
15966
15967
15972
15973
15978
15979
15981
15984
15985
15990
15991
15992
15993
15994
15999
16000
16005
16006
16038
16039
16044
16045
16047
16048
16053
16054
16059
16060
16092
16093
16098
16099
16101
16102
16107
16108
16113
16114
16119
16120
16125
16126
16128
16129
16404
16405
16406
16410
16411
16413
16414
16415
16416
16417
16422
16423
16424
16425
16426
16432
16433
16434
16435
16458
16459
16464
16465
16470
16471
16476
16477
16479
16480
16485
16486
16487
16491
16492
16494
16495
16496
16497
16498
16504
16505
16506
16507
16513
16514
16515
16516
16524
16525
16530
16531
16533
16534
16539
16540
16545
16546
16578
16579
16584
16585
16586
16587
16588
16593
16594
16595
16596
16597
16599
16600
16605
16606
16611
16612
16614
16615
16620
16666
16667
16668
16669
16675
16676
16677
16678
16686
16687
16695
16696
16701
16710
16719
16720
16721
17066
17067
17075
17076
17082
17083
17084
17085
17126
17133
17134
17135
17142
17143
17144
17145
17146
17147
17148
17152
17153
17154
17155
17156
17157
17161
17162
17163
17164
17165
17166
17207
17214
17215
17216
17223
17224
17225
17226
17227
17228
17229
17233
17234
17235
17236
17242
17243
17244
17245
17253
17254
17262
17263
17268
17270
17271
17272
17279
17280
17281
17288
17297
17309
17310
17314
17315
17316
17317
17323
17324
17325
17326
17334
17335
17343
17344
17349
17395
17396
17397
17398
17404
17405
17406
17407
17415
17416
17424
17425
17430
17439
17448
17449
17450
17496
17497
17505
17506
17511
17520
17529
17530
17531
17577
17578
17586
17587
17592
17601
17610
17611
17612
17619
17620
17621
17628
17629
17630
17631
17632
17642
17643
17649
17650
17651
17652
17658
17659
17660
17661
17666
17667
17668
17669
17670
17714
17715
17723
17724
17730
17731
17732
17733
17739
17740
17741
17742
17747
17748
17749
17750
17751
17795
17796
17804
17805
17811
17812
17813
17814
17855
17864
17876
17877
17885
17886
17892
17893
17894
17895
17936
17945
17957
17958
17999
18000
18001
18008
18009
18010
18017
18026
18038
18039
18371
18372
18378
18379
18380
18381
18387
18388
18389
18390
18395
18396
18397
18398
18399
18443
18444
18452
18453
18459
18460
18461
18462
18468
18469
18470
18471
18476
18477
18478
18479
18480
18524
18525
18533
18534
18540
18541
18542
18543
18584
18593
18605
18606
18614
18615
18621
18622
18623
18624
18954
18955
18956
18957
18962
18963
18964
18965
18966
18971
18972
18973
18980
18981
18982
19019
19020
19026
19027
19028
19029
19035
19036
19037
19038
19043
19044
19045
19046
19047
19052
19053
19054
19061
19062
19063
19100
19101
19107
19108
19109
19110
19116
19117
19118
19119
19124
19125
19126
19127
19128
19172
19173
19181
19182
19188
19189
19190
19191
19197
19198
19199
19200
19205
19206
19207
19208
19209
19253
19254
19262
19263
19269
19270
19271
19272
19313
19322
19334
19335
19343
19344
19350
19351
19352
19353
19683
19684
19685
19686
19691
19692
19693
19694
19695
19700
19701
19702
19709
19710
19711
19748
19749
19755
19756
19757
19758
19764
19765
19766
19767
19772
19773
19774
19775
19776
19781
19782
19783
19790
19791
19792
19829
19830
19836
19837
19838
19839
19845
19846
19847
19848
19853
19854
19855
19856
19857
19901
19902
19910
19911
19917
19918
19919
19920
19926
19927
19928
19929
19934
19935
19936
19937
19938
21327
21336
21337
21338
21345
21346
21347
21354
21355
21356
21357
21358
21408
21417
21418
21419
21426
21427
21428
21435
21436
21437
21438
21439
21445
21446
21447
21448
21454
21455
21456
21457
21507
21508
21509
21516
21517
21518
21519
21520
21526
21527
21528
21529
21535
21536
21537
21538
21588
21589
21590
21597
21598
21599
21600
21601
21607
21608
21609
21610
21616
21617
21618
21619
21627
21628
21636
21637
21642
22056
22065
22066
22067
22074
22075
22076
22083
22084
22085
22086
22087
22137
22146
22147
22148
22155
22156
22157
22164
22165
22166
22167
22168
22174
22175
22176
22177
22183
22184
22185
22186
22236
22237
22238
22245
22246
22247
22248
22249
22255
22256
22257
22258
22264
22265
22266
22267
22317
22318
22319
22326
22327
22328
22329
22330
22336
22337
22338
22339
22345
22346
22347
22348
22356
22357
22365
22366
22371
22417
22418
22419
22420
22426
22427
22428
22429
22437
22438
22446
22447
22452
22498
22499
22500
22501
22507
22508
22509
22510
22518
22519
22527
22528
22533
22542
22551
22552
22553
22965
22966
22967
22974
22975
22976
22977
22978
22984
22985
22986
22987
22993
22994
22995
22996
23046
23047
23048
23055
23056
23057
23058
23059
23065
23066
23067
23068
23074
23075
23076
23077
23085
23086
23094
23095
23100
23146
23147
23148
23149
23155
23156
23157
23158
23166
23167
23175
23176
23181
23227
23228
23229
23230
23236
23237
23238
23239
23247
23248
23256
23257
23262
23271
23280
23281
23282
23694
23695
23696
23703
23704
23705
23706
23707
23713
23714
23715
23716
23722
23723
23724
23725
23775
23776
23777
23784
23785
23786
23787
23788
23794
23795
23796
23797
23803
23804
23805
23806
23814
23815
23823
23824
23829
23875
23876
23877
23878
23884
23885
23886
23887
23895
23896
23904
23905
23910
23956
23957
23958
23959
23965
23966
23967
23968
23976
23977
23985
23986
23991
24000
24009
24010
24011
24057
24058
24066
24067
24072
24081
24090
24091
24092
24138
24139
24147
24148
24153
24162
24171
24172
24173
24180
24181
24182
24189
24190
24191
24192
24193
24604
24605
24606
24607
24613
24614
24615
24616
24624
24625
24633
24634
24639
24685
24686
24687
24688
24694
24695
24696
24697
24705
24706
24714
24715
24720
24729
24738
24739
24740
24786
24787
24795
24796
24801
24810
24819
24820
24821
24867
24868
24876
24877
24882
24891
24900
24901
24902
24909
24910
24911
24918
24919
24920
24921
24922
26244
26245
26248
26249
26250
26253
26254
26257
26258
26259
26280
26281
26284
26285
26286
26289
26290
26293
26294
26295
26298
26299
26302
26303
26304
26325
26326
26329
26330
26331
26334
26335
26338
26339
26340
26361
26362
26365
26366
26367
26370
26371
26374
26375
26376
26379
26380
26383
26384
26385
26568
26569
26572
26573
26574
26577
26578
26581
26582
26583
26604
26605
26608
26609
26610
26613
26614
26617
26618
26619
26622
26623
26626
26627
26628
26649
26650
26653
26654
26655
26658
26659
26662
26663
26664
26685
26686
26689
26690
26691
26694
26695
26698
26699
26700
26703
26704
26707
26708
26709
26730
26731
26734
26735
26736
26739
26740
26743
26744
26745
26766
26767
26770
26771
26772
26775
26776
26779
26780
26781
26784
26785
26788
26789
26790
26973
26974
26977
26978
26979
26982
26983
26986
26987
26988
27009
27010
27013
27014
27015
27018
27019
27022
27023
27024
27027
27028
27031
27032
27033
27054
27055
27058
27059
27060
27063
27064
27067
27068
27069
27090
27091
27094
27095
27096
27099
27100
27103
27104
27105
27108
27109
27112
27113
27114
27297
27298
27301
27302
27303
27306
27307
27310
27311
27312
27333
27334
27337
27338
27339
27342
27343
27346
27347
27348
27351
27352
27355
27356
27357
27378
27379
27382
27383
27384
27387
27388
27391
27392
27393
27414
27415
27418
27419
27420
27423
27424
27427
27428
27429
27432
27433
27436
27437
27438
27459
27460
27463
27464
27465
27468
27469
27472
27473
27474
27495
27496
27499
27500
27501
27504
27505
27508
27509
27510
27513
27514
27517
27518
27519
29160
29161
29164
29165
29166
29169
29170
29173
29174
29175
29196
29197
29200
29201
29202
29205
29206
29209
29210
29211
29214
29215
29218
29219
29220
29241
29242
29245
29246
29247
29250
29251
29254
29255
29256
29277
29278
29281
29282
29283
29286
29287
29290
29291
29292
29295
29296
29299
29300
29301
29484
29485
29488
29489
29490
29493
29494
29497
29498
29499
29520
29521
29524
29525
29526
29529
29530
29533
29534
29535
29538
29539
29542
29543
29544
29565
29566
29569
29570
29571
29574
29575
29578
29579
29580
29601
29602
29605
29606
29607
29610
29611
29614
29615
29616
29619
29620
29623
29624
29625
29646
29647
29650
29651
29652
29655
29656
29659
29660
29661
29682
29683
29686
29687
29688
29691
29692
29695
29696
29697
29700
29701
29704
29705
29706
29889
29890
29893
29894
29895
29898
29899
29902
29903
29904
29925
29926
29929
29930
29931
29934
29935
29938
29939
29940
29943
29944
29947
29948
29949
29970
29971
29974
29975
29976
29979
29980
29983
29984
29985
30006
30007
30010
30011
30012
30015
30016
30019
30020
30021
30024
30025
30028
30029
30030
30213
30214
30217
30218
30219
30222
30223
30226
30227
30228
30249
30250
30253
30254
30255
30258
30259
30262
30263
30264
30267
30268
30271
30272
30273
30294
30295
30298
30299
30300
30303
30304
30307
30308
30309
30330
30331
30334
30335
30336
30339
30340
30343
30344
30345
30348
30349
30352
30353
30354
30375
30376
30379
30380
30381
30384
30385
30388
30389
30390
30411
30412
30415
30416
30417
30420
30421
30424
30425
30426
30429
30430
30433
30434
30435
30618
30619
30622
30623
30624
30627
30628
30631
30632
30633
30654
30655
30658
30659
30660
30663
30664
30667
30668
30669
30672
30673
30676
30677
30678
30699
30700
30703
30704
30705
30708
30709
30712
30713
30714
30735
30736
30739
30740
30741
30744
30745
30748
30749
30750
30753
30754
30757
30758
30759
30942
30943
30946
30947
30948
30951
30952
30955
30956
30957
30978
30979
30982
30983
30984
30987
30988
30991
30992
30993
30996
30997
31000
31001
31002
31023
31024
31027
31028
31029
31032
31033
31036
31037
31038
31059
31060
31063
31064
31065
31068
31069
31072
31073
31074
31077
31078
31081
31082
31083
31104
31105
31108
31109
31110
31113
31114
31117
31118
31119
31140
31141
31144
31145
31146
31149
31150
31153
31154
31155
31158
31159
31162
31163
31164
32805
32806
32809
32810
32811
32814
32815
32818
32819
32820
32841
32842
32845
32846
32847
32850
32851
32854
32855
32856
32859
32860
32863
32864
32865
32886
32887
32890
32891
32892
32895
32896
32899
32900
32901
32922
32923
32926
32927
32928
32931
32932
32935
32936
32937
32940
32941
32944
32945
32946
33129
33130
33133
33134
33135
33138
33139
33142
33143
33144
33165
33166
33169
33170
33171
33174
33175
33178
33179
33180
33183
33184
33187
33188
33189
33210
33211
33214
33215
33216
33219
33220
33223
33224
33225
33246
33247
33250
33251
33252
33255
33256
33259
33260
33261
33264
33265
33268
33269
33270
33291
33292
33295
33296
33297
33300
33301
33304
33305
33306
33327
33328
33331
33332
33333
33336
33337
33340
33341
33342
33345
33346
33349
33350
33351
33534
33535
33538
33539
33540
33543
33544
33547
33548
33549
33570
33571
33574
33575
33576
33579
33580
33583
33584
33585
33588
33589
33592
33593
33594
33615
33616
33619
33620
33621
33624
33625
33628
33629
33630
33651
33652
33655
33656
33657
33660
33661
33664
33665
33666
33669
33670
33673
33674
33675
33858
33859
33862
33863
33864
33867
33868
33871
33872
33873
33894
33895
33898
33899
33900
33903
33904
33907
33908
33909
33912
33913
33916
33917
33918
33939
33940
33943
33944
33945
33948
33949
33952
33953
33954
33975
33976
33979
33980
33981
33984
33985
33988
33989
33990
33993
33994
33997
33998
33999
34020
34021
34024
34025
34026
34029
34030
34033
34034
34035
34056
34057
34060
34061
34062
34065
34066
34069
34070
34071
34074
34075
34078
34079
34080
35721
35722
35725
35726
35727
35730
35731
35734
35735
35736
35757
35758
35761
35762
35763
35766
35767
35770
35771
35772
35775
35776
35779
35780
35781
35802
35803
35806
35807
35808
35811
35812
35815
35816
35817
35838
35839
35842
35843
35844
35847
35848
35851
35852
35853
35856
35857
35860
35861
35862
36045
36046
36049
36050
36051
36054
36055
36058
36059
36060
36081
36082
36085
36086
36087
36090
36091
36094
36095
36096
36099
36100
36103
36104
36105
36126
36127
36130
36131
36132
36135
36136
36139
36140
36141
36162
36163
36166
36167
36168
36171
36172
36175
36176
36177
36180
36181
36184
36185
36186
36207
36208
36211
36212
36213
36216
36217
36220
36221
36222
36243
36244
36247
36248
36249
36252
36253
36256
36257
36258
36261
36262
36265
36266
36267
36450
36451
36454
36455
36456
36459
36460
36463
36464
36465
36486
36487
36490
36491
36492
36495
36496
36499
36500
36501
36504
36505
36508
36509
36510
36531
36532
36535
36536
36537
36540
36541
36544
36545
36546
36567
36568
36571
36572
36573
36576
36577
36580
36581
36582
36585
36586
36589
36590
36591
36774
36775
36778
36779
36780
36783
36784
36787
36788
36789
36810
36811
36814
36815
36816
36819
36820
36823
36824
36825
36828
36829
36832
36833
36834
36855
36856
36859
36860
36861
36864
36865
36868
36869
36870
36891
36892
36895
36896
36897
36900
36901
36904
36905
36906
36909
36910
36913
36914
36915
36936
36937
36940
36941
36942
36945
36946
36949
36950
36951
36972
36973
36976
36977
36978
36981
36982
36985
36986
36987
36990
36991
36994
36995
36996
37179
37180
37183
37184
37185
37188
37189
37192
37193
37194
37215
37216
37219
37220
37221
37224
37225
37228
37229
37230
37233
37234
37237
37238
37239
37260
37261
37264
37265
37266
37269
37270
37273
37274
37275
37296
37297
37300
37301
37302
37305
37306
37309
37310
37311
37314
37315
37318
37319
37320
37503
37504
37507
37508
37509
37512
37513
37516
37517
37518
37539
37540
37543
37544
37545
37548
37549
37552
37553
37554
37557
37558
37561
37562
37563
37584
37585
37588
37589
37590
37593
37594
37597
37598
37599
37620
37621
37624
37625
37626
37629
37630
37633
37634
37635
37638
37639
37642
37643
37644
37665
37666
37669
37670
37671
37674
37675
37678
37679
37680
37701
37702
37705
37706
37707
37710
37711
37714
37715
37716
37719
37720
37723
37724
37725
39366
39367
39370
39371
39372
39375
39376
39379
39380
39381
39402
39403
39406
39407
39408
39411
39412
39415
39416
39417
39420
39421
39424
39425
39426
39447
39448
39451
39452
39453
39456
39457
39460
39461
39462
39483
39484
39487
39488
39489
39492
39493
39496
39497
39498
39501
39502
39505
39506
39507
39690
39691
39694
39695
39696
39699
39700
39703
39704
39705
39726
39727
39730
39731
39732
39735
39736
39739
39740
39741
39744
39745
39748
39749
39750
39771
39772
39775
39776
39777
39780
39781
39784
39785
39786
39807
39808
39811
39812
39813
39816
39817
39820
39821
39822
39825
39826
39829
39830
39831
39852
39853
39856
39857
39858
39861
39862
39865
39866
39867
39888
39889
39892
39893
39894
39897
39898
39901
39902
39903
39906
39907
39910
39911
39912
40095
40096
40099
40100
40101
40104
40105
40108
40109
40110
40131
40132
40135
40136
40137
40140
40141
40144
40145
40146
40149
40150
40153
40154
40155
40176
40177
40180
40181
40182
40185
40186
40189
40190
40191
40212
40213
40216
40217
40218
40221
40222
40225
40226
40227
40230
40231
40234
40235
40236
40419
40420
40423
40424
40425
40428
40429
40432
40433
40434
40455
40456
40459
40460
40461
40464
40465
40468
40469
40470
40473
40474
40477
40478
40479
40500
40501
40504
40505
40506
40509
40510
40513
40514
40515
40536
40537
40540
40541
40542
40545
40546
40549
40550
40551
40554
40555
40558
40559
40560
40581
40582
40585
40586
40587
40590
40591
40594
40595
40596
40617
40618
40621
40622
40623
40626
40627
40630
40631
40632
40635
40636
40639
40640
40641
42282
42283
42286
42287
42288
42291
42292
42295
42296
42297
42318
42319
42322
42323
42324
42327
42328
42331
42332
42333
42336
42337
42340
42341
42342
42363
42364
42367
42368
42369
42372
42373
42376
42377
42378
42399
42400
42403
42404
42405
42408
42409
42412
42413
42414
42417
42418
42421
42422
42423
42606
42607
42610
42611
42612
42615
42616
42619
42620
42621
42642
42643
42646
42647
42648
42651
42652
42655
42656
42657
42660
42661
42664
42665
42666
42687
42688
42691
42692
42693
42696
42697
42700
42701
42702
42723
42724
42727
42728
42729
42732
42733
42736
42737
42738
42741
42742
42745
42746
42747
42768
42769
42772
42773
42774
42777
42778
42781
42782
42783
42804
42805
42808
42809
42810
42813
42814
42817
42818
42819
42822
42823
42826
42827
42828
43011
43012
43015
43016
43017
43020
43021
43024
43025
43026
43047
43048
43051
43052
43053
43056
43057
43060
43061
43062
43065
43066
43069
43070
43071
43092
43093
43096
43097
43098
43101
43102
43105
43106
43107
43128
43129
43132
43133
43134
43137
43138
43141
43142
43143
43146
43147
43150
43151
43152
43335
43336
43339
43340
43341
43344
43345
43348
43349
43350
43371
43372
43375
43376
43377
43380
43381
43384
43385
43386
43389
43390
43393
43394
43395
43416
43417
43420
43421
43422
43425
43426
43429
43430
43431
43452
43453
43456
43457
43458
43461
43462
43465
43466
43467
43470
43471
43474
43475
43476
43497
43498
43501
43502
43503
43506
43507
43510
43511
43512
43533
43534
43537
43538
43539
43542
43543
43546
43547
43548
43551
43552
43555
43556
43557
43740
43741
43744
43745
43746
43749
43750
43753
43754
43755
43776
43777
43780
43781
43782
43785
43786
43789
43790
43791
43794
43795
43798
43799
43800
43821
43822
43825
43826
43827
43830
43831
43834
43835
43836
43857
43858
43861
43862
43863
43866
43867
43870
43871
43872
43875
43876
43879
43880
43881
44064
44065
44068
44069
44070
44073
44074
44077
44078
44079
44100
44101
44104
44105
44106
44109
44110
44113
44114
44115
44118
44119
44122
44123
44124
44145
44146
44149
44150
44151
44154
44155
44158
44159
44160
44181
44182
44185
44186
44187
44190
44191
44194
44195
44196
44199
44200
44203
44204
44205
44226
44227
44230
44231
44232
44235
44236
44239
44240
44241
44262
44263
44266
44267
44268
44271
44272
44275
44276
44277
44280
44281
44284
44285
44286
59049
59050
59053
59054
59055
59058
59059
59062
59063
59064
59085
59086
59089
59090
59091
59094
59095
59098
59099
59100
59103
59104
59107
59108
59109
59130
59131
59134
59135
59136
59139
59140
59143
59144
59145
59166
59167
59170
59171
59172
59175
59176
59179
59180
59181
59184
59185
59188
59189
59190
59373
59374
59377
59378
59379
59382
59383
59386
59387
59388
59409
59410
59413
59414
59415
59418
59419
59422
59423
59424
59427
59428
59431
59432
59433
59454
59455
59458
59459
59460
59463
59464
59467
59468
59469
59490
59491
59494
59495
59496
59499
59500
59503
59504
59505
59508
59509
59512
59513
59514
59535
59536
59539
59540
59541
59544
59545
59548
59549
59550
59571
59572
59575
59576
59577
59580
59581
59584
59585
59586
59589
59590
59593
59594
59595
59778
59779
59782
59783
59784
59787
59788
59791
59792
59793
59814
59815
59818
59819
59820
59823
59824
59827
59828
59829
59832
59833
59836
59837
59838
59859
59860
59863
59864
59865
59868
59869
59872
59873
59874
59895
59896
59899
59900
59901
59904
59905
59908
59909
59910
59913
59914
59917
59918
59919
60102
60103
60106
60107
60108
60111
60112
60115
60116
60117
60138
60139
60142
60143
60144
60147
60148
60151
60152
60153
60156
60157
60160
60161
60162
60183
60184
60187
60188
60189
60192
60193
60196
60197
60198
60219
60220
60223
60224
60225
60228
60229
60232
60233
60234
60237
60238
60241
60242
60243
60264
60265
60268
60269
60270
60273
60274
60277
60278
60279
60300
60301
60304
60305
60306
60309
60310
60313
60314
60315
60318
60319
60322
60323
60324
61965
61966
61969
61970
61971
61974
61975
61978
61979
61980
62001
62002
62005
62006
62007
62010
62011
62014
62015
62016
62019
62020
62023
62024
62025
62046
62047
62050
62051
62052
62055
62056
62059
62060
62061
62082
62083
62086
62087
62088
62091
62092
62095
62096
62097
62100
62101
62104
62105
62106
62289
62290
62293
62294
62295
62298
62299
62302
62303
62304
62325
62326
62329
62330
62331
62334
62335
62338
62339
62340
62343
62344
62347
62348
62349
62370
62371
62374
62375
62376
62379
62380
62383
62384
62385
62406
62407
62410
62411
62412
62415
62416
62419
62420
62421
62424
62425
62428
62429
62430
62451
62452
62455
62456
62457
62460
62461
62464
62465
62466
62487
62488
62491
62492
62493
62496
62497
62500
62501
62502
62505
62506
62509
62510
62511
62694
62695
62698
62699
62700
62703
62704
62707
62708
62709
62730
62731
62734
62735
62736
62739
62740
62743
62744
62745
62748
62749
62752
62753
62754
62775
62776
62779
62780
62781
62784
62785
62788
62789
62790
62811
62812
62815
62816
62817
62820
62821
62824
62825
62826
62829
62830
62833
62834
62835
63018
63019
63022
63023
63024
63027
63028
63031
63032
63033
63054
63055
63058
63059
63060
63063
63064
63067
63068
63069
63072
63073
63076
63077
63078
63099
63100
63103
63104
63105
63108
63109
63112
63113
63114
63135
63136
63139
63140
63141
63144
63145
63148
63149
63150
63153
63154
63157
63158
63159
63180
63181
63184
63185
63186
63189
63190
63193
63194
63195
63216
63217
63220
63221
63222
63225
63226
63229
63230
63231
63234
63235
63238
63239
63240
63423
63424
63427
63428
63429
63432
63433
63436
63437
63438
63459
63460
63463
63464
63465
63468
63469
63472
63473
63474
63477
63478
63481
63482
63483
63504
63505
63508
63509
63510
63513
63514
63517
63518
63519
63540
63541
63544
63545
63546
63549
63550
63553
63554
63555
63558
63559
63562
63563
63564
63747
63748
63751
63752
63753
63756
63757
63760
63761
63762
63783
63784
63787
63788
63789
63792
63793
63796
63797
63798
63801
63802
63805
63806
63807
63828
63829
63832
63833
63834
63837
63838
63841
63842
63843
63864
63865
63868
63869
63870
63873
63874
63877
63878
63879
63882
63883
63886
63887
63888
63909
63910
63913
63914
63915
63918
63919
63922
63923
63924
63945
63946
63949
63950
63951
63954
63955
63958
63959
63960
63963
63964
63967
63968
63969
65610
65611
65614
65615
65616
65619
65620
65623
65624
65625
65646
65647
65650
65651
65652
65655
65656
65659
65660
65661
65664
65665
65668
65669
65670
65691
65692
65695
65696
65697
65700
65701
65704
65705
65706
65727
65728
65731
65732
65733
65736
65737
65740
65741
65742
65745
65746
65749
65750
65751
65934
65935
65938
65939
65940
65943
65944
65947
65948
65949
65970
65971
65974
65975
65976
65979
65980
65983
65984
65985
65988
65989
65992
65993
65994
66015
66016
66019
66020
66021
66024
66025
66028
66029
66030
66051
66052
66055
66056
66057
66060
66061
66064
66065
66066
66069
66070
66073
66074
66075
66096
66097
66100
66101
66102
66105
66106
66109
66110
66111
66132
66133
66136
66137
66138
66141
66142
66145
66146
66147
66150
66151
66154
66155
66156
66339
66340
66343
66344
66345
66348
66349
66352
66353
66354
66375
66376
66379
66380
66381
66384
66385
66388
66389
66390
66393
66394
66397
66398
66399
66420
66421
66424
66425
66426
66429
66430
66433
66434
66435
66456
66457
66460
66461
66462
66465
66466
66469
66470
66471
66474
66475
66478
66479
66480
66663
66664
66667
66668
66669
66672
66673
66676
66677
66678
66699
66700
66703
66704
66705
66708
66709
66712
66713
66714
66717
66718
66721
66722
66723
66744
66745
66748
66749
66750
66753
66754
66757
66758
66759
66780
66781
66784
66785
66786
66789
66790
66793
66794
66795
66798
66799
66802
66803
66804
66825
66826
66829
66830
66831
66834
66835
66838
66839
66840
66861
66862
66865
66866
66867
66870
66871
66874
66875
66876
66879
66880
66883
66884
66885
68526
68527
68530
68531
68532
68535
68536
68539
68540
68541
68562
68563
68566
68567
68568
68571
68572
68575
68576
68577
68580
68581
68584
68585
68586
68607
68608
68611
68612
68613
68616
68617
68620
68621
68622
68643
68644
68647
68648
68649
68652
68653
68656
68657
68658
68661
68662
68665
68666
68667
68850
68851
68854
68855
68856
68859
68860
68863
68864
68865
68886
68887
68890
68891
68892
68895
68896
68899
68900
68901
68904
68905
68908
68909
68910
68931
68932
68935
68936
68937
68940
68941
68944
68945
68946
68967
68968
68971
68972
68973
68976
68977
68980
68981
68982
68985
68986
68989
68990
68991
69012
69013
69016
69017
69018
69021
69022
69025
69026
69027
69048
69049
69052
69053
69054
69057
69058
69061
69062
69063
69066
69067
69070
69071
69072
69255
69256
69259
69260
69261
69264
69265
69268
69269
69270
69291
69292
69295
69296
69297
69300
69301
69304
69305
69306
69309
69310
69313
69314
69315
69336
69337
69340
69341
69342
69345
69346
69349
69350
69351
69372
69373
69376
69377
69378
69381
69382
69385
69386
69387
69390
69391
69394
69395
69396
69579
69580
69583
69584
69585
69588
69589
69592
69593
69594
69615
69616
69619
69620
69621
69624
69625
69628
69629
69630
69633
69634
69637
69638
69639
69660
69661
69664
69665
69666
69669
69670
69673
69674
69675
69696
69697
69700
69701
69702
69705
69706
69709
69710
69711
69714
69715
69718
69719
69720
69741
69742
69745
69746
69747
69750
69751
69754
69755
69756
69777
69778
69781
69782
69783
69786
69787
69790
69791
69792
69795
69796
69799
69800
69801
69984
69985
69988
69989
69990
69993
69994
69997
69998
69999
70020
70021
70024
70025
70026
70029
70030
70033
70034
70035
70038
70039
70042
70043
70044
70065
70066
70069
70070
70071
70074
70075
70078
70079
70080
70101
70102
70105
70106
70107
70110
70111
70114
70115
70116
70119
70120
70123
70124
70125
70308
70309
70312
70313
70314
70317
70318
70321
70322
70323
70344
70345
70348
70349
70350
70353
70354
70357
70358
70359
70362
70363
70366
70367
70368
70389
70390
70393
70394
70395
70398
70399
70402
70403
70404
70425
70426
70429
70430
70431
70434
70435
70438
70439
70440
70443
70444
70447
70448
70449
70470
70471
70474
70475
70476
70479
70480
70483
70484
70485
70506
70507
70510
70511
70512
70515
70516
70519
70520
70521
70524
70525
70528
70529
70530
85293
85294
85297
85298
85299
85302
85303
85306
85307
85308
85329
85330
85333
85334
85335
85338
85339
85342
85343
85344
85347
85348
85351
85352
85353
85374
85375
85378
85379
85380
85383
85384
85387
85388
85389
85410
85411
85414
85415
85416
85419
85420
85423
85424
85425
85428
85429
85432
85433
85434
85617
85618
85621
85622
85623
85626
85627
85630
85631
85632
85653
85654
85657
85658
85659
85662
85663
85666
85667
85668
85671
85672
85675
85676
85677
85698
85699
85702
85703
85704
85707
85708
85711
85712
85713
85734
85735
85738
85739
85740
85743
85744
85747
85748
85749
85752
85753
85756
85757
85758
85779
85780
85783
85784
85785
85788
85789
85792
85793
85794
85815
85816
85819
85820
85821
85824
85825
85828
85829
85830
85833
85834
85837
85838
85839
86022
86023
86026
86027
86028
86031
86032
86035
86036
86037
86058
86059
86062
86063
86064
86067
86068
86071
86072
86073
86076
86077
86080
86081
86082
86103
86104
86107
86108
86109
86112
86113
86116
86117
86118
86139
86140
86143
86144
86145
86148
86149
86152
86153
86154
86157
86158
86161
86162
86163
86346
86347
86350
86351
86352
86355
86356
86359
86360
86361
86382
86383
86386
86387
86388
86391
86392
86395
86396
86397
86400
86401
86404
86405
86406
86427
86428
86431
86432
86433
86436
86437
86440
86441
86442
86463
86464
86467
86468
86469
86472
86473
86476
86477
86478
86481
86482
86485
86486
86487
86508
86509
86512
86513
86514
86517
86518
86521
86522
86523
86544
86545
86548
86549
86550
86553
86554
86557
86558
86559
86562
86563
86566
86567
86568
88209
88210
88213
88214
88215
88218
88219
88222
88223
88224
88245
88246
88249
88250
88251
88254
88255
88258
88259
88260
88263
88264
88267
88268
88269
88290
88291
88294
88295
88296
88299
88300
88303
88304
88305
88326
88327
88330
88331
88332
88335
88336
88339
88340
88341
88344
88345
88348
88349
88350
88533
88534
88537
88538
88539
88542
88543
88546
88547
88548
88569
88570
88573
88574
88575
88578
88579
88582
88583
88584
88587
88588
88591
88592
88593
88614
88615
88618
88619
88620
88623
88624
88627
88628
88629
88650
88651
88654
88655
88656
88659
88660
88663
88664
88665
88668
88669
88672
88673
88674
88695
88696
88699
88700
88701
88704
88705
88708
88709
88710
88731
88732
88735
88736
88737
88740
88741
88744
88745
88746
88749
88750
88753
88754
88755
88938
88939
88942
88943
88944
88947
88948
88951
88952
88953
88974
88975
88978
88979
88980
88983
88984
88987
88988
88989
88992
88993
88996
88997
88998
89019
89020
89023
89024
89025
89028
89029
89032
89033
89034
89055
89056
89059
89060
89061
89064
89065
89068
89069
89070
89073
89074
89077
89078
89079
89262
89263
89266
89267
89268
89271
89272
89275
89276
89277
89298
89299
89302
89303
89304
89307
89308
89311
89312
89313
89316
89317
89320
89321
89322
89343
89344
89347
89348
89349
89352
89353
89356
89357
89358
89379
89380
89383
89384
89385
89388
89389
89392
89393
89394
89397
89398
89401
89402
89403
89424
89425
89428
89429
89430
89433
89434
89437
89438
89439
89460
89461
89464
89465
89466
89469
89470
89473
89474
89475
89478
89479
89482
89483
89484
89667
89668
89671
89672
89673
89676
89677
89680
89681
89682
89703
89704
89707
89708
89709
89712
89713
89716
89717
89718
89721
89722
89725
89726
89727
89748
89749
89752
89753
89754
89757
89758
89761
89762
89763
89784
89785
89788
89789
89790
89793
89794
89797
89798
89799
89802
89803
89806
89807
89808
89991
89992
89995
89996
89997
90000
90001
90004
90005
90006
90027
90028
90031
90032
90033
90036
90037
90040
90041
90042
90045
90046
90049
90050
90051
90072
90073
90076
90077
90078
90081
90082
90085
90086
90087
90108
90109
90112
90113
90114
90117
90118
90121
90122
90123
90126
90127
90130
90131
90132
90153
90154
90157
90158
90159
90162
90163
90166
90167
90168
90189
90190
90193
90194
90195
90198
90199
90202
90203
90204
90207
90208
90211
90212
90213
91854
91855
91858
91859
91860
91863
91864
91867
91868
91869
91890
91891
91894
91895
91896
91899
91900
91903
91904
91905
91908
91909
91912
91913
91914
91935
91936
91939
91940
91941
91944
91945
91948
91949
91950
91971
91972
91975
91976
91977
91980
91981
91984
91985
91986
91989
91990
91993
91994
91995
92178
92179
92182
92183
92184
92187
92188
92191
92192
92193
92214
92215
92218
92219
92220
92223
92224
92227
92228
92229
92232
92233
92236
92237
92238
92259
92260
92263
92264
92265
92268
92269
92272
92273
92274
92295
92296
92299
92300
92301
92304
92305
92308
92309
92310
92313
92314
92317
92318
92319
92340
92341
92344
92345
92346
92349
92350
92353
92354
92355
92376
92377
92380
92381
92382
92385
92386
92389
92390
92391
92394
92395
92398
92399
92400
92583
92584
92587
92588
92589
92592
92593
92596
92597
92598
92619
92620
92623
92624
92625
92628
92629
92632
92633
92634
92637
92638
92641
92642
92643
92664
92665
92668
92669
92670
92673
92674
92677
92678
92679
92700
92701
92704
92705
92706
92709
92710
92713
92714
92715
92718
92719
92722
92723
92724
92907
92908
92911
92912
92913
92916
92917
92920
92921
92922
92943
92944
92947
92948
92949
92952
92953
92956
92957
92958
92961
92962
92965
92966
92967
92988
92989
92992
92993
92994
92997
92998
93001
93002
93003
93024
93025
93028
93029
93030
93033
93034
93037
93038
93039
93042
93043
93046
93047
93048
93069
93070
93073
93074
93075
93078
93079
93082
93083
93084
93105
93106
93109
93110
93111
93114
93115
93118
93119
93120
93123
93124
93127
93128
93129
94770
94771
94774
94775
94776
94779
94780
94783
94784
94785
94806
94807
94810
94811
94812
94815
94816
94819
94820
94821
94824
94825
94828
94829
94830
94851
94852
94855
94856
94857
94860
94861
94864
94865
94866
94887
94888
94891
94892
94893
94896
94897
94900
94901
94902
94905
94906
94909
94910
94911
95094
95095
95098
95099
95100
95103
95104
95107
95108
95109
95130
95131
95134
95135
95136
95139
95140
95143
95144
95145
95148
95149
95152
95153
95154
95175
95176
95179
95180
95181
95184
95185
95188
95189
95190
95211
95212
95215
95216
95217
95220
95221
95224
95225
95226
95229
95230
95233
95234
95235
95256
95257
95260
95261
95262
95265
95266
95269
95270
95271
95292
95293
95296
95297
95298
95301
95302
95305
95306
95307
95310
95311
95314
95315
95316
95499
95500
95503
95504
95505
95508
95509
95512
95513
95514
95535
95536
95539
95540
95541
95544
95545
95548
95549
95550
95553
95554
95557
95558
95559
95580
95581
95584
95585
95586
95589
95590
95593
95594
95595
95616
95617
95620
95621
95622
95625
95626
95629
95630
95631
95634
95635
95638
95639
95640
95823
95824
95827
95828
95829
95832
95833
95836
95837
95838
95859
95860
95863
95864
95865
95868
95869
95872
95873
95874
95877
95878
95881
95882
95883
95904
95905
95908
95909
95910
95913
95914
95917
95918
95919
95940
95941
95944
95945
95946
95949
95950
95953
95954
95955
95958
95959
95962
95963
95964
95985
95986
95989
95990
95991
95994
95995
95998
95999
96000
96021
96022
96025
96026
96027
96030
96031
96034
96035
96036
96039
96040
96043
96044
96045
96228
96229
96232
96233
96234
96237
96238
96241
96242
96243
96264
96265
96268
96269
96270
96273
96274
96277
96278
96279
96282
96283
96286
96287
96288
96309
96310
96313
96314
96315
96318
96319
96322
96323
96324
96345
96346
96349
96350
96351
96354
96355
96358
96359
96360
96363
96364
96367
96368
96369
96552
96553
96556
96557
96558
96561
96562
96565
96566
96567
96588
96589
96592
96593
96594
96597
96598
96601
96602
96603
96606
96607
96610
96611
96612
96633
96634
96637
96638
96639
96642
96643
96646
96647
96648
96669
96670
96673
96674
96675
96678
96679
96682
96683
96684
96687
96688
96691
96692
96693
96714
96715
96718
96719
96720
96723
96724
96727
96728
96729
96750
96751
96754
96755
96756
96759
96760
96763
96764
96765
96768
96769
96772
96773
96774
98415
98416
98419
98420
98421
98424
98425
98428
98429
98430
98451
98452
98455
98456
98457
98460
98461
98464
98465
98466
98469
98470
98473
98474
98475
98496
98497
98500
98501
98502
98505
98506
98509
98510
98511
98532
98533
98536
98537
98538
98541
98542
98545
98546
98547
98550
98551
98554
98555
98556
98739
98740
98743
98744
98745
98748
98749
98752
98753
98754
98775
98776
98779
98780
98781
98784
98785
98788
98789
98790
98793
98794
98797
98798
98799
98820
98821
98824
98825
98826
98829
98830
98833
98834
98835
98856
98857
98860
98861
98862
98865
98866
98869
98870
98871
98874
98875
98878
98879
98880
98901
98902
98905
98906
98907
98910
98911
98914
98915
98916
98937
98938
98941
98942
98943
98946
98947
98950
98951
98952
98955
98956
98959
98960
98961
99144
99145
99148
99149
99150
99153
99154
99157
99158
99159
99180
99181
99184
99185
99186
99189
99190
99193
99194
99195
99198
99199
99202
99203
99204
99225
99226
99229
99230
99231
99234
99235
99238
99239
99240
99261
99262
99265
99266
99267
99270
99271
99274
99275
99276
99279
99280
99283
99284
99285
99468
99469
99472
99473
99474
99477
99478
99481
99482
99483
99504
99505
99508
99509
99510
99513
99514
99517
99518
99519
99522
99523
99526
99527
99528
99549
99550
99553
99554
99555
99558
99559
99562
99563
99564
99585
99586
99589
99590
99591
99594
99595
99598
99599
99600
99603
99604
99607
99608
99609
99630
99631
99634
99635
99636
99639
99640
99643
99644
99645
99666
99667
99670
99671
99672
99675
99676
99679
99680
99681
99684
99685
99688
99689
99690
