2
4
5
7
8
9
10
11
13
14
16
17
18
19
20
22
23
25
26
28
29
31
32
34
35
36
37
38
40
41
43
44
45
46
47
49
50
52
53
55
56
58
59
61
62
63
64
65
67
68
70
71
72
73
74
76
77
79
80
81
82
83
85
86
88
89
90
91
92
94
95
97
98
99
100
101
103
104
106
107
109
110
112
113
115
116
117
118
119
121
122
124
125
126
127
130
131
133
134
136
137
139
140
142
144
145
146
149
152
153
154
155
157
158
160
161
162
163
164
166
167
169
171
172
173
175
176
178
179
180
184
187
188
190
191
193
194
196
197
198
199
200
202
203
205
206
207
208
209
211
212
214
215
217
218
220
221
223
224
225
226
227
229
230
232
233
234
235
236
238
239
241
242
244
245
247
248
250
251
252
253
254
256
257
259
260
261
262
263
265
266
268
269
271
272
274
275
277
278
279
280
281
283
284
286
287
288
289
290
292
293
295
296
299
301
302
304
306
307
308
310
311
313
315
316
319
322
323
324
325
326
328
329
333
334
335
337
338
340
342
343
344
349
350
352
353
355
358
359
360
361
362
364
365
367
368
369
370
373
374
376
377
379
382
383
387
388
392
400
403
405
406
409
410
412
413
414
415
416
418
419
421
423
427
434
436
437
442
445
446
448
451
454
461
463
468
469
477
478
479
481
482
484
485
488
493
495
496
499
500
502
505
508
511
512
514
515
520
521
522
523
524
527
529
530
531
532
533
535
542
544
545
548
550
551
554
558
562
567
568
569
574
577
580
581
583
584
585
586
589
590
592
593
595
598
599
601
602
605
608
611
612
613
614
616
617
619
620
622
623
625
628
629
630
631
634
635
637
639
640
641
643
644
646
648
649
650
652
655
656
657
659
661
662
664
665
666
667
668
670
671
673
676
677
679
680
682
683
684
685
686
688
689
691
692
695
697
698
700
701
703
704
706
709
710
711
712
715
716
718
719
722
727
729
730
731
733
734
736
737
738
739
740
742
743
745
746
747
748
749
751
752
754
755
757
758
760
761
763
764
765
766
769
770
772
773
774
775
779
781
784
785
787
788
791
792
793
794
796
797
800
802
803
808
810
811
814
815
817
819
820
821
823
824
826
827
828
829
832
833
835
836
839
841
842
844
845
846
847
850
851
853
855
856
857
859
860
862
863
866
868
869
871
872
873
874
880
891
892
895
898
900
901
902
907
908
917
919
920
922
926
927
928
929
932
934
935
936
937
940
943
944
946
947
949
952
954
955
958
962
963
964
967
970
971
974
976
980
981
982
986
990
991
1000
1003
1006
1013
1015
1016
1018
1021
1022
1024
1025
1027
1030
1031
1033
1035
1036
1039
1040
1044
1045
1048
1051
1052
1053
1054
1057
1058
1060
1062
1063
1066
1067
1069
1070
1071
1078
1079
1081
1087
1088
1089
1090
1091
1093
1096
1099
1102
1103
1108
1109
1111
1112
1114
1115
1116
1117
1121
1125
1126
1129
1132
1134
1135
1138
1139
1143
1144
1147
1148
1150
1156
1160
1162
1165
1166
1168
1170
1171
1175
1177
1179
1180
1196
1204
1213
1234
1241
1246
1249
1250
1251
1252
1258
1260
1261
1262
1270
1271
1278
1280
1285
1294
1296
1297
1300
1301
1305
1306
1309
1310
1312
1313
1314
1315
1318
1319
1325
1327
1331
1336
1337
1340
1341
1343
1377
1378
1379
1387
1394
1395
1396
1402
1405
1411
1420
1424
1444
1445
1447
1453
1454
1458
1459
1460
1465
1467
1475
1476
1477
1480
1481
1483
1484
1486
1487
1489
1490
1492
1494
1495
1499
1513
1514
1519
1521
1523
1526
1539
1540
1541
1548
1553
1562
1571
1574
1585
1588
1594
1615
1616
1649
1651
1656
1663
1664
1666
1667
1669
1672
1673
1675
1681
1683
1687
1688
1690
1694
1699
1708
1710
1711
1712
1714
1717
1719
1720
1721
1730
1736
1737
1744
1745
1782
1783
1784
1789
1791
1825
1826
1829
1831
1834
1835
1838
1840
1843
1844
1845
1846
1847
1849
1852
1854
1855
1856
1858
1861
1862
1863
1864
1865
1874
1876
1879
1881
1882
1883
1886
1894
1898
1899
1900
1901
1903
1904
1906
1907
1908
1909
1910
1912
1915
1916
1918
1919
1924
1925
1926
1927
1930
1933
1935
1936
1939
1940
1942
1943
1953
1962
1963
1967
1969
1970
1972
1980
1981
1985
1987
1991
1999
2000
2005
2007
2009
2012
2025
2026
2027
2029
2034
2035
2038
2042
2043
2044
2048
2050
2051
2059
2060
2061
2062
2065
2066
2069
2070
2080
2083
2084
2086
2088
2090
2093
2096
2097
2099
2104
2106
2107
2108
2110
2115
2116
2117
2119
2122
2123
2124
2125
2126
2131
2132
2140
2141
2142
2143
2144
2146
2149
2150
2151
2152
2153
2155
2158
2159
2161
2162
2165
2167
2169
2170
2171
2173
2174
2176
2177
2178
2179
2180
2182
2183
2185
2186
2216
2218
2219
2221
2223
2224
2228
2242
2243
2245
2248
2250
2252
2255
2268
2269
2270
2277
2278
2279
2281
2282
2284
2286
2287
2288
2290
2299
2300
2302
2304
2305
2308
2309
2312
2313
2317
2320
2323
2326
2329
2330
2331
2332
2333
2335
2336
2338
2340
2342
2349
2350
2351
2356
2358
2359
2360
2362
2365
2367
2368
2369
2371
2374
2377
2378
2380
2392
2393
2396
2398
2399
2401
2402
2404
2405
2421
2422
2423
2426
2428
2429
2441
2443
2444
2446
2448
2449
2450
2456
2459
2461
2466
2471
2477
2479
2480
2482
2483
2486
2488
2489
2495
2498
2500
2502
2506
2507
2511
2512
2515
2525
2533
2536
2539
2543
2545
2554
2555
2556
2560
2563
2564
2566
2572
2573
2574
2575
2578
2581
2583
2584
2587
2590
2591
2600
2610
2611
2615
2620
2623
2626
2627
2628
2629
2630
2635
2636
2637
2638
2644
2645
2647
2653
2654
2655
2656
2659
2662
2664
2665
2668
2669
2671
2672
2691
2692
2696
2699
2701
2707
2708
2709
2710
2711
2716
2717
2718
2719
2726
2728
2731
2732
2738
2741
2743
2752
2754
2755
2758
2759
2763
2764
2767
2768
2770
2772
2773
2777
2779
2780
2788
2789
2790
2791
2792
2794
2798
2799
2800
2801
2804
2807
2809
2810
2815
2816
2817
2818
2827
2835
2836
2839
2843
2844
2845
2848
2860
2861
2869
2870
2871
2872
2875
2878
2879
2887
2888
2890
2898
2899
2902
2907
2908
2911
2914
2915
2916
2917
2920
2921
2925
2926
2929
2930
2932
2941
2942
2947
2950
2951
2952
2953
2956
2959
2961
2962
2997
2998
3001
3002
3006
3007
3010
3011
3013
3022
3023
3031
3032
3033
3034
3037
3040
3042
3043
3046
3047
3055
3056
3060
3061
3121
3122
3130
3131
3141
3142
3145
3150
3151
3154
3157
3158
3202
3203
3211
3212
3222
3223
3226
3231
3232
3235
3238
3239
3240
3241
3244
3249
3250
3253
3265
3266
3274
3275
3276
3277
3280
3355
3357
3358
3364
3366
3367
3391
3400
3436
3438
3439
3445
3447
3448
3472
3481
3483
3484
3487
3488
3492
3493
3496
3497
3499
3645
3646
3649
3650
3654
3655
3658
3659
3661
3679
3681
3682
3688
3690
3691
3726
3727
3730
3731
3735
3736
3739
3740
3742
3760
3762
3763
3769
3771
3772
3775
3776
3784
3785
3789
3790
3796
3805
3838
3839
3877
3886
3919
3920
3922
3924
3925
3931
3933
3934
4124
4129
4160
4174
4178
4180
4286
4291
4304
4306
4309
4311
4312
4313
4336
4340
4342
4354
4356
4357
4360
4363
4367
4372
4565
4579
4583
4585
4610
4615
4628
4630
4633
4635
4636
4637
4646
4689
4690
4694
4697
4716
4717
4721
4741
4745
4747
4748
4751
4754
4759
4761
4762
4765
4768
4770
4771
4775
4778
4779
4780
4788
4789
4790
4792
4795
4797
4798
4799
4810
4815
4816
4819
4822
4826
4828
4853
4858
4889
4895
4898
4903
4904
4905
4906
4907
4909
4919
4925
4928
4959
4960
4964
4976
4979
4985
4986
4987
4988
4991
4994
4997
5210
5231
5234
5237
5240
5265
5266
5274
5275
5276
5291
5300
5303
5309
5310
5311
5418
5419
5423
5426
5445
5446
5450
5474
5477
5480
5483
5499
5500
5504
5507
5508
5509
5517
5518
5519
5526
5527
5531
5543
5546
5552
5553
5554
5580
5581
5585
5588
5607
5608
5612
5615
5744
5749
5762
5764
5767
5769
5770
5771
5794
5798
5800
5812
5814
5815
5818
5821
5825
5830
5924
5926
5929
5931
5932
5933
5944
5949
5950
5953
5974
5976
5977
5980
5983
5994
5995
6003
6004
6005
6007
6010
6012
6013
6014
6199
6203
6205
6217
6219
6220
6223
6226
6248
6250
6253
6255
6256
6257
6268
6273
6274
6277
6280
6284
6286
6379
6381
6382
6385
6388
6399
6400
6408
6409
6430
6435
6436
6439
6460
6462
6463
6466
6469
6473
6478
6491
6493
6496
6498
6499
6500
6523
6527
6529
6541
6543
6544
6547
6550
6554
6559
6561
6562
6565
6566
6570
6571
6572
6574
6575
6577
6586
6587
6590
6595
6596
6597
6598
6601
6604
6606
6607
6620
6626
6629
6635
6640
6642
6643
6646
6647
6651
6652
6653
6655
6656
6658
6660
6661
6665
6667
6668
6676
6677
6678
6679
6682
6685
6687
6688
6691
6692
6700
6701
6705
6706
6752
6766
6767
6770
6772
6773
6775
6776
6779
6786
6787
6790
6795
6796
6797
6799
6800
6802
6803
6815
6817
6820
6822
6823
6824
6830
6833
6847
6848
6851
6853
6854
6856
6857
6860
6862
6863
6867
6868
6869
6871
6872
6876
6877
6880
6883
6884
6885
6886
6889
6890
6894
6895
6898
6899
6901
6910
6911
6919
6920
6921
6922
6925
6934
6935
6943
6944
6948
6949
6966
6967
6970
6971
6975
6976
6979
6980
6982
6997
6998
7040
7045
7076
7082
7085
7090
7091
7092
7093
7094
7096
7106
7112
7115
7146
7147
7151
7163
7166
7172
7173
7174
7175
7178
7181
7184
7202
7207
7220
7222
7225
7227
7228
7229
7252
7256
7258
7270
7272
7273
7276
7279
7283
7288
7290
7291
7294
7295
7299
7300
7301
7303
7304
7306
7315
7316
7319
7324
7325
7326
7327
7330
7333
7335
7336
7349
7355
7358
7364
7369
7371
7372
7375
7376
7380
7381
7382
7384
7385
7387
7389
7390
7394
7396
7397
7405
7406
7407
7408
7411
7414
7416
7417
7418
7420
7421
7424
7427
7429
7430
7434
7435
7452
7453
7461
7462
7463
7478
7487
7490
7495
7496
7497
7498
7499
7502
7504
7505
7508
7515
7516
7519
7524
7525
7528
7529
7531
7532
7559
7576
7577
7580
7582
7583
7585
7586
7589
7591
7592
7596
7597
7598
7600
7601
7605
7606
7609
7612
7613
7614
7615
7618
7619
7623
7624
7627
7628
7630
7639
7640
7648
7649
7650
7651
7654
7663
7664
7672
7673
7677
7678
7695
7696
7699
7700
7704
7705
7708
7709
7711
7713
7714
7718
7726
7727
7729
7730
7731
7732
7733
7738
7739
7740
7741
7765
7767
7768
7772
7774
7775
7794
7795
7799
7802
7810
7812
7813
7819
7821
7822
7846
7855
7857
7858
7861
7862
7866
7867
7870
7871
7873
8019
8020
8028
8029
8030
8045
8078
8084
8087
8100
8101
8109
8110
8111
8118
8119
8123
8228
8231
8234
8237
8253
8254
8258
8261
8288
8309
8312
8315
8318
8321
8327
8330
8334
8335
8339
8342
8361
8362
8366
8386
8387
8390
8393
8395
8396
8399
8406
8407
8410
8415
8416
8419
8420
8422
8423
8424
8425
8433
8434
8435
8467
8468
8476
8477
8487
8488
8491
8496
8497
8500
8503
8504
8586
8587
8590
8595
8596
8599
8611
8612
8620
8621
8622
8623
8626
8667
8668
8671
8676
8677
8680
8692
8693
8701
8702
8703
8704
8707
8710
8711
8719
8720
8730
8731
8734
8739
8740
8743
8746
8747
9115
9116
9124
9125
9135
9136
9139
9144
9145
9148
9151
9152
9187
9189
9190
9196
9197
9198
9199
9205
9206
9216
9217
9220
9223
9225
9226
9229
9232
9233
9268
9270
9271
9277
9279
9280
9304
9313
9315
9316
9319
9320
9324
9325
9328
9329
9331
9340
9341
9349
9350
9351
9352
9355
9396
9397
9400
9405
9406
9409
9421
9422
9430
9431
9432
9433
9436
9439
9440
9448
9449
9459
9460
9463
9468
9469
9472
9475
9476
9477
9478
9481
9482
9486
9487
9490
9491
9493
9502
9503
9511
9512
9513
9514
9517
9520
9522
9523
9558
9559
9562
9563
9567
9568
9571
9572
9574
9583
9584
9592
9593
9594
9595
9598
9601
9603
9604
9607
9608
9616
9617
9621
9622
9682
9683
9691
9692
9702
9703
9706
9711
9712
9715
9718
9719
9763
9764
9772
9773
9783
9784
9787
9792
9793
9796
9799
9800
9801
9802
9805
9810
9811
9814
9826
9827
9835
9836
9837
9838
9841
9916
9918
9919
9925
9927
9928
9952
9961
9997
9999
10000
10006
10008
10009
10033
10042
10044
10045
10048
10049
10053
10054
10057
10058
10060
10206
10207
10210
10211
10215
10216
10219
10220
10222
10240
10242
10243
10249
10251
10252
10287
10288
10291
10292
10296
10297
10300
10301
10303
10321
10323
10324
10330
10332
10333
10336
10337
10345
10346
10350
10351
10357
10366
10399
10400
10438
10447
10480
10481
10483
10485
10486
10492
10494
10495
10498
10499
10507
10508
10512
10513
10530
10531
10534
10535
10539
10540
10543
10544
10546
10579
10580
10588
10589
10593
10594
10611
10612
10615
10616
10620
10621
10624
10625
10627
10642
10643
10804
10805
10822
10823
10831
10832
10836
10837
10885
10886
10903
10904
10912
10913
10917
10918
10924
10933
11227
11228
11236
11237
11241
11242
11259
11260
11263
11264
11268
11269
11272
11273
11275
11308
11309
11317
11318
11322
11323
11340
11341
11344
11345
11349
11350
11353
11354
11356
11371
11372
11533
11534
11551
11552
11560
11561
11565
11566
11614
11615
11632
11633
11641
11642
11646
11647
11653
11662
11664
11665
11668
11669
11673
11674
11677
11678
11680
11698
11700
11701
11707
11709
11710
11745
11746
11749
11750
11754
11755
11758
11759
11761
11779
11781
11782
11788
11790
11791
11794
11795
11803
11804
11808
11809
16405
16406
16414
16415
16425
16426
16429
16434
16435
16438
16441
16442
16486
16487
16495
16496
16506
16507
16510
16515
16516
16519
16522
16523
16605
16606
16609
16614
16615
16618
16630
16631
16639
16640
16641
16642
16645
16686
16687
16690
16695
16696
16699
16711
16712
16720
16721
16722
16723
16726
16729
16730
16738
16739
16749
16750
16753
16758
16759
16762
16765
16766
17134
17135
17143
17144
17154
17155
17158
17163
17164
17167
17170
17171
17215
17216
17224
17225
17235
17236
17239
17244
17245
17248
17251
17252
17334
17335
17338
17343
17344
17347
17359
17360
17368
17369
17370
17371
17374
17415
17416
17419
17424
17425
17428
17440
17441
17449
17450
17451
17452
17455
17458
17459
17467
17468
17478
17479
17482
17487
17488
17491
17494
17495
18225
18226
18229
18234
18235
18238
18250
18251
18259
18260
18261
18262
18265
18306
18307
18310
18315
18316
18319
18331
18332
18340
18341
18342
18343
18346
18430
18431
18439
18440
18450
18451
18454
18459
18460
18463
18466
18467
18511
18512
18520
18521
18531
18532
18535
18540
18541
18544
18547
18548
18549
18550
18553
18558
18559
18562
18574
18575
18583
18584
18585
18586
18589
18954
18955
18958
18963
18964
18967
18979
18980
18988
18989
18990
18991
18994
19035
19036
19039
19044
19045
19048
19060
19061
19069
19070
19071
19072
19075
19159
19160
19168
19169
19179
19180
19183
19188
19189
19192
19195
19196
19240
19241
19249
19250
19260
19261
19264
19269
19270
19273
19276
19277
19278
19279
19282
19287
19288
19291
19303
19304
19312
19313
19314
19315
19318
19321
19322
19330
19331
19341
19342
19345
19350
19351
19354
19357
19358
19402
19403
19411
19412
19422
19423
19426
19431
19432
19435
19438
19439
19521
19522
19525
19530
19531
19534
19546
19547
19555
19556
19557
19558
19561
19602
19603
19606
19611
19612
19615
19627
19628
19636
19637
19638
19639
19642
19645
19646
19654
19655
19665
19666
19669
19674
19675
19678
19681
19682
22966
22967
22975
22976
22986
22987
22990
22995
22996
22999
23002
23003
23047
23048
23056
23057
23067
23068
23071
23076
23077
23080
23083
23084
23166
23167
23170
23175
23176
23179
23191
23192
23200
23201
23202
23203
23206
23247
23248
23251
23256
23257
23260
23272
23273
23281
23282
23283
23284
23287
23290
23291
23299
23300
23310
23311
23314
23319
23320
23323
23326
23327
23695
23696
23704
23705
23715
23716
23719
23724
23725
23728
23731
23732
23776
23777
23785
23786
23796
23797
23800
23805
23806
23809
23812
23813
23895
23896
23899
23904
23905
23908
23920
23921
23929
23930
23931
23932
23935
23976
23977
23980
23985
23986
23989
24001
24002
24010
24011
24012
24013
24016
24019
24020
24028
24029
24039
24040
24043
24048
24049
24052
24055
24056
24786
24787
24790
24795
24796
24799
24811
24812
24820
24821
24822
24823
24826
24867
24868
24871
24876
24877
24880
24892
24893
24901
24902
24903
24904
24907
24991
24992
25000
25001
25011
25012
25015
25020
25021
25024
25027
25028
25072
25073
25081
25082
25092
25093
25096
25101
25102
25105
25108
25109
25110
25111
25114
25119
25120
25123
25135
25136
25144
25145
25146
25147
25150
25515
25516
25519
25524
25525
25528
25540
25541
25549
25550
25551
25552
25555
25596
25597
25600
25605
25606
25609
25621
25622
25630
25631
25632
25633
25636
25720
25721
25729
25730
25740
25741
25744
25749
25750
25753
25756
25757
25801
25802
25810
25811
25821
25822
25825
25830
25831
25834
25837
25838
25839
25840
25843
25848
25849
25852
25864
25865
25873
25874
25875
25876
25879
25882
25883
25891
25892
25902
25903
25906
25911
25912
25915
25918
25919
25963
25964
25972
25973
25983
25984
25987
25992
25993
25996
25999
26000
26082
26083
26086
26091
26092
26095
26107
26108
26116
26117
26118
26119
26122
26163
26164
26167
26172
26173
26176
26188
26189
26197
26198
26199
26200
26203
26206
26207
26215
26216
26226
26227
26230
26235
26236
26239
26242
26243
26244
26245
26248
26253
26254
26257
26269
26270
26278
26279
26280
26281
26284
26325
26326
26329
26334
26335
26338
26350
26351
26359
26360
26361
26362
26365
26449
26450
26458
26459
26469
26470
26473
26478
26479
26482
26485
26486
26530
26531
26539
26540
26550
26551
26554
26559
26560
26563
26566
26567
26568
26569
26572
26577
26578
26581
26593
26594
26602
26603
26604
26605
26608
26973
26974
26977
26982
26983
26986
26998
26999
27007
27008
27009
27010
27013
27054
27055
27058
27063
27064
27067
27079
27080
27088
27089
27090
27091
27094
27178
27179
27187
27188
27198
27199
27202
27207
27208
27211
27214
27215
27259
27260
27268
27269
27279
27280
27283
27288
27289
27292
27295
27296
27297
27298
27301
27306
27307
27310
27322
27323
27331
27332
27333
27334
27337
28069
28070
28078
28079
28089
28090
28093
28098
28099
28102
28105
28106
28150
28151
28159
28160
28170
28171
28174
28179
28180
28183
28186
28187
28269
28270
28273
28278
28279
28282
28294
28295
28303
28304
28305
28306
28309
28350
28351
28354
28359
28360
28363
28375
28376
28384
28385
28386
28387
28390
28393
28394
28402
28403
28413
28414
28417
28422
28423
28426
28429
28430
28798
28799
28807
28808
28818
28819
28822
28827
28828
28831
28834
28835
28879
28880
28888
28889
28899
28900
28903
28908
28909
28912
28915
28916
28998
28999
29002
29007
29008
29011
29023
29024
29032
29033
29034
29035
29038
29079
29080
29083
29088
29089
29092
29104
29105
29113
29114
29115
29116
29119
29122
29123
29131
29132
29142
29143
29146
29151
29152
29155
29158
29159
29160
29161
29164
29169
29170
29173
29185
29186
29194
29195
29196
29197
29200
29241
29242
29245
29250
29251
29254
29266
29267
29275
29276
29277
29278
29281
29365
29366
29374
29375
29385
29386
29389
29394
29395
29398
29401
29402
29446
29447
29455
29456
29466
29467
29470
29475
29476
29479
29482
29483
29484
29485
29488
29493
29494
29497
29509
29510
29518
29519
29520
29521
29524
