2
4
5
7
8
9
10
11
13
14
16
17
18
19
20
22
23
25
26
28
29
31
32
34
35
36
37
38
40
41
43
44
45
46
47
49
50
52
53
55
56
58
59
61
62
63
64
65
67
68
70
71
72
73
74
76
77
79
80
81
82
83
85
86
88
89
90
91
92
94
95
97
98
99
100
101
103
104
106
107
109
110
112
113
115
116
117
118
119
121
122
124
125
126
127
128
130
131
133
134
136
137
139
140
142
143
144
145
146
148
149
151
152
153
154
155
157
158
160
161
162
163
164
166
167
169
170
171
172
173
175
176
178
179
180
181
182
184
185
187
188
190
191
193
194
196
197
198
199
200
202
203
205
206
207
208
209
211
212
214
215
217
218
220
221
223
224
225
226
227
229
230
232
233
234
235
236
238
239
241
242
248
250
251
252
253
254
256
257
259
260
261
262
263
265
266
268
269
271
272
274
275
277
278
279
280
281
283
284
286
287
288
289
290
292
293
295
296
298
299
301
302
304
305
306
307
308
310
311
313
314
315
316
317
319
320
323
324
325
326
328
329
331
332
333
334
335
337
338
340
341
342
343
344
346
347
349
350
352
353
355
356
358
359
360
361
362
364
365
367
368
369
370
371
373
374
376
377
379
380
382
383
385
386
387
388
389
391
392
394
395
396
397
398
400
401
403
404
405
406
407
409
410
412
413
414
415
416
418
419
421
422
423
424
425
427
428
430
431
433
434
436
437
439
440
441
442
443
445
446
448
449
450
451
452
454
455
457
458
460
461
463
464
466
467
468
469
470
472
473
475
476
477
478
479
481
482
484
485
491
493
495
496
497
499
500
502
503
504
505
506
508
509
511
512
514
515
517
518
520
521
522
523
524
526
527
529
530
531
532
533
535
536
538
539
541
542
544
545
547
549
550
551
553
556
558
559
560
562
563
565
567
568
569
571
572
574
575
576
577
578
580
581
584
585
586
587
589
590
592
593
595
596
598
599
601
602
603
604
605
607
608
610
611
612
613
614
616
617
619
620
622
623
625
626
628
629
630
631
634
635
637
640
648
649
650
652
653
656
657
658
659
661
662
664
665
666
667
668
670
671
673
674
676
677
679
680
682
683
684
685
686
688
689
691
692
693
694
695
697
698
700
701
703
704
706
707
709
711
712
713
715
718
720
721
722
724
725
727
728
729
730
731
733
734
736
737
738
739
740
742
743
745
746
747
748
749
751
752
754
755
757
758
760
761
763
764
765
766
767
769
770
772
773
774
775
776
778
779
781
782
788
790
792
793
794
796
799
801
802
803
805
806
808
809
810
811
812
814
815
817
818
819
820
821
823
824
826
827
828
829
830
832
833
835
836
838
839
841
842
845
846
847
848
850
851
854
855
856
857
859
860
862
863
865
866
868
869
871
872
873
874
877
878
880
882
883
884
886
887
890
891
892
893
895
896
898
899
900
901
902
904
905
907
908
909
910
911
913
914
916
917
922
923
926
927
928
929
931
932
934
935
936
937
938
940
941
943
944
949
950
952
953
954
955
956
958
961
962
963
964
965
967
968
970
971
981
982
985
989
990
992
994
995
997
998
1003
1004
1007
1008
1009
1012
1013
1015
1016
1017
1018
1019
1022
1024
1025
1031
1043
1044
1045
1048
1049
1052
1053
1054
1055
1057
1058
1060
1061
1062
1063
1064
1066
1067
1070
1071
1072
1073
1075
1076
1078
1079
1084
1085
1088
1089
1090
1091
1093
1094
1097
1098
1099
1100
1102
1103
1106
1125
1126
1127
1129
1130
1133
1134
1135
1136
1138
1139
1142
1143
1144
1145
1147
1148
1151
1152
1153
1154
1156
1157
1160
1168
1169
1170
1171
1172
1174
1175
1177
1178
1179
1180
1181
1183
1184
1186
1187
1190
1192
1195
1196
1197
1198
1199
1201
1204
1205
1206
1207
1208
1210
1211
1214
1228
1231
1232
1233
1234
1235
1237
1238
1240
1241
1246
1249
1250
1251
1252
1255
1258
1262
1296
1297
1298
1300
1304
1305
1306
1312
1313
1314
1315
1316
1321
1322
1327
1330
1331
1332
1333
1336
1339
1343
1345
1348
1349
1352
1354
1359
1360
1377
1378
1379
1381
1382
1385
1386
1387
1388
1390
1391
1393
1394
1395
1396
1397
1399
1400
1402
1403
1408
1413
1414
1415
1417
1418
1421
1422
1423
1424
1426
1427
1430
1442
1444
1447
1449
1450
1451
1453
1454
1457
1458
1459
1460
1462
1463
1465
1466
1467
1468
1469
1471
1472
1474
1475
1476
1477
1478
1480
1481
1483
1484
1489
1490
1492
1493
1494
1495
1496
1498
1499
1501
1502
1503
1504
1505
1507
1508
1510
1511
1517
1519
1521
1522
1523
1525
1528
1530
1531
1532
1534
1535
1537
1538
1539
1540
1541
1543
1544
1546
1547
1548
1549
1550
1552
1553
1555
1556
1557
1558
1559
1561
1562
1564
1565
1571
1575
1576
1577
1579
1580
1583
1584
1585
1586
1588
1589
1591
1592
1595
1597
1602
1603
1604
1606
1609
1611
1612
1613
1615
1616
1619
1620
1621
1622
1624
1625
1627
1628
1629
1630
1631
1633
1634
1636
1637
1638
1639
1640
1642
1643
1645
1646
1651
1652
1656
1657
1658
1660
1661
1663
1664
1665
1666
1667
1669
1670
1672
1673
1676
1678
1679
1681
1682
1683
1684
1685
1687
1690
1691
1692
1693
1694
1696
1697
1699
1700
1724
1726
1727
1733
1735
1736
1737
1738
1741
1742
1744
1745
1746
1747
1748
1751
1753
1754
1760
1782
1783
1784
1786
1787
1789
1790
1791
1792
1793
1795
1796
1799
1800
1801
1802
1804
1805
1807
1808
1814
1818
1819
1820
1822
1823
1825
1826
1827
1828
1829
1831
1832
1834
1835
1841
1843
1844
1845
1846
1847
1849
1852
1853
1854
1855
1856
1858
1859
1861
1862
1863
1864
1865
1867
1868
1870
1871
1872
1873
1874
1876
1877
1880
1881
1882
1883
1885
1886
1888
1889
1897
1898
1899
1900
1901
1903
1904
1906
1907
1908
1909
1910
1912
1913
1915
1916
1919
1921
1922
1924
1925
1926
1927
1928
1930
1933
1934
1935
1936
1937
1939
1940
1942
1943
1961
1962
1963
1964
1969
1970
1975
1978
1979
1980
1981
1984
1985
1987
1988
1989
1990
1991
1993
1994
1996
1997
2003
2005
2006
2007
2008
2009
2011
2014
2015
2016
2017
2018
2021
2023
2024
2025
2026
2027
2029
2030
2032
2034
2035
2036
2038
2043
2044
2045
2047
2048
2050
2051
2057
2061
2062
2063
2065
2086
2087
2088
2089
2090
2095
2096
2097
2098
2099
2104
2105
2106
2107
2108
2110
2111
2114
2115
2116
2117
2119
2120
2123
2124
2125
2126
2128
2129
2132
2142
2143
2144
2146
2147
2149
2150
2151
2152
2153
2155
2156
2158
2159
2165
2167
2168
2169
2170
2171
2173
2176
2177
2178
2179
2180
2182
2183
2185
2186
2372
2374
2375
2381
2390
2392
2393
2394
2395
2396
2399
2401
2402
2408
2410
2411
2412
2413
2414
2419
2420
2421
2422
2423
2428
2429
2453
2455
2456
2462
2471
2473
2474
2475
2476
2477
2480
2482
2483
2489
2916
2917
2918
2920
2921
2923
2924
2925
2926
2927
2929
2930
2933
2934
2935
2936
2938
2939
2941
2942
2952
2953
2954
2956
2957
2959
2960
2961
2962
2963
2965
2966
2968
2969
2975
2977
2979
2980
2981
2983
2988
2989
2990
2992
2993
2995
2996
2997
2998
2999
3001
3002
3004
3005
3006
3007
3008
3010
3011
3014
3015
3016
3017
3019
3020
3022
3023
3033
3034
3035
3037
3038
3041
3042
3043
3044
3046
3047
3050
3069
3070
3071
3073
3074
3077
3078
3079
3080
3082
3083
3085
3086
3087
3088
3089
3091
3092
3095
3096
3097
3098
3100
3101
3103
3104
3114
3115
3116
3118
3119
3121
3122
3123
3124
3125
3127
3128
3130
3131
3137
3139
3141
3142
3143
3145
3150
3151
3152
3154
3155
3157
3158
3240
3241
3242
3244
3245
3247
3248
3249
3250
3251
3253
3254
3257
3258
3259
3260
3262
3263
3265
3266
3276
3277
3278
3280
3281
3283
3284
3285
3286
3287
3289
3290
3292
3293
3299
3301
3303
3304
3305
3307
3312
3313
3314
3316
3317
3319
3320
3321
3322
3323
3325
3326
3328
3329
3330
3331
3332
3334
3335
3338
3339
3340
3341
3343
3344
3346
3347
3357
3358
3359
3361
3362
3364
3365
3366
3367
3368
3370
3371
3373
3374
3380
3382
3384
3385
3386
3388
3393
3394
3395
3397
3398
3400
3401
3443
3445
3447
3448
3449
3451
3452
3454
3461
3463
3465
3466
3467
3469
3479
3481
3483
3484
3485
3487
3488
3490
3492
3493
3494
3496
3501
3502
3503
3505
3506
3508
3519
3520
3521
3523
3564
3565
3566
3568
3569
3572
3573
3574
3575
3577
3578
3581
3582
3583
3584
3586
3587
3590
3600
3601
3602
3604
3605
3607
3608
3609
3610
3611
3613
3614
3616
3617
3623
3625
3627
3628
3629
3631
3636
3637
3638
3640
3641
3643
3644
3645
3646
3647
3649
3650
3652
3653
3654
3655
3656
3658
3659
3662
3663
3664
3665
3667
3668
3670
3671
3681
3682
3683
3685
3686
3688
3689
3690
3691
3692
3694
3695
3697
3698
3704
3706
3708
3709
3710
3712
3717
3718
3719
3721
3722
3724
3725
3726
3727
3728
3730
3731
3733
3734
3735
3736
3737
3739
3740
3743
3744
3745
3746
3748
3749
3751
3752
3762
3763
3764
3766
3767
3770
3771
3772
3773
3775
3776
3779
3798
3799
3800
3802
3803
3806
3807
3808
3809
3811
3812
3814
3815
3816
3817
3818
3820
3821
3824
3825
3826
3827
3829
3830
3832
3833
3843
3844
3845
3847
3848
3850
3851
3852
3853
3854
3856
3857
3859
3860
3866
3868
3870
3871
3872
3874
3879
3880
3881
3883
3884
3886
3887
3969
3970
3971
3973
3974
3976
3977
3978
3979
3980
3982
3983
3986
3987
3988
3989
3991
3992
3994
3995
4005
4006
4007
4009
4010
4012
4013
4014
4015
4016
4018
4019
4021
4022
4028
4030
4032
4033
4034
4036
4041
4042
4043
4045
4046
4048
4049
4050
4051
4052
4054
4055
4057
4058
4059
4060
4061
4063
4064
4067
4068
4069
4070
4072
4073
4075
4076
4086
4087
4088
4090
4091
4093
4094
4095
4096
4097
4099
4100
4102
4103
4109
4111
4113
4114
4115
4117
4122
4123
4124
4126
4127
4129
4130
4172
4174
4176
4177
4178
4180
4181
4183
4190
4192
4194
4195
4196
4198
4208
4210
4212
4213
4214
4216
4217
4219
4221
4222
4223
4225
4230
4231
4232
4234
4235
4237
4248
4249
4250
4252
4293
4294
4295
4297
4298
4301
4302
4303
4304
4306
4307
4310
4311
4312
4313
4315
4316
4319
4329
4330
4331
4333
4334
4336
4337
4338
4339
4340
4342
4343
4345
4346
4352
4354
4356
4357
4358
4360
4365
4366
4367
4369
4370
4372
4373
4739
4741
4743
4744
4745
4747
4748
4750
4757
4759
4761
4762
4763
4765
4775
4777
4779
4780
4781
4783
4784
4786
4788
4789
4790
4792
4797
4798
4799
4801
4802
4804
4815
4816
4817
4819
4820
4822
4824
4825
4826
4828
4829
4831
4838
4840
4842
4843
4844
4846
4856
4858
4901
4903
4905
4906
4907
4909
4910
4912
4919
4921
4923
4924
4925
4927
4937
4939
4941
4942
4943
4945
4946
4948
4950
4951
4952
4954
4959
4960
4961
4963
4964
4966
4977
4978
4979
4981
5832
5833
5834
5836
5837
5840
5841
5842
5843
5845
5846
5849
5850
5851
5852
5854
5855
5858
5868
5869
5870
5872
5873
5876
5877
5878
5879
5881
5882
5885
5904
5905
5906
5908
5909
5912
5913
5914
5915
5917
5918
5921
5922
5923
5924
5926
5927
5930
5931
5932
5933
5935
5936
5939
5949
5950
5951
5953
5954
5957
5958
5959
5960
5962
5963
5966
5985
5986
5987
5989
5990
5993
5994
5995
5996
5998
5999
6002
6003
6004
6005
6007
6008
6011
6012
6013
6014
6016
6017
6020
6030
6031
6032
6034
6035
6038
6039
6040
6041
6043
6044
6047
6066
6067
6068
6070
6071
6074
6156
6157
6158
6160
6161
6164
6165
6166
6167
6169
6170
6173
6174
6175
6176
6178
6179
6182
6192
6193
6194
6196
6197
6200
6201
6202
6203
6205
6206
6209
6228
6229
6230
6232
6233
6236
6237
6238
6239
6241
6242
6245
6246
6247
6248
6250
6251
6254
6255
6256
6257
6259
6260
6263
6273
6274
6275
6277
6278
6281
6282
6283
6284
6286
6287
6290
6309
6310
6311
6313
6314
6317
6480
6481
6482
6484
6485
6488
6489
6490
6491
6493
6494
6497
6498
6499
6500
6502
6503
6506
6516
6517
6518
6520
6521
6524
6525
6526
6527
6529
6530
6533
6552
6553
6554
6556
6557
6560
6561
6562
6563
6565
6566
6569
6570
6571
6572
6574
6575
6578
6579
6580
6581
6583
6584
6587
6597
6598
6599
6601
6602
6605
6606
6607
6608
6610
6611
6614
6633
6634
6635
6637
6638
6641
6642
6643
6644
6646
6647
6650
6651
6652
6653
6655
6656
6659
6660
6661
6662
6664
6665
6668
6678
6679
6680
6682
6683
6686
6687
6688
6689
6691
6692
6695
6714
6715
6716
6718
6719
6722
6723
6724
6725
6727
6728
6731
6732
6733
6734
6736
6737
6740
6741
6742
6743
6745
6746
6749
6759
6760
6761
6763
6764
6767
6768
6769
6770
6772
6773
6776
6795
6796
6797
6799
6800
6803
6885
6886
6887
6889
6890
6893
6894
6895
6896
6898
6899
6902
6903
6904
6905
6907
6908
6911
6921
6922
6923
6925
6926
6929
6930
6931
6932
6934
6935
6938
6957
6958
6959
6961
6962
6965
6966
6967
6968
6970
6971
6974
6975
6976
6977
6979
6980
6983
6984
6985
6986
6988
6989
6992
7002
7003
7004
7006
7007
7010
7011
7012
7013
7015
7016
7019
7038
7039
7040
7042
7043
7046
7209
7210
7211
7213
7214
7217
7218
7219
7220
7222
7223
7226
7227
7228
7229
7231
7232
7235
7245
7246
7247
7249
7250
7253
7254
7255
7256
7258
7259
7262
7281
7282
7283
7285
7286
7289
7290
7291
7292
7294
7295
7298
7299
7300
7301
7303
7304
7307
7308
7309
7310
7312
7313
7316
7326
7327
7328
7330
7331
7334
7335
7336
7337
7339
7340
7343
7362
7363
7364
7366
7367
7370
7371
7372
7373
7375
7376
7379
7380
7381
7382
7384
7385
7388
7389
7390
7391
7393
7394
7397
7407
7408
7409
7411
7412
7415
7416
7417
7418
7420
7421
7424
7443
7444
7445
7447
7448
7451
7452
7453
7454
7456
7457
7460
7461
7462
7463
7465
7466
7469
7470
7471
7472
7474
7475
7478
7488
7489
7490
7492
7493
7496
7497
7498
7499
7501
7502
7505
7524
7525
7526
7528
7529
7532
7614
7615
7616
7618
7619
7622
7623
7624
7625
7627
7628
7631
7632
7633
7634
7636
7637
7640
7650
7651
7652
7654
7655
7658
7659
7660
7661
7663
7664
7667
7686
7687
7688
7690
7691
7694
7695
7696
7697
7699
7700
7703
7704
7705
7706
7708
7709
7712
7713
7714
7715
7717
7718
7721
7731
7732
7733
7735
7736
7739
7740
7741
7742
7744
7745
7748
7767
7768
7769
7771
7772
7775
7938
7939
7940
7942
7943
7946
7947
7948
7949
7951
7952
7955
7956
7957
7958
7960
7961
7964
7974
7975
7976
7978
7979
7982
7983
7984
7985
7987
7988
7991
8010
8011
8012
8014
8015
8018
8019
8020
8021
8023
8024
8027
8028
8029
8030
8032
8033
8036
8037
8038
8039
8041
8042
8045
8055
8056
8057
8059
8060
8063
8064
8065
8066
8068
8069
8072
8091
8092
8093
8095
8096
8099
8100
8101
8102
8104
8105
8108
8109
8110
8111
8113
8114
8117
8118
8119
8120
8122
8123
8126
8136
8137
8138
8140
8141
8144
8145
8146
8147
8149
8150
8153
8172
8173
8174
8176
8177
8180
8181
8182
8183
8185
8186
8189
8190
8191
8192
8194
8195
8198
8199
8200
8201
8203
8204
8207
8217
8218
8219
8221
8222
8225
8226
8227
8228
8230
8231
8234
8253
8254
8255
8257
8258
8261
8343
8344
8345
8347
8348
8351
8352
8353
8354
8356
8357
8360
8361
8362
8363
8365
8366
8369
8379
8380
8381
8383
8384
8387
8388
8389
8390
8392
8393
8396
8415
8416
8417
8419
8420
8423
8424
8425
8426
8428
8429
8432
8433
8434
8435
8437
8438
8441
8442
8443
8444
8446
8447
8450
8460
8461
8462
8464
8465
8468
8469
8470
8471
8473
8474
8477
8496
8497
8498
8500
8501
8504
8667
8668
8669
8671
8672
8675
8676
8677
8678
8680
8681
8684
8685
8686
8687
8689
8690
8693
8703
8704
8705
8707
8708
8711
8712
8713
8714
8716
8717
8720
8739
8740
8741
8743
8744
8747
9477
9478
9479
9481
9482
9485
9486
9487
9488
9490
9491
9494
9495
9496
9497
9499
9500
9503
9513
9514
9515
9517
9518
9521
9522
9523
9524
9526
9527
9530
9549
9550
9551
9553
9554
9557
9558
9559
9560
9562
9563
9566
9567
9568
9569
9571
9572
9575
9576
9577
9578
9580
9581
9584
9594
9595
9596
9598
9599
9602
9603
9604
9605
9607
9608
9611
9630
9631
9632
9634
9635
9638
9639
9640
9641
9643
9644
9647
9648
9649
9650
9652
9653
9656
9657
9658
9659
9661
9662
9665
9675
9676
9677
9679
9680
9683
9684
9685
9686
9688
9689
9692
9711
9712
9713
9715
9716
9719
9801
9802
9803
9805
9806
9809
9810
9811
9812
9814
9815
9818
9819
9820
9821
9823
9824
9827
9837
9838
9839
9841
9842
9845
9846
9847
9848
9850
9851
9854
9873
9874
9875
9877
9878
9881
9882
9883
9884
9886
9887
9890
9891
9892
9893
9895
9896
9899
9900
9901
9902
9904
9905
9908
9918
9919
9920
9922
9923
9926
9927
9928
9929
9931
9932
9935
9954
9955
9956
9958
9959
9962
