2
3
4
5
6
7
8
9
10
11
12
13
14
15
16
17
18
19
20
21
22
23
24
25
26
27
28
29
30
31
32
33
34
35
36
37
38
39
40
41
42
43
44
45
46
47
48
49
50
51
52
53
54
55
56
57
58
59
60
61
62
63
64
65
66
67
68
69
70
71
72
73
74
75
76
77
78
79
80
81
82
83
84
85
86
87
88
89
90
91
92
93
94
95
96
97
98
99
100
101
102
103
104
105
106
107
108
109
110
111
112
113
114
115
116
117
118
119
120
121
122
123
124
125
126
127
128
129
130
131
132
133
134
135
136
137
138
139
140
141
142
143
144
145
146
147
148
149
150
151
152
153
154
155
156
159
160
161
162
163
164
165
168
169
170
171
172
173
174
175
176
177
178
179
180
181
182
183
184
185
186
187
188
189
190
191
192
193
194
195
196
197
198
199
200
201
204
205
206
207
208
209
210
211
212
213
214
215
216
217
218
219
220
221
222
223
224
225
226
227
228
229
230
231
232
233
234
235
236
237
239
240
241
242
243
244
245
246
247
248
249
250
251
252
253
254
255
256
257
258
259
260
261
262
263
264
265
266
267
268
269
270
271
272
273
274
275
276
277
278
279
280
281
282
283
284
285
286
287
288
289
290
291
292
293
294
295
296
297
298
299
300
301
302
303
304
305
306
307
308
309
310
311
312
313
314
315
316
317
318
319
320
321
323
324
325
327
328
329
330
331
332
333
334
335
336
337
339
340
341
342
343
344
345
346
347
348
349
350
351
352
353
354
355
356
357
358
359
360
361
363
364
365
366
368
369
370
371
372
373
374
375
376
377
378
379
380
381
382
384
385
386
387
388
389
390
392
393
394
395
396
397
399
400
401
404
405
406
408
409
410
411
413
414
415
416
417
418
419
420
421
422
423
424
425
426
427
428
430
431
432
433
434
435
436
437
438
439
440
441
442
443
444
445
446
447
448
449
450
451
452
453
454
455
456
457
458
459
460
461
462
463
464
465
466
467
468
469
471
472
473
474
475
476
477
478
480
481
482
485
486
487
488
490
491
492
493
494
495
496
497
498
500
501
502
503
504
505
506
509
510
511
512
513
514
516
517
519
520
521
522
523
524
525
528
529
530
531
532
533
534
535
536
537
539
540
541
542
543
544
545
546
547
548
549
550
551
552
555
556
557
558
559
560
564
565
566
567
568
569
570
571
573
574
575
576
577
578
579
580
581
582
583
584
585
586
587
588
589
590
591
592
593
594
595
597
598
600
601
602
603
604
605
606
608
610
611
612
613
615
616
617
619
620
621
622
623
625
626
627
628
629
630
631
632
634
635
636
637
638
639
640
641
642
643
644
645
646
647
648
649
650
651
652
653
654
655
656
657
658
659
660
661
662
663
664
665
666
667
668
669
670
671
672
673
674
675
676
678
679
680
683
684
685
687
688
689
692
693
694
696
697
698
700
701
702
703
704
706
707
708
709
710
711
712
713
714
715
716
717
718
719
720
721
722
723
724
725
726
727
728
729
730
731
732
733
734
735
736
737
738
739
740
741
742
743
744
745
746
747
748
749
750
751
752
753
754
755
756
757
758
759
760
761
762
764
765
766
768
769
770
773
774
775
777
778
779
780
782
783
784
785
786
787
788
789
790
791
792
793
794
795
797
798
799
800
801
802
803
804
805
806
807
808
809
810
811
812
813
814
815
816
817
818
819
820
821
822
823
824
825
826
827
828
829
830
831
832
833
834
835
836
837
838
839
840
841
842
843
845
846
847
848
849
850
852
853
854
855
856
857
859
860
861
862
864
865
866
867
868
870
871
872
873
874
875
876
877
879
880
881
882
883
884
888
889
890
891
892
893
894
897
898
899
900
901
902
903
904
905
906
907
908
909
910
911
912
913
914
915
916
917
918
919
920
921
922
923
924
926
927
928
929
930
933
934
935
936
937
939
940
941
942
943
945
946
947
948
949
950
951
952
953
954
955
956
957
958
959
960
961
962
963
964
965
969
970
971
972
973
974
975
976
977
979
980
981
982
983
984
985
987
988
989
990
991
992
993
996
997
999
1000
1001
1002
1003
1004
1007
1008
1009
1010
1011
1012
1013
1015
1016
1017
1018
1020
1021
1022
1024
1025
1026
1027
1030
1031
1032
1039
1040
1041
1043
1044
1045
1047
1048
1049
1050
1052
1053
1054
1056
1057
1058
1061
1062
1063
1064
1065
1066
1067
1068
1069
1070
1071
1072
1073
1074
1075
1076
1077
1078
1080
1081
1082
1083
1084
1085
1088
1089
1090
1091
1092
1093
1095
1096
1104
1105
1107
1108
1110
1111
1112
1113
1116
1117
1119
1120
1121
1122
1123
1124
1125
1126
1131
1132
1133
1134
1135
1142
1143
1144
1147
1148
1149
1156
1157
1158
1160
1165
1166
1167
1169
1170
1171
1176
1177
1178
1179
1180
1185
1186
1188
1189
1191
1192
1197
1198
1200
1201
1203
1204
1212
1213
1215
1216
1217
1218
1219
1221
1222
1223
1224
1225
1226
1227
1228
1229
1230
1231
1232
1233
1234
1235
1237
1238
1239
1240
1241
1242
1243
1245
1246
1247
1248
1251
1252
1254
1255
1269
1270
1271
1275
1276
1277
1278
1279
1280
1284
1285
1286
1287
1288
1289
1293
1294
1295
1296
1297
1298
1299
1300
1302
1303
1304
1305
1306
1307
1308
1309
1311
1312
1313
1314
1315
1316
1320
1321
1322
1323
1324
1326
1327
1332
1333
1335
1336
1338
1339
1347
1348
1350
1351
1352
1353
1354
1356
1357
1358
1359
1360
1361
1362
1363
1365
1366
1367
1368
1369
1370
1374
1375
1376
1377
1378
1379
1383
1384
1385
1386
1387
1388
1392
1393
1394
1395
1396
1397
1401
1402
1403
1419
1420
1428
1429
1431
1432
1433
1434
1435
1437
1438
1439
1440
1441
1442
1443
1444
1446
1447
1448
1449
1450
1451
1455
1456
1457
1458
1459
1460
1464
1465
1466
1467
1468
1469
1473
1474
1475
1476
1477
1478
1482
1483
1484
1512
1513
1514
1518
1519
1520
1521
1522
1523
1527
1528
1529
1530
1531
1532
1536
1537
1538
1539
1540
1541
1545
1546
1547
1548
1549
1550
1554
1555
1556
1557
1558
1559
1563
1564
1565
1593
1594
1595
1599
1600
1601
1602
1603
1604
1608
1609
1610
1611
1612
1613
1617
1618
1619
1620
1621
1622
1626
1627
1628
1629
1630
1631
1635
1636
1637
1638
1639
1640
1644
1645
1646
1674
1675
1676
1680
1681
1682
1683
1684
1685
1689
1690
1691
1692
1693
1694
1698
1699
1700
1944
1945
1946
1950
1951
1952
1953
1954
1955
1959
1960
1961
1962
1963
1964
1968
1969
1970
1998
1999
2000
2004
2005
2006
2007
2008
2009
2013
2014
2015
2016
2017
2018
2022
2023
2024
2025
2026
2027
2031
2032
2033
2034
2035
2036
2040
2041
2042
2043
2044
2045
2049
2050
2051
2079
2080
2081
2085
2086
2087
2088
2089
2090
2094
2095
2096
2097
2098
2099
2103
2104
2105
2106
2107
2108
2112
2113
2114
2115
2116
2117
2121
2122
2123
2124
2125
2126
2130
2131
2132
2160
2161
2162
2166
2167
2168
2169
2170
2171
2175
2176
2177
2178
2179
2180
2184
2185
2186
2187
2188
2190
2191
2192
2195
2196
2197
2199
2200
2214
2215
2217
2218
2219
2222
2223
2224
2226
2227
2228
2231
2232
2233
2235
2236
2237
2240
2255
2258
2259
2260
2262
2263
2264
2267
2268
2269
2271
2272
2273
2276
2277
2278
2280
2281
2295
2296
2298
2299
2300
2303
2304
2305
2307
2308
2430
2431
2433
2434
2435
2438
2439
2440
2442
2443
2457
2458
2460
2461
2462
2465
2466
2467
2469
2470
2471
2474
2475
2476
2478
2479
2480
2483
2498
2501
2502
2503
2505
2506
2507
2510
2511
2512
2514
2515
2516
2519
2520
2521
2523
2524
2538
2539
2541
2542
2543
2546
2547
2548
2550
2551
2552
2555
2556
2557
2559
2560
2561
2564
2579
2582
2583
2584
2586
2587
2588
2591
2592
2593
2595
2596
2597
2600
2601
2602
2604
2605
2619
2620
2622
2623
2624
2627
2628
2629
2631
2632
2633
2636
2637
2638
2640
2641
2642
2645
2660
2663
2664
2665
2667
2668
2669
2672
2795
2798
2799
2800
2802
2803
2804
2807
2822
2825
2826
2827
2829
2830
2831
2834
2835
2836
2838
2839
2840
2843
2844
2845
2847
2848
2862
2863
2865
2866
2867
2870
2871
2872
2874
2875
2876
2879
2880
2881
2883
2884
2885
2888
2903
2906
2907
2908
2910
2911
2912
2915
2916
2917
2919
2920
2921
2924
2925
2926
2928
2929
2943
2944
2946
2947
2948
2951
2952
2953
2955
2956
2957
2960
2961
2962
2964
2965
2966
2969
2984
2987
2988
2989
2991
2992
2993
2996
2997
2998
3000
3001
3002
3005
3006
3007
3009
3010
3024
3025
3027
3028
3029
3032
3033
3034
3036
3037
3159
3160
3162
3163
3164
3167
3168
3169
3171
3172
3186
3187
3189
3190
3191
3194
3195
3196
3198
3199
3200
3203
3204
3205
3207
3208
3209
3212
3227
3230
3231
3232
3234
3235
3236
3239
3240
3241
3243
3244
3245
3248
3249
3250
3252
3253
3267
3268
3270
3271
3272
3275
3276
3277
3279
3280
3281
3284
3285
3286
3288
3289
3290
3293
3308
3311
3312
3313
3315
3316
3317
3320
3321
3322
3324
3325
3326
3329
3330
3331
3333
3334
3348
3349
3351
3352
3353
3356
3357
3358
3360
3361
3362
3365
3366
3367
3369
3370
3371
3374
3389
3392
3393
3394
3396
3397
3398
3401
3524
3527
3528
3529
3531
3532
3533
3536
3551
3554
3555
3556
3558
3559
3560
3563
3564
3565
3567
3568
3569
3572
3573
3574
3576
3577
3591
3592
3594
3595
3596
3599
3600
3601
3603
3604
3605
3608
3609
3610
3612
3613
3614
3617
3632
3635
3636
3637
3639
3640
3641
3644
3645
3646
3648
3649
3650
3653
3654
3655
3657
3658
3672
3673
3675
3676
3677
3680
3681
3682
3684
3685
3686
3689
3690
3691
3693
3694
3695
3698
3713
3716
3717
3718
3720
3721
3722
3725
3726
3727
3729
3730
3731
3734
3735
3736
3738
3739
3753
3754
3756
3757
3758
3761
3762
3763
3765
3766
3888
3889
3891
3892
3893
3896
3897
3898
3900
3901
3915
3916
3918
3919
3920
3923
3924
3925
3927
3928
3929
3932
3933
3934
3936
3937
3938
3941
3956
3959
3960
3961
3963
3964
3965
3968
3969
3970
3972
3973
3974
3977
3978
3979
3981
3982
3996
3997
3999
4000
4001
4004
4005
4006
4008
4009
4010
4013
4014
4015
4017
4018
4019
4022
4037
4040
4041
4042
4044
4045
4046
4049
4050
4051
4053
4054
4055
4058
4059
4060
4062
4063
4077
4078
4080
4081
4082
4085
4086
4087
4089
4090
4091
4094
4095
4096
4098
4099
4100
4103
4118
4121
4122
4123
4125
4126
4127
4130
4253
4256
4257
4258
4260
4261
4262
4265
4280
4283
4284
4285
4287
4288
4289
4292
4293
4294
4296
4297
4298
4301
4302
4303
4305
4306
4320
4321
4323
4324
4325
4328
4329
4330
4332
4333
4334
4337
4338
4339
4341
4342
4343
4346
4361
4364
4365
4366
4368
4369
4370
4373
4374
4375
4376
4380
4381
4382
4383
4384
4385
4389
4390
4391
4392
4393
4394
4398
4399
4400
4428
4429
4430
4434
4435
4436
4437
4438
4439
4443
4444
4445
4446
4447
4448
4452
4453
4454
4455
4456
4457
4461
4462
4463
4464
4465
4466
4470
4471
4472
4473
4474
4475
4479
4480
4481
4509
4510
4511
4515
4516
4517
4518
4519
4520
4524
4525
4526
4527
4528
4529
4533
4534
4535
4536
4537
4538
4542
4543
4544
4545
4546
4547
4551
4552
4553
4554
4555
4556
4560
4561
4562
4590
4591
4592
4596
4597
4598
4599
4600
4601
4605
4606
4607
4608
4609
4610
4614
4615
4616
4860
4861
4862
4866
4867
4868
4869
4870
4871
4875
4876
4877
4878
4879
4880
4884
4885
4886
4914
4915
4916
4920
4921
4922
4923
4924
4925
4929
4930
4931
4932
4933
4934
4938
4939
4940
4941
4942
4943
4947
4948
4949
4950
4951
4952
4956
4957
4958
4959
4960
4961
4965
4966
4967
4995
4996
4997
5001
5002
5003
5004
5005
5006
5010
5011
5012
5013
5014
5015
5019
5020
5021
5022
5023
5024
5028
5029
5030
5031
5032
5033
5037
5038
5039
5040
5041
5042
5046
5047
5048
5076
5077
5078
5082
5083
5084
5085
5086
5087
5091
5092
5093
5094
5095
5096
5100
5101
5102
5103
5104
5105
5109
5110
5111
5112
5113
5114
5118
5119
5120
5121
5122
5123
5127
5128
5129
5157
5158
5159
5163
5164
5165
5166
5167
5168
5172
5173
5174
5175
5176
5177
5181
5182
5183
5184
5185
5186
5190
5191
5192
5193
5194
5195
5199
5200
5201
5202
5203
5204
5208
5209
5210
5238
5239
5240
5244
5245
5246
5247
5248
5249
5253
5254
5255
5256
5257
5258
5262
5263
5264
5265
5266
5267
5271
5272
5273
5274
5275
5276
5280
5281
5282
5283
5284
5285
5289
5290
5291
5319
5320
5321
5325
5326
5327
5328
5329
5330
5334
5335
5336
5337
5338
5339
5343
5344
5345
5589
5590
5591
5595
5596
5597
5598
5599
5600
5604
5605
5606
5607
5608
5609
5613
5614
5615
5643
5644
5645
5649
5650
5651
5652
5653
5654
5658
5659
5660
5661
5662
5663
5667
5668
5669
5670
5671
5672
5676
5677
5678
5679
5680
5681
5685
5686
5687
5688
5689
5690
5694
5695
5696
5724
5725
5726
5730
5731
5732
5733
5734
5735
5739
5740
5741
5742
5743
5744
5748
5749
5750
5751
5752
5753
5757
5758
5759
5760
5761
5762
5766
5767
5768
5769
5770
5771
5775
5776
5777
5805
5806
5807
5811
5812
5813
5814
5815
5816
5820
5821
5822
5823
5824
5825
5829
5830
5831
5832
5833
5834
5838
5839
5840
5841
5842
5843
5847
5848
5849
5850
5851
5852
5856
5857
5858
5886
5887
5888
5892
5893
5894
5895
5896
5897
5901
5902
5903
5904
5905
5906
5910
5911
5912
5913
5914
5915
5919
5920
5921
5922
5923
5924
5928
5929
5930
5931
5932
5933
5937
5938
5939
5967
5968
5969
5973
5974
5975
5976
5977
5978
5982
5983
5984
5985
5986
5987
5991
5992
5993
5994
5995
5996
6000
6001
6002
6003
6004
6005
6009
6010
6011
6012
6013
6014
6018
6019
6020
6048
6049
6050
6054
6055
6056
6057
6058
6059
6063
6064
6065
6066
6067
6068
6072
6073
6074
6318
6319
6320
6324
6325
6326
6327
6328
6329
6333
6334
6335
6336
6337
6338
6342
6343
6344
6372
6373
6374
6378
6379
6380
6381
6382
6383
6387
6388
6389
6390
6391
6392
6396
6397
6398
6399
6400
6401
6405
6406
6407
6408
6409
6410
6414
6415
6416
6417
6418
6419
6423
6424
6425
6453
6454
6455
6459
6460
6461
6462
6463
6464
6468
6469
6470
6471
6472
6473
6477
6478
6479
6480
6481
6482
6486
6487
6488
6489
6490
6491
6495
6496
6497
6498
6499
6500
6504
6505
6506
6534
6535
6536
6540
6541
6542
6543
6544
6545
6549
6550
6551
6552
6553
6554
6558
6559
6560
6561
6562
6563
6567
6568
6569
6570
6571
6572
6576
6577
6578
6579
6580
6581
6585
6586
6587
6615
6616
6617
6621
6622
6623
6624
6625
6626
6630
6631
6632
6633
6634
6635
6639
6640
6641
6642
6643
6644
6648
6649
6650
6651
6652
6653
6657
6658
6659
6660
6661
6662
6666
6667
6668
6696
6697
6698
6702
6703
6704
6705
6706
6707
6711
6712
6713
6714
6715
6716
6720
6721
6722
6723
6724
6725
6729
6730
6731
6732
6733
6734
6738
6739
6740
6741
6742
6743
6747
6748
6749
6777
6778
6779
6783
6784
6785
6786
6787
6788
6792
6793
6794
6795
6796
6797
6801
6802
6803
7047
7048
7049
7053
7054
7055
7056
7057
7058
7062
7063
7064
7065
7066
7067
7071
7072
7073
7101
7102
7103
7107
7108
7109
7110
7111
7112
7116
7117
7118
7119
7120
7121
7125
7126
7127
7128
7129
7130
7134
7135
7136
7137
7138
7139
7143
7144
7145
7146
7147
7148
7152
7153
7154
7182
7183
7184
7188
7189
7190
7191
7192
7193
7197
7198
7199
7200
7201
7202
7206
7207
7208
7209
7210
7211
7215
7216
7217
7218
7219
7220
7224
7225
7226
7227
7228
7229
7233
7234
7235
7263
7264
7265
7269
7270
7271
7272
7273
7274
7278
7279
7280
7281
7282
7283
7287
7288
7289
7290
7291
7292
7296
7297
7298
7299
7300
7301
7305
7306
7307
7308
7309
7310
7314
7315
7316
7344
7345
7346
7350
7351
7352
7353
7354
7355
7359
7360
7361
7362
7363
7364
7368
7369
7370
7371
7372
7373
7377
7378
7379
7380
7381
7382
7386
7387
7388
7389
7390
7391
7395
7396
7397
7425
7426
7427
7431
7432
7433
7434
7435
7436
7440
7441
7442
7443
7444
7445
7449
7450
7451
7452
7453
7454
7458
7459
7460
7461
7462
7463
7467
7468
7469
7470
7471
7472
7476
7477
7478
7506
7507
7508
7512
7513
7514
7515
7516
7517
7521
7522
7523
7524
7525
7526
7530
7531
7532
7776
7777
7778
7782
7783
7784
7785
7786
7787
7791
7792
7793
7794
7795
7796
7800
7801
7802
7830
7831
7832
7836
7837
7838
7839
7840
7841
7845
7846
7847
7848
7849
7850
7854
7855
7856
7857
7858
7859
7863
7864
7865
7866
7867
7868
7872
7873
7874
7875
7876
7877
7881
7882
7883
7911
7912
7913
7917
7918
7919
7920
7921
7922
7926
7927
7928
7929
7930
7931
7935
7936
7937
7938
7939
7940
7944
7945
7946
7947
7948
7949
7953
7954
7955
7956
7957
7958
7962
7963
7964
7992
7993
7994
7998
7999
8000
8001
8002
8003
8007
8008
8009
8010
8011
8012
8016
8017
8018
8019
8020
8021
8025
8026
8027
8028
8029
8030
8034
8035
8036
8037
8038
8039
8043
8044
8045
8073
8074
8075
8079
8080
8081
8082
8083
8084
8088
8089
8090
8091
8092
8093
8097
8098
8099
8100
8101
8102
8106
8107
8108
8109
8110
8111
8115
8116
8117
8118
8119
8120
8124
8125
8126
8154
8155
8156
8160
8161
8162
8163
8164
8165
8169
8170
8171
8172
8173
8174
8178
8179
8180
8181
8182
8183
8187
8188
8189
8190
8191
8192
8196
8197
8198
8199
8200
8201
8205
8206
8207
8235
8236
8237
8241
8242
8243
8244
8245
8246
8250
8251
8252
8253
8254
8255
8259
8260
8261
8505
8506
8507
8511
8512
8513
8514
8515
8516
8520
8521
8522
8523
8524
8525
8529
8530
8531
8559
8560
8561
8565
8566
8567
8568
8569
8570
8574
8575
8576
8577
8578
8579
8583
8584
8585
8586
8587
8588
8592
8593
8594
8595
8596
8597
8601
8602
8603
8604
8605
8606
8610
8611
8612
8640
8641
8642
8646
8647
8648
8649
8650
8651
8655
8656
8657
8658
8659
8660
8664
8665
8666
8667
8668
8669
8673
8674
8675
8676
8677
8678
8682
8683
8684
8685
8686
8687
8691
8692
8693
8721
8722
8723
8727
8728
8729
8730
8731
8732
8736
8737
8738
8739
8740
8741
8745
8746
8747
