2
3
4
5
6
7
8
9
10
11
12
13
14
15
16
17
18
19
20
21
22
23
24
25
26
27
28
29
30
31
32
33
34
35
36
37
38
39
40
41
42
43
44
45
46
47
48
49
50
51
52
53
54
55
56
57
58
59
60
61
62
63
64
65
66
67
68
69
70
71
72
73
74
75
76
77
78
79
80
81
82
83
84
85
86
87
88
89
90
91
92
93
94
95
96
97
98
99
100
101
102
103
104
105
106
107
108
109
110
111
112
113
114
115
116
117
118
119
120
121
122
123
124
125
126
127
129
130
131
132
133
134
135
136
137
138
139
140
142
144
145
146
147
148
149
150
151
152
153
154
155
156
157
158
159
160
161
162
163
164
165
166
167
168
169
170
171
172
173
174
175
176
177
178
179
180
181
182
183
184
185
186
187
188
189
190
191
192
193
194
195
196
197
198
199
200
201
202
203
204
205
206
207
208
209
210
211
212
213
214
215
216
217
218
219
220
221
222
223
224
225
226
227
228
229
230
231
232
233
234
235
236
237
238
239
240
241
242
243
244
245
246
247
248
249
250
251
252
253
254
255
256
257
258
259
260
261
262
263
264
265
266
267
268
269
270
271
272
273
274
275
276
277
278
279
280
281
282
283
284
285
286
287
288
289
290
291
292
293
294
295
296
297
298
299
300
301
302
303
304
306
307
308
309
310
311
312
313
314
315
316
317
318
319
320
321
322
323
324
325
326
327
328
329
330
331
333
334
335
336
337
338
339
340
341
342
343
344
345
346
347
348
349
350
351
352
353
354
355
357
358
359
360
361
362
363
364
365
366
367
368
369
370
371
372
373
374
375
376
377
378
379
381
382
383
384
385
386
387
388
390
392
394
399
400
401
403
405
406
408
409
410
412
413
414
415
416
417
418
419
421
422
423
426
427
432
433
434
435
436
437
442
444
445
446
448
451
453
454
461
462
463
466
468
469
470
471
472
473
476
477
478
479
480
481
482
484
485
486
487
488
489
490
491
492
493
495
496
497
498
499
500
501
502
504
505
507
508
509
511
512
513
514
515
516
517
520
521
522
523
524
525
526
527
528
529
530
531
532
533
534
535
537
538
539
540
541
542
543
544
545
547
548
549
550
551
552
553
554
555
556
558
559
560
561
562
563
565
567
568
569
570
571
572
573
574
575
576
577
578
579
580
581
582
583
584
585
586
587
588
589
590
591
592
593
594
595
597
598
599
600
601
602
603
604
605
606
607
608
609
610
611
612
613
614
615
616
617
618
619
620
621
622
623
624
625
626
627
628
629
630
631
632
633
634
635
636
637
638
639
640
641
642
643
644
645
646
647
648
649
650
651
652
653
654
655
656
657
658
659
660
661
662
663
664
665
666
667
668
669
670
671
672
673
674
675
676
677
678
679
680
681
682
683
684
685
686
687
688
689
690
691
692
693
694
695
696
697
698
699
700
701
702
703
704
705
706
707
708
709
710
711
712
713
714
715
716
717
718
719
720
721
722
723
724
725
726
727
728
729
730
731
732
733
734
735
736
737
738
739
740
741
742
743
744
745
746
747
748
749
750
751
752
753
754
755
756
757
758
759
760
761
762
763
764
765
766
767
768
769
770
771
772
773
774
775
776
777
778
779
780
781
782
783
784
785
786
787
788
789
790
791
792
793
794
795
796
797
798
799
800
801
802
803
804
805
806
807
808
809
810
811
812
813
814
815
816
817
818
819
820
821
822
823
824
825
826
827
828
829
830
831
832
833
834
835
836
837
838
839
840
841
842
843
844
845
846
847
848
849
850
851
852
853
854
855
856
857
858
859
860
861
862
863
864
865
866
867
868
869
870
871
872
873
874
876
877
878
879
880
881
882
883
885
886
887
888
889
891
892
893
894
895
896
897
898
899
900
901
902
903
904
905
906
907
908
909
910
911
912
913
914
915
917
918
919
920
921
922
923
924
925
926
927
928
929
930
931
932
933
934
935
936
937
938
939
940
941
942
943
944
945
946
947
948
949
952
953
954
955
956
957
958
959
960
961
962
963
964
965
966
967
968
969
970
971
972
973
974
975
976
977
978
979
980
981
982
984
985
986
988
989
990
991
992
993
995
997
998
999
1000
1001
1002
1003
1004
1005
1006
1007
1008
1009
1011
1012
1013
1014
1015
1016
1017
1018
1019
1020
1021
1022
1023
1024
1025
1026
1027
1028
1029
1030
1031
1033
1035
1036
1038
1039
1040
1041
1042
1043
1044
1045
1047
1048
1050
1051
1052
1053
1054
1056
1057
1058
1059
1060
1062
1063
1065
1066
1067
1069
1070
1071
1072
1073
1074
1075
1077
1078
1079
1080
1081
1082
1083
1084
1087
1088
1089
1090
1091
1092
1093
1094
1095
1096
1097
1098
1099
1100
1101
1102
1103
1104
1105
1106
1107
1108
1109
1110
1111
1112
1113
1114
1115
1116
1117
1118
1119
1121
1122
1123
1125
1126
1128
1129
1130
1131
1132
1134
1135
1137
1138
1139
1140
1141
1143
1144
1146
1147
1148
1150
1153
1155
1156
1160
1161
1162
1164
1165
1166
1168
1170
1171
1175
1177
1179
1180
1182
1196
1200
1204
1206
1209
1210
1211
1213
1219
1222
1223
1224
1225
1227
1234
1237
1241
1242
1246
1249
1250
1251
1252
1254
1258
1260
1261
1262
1263
1264
1265
1270
1271
1273
1274
1276
1278
1279
1280
1281
1285
1289
1290
1291
1292
1294
1296
1297
1300
1301
1305
1306
1308
1309
1310
1312
1313
1314
1315
1318
1319
1325
1326
1327
1331
1334
1336
1337
1338
1339
1340
1341
1342
1343
1345
1369
1373
1377
1378
1379
1384
1386
1387
1389
1390
1391
1392
1393
1394
1395
1396
1402
1404
1405
1411
1420
1423
1424
1426
1429
1432
1433
1436
1437
1438
1444
1445
1447
1450
1451
1452
1453
1454
1458
1459
1460
1461
1465
1467
1475
1476
1477
1479
1480
1481
1483
1484
1485
1486
1487
1488
1489
1490
1492
1494
1495
1496
1497
1499
1504
1505
1507
1509
1510
1512
1513
1514
1515
1516
1517
1519
1521
1522
1523
1526
1528
1532
1533
1535
1536
1538
1539
1540
1541
1542
1545
1546
1548
1549
1551
1552
1553
1554
1558
1562
1565
1566
1567
1568
1569
1571
1572
1573
1574
1575
1576
1577
1578
1579
1582
1583
1584
1585
1586
1587
1588
1591
1593
1594
1595
1596
1597
1599
1600
1602
1603
1605
1606
1607
1609
1612
1614
1615
1616
1627
1629
1630
1632
1633
1634
1635
1636
1639
1641
1642
1645
1647
1648
1649
1650
1651
1652
1655
1656
1657
1658
1659
1660
1661
1662
1663
1664
1666
1667
1668
1669
1672
1673
1675
1676
1677
1678
1679
1681
1683
1685
1687
1688
1690
1694
1699
1701
1702
1703
1704
1705
1708
1710
1711
1712
1713
1714
1715
1717
1719
1720
1721
1722
1726
1727
1728
1729
1730
1731
1732
1733
1735
1736
1737
1738
1739
1740
1741
1742
1743
1744
1745
1746
1747
1749
1752
1756
1757
1758
1759
1762
1764
1766
1769
1770
1772
1773
1775
1776
1777
1778
1779
1781
1782
1783
1784
1785
1786
1788
1789
1791
1794
1795
1796
1797
1799
1800
1801
1803
1804
1805
1808
1809
1810
1811
1812
1815
1816
1817
1818
1819
1821
1822
1825
1826
1827
1829
1830
1831
1833
1834
1835
1836
1837
1838
1839
1840
1842
1843
1844
1845
1846
1847
1848
1849
1852
1853
1854
1855
1856
1857
1858
1859
1860
1861
1862
1863
1864
1865
1870
1871
1872
1873
1874
1875
1876
1878
1879
1881
1882
1883
1884
1886
1888
1890
1891
1892
1893
1894
1895
1897
1898
1899
1900
1901
1902
1903
1904
1905
1906
1907
1908
1909
1910
1911
1912
1914
1915
1916
1917
1918
1919
1920
1921
1922
1923
1924
1925
1926
1927
1928
1929
1930
1931
1933
1934
1935
1936
1937
1938
1939
1940
1941
1942
1943
1944
1945
1951
1952
1953
1954
1955
1956
1957
1958
1959
1960
1962
1963
1964
1965
1966
1967
1968
1969
1970
1971
1972
1975
1976
1977
1979
1980
1981
1983
1984
1985
1986
1987
1989
1990
1991
1992
1993
1996
1997
1998
1999
2000
2001
2002
2004
2005
2007
2008
2009
2012
2013
2015
2017
2018
2019
2020
2021
2025
2026
2027
2028
2029
2031
2034
2035
2037
2038
2039
2040
2042
2043
2044
2046
2048
2050
2051
2052
2053
2055
2056
2059
2060
2061
2062
2063
2064
2065
2066
2067
2068
2069
2070
2073
2074
2077
2078
2079
2080
2082
2083
2084
2085
2086
2088
2089
2090
2091
2092
2093
2094
2095
2096
2097
2098
2099
2100
2101
2102
2104
2105
2106
2107
2108
2109
2110
2113
2114
2115
2116
2117
2118
2119
2120
2121
2122
2123
2124
2125
2126
2127
2131
2132
2133
2134
2136
2137
2140
2141
2142
2143
2144
2145
2146
2148
2149
2150
2151
2152
2153
2154
2155
2156
2158
2159
2160
2161
2162
2163
2164
2165
2166
2167
2169
2170
2171
2172
2173
2174
2175
2176
2177
2178
2179
2180
2181
2182
2183
2184
2185
2186
2187
2188
2189
2190
2191
2194
2196
2197
2199
2200
2205
2206
2208
2209
2212
2213
2214
2215
2216
2217
2218
2219
2221
2222
2223
2224
2226
2227
2228
2233
2234
2235
2236
2239
2242
2243
2244
2245
2246
2248
2249
2250
2251
2252
2253
2254
2255
2257
2259
2260
2261
2262
2263
2264
2265
2266
2267
2268
2269
2270
2271
2272
2274
2275
2277
2278
2279
2280
2281
2282
2283
2284
2286
2287
2288
2289
2290
2291
2292
2293
2294
2295
2296
2297
2298
2299
2300
2302
2303
2304
2305
2306
2307
2308
2309
2312
2313
2317
2320
2321
2322
2323
2324
2325
2326
2329
2330
2331
2332
2333
2335
2336
2338
2340
2341
2342
2347
2349
2350
2351
2352
2355
2356
2358
2359
2360
2361
2362
2365
2367
2368
2369
2370
2371
2374
2376
2377
2378
2379
2380
2388
2389
2392
2393
2395
2396
2397
2398
2399
2401
2402
2403
2404
2405
2409
2412
2413
2415
2416
2419
2420
2421
2422
2423
2424
2425
2426
2427
2428
2429
2430
2431
2433
2434
2437
2439
2440
2441
2442
2443
2444
2446
2448
2449
2450
2451
2454
2455
2456
2457
2458
2459
2460
2461
2462
2463
2464
2465
2466
2467
2468
2469
2470
2471
2472
2473
2474
2475
2476
2477
2479
2480
2482
2483
2484
2485
2486
2487
2488
2489
2491
2493
2494
2495
2496
2497
2498
2499
2500
2501
2502
2503
2505
2506
2507
2508
2509
2510
2511
2512
2514
2515
2518
2519
2520
2521
2523
2524
2525
2526
2527
2529
2530
2531
2532
2533
2534
2535
2536
2537
2538
2539
2541
2542
2543
2545
2546
2547
2548
2550
2551
2554
2555
2556
2557
2558
2559
2560
2561
2563
2564
2565
2566
2567
2570
2572
2573
2574
2575
2576
2577
2578
2579
2580
2581
2582
2583
2584
2586
2587
2588
2589
2590
2591
2592
2593
2599
2600
2601
2602
2603
2607
2610
2611
2612
2615
2619
2620
2623
2626
2627
2628
2629
2630
2634
2635
2636
2637
2638
2640
2644
2645
2647
2649
2650
2653
2654
2655
2656
2658
2659
2662
2663
2664
2665
2667
2668
2669
2670
2671
2672
2673
2674
2681
2682
2683
2684
2688
2691
2692
2693
2696
2697
2699
2700
2701
2705
2706
2707
2708
2709
2710
2711
2715
2716
2717
2718
2719
2721
2722
2723
2725
2726
2728
2730
2731
2732
2734
2736
2737
2738
2739
2741
2742
2743
2748
2749
2750
2752
2754
2755
2757
2758
2759
2763
2764
2766
2767
2768
2769
2770
2772
2773
2774
2777
2778
2779
2780
2781
2782
2784
2785
2786
2787
2788
2789
2790
2791
2792
2793
2794
2796
2797
2798
2799
2800
2801
2802
2803
2804
2805
2806
2807
2808
2809
2810
2815
2816
2817
2818
2820
2821
2824
2825
2826
2827
2829
2830
2832
2833
2834
2835
2836
2838
2839
2842
2843
2844
2845
2847
2848
2854
2860
2861
2862
2863
2865
2866
2869
2870
2871
2872
2874
2875
2878
2879
2883
2884
2886
2887
2888
2889
2890
2892
2893
2898
2899
2901
2902
2905
2906
2907
2908
2910
2911
2913
2914
2915
2916
2917
2919
2920
2921
2925
2926
2928
2929
2930
2932
2941
2942
2943
2944
2946
2947
2950
2951
2952
2953
2955
2956
2959
2961
2962
2964
2991
2992
2994
2995
2997
2998
3000
3001
3002
3006
3007
3009
3010
3011
3013
3018
3019
3021
3022
3023
3024
3025
3027
3028
3029
3031
3032
3033
3034
3036
3037
3040
3042
3043
3045
3046
3047
3048
3049
3055
3056
3058
3060
3061
3072
3073
3075
3076
3105
3106
3108
3109
3114
3115
3117
3118
3121
3122
3126
3127
3129
3130
3131
3132
3133
3135
3136
3141
3142
3144
3145
3148
3149
3150
3151
3153
3154
3156
3157
3158
3159
3160
3162
3163
3168
3169
3171
3172
3184
3185
3186
3187
3189
3190
3193
3194
3195
3196
3198
3199
3202
3203
3211
3212
3222
3223
3225
3226
3229
3230
3231
3232
3234
3235
3237
3238
3239
3240
3241
3243
3244
3249
3250
3252
3253
3261
3262
3264
3265
3266
3267
3268
3270
3271
3274
3275
3276
3277
3279
3280
3355
3357
3358
3364
3366
3367
3369
3387
3391
3396
3397
3398
3400
3436
3438
3439
3445
3447
3448
3450
3451
3452
3460
3461
3463
3465
3466
3468
3472
3477
3478
3479
3481
3483
3484
3487
3488
3492
3493
3495
3496
3497
3499
3504
3510
3511
3513
3514
3515
3532
3533
3541
3542
3544
3546
3547
3585
3591
3592
3594
3595
3596
3598
3600
3601
3607
3609
3610
3612
3613
3614
3622
3623
3625
3627
3628
3630
3634
3639
3640
3641
3643
3645
3646
3649
3650
3654
3655
3657
3658
3659
3661
3679
3681
3682
3688
3690
3691
3693
3726
3727
3730
3731
3735
3736
3738
3739
3740
3742
3747
3753
3754
3756
3757
3758
3760
3762
3763
3769
3771
3772
3774
3775
3776
3784
3785
3787
3789
3790
3792
3796
3801
3802
3803
3805
3828
3834
3835
3837
3838
3839
3873
3877
3882
3883
3884
3886
3888
3889
3892
3893
3897
3898
3900
3901
3902
3904
3909
3915
3916
3918
3919
3920
3922
3924
3925
3931
3933
3934
3936
4107
4108
4124
4129
4152
4158
4159
4160
4161
4162
4167
4168
4169
4170
4171
4174
4178
4179
4180
4188
4189
4286
4291
4304
4306
4309
4311
4312
4313
4336
4340
4341
4342
4350
4351
4354
4356
4357
4360
4363
4367
4372
4557
4563
4564
4565
4566
4579
4583
4584
4585
4610
4615
4617
4618
4620
4624
4626
4627
4628
4630
4633
4635
4636
4637
4638
4644
4645
4646
4647
4648
4653
4654
4655
4656
4657
4674
4675
4689
4690
4694
4695
4697
4698
4699
4701
4705
4707
4708
4709
4711
4713
4714
4716
4717
4718
4719
4721
4725
4726
4727
4728
4729
4734
4735
4736
4737
4738
4741
4745
4746
4747
4748
4751
4752
4753
4754
4757
4759
4761
4762
4763
4765
4766
4767
4768
4770
4771
4775
4776
4778
4779
4780
4787
4788
4789
4790
4792
4795
4797
4798
4799
4800
4806
4807
4808
4809
4810
4815
4816
4817
4818
4819
4822
4826
4827
4828
4836
4837
4853
4858
4881
4887
4888
4889
4890
4891
4895
4896
4897
4898
4899
4900
4902
4903
4904
4905
4906
4907
4908
4909
4917
4918
4919
4921
4923
4924
4925
4927
4928
4929
4930
4941
4942
4944
4948
4950
4951
4956
4959
4960
4961
4964
4965
4967
4972
4973
4974
4976
4977
4978
4979
4980
4981
4983
4984
4985
4986
4987
4988
4989
4990
4991
4994
4995
4996
4997
4998
4999
5002
5004
5005
5008
5011
5103
5104
5106
5110
5112
5113
5124
5130
5131
5132
5133
5160
5161
5164
5166
5167
5170
5173
5177
5182
5184
5185
5187
5191
5193
5194
5208
5210
5216
5217
5231
5234
5237
5238
5239
5240
5265
5266
5273
5274
5275
5276
5280
5283
5284
5285
5288
5289
5291
5297
5298
5300
5303
5307
5309
5310
5311
5312
5315
5318
5319
5320
5321
5337
5338
5342
5343
5345
5370
5372
5377
5378
5379
5381
5382
5383
5384
5385
5386
5388
5390
5391
5392
5393
5396
5399
5400
5401
5402
5403
5404
5405
5411
5414
5415
5418
5419
5423
5424
5426
5427
5428
5430
5434
5436
5437
5438
5440
5442
5443
5445
5446
5447
5448
5450
5454
5455
5456
5457
5458
5463
5464
5465
5466
5467
5470
5474
5475
5476
5477
5478
5479
5480
5481
5482
5483
5486
5488
5490
5491
5492
5494
5495
5496
5497
5499
5500
5502
5503
5504
5505
5506
5507
5508
5509
5516
5517
5518
5519
5521
5523
5524
5526
5527
5528
5529
5531
5535
5536
5537
5538
5539
5543
5544
5545
5546
5547
5548
5550
5551
5552
5553
5554
5555
5556
5557
5559
5560
5562
5563
5565
5566
5571
5572
5574
5575
5580
5581
5582
5583
5584
5585
5586
5587
5588
5589
5590
5597
5598
5599
5600
5604
5607
5608
5609
5610
5612
5613
5615
5616
5617
5618
5619
5620
5621
5622
5624
5625
5626
5627
5628
5629
5631
5632
5633
5634
5635
5636
5637
5638
5646
5647
5648
5650
5652
5653
5654
5656
5657
5658
5659
5670
5671
5673
5677
5679
5680
5685
5688
5689
5690
5693
5694
5696
5701
5702
5703
5705
5706
5707
5708
5709
5710
5712
5713
5714
5715
5716
5717
5718
5719
5720
5721
5722
5723
5724
5725
5726
5727
5728
5731
5733
5734
5737
5740
5744
5745
5746
5748
5749
5762
5764
5767
5769
5770
5771
5778
5779
5781
5782
5787
5788
5790
5791
5794
5798
5799
5800
5802
5803
5805
5806
5808
5809
5812
5814
5815
5817
5818
5821
5825
5826
5827
5829
5830
5832
5833
5840
5841
5842
5843
5856
5858
5864
5865
5891
5897
5900
5901
5904
5905
5909
5910
5912
5913
5914
5921
5922
5923
5924
5926
5928
5929
5931
5932
5933
5936
5944
5949
5950
5951
5952
5953
5974
5976
5977
5980
5983
5987
5992
5994
5995
5997
6001
6003
6004
6005
6007
6010
6012
6013
6014
6075
6076
6078
6079
6084
6085
6087
6088
6102
6103
6105
6106
6111
6112
6114
6115
6147
6148
6150
6151
6152
6153
6154
6155
6156
6157
6159
6160
6165
6166
6168
6169
6171
6174
6175
6176
6177
6178
6179
6180
6181
6183
6184
6186
6187
6192
6193
6195
6196
6199
6203
6204
6205
6206
6207
6208
6209
6210
6211
6212
6215
6217
6219
6220
6221
6223
6224
6225
6226
6228
6229
6231
6232
6233
6234
6235
6236
6237
6238
6245
6246
6247
6248
6250
6252
6253
6255
6256
6257
6258
6260
6264
6265
6266
6267
6268
6272
6273
6274
6275
6276
6277
6279
6280
6281
6282
6283
6284
6285
6286
6288
6289
6291
6292
6294
6295
6300
6301
6303
6304
6309
6310
6311
6312
6313
6314
6315
6316
6317
6318
6319
6321
6322
6326
6327
6328
6329
6330
6331
6333
6336
6337
6338
6339
6341
6342
6344
6345
6346
6347
6348
6349
6350
6351
6353
6354
6355
6356
6357
6358
6360
6361
6362
6363
6364
6365
6366
6367
6375
6376
6377
6379
6381
6382
6383
6385
6386
6387
6388
6393
6394
6396
6397
6399
6400
6402
6403
6406
6408
6409
6411
6412
6414
6417
6418
6419
6420
6421
6422
6423
6424
6425
6426
6427
6429
6430
6431
6432
6434
6435
6436
6437
6438
6439
6441
6442
6443
6444
6445
6446
6447
6448
6449
6450
6451
6452
6453
6454
6455
6456
6457
6458
6460
6462
6463
6464
6466
6467
6468
6469
6473
6474
6475
6477
6478
6480
6481
6488
6489
6490
6491
6493
6496
6498
6499
6500
6507
6508
6510
6511
6515
6516
6517
6518
6519
6520
6522
6523
6524
6525
6526
6527
6528
6529
6530
6531
6532
6533
6534
6535
6536
6537
6538
6539
6541
6543
6544
6545
6546
6547
6548
6549
6550
6552
6553
6554
6555
6556
6557
6558
6559
6560
6561
6562
6564
6565
6566
6568
6569
6570
6571
6572
6573
6574
6575
6577
6582
6585
6586
6587
6588
6589
6590
6591
6592
6593
6594
6595
6596
6597
6598
6600
6601
6604
6606
6607
6609
6618
6619
6620
6622
6624
6625
6626
6628
6629
6630
6631
6633
6634
6635
6636
6637
6638
6639
6640
6641
6642
6643
6645
6646
6647
6649
6650
6651
6652
6653
6654
6655
6656
6657
6658
6660
6661
6662
6663
6664
6665
6666
6667
6668
6669
6670
6672
6673
6674
6676
6677
6678
6679
6681
6682
6685
6687
6688
6690
6691
6692
6700
6701
6703
6705
6706
6744
6750
6751
6752
6753
6766
6767
6770
6771
6772
6773
6775
6776
6777
6778
6779
6786
6787
6789
6790
6793
6794
6795
6796
6797
6798
6799
6800
6801
6802
6803
6804
6805
6807
6808
6811
6813
6814
6815
6816
6817
6820
6822
6823
6824
6825
6828
6829
6830
6831
6832
6833
6834
6835
6836
6837
6838
6839
6840
6841
6842
6843
6844
6846
6847
6848
6849
6850
6851
6853
6854
6856
6857
6858
6859
6860
6862
6863
6865
6867
6868
6869
6870
6871
6872
6873
6874
6875
6876
6877
6879
6880
6882
6883
6884
6885
6886
6888
6889
6890
6894
6895
6897
6898
6899
6901
6906
6907
6909
6910
6911
6912
6913
6915
6916
6919
6920
6921
6922
6924
6925
6934
6935
6943
6944
6946
6948
6949
6951
6955
6960
6961
6962
6964
6966
6967
6970
6971
6975
6976
6978
6979
6980
6982
6987
6993
6994
6996
6997
6998
7023
7024
7040
7045
7068
7074
7075
7076
7077
7078
7082
7083
7084
7085
7086
7087
7089
7090
7091
7092
7093
7094
7095
7096
7104
7105
7106
7108
7110
7111
7112
7114
7115
7116
7117
7128
7129
7131
7135
7137
7138
7143
7146
7147
7148
7151
7152
7154
7159
7160
7161
7163
7164
7165
7166
7167
7168
7170
7171
7172
7173
7174
7175
7176
7177
7178
7179
7180
7181
7182
7183
7184
7185
7186
7187
7189
7191
7192
7193
7195
7196
7197
7198
7202
7203
7204
7206
7207
7209
7210
7217
7218
7219
7220
7222
7225
7227
7228
7229
7236
7237
7239
7240
7244
7245
7246
7247
7248
7249
7251
7252
7253
7254
7255
7256
7257
7258
7259
7260
7261
7262
7263
7264
7265
7266
7267
7268
7270
7272
7273
7274
7275
7276
7277
7278
7279
7281
7282
7283
7284
7285
7286
7287
7288
7289
7290
7291
7293
7294
7295
7297
7298
7299
7300
7301
7302
7303
7304
7306
7311
7314
7315
7316
7317
7318
7319
7320
7321
7322
7323
7324
7325
7326
7327
7329
7330
7333
7335
7336
7338
7347
7348
7349
7351
7353
7354
7355
7357
7358
7359
7360
7362
7363
7364
7365
7366
7367
7368
7369
7370
7371
7372
7374
7375
7376
7378
7379
7380
7381
7382
7383
7384
7385
7386
7387
7389
7390
7391
7392
7393
7394
7395
7396
7397
7398
7399
7401
7402
7403
7404
7405
7406
7407
7408
7410
7411
7414
7416
7417
7418
7419
7420
7421
7422
7423
7424
7425
7426
7427
7429
7430
7432
7434
7435
7437
7441
7446
7447
7448
7449
7450
7452
7453
7460
7461
7462
7463
7467
7470
7471
7472
7473
7475
7476
7478
7479
7480
7482
7483
7484
7485
7487
7488
7489
7490
7491
7492
7494
7495
7496
7497
7498
7499
7500
7501
7502
7503
7504
7505
7506
7507
7508
7509
7510
7515
7516
7518
7519
7522
7523
7524
7525
7527
7528
7529
7530
7531
7532
7533
7534
7536
7537
7538
7542
7543
7545
7546
7547
7549
7554
7557
7558
7559
7560
7561
7563
7564
7565
7566
7567
7568
7569
7570
7571
7572
7573
7575
7576
7577
7578
7579
7580
7581
7582
7583
7585
7586
7587
7588
7589
7591
7592
7594
7596
7597
7598
7599
7600
7601
7602
7603
7604
7605
7606
7608
7609
7611
7612
7613
7614
7615
7617
7618
7619
7623
7624
7626
7627
7628
7630
7635
7636
7638
7639
7640
7641
7642
7644
7645
7648
7649
7650
7651
7653
7654
7662
7663
7664
7665
7666
7672
7673
7675
7677
7678
7680
7684
7689
7690
7691
7692
7693
7695
7696
7699
7700
7704
7705
7707
7708
7709
7710
7711
7713
7714
7715
7716
7718
7722
7723
7725
7726
7727
7729
7730
7731
7732
7733
7734
7735
7737
7738
7739
7740
7741
7743
7744
7746
7747
7749
7750
7752
7753
7758
7759
7761
7762
7765
7767
7768
7770
7771
7772
7773
7774
7775
7776
7777
7784
7785
7786
7787
7791
7794
7795
7796
7799
7800
7802
7808
7809
7810
7812
7813
7819
7821
7822
7824
7825
7826
7834
7835
7837
7839
7840
7842
7846
7851
7852
7853
7855
7857
7858
7861
7862
7866
7867
7869
7870
7871
7873
7878
7884
7885
7887
7888
7889
7905
7906
7907
7908
7909
7915
7916
7918
7920
7921
7932
7933
7935
7936
7959
7965
7966
7968
7969
7970
7972
7974
7975
7977
7978
7981
7983
7984
7986
7987
7988
7989
7990
7992
7993
7995
7996
7997
7999
8001
8002
8004
8005
8008
8013
8014
8015
8016
8017
8019
8020
8027
8028
8029
8030
8043
8045
8051
8052
8078
8084
8087
8088
8091
8092
8096
8097
8099
8100
8101
8108
8109
8110
8111
8115
8118
8119
8120
8123
8124
8126
8132
8133
8147
8150
8153
8154
8155
8156
8166
8170
8175
8176
8177
8179
8181
8182
8189
8190
8191
8192
8196
8199
8200
8201
8202
8204
8205
8207
8208
8209
8211
8212
8213
8214
8216
8219
8223
8225
8226
8227
8228
8231
8234
8235
8236
8237
8247
8251
8253
8254
8256
8257
8258
8259
8260
8261
8262
8263
8265
8266
8267
8271
8272
8274
8275
8276
8278
8283
8286
8288
8289
8290
8292
8293
8294
8295
8296
8297
8298
8299
8300
8301
8302
8304
8305
8306
8307
8308
8309
8310
8312
8315
8316
8317
8318
8321
8327
8330
8331
8334
8335
8337
8338
8339
8340
8341
8342
8343
8344
8346
8347
8352
8353
8355
8356
8358
8361
8362
8363
8364
8365
8366
8367
8368
8370
8371
8373
8374
8379
8380
8382
8383
8386
8387
8390
8391
8392
8393
8394
8395
8396
8397
8398
8399
8402
8406
8407
8408
8409
8410
8411
8412
8413
8414
8415
8416
8418
8419
8420
8421
8422
8423
8424
8425
8432
8433
8434
8435
8451
8452
8454
8455
8460
8461
8463
8464
8467
8468
8472
8473
8475
8476
8477
8478
8479
8481
8482
8487
8488
8490
8491
8494
8495
8496
8497
8499
8500
8502
8503
8504
8505
8506
8508
8509
8514
8515
8517
8518
8532
8533
8535
8536
8541
8542
8544
8545
8580
8581
8583
8584
8586
8587
8589
8590
8595
8596
8598
8599
8607
8608
8610
8611
8612
8613
8614
8616
8617
8618
8620
8621
8622
8623
8625
8626
8629
8630
8634
8635
8636
8637
8638
8639
8644
8645
8647
8649
8650
8652
8653
8656
8657
8658
8659
8661
8662
8664
8665
8666
8667
8668
8670
8671
8676
8677
8679
8680
8688
8692
8693
8694
8695
8697
8698
8699
8701
8702
8703
8704
8706
8707
8710
8711
8712
8713
8715
8716
8717
8718
8719
8720
8721
8722
8724
8725
8726
8728
8730
8731
8733
8734
8737
8738
8739
8740
8742
8743
8744
8745
8746
8747
8748
8749
8751
8752
8753
8757
8758
8760
8761
8762
8764
8773
8774
8775
8776
8778
8779
8782
8783
8784
8785
8787
8788
8791
8793
8794
8796
8823
8824
8826
8827
8829
8830
8832
8833
8834
8838
8839
8841
8842
8843
8845
8850
8851
8853
8854
8855
8856
8857
8859
8860
8861
8863
8864
8865
8866
8868
8869
8872
8874
8875
8877
8878
8879
8887
8888
8890
8892
8893
8895
8899
8904
8905
8906
8908
8931
8937
8938
8940
8941
8942
8953
8954
8962
8963
8973
8974
8976
8977
8980
8981
8982
8983
8985
8986
8987
8989
8990
8991
8992
8994
8995
8996
9000
9001
9003
9004
9005
9007
9012
9016
9017
9018
9019
9021
9022
9023
9025
9026
9027
9028
9030
9031
9034
9035
9036
9037
9039
9040
9041
9043
9044
9049
9050
9052
9054
9055
9057
9058
9061
9062
9063
9064
9066
9067
9069
9070
9071
9072
9073
9075
9076
9077
9081
9082
9084
9085
9086
9088
9093
9094
9096
9097
9098
9099
9100
9102
9103
9106
9107
9108
9109
9111
9112
9115
9116
9121
9122
9124
9125
9130
9131
9133
9135
9136
9138
9139
9142
9143
9144
9145
9147
9148
9149
9151
9152
9153
9154
9157
9158
9162
9163
9165
9166
9167
9169
9174
9180
9181
9183
9184
9185
9187
9189
9190
9196
9197
9198
9199
9201
9205
9206
9216
9217
9219
9220
9223
9224
9225
9226
9228
9229
9230
9232
9233
9268
9270
9271
9277
9279
9280
9282
9283
9284
9292
9293
9295
9297
9298
9300
9304
9309
9310
9311
9313
9315
9316
9318
9319
9320
9324
9325
9327
9328
9329
9331
9340
9341
9342
9343
9345
9346
9349
9350
9351
9352
9354
9355
9358
9359
9363
9364
9366
9367
9368
9378
9379
9381
9382
9385
9386
9387
9388
9390
9391
9393
9394
9395
9396
9397
9399
9400
9405
9406
9408
9409
9421
9422
9423
9424
9426
9427
9430
9431
9432
9433
9435
9436
9439
9440
9444
9445
9447
9448
9449
9450
9451
9453
9454
9459
9460
9462
9463
9466
9467
9468
9469
9471
9472
9474
9475
9476
9477
9478
9480
9481
9482
9486
9487
9489
9490
9491
9493
9502
9503
9504
9505
9507
9508
9511
9512
9513
9514
9516
9517
9520
9522
9523
9525
9552
9553
9555
9556
9558
9559
9561
9562
9563
9567
9568
9570
9571
9572
9574
9579
9580
9582
9583
9584
9585
9586
9588
9589
9590
9592
9593
9594
9595
9597
9598
9601
9603
9604
9606
9607
9608
9609
9610
9616
9617
9619
9621
9622
9633
9634
9636
9637
9666
9667
9669
9670
9675
9676
9678
9679
9682
9683
9687
9688
9690
9691
9692
9693
9694
9696
9697
9702
9703
9705
9706
9709
9710
9711
9712
9714
9715
9717
9718
9719
9720
9721
9723
9724
9729
9730
9732
9733
9745
9746
9747
9748
9750
9751
9754
9755
9756
9757
9759
9760
9763
9764
9772
9773
9783
9784
9786
9787
9790
9791
9792
9793
9795
9796
9798
9799
9800
9801
9802
9804
9805
9810
9811
9813
9814
9822
9823
9825
9826
9827
9828
9829
9831
9832
9835
9836
9837
9838
9840
9841
9916
9918
9919
9925
9927
9928
9930
9948
9952
9957
9958
9959
9961
9997
9999
10000
10006
10008
10009
10011
10012
10013
10021
10022
10024
10026
10027
10029
10033
10038
10039
10040
10042
10044
10045
10048
10049
10053
10054
10056
10057
10058
10060
10065
10071
10072
10074
10075
10076
10093
10094
10102
10103
10105
10107
10108
10146
10152
10153
10155
10156
10157
10159
10161
10162
10168
10170
10171
10173
10174
10175
10183
10184
10186
10188
10189
10191
10195
10200
10201
10202
10204
10206
10207
10210
10211
10215
10216
10218
10219
10220
10222
10240
10242
10243
10249
10251
10252
10254
10287
10288
10291
10292
10296
10297
10299
10300
10301
10303
10308
10314
10315
10317
10318
10319
10321
10323
10324
10330
10332
10333
10335
10336
10337
10345
10346
10348
10350
10351
10353
10357
10362
10363
10364
10366
10389
10395
10396
10398
10399
10400
10434
10438
10443
10444
10445
10447
10449
10450
10453
10454
10458
10459
10461
10462
10463
10465
10470
10476
10477
10479
10480
10481
10483
10485
10486
10492
10494
10495
10497
10498
10499
10507
10508
10510
10512
10513
10530
10531
10534
10535
10539
10540
10542
10543
10544
10546
10579
10580
10588
10589
10591
10593
10594
10596
10600
10605
10606
10607
10609
10611
10612
10615
10616
10620
10621
10623
10624
10625
10627
10632
10638
10639
10641
10642
10643
10794
10800
10801
10803
10804
10805
10822
10823
10831
10832
10834
10836
10837
10875
10881
10882
10884
10885
10886
10888
10890
10891
10897
10899
10900
10902
10903
10904
10912
10913
10915
10917
10918
10920
10924
10929
10930
10931
10933
11227
11228
11236
11237
11239
11241
11242
11259
11260
11263
11264
11268
11269
11271
11272
11273
11275
11308
11309
11317
11318
11320
11322
11323
11325
11329
11334
11335
11336
11338
11340
11341
11344
11345
11349
11350
11352
11353
11354
11356
11361
11367
11368
11370
11371
11372
11374
11376
11377
11383
11385
11386
11388
11406
11410
11415
11416
11417
11419
11455
11457
11458
11464
11466
11467
11469
11470
11471
11479
11480
11482
11484
11485
11487
11491
11496
11497
11498
11500
11502
11503
11506
11507
11511
11512
11514
11515
11516
11518
11523
11529
11530
11532
11533
11534
11551
11552
11560
11561
11563
11565
11566
11604
11610
11611
11613
11614
11615
11617
11619
11620
11626
11628
11629
11631
11632
11633
11641
11642
11644
11646
11647
11649
11653
11658
11659
11660
11662
11664
11665
11668
11669
11673
11674
11676
11677
11678
11680
11698
11700
11701
11707
11709
11710
11712
11745
11746
11749
11750
11754
11755
11757
11758
11759
11761
11766
11772
11773
11775
11776
11777
11779
11781
11782
11788
11790
11791
11793
11794
11795
11803
11804
11806
11808
11809
16405
16406
16414
16415
16425
16426
16428
16429
16432
16433
16434
16435
16437
16438
16441
16442
16486
16487
16495
16496
16506
16507
16509
16510
16513
16514
16515
16516
16518
16519
16522
16523
16605
16606
16608
16609
16614
16615
16617
16618
16630
16631
16632
16633
16635
16636
16639
16640
16641
16642
16644
16645
16648
16649
16657
16658
16668
16669
16671
16672
16675
16676
16677
16678
16680
16681
16684
16685
16686
16687
16689
16690
16695
16696
16698
16699
16711
16712
16713
16714
16716
16717
16720
16721
16722
16723
16725
16726
16729
16730
16738
16739
16749
16750
16752
16753
16756
16757
16758
16759
16761
16762
16765
16766
17134
17135
17143
17144
17154
17155
17157
17158
17161
17162
17163
17164
17166
17167
17170
17171
17215
17216
17224
17225
17235
17236
17238
17239
17242
17243
17244
17245
17247
17248
17251
17252
17334
17335
17337
17338
17343
17344
17346
17347
17359
17360
17361
17362
17364
17365
17368
17369
17370
17371
17373
17374
17377
17378
17386
17387
17397
17398
17400
17401
17404
17405
17406
17407
17409
17410
17413
17414
17415
17416
17418
17419
17424
17425
17427
17428
17440
17441
17442
17443
17445
17446
17449
17450
17451
17452
17454
17455
17458
17459
17467
17468
17478
17479
17481
17482
17485
17486
17487
17488
17490
17491
17494
17495
18225
18226
18228
18229
18234
18235
18237
18238
18250
18251
18252
18253
18255
18256
18259
18260
18261
18262
18264
18265
18306
18307
18309
18310
18315
18316
18318
18319
18331
18332
18333
18334
18336
18337
18340
18341
18342
18343
18345
18346
18430
18431
18439
18440
18450
18451
18453
18454
18457
18458
18459
18460
18462
18463
18466
18467
18468
18469
18471
18472
18477
18478
18480
18481
18493
18494
18495
18496
18498
18499
18502
18503
18504
18505
18507
18508
18511
18512
18520
18521
18531
18532
18534
18535
18538
18539
18540
18541
18543
18544
18547
18548
18549
18550
18552
18553
18558
18559
18561
18562
18574
18575
18576
18577
18579
18580
18583
18584
18585
18586
18588
18589
18592
18593
18601
18602
18612
18613
18615
18616
18619
18620
18621
18622
18624
18625
18628
18629
18673
18674
18682
18683
18693
18694
18696
18697
18700
18701
18702
18703
18705
18706
18709
18710
18792
18793
18795
18796
18801
18802
18804
18805
18817
18818
18819
18820
18822
18823
18826
18827
18828
18829
18831
18832
18835
18836
18844
18845
18855
18856
18858
18859
18862
18863
18864
18865
18867
18868
18871
18872
18873
18874
18876
18877
18882
18883
18885
18886
18898
18899
18900
18901
18903
18904
18907
18908
18909
18910
18912
18913
18916
18917
18925
18926
18936
18937
18939
18940
18943
18944
18945
18946
18948
18949
18952
18953
18954
18955
18957
18958
18963
18964
18966
18967
18979
18980
18981
18982
18984
18985
18988
18989
18990
18991
18993
18994
19035
19036
19038
19039
19044
19045
19047
19048
19060
19061
19062
19063
19065
19066
19069
19070
19071
19072
19074
19075
19159
19160
19168
19169
19179
19180
19182
19183
19186
19187
19188
19189
19191
19192
19195
19196
19197
19198
19200
19201
19206
19207
19209
19210
19222
19223
19224
19225
19227
19228
19231
19232
19233
19234
19236
19237
19240
19241
19249
19250
19260
19261
19263
19264
19267
19268
19269
19270
19272
19273
19276
19277
19278
19279
19281
19282
19287
19288
19290
19291
19303
19304
19305
19306
19308
19309
19312
19313
19314
19315
19317
19318
19321
19322
19330
19331
19341
19342
19344
19345
19348
19349
19350
19351
19353
19354
19357
19358
19402
19403
19411
19412
19422
19423
19425
19426
19429
19430
19431
19432
19434
19435
19438
19439
19521
19522
19524
19525
19530
19531
19533
19534
19546
19547
19548
19549
19551
19552
19555
19556
19557
19558
19560
19561
19564
19565
19573
19574
19584
19585
19587
19588
19591
19592
19593
19594
19596
19597
19600
19601
19602
19603
19605
19606
19611
19612
19614
19615
19627
19628
19629
19630
19632
19633
19636
19637
19638
19639
19641
19642
19645
19646
19654
19655
19665
19666
19668
19669
19672
19673
19674
19675
19677
19678
19681
19682
19683
19684
19686
19687
19692
19693
19695
19696
19708
19709
19710
19711
19713
19714
19717
19718
19719
19720
19722
19723
19764
19765
19767
19768
19773
19774
19776
19777
19789
19790
19791
19792
19794
19795
19798
19799
19800
19801
19803
19804
19888
19889
19897
19898
19908
19909
19911
19912
19915
19916
19917
19918
19920
19921
19924
19925
19926
19927
19929
19930
19935
19936
19938
19939
19951
19952
19953
19954
19956
19957
19960
19961
19962
19963
19965
19966
19969
19970
19978
19979
19989
19990
19992
19993
19996
19997
19998
19999
20001
20002
20005
20006
20007
20008
20010
20011
20016
20017
20019
20020
20032
20033
20034
20035
20037
20038
20041
20042
20043
20044
20046
20047
20412
20413
20415
20416
20421
20422
20424
20425
20437
20438
20439
20440
20442
20443
20446
20447
20448
20449
20451
20452
20493
20494
20496
20497
20502
20503
20505
20506
20518
20519
20520
20521
20523
20524
20527
20528
20529
20530
20532
20533
20617
20618
20626
20627
20637
20638
20640
20641
20644
20645
20646
20647
20649
20650
20653
20654
20655
20656
20658
20659
20664
20665
20667
20668
20680
20681
20682
20683
20685
20686
20689
20690
20691
20692
20694
20695
20698
20699
20707
20708
20718
20719
20721
20722
20725
20726
20727
20728
20730
20731
20734
20735
20736
20737
20739
20740
20745
20746
20748
20749
20761
20762
20763
20764
20766
20767
20770
20771
20772
20773
20775
20776
21508
21509
21517
21518
21528
21529
21531
21532
21535
21536
21537
21538
21540
21541
21544
21545
21589
21590
21598
21599
21609
21610
21612
21613
21616
21617
21618
21619
21621
21622
21625
21626
21708
21709
21711
21712
21717
21718
21720
21721
21733
21734
21735
21736
21738
21739
21742
21743
21744
21745
21747
21748
21751
21752
21760
21761
21771
21772
21774
21775
21778
21779
21780
21781
21783
21784
21787
21788
21789
21790
21792
21793
21798
21799
21801
21802
21814
21815
21816
21817
21819
21820
21823
21824
21825
21826
21828
21829
21832
21833
21841
21842
21852
21853
21855
21856
21859
21860
21861
21862
21864
21865
21868
21869
21870
21871
21873
21874
21879
21880
21882
21883
21895
21896
21897
21898
21900
21901
21904
21905
21906
21907
21909
21910
21951
21952
21954
21955
21960
21961
21963
21964
21976
21977
21978
21979
21981
21982
21985
21986
21987
21988
21990
21991
22075
22076
22084
22085
22095
22096
22098
22099
22102
22103
22104
22105
22107
22108
22111
22112
22113
22114
22116
22117
22122
22123
22125
22126
22138
22139
22140
22141
22143
22144
22147
22148
22149
22150
22152
22153
22156
22157
22165
22166
22176
22177
22179
22180
22183
22184
22185
22186
22188
22189
22192
22193
22194
22195
22197
22198
22203
22204
22206
22207
22219
22220
22221
22222
22224
22225
22228
22229
22230
22231
22233
22234
22237
22238
22246
22247
22257
22258
22260
22261
22264
22265
22266
22267
22269
22270
22273
22274
22318
22319
22327
22328
22338
22339
22341
22342
22345
22346
22347
22348
22350
22351
22354
22355
22437
22438
22440
22441
22446
22447
22449
22450
22462
22463
22464
22465
22467
22468
22471
22472
22473
22474
22476
22477
22480
22481
22489
22490
22500
22501
22503
22504
22507
22508
22509
22510
22512
22513
22516
22517
22518
22519
22521
22522
22527
22528
22530
22531
22543
22544
22545
22546
22548
22549
22552
22553
22554
22555
22557
22558
22561
22562
22570
22571
22581
22582
22584
22585
22588
22589
22590
22591
22593
22594
22597
22598
22599
22600
22602
22603
22608
22609
22611
22612
22624
22625
22626
22627
22629
22630
22633
22634
22635
22636
22638
22639
22680
22681
22683
22684
22689
22690
22692
22693
22705
22706
22707
22708
22710
22711
22714
22715
22716
22717
22719
22720
22804
22805
22813
22814
22824
22825
22827
22828
22831
22832
22833
22834
22836
22837
22840
22841
22842
22843
22845
22846
22851
22852
22854
22855
22867
22868
22869
22870
22872
22873
22876
22877
22878
22879
22881
22882
22885
22886
22894
22895
22905
22906
22908
22909
22912
22913
22914
22915
22917
22918
22921
22922
22923
22924
22926
22927
22932
22933
22935
22936
22948
22949
22950
22951
22953
22954
22957
22958
22959
22960
22962
22963
22966
22967
22975
22976
22986
22987
22989
22990
22993
22994
22995
22996
22998
22999
23002
23003
23047
23048
23056
23057
23067
23068
23070
23071
23074
23075
23076
23077
23079
23080
23083
23084
23166
23167
23169
23170
23175
23176
23178
23179
23191
23192
23193
23194
23196
23197
23200
23201
23202
23203
23205
23206
23209
23210
23218
23219
23229
23230
23232
23233
23236
23237
23238
23239
23241
23242
23245
23246
23247
23248
23250
23251
23256
23257
23259
23260
23272
23273
23274
23275
23277
23278
23281
23282
23283
23284
23286
23287
23290
23291
23299
23300
23310
23311
23313
23314
23317
23318
23319
23320
23322
23323
23326
23327
23695
23696
23704
23705
23715
23716
23718
23719
23722
23723
23724
23725
23727
23728
23731
23732
23776
23777
23785
23786
23796
23797
23799
23800
23803
23804
23805
23806
23808
23809
23812
23813
23895
23896
23898
23899
23904
23905
23907
23908
23920
23921
23922
23923
23925
23926
23929
23930
23931
23932
23934
23935
23938
23939
23947
23948
23958
23959
23961
23962
23965
23966
23967
23968
23970
23971
23974
23975
23976
23977
23979
23980
23985
23986
23988
23989
24001
24002
24003
24004
24006
24007
24010
24011
24012
24013
24015
24016
24019
24020
24028
24029
24039
24040
24042
24043
24046
24047
24048
24049
24051
24052
24055
24056
24786
24787
24789
24790
24795
24796
24798
24799
24811
24812
24813
24814
24816
24817
24820
24821
24822
24823
24825
24826
24867
24868
24870
24871
24876
24877
24879
24880
24892
24893
24894
24895
24897
24898
24901
24902
24903
24904
24906
24907
24991
24992
25000
25001
25011
25012
25014
25015
25018
25019
25020
25021
25023
25024
25027
25028
25029
25030
25032
25033
25038
25039
25041
25042
25054
25055
25056
25057
25059
25060
25063
25064
25065
25066
25068
25069
25072
25073
25081
25082
25092
25093
25095
25096
25099
25100
25101
25102
25104
25105
25108
25109
25110
25111
25113
25114
25119
25120
25122
25123
25135
25136
25137
25138
25140
25141
25144
25145
25146
25147
25149
25150
25153
25154
25162
25163
25173
25174
25176
25177
25180
25181
25182
25183
25185
25186
25189
25190
25234
25235
25243
25244
25254
25255
25257
25258
25261
25262
25263
25264
25266
25267
25270
25271
25353
25354
25356
25357
25362
25363
25365
25366
25378
25379
25380
25381
25383
25384
25387
25388
25389
25390
25392
25393
25396
25397
25405
25406
25416
25417
25419
25420
25423
25424
25425
25426
25428
25429
25432
25433
25434
25435
25437
25438
25443
25444
25446
25447
25459
25460
25461
25462
25464
25465
25468
25469
25470
25471
25473
25474
25477
25478
25486
25487
25497
25498
25500
25501
25504
25505
25506
25507
25509
25510
25513
25514
25515
25516
25518
25519
25524
25525
25527
25528
25540
25541
25542
25543
25545
25546
25549
25550
25551
25552
25554
25555
25596
25597
25599
25600
25605
25606
25608
25609
25621
25622
25623
25624
25626
25627
25630
25631
25632
25633
25635
25636
25720
25721
25729
25730
25740
25741
25743
25744
25747
25748
25749
25750
25752
25753
25756
25757
25758
25759
25761
25762
25767
25768
25770
25771
25783
25784
25785
25786
25788
25789
25792
25793
25794
25795
25797
25798
25801
25802
25810
25811
25821
25822
25824
25825
25828
25829
25830
25831
25833
25834
25837
25838
25839
25840
25842
25843
25848
25849
25851
25852
25864
25865
25866
25867
25869
25870
25873
25874
25875
25876
25878
25879
25882
25883
25891
25892
25902
25903
25905
25906
25909
25910
25911
25912
25914
25915
25918
25919
25963
25964
25972
25973
25983
25984
25986
25987
25990
25991
25992
25993
25995
25996
25999
26000
26082
26083
26085
26086
26091
26092
26094
26095
26107
26108
26109
26110
26112
26113
26116
26117
26118
26119
26121
26122
26125
26126
26134
26135
26145
26146
26148
26149
26152
26153
26154
26155
26157
26158
26161
26162
26163
26164
26166
26167
26172
26173
26175
26176
26188
26189
26190
26191
26193
26194
26197
26198
26199
26200
26202
26203
26206
26207
26215
26216
26226
26227
26229
26230
26233
26234
26235
26236
26238
26239
26242
26243
26244
26245
26247
26248
26253
26254
26256
26257
26269
26270
26271
26272
26274
26275
26278
26279
26280
26281
26283
26284
26325
26326
26328
26329
26334
26335
26337
26338
26350
26351
26352
26353
26355
26356
26359
26360
26361
26362
26364
26365
26449
26450
26458
26459
26469
26470
26472
26473
26476
26477
26478
26479
26481
26482
26485
26486
26487
26488
26490
26491
26496
26497
26499
26500
26512
26513
26514
26515
26517
26518
26521
26522
26523
26524
26526
26527
26530
26531
26539
26540
26550
26551
26553
26554
26557
26558
26559
26560
26562
26563
26566
26567
26568
26569
26571
26572
26577
26578
26580
26581
26593
26594
26595
26596
26598
26599
26602
26603
26604
26605
26607
26608
26973
26974
26976
26977
26982
26983
26985
26986
26998
26999
27000
27001
27003
27004
27007
27008
27009
27010
27012
27013
27054
27055
27057
27058
27063
27064
27066
27067
27079
27080
27081
27082
27084
27085
27088
27089
27090
27091
27093
27094
27178
27179
27187
27188
27198
27199
27201
27202
27205
27206
27207
27208
27210
27211
27214
27215
27216
27217
27219
27220
27225
27226
27228
27229
27241
27242
27243
27244
27246
27247
27250
27251
27252
27253
27255
27256
27259
27260
27268
27269
27279
27280
27282
27283
27286
27287
27288
27289
27291
27292
27295
27296
27297
27298
27300
27301
27306
27307
27309
27310
27322
27323
27324
27325
27327
27328
27331
27332
27333
27334
27336
27337
28069
28070
28078
28079
28089
28090
28092
28093
28096
28097
28098
28099
28101
28102
28105
28106
28150
28151
28159
28160
28170
28171
28173
28174
28177
28178
28179
28180
28182
28183
28186
28187
28269
28270
28272
28273
28278
28279
28281
28282
28294
28295
28296
28297
28299
28300
28303
28304
28305
28306
28308
28309
28312
28313
28321
28322
28332
28333
28335
28336
28339
28340
28341
28342
28344
28345
28348
28349
28350
28351
28353
28354
28359
28360
28362
28363
28375
28376
28377
28378
28380
28381
28384
28385
28386
28387
28389
28390
28393
28394
28402
28403
28413
28414
28416
28417
28420
28421
28422
28423
28425
28426
28429
28430
28431
28432
28434
28435
28440
28441
28443
28444
28456
28457
28458
28459
28461
28462
28465
28466
28467
28468
28470
28471
28512
28513
28515
28516
28521
28522
28524
28525
28537
28538
28539
28540
28542
28543
28546
28547
28548
28549
28551
28552
28636
28637
28645
28646
28656
28657
28659
28660
28663
28664
28665
28666
28668
28669
28672
28673
28674
28675
28677
28678
28683
28684
28686
28687
28699
28700
28701
28702
28704
28705
28708
28709
28710
28711
28713
28714
28717
28718
28726
28727
28737
28738
28740
28741
28744
28745
28746
28747
28749
28750
28753
28754
28755
28756
28758
28759
28764
28765
28767
28768
28780
28781
28782
28783
28785
28786
28789
28790
28791
28792
28794
28795
28798
28799
28807
28808
28818
28819
28821
28822
28825
28826
28827
28828
28830
28831
28834
28835
28879
28880
28888
28889
28899
28900
28902
28903
28906
28907
28908
28909
28911
28912
28915
28916
28998
28999
29001
29002
29007
29008
29010
29011
29023
29024
29025
29026
29028
29029
29032
29033
29034
29035
29037
29038
29041
29042
29050
29051
29061
29062
29064
29065
29068
29069
29070
29071
29073
29074
29077
29078
29079
29080
29082
29083
29088
29089
29091
29092
29104
29105
29106
29107
29109
29110
29113
29114
29115
29116
29118
29119
29122
29123
29131
29132
29142
29143
29145
29146
29149
29150
29151
29152
29154
29155
29158
29159
29160
29161
29163
29164
29169
29170
29172
29173
29185
29186
29187
29188
29190
29191
29194
29195
29196
29197
29199
29200
29241
29242
29244
29245
29250
29251
29253
29254
29266
29267
29268
29269
29271
29272
29275
29276
29277
29278
29280
29281
29365
29366
29374
29375
29385
29386
29388
29389
29392
29393
29394
29395
29397
29398
29401
29402
29403
29404
29406
29407
29412
29413
29415
29416
29428
29429
29430
29431
29433
29434
29437
29438
29439
29440
29442
29443
29446
29447
29455
29456
29466
29467
29469
29470
29473
29474
29475
29476
29478
29479
29482
29483
29484
29485
29487
29488
29493
29494
29496
29497
29509
29510
29511
29512
29514
29515
29518
29519
29520
29521
29523
29524
