2
3
4
5
6
7
8
9
10
11
12
13
14
15
16
17
18
19
20
21
22
23
24
25
26
27
28
30
31
32
33
34
35
36
37
38
39
41
42
44
45
46
48
49
50
51
52
54
55
56
58
59
60
61
62
63
64
65
66
68
69
70
71
72
73
74
75
76
77
78
79
81
82
83
84
85
86
87
88
89
90
91
92
93
94
95
96
97
98
99
100
101
102
103
104
105
106
107
108
109
111
114
115
116
117
118
120
123
124
125
126
127
132
133
134
135
136
137
138
141
142
143
144
145
146
147
150
151
152
153
154
155
156
157
158
162
163
164
168
169
170
171
172
173
177
178
179
180
181
182
183
184
185
189
190
191
195
196
197
198
199
200
204
205
206
207
208
209
210
211
212
213
214
215
216
217
219
225
226
228
231
232
233
234
235
237
243
244
246
252
253
255
258
259
260
267
268
269
270
271
273
276
277
278
285
286
287
294
295
296
297
298
300
306
307
309
312
313
314
315
316
318
