2
3
4
5
6
7
8
9
10
11
12
13
14
15
16
17
18
19
20
21
22
23
25
27
28
29
30
31
32
33
36
37
38
40
41
42
43
45
46
47
48
49
50
52
54
55
56
57
58
59
60
61
62
63
64
65
67
68
69
70
71
72
73
74
76
77
79
81
82
83
84
85
86
87
88
90
91
92
93
94
95
96
97
99
100
101
102
103
104
106
108
109
110
111
114
117
118
119
121
122
123
124
126
127
128
130
131
133
135
136
137
138
140
141
144
145
146
148
149
150
152
153
154
155
157
158
162
163
164
165
166
167
168
171
172
173
174
175
176
177
179
180
181
182
183
184
185
187
189
190
191
192
194
198
199
203
204
205
206
207
208
212
214
217
218
219
221
222
223
224
225
226
227
228
229
230
231
232
233
235
236
241
243
244
245
246
247
248
249
252
253
254
255
256
257
258
259
261
262
263
264
266
268
270
271
272
273
274
275
276
279
280
281
285
288
289
290
292
295
297
298
299
300
301
302
303
307
308
310
311
312
314
316
317
324
325
326
327
328
329
330
333
334
335
339
342
343
344
347
352
354
356
360
361
362
365
366
367
369
370
372
373
374
376
378
379
380
381
382
383
384
385
386
387
388
389
390
401
405
406
407
408
409
410
411
414
415
416
418
419
423
424
425
426
428
432
433
434
435
436
437
438
441
442
443
445
446
447
448
450
451
454
455
460
461
462
464
465
466
469
470
472
473
474
478
479
486
487
488
489
490
492
495
496
497
498
500
501
503
504
506
509
513
514
516
518
519
522
524
527
532
533
538
540
541
543
546
547
548
549
554
556
558
559
567
568
572
574
576
578
579
582
584
585
587
588
589
590
592
595
596
597
599
600
603
604
608
610
612
613
614
615
616
617
619
621
622
623
626
627
628
629
630
631
635
638
639
641
643
644
646
648
649
653
657
658
659
661
663
664
666
667
671
680
681
682
683
684
685
686
689
690
692
693
694
695
697
698
703
704
705
706
707
708
711
712
713
715
716
721
722
729
730
731
732
733
734
735
736
737
738
739
740
741
743
744
745
746
747
748
749
750
751
752
754
756
757
758
759
760
761
762
765
766
767
769
770
771
772
774
775
776
779
783
784
785
786
787
789
793
802
803
805
806
810
811
812
813
814
815
816
819
820
821
822
823
825
828
829
830
837
838
839
840
843
846
848
855
860
864
865
866
867
870
871
873
874
876
883
891
892
893
894
895
896
899
900
901
902
903
905
906
909
910
911
912
914
916
918
919
923
924
932
933
934
936
938
946
947
949
952
953
954
961
964
965
972
973
975
978
981
982
984
986
987
990
991
999
1000
1002
1005
1022
1026
1027
1028
1029
1032
1036
1037
1045
1049
1053
1054
1058
1061
1062
1067
1069
1076
1083
1094
1095
1096
1098
1099
1103
1107
1108
1109
1112
1114
1116
1117
1118
1119
1130
1134
1135
1136
1139
1143
1144
1152
1153
1162
1164
1168
1171
1172
1175
1176
1177
1179
1180
1181
1184
1190
1191
1193
1194
1197
1198
1199
1202
1208
1215
1216
1217
1218
1220
1221
1224
1225
1227
1228
1229
1230
1231
1233
1234
1238
1242
1243
1245
1248
1256
1257
1258
1260
1261
1262
1265
1267
1269
1270
1272
1274
1275
1296
1297
1298
1301
1305
1306
1313
1314
1315
1316
1318
1328
1329
1332
1333
1337
1341
1342
1345
1350
1351
1353
1357
1361
1363
1367
1368
1370
1377
1378
1379
1381
1386
1387
1388
1390
1394
1395
1396
1397
1407
1410
1422
1424
1432
1434
1437
1441
1458
1459
1460
1461
1462
1463
1464
1467
1468
1469
1472
1473
1474
1475
1476
1477
1478
1481
1485
1486
1487
1488
1489
1490
1491
1494
1495
1496
1499
1500
1501
1503
1504
1505
1508
1512
1513
1539
1540
1541
1542
1543
1544
1548
1549
1550
1557
1558
1559
1566
1567
1572
1604
1606
1610
1611
1613
1620
1621
1622
1623
1624
1625
1629
1630
1631
1637
1638
1639
1640
1641
1643
1645
1647
1648
1652
1654
1657
1661
1663
1665
1681
1682
1683
1701
1702
1706
1708
1709
1710
1722
1724
1726
1728
1729
1731
1741
1742
1744
1746
1748
1791
1792
1794
1797
1805
1812
1814
1819
1823
1824
1825
1827
1828
1830
1832
1834
1836
1837
1838
1841
1843
1844
1845
1846
1856
1859
1863
1864
1865
1868
1872
1873
1904
1905
1906
1908
1909
1913
1922
1926
1931
1937
1971
1972
1973
1974
1977
1985
1989
1990
1991
1993
1996
1998
2001
2003
2005
2006
2007
2009
2012
2013
2014
2016
2017
2018
2025
2026
2030
2043
2044
2045
2046
2048
2050
2052
2055
2057
2062
2067
2070
2071
2091
2109
2112
2115
2116
2117
2118
2121
2124
2125
2129
2136
2139
2187
2188
2189
2190
2191
2192
2193
2196
2197
2198
2199
2202
2205
2206
2207
2214
2215
2216
2217
2218
2219
2220
2223
2224
2225
2228
2232
2233
2234
2241
2242
2244
2247
2260
2261
2263
2268
2269
2270
2271
2272
2273
2274
2277
2278
2279
2280
2283
2286
2287
2288
2295
2296
2298
2301
2322
2323
2325
2328
2333
2336
2341
2342
2349
2350
2351
2352
2353
2354
2358
2359
2360
2361
2367
2368
2369
2379
2386
2390
2394
2395
2401
2406
2408
2409
2412
2415
2417
2423
2430
2431
2432
2433
2434
2435
2436
2439
2440
2441
2442
2445
2448
2449
2450
2453
2455
2457
2458
2459
2460
2461
2462
2463
2466
2467
2468
2475
2476
2477
2484
2485
2487
2490
2511
2512
2513
2514
2515
2516
2517
2520
2521
2522
2526
2529
2530
2531
2534
2592
2593
2594
2595
2596
2597
2601
2602
2603
2610
2611
2612
2625
2628
2629
2630
2632
2633
2641
2649
2657
2659
2665
2666
2673
2674
2675
2676
2677
2679
2682
2683
2685
2688
2690
2691
2693
2700
2701
2702
2703
2706
2709
2714
2727
2728
2730
2733
2771
2772
2773
2774
2776
2787
2790
2803
2814
2838
2841
2847
2890
2892
2895
2899
2916
2917
2918
2919
2920
2921
2922
2925
2926
2927
2933
2934
2935
2936
2943
2944
2945
2946
2947
2948
2949
2952
2953
2954
2961
2962
2963
2970
2971
2973
2984
2985
2990
2997
2998
2999
3000
3001
3002
3006
3007
3008
3012
3015
3016
3017
3020
3078
3079
3080
3081
3082
3083
3087
3088
3089
3096
3097
3098
3281
3282
3283
3285
3286
3288
3289
3290
3292
3294
3295
3296
3297
3299
3301
3302
3303
3304
3305
3308
3313
3314
3321
3322
3323
3326
3330
3331
3342
3344
3346
3348
3349
3353
3362
3363
3364
3366
3367
3371
3382
3383
3384
3402
3403
3404
3407
3411
3412
3416
3417
3418
3420
3421
3425
3443
3444
3445
3447
3448
3452
3463
3464
3465
3470
3472
3474
3483
3484
3485
3488
3492
3493
3504
3506
3508
3516
3543
3645
3646
3647
3648
3649
3650
3652
3653
3654
3655
3656
3659
3660
3661
3663
3664
3665
3666
3668
3670
3672
3673
3674
3675
3676
3677
3681
3682
3683
3686
3687
3688
3690
3691
3692
3695
3726
3727
3728
3729
3730
3731
3735
3736
3737
3744
3745
3746
3807
3808
3809
3810
3811
3812
3816
3817
3818
3825
3826
3827
3937
3942
3943
3944
3945
3946
3948
3953
3955
3961
3969
3970
3971
3973
3986
3987
3988
3989
3991
4002
4005
4010
4011
4012
4014
4015
4018
4019
4023
4024
4025
4028
4032
4033
4035
4050
4051
4052
4055
4059
4060
4083
4086
4088
4090
4091
4092
4093
4095
4096
4099
4100
4115
4117
4158
4161
4164
4185
4204
4229
4230
4232
4234
4245
4248
4261
4374
4375
4376
4377
4378
4380
4383
4384
4386
4389
4391
4392
4394
4401
4402
4404
4407
4410
4423
4428
4429
4430
4431
4432
4434
4439
4441
4455
4456
4457
4458
4459
4461
4464
4465
4467
4470
4482
4483
4485
4488
4509
4510
4512
4515
4520
4522
4526
4527
4529
4536
4537
4538
4540
4553
4554
4556
4617
4618
4620
4623
4626
4627
4629
4632
4644
4645
4647
4650
4666
4671
4672
4673
4674
4675
4677
4682
4684
4698
4699
4700
4702
4860
4861
4863
4866
4869
4870
4872
4875
4887
4888
4890
4893
4914
4915
4917
4920
4921
4922
4923
4928
4930
4932
4941
4942
4946
4962
4964
4966
4982
4984
4986
4989
4991
4993
5002
5003
5004
5022
5023
5027
5103
5104
5108
5110
5111
5112
5124
5126
5128
5144
5146
5148
5249
5251
5255
5256
5258
5265
5266
5267
5269
5282
5283
5285
5286
5288
5290
5292
5293
5297
5298
5301
5303
5305
5306
5308
5310
5314
5326
5327
5328
5330
5332
5395
5400
5401
5402
5404
5411
5413
5427
5428
5429
5431
5468
5470
5472
5475
5477
5479
5488
5489
5490
5508
5509
5513
5529
5531
5533
5535
5536
5540
5541
5544
5546
5548
5549
5551
5553
5557
5569
5570
5571
5573
5575
5650
5651
5652
5657
5659
5661
5670
5671
5675
5691
5693
5695
5832
5833
5837
5839
5840
5841
5853
5855
5857
5873
5875
5877
5905
5913
5914
5916
5919
5932
5955
5959
5979
5986
6003
6027
6129
6132
6135
6148
6175
6345
6348
6351
6372
6391
6561
6562
6563
6564
6565
6566
6567
6568
6569
6570
6571
6572
6573
6575
6576
6577
6578
6579
6580
6581
6582
6584
6586
6588
6589
6590
6591
6592
6593
6594
6597
6598
6599
6602
6603
6604
6606
6607
6608
6610
6611
6615
6616
6617
6618
6619
6621
6622
6623
6624
6626
6628
6629
6631
6633
6634
6642
6643
6644
6645
6646
6647
6648
6651
6652
6653
6654
6657
6660
6661
6662
6663
6665
6667
6669
6670
6672
6675
6683
6684
6685
6687
6688
6692
6696
6697
6698
6699
6701
6702
6705
6706
6723
6724
6725
6726
6727
6728
6732
6733
6734
6741
6742
6743
6744
6746
6748
6750
6751
6755
6764
6765
6766
6768
6769
6773
6780
6783
6784
6785
6786
6789
6804
6805
6806
6807
6808
6809
6810
6813
6814
6815
6816
6819
6822
6823
6824
6831
6832
6833
6834
6835
6836
6837
6840
6841
6842
6849
6850
6851
6858
6859
6861
6864
6885
6886
6887
6888
6889
6890
6894
6895
6896
6903
6904
6905
6926
6927
6928
6930
6931
6933
6935
6937
6939
6940
6941
6944
6946
6947
6948
6949
6966
6967
6968
6969
6970
6971
6975
6976
6977
6984
6985
6986
6999
7007
7008
7009
7011
7012
7016
7023
7026
7047
7048
7050
7053
7056
7057
7059
7062
7074
7075
7077
7080
7101
7102
7104
7107
7290
7291
7292
7293
7294
7295
7296
7299
7300
7301
7302
7304
7305
7306
7308
7309
7310
7313
7317
7318
7319
7320
7321
7322
7323
7326
7327
7328
7331
7332
7333
7335
7336
7337
7340
7344
7345
7347
7350
7371
7372
7373
7374
7375
7376
7377
7380
7381
7382
7383
7386
7389
7390
7391
7398
7399
7401
7404
7425
7426
7428
7431
7452
7453
7454
7455
7456
7457
7461
7462
7463
7470
7471
7472
7533
7534
7536
7539
7542
7543
7545
7548
7560
7561
7563
7566
7587
7588
7590
7593
7776
7777
7779
7782
7785
7786
7788
7791
7803
7804
7806
7809
7830
7831
7833
7836
7876
7884
7887
7899
7903
7923
7947
7957
7971
7995
7998
8019
8020
8021
8022
8023
8024
8028
8029
8030
8037
8038
8039
8046
8047
8048
8049
8050
8051
8055
8056
8057
8064
8065
8066
8092
8100
8101
8102
8103
8104
8105
8106
8109
8110
8111
8118
8119
8120
8142
8146
8181
8182
8183
8184
8185
8186
8190
8191
8192
8199
8200
8201
8202
8204
8206
8208
8209
8213
8222
8224
8226
8242
8243
8244
8262
8263
8267
8269
8270
8271
8283
8285
8287
8303
8305
8307
8316
8319
8322
8335
8362
8748
8749
8751
8754
8757
8758
8760
8763
8775
8776
8778
8781
8802
8803
8805
8808
8829
8830
8832
8835
8838
8839
8841
8844
8856
8857
8859
8862
8883
8884
8886
8889
8991
8992
8994
8997
9000
9001
9003
9006
9018
9019
9021
9024
9045
9046
9048
9051
9234
9235
9237
9240
9243
9244
9246
9249
9261
9262
9264
9267
9288
9289
9291
9294
9842
9843
9844
9846
9847
9851
9855
9856
9857
9860
9864
9865
9867
9882
9883
9884
9887
9891
9892
9915
9923
9924
9925
9927
9928
9932
9939
9942
9963
9964
9965
9966
9968
9969
9972
9973
9977
9978
9979
9981
9982
9986
10004
10005
10006
10008
10009
10013
10044
10045
10046
10049
10053
10054
10206
10207
10208
10211
10215
10216
10220
10221
10222
10224
10225
10229
10247
10248
10249
10251
10252
10256
10287
10288
10289
10292
10296
10297
10571
10572
10573
10575
10576
10580
10584
10585
10586
10589
10593
10594
10611
10612
10613
10616
10620
10621
10652
10653
10654
10656
10657
10661
10935
10936
10937
10938
10940
10941
10944
10945
10947
10949
10950
10951
10953
10954
10958
10962
10963
10965
10968
10976
10977
10978
10980
10981
10985
10989
10990
10992
10995
11016
11017
11018
11019
11021
11022
11025
11026
11028
11031
11043
11044
11046
11049
11057
11058
11059
11061
11062
11066
11070
11071
11072
11073
11075
11076
11079
11080
11097
11098
11099
11102
11106
11107
11138
11139
11140
11142
11143
11147
11178
11179
11181
11184
11187
11188
11190
11193
11205
11206
11208
11211
11232
11233
11235
11238
11300
11301
11302
11304
11305
11309
11313
11314
11315
11318
11322
11323
11340
11341
11342
11345
11349
11350
11381
11382
11383
11385
11386
11390
11421
11422
11424
11427
11430
11431
11433
11436
11448
11449
11451
11454
11475
11476
11478
11481
11664
11665
11666
11669
11673
11674
11678
11679
11680
11682
11683
11687
11705
11706
11707
11709
11710
11714
11745
11746
11747
11750
11754
11755
13122
13123
13124
13125
13126
13127
13131
13132
13133
13136
13137
13138
13140
13141
13142
13145
13149
13150
13151
13152
13153
13154
13158
13159
13160
13163
13164
13165
13167
13168
13169
13172
13203
13204
13205
13206
13207
13208
13212
13213
13214
13221
13222
13223
13244
13245
13246
13248
13249
13253
13257
13258
13259
13262
13266
13267
13284
13285
13286
13287
13288
13289
13293
13294
13295
13302
13303
13304
13325
13326
13327
13329
13330
13334
13365
13366
13367
13368
13369
13370
13374
13375
13376
13383
13384
13385
13392
13393
13394
13395
13396
13397
13401
13402
13403
13410
13411
13412
13446
13447
13448
13449
13450
13451
13455
13456
13457
13464
13465
13466
13487
13488
13489
13491
13492
13496
13500
13501
13502
13505
13509
13510
13527
13528
13529
13530
13531
13532
13536
13537
13538
13545
13546
13547
13568
13569
13570
13572
13573
13577
13851
13852
13853
13854
13855
13856
13860
13861
13862
13865
13866
13867
13869
13870
13871
13874
13878
13879
13880
13881
13882
13883
13887
13888
13889
13892
13893
13894
13896
13897
13898
13901
13932
13933
13934
13935
13936
13937
13941
13942
13943
13950
13951
13952
14013
14014
14015
14016
14017
14018
14022
14023
14024
14031
14032
14033
14580
14581
14582
14583
14584
14585
14589
14590
14591
14598
14599
14600
14607
14608
14609
14610
14611
14612
14616
14617
14618
14625
14626
14627
14661
14662
14663
14664
14665
14666
14670
14671
14672
14679
14680
14681
14742
14743
14744
14745
14746
14747
14751
14752
14753
14760
14761
14762
16403
16404
16405
16407
16408
16412
16416
16417
16418
16421
16425
16426
16443
16444
16445
16448
16452
16453
16484
16485
16486
16488
16489
16493
16524
16525
16526
16529
16533
16534
16538
16539
16540
16542
16543
16547
16565
16566
16567
16569
16570
16574
16605
16606
16607
16610
16614
16615
19683
19684
19685
19686
19687
19688
19689
19692
19693
19694
19695
19698
19701
19702
19703
19710
19711
19712
19713
19714
19715
19716
19719
19720
19721
19728
19729
19730
19737
19738
19740
19743
19764
19765
19766
19767
19768
19769
19770
19773
19774
19775
19776
19779
19782
19783
19784
19791
19792
19794
19797
19818
19819
19821
19824
19845
19846
19847
19848
19849
19850
19854
19855
19856
19863
19864
19865
19926
19927
19928
19929
19930
19931
19932
19935
19936
19937
19938
19941
19944
19945
19946
19953
19954
19955
19956
19957
19958
19959
19962
19963
19964
19971
19972
19973
19980
19981
19983
19986
20007
20008
20009
20010
20011
20012
20016
20017
20018
20025
20026
20027
20088
20089
20090
20091
20092
20093
20097
20098
20099
20106
20107
20108
20169
20170
20172
20175
20178
20179
20181
20184
20196
20197
20199
20202
20223
20224
20226
20229
20412
20413
20414
20415
20416
20417
20418
20421
20422
20423
20424
20427
20430
20431
20432
20439
20440
20441
20442
20443
20444
20445
20448
20449
20450
20457
20458
20459
20466
20467
20469
20472
20493
20494
20495
20496
20497
20498
20499
20502
20503
20504
20505
20508
20511
20512
20513
20520
20521
20523
20526
20547
20548
20550
20553
20574
20575
20576
20577
20578
20579
20583
20584
20585
20592
20593
20594
20655
20656
20658
20661
20664
20665
20667
20670
20682
20683
20685
20688
20709
20710
20712
20715
20898
20899
20901
20904
20907
20908
20910
20913
20925
20926
20928
20931
20952
20953
20955
20958
21141
21142
21143
21144
21145
21146
21150
21151
21152
21159
21160
21161
21168
21169
21170
21171
21172
21173
21177
21178
21179
21186
21187
21188
21222
21223
21224
21225
21226
21227
21231
21232
21233
21240
21241
21242
21303
21304
21305
21306
21307
21308
21312
21313
21314
21321
21322
21323
21870
21871
21872
21873
21874
21875
21876
21879
21880
21881
21882
21885
21888
21889
21890
21897
21898
21899
21900
21901
21902
21903
21906
21907
21908
21915
21916
21917
21924
21925
21927
21930
21951
21952
21953
21954
21955
21956
21957
21960
21961
21962
21963
21966
21969
21970
21971
21978
21979
21981
21984
22005
22006
22008
22011
22032
22033
22034
22035
22036
22037
22041
22042
22043
22050
22051
22052
22113
22114
22115
22116
22117
22118
22119
22122
22123
22124
22125
22128
22131
22132
22133
22140
22141
22142
22143
22144
22145
22146
22149
22150
22151
22158
22159
22160
22167
22168
22170
22173
22194
22195
22196
22197
22198
22199
22203
22204
22205
22212
22213
22214
22275
22276
22277
22278
22279
22280
22284
22285
22286
22293
22294
22295
22356
22357
22359
22362
22365
22366
22368
22371
22383
22384
22386
22389
22410
22411
22413
22416
22599
22600
22601
22602
22603
22604
22608
22609
22610
22617
22618
22619
22626
22627
22628
22629
22630
22631
22635
22636
22637
22644
22645
22646
22680
22681
22682
22683
22684
22685
22689
22690
22691
22698
22699
22700
22761
22762
22763
22764
22765
22766
22770
22771
22772
22779
22780
22781
23328
23329
23330
23331
23332
23333
23337
23338
23339
23346
23347
23348
23355
23356
23357
23358
23359
23360
23364
23365
23366
23373
23374
23375
23409
23410
23411
23412
23413
23414
23418
23419
23420
23427
23428
23429
23490
23491
23492
23493
23494
23495
23499
23500
23501
23508
23509
23510
24057
24058
24060
24063
24066
24067
24069
24072
24084
24085
24087
24090
24111
24112
24114
24117
24138
24139
24141
24144
24147
24148
24150
24153
24165
24166
24168
24171
24192
24193
24195
24198
24300
24301
24303
24306
24309
24310
24312
24315
24327
24328
24330
24333
24354
24355
24357
24360
24543
24544
24546
24549
24552
24553
24555
24558
24570
24571
24573
24576
24597
24598
24600
24603
26244
26245
26246
26247
26248
26249
26253
26254
26255
26262
26263
26264
26271
26272
26273
26274
26275
26276
26280
26281
26282
26289
26290
26291
26325
26326
26327
26328
26329
26330
26334
26335
26336
26343
26344
26345
26406
26407
26408
26409
26410
26411
26415
26416
26417
26424
26425
26426
26487
26488
26489
26490
26491
26492
26496
26497
26498
26505
26506
26507
26514
26515
26516
26517
26518
26519
26523
26524
26525
26532
26533
26534
26568
26569
26570
26571
26572
26573
26577
26578
26579
26586
26587
26588
26649
26650
26651
26652
26653
26654
26658
26659
26660
26667
26668
26669
26973
26974
26975
26976
26977
26978
26982
26983
26984
26991
26992
26993
27000
27001
27002
27003
27004
27005
27009
27010
27011
27018
27019
27020
27054
27055
27056
27057
27058
27059
27063
27064
27065
27072
27073
27074
27135
27136
27137
27138
27139
27140
27144
27145
27146
27153
27154
27155
27702
27703
27704
27705
27706
27707
27711
27712
27713
27720
27721
27722
27729
27730
27731
27732
27733
27734
27738
27739
27740
27747
27748
27749
27783
27784
27785
27786
27787
27788
27792
27793
27794
27801
27802
27803
27864
27865
27866
27867
27868
27869
27873
27874
27875
27882
27883
27884
32805
32806
32807
32808
32809
32810
32814
32815
32816
32823
32824
32825
32832
32833
32834
32835
32836
32837
32841
32842
32843
32850
32851
32852
32886
32887
32888
32889
32890
32891
32895
32896
32897
32904
32905
32906
32967
32968
32969
32970
32971
32972
32976
32977
32978
32985
32986
32987
33048
33049
33050
33051
33052
33053
33057
33058
33059
33066
33067
33068
33075
33076
33077
33078
33079
33080
33084
33085
33086
33093
33094
33095
33129
33130
33131
33132
33133
33134
33138
33139
33140
33147
33148
33149
33210
33211
33212
33213
33214
33215
33219
33220
33221
33228
33229
33230
39366
39367
39369
39372
39375
39376
39378
39381
39393
39394
39396
39399
39420
39421
39423
39426
39447
39448
39450
39453
39456
39457
39459
39462
39474
39475
39477
39480
39501
39502
39504
39507
39609
39610
39612
39615
39618
39619
39621
39624
39636
39637
39639
39642
39663
39664
39666
39669
39852
39853
39855
39858
39861
39862
39864
39867
39879
39880
39882
39885
39906
39907
39909
39912
40095
40096
40098
40101
40104
40105
40107
40110
40122
40123
40125
40128
40149
40150
40152
40155
40176
40177
40179
40182
40185
40186
40188
40191
40203
40204
40206
40209
40230
40231
40233
40236
40338
40339
40341
40344
40347
40348
40350
40353
40365
40366
40368
40371
40392
40393
40395
40398
40581
40582
40584
40587
40590
40591
40593
40596
40608
40609
40611
40614
40635
40636
40638
40641
41553
41554
41556
41559
41562
41563
41565
41568
41580
41581
41583
41586
41607
41608
41610
41613
41634
41635
41637
41640
41643
41644
41646
41649
41661
41662
41664
41667
41688
41689
41691
41694
41796
41797
41799
41802
41805
41806
41808
41811
41823
41824
41826
41829
41850
41851
41853
41856
42039
42040
42042
42045
42048
42049
42051
42054
42066
42067
42069
42072
42093
42094
42096
42099
43740
43741
43743
43746
43749
43750
43752
43755
43767
43768
43770
43773
43794
43795
43797
43800
43821
43822
43824
43827
43830
43831
43833
43836
43848
43849
43851
43854
43875
43876
43878
43881
43983
43984
43986
43989
43992
43993
43995
43998
44010
44011
44013
44016
44037
44038
44040
44043
44226
44227
44229
44232
44235
44236
44238
44241
44253
44254
44256
44259
44280
44281
44283
44286
59049
59050
59052
59055
59058
59059
59061
59064
59076
59077
59079
59082
59103
59104
59106
59109
59130
59131
59133
59136
59139
59140
59142
59145
59157
59158
59160
59163
59184
59185
59187
59190
59292
59293
59295
59298
59301
59302
59304
59307
59319
59320
59322
59325
59346
59347
59349
59352
59535
59536
59538
59541
59544
59545
59547
59550
59562
59563
59565
59568
59589
59590
59592
59595
59778
59779
59781
59784
59787
59788
59790
59793
59805
59806
59808
59811
59832
59833
59835
59838
59859
59860
59862
59865
59868
59869
59871
59874
59886
59887
59889
59892
59913
59914
59916
59919
60021
60022
60024
60027
60030
60031
60033
60036
60048
60049
60051
60054
60075
60076
60078
60081
60264
60265
60267
60270
60273
60274
60276
60279
60291
60292
60294
60297
60318
60319
60321
60324
61236
61237
61239
61242
61245
61246
61248
61251
61263
61264
61266
61269
61290
61291
61293
61296
61317
61318
61320
61323
61326
61327
61329
61332
61344
61345
61347
61350
61371
61372
61374
61377
61479
61480
61482
61485
61488
61489
61491
61494
61506
61507
61509
61512
61533
61534
61536
61539
61722
61723
61725
61728
61731
61732
61734
61737
61749
61750
61752
61755
61776
61777
61779
61782
63423
63424
63426
63429
63432
63433
63435
63438
63450
63451
63453
63456
63477
63478
63480
63483
63504
63505
63507
63510
63513
63514
63516
63519
63531
63532
63534
63537
63558
63559
63561
63564
63666
63667
63669
63672
63675
63676
63678
63681
63693
63694
63696
63699
63720
63721
63723
63726
63909
63910
63912
63915
63918
63919
63921
63924
63936
63937
63939
63942
63963
63964
63966
63969
65610
65611
65613
65616
65619
65620
65622
65625
65637
65638
65640
65643
65664
65665
65667
65670
65691
65692
65694
65697
65700
65701
65703
65706
65718
65719
65721
65724
65745
65746
65748
65751
65853
65854
65856
65859
65862
65863
65865
65868
65880
65881
65883
65886
65907
65908
65910
65913
66096
66097
66099
66102
66105
66106
66108
66111
66123
66124
66126
66129
66150
66151
66153
66156
66339
66340
66342
66345
66348
66349
66351
66354
66366
66367
66369
66372
66393
66394
66396
66399
66420
66421
66423
66426
66429
66430
66432
66435
66447
66448
66450
66453
66474
66475
66477
66480
66582
66583
66585
66588
66591
66592
66594
66597
66609
66610
66612
66615
66636
66637
66639
66642
66825
66826
66828
66831
66834
66835
66837
66840
66852
66853
66855
66858
66879
66880
66882
66885
67797
67798
67800
67803
67806
67807
67809
67812
67824
67825
67827
67830
67851
67852
67854
67857
67878
67879
67881
67884
67887
67888
67890
67893
67905
67906
67908
67911
67932
67933
67935
67938
68040
68041
68043
68046
68049
68050
68052
68055
68067
68068
68070
68073
68094
68095
68097
68100
68283
68284
68286
68289
68292
68293
68295
68298
68310
68311
68313
68316
68337
68338
68340
68343
69984
69985
69987
69990
69993
69994
69996
69999
70011
70012
70014
70017
70038
70039
70041
70044
70065
70066
70068
70071
70074
70075
70077
70080
70092
70093
70095
70098
70119
70120
70122
70125
70227
70228
70230
70233
70236
70237
70239
70242
70254
70255
70257
70260
70281
70282
70284
70287
70470
70471
70473
70476
70479
70480
70482
70485
70497
70498
70500
70503
70524
70525
70527
70530
78732
78733
78735
78738
78741
78742
78744
78747
78759
78760
78762
78765
78786
78787
78789
78792
78813
78814
78816
78819
78822
78823
78825
78828
78840
78841
78843
78846
78867
78868
78870
78873
78975
78976
78978
78981
78984
78985
78987
78990
79002
79003
79005
79008
79029
79030
79032
79035
79218
79219
79221
79224
79227
79228
79230
79233
79245
79246
79248
79251
79272
79273
79275
79278
79461
79462
79464
79467
79470
79471
79473
79476
79488
79489
79491
79494
79515
79516
79518
79521
79542
79543
79545
79548
79551
79552
79554
79557
79569
79570
79572
79575
79596
79597
79599
79602
79704
79705
79707
79710
79713
79714
79716
79719
79731
79732
79734
79737
79758
79759
79761
79764
79947
79948
79950
79953
79956
79957
79959
79962
79974
79975
79977
79980
80001
80002
80004
80007
80919
80920
80922
80925
80928
80929
80931
80934
80946
80947
80949
80952
80973
80974
80976
80979
81000
81001
81003
81006
81009
81010
81012
81015
81027
81028
81030
81033
81054
81055
81057
81060
81162
81163
81165
81168
81171
81172
81174
81177
81189
81190
81192
81195
81216
81217
81219
81222
81405
81406
81408
81411
81414
81415
81417
81420
81432
81433
81435
81438
81459
81460
81462
81465
83106
83107
83109
83112
83115
83116
83118
83121
83133
83134
83136
83139
83160
83161
83163
83166
83187
83188
83190
83193
83196
83197
83199
83202
83214
83215
83217
83220
83241
83242
83244
83247
83349
83350
83352
83355
83358
83359
83361
83364
83376
83377
83379
83382
83403
83404
83406
83409
83592
83593
83595
83598
83601
83602
83604
83607
83619
83620
83622
83625
83646
83647
83649
83652
98415
98416
98418
98421
98424
98425
98427
98430
98442
98443
98445
98448
98469
98470
98472
98475
98496
98497
98499
98502
98505
98506
98508
98511
98523
98524
98526
98529
98550
98551
98553
98556
98658
98659
98661
98664
98667
98668
98670
98673
98685
98686
98688
98691
98712
98713
98715
98718
98901
98902
98904
98907
98910
98911
98913
98916
98928
98929
98931
98934
98955
98956
98958
98961
99144
99145
99147
99150
99153
99154
99156
99159
99171
99172
99174
99177
99198
99199
99201
99204
99225
99226
99228
99231
99234
99235
99237
99240
99252
99253
99255
99258
99279
99280
99282
99285
99387
99388
99390
99393
99396
99397
99399
99402
99414
99415
99417
99420
99441
99442
99444
99447
99630
99631
99633
99636
99639
99640
99642
99645
99657
99658
99660
99663
99684
99685
99687
99690
