2
4
5
6
7
8
9
10
11
12
13
14
15
16
17
18
19
20
21
22
23
24
25
26
28
29
30
31
32
33
34
35
36
37
38
39
40
41
42
43
44
45
46
47
48
49
50
51
52
53
54
55
56
57
58
59
60
61
62
63
64
65
66
67
68
69
70
71
72
73
74
75
76
77
78
79
80
81
82
83
84
85
86
87
88
89
90
91
92
93
94
95
96
97
98
99
100
101
102
103
104
105
106
107
108
109
110
111
112
113
114
115
116
117
118
119
120
121
122
123
124
125
126
127
128
129
130
131
132
133
134
135
136
137
139
140
141
142
143
144
145
146
147
148
149
150
151
152
153
154
155
156
157
158
159
160
161
162
163
164
166
167
168
169
170
171
172
173
174
175
176
177
178
179
180
181
182
183
184
185
186
187
188
189
190
191
193
194
195
196
197
198
199
200
201
202
203
204
205
206
207
208
209
210
212
213
214
215
216
217
218
219
220
222
223
224
225
226
228
229
231
232
235
236
237
238
240
241
247
250
252
254
258
260
261
262
263
265
266
267
268
271
274
276
277
279
280
281
283
288
290
291
292
293
294
296
297
298
299
300
301
304
305
306
307
308
309
313
316
318
319
320
321
322
323
324
325
326
328
329
330
331
332
333
334
335
336
337
338
339
340
341
342
343
344
345
346
347
348
349
350
351
352
355
357
358
360
361
362
363
364
365
366
367
368
369
370
372
373
374
375
377
378
379
380
381
382
383
384
385
386
387
388
390
391
393
394
395
396
397
398
399
400
401
402
403
404
405
406
407
409
410
411
413
414
415
417
418
419
420
423
424
425
426
427
428
429
430
431
432
433
434
435
436
437
438
439
440
441
442
443
444
445
446
447
448
450
451
452
453
454
455
456
458
459
460
461
462
463
464
465
467
468
469
471
472
473
474
475
476
477
478
479
480
481
483
486
487
490
491
492
493
494
495
496
497
498
499
500
501
502
503
504
505
506
508
509
510
511
512
514
517
518
519
520
522
523
526
528
529
530
532
533
534
535
540
541
544
546
547
548
549
550
552
553
554
555
556
557
558
559
560
561
562
563
564
565
566
567
568
571
573
574
575
576
577
579
580
581
582
583
584
586
587
588
589
591
592
593
594
595
596
597
598
600
601
603
604
605
606
607
608
609
610
611
612
613
614
615
616
617
620
621
622
623
625
626
627
628
629
630
631
633
634
635
636
637
638
639
640
642
643
645
646
647
648
649
650
652
653
654
655
656
657
658
661
663
664
665
670
672
673
679
680
681
682
683
684
685
686
687
688
690
691
692
694
700
702
703
704
706
707
708
709
710
711
712
714
715
716
717
718
719
720
721
724
726
727
728
729
730
731
733
734
735
736
737
738
739
740
741
742
743
744
745
746
747
748
749
751
752
753
754
757
760
762
763
765
766
767
769
770
771
772
773
774
775
777
778
779
781
782
783
784
787
789
790
791
792
793
795
796
797
798
799
800
801
802
805
807
808
809
810
811
812
814
815
816
817
818
819
820
821
822
823
824
825
826
827
828
829
830
831
832
833
834
835
837
838
839
840
841
842
843
844
846
847
849
850
851
852
853
854
855
856
861
862
864
865
866
868
869
870
871
872
873
874
875
876
877
879
880
881
882
883
886
888
889
890
891
892
893
895
896
899
900
901
902
903
904
905
906
907
908
909
910
911
912
913
914
915
916
918
919
920
921
922
923
924
925
926
927
928
929
930
931
932
933
934
936
937
942
943
945
946
949
950
951
952
953
954
955
957
958
959
960
961
962
963
969
970
972
973
974
977
978
979
980
981
982
983
984
985
986
987
988
989
990
991
992
993
994
995
996
997
998
999
1000
1001
1002
1008
1009
1012
1013
1015
1017
1018
1024
1026
1027
1030
1031
1032
1033
1035
1036
1038
1039
1040
1041
1042
1050
1051
1053
1054
1057
1059
1060
1061
1062
1063
1065
1066
1068
1069
1070
1077
1078
1080
1081
1086
1087
1089
1090
1092
1093
1094
1095
1096
1097
1098
1099
1104
1105
1107
1108
1109
1111
1112
1113
1114
1115
1116
1117
1118
1119
1120
1121
1122
1123
1124
1125
1126
1129
1131
1132
1133
1134
1135
1140
1143
1144
1149
1150
1158
1159
1176
1177
1185
1186
1188
1189
1190
1192
1193
1194
1195
1196
1197
1198
1200
1201
1202
1203
1204
1212
1213
1215
1216
1217
1219
1221
1222
1223
1224
1225
1226
1227
1228
1230
1231
1232
1233
1234
1235
1237
1239
1240
1246
1247
1249
1250
1251
1252
1253
1255
1257
1258
1259
1266
1269
1270
1271
1273
1275
1276
1277
1278
1279
1280
1281
1282
1284
1285
1286
1287
1288
1291
1293
1294
1295
1296
1297
1298
1300
1302
1303
1304
1305
1306
1307
1308
1309
1311
1312
1313
1314
1315
1316
1320
1321
1323
1324
1329
1330
1332
1333
1335
1336
1338
1339
1340
1350
1351
1354
1355
1356
1357
1358
1359
1360
1361
1363
1364
1365
1366
1367
1368
1369
1372
1374
1375
1376
1377
1378
1381
1383
1384
1385
1386
1387
1390
1392
1393
1394
1399
1401
1402
1408
1409
1410
1411
1413
1414
1415
1417
1419
1420
1421
1428
1431
1432
1433
1435
1437
1438
1439
1440
1441
1442
1444
1446
1447
1448
1449
1450
1453
1455
1456
1457
1458
1459
1460
1462
1467
1468
1469
1473
1474
1476
1477
1478
1480
1482
1489
1492
1494
1495
1496
1498
1539
1540
1541
1543
1548
1549
1550
1554
1555
1557
1558
1559
1581
1582
1590
1591
1593
1594
1595
1597
1599
1600
1602
1603
1604
1605
1606
1609
1615
1617
1618
1620
1621
1622
1624
1629
1630
1631
1635
1636
1638
1639
1640
1642
1644
1645
1651
1654
1656
1657
1658
1660
1662
1663
1671
1674
1675
1676
1678
1680
1723
1725
1732
1735
1737
1738
1739
1741
1762
1764
1765
1766
1771
1777
1779
1780
1782
1783
1784
1786
1791
1792
1793
1797
1798
1800
1801
1802
1804
1806
1813
1816
1818
1819
1820
1822
1824
1825
1833
1836
1837
1838
1840
1842
1843
1845
1846
1847
1852
1858
1860
1861
1905
1906
1914
1917
1918
1919
1921
1923
1944
1945
1946
1948
1953
1954
1955
1959
1960
1962
1963
1964
1966
1968
1975
1978
1980
1981
1982
1984
1986
1987
1995
1998
1999
2000
2002
2004
2371
2373
2380
2383
2385
2386
2387
2389
2391
2392
2400
2403
2404
2405
2407
2409
2452
2454
2461
2464
2466
2467
2468
2470
2491
2493
2494
2495
2500
2916
2917
2920
2922
2923
2924
2925
2926
2929
2931
2932
2933
2952
2953
2956
2958
2959
2960
2970
2971
2974
2976
2977
2978
2979
2980
2983
2985
2986
2987
2988
2989
2992
2994
2995
2996
2997
2998
3001
3003
3004
3005
3006
3007
3010
3012
3013
3014
3033
3034
3037
3039
3040
3041
3051
3052
3055
3057
3058
3059
3060
3061
3064
3066
3067
3068
3069
3070
3073
3075
3076
3077
3240
3241
3244
3246
3247
3248
3249
3250
3253
3255
3256
3257
3276
3277
3280
3282
3283
3284
3294
3295
3298
3300
3301
3302
3303
3304
3307
3309
3310
3311
3312
3313
3316
3318
3319
3320
3402
3403
3406
3408
3409
3410
3411
3412
3415
3417
3418
3419
3438
3439
3442
3444
3445
3446
3456
3457
3460
3462
3463
3464
3465
3466
3469
3471
3472
3473
3474
3475
3478
3480
3481
3482
3483
3484
3487
3489
3490
3491
3492
3493
3496
3498
3499
3500
3519
3520
3523
3525
3526
3527
3537
3538
3541
3543
3544
3545
3546
3547
3550
3552
3553
3554
3555
3556
3559
3561
3562
3563
3564
3565
3568
3570
3571
3572
3573
3574
3577
3579
3580
3581
3600
3601
3604
3606
3607
3608
3618
3619
3622
3624
3625
3626
3627
3628
3631
3633
3634
3635
3636
3637
3640
3642
3643
3644
4374
4375
4378
4380
4381
4382
4383
4384
4387
4389
4390
4391
4410
4411
4414
4416
4417
4418
4428
4429
4432
4434
4435
4436
4437
4438
4441
4443
4444
4445
4446
4447
4450
4452
4453
4454
4455
4456
4459
4461
4462
4463
4464
4465
4468
4470
4471
4472
4491
4492
4495
4497
4498
4499
4509
4510
4513
4515
4516
4517
4518
4519
4522
4524
4525
4526
4527
4528
4531
4533
4534
4535
4698
4699
4702
4704
4705
4706
4707
4708
4711
4713
4714
4715
4734
4735
4738
4740
4741
4742
4752
4753
4756
4758
4759
4760
4761
4762
4765
4767
4768
4769
4770
4771
4774
4776
4777
4778
4860
4861
4864
4866
4867
4868
4869
4870
4873
4875
4876
4877
4896
4897
4900
4902
4903
4904
4914
4915
4918
4920
4921
4922
4923
4924
4927
4929
4930
4931
4932
4933
4936
4938
4939
4940
4941
4942
4945
4947
4948
4949
4950
4951
4954
4956
4957
4958
4977
4978
4981
4983
4984
4985
4995
4996
4999
5001
5002
5003
5004
5005
5008
5010
5011
5012
5013
5014
5017
5019
5020
5021
5022
5023
5026
5028
5029
5030
5031
5032
5035
5037
5038
5039
5058
5059
5062
5064
5065
5066
5076
5077
5080
5082
5083
5084
5085
5086
5089
5091
5092
5093
5094
5095
5098
5100
5101
5102
5103
5104
5107
5109
5110
5111
5112
5113
5116
5118
5119
5120
5139
5140
5143
5145
5146
5147
5157
5158
5161
5163
5164
5165
5166
5167
5170
5172
5173
5174
5175
5176
5179
5181
5182
5183
5184
5185
5188
5190
5191
5192
5193
5194
5197
5199
5200
5201
5220
5221
5224
5226
5227
5228
5238
5239
5242
5244
5245
5246
5247
5248
5251
5253
5254
5255
5256
5257
5260
5262
5263
5264
5427
5428
5431
5433
5434
5435
5436
5437
5440
5442
5443
5444
5463
5464
5467
5469
5470
5471
5481
5482
5485
5487
5488
5489
5490
5491
5494
5496
5497
5498
5499
5500
5503
5505
5506
5507
5589
5590
5593
5595
5596
5597
5598
5599
5602
5604
5605
5606
5625
5626
5629
5631
5632
5633
5643
5644
5647
5649
5650
5651
5652
5653
5656
5658
5659
5660
5661
5662
5665
5667
5668
5669
5670
5671
5674
5676
5677
5678
5679
5680
5683
5685
5686
5687
5706
5707
5710
5712
5713
5714
5724
5725
5728
5730
5731
5732
5733
5734
5737
5739
5740
5741
5742
5743
5746
5748
5749
5750
5751
5752
5755
5757
5758
5759
5760
5761
5764
5766
5767
5768
5787
5788
5791
5793
5794
5795
5805
5806
5809
5811
5812
5813
5814
5815
5818
5820
5821
5822
5823
5824
5827
5829
5830
5831
5832
5833
5836
5838
5839
5840
5841
5842
5845
5847
5848
5849
5868
5869
5872
5874
5875
5876
5886
5887
5890
5892
5893
5894
5895
5896
5899
5901
5902
5903
5904
5905
5908
5910
5911
5912
5913
5914
5917
5919
5920
5921
5922
5923
5926
5928
5929
5930
5949
5950
5953
5955
5956
5957
5967
5968
5971
5973
5974
5975
5976
5977
5980
5982
5983
5984
5985
5986
5989
5991
5992
5993
6156
6157
6160
6162
6163
6164
6165
6166
6169
6171
6172
6173
6192
6193
6196
6198
6199
6200
6210
6211
6214
6216
6217
6218
6219
6220
6223
6225
6226
6227
6228
6229
6232
6234
6235
6236
6318
6319
6322
6324
6325
6326
6327
6328
6331
6333
6334
6335
6354
6355
6358
6360
6361
6362
6372
6373
6376
6378
6379
6380
6381
6382
6385
6387
6388
6389
6390
6391
6394
6396
6397
6398
6399
6400
6403
6405
6406
6407
6408
6409
6412
6414
6415
6416
6435
6436
6439
6441
6442
6443
6453
6454
6457
6459
6460
6461
6462
6463
6466
6468
6469
6470
6471
6472
6475
6477
6478
6479
6480
6481
6484
6486
6487
6488
6489
6490
6493
6495
6496
6497
6516
6517
6520
6522
6523
6524
6534
6535
6538
6540
6541
6542
6543
6544
6547
6549
6550
6551
6552
6553
6556
6558
6559
6560
6561
6562
6565
6567
6568
6569
6570
6571
6574
6576
6577
6578
6597
6598
6601
6603
6604
6605
6615
6616
6619
6621
6622
6623
6624
6625
6628
6630
6631
6632
6633
6634
6637
6639
6640
6641
6642
6643
6646
6648
6649
6650
6651
6652
6655
6657
6658
6659
6678
6679
6682
6684
6685
6686
6696
6697
6700
6702
6703
6704
6705
6706
6709
6711
6712
6713
6714
6715
6718
6720
6721
6722
6885
6886
6889
6891
6892
6893
6894
6895
6898
6900
6901
6902
6921
6922
6925
6927
6928
6929
6939
6940
6943
6945
6946
6947
6948
6949
6952
6954
6955
6956
6957
6958
6961
6963
6964
6965
7047
7048
7051
7053
7054
7055
7056
7057
7060
7062
7063
7064
7083
7084
7087
7089
7090
7091
7101
7102
7105
7107
7108
7109
7110
7111
7114
7116
7117
7118
7119
7120
7123
7125
7126
7127
7128
7129
7132
7134
7135
7136
7137
7138
7141
7143
7144
7145
7164
7165
7168
7170
7171
7172
7182
7183
7186
7188
7189
7190
7191
7192
7195
7197
7198
7199
7200
7201
7204
7206
7207
7208
7209
7210
7213
7215
7216
7217
7218
7219
7222
7224
7225
7226
7245
7246
7249
7251
7252
7253
7263
7264
7267
7269
7270
7271
7272
7273
7276
7278
7279
7280
7281
7282
7285
7287
7288
7289
7290
7291
7294
7296
7297
7298
7299
7300
7303
7305
7306
7307
7326
7327
7330
7332
7333
7334
7344
7345
7348
7350
7351
7352
7353
7354
7357
7359
7360
7361
7362
7363
7366
7368
7369
7370
7371
7372
7375
7377
7378
7379
7380
7381
7384
7386
7387
7388
7407
7408
7411
7413
7414
7415
7425
7426
7429
7431
7432
7433
7434
7435
7438
7440
7441
7442
7443
7444
7447
7449
7450
7451
7614
7615
7618
7620
7621
7622
7623
7624
7627
7629
7630
7631
7650
7651
7654
7656
7657
7658
7668
7669
7672
7674
7675
7676
7677
7678
7681
7683
7684
7685
7686
7687
7690
7692
7693
7694
7776
7777
7780
7782
7783
7784
7785
7786
7789
7791
7792
7793
7812
7813
7816
7818
7819
7820
7830
7831
7834
7836
7837
7838
7839
7840
7843
7845
7846
7847
7848
7849
7852
7854
7855
7856
7857
7858
7861
7863
7864
7865
7866
7867
7870
7872
7873
7874
7893
7894
7897
7899
7900
7901
7911
7912
7915
7917
7918
7919
7920
7921
7924
7926
7927
7928
7929
7930
7933
7935
7936
7937
7938
7939
7942
7944
7945
7946
7947
7948
7951
7953
7954
7955
7974
7975
7978
7980
7981
7982
7992
7993
7996
7998
7999
8000
8001
8002
8005
8007
8008
8009
8010
8011
8014
8016
8017
8018
9477
9478
9481
9483
9484
9485
9486
9487
9490
9492
9493
9494
9513
9514
9517
9519
9520
9521
9531
9532
9535
9537
9538
9539
9540
9541
9544
9546
9547
9548
9549
9550
9553
9555
9556
9557
9558
9559
9562
9564
9565
9566
9567
9568
9571
9573
9574
9575
9594
9595
9598
9600
9601
9602
9612
9613
9616
9618
9619
9620
9621
9622
9625
9627
9628
9629
9630
9631
9634
9636
9637
9638
9801
9802
9805
9807
9808
9809
9810
9811
9814
9816
9817
9818
9837
9838
9841
9843
9844
9845
9855
9856
9859
9861
9862
9863
9864
9865
9868
9870
9871
9872
9873
9874
9877
9879
9880
9881
9963
9964
9967
9969
9970
9971
9972
9973
9976
9978
9979
9980
9999
10000
