2
3
4
5
6
7
8
9
10
11
12
13
14
15
16
17
18
19
20
21
22
23
24
25
26
27
28
29
30
31
32
33
34
35
36
37
38
39
40
41
42
43
44
45
46
47
48
49
50
51
52
53
54
55
56
57
58
59
60
61
62
63
64
65
66
67
68
69
70
71
72
73
74
75
76
77
78
79
80
81
82
83
84
85
86
87
88
89
90
91
92
93
94
95
96
97
98
99
100
101
102
103
104
105
106
107
108
109
110
111
112
113
114
115
116
117
118
119
120
121
122
123
124
125
126
127
128
129
130
131
132
133
134
135
136
137
138
139
140
141
142
143
144
145
146
147
148
149
150
151
152
153
154
155
156
157
159
161
162
163
164
165
166
167
168
169
170
171
172
173
174
175
176
177
178
179
180
181
182
183
184
185
186
187
188
189
190
192
193
194
195
196
197
198
199
200
201
202
203
204
205
206
207
208
209
210
211
212
213
214
215
216
217
218
219
220
221
222
223
224
225
226
227
228
229
230
231
232
233
234
235
236
237
238
239
240
241
242
243
244
245
246
247
248
249
250
251
252
253
254
255
256
257
258
259
260
261
262
263
264
265
266
267
268
269
270
271
272
273
274
275
276
277
278
279
280
281
282
283
284
285
286
287
288
289
290
291
292
293
294
295
296
297
298
299
300
301
302
303
304
305
306
307
308
309
310
311
313
314
315
316
317
318
319
320
321
323
324
325
326
327
328
329
330
331
332
333
334
335
336
337
338
339
340
341
342
343
345
346
348
349
350
351
352
353
354
355
356
357
358
359
360
361
362
363
364
365
366
367
369
370
371
372
373
374
375
376
377
378
379
381
382
384
385
386
387
388
390
391
392
393
394
395
396
397
400
401
402
404
405
406
407
408
409
410
411
412
413
414
415
417
418
419
420
421
424
426
427
428
429
432
433
435
436
437
438
440
441
442
443
444
445
446
447
448
449
450
451
452
453
454
455
456
457
459
460
461
462
463
465
466
467
468
469
470
471
473
474
475
477
478
480
481
483
485
486
487
488
489
492
493
494
495
496
499
501
503
504
505
506
507
508
509
510
511
512
513
514
516
517
519
520
521
522
523
524
525
528
529
530
532
533
534
535
536
538
539
540
541
542
543
544
545
546
547
548
549
550
552
553
554
555
556
557
558
559
560
561
562
563
564
565
566
567
568
569
570
571
574
575
576
577
578
579
580
581
583
584
585
586
588
589
590
591
592
593
594
595
597
598
599
600
601
602
603
604
605
606
609
610
611
612
613
614
615
616
618
619
620
621
622
623
624
625
626
627
628
629
630
631
632
633
634
635
637
638
639
640
641
642
643
645
647
648
649
650
651
652
653
654
655
656
657
658
659
660
661
663
664
665
666
667
668
669
670
671
672
673
674
675
676
677
678
679
680
681
682
683
684
685
686
687
689
690
691
692
693
694
695
696
697
698
699
700
701
702
703
704
705
706
707
708
709
710
711
712
713
714
715
716
717
718
719
720
721
722
723
724
725
726
729
730
731
732
733
734
735
736
737
738
739
740
741
742
743
744
745
746
747
748
749
750
751
752
753
754
755
756
757
758
759
760
761
762
763
764
765
766
767
768
769
770
771
772
773
774
775
777
778
779
780
781
782
783
784
785
786
787
790
791
792
793
794
795
796
797
798
799
800
801
802
803
804
805
806
807
809
810
811
812
813
814
815
816
817
818
819
820
821
822
823
824
825
826
827
828
829
830
831
834
837
838
839
840
841
842
843
844
846
847
848
849
850
851
852
853
854
855
856
857
858
859
860
861
862
863
864
865
867
868
870
871
872
873
874
876
877
878
879
880
881
882
883
885
886
887
888
890
891
892
894
897
898
899
900
902
903
904
906
909
910
912
913
914
915
916
917
918
919
920
921
922
924
925
926
927
928
929
934
935
937
938
939
940
941
942
943
944
945
946
947
948
949
950
952
953
954
955
957
958
959
960
961
962
963
964
968
972
973
975
976
977
978
979
980
981
982
984
985
986
987
988
990
991
993
994
995
996
998
999
1000
1001
1002
1003
1004
1005
1006
1008
1009
1010
1011
1012
1013
1014
1015
1016
1017
1018
1020
1021
1022
1023
1024
1025
1026
1027
1028
1029
1030
1031
1033
1034
1037
1038
1042
1043
1045
1048
1049
1052
1053
1054
1056
1057
1058
1059
1061
1062
1063
1065
1066
1067
1068
1069
1070
1071
1072
1077
1080
1081
1083
1084
1085
1089
1090
1092
1093
1094
1095
1096
1097
1098
1099
1101
1102
1103
1104
1107
1108
1110
1111
1115
1116
1117
1119
1120
1122
1123
1124
1125
1126
1129
1133
1134
1135
1137
1138
1139
1140
1142
1143
1144
1146
1147
1148
1152
1153
1155
1161
1162
1164
1165
1166
1168
1170
1171
1173
1174
1175
1176
1177
1179
1180
1181
1182
1183
1184
1188
1189
1190
1191
1192
1195
1198
1200
1201
1202
1203
1206
1207
1211
1214
1215
1216
1218
1219
1224
1225
1227
1228
1230
1231
1232
1233
1236
1237
1241
1242
1243
1245
1246
1248
1250
1251
1252
1254
1255
1257
1258
1259
1260
1261
1262
1263
1267
1272
1276
1278
1279
1281
1285
1287
1288
1290
1291
1292
1296
1297
1299
1300
1305
1306
1308
1309
1311
1312
1313
1314
1315
1318
1320
1322
1323
1324
1326
1327
1329
1331
1332
1333
1334
1335
1336
1338
1339
1340
1341
1344
1348
1350
1351
1353
1354
1355
1356
1359
1360
1361
1362
1363
1364
1365
1366
1367
1368
1369
1370
1371
1372
1376
1377
1378
1379
1383
1384
1385
1386
1387
1389
1394
1395
1396
1401
1403
1404
1406
1407
1412
1413
1414
1415
1416
1420
1421
1424
1427
1430
1431
1432
1434
1435
1436
1437
1441
1443
1444
1445
1449
1450
1451
1452
1458
1459
1460
1464
1466
1467
1468
1469
1475
1476
1477
1478
1479
1480
1481
1482
1483
1484
1485
1487
1490
1495
1497
1508
1509
1512
1513
1514
1515
1518
1520
1521
1522
1523
1524
1529
1530
1531
1532
1533
1534
1536
1537
1538
1539
1540
1541
1542
1545
1546
1547
1548
1549
1556
1558
1560
1563
1565
1568
1573
1574
1577
1583
1586
1590
1591
1592
1593
1594
1595
1596
1597
1600
1601
1602
1603
1605
1606
1607
1609
1611
1612
1614
1615
1616
1617
1618
1619
1620
1621
1622
1623
1626
1628
1629
1630
1635
1638
1640
1641
1642
1644
1646
1647
1648
1650
1651
1653
1654
1655
1656
1657
1659
1663
1664
1665
1666
1667
1668
1671
1672
1673
1674
1675
1677
1678
1680
1682
1683
1684
1686
1687
1690
1691
1692
1693
1695
1697
1698
1700
1701
1702
1704
1705
1707
1708
1709
1710
1711
1713
1714
1717
1720
1721
1722
1723
1725
1727
1728
1729
1731
1732
1733
1735
1737
1738
1744
1745
1747
1749
1750
1752
1753
1754
1755
1756
1757
1758
1760
1763
1764
1765
1766
1767
1768
1769
1770
1772
1773
1774
1775
1776
1777
1779
1781
1782
1783
1785
1786
1791
1792
1794
1796
1798
1799
1800
1801
1803
1804
1805
1806
1807
1808
1809
1815
1816
1817
1820
1821
1824
1825
1826
1828
1830
1831
1833
1834
1835
1836
1837
1838
1839
1840
1842
1843
1844
1845
1846
1852
1853
1854
1855
1857
1858
1859
1860
1863
1864
1869
1871
1872
1873
1875
1876
1878
1881
1882
1883
1884
1887
1889
1890
1891
1892
1893
1894
1896
1897
1898
1900
1901
1902
1905
1906
1907
1908
1909
1910
1911
1914
1915
1916
1917
1918
1919
1920
1921
1923
1924
1925
1926
1927
1929
1933
1934
1935
1936
1938
1939
1941
1943
1944
1945
1946
1947
1948
1950
1951
1952
1953
1954
1959
1960
1961
1962
1963
1965
1966
1968
1969
1970
1971
1972
1973
1974
1975
1977
1978
1979
1980
1981
1982
1983
1986
1987
1990
1992
1993
1994
1997
1998
1999
2000
2001
2002
2003
2005
2007
2008
2010
2012
2016
2018
2019
2020
2022
2023
2024
2025
2026
2028
2031
2032
2033
2034
2037
2040
2041
2042
2043
2044
2046
2047
2049
2050
2051
2052
2053
2054
2055
2056
2058
2060
2061
2062
2063
2066
2067
2070
2074
2075
2076
2077
2078
2079
2080
2081
2082
2083
2084
2085
2086
2087
2089
2090
2091
2094
2096
2097
2098
2099
2100
2101
2103
2104
2105
2106
2107
2108
2109
2110
2112
2113
2114
2115
2116
2118
2119
2123
2124
2125
2127
2128
2129
2130
2131
2132
2133
2134
2135
2136
2137
2138
2140
2141
2143
2144
2145
2147
2149
2150
2151
2152
2153
2154
2155
2159
2160
2161
2162
2166
2168
2170
2177
2178
2180
2187
2188
2190
2191
2192
2194
2195
2196
2197
2199
2200
2201
2202
2203
2206
2208
2209
2210
2211
2212
2213
2214
2215
2217
2218
2219
2221
2222
2223
2224
2226
2227
2228
2229
2230
2232
2233
2235
2236
2237
2241
2242
2243
2244
2247
2248
2249
2250
2251
2253
2254
2255
2257
2258
2259
2260
2261
2262
2263
2264
2265
2267
2268
2269
2271
2272
2273
2275
2276
2277
2278
2280
2281
2282
2283
2284
2287
2289
2290
2292
2294
2295
2296
2298
2299
2300
2302
2303
2304
2305
2307
2308
2309
2310
2311
2313
2314
2316
2317
2318
2320
2321
2322
2323
2325
2326
2330
2331
2332
2334
2335
2336
2337
2338
2340
2341
2344
2345
2346
2349
2350
2351
2352
2353
2356
2358
2359
2361
2362
2364
2367
2368
2369
2370
2371
2372
2373
2374
2375
2376
2377
2379
2380
2381
2383
2385
2392
2393
2394
2395
2396
2397
2400
2401
2402
2403
2404
2406
2407
2412
2413
2415
2416
2421
2422
2426
2427
2430
2431
2433
2434
2435
2437
2438
2439
2440
2442
2443
2444
2445
2446
2449
2451
2452
2454
2455
2457
2458
2460
2461
2462
2463
2464
2466
2467
2468
2469
2470
2471
2472
2473
2474
2475
2476
2478
2479
2480
2482
2483
2484
2485
2486
2488
2489
2491
2492
2493
2494
2500
2502
2503
2508
2511
2512
2514
2515
2516
2517
2518
2519
2520
2521
2523
2524
2525
2526
2527
2529
2530
2531
2532
2538
2539
2540
2541
2542
2543
2545
2546
2547
2548
2550
2551
2552
2553
2554
2555
2556
2557
2558
2559
2560
2561
2562
2563
2564
2565
2566
2568
2569
2571
2572
2573
2574
2575
2577
2578
2580
2581
2582
2583
2584
2586
2588
2592
2593
2595
2596
2597
2599
2601
2602
2604
2605
2606
2607
2608
2610
2611
2612
2613
2619
2620
2621
2622
2623
2624
2626
2627
2628
2629
2630
2631
2632
2633
2634
2635
2636
2637
2638
2640
2641
2642
2644
2645
2647
2649
2650
2653
2654
2655
2656
2658
2660
2661
2662
2663
2664
2665
2668
2669
2672
2673
2674
2679
2691
2692
2694
2697
2698
2699
2700
2701
2702
2707
2709
2710
2712
2717
2719
2722
2723
2725
2726
2730
2731
2734
2735
2736
2737
2739
2741
2743
2744
2745
2746
2748
2749
2753
2754
2755
2757
2758
2760
2761
2762
2763
2764
2765
2766
2770
2773
2775
2779
2780
2781
2782
2783
2784
2787
2788
2789
2791
2792
2797
2802
2805
2806
2807
2811
2812
2813
2815
2817
2818
2821
2822
2824
2825
2826
2829
2832
2834
2835
2836
2838
2839
2844
2847
2848
2854
2856
2857
2860
2869
2870
2871
2872
2873
2876
2877
2878
2879
2880
2881
2882
2883
2884
2885
2890
2893
2894
2897
2899
2902
2903
2906
2907
2916
2917
2919
2920
2921
2923
2925
2926
2928
2929
2930
2931
2932
2937
2940
2943
2944
2946
2947
2948
2949
2950
2952
2953
2955
2956
2957
2958
2959
2961
2962
2963
2964
2965
2966
2970
2971
2972
2973
2974
2977
2979
2980
2986
2987
2988
2989
2992
2993
2996
2997
2998
3000
3001
3002
3004
3006
3007
3009
3010
3011
3012
3013
3016
3018
3024
3025
3027
3028
3029
3033
3034
3036
3037
3038
3039
3040
3042
3043
3045
3046
3047
3048
3051
3052
3054
3055
3056
3058
3060
3061
3063
3064
3066
3067
3068
3069
3070
3072
3073
3074
3075
3081
3082
3087
3088
3090
3094
3095
3097
3100
3126
3133
3135
3136
3137
3139
3144
3147
3155
3159
3160
3162
3163
3164
3168
3169
3171
3172
3173
3174
3175
3178
3181
3186
3187
3189
3190
3191
3193
3195
3196
3198
3199
3200
3201
3202
3204
3205
3207
3208
3209
3240
3241
3243
3244
3245
3249
3250
3252
3253
3254
3255
3256
3267
3268
3270
3271
3272
3276
3277
3279
3280
3281
3282
3283
3285
3286
3288
3289
3290
3294
3295
3297
3298
3303
3304
3306
3307
3308
3309
3310
3313
3316
3317
3321
3322
3324
3325
3326
3330
3331
3333
3334
3335
3348
3349
3351
3352
3353
3357
3358
3360
3361
3362
3366
3367
3369
3370
3371
3378
3379
3385
3387
3388
3389
3394
3397
3398
3402
3403
3405
3406
3411
3412
3414
3415
3417
3418
3421
3424
3429
3430
3432
3433
3438
3439
3441
3442
3444
3445
3483
3484
3486
3487
3492
3493
3495
3496
3498
3499
3502
3504
3510
3511
3513
3514
3519
3520
3522
3523
3524
3525
3526
3528
3532
3533
3537
3538
3540
3541
3546
3547
3549
3550
3552
3553
3573
3576
3577
3583
3585
3600
3601
3605
3609
3613
3614
3645
3646
3648
3649
3650
3654
3655
3657
3658
3659
3672
3673
3675
3676
3677
3681
3682
3684
3685
3686
3690
3691
3693
3694
3695
3726
3727
3729
3730
3731
3735
3736
3738
3739
3740
3753
3754
3756
3757
3758
3762
3763
3765
3766
3767
3771
3772
3774
3775
3776
3888
3889
3891
3892
3893
3897
3898
3900
3901
3902
3915
3916
3918
3919
3920
3924
3925
3927
3928
3929
3933
3934
3936
3937
3938
3939
3942
3943
3944
3953
3959
3960
3961
3962
3969
3970
3972
3973
3974
3978
3979
3981
3982
3983
3986
3987
3988
3993
3995
3996
3997
3999
4000
4001
4002
4004
4005
4006
4007
4008
4009
4010
4011
4014
4015
4017
4018
4019
4020
4023
4024
4025
4050
4051
4053
4054
4055
4059
4060
4062
4063
4064
4077
4078
4080
4081
4082
4083
4085
4086
4087
4088
4089
4090
4091
4092
4095
4096
4098
4099
4100
4101
4104
4105
4106
4131
4132
4133
4137
4139
4140
4141
4148
4149
4150
4155
4157
4164
4166
4169
4173
4218
4220
4221
4227
4236
4238
4241
4247
4249
4250
4272
4276
4290
4293
4294
4295
4299
4301
4302
4374
4375
4376
4380
4382
4383
4384
4391
4392
4393
4394
4398
4400
4403
4425
4427
4428
4429
4430
4434
4439
4445
4446
4447
4448
4452
4455
4456
4457
4461
4463
4464
4465
4479
4481
4484
4499
4502
4508
4509
4510
4520
4526
4527
4528
4529
4536
4537
4538
4542
4543
4544
4545
4546
4552
4561
4562
4563
4564
4569
4570
4571
4574
4578
4587
4590
4591
4592
4599
4601
4602
4607
4608
4609
4610
4617
4618
4620
4624
4626
4627
4633
4668
4671
4672
4673
4682
4688
4689
4690
4691
4695
4704
4706
4707
4713
4714
4715
4716
4717
4718
4719
4722
4724
4731
4732
4733
4736
4740
4742
4744
4745
4749
4752
4753
4754
4758
4762
4769
4770
4771
4773
4786
4788
4789
4795
4798
4800
4823
4825
4831
4832
4842
4843
4845
4850
4851
4852
4854
4860
4861
4862
4866
4868
4869
4875
4895
4897
4898
4904
4913
4914
4915
4920
4921
4922
4923
4924
4930
4931
4932
4933
4941
4942
4944
4945
4947
4948
4949
4950
4951
4953
4956
4957
4965
4967
4970
4976
4978
4979
4984
4985
4989
4992
4993
4994
5002
5003
5004
5005
5011
5012
5013
5014
5016
5019
5022
5023
5025
5029
5030
5031
5032
5034
5047
5048
5049
5050
5056
5057
5066
5068
5074
5075
5079
5103
5104
5106
5107
5110
5111
5112
5113
5115
5122
5124
5127
5128
5129
5130
5131
5133
5134
5137
5138
5139
5140
5164
5165
5166
5167
5173
5174
5175
5176
5184
5185
5187
5188
5191
5192
5193
5194
5196
5200
5205
5211
5212
5214
5218
5219
5227
5232
5235
5236
5237
5241
5245
5247
5248
5249
5250
5254
5255
5256
5257
5258
5259
5262
5265
5266
5267
5271
5272
5273
5274
5275
5281
5290
5291
5292
5293
5298
5299
5300
5303
5307
5316
5319
5320
5321
5328
5330
5331
5336
5337
5338
5339
5346
5347
5349
5353
5355
5356
5362
5397
5400
5401
5402
5411
5417
5418
5419
5420
5444
5445
5446
5451
5453
5460
5462
5465
5469
5470
5471
5475
5478
5479
5480
5481
5482
5483
5488
5489
5490
5491
5497
5498
5499
5500
5502
5505
5529
5532
5535
5536
5538
5539
5551
5552
5556
5559
5560
5561
5562
5563
5565
5566
5569
5570
5571
5572
5578
5579
5580
5581
5624
5626
5627
5633
5642
5643
5644
5649
5650
5651
5652
5653
5659
5660
5661
5662
5670
5671
5673
5674
5676
5677
5678
5679
5680
5682
5685
5686
5687
5688
5689
5694
5696
5699
5703
5705
5707
5708
5712
5713
5714
5718
5721
5722
5723
5731
5732
5733
5734
5735
5740
5741
5742
5743
5744
5745
5748
5751
5752
5753
5754
5757
5758
5759
5760
5761
5763
5768
5769
5770
5772
5775
5777
5778
5779
5780
5781
5782
5786
5788
5789
5794
5798
5799
5802
5804
5805
5806
5808
5809
5811
5832
5833
5834
5835
5838
5839
5840
5841
5842
5844
5849
5850
5851
5852
5853
5856
5858
5859
5860
5861
5862
5883
5885
5886
5887
5888
5892
5893
5894
5895
5896
5897
5902
5903
5904
5905
5906
5908
5909
5910
5913
5914
5915
5916
5917
5918
5919
5920
5921
5922
5923
5925
5932
5934
5940
5941
5943
5949
5950
5978
5979
5981
5984
5985
5986
5987
5989
5990
5994
5995
5996
6000
6002
6003
6004
6006
6007
6013
6015
6021
6022
6027
6029
6032
6036
6045
6048
6049
6050
6057
6059
6060
6065
6066
6067
6068
6075
6076
6078
6082
6084
6085
6091
6093
6095
6099
6101
6110
6112
6113
6119
6121
6122
6124
6125
6132
6133
6138
6141
6146
6147
6148
6151
6152
6153
6156
6157
6159
6160
6161
6162
6164
6165
6168
6169
6171
6174
6176
6197
6201
6205
6206
6222
6224
6227
6228
6229
6231
6232
6233
6237
6238
6240
6241
6242
6244
6246
6247
6252
6253
6255
6256
6257
6258
6266
6272
6273
6274
6275
6278
6281
6282
6283
6289
6290
6294
6295
6300
6301
6303
6305
6308
6309
6310
6312
6313
6314
6318
6319
6320
6324
6326
6327
6333
6337
6339
6343
6344
6345
6346
6353
6355
6356
6362
6364
6370
6371
6372
6373
6378
6382
6561
6562
6563
6564
6565
6566
6567
6568
6569
6570
6571
6573
6574
6575
6576
6577
6578
6579
6580
6581
6582
6585
6586
6587
6588
6589
6590
6591
6592
6593
6595
6596
6597
6598
6600
6601
6602
6603
6604
6606
6607
6609
6610
6611
6612
6614
6615
6616
6617
6618
6621
6622
6623
6624
6625
6626
6627
6631
6632
6633
6634
6635
6636
6637
6638
6639
6642
6643
6644
6645
6646
6647
6648
6649
6650
6651
6652
6654
6655
6656
6657
6658
6661
6663
6669
6670
6672
6673
6674
6678
6679
6681
6682
6683
6684
6685
6687
6688
6690
6691
6692
6696
6697
6699
6700
6705
6706
6707
6708
6709
6711
6712
6713
6714
6715
6716
6720
6723
6724
6725
6729
6730
6731
6732
6733
6738
6739
6741
6743
6744
6747
6748
6749
6750
6751
6753
6754
6756
6757
6758
6761
6765
6766
6767
6770
6771
6774
6775
6776
6777
6778
6779
6780
6781
6786
6787
6788
6789
6791
6794
6795
6796
6797
6801
6804
6805
6807
6808
6809
6811
6812
6813
6814
6816
6817
6818
6819
6820
6822
6823
6824
6825
6828
6830
6831
6832
6834
6835
6836
6838
6839
6840
6841
6842
6843
6844
6845
6846
6847
6848
6849
6850
6851
6852
6853
6854
6856
6857
6861
6862
6865
6867
6868
6870
6874
6875
6876
6877
6880
6881
6885
6886
6888
6889
6890
6892
6894
6895
6897
6898
6899
6900
6901
6912
6913
6915
6916
6917
6921
6922
6924
6925
6926
6927
6928
6930
6931
6933
6934
6935
6939
6940
6942
6943
6948
6949
6951
6952
6953
6954
6955
6958
6961
6962
6966
6967
6969
6970
6971
6975
6976
6978
6979
6980
6993
6994
6996
6997
6998
6999
7001
7002
7003
7004
7005
7006
7007
7008
7011
7012
7014
7015
7016
7017
7020
7021
7022
7047
7048
7049
7053
7055
7056
7057
7064
7065
7066
7068
7071
7072
7073
7074
7075
7080
7082
7085
7089
7091
7093
7099
7100
7108
7109
7110
7111
7117
7118
7119
7120
7122
7128
7129
7131
7132
7135
7136
7137
7138
7140
7144
7145
7146
7147
7149
7152
7153
7154
7155
7156
7161
7163
7166
7170
7171
7172
7176
7179
7180
7181
7189
7190
7191
7192
7193
7198
7199
7200
7201
7202
7203
7206
7209
7210
7211
7212
7215
7216
7217
7218
7219
7221
7226
7227
7228
7233
7234
7235
7236
7237
7243
7244
7253
7255
7261
7262
7266
7290
7291
7292
7293
7294
7295
7296
7297
7298
7299
7300
7302
7303
7304
7305
7306
7307
7308
7309
7311
7314
7315
7316
7317
7318
7320
7321
7322
7324
7325
7326
7327
7329
7330
7331
7332
7333
7335
7336
7338
7339
7340
7341
7344
7345
7346
7347
7351
7352
7353
7354
7355
7356
7360
7361
7362
7363
7364
7365
7371
7372
7373
7374
7375
7376
7377
7378
7379
7380
7381
7383
7384
7385
7386
7387
7392
7398
7399
7401
7402
7403
7407
7408
7410
7411
7412
7413
7414
7416
7417
7419
7420
7421
7422
7425
7426
7428
7429
7432
7434
7435
7437
7438
7440
7441
7446
7449
7473
7479
7480
7482
7495
7496
7500
7504
7505
7533
7534
7536
7537
7538
7540
7541
7542
7543
7545
7546
7547
7548
7549
7554
7560
7561
7563
7564
7565
7569
7570
7572
7573
7574
7575
7576
7577
7578
7579
7581
7582
7583
7585
7586
7614
7615
7617
7618
7619
7623
7624
7626
7627
7628
7629
7630
7641
7642
7644
7645
7646
7650
7651
7653
7654
7655
7656
7657
7659
7660
7662
7663
7664
7665
7668
7669
7671
7672
7675
7677
7678
7680
7681
7683
7684
7689
7692
7695
7696
7698
7699
7700
7704
7705
7707
7708
7709
7716
7719
7722
7723
7725
7726
7727
7731
7732
7734
7735
7736
7738
7740
7741
7743
7744
7745
7746
7749
7750
7752
7753
7776
7777
7779
7780
7785
7786
7788
7789
7791
7792
7803
7804
7806
7807
7812
7813
7815
7816
7818
7819
7837
7839
7840
7846
7857
7858
7860
7861
7864
7866
7867
7869
7870
7872
7873
7876
7878
7884
7885
7887
7888
7893
7894
7896
7897
7898
7899
7900
7902
7905
7906
7907
7908
7911
7912
7914
7915
7918
7920
7921
7923
7924
7926
7927
7932
7935
7947
7950
7951
7957
7959
7962
7965
7966
7968
7969
7974
7975
7979
7981
7983
7986
7987
7988
7989
7992
7993
7995
7996
8092
8095
8096
8100
8101
8103
8104
8105
8119
8121
8127
8128
8136
8137
8166
8168
8173
8176
8177
8190
8193
8194
8200
8202
8208
8209
8211
8224
8225
8229
8233
8234
8238
8239
8247
8249
8262
8263
8265
8266
8267
8269
8270
8271
8272
8274
8275
8281
8283
8289
8290
8292
8305
8306
8310
8314
8315
8386
8387
8391
8395
8396
8404
8405
8406
8407
8413
8414
8415
8416
8445
8451
8452
8454
8467
8468
8472
8476
8477
8485
8486
8487
8488
8494
8495
8496
8497
8532
8533
8541
8542
8554
8555
8562
8563
8571
8573
8605
8607
8613
8614
8627
8631
8635
8636
8643
8644
8748
8749
8751
8752
8753
8755
8756
8757
8758
8760
8761
8762
8763
8764
8769
8775
8776
8778
8779
8780
8784
8785
8787
8788
8789
8790
8791
8793
8794
8796
8797
8798
8809
8810
8811
8812
8818
8819
8820
8821
8824
8825
8829
8830
8832
8833
8834
8836
8837
8838
8839
8841
8842
8843
8844
8845
8848
8850
8856
8857
8859
8860
8861
8865
8866
8868
8869
8870
8871
8872
8874
8875
8877
8878
8879
8883
8884
8886
8887
8892
8893
8895
8896
8897
8898
8899
8902
8905
8906
8919
8922
8923
8929
8931
8937
8938
8940
8953
8954
8958
8962
8963
8991
8992
8994
8995
8996
8998
8999
9000
9001
9003
9004
9005
9006
9007
9012
9018
9019
9021
9022
9023
9027
9028
9030
9031
9032
9033
9034
9035
9036
9037
9039
9040
9041
9043
9044
9072
9073
9075
9076
9077
9081
9082
9084
9085
9086
9087
9088
9099
9100
9102
9103
9104
9108
9109
9111
9112
9113
9114
9115
9116
9117
9118
9120
9121
9122
9124
9125
9126
9127
9129
9130
9133
9134
9135
9136
9138
9139
9141
9142
9143
9144
9145
9153
9154
9156
9157
9158
9162
9163
9165
9166
9167
9174
9180
9181
9183
9184
9185
9189
9190
9192
9193
9194
9196
9197
9198
9199
9201
9202
9203
9205
9206
9210
9211
9214
9215
9216
9217
9219
9221
9223
9224
9225
9226
9229
9230
9261
9262
9270
9271
9283
9284
9291
9292
9300
9302
9405
9408
9409
9415
9417
9432
9433
9437
9441
9445
9446
9477
9478
9480
9481
9482
9486
9487
9489
9490
9491
9492
9493
9504
9505
9507
9508
9509
9513
9514
9516
9517
9518
9519
9520
9522
9523
9525
9526
9527
9550
9553
9554
9558
9559
9561
9562
9563
9567
9568
9570
9571
9572
9573
9574
9577
9579
9585
9586
9588
9589
9590
9594
9595
9597
9598
9599
9600
9601
9603
9604
9606
9607
9608
9612
9613
9615
9616
9621
9622
9624
9625
9627
9628
9720
9721
9723
9724
9725
9729
9730
9732
9733
9734
9735
9736
9747
9748
9750
9751
9752
9756
9757
9759
9760
9761
9762
9763
9765
9766
9768
9769
9770
9801
9802
9804
9805
9806
9810
9811
9813
9814
9815
9816
9817
9828
9829
9831
9832
9833
9837
9838
9840
9841
9842
9843
9844
9846
9847
9849
9850
9851
9855
9856
9858
9859
9864
9865
9867
9868
9870
9871
9882
9883
9885
9886
9887
9891
9892
9894
9895
9896
9909
9910
9912
9913
9914
9918
9919
9921
9922
9923
9927
9928
9930
9931
9932
9963
9964
9966
9967
9972
9973
9975
9976
9978
9979
9990
9991
9993
9994
9999
10000
10002
10003
10005
10006
10044
10045
10047
10048
10053
10054
10056
10057
10059
10060
10071
10072
10074
10075
10080
10081
10083
10084
10086
10087
10098
10099
10101
10102
10107
10108
10110
10111
10113
10114
10206
10207
10209
10210
10211
10215
10216
10218
10219
10220
10233
10234
10236
10237
10238
10242
10243
10245
10246
10247
10251
10252
10254
10255
10256
10287
10288
10290
10291
10292
10296
10297
10299
10300
10301
10314
10315
10317
10318
10319
10323
10324
10326
10327
10328
10332
10333
10335
10336
10337
10449
10450
10452
10453
10454
10458
10459
10461
10462
10463
10476
10477
10479
10480
10481
10485
10486
10488
10489
10490
10494
10495
10497
10498
10499
10530
10531
10533
10534
10535
10539
10540
10542
10543
10544
10557
10558
10560
10561
10562
10566
10567
10569
10570
10571
10575
10576
10578
10579
10580
10611
10612
10614
10615
10616
10620
10621
10623
10624
10625
10638
10639
10641
10642
10643
10647
10648
10650
10651
10652
10656
10657
10659
10660
10661
10935
10936
10938
10939
10944
10945
10947
10948
10950
10951
10962
10963
10965
10966
10971
10972
10974
10975
10977
10978
11016
11017
11019
11020
11025
11026
11028
11029
11031
11032
11043
11044
11046
11047
11052
11053
11055
11056
11058
11059
11070
11071
11073
11074
11079
11080
11082
11083
11085
11086
11178
11179
11181
11182
11187
11188
11190
11191
11193
11194
11205
11206
11208
11209
11214
11215
11217
11218
11220
11221
11259
11260
11262
11263
11268
11269
11271
11272
11274
11275
11286
11287
11289
11290
11295
11296
11298
11299
11301
11302
11313
11314
11316
11317
11322
11323
11325
11326
11328
11329
11664
11665
11667
11668
11673
11674
11676
11677
11679
11680
11691
11692
11694
11695
11700
11701
11703
11704
11706
11707
11745
11746
11748
11749
11754
11755
11757
11758
11760
11761
11772
11773
11775
11776
11781
11782
11784
11785
11787
11788
11799
11800
11802
11803
11808
11809
11810
11811
11812
11814
11815
11816
11817
11818
11819
11826
11827
11828
11832
11834
11835
11836
11859
11861
11864
11868
11877
11880
11881
11882
11891
11897
11898
11899
11900
11907
11908
11910
11911
11916
11917
11919
11920
11922
11923
11934
11935
11937
11938
11943
11944
11946
11947
11949
11950
11958
11961
11962
11963
11972
11978
11979
11980
11981
11988
11989
11991
11992
11997
11998
12000
12001
12003
12004
12005
12006
12007
12012
12014
12015
12016
12018
12019
12021
12023
12024
12025
12026
12027
12028
12030
12031
12039
12042
12043
12044
12045
12046
12051
12052
12054
12055
12057
12058
12150
12151
12153
12154
12159
12160
12162
12163
12165
12166
12177
12178
12180
12181
12186
12187
12189
12190
12192
12193
12231
12232
12234
12235
12240
12241
12243
12244
12246
12247
12248
12249
12250
12255
12257
12258
12259
12261
12262
12264
12266
12267
12268
12269
12270
12271
12273
12274
12285
12286
12288
12289
12294
12295
12296
12297
12298
12300
12301
12302
12303
12304
12305
12312
12313
12314
12318
12320
12321
12322
12329
12330
12331
12336
12338
12393
12394
12395
12399
12401
12402
12403
12410
12411
12412
12417
12419
12444
12447
12448
12449
12458
12464
12465
12466
12467
12474
12475
12476
12480
12482
12483
12484
12539
12545
12546
12547
12548
12555
12556
12557
12561
12563
12564
12565
12588
12590
12593
12597
12606
12609
12610
12611
12620
12626
12627
12628
12629
13122
13123
13124
13128
13130
13131
13132
13139
13140
13141
13146
13148
13173
13176
13177
13178
13187
13193
13194
13195
13196
13203
13204
13205
13209
13211
13212
13213
13268
13274
13275
13276
13277
13284
13285
13286
13290
13292
13293
13294
13317
13319
13322
13326
13335
13338
13339
13340
13349
13355
13356
13357
13358
13560
13562
13565
13569
13578
13581
13582
13583
13608
13609
13610
13614
13616
13617
13618
13625
13626
13627
13632
13634
13641
13643
13646
13650
13706
13707
13708
13713
13715
13722
13724
13727
13731
13754
13760
13761
13762
13763
13770
13771
13772
13776
13778
13779
13780
13787
13788
13789
13794
13796
13851
13852
13853
13857
13859
13860
13861
13868
13869
13870
13875
13877
13902
13905
13906
13907
13916
13922
13923
13924
13925
13932
13933
13934
13938
13940
13941
13942
14763
14769
14770
14772
14785
14786
14790
14794
14795
14823
14824
14826
14830
14831
14832
14833
14835
14844
14850
14851
14853
14866
14867
14871
14875
14876
14947
14948
14952
14956
14957
14965
14966
14967
14968
14974
14975
14976
14977
15006
15012
15013
15015
15028
15029
15033
15037
15038
15046
15047
15048
15049
15055
15056
15057
15058
15309
15310
15312
15316
15317
15318
15319
15321
15330
15336
15337
15339
15370
15371
15372
15373
15379
15380
15381
15382
15390
15391
15393
15397
15398
15399
15400
15402
15411
15417
15418
15420
15492
15498
15499
15501
15514
15515
15519
15523
15524
15552
15553
15555
15559
15560
15561
15562
15564
15573
15579
15580
15582
15595
15596
15600
15604
15605
15676
15677
15681
15685
15686
15694
15695
15696
15697
15703
15704
15705
15706
15735
15741
15742
15744
15747
15749
15752
15756
15757
15758
15762
15765
15766
15767
15768
15769
15770
15775
15776
15777
15778
15784
15785
15786
15787
15795
15796
15797
15801
15803
15804
15805
15812
15813
15814
15819
15821
15828
15830
15833
15837
15893
15894
15895
15900
15902
15909
15911
15914
15918
15941
15947
15948
15949
15950
15957
15958
15959
15963
15965
15966
15967
15974
15975
15976
15981
15983
16184
16190
16191
16192
16193
16200
16201
16202
16206
16208
16209
16210
16233
16235
16238
16242
16251
16254
16255
16256
16265
16271
16272
16273
16274
16332
16335
16336
16337
16346
16352
16353
16354
16355
16379
16380
16381
16386
16388
16395
16397
16400
16404
16405
16406
16410
16413
16414
16415
16416
16417
16418
16423
16424
16425
16426
16432
16433
16434
16435
16464
16470
16471
16473
16476
16478
16481
16485
16486
16487
16491
16494
16495
16496
16497
16498
16499
16504
16505
16506
16507
16513
16514
16515
16516
16524
16525
16526
16530
16532
16533
16534
16541
16542
16543
16548
16550
16557
16559
16562
16566
16585
16586
16587
16588
16594
16595
16596
16597
16605
16606
16608
16612
16613
16614
16615
16617
16648
16649
16653
16657
16658
16666
16667
16668
16669
16675
16676
16677
16678
16686
16687
16689
16693
16694
16695
16696
16698
16950
16956
16957
16959
16972
16973
16977
16981
16982
17010
17011
17013
17017
17018
17019
17020
17022
17031
17037
17038
17040
17053
17054
17058
17061
17062
17063
17064
17065
17066
17075
17081
17082
17083
17084
17108
17109
17110
17115
17117
17124
17126
17129
17133
17134
17135
17139
17142
17143
17144
17145
17146
17147
17152
17153
17154
17155
17161
17162
17163
17164
17193
17199
17200
17202
17205
17207
17210
17214
17215
17216
17220
17223
17224
17225
17226
17227
17228
17233
17234
17235
17236
17242
17243
17244
17245
17253
17254
17255
17259
17261
17262
17263
17270
17271
17272
17277
17279
17286
17288
17291
17295
17314
17315
17316
17317
17323
17324
17325
17326
17334
17335
17337
17341
17342
17343
17344
17346
17377
17378
17382
17386
17387
17395
17396
17397
17398
17404
17405
17406
17407
17415
17416
17418
17422
17423
17424
17425
17427
17496
17497
17498
17502
17504
17505
17506
17513
17514
17515
17520
17522
17547
17550
17551
17552
17561
17567
17568
17569
17570
17577
17578
17579
17583
17585
17586
17587
17642
17648
17649
17650
17651
17658
17659
17660
17664
17666
17667
17668
17691
17693
17696
17700
17709
17712
17713
17714
17723
17729
17730
17731
17732
17790
17793
17794
17795
17804
17810
17811
17812
17813
17837
17838
17839
17844
17846
17853
17855
17858
17862
17871
17874
17875
17876
18371
18377
18378
18379
18380
18387
18388
18389
18393
18395
18396
18397
18420
18422
18425
18429
18438
18441
18442
18443
18452
18458
18459
18460
18461
18519
18522
18523
18524
18533
18539
18540
18541
18542
18566
18567
18568
18573
18575
18582
18584
18587
18591
18600
18603
18604
18605
18809
18810
18811
18816
18818
18825
18827
18830
18834
18857
18863
18864
18865
18866
18873
18874
18875
18879
18881
18882
18883
18890
18891
18892
18897
18899
18954
18955
18956
18960
18962
18963
18964
18971
18972
18973
18978
18980
19005
19008
19009
19010
19019
19025
19026
19027
19028
19035
19036
19037
19041
19043
19044
19045
19100
19106
19107
19108
19109
19116
19117
19118
19122
19124
19125
19126
19149
19151
19154
19158
19167
19170
19171
19172
19181
19187
19188
19189
19190
19683
19684
19686
19687
19688
19690
19691
19692
19693
19695
19696
19697
19698
19699
19704
19710
19711
19713
19714
19715
19719
19720
19722
19723
19724
19725
19726
19728
19729
19731
19732
19733
19744
19745
19746
19747
19753
19754
19755
19756
19764
19765
19767
19768
19769
19771
19772
19773
19774
19776
19777
19778
19779
19780
19785
19791
19792
19794
19795
19796
19800
19801
19803
19804
19805
19806
19807
19809
19810
19812
19813
19814
19818
19819
19821
19822
19827
19828
19830
19831
19833
19834
19866
19872
19873
19875
19888
19889
19893
19897
19898
19926
19927
19929
19930
19931
19933
19934
19935
19936
19938
19939
19940
19941
19942
19947
19953
19954
19956
19957
19958
19962
19963
19965
19966
19967
19968
19969
19970
19971
19972
19974
19975
19976
19978
19979
20007
20008
20010
20011
20012
20016
20017
20019
20020
20021
20022
20023
20034
20035
20037
20038
20039
20043
20044
20046
20047
20048
20049
20050
20052
20053
20055
20056
20057
20061
20062
20064
20065
20070
20071
20073
20074
20076
20077
20088
20089
20091
20092
20093
20097
20098
20100
20101
20102
20115
20116
20118
20119
20120
20124
20125
20127
20128
20129
20133
20134
20136
20137
20138
20230
20231
20232
20233
20239
20240
20241
20242
20250
20251
20253
20257
20258
20259
20260
20262
20293
20294
20298
20302
20303
20311
20312
20313
20314
20320
20321
20322
20323
20331
20332
20334
20338
20339
20340
20341
20343
20412
20413
20415
20416
20417
20419
20420
20421
20422
20424
20425
20426
20427
20428
20433
20439
20440
20442
20443
20444
20448
20449
20451
20452
20453
20454
20455
20457
20458
20460
20461
20462
20473
20474
20475
20476
20482
20483
20484
20485
20493
20494
20496
20497
20498
20500
20501
20502
20503
20505
20506
20507
20508
20509
20514
20520
20521
20523
20524
20525
20529
20530
20532
20533
20534
20535
20536
20538
20539
20541
20542
20543
20547
20548
20550
20551
20556
20557
20559
20560
20562
20563
20595
20601
20602
20604
20617
20618
20622
20626
20627
20655
20656
20658
20659
20660
20662
20663
20664
20665
20667
20668
20669
20670
20671
20676
20682
20683
20685
20686
20687
20691
20692
20694
20695
20696
20697
20698
20699
20700
20701
20703
20704
20705
20707
20708
20736
20737
20739
20740
20741
20745
20746
20748
20749
20750
20751
20752
20763
20764
20766
20767
20768
20772
20773
20775
20776
20777
20778
20779
20781
20782
20784
20785
20786
20790
20791
20793
20794
20799
20800
20802
20803
20805
20806
20817
20818
20820
20821
20822
20826
20827
20829
20830
20831
20844
20845
20847
20848
20849
20853
20854
20856
20857
20858
20862
20863
20865
20866
20867
20898
20899
20901
20902
20907
20908
20910
20911
20913
20914
20925
20926
20928
20929
20934
20935
20937
20938
20940
20941
20979
20980
20982
20983
20988
20989
20991
20992
20994
20995
21006
21007
21009
21010
21015
21016
21018
21019
21021
21022
21033
21034
21036
21037
21042
21043
21045
21046
21048
21049
21324
21330
21331
21333
21346
21347
21351
21355
21356
21384
21385
21387
21391
21392
21393
21394
21396
21405
21411
21412
21414
21427
21428
21432
21436
21437
21508
21509
21513
21517
21518
21526
21527
21528
21529
21535
21536
21537
21538
21567
21573
21574
21576
21589
21590
21594
21598
21599
21607
21608
21609
21610
21616
21617
21618
21619
21870
21871
21873
21874
21875
21877
21878
21879
21880
21882
21883
21884
21885
21886
21891
21897
21898
21900
21901
21902
21906
21907
21909
21910
21911
21912
21913
21915
21916
21918
21919
21920
21931
21932
21933
21934
21940
21941
21942
21943
21951
21952
21954
21955
21956
21958
21959
21960
21961
21963
21964
21965
21966
21967
21972
21978
21979
21981
21982
21983
21987
21988
21990
21991
21992
21993
21994
21996
21997
21999
22000
22001
22005
22006
22008
22009
22014
22015
22017
22018
22020
22021
22053
22059
22060
22062
22075
22076
22080
22084
22085
22113
22114
22116
22117
22118
22120
22121
22122
22123
22125
22126
22127
22128
22129
22134
22140
22141
22143
22144
22145
22149
22150
22152
22153
22154
22155
22156
22157
22158
22159
22161
22162
22163
22165
22166
22194
22195
22197
22198
22199
22203
22204
22206
22207
22208
22209
22210
22221
22222
22224
22225
22226
22230
22231
22233
22234
22235
22236
22237
22238
22239
22240
22242
22243
22244
22246
22247
22248
22249
22251
22252
22255
22256
22257
22258
22260
22261
22263
22264
22265
22266
22267
22275
22276
22278
22279
22280
22284
22285
22287
22288
22289
22296
22302
22303
22305
22306
22307
22311
22312
22314
22315
22316
22318
22319
22320
22321
22323
22324
22325
22327
22328
22336
22337
22338
22339
22345
22346
22347
22348
22599
22600
22602
22603
22604
22608
22609
22611
22612
22613
22614
22615
22626
22627
22629
22630
22631
22635
22636
22638
22639
22640
22641
22642
22644
22645
22647
22648
22649
22680
22681
22683
22684
22685
22689
22690
22692
22693
22694
22695
22696
22707
22708
22710
22711
22712
22716
22717
22719
22720
22721
22722
22723
22725
22726
22728
22729
22730
22734
22735
22737
22738
22743
22744
22746
22747
22749
22750
22842
22843
22845
22846
22847
22851
22852
22854
22855
22856
22857
22858
22869
22870
22872
22873
22874
22878
22879
22881
22882
22883
22884
22885
22887
22888
22890
22891
22892
22923
22924
22926
22927
22928
22932
22933
22935
22936
22937
22938
22939
22950
22951
22953
22954
22955
22959
22960
22962
22963
22964
22965
22966
22967
22968
22969
22971
22972
22973
22975
22976
22977
22978
22980
22981
22984
22985
22986
22987
22989
22990
22992
22993
22994
22995
22996
23004
23005
23007
23008
23009
23013
23014
23016
23017
23018
23025
23031
23032
23034
23035
23036
23040
23041
23043
23044
23045
23047
23048
23049
23050
23052
23053
23054
23056
23057
23065
23066
23067
23068
23074
23075
23076
23077
23085
23086
23088
23089
23094
23095
23097
23098
23100
23101
23112
23113
23115
23116
23121
23122
23124
23125
23127
23128
23146
23147
23148
23149
23155
23156
23157
23158
23166
23167
23169
23170
23173
23174
23175
23176
23178
23179
23181
23182
23193
23194
23196
23197
23202
23203
23205
23206
23208
23209
23210
23214
23218
23219
23220
23221
23223
23224
23227
23228
23229
23230
23232
23233
23235
23236
23237
23238
23239
23247
23248
23250
23254
23255
23256
23257
23259
23328
23329
23331
23332
23333
23337
23338
23340
23341
23342
23355
23356
23358
23359
23360
23364
23365
23367
23368
23369
23373
23374
23376
23377
23378
23409
23410
23412
23413
23414
23418
23419
23421
23422
23423
23436
23437
23439
23440
23441
23445
23446
23448
23449
23450
23454
23455
23457
23458
23459
23511
23517
23518
23520
23533
23534
23538
23542
23543
23571
23572
23574
23575
23576
23578
23579
23580
23581
23583
23584
23585
23592
23598
23599
23601
23602
23603
23607
23608
23610
23611
23612
23614
23615
23616
23617
23619
23620
23621
23623
23624
23652
23653
23655
23656
23657
23661
23662
23664
23665
23666
23679
23680
23682
23683
23684
23688
23689
23691
23692
23693
23695
23696
23697
23698
23700
23701
23702
23704
23705
23713
23714
23715
23716
23722
23723
23724
23725
23733
23734
23736
23737
23738
23742
23743
23745
23746
23747
23754
23760
23761
23763
23764
23765
23769
23770
23772
23773
23774
23776
23777
23778
23779
23781
23782
23783
23785
23786
23794
23795
23796
23797
23803
23804
23805
23806
23875
23876
23877
23878
23884
23885
23886
23887
23895
23896
23898
23902
23903
23904
23905
23907
23938
23939
23943
23947
23948
23956
23957
23958
23959
23965
23966
23967
23968
23976
23977
23979
23983
23984
23985
23986
23988
26244
26245
26247
26248
26249
26253
26254
26256
26257
26258
26259
26260
26271
26272
26274
26275
26276
26280
26281
26283
26284
26285
26286
26287
26289
26290
26292
26293
26294
26325
26326
26328
26329
26330
26334
26335
26337
26338
26339
26340
26341
26352
26353
26355
26356
26357
26361
26362
26364
26365
26366
26367
26368
26370
26371
26373
26374
26375
26379
26380
26382
26383
26388
26389
26391
26392
26394
26395
26487
26488
26490
26491
26492
26496
26497
26499
26500
26501
26502
26503
26514
26515
26517
26518
26519
26523
26524
26526
26527
26528
26529
26530
26532
26533
26535
26536
26537
26568
26569
26571
26572
26573
26577
26578
26580
26581
26582
26583
26584
26595
26596
26598
26599
26600
26604
26605
26607
26608
26609
26610
26611
26613
26614
26616
26617
26618
26622
26623
26625
26626
26631
26632
26634
26635
26637
26638
26649
26650
26652
26653
26654
26658
26659
26661
26662
26663
26676
26677
26679
26680
26681
26685
26686
26688
26689
26690
26694
26695
26697
26698
26699
26973
26974
26976
26977
26978
26982
26983
26985
26986
26987
26988
26989
27000
27001
27003
27004
27005
27009
27010
27012
27013
27014
27015
27016
27018
27019
27021
27022
27023
27054
27055
27057
27058
27059
27063
27064
27066
27067
27068
27069
27070
27081
27082
27084
27085
27086
27090
27091
27093
27094
27095
27096
27097
27099
27100
27102
27103
27104
27108
27109
27111
27112
27117
27118
27120
27121
27123
27124
27216
27217
27219
27220
27221
27225
27226
27228
27229
27230
27231
27232
27243
27244
27246
27247
27248
27252
27253
27255
27256
27257
27258
27259
27261
27262
27264
27265
27266
27297
27298
27300
27301
27302
27306
27307
27309
27310
27311
27312
27313
27324
27325
27327
27328
27329
27333
27334
27336
27337
27338
27339
27340
27342
27343
27345
27346
27347
27351
27352
27354
27355
27360
27361
27363
27364
27366
27367
27378
27379
27381
27382
27383
27387
27388
27390
27391
27392
27405
27406
27408
27409
27410
27414
27415
27417
27418
27419
27423
27424
27426
27427
27428
27459
27460
27462
27463
27468
27469
27471
27472
27474
27475
27486
27487
27489
27490
27495
27496
27498
27499
27501
27502
27540
27541
27543
27544
27549
27550
27552
27553
27555
27556
27567
27568
27570
27571
27576
27577
27579
27580
27582
27583
27594
27595
27597
27598
27603
27604
27606
27607
27609
27610
28431
28432
28434
28435
28436
28440
28441
28443
28444
28445
28446
28447
28458
28459
28461
28462
28463
28467
28468
28470
28471
28472
28473
28474
28476
28477
28479
28480
28481
28512
28513
28515
28516
28517
28521
28522
28524
28525
28526
28527
28528
28539
28540
28542
28543
28544
28548
28549
28551
28552
28553
28554
28555
28557
28558
28560
28561
28562
28566
28567
28569
28570
28575
28576
28578
28579
28581
28582
28674
28675
28677
28678
28679
28683
28684
28686
28687
28688
28689
28690
28701
28702
28704
28705
28706
28710
28711
28713
28714
28715
28716
28717
28719
28720
28722
28723
28724
28755
28756
28758
28759
28760
28764
28765
28767
28768
28769
28770
28771
28782
28783
28785
28786
28787
28791
28792
28794
28795
28796
28797
28798
28800
28801
28803
28804
28805
28809
28810
28812
28813
28818
28819
28821
28822
28824
28825
28836
28837
28839
28840
28841
28845
28846
28848
28849
28850
28863
28864
28866
28867
28868
28872
28873
28875
28876
28877
28881
28882
28884
28885
28886
29160
29161
29163
29164
29165
29169
29170
29172
29173
29174
29175
29176
29187
29188
29190
29191
29192
29196
29197
29199
29200
29201
29202
29203
29205
29206
29208
29209
29210
29241
29242
29244
29245
29246
29250
29251
29253
29254
29255
29256
29257
29268
29269
29271
29272
29273
29277
29278
29280
29281
29282
29283
29284
29286
29287
29289
29290
29291
29295
29296
29298
29299
29304
29305
29307
29308
29310
29311
29403
29404
29406
29407
29408
29412
29413
29415
29416
29417
29418
29419
29430
29431
29433
29434
29435
29439
29440
29442
29443
29444
29445
29446
29448
29449
29451
29452
29453
29484
29485
29487
29488
29489
29493
29494
29496
29497
29498
29499
29500
29511
29512
29514
29515
29516
29520
29521
29523
29524
29525
29526
29527
29529
29530
29532
29533
29534
29538
29539
29541
29542
29547
29548
29550
29551
29553
29554
29565
29566
29568
29569
29570
29574
29575
29577
29578
29579
29592
29593
29595
29596
29597
29601
29602
29604
29605
29606
29610
29611
29613
29614
29615
29646
29647
29649
29650
29655
29656
29658
29659
29661
29662
29673
29674
29676
29677
29682
29683
29685
29686
29688
29689
29727
29728
29730
29731
29736
29737
29739
29740
29742
29743
29754
29755
29757
29758
29763
29764
29766
29767
29769
29770
29781
29782
29784
29785
29790
29791
29793
29794
29796
29797
29889
29890
29892
29893
29894
29898
29899
29901
29902
29903
29916
29917
29919
29920
29921
29925
29926
29928
29929
29930
29934
29935
29937
29938
29939
29970
29971
29973
29974
29975
29979
29980
29982
29983
29984
29997
29998
30000
30001
30002
30006
30007
30009
30010
30011
30015
30016
30018
30019
30020
30132
30133
30135
30136
30137
30141
30142
30144
30145
30146
30159
30160
30162
30163
30164
30168
30169
30171
30172
30173
30177
30178
30180
30181
30182
30213
30214
30216
30217
30218
30222
30223
30225
30226
30227
30240
30241
30243
30244
30245
30249
30250
30252
30253
30254
30258
30259
30261
30262
30263
30294
30295
30297
30298
30299
30303
30304
30306
30307
30308
30321
30322
30324
30325
30326
30330
30331
30333
30334
30335
30339
30340
30342
30343
30344
30618
30619
30621
30622
30627
30628
30630
30631
30633
30634
30645
30646
30648
30649
30654
30655
30657
30658
30660
30661
30699
30700
30702
30703
30708
30709
30711
30712
30714
30715
30726
30727
30729
30730
30735
30736
30738
30739
30741
30742
30753
30754
30756
30757
30762
30763
30765
30766
30768
30769
30861
30862
30864
30865
30870
30871
30873
30874
30876
30877
30888
30889
30891
30892
30897
30898
30900
30901
30903
30904
30942
30943
30945
30946
30951
30952
30954
30955
30957
30958
30969
30970
30972
30973
30978
30979
30981
30982
30984
30985
30996
30997
30999
31000
31005
31006
31008
31009
31011
31012
31347
31348
31350
31351
31356
31357
31359
31360
31362
31363
31374
31375
31377
31378
31383
31384
31386
31387
31389
31390
31428
31429
31431
31432
31437
31438
31440
31441
31443
31444
31455
31456
31458
31459
31464
31465
31467
31468
31470
31471
31482
31483
31485
31486
31491
31492
31494
31495
31497
31498
31590
31591
31593
31594
31599
31600
31602
31603
31605
31606
31617
31618
31620
31621
31626
31627
31629
31630
31632
31633
31671
31672
31674
31675
31680
31681
31683
31684
31686
31687
31698
31699
31701
31702
31707
31708
31710
31711
31713
31714
31725
31726
31728
31729
31734
31735
31737
31738
31740
31741
31833
31834
31836
31837
31842
31843
31845
31846
31848
31849
31860
31861
31863
31864
31869
31870
31872
31873
31875
31876
31914
31915
31917
31918
31923
31924
31926
31927
31929
31930
31941
31942
31944
31945
31950
31951
31953
31954
31956
31957
31968
31969
31971
31972
31977
31978
31980
31981
31983
31984
32805
32806
32808
32809
32810
32814
32815
32817
32818
32819
32832
32833
32835
32836
32837
32841
32842
32844
32845
32846
32850
32851
32853
32854
32855
32886
32887
32889
32890
32891
32895
32896
32898
32899
32900
32913
32914
32916
32917
32918
32922
32923
32925
32926
32927
32931
32932
32934
32935
32936
33048
33049
33051
33052
33053
33057
33058
33060
33061
33062
33075
33076
33078
33079
33080
33084
33085
33087
33088
33089
33093
33094
33096
33097
33098
33129
33130
33132
33133
33134
33138
33139
33141
33142
33143
33156
33157
33159
33160
33161
33165
33166
33168
33169
33170
33174
33175
33177
33178
33179
33210
33211
33213
33214
33215
33219
33220
33222
33223
33224
33237
33238
33240
33241
33242
33246
33247
33249
33250
33251
33255
33256
33258
33259
33260
33534
33535
33537
33538
33539
33543
33544
33546
33547
33548
33561
33562
33564
33565
33566
33570
33571
33573
33574
33575
33579
33580
33582
33583
33584
33615
33616
33618
33619
33620
33624
33625
33627
33628
33629
33642
33643
33645
33646
33647
33651
33652
33654
33655
33656
33660
33661
33663
33664
33665
33777
33778
33780
33781
33782
33786
33787
33789
33790
33791
33804
33805
33807
33808
33809
33813
33814
33816
33817
33818
33822
33823
33825
33826
33827
33858
33859
33861
33862
33863
33867
33868
33870
33871
33872
33885
33886
33888
33889
33890
33894
33895
33897
33898
33899
33903
33904
33906
33907
33908
33939
33940
33942
33943
33944
33948
33949
33951
33952
33953
33966
33967
33969
33970
33971
33975
33976
33978
33979
33980
33984
33985
33987
33988
33989
34992
34993
34995
34996
34997
35001
35002
35004
35005
35006
35019
35020
35022
35023
35024
35028
35029
35031
35032
35033
35037
35038
35040
35041
35042
35073
35074
35076
35077
35078
35082
35083
35085
35086
35087
35100
35101
35103
35104
35105
35109
35110
35112
35113
35114
35118
35119
35121
35122
35123
35235
35236
35238
35239
35240
35244
35245
35247
35248
35249
35262
35263
35265
35266
35267
35271
35272
35274
35275
35276
35280
35281
35283
35284
35285
35316
35317
35319
35320
35321
35325
35326
35328
35329
35330
35343
35344
35346
35347
35348
35352
35353
35355
35356
35357
35361
35362
35364
35365
35366
35397
35398
35400
35401
35402
35406
35407
35409
35410
35411
35424
35425
35427
35428
35429
35433
35434
35436
35437
35438
35442
35443
35445
35446
35447
35721
35722
35724
35725
35726
35730
35731
35733
35734
35735
35748
35749
35751
35752
35753
35757
35758
35760
35761
35762
35766
35767
35769
35770
35771
35802
35803
35805
35806
35807
35811
35812
35814
35815
35816
35829
35830
35832
35833
35834
35838
35839
35841
35842
35843
35847
35848
35850
35851
35852
35964
35965
35967
35968
35969
35973
35974
35976
35977
35978
35991
35992
35994
35995
35996
36000
36001
36003
36004
36005
36009
36010
36012
36013
36014
36045
36046
36048
36049
36050
36054
36055
36057
36058
36059
36072
36073
36075
36076
36077
36081
36082
36084
36085
36086
36090
36091
36093
36094
36095
36126
36127
36129
36130
36131
36135
36136
36138
36139
36140
36153
36154
36156
36157
36158
36162
36163
36165
36166
36167
36171
36172
36174
36175
36176
36450
36451
36453
36454
36455
36459
36460
36462
36463
36464
36477
36478
36480
36481
36482
36486
36487
36489
36490
36491
36495
36496
36498
36499
36500
36531
36532
36534
36535
36536
36540
36541
36543
36544
36545
36558
36559
36561
36562
36563
36567
36568
36570
36571
36572
36576
36577
36579
36580
36581
36693
36694
36696
36697
36698
36702
36703
36705
36706
36707
36720
36721
36723
36724
36725
36729
36730
36732
36733
36734
36738
36739
36741
36742
36743
36774
36775
36777
36778
36779
36783
36784
36786
36787
36788
36801
36802
36804
36805
36806
36810
36811
36813
36814
36815
36819
36820
36822
36823
36824
36855
36856
36858
36859
36860
36864
36865
36867
36868
36869
36882
36883
36885
36886
36887
36891
36892
36894
36895
36896
36900
36901
36903
36904
36905
59049
59050
59052
59053
59054
59058
59059
59061
59062
59063
59076
59077
59079
59080
59081
59085
59086
59088
59089
59090
59094
59095
59097
59098
59099
59130
59131
59133
59134
59135
59139
59140
59142
59143
59144
59157
59158
59160
59161
59162
59166
59167
59169
59170
59171
59175
59176
59178
59179
59180
59292
59293
59295
59296
59297
59301
59302
59304
59305
59306
59319
59320
59322
59323
59324
59328
59329
59331
59332
59333
59337
59338
59340
59341
59342
59373
59374
59376
59377
59378
59382
59383
59385
59386
59387
59400
59401
59403
59404
59405
59409
59410
59412
59413
59414
59418
59419
59421
59422
59423
59454
59455
59457
59458
59459
59463
59464
59466
59467
59468
59481
59482
59484
59485
59486
59490
59491
59493
59494
59495
59499
59500
59502
59503
59504
59778
59779
59781
59782
59783
59787
59788
59790
59791
59792
59805
59806
59808
59809
59810
59814
59815
59817
59818
59819
59823
59824
59826
59827
59828
59859
59860
59862
59863
59864
59868
59869
59871
59872
59873
59886
59887
59889
59890
59891
59895
59896
59898
59899
59900
59904
59905
59907
59908
59909
60021
60022
60024
60025
60026
60030
60031
60033
60034
60035
60048
60049
60051
60052
60053
60057
60058
60060
60061
60062
60066
60067
60069
60070
60071
60102
60103
60105
60106
60107
60111
60112
60114
60115
60116
60129
60130
60132
60133
60134
60138
60139
60141
60142
60143
60147
60148
60150
60151
60152
60183
60184
60186
60187
60188
60192
60193
60195
60196
60197
60210
60211
60213
60214
60215
60219
60220
60222
60223
60224
60228
60229
60231
60232
60233
61236
61237
61239
61240
61241
61245
61246
61248
61249
61250
61263
61264
61266
61267
61268
61272
61273
61275
61276
61277
61281
61282
61284
61285
61286
61317
61318
61320
61321
61322
61326
61327
61329
61330
61331
61344
61345
61347
61348
61349
61353
61354
61356
61357
61358
61362
61363
61365
61366
61367
61479
61480
61482
61483
61484
61488
61489
61491
61492
61493
61506
61507
61509
61510
61511
61515
61516
61518
61519
61520
61524
61525
61527
61528
61529
61560
61561
61563
61564
61565
61569
61570
61572
61573
61574
61587
61588
61590
61591
61592
61596
61597
61599
61600
61601
61605
61606
61608
61609
61610
61641
61642
61644
61645
61646
61650
61651
61653
61654
61655
61668
61669
61671
61672
61673
61677
61678
61680
61681
61682
61686
61687
61689
61690
61691
61965
61966
61968
61969
61970
61974
61975
61977
61978
61979
61992
61993
61995
61996
61997
62001
62002
62004
62005
62006
62010
62011
62013
62014
62015
62046
62047
62049
62050
62051
62055
62056
62058
62059
62060
62073
62074
62076
62077
62078
62082
62083
62085
62086
62087
62091
62092
62094
62095
62096
62208
62209
62211
62212
62213
62217
62218
62220
62221
62222
62235
62236
62238
62239
62240
62244
62245
62247
62248
62249
62253
62254
62256
62257
62258
62289
62290
62292
62293
62294
62298
62299
62301
62302
62303
62316
62317
62319
62320
62321
62325
62326
62328
62329
62330
62334
62335
62337
62338
62339
62370
62371
62373
62374
62375
62379
62380
62382
62383
62384
62397
62398
62400
62401
62402
62406
62407
62409
62410
62411
62415
62416
62418
62419
62420
62694
62695
62697
62698
62699
62703
62704
62706
62707
62708
62721
62722
62724
62725
62726
62730
62731
62733
62734
62735
62739
62740
62742
62743
62744
62775
62776
62778
62779
62780
62784
62785
62787
62788
62789
62802
62803
62805
62806
62807
62811
62812
62814
62815
62816
62820
62821
62823
62824
62825
62937
62938
62940
62941
62942
62946
62947
62949
62950
62951
62964
62965
62967
62968
62969
62973
62974
62976
62977
62978
62982
62983
62985
62986
62987
63018
63019
63021
63022
63023
63027
63028
63030
63031
63032
63045
63046
63048
63049
63050
63054
63055
63057
63058
63059
63063
63064
63066
63067
63068
63099
63100
63102
63103
63104
63108
63109
63111
63112
63113
63126
63127
63129
63130
63131
63135
63136
63138
63139
63140
63144
63145
63147
63148
63149
65610
65611
65613
65614
65615
65619
65620
65622
65623
65624
65637
65638
65640
65641
65642
65646
65647
65649
65650
65651
65655
65656
65658
65659
65660
65691
65692
65694
65695
65696
65700
65701
65703
65704
65705
65718
65719
65721
65722
65723
65727
65728
65730
65731
65732
65736
65737
65739
65740
65741
65853
65854
65856
65857
65858
65862
65863
65865
65866
65867
65880
65881
65883
65884
65885
65889
65890
65892
65893
65894
65898
65899
65901
65902
65903
65934
65935
65937
65938
65939
65943
65944
65946
65947
65948
65961
65962
65964
65965
65966
65970
65971
65973
65974
65975
65979
65980
65982
65983
65984
66015
66016
66018
66019
66020
66024
66025
66027
66028
66029
66042
66043
66045
66046
66047
66051
66052
66054
66055
66056
66060
66061
66063
66064
66065
66339
66340
66342
66343
66344
66348
66349
66351
66352
66353
66366
66367
66369
66370
66371
66375
66376
66378
66379
66380
66384
66385
66387
66388
66389
66420
66421
66423
66424
66425
66429
66430
66432
66433
66434
66447
66448
66450
66451
66452
66456
66457
66459
66460
66461
66465
66466
66468
66469
66470
66582
66583
66585
66586
66587
66591
66592
66594
66595
66596
66609
66610
66612
66613
66614
66618
66619
66621
66622
66623
66627
66628
66630
66631
66632
66663
66664
66666
66667
66668
66672
66673
66675
66676
66677
66690
66691
66693
66694
66695
66699
66700
66702
66703
66704
66708
66709
66711
66712
66713
66744
66745
66747
66748
66749
66753
66754
66756
66757
66758
66771
66772
66774
66775
66776
66780
66781
66783
66784
66785
66789
66790
66792
66793
66794
67797
67798
67800
67801
67802
67806
67807
67809
67810
67811
67824
67825
67827
67828
67829
67833
67834
67836
67837
67838
67842
67843
67845
67846
67847
67878
67879
67881
67882
67883
67887
67888
67890
67891
67892
67905
67906
67908
67909
67910
67914
67915
67917
67918
67919
67923
67924
67926
67927
67928
68040
68041
68043
68044
68045
68049
68050
68052
68053
68054
68067
68068
68070
68071
68072
68076
68077
68079
68080
68081
68085
68086
68088
68089
68090
68121
68122
68124
68125
68126
68130
68131
68133
68134
68135
68148
68149
68151
68152
68153
68157
68158
68160
68161
68162
68166
68167
68169
68170
68171
68202
68203
68205
68206
68207
68211
68212
68214
68215
68216
68229
68230
68232
68233
68234
68238
68239
68241
68242
68243
68247
68248
68250
68251
68252
68526
68527
68529
68530
68531
68535
68536
68538
68539
68540
68553
68554
68556
68557
68558
68562
68563
68565
68566
68567
68571
68572
68574
68575
68576
68607
68608
68610
68611
68612
68616
68617
68619
68620
68621
68634
68635
68637
68638
68639
68643
68644
68646
68647
68648
68652
68653
68655
68656
68657
68769
68770
68772
68773
68774
68778
68779
68781
68782
68783
68796
68797
68799
68800
68801
68805
68806
68808
68809
68810
68814
68815
68817
68818
68819
68850
68851
68853
68854
68855
68859
68860
68862
68863
68864
68877
68878
68880
68881
68882
68886
68887
68889
68890
68891
68895
68896
68898
68899
68900
68931
68932
68934
68935
68936
68940
68941
68943
68944
68945
68958
68959
68961
68962
68963
68967
68968
68970
68971
68972
68976
68977
68979
68980
68981
69255
69256
69258
69259
69260
69264
69265
69267
69268
69269
69282
69283
69285
69286
69287
69291
69292
69294
69295
69296
69300
69301
69303
69304
69305
69336
69337
69339
69340
69341
69345
69346
69348
69349
69350
69363
69364
69366
69367
69368
69372
69373
69375
69376
69377
69381
69382
69384
69385
69386
69498
69499
69501
69502
69503
69507
69508
69510
69511
69512
69525
69526
69528
69529
69530
69534
69535
69537
69538
69539
69543
69544
69546
69547
69548
69579
69580
69582
69583
69584
69588
69589
69591
69592
69593
69606
69607
69609
69610
69611
69615
69616
69618
69619
69620
69624
69625
69627
69628
69629
69660
69661
69663
69664
69665
69669
69670
69672
69673
69674
69687
69688
69690
69691
69692
69696
69697
69699
69700
69701
69705
69706
69708
69709
69710
78732
78733
78735
78736
78737
78741
78742
78744
78745
78746
78759
78760
78762
78763
78764
78768
78769
78771
78772
78773
78777
78778
78780
78781
78782
78813
78814
78816
78817
78818
78822
78823
78825
78826
78827
78840
78841
78843
78844
78845
78849
78850
78852
78853
78854
78858
78859
78861
78862
78863
78975
78976
78978
78979
78980
78984
78985
78987
78988
78989
79002
79003
79005
79006
79007
79011
79012
79014
79015
79016
79020
79021
79023
79024
79025
79056
79057
79059
79060
79061
79065
79066
79068
79069
79070
79083
79084
79086
79087
79088
79092
79093
79095
79096
79097
79101
79102
79104
79105
79106
79137
79138
79140
79141
79142
79146
79147
79149
79150
79151
79164
79165
79167
79168
79169
79173
79174
79176
79177
79178
79182
79183
79185
79186
79187
79461
79462
79464
79465
79466
79470
79471
79473
79474
79475
79488
79489
79491
79492
79493
79497
79498
79500
79501
79502
79506
79507
79509
79510
79511
79542
79543
79545
79546
79547
79551
79552
79554
79555
79556
79569
79570
79572
79573
79574
79578
79579
79581
79582
79583
79587
79588
79590
79591
79592
79704
79705
79707
79708
79709
79713
79714
79716
79717
79718
79731
79732
79734
79735
79736
79740
79741
79743
79744
79745
79749
79750
79752
79753
79754
79785
79786
79788
79789
79790
79794
79795
79797
79798
79799
79812
79813
79815
79816
79817
79821
79822
79824
79825
79826
79830
79831
79833
79834
79835
79866
79867
79869
79870
79871
79875
79876
79878
79879
79880
79893
79894
79896
79897
79898
79902
79903
79905
79906
79907
79911
79912
79914
79915
79916
80919
80920
80922
80923
80924
80928
80929
80931
80932
80933
80946
80947
80949
80950
80951
80955
80956
80958
80959
80960
80964
80965
80967
80968
80969
81000
81001
81003
81004
81005
81009
81010
81012
81013
81014
81027
81028
81030
81031
81032
81036
81037
81039
81040
81041
81045
81046
81048
81049
81050
81162
81163
81165
81166
81167
81171
81172
81174
81175
81176
81189
81190
81192
81193
81194
81198
81199
81201
81202
81203
81207
81208
81210
81211
81212
81243
81244
81246
81247
81248
81252
81253
81255
81256
81257
81270
81271
81273
81274
81275
81279
81280
81282
81283
81284
81288
81289
81291
81292
81293
81324
81325
81327
81328
81329
81333
81334
81336
81337
81338
81351
81352
81354
81355
81356
81360
81361
81363
81364
81365
81369
81370
81372
81373
81374
81648
81649
81651
81652
81653
81657
81658
81660
81661
81662
81675
81676
81678
81679
81680
81684
81685
81687
81688
81689
81693
81694
81696
81697
81698
81729
81730
81732
81733
81734
81738
81739
81741
81742
81743
81756
81757
81759
81760
81761
81765
81766
81768
81769
81770
81774
81775
81777
81778
81779
81891
81892
81894
81895
81896
81900
81901
81903
81904
81905
81918
81919
81921
81922
81923
81927
81928
81930
81931
81932
81936
81937
81939
81940
81941
81972
81973
81975
81976
81977
81981
81982
81984
81985
81986
81999
82000
82002
82003
82004
82008
82009
82011
82012
82013
82017
82018
82020
82021
82022
82053
82054
82056
82057
82058
82062
82063
82065
82066
82067
82080
82081
82083
82084
82085
82089
82090
82092
82093
82094
82098
82099
82101
82102
82103
82377
82378
82380
82381
82382
82386
82387
82389
82390
82391
82404
82405
82407
82408
82409
82413
82414
82416
82417
82418
82422
82423
82425
82426
82427
82458
82459
82461
82462
82463
82467
82468
82470
82471
82472
82485
82486
82488
82489
82490
82494
82495
82497
82498
82499
82503
82504
82506
82507
82508
82620
82621
82623
82624
82625
82629
82630
82632
82633
82634
82647
82648
82650
82651
82652
82656
82657
82659
82660
82661
82665
82666
82668
82669
82670
82701
82702
82704
82705
82706
82710
82711
82713
82714
82715
82728
82729
82731
82732
82733
82737
82738
82740
82741
82742
82746
82747
82749
82750
82751
82782
82783
82785
82786
82787
82791
82792
82794
82795
82796
82809
82810
82812
82813
82814
82818
82819
82821
82822
82823
82827
82828
82830
82831
82832
85293
85294
85296
85297
85298
85302
85303
85305
85306
85307
85320
85321
85323
85324
85325
85329
85330
85332
85333
85334
85338
85339
85341
85342
85343
85374
85375
85377
85378
85379
85383
85384
85386
85387
85388
85401
85402
85404
85405
85406
85410
85411
85413
85414
85415
85419
85420
85422
85423
85424
85536
85537
85539
85540
85541
85545
85546
85548
85549
85550
85563
85564
85566
85567
85568
85572
85573
85575
85576
85577
85581
85582
85584
85585
85586
85617
85618
85620
85621
85622
85626
85627
85629
85630
85631
85644
85645
85647
85648
85649
85653
85654
85656
85657
85658
85662
85663
85665
85666
85667
85698
85699
85701
85702
85703
85707
85708
85710
85711
85712
85725
85726
85728
85729
85730
85734
85735
85737
85738
85739
85743
85744
85746
85747
85748
86022
86023
86025
86026
86027
86031
86032
86034
86035
86036
86049
86050
86052
86053
86054
86058
86059
86061
86062
86063
86067
86068
86070
86071
86072
86103
86104
86106
86107
86108
86112
86113
86115
86116
86117
86130
86131
86133
86134
86135
86139
86140
86142
86143
86144
86148
86149
86151
86152
86153
86265
86266
86268
86269
86270
86274
86275
86277
86278
86279
86292
86293
86295
86296
86297
86301
86302
86304
86305
86306
86310
86311
86313
86314
86315
86346
86347
86349
86350
86351
86355
86356
86358
86359
86360
86373
86374
86376
86377
86378
86382
86383
86385
86386
86387
86391
86392
86394
86395
86396
86427
86428
86430
86431
86432
86436
86437
86439
86440
86441
86454
86455
86457
86458
86459
86463
86464
86466
86467
86468
86472
86473
86475
86476
86477
87480
87481
87483
87484
87485
87489
87490
87492
87493
87494
87507
87508
87510
87511
87512
87516
87517
87519
87520
87521
87525
87526
87528
87529
87530
87561
87562
87564
87565
87566
87570
87571
87573
87574
87575
87588
87589
87591
87592
87593
87597
87598
87600
87601
87602
87606
87607
87609
87610
87611
87723
87724
87726
87727
87728
87732
87733
87735
87736
87737
87750
87751
87753
87754
87755
87759
87760
87762
87763
87764
87768
87769
87771
87772
87773
87804
87805
87807
87808
87809
87813
87814
87816
87817
87818
87831
87832
87834
87835
87836
87840
87841
87843
87844
87845
87849
87850
87852
87853
87854
87885
87886
87888
87889
87890
87894
87895
87897
87898
87899
87912
87913
87915
87916
87917
87921
87922
87924
87925
87926
87930
87931
87933
87934
87935
88209
88210
88212
88213
88214
88218
88219
88221
88222
88223
88236
88237
88239
88240
88241
88245
88246
88248
88249
88250
88254
88255
88257
88258
88259
88290
88291
88293
88294
88295
88299
88300
88302
88303
88304
88317
88318
88320
88321
88322
88326
88327
88329
88330
88331
88335
88336
88338
88339
88340
88452
88453
88455
88456
88457
88461
88462
88464
88465
88466
88479
88480
88482
88483
88484
88488
88489
88491
88492
88493
88497
88498
88500
88501
88502
88533
88534
88536
88537
88538
88542
88543
88545
88546
88547
88560
88561
88563
88564
88565
88569
88570
88572
88573
88574
88578
88579
88581
88582
88583
88614
88615
88617
88618
88619
88623
88624
88626
88627
88628
88641
88642
88644
88645
88646
88650
88651
88653
88654
88655
88659
88660
88662
88663
88664
88938
88939
88941
88942
88943
88947
88948
88950
88951
88952
88965
88966
88968
88969
88970
88974
88975
88977
88978
88979
88983
88984
88986
88987
88988
89019
89020
89022
89023
89024
89028
89029
89031
89032
89033
89046
89047
89049
89050
89051
89055
89056
89058
89059
89060
89064
89065
89067
89068
89069
89181
89182
89184
89185
89186
89190
89191
89193
89194
89195
89208
89209
89211
89212
89213
89217
89218
89220
89221
89222
89226
89227
89229
89230
89231
89262
89263
89265
89266
89267
89271
89272
89274
89275
89276
89289
89290
89292
89293
89294
89298
89299
89301
89302
89303
89307
89308
89310
89311
89312
89343
89344
89346
89347
89348
89352
89353
89355
89356
89357
89370
89371
89373
89374
89375
89379
89380
89382
89383
89384
89388
89389
89391
89392
89393
91854
91855
91857
91858
91859
91863
91864
91866
91867
91868
91881
91882
91884
91885
91886
91890
91891
91893
91894
91895
91899
91900
91902
91903
91904
91935
91936
91938
91939
91940
91944
91945
91947
91948
91949
91962
91963
91965
91966
91967
91971
91972
91974
91975
91976
91980
91981
91983
91984
91985
92097
92098
92100
92101
92102
92106
92107
92109
92110
92111
92124
92125
92127
92128
92129
92133
92134
92136
92137
92138
92142
92143
92145
92146
92147
92178
92179
92181
92182
92183
92187
92188
92190
92191
92192
92205
92206
92208
92209
92210
92214
92215
92217
92218
92219
92223
92224
92226
92227
92228
92259
92260
92262
92263
92264
92268
92269
92271
92272
92273
92286
92287
92289
92290
92291
92295
92296
92298
92299
92300
92304
92305
92307
92308
92309
92583
92584
92586
92587
92588
92592
92593
92595
92596
92597
92610
92611
92613
92614
92615
92619
92620
92622
92623
92624
92628
92629
92631
92632
92633
92664
92665
92667
92668
92669
92673
92674
92676
92677
92678
92691
92692
92694
92695
92696
92700
92701
92703
92704
92705
92709
92710
92712
92713
92714
92826
92827
92829
92830
92831
92835
92836
92838
92839
92840
92853
92854
92856
92857
92858
92862
92863
92865
92866
92867
92871
92872
92874
92875
92876
92907
92908
92910
92911
92912
92916
92917
92919
92920
92921
92934
92935
92937
92938
92939
92943
92944
92946
92947
92948
92952
92953
92955
92956
92957
92988
92989
92991
92992
92993
92997
92998
93000
93001
93002
93015
93016
93018
93019
93020
93024
93025
93027
93028
93029
93033
93034
93036
93037
93038
94041
94042
94044
94045
94046
94050
94051
94053
94054
94055
94068
94069
94071
94072
94073
94077
94078
94080
94081
94082
94086
94087
94089
94090
94091
94122
94123
94125
94126
94127
94131
94132
94134
94135
94136
94149
94150
94152
94153
94154
94158
94159
94161
94162
94163
94167
94168
94170
94171
94172
94284
94285
94287
94288
94289
94293
94294
94296
94297
94298
94311
94312
94314
94315
94316
94320
94321
94323
94324
94325
94329
94330
94332
94333
94334
94365
94366
94368
94369
94370
94374
94375
94377
94378
94379
94392
94393
94395
94396
94397
94401
94402
94404
94405
94406
94410
94411
94413
94414
94415
94446
94447
94449
94450
94451
94455
94456
94458
94459
94460
94473
94474
94476
94477
94478
94482
94483
94485
94486
94487
94491
94492
94494
94495
94496
94770
94771
94773
94774
94775
94779
94780
94782
94783
94784
94797
94798
94800
94801
94802
94806
94807
94809
94810
94811
94815
94816
94818
94819
94820
94851
94852
94854
94855
94856
94860
94861
94863
94864
94865
94878
94879
94881
94882
94883
94887
94888
94890
94891
94892
94896
94897
94899
94900
94901
95013
95014
95016
95017
95018
95022
95023
95025
95026
95027
95040
95041
95043
95044
95045
95049
95050
95052
95053
95054
95058
95059
95061
95062
95063
95094
95095
95097
95098
95099
95103
95104
95106
95107
95108
95121
95122
95124
95125
95126
95130
95131
95133
95134
95135
95139
95140
95142
95143
95144
95175
95176
95178
95179
95180
95184
95185
95187
95188
95189
95202
95203
95205
95206
95207
95211
95212
95214
95215
95216
95220
95221
95223
95224
95225
95499
95500
95502
95503
95504
95508
95509
95511
95512
95513
95526
95527
95529
95530
95531
95535
95536
95538
95539
95540
95544
95545
95547
95548
95549
95580
95581
95583
95584
95585
95589
95590
95592
95593
95594
95607
95608
95610
95611
95612
95616
95617
95619
95620
95621
95625
95626
95628
95629
95630
95742
95743
95745
95746
95747
95751
95752
95754
95755
95756
95769
95770
95772
95773
95774
95778
95779
95781
95782
95783
95787
95788
95790
95791
95792
95823
95824
95826
95827
95828
95832
95833
95835
95836
95837
95850
95851
95853
95854
95855
95859
95860
95862
95863
95864
95868
95869
95871
95872
95873
95904
95905
95907
95908
95909
95913
95914
95916
95917
95918
95931
95932
95934
95935
95936
95940
95941
95943
95944
95945
95949
95950
95952
95953
95954
