2
5
6
7
8
9
10
11
12
13
14
15
16
17
18
19
20
37
38
39
41
42
43
44
45
46
47
48
49
50
51
52
53
54
55
56
57
58
59
60
61
62
63
64
65
66
67
68
69
70
71
72
73
74
75
76
77
78
79
80
81
82
83
84
85
86
87
88
89
90
91
92
93
94
95
96
97
98
99
100
101
102
103
104
105
106
107
108
109
110
111
112
113
114
115
116
117
118
119
120
121
122
123
124
125
126
127
128
129
130
131
132
133
134
135
136
137
138
139
140
141
142
143
144
145
146
147
148
149
150
151
152
153
154
155
156
157
158
159
160
161
162
163
164
167
168
169
170
171
172
173
174
175
177
179
180
181
182
329
333
334
335
336
337
338
339
340
346
347
349
350
365
369
370
371
372
373
374
375
376
378
379
381
382
383
384
385
386
387
388
389
390
391
392
393
394
395
396
397
398
399
400
401
402
403
404
405
406
407
408
409
410
411
412
413
414
415
416
417
418
419
420
421
422
423
424
425
426
427
428
429
430
431
432
433
434
435
436
437
438
439
440
441
442
443
444
445
446
447
448
449
450
451
452
453
454
455
456
457
458
459
460
461
462
463
464
465
466
467
468
469
470
471
472
473
474
475
476
477
478
479
480
481
482
483
484
485
486
487
488
489
490
491
492
493
494
495
496
497
498
499
500
501
502
504
505
506
507
508
509
510
511
512
513
514
515
516
517
518
519
520
521
522
523
524
525
526
527
528
529
530
531
532
533
534
535
536
537
538
539
540
541
542
543
544
545
546
547
548
549
550
551
552
553
554
555
556
557
558
559
560
561
562
563
564
565
566
567
568
569
570
571
572
573
574
575
576
577
578
579
580
581
582
583
584
585
586
587
588
589
590
591
592
593
594
595
596
597
598
599
600
601
602
603
604
605
606
607
608
609
610
611
612
613
614
615
616
617
618
619
620
621
622
623
624
625
626
627
628
629
630
631
632
633
634
635
636
637
638
639
640
641
642
643
644
645
646
647
648
649
650
651
652
653
654
655
656
657
658
659
660
661
662
663
664
665
666
667
668
669
670
671
672
673
674
675
676
677
678
679
680
681
682
683
684
685
686
687
688
689
690
691
692
693
694
695
696
697
698
699
700
702
703
704
705
706
707
708
709
710
711
712
713
714
715
716
717
718
719
720
721
722
723
724
725
726
727
728
729
730
731
734
735
736
737
738
739
740
741
742
743
744
745
746
747
748
749
750
751
752
753
754
755
756
757
758
759
760
761
762
763
764
765
766
767
768
769
770
771
772
773
774
775
776
777
778
779
780
781
782
783
784
785
786
787
788
789
790
792
793
794
795
796
797
798
799
800
801
802
803
804
805
806
807
808
809
810
811
812
813
814
815
816
817
818
819
820
821
822
823
824
825
826
827
828
829
830
831
832
833
834
835
836
837
838
839
840
841
842
843
844
845
846
847
848
849
850
851
852
853
854
855
856
857
858
859
860
861
862
863
864
865
866
867
868
869
870
871
872
873
874
875
876
877
878
879
880
881
882
883
884
885
886
887
888
889
890
891
892
893
894
895
896
897
898
899
900
901
902
903
904
905
906
907
908
909
910
911
912
913
914
915
916
917
918
919
920
921
922
923
924
925
926
927
928
929
930
931
932
933
934
935
936
937
938
939
940
941
942
943
944
945
946
947
948
949
950
951
952
953
954
955
956
957
958
959
960
961
962
963
964
965
966
967
968
969
970
971
972
973
974
975
976
977
978
979
980
981
982
984
985
986
987
988
989
990
991
992
993
994
995
996
997
998
999
1000
1001
1002
1003
1004
1005
1006
1007
1008
1009
1010
1011
1012
1013
1014
1015
1016
1017
1018
1019
1020
1021
1022
1023
1024
1025
1026
1027
1028
1029
1030
1031
1032
1033
1034
1035
1036
1038
1039
1040
1041
1042
1043
1044
1045
1046
1047
1048
1049
1050
1051
1052
1053
1054
1055
1056
1057
1058
1059
1060
1061
1062
1063
1064
1065
1066
1067
1068
1069
1070
1071
1072
1073
1074
1075
1076
1077
1078
1079
1080
1081
1082
1083
1084
1085
1086
1087
1088
1089
1090
1091
1092
1093
1094
1095
1096
1097
1098
1099
1100
1101
1102
1103
1104
1105
1106
1107
1108
1109
1110
1111
1112
1113
1114
1115
1116
1117
1118
1119
1120
1121
1122
1123
1124
1125
1126
1127
1128
1129
1130
1131
1132
1133
1134
1135
1136
1137
1138
1139
1140
1142
1143
1144
1145
1146
1147
1148
1149
1150
1151
1152
1153
1154
1156
1157
1158
1159
1160
1161
1162
1164
1166
1167
1168
1170
1171
1172
1173
1174
1175
1176
1177
1178
1179
1180
1181
1182
1183
1184
1185
1186
1187
1188
1189
1190
1191
1192
1193
1194
1195
1196
1197
1198
1199
1201
1202
1203
1205
1206
1207
1208
1209
1210
1211
1212
1213
1214
1215
1216
1217
1218
1220
1222
1223
1224
1225
1226
1227
1228
1230
1231
1232
1233
1234
1235
1236
1237
1238
1239
1240
1241
1242
1243
1245
1246
1247
1248
1249
1250
1251
1252
1253
1254
1255
1256
1257
1258
1259
1260
1261
1263
1265
1266
1267
1268
1269
1270
1271
1272
1273
1274
1275
1276
1277
1278
1279
1281
1284
1286
1287
1288
1289
1290
1291
1292
1293
1294
1295
1296
1297
1298
1301
1303
1304
1305
1306
1307
1308
1309
1310
1312
1314
1315
1316
1318
1319
1320
1321
1322
1323
1324
1325
1327
1330
1332
1333
1334
1336
1337
1338
1339
1341
1342
1347
1348
1350
1351
1352
1353
1354
1356
1358
1363
1364
1365
1367
1368
1369
1370
1371
1372
1373
1374
1376
1377
1378
1379
1380
1381
1382
1384
1385
1386
1387
1388
1390
1392
1394
1395
1396
1397
1398
1399
1400
1401
1402
1403
1404
1405
1408
1410
1412
1413
1414
1415
1416
1417
1418
1419
1420
1421
1422
1423
1428
1430
1431
1432
1433
1434
1435
1436
1437
1438
1439
1440
1441
1448
1449
1450
1451
1453
1455
1457
1458
1459
1460
1467
1468
1469
1471
1473
1475
1476
1477
1478
1539
1540
1541
1548
1549
1550
1552
1554
1556
1557
1558
1559
1561
1570
1572
1574
1575
1576
1577
1579
1581
1590
1592
1593
1594
1595
1597
1599
1601
1610
1611
1612
1613
1615
1617
1619
1620
1621
1622
1629
1630
1631
1633
1635
1637
1638
1639
1640
3281
3285
3286
3287
3288
3289
3290
3321
3322
3326
3330
3331
3332
3339
3340
3341
3342
3348
3349
3350
3351
3352
3357
3358
3359
3360
3361
3362
3366
3367
3368
3369
3370
3371
3645
3646
3650
3654
3655
3686
3690
3691
3692
3693
3694
3695
3701
3702
3703
3704
3711
3712
3713
3721
3722
3726
3727
3731
3735
3736
3737
3744
3745
3746
3750
3755
3758
3759
3760
3782
3783
3784
3785
3792
3793
3794
3796
3802
3803
3804
3805
3807
3808
3812
3813
3814
3816
3817
3818
3825
3826
3827
3828
3830
3831
3834
3835
3836
3837
3839
3840
3841
3848
3849
3850
3852
3853
3873
3874
3875
3883
3884
3888
3889
3893
3897
3898
3899
3906
3907
3908
3909
3915
3916
3917
3918
3919
3924
3925
3926
3927
3928
3964
3965
3969
3970
3974
3978
3979
3980
3987
3988
3989
3990
3996
3997
3998
3999
4000
4005
4006
4007
4008
4009
4010
4014
4015
4016
4017
4018
4019
4050
4051
4055
4059
4060
4061
4068
4069
4070
4071
4077
4078
4079
4080
4081
4086
4087
4088
4089
4090
4091
4095
4096
4097
4098
4099
4100
4106
4107
4108
4109
4142
4149
4150
4151
4152
4158
4159
4160
4161
4162
4167
4168
4169
4170
4171
4172
4173
4174
4176
4177
4178
4179
4180
4181
4187
4188
4189
4190
4212
4213
4218
4219
4221
4222
4223
4230
4231
4232
4235
4236
4241
4244
4245
4246
4253
4254
4255
4257
4258
4259
4264
4266
4267
4268
4271
4275
4276
4277
4280
4281
4317
4322
4325
4326
4327
4334
4335
4336
4338
4339
4340
4345
4347
4348
4349
4352
4356
4357
4358
4361
4362
4363
4370
4371
4372
4374
4375
4380
4381
4383
4384
4385
4386
4387
4421
4426
4428
4429
4430
4433
4434
4435
4437
4438
4439
4440
4441
4442
4443
4444
4449
4450
4451
4452
4453
4455
4456
4461
4462
4464
4465
4466
4467
4468
4473
4474
4475
4476
4477
4478
4479
4480
4482
4483
4484
4487
4488
4489
4491
4492
4494
4495
4511
4512
4513
4514
4521
4522
4523
4525
4531
4532
4533
4534
4536
4537
4541
4542
4543
4545
4546
4547
4554
4555
4556
4557
4559
4560
4563
4564
4565
4566
4568
4569
4570
4577
4578
4579
4581
4582
4583
4588
4590
4591
4592
4602
4603
4604
4612
4613
4617
4618
4622
4626
4627
4628
4635
4636
4637
4638
4640
4641
4644
4645
4646
4647
4648
4649
4650
4651
4653
4654
4655
4656
4657
4658
4659
4660
4662
4663
4664
4669
4671
4672
4673
4676
4680
4681
4682
4685
4686
4687
4693
4694
4695
4696
4698
4699
4703
4707
4708
4709
4716
4717
4718
4719
4725
4726
4727
4728
4729
4734
4735
4736
4737
4738
4739
4740
4741
4743
4744
4745
4746
4747
4748
4750
4752
4753
4754
4757
4761
4762
4763
4766
4767
4768
4775
4776
4777
4779
4780
4784
4785
4786
4788
4789
4790
4797
4798
4799
4800
4806
4807
4808
4809
4810
4815
4816
4817
4818
4819
4820
4824
4825
4826
4827
4828
4829
4835
4836
4837
4838
4860
4861
4866
4867
4869
4870
4871
4872
4873
4878
4879
4880
4881
4887
4888
4889
4890
4891
4896
4897
4898
4899
4900
4901
4905
4906
4907
4908
4909
4910
4914
4915
4916
4917
4918
4919
4920
4921
4923
4924
4926
4927
4928
4935
4936
4938
4939
4941
4942
4947
4948
4950
4951
4953
4954
4962
4963
4965
4966
4968
4969
4970
4971
4972
4974
4975
4977
4978
4979
4980
4981
4982
4986
4987
4988
4989
4990
4991
4992
4993
4997
4998
4999
5000
5007
5008
5009
5043
5044
5046
5047
5049
5050
5055
5056
5058
5059
5061
5062
5070
5071
5073
5074
5076
5077
5082
5083
5085
5086
5088
5089
5097
5098
5100
5101
5103
5104
5109
5110
5112
5113
5114
5115
5116
5150
5155
5157
5158
5159
5162
5163
5164
5166
5167
5168
5169
5170
5171
5172
5173
5178
5179
5180
5181
5182
5184
5185
5190
5191
5193
5194
5195
5196
5197
5202
5203
5204
5205
5206
5207
5208
5209
5211
5212
5213
5216
5217
5218
5220
5221
5223
5224
5232
5233
5235
5236
5250
5254
5256
5257
5259
5261
5262
5263
5264
5265
5266
5271
5272
5274
5275
5276
5283
5284
5285
5286
5287
5288
5289
5290
5292
5293
5294
5295
5297
5298
5299
5301
5302
5304
5305
5306
5307
5308
5310
5311
5312
5313
5314
5315
5316
5317
5319
5320
5321
5322
5324
5325
5326
5327
5328
5329
5331
5332
5333
5337
5338
5340
5341
5342
5343
5344
5345
5346
5347
5351
5352
5353
5354
5355
5356
5357
5358
5359
5360
5362
5363
5364
5365
5366
5367
5369
5370
5371
5372
5373
5374
5375
5376
5377
5378
5379
5380
5382
5383
5384
5385
5386
5387
5388
5389
5390
5391
5392
5393
5394
5398
5400
5401
5402
5405
5406
5407
5409
5410
5411
5412
5413
5414
5415
5416
5421
5422
5423
5424
5425
5427
5428
5432
5433
5434
5436
5437
5438
5439
5440
5445
5446
5447
5448
5449
5451
5452
5454
5455
5456
5457
5458
5460
5461
5463
5464
5465
5466
5467
5468
5469
5470
5472
5473
5474
5475
5476
5477
5478
5479
5481
5482
5483
5486
5490
5491
5492
5495
5496
5497
5504
5505
5506
5508
5509
5513
5514
5515
5517
5518
5519
5526
5527
5528
5529
5530
5531
5532
5533
5535
5536
5537
5538
5539
5541
5542
5544
5545
5546
5547
5548
5549
5553
5554
5555
5556
5557
5558
5559
5560
5562
5563
5564
5565
5566
5567
5568
5569
5571
5572
5573
5574
5575
5576
5577
5578
5583
5584
5585
5586
5587
5589
5590
5595
5596
5598
5599
5600
5607
5608
5609
5610
5612
5613
5616
5617
5618
5619
5620
5621
5622
5623
5625
5626
5627
5628
5629
5630
5631
5632
5634
5635
5636
5637
5638
5639
5645
5646
5647
5648
5655
5656
5657
5670
5671
5676
5677
5679
5680
5681
5688
5689
5690
5691
5693
5694
5697
5698
5699
5700
5701
5702
5703
5704
5706
5707
5708
5709
5710
5711
5712
5713
5715
5716
5717
5718
5719
5720
5722
5724
5725
5726
5727
5728
5729
5736
5737
5738
5746
5747
5782
5787
5788
5789
5790
5791
5792
5796
5797
5798
5799
5800
5801
5807
5808
5809
5810
5817
5818
5819
5827
5828
5832
5833
5840
5841
5842
5844
5846
5848
5898
5904
5905
5907
5909
5911
5912
5913
5914
5921
5922
5923
5925
5927
5929
5930
5938
5939
5940
5941
5943
5945
5947
5954
5956
5957
5958
5959
5961
5962
5963
5964
5965
5970
5972
5974
5975
5976
5977
5979
5985
5986
5988
5990
5992
5993
6015
6016
6018
6019
6021
6022
6027
6028
6030
6031
6033
6034
6041
6042
6043
6044
6045
6046
6048
6049
6050
6051
6053
6054
6055
6056
6057
6058
6060
6061
6066
6067
6069
6070
6071
6072
6073
6074
6075
6076
6081
6082
6083
6084
6085
6087
6088
6089
6091
6092
6093
6094
6095
6098
6099
6100
6101
6102
6103
6104
6105
6106
6107
6108
6109
6111
6112
6113
6114
6115
6116
6117
6118
6119
6120
6121
6122
6123
6125
6127
6129
6130
6131
6132
6134
6135
6136
6137
6138
6139
6140
6141
6142
6143
6144
6145
6150
6151
6152
6153
6154
6156
6157
6161
6162
6163
6165
6166
6167
6168
6169
6174
6175
6176
6177
6178
6180
6181
6183
6184
6185
6186
6187
6189
6190
6192
6193
6194
6195
6196
6197
6198
6199
6200
6201
6202
6203
6204
6205
6206
6207
6208
6210
6211
6212
6213
6215
6217
6218
6219
6220
6221
6222
6224
6225
6226
6228
6229
6231
6233
6234
6235
6236
6237
6238
6242
6243
6244
6245
6246
6247
6248
6249
6251
6253
6254
6255
6256
6257
6258
6259
6260
6261
6262
6263
6264
6265
6266
6267
6268
6269
6270
6271
6273
6274
6275
6276
6277
6278
6280
6281
6282
6283
6284
6285
6286
6287
6288
6289
6291
6292
6293
6294
6295
6296
6297
6298
6300
6301
6302
6303
6304
6305
6306
6307
6312
6313
6314
6315
6316
6318
6319
6324
6325
6327
6328
6329
6330
6331
6335
6336
6337
6338
6339
6341
6342
6343
6344
6345
6346
6347
6348
6349
6350
6351
6352
6354
6355
6356
6357
6358
6359
6360
6361
6362
6363
6364
6365
6366
6367
6368
6372
6373
6374
6375
6376
6377
6378
6379
6380
6381
6382
6384
6385
6386
6390
6391
6393
6394
6395
6396
6397
6398
6399
6400
6405
6406
6407
6408
6409
6410
6411
6412
6413
6415
6416
6417
6418
6419
6420
6421
6422
6423
6424
6425
6426
6427
6428
6429
6430
6431
6432
6433
6435
6436
6437
6438
6439
6440
6441
6442
6444
6445
6446
6447
6448
6449
6450
6451
6453
6454
6455
6456
6457
6458
6462
6463
6464
6465
6466
6467
6468
6475
6476
6480
6481
6488
6489
6490
6492
6494
6496
6497
6501
6502
6504
6505
6506
6507
6508
6509
6510
6511
6512
6513
6514
6516
6517
6518
6519
6520
6521
6522
6523
6524
6525
6526
6527
6528
6529
6530
6531
6532
6534
6535
6536
6537
6538
6539
6540
6541
6542
6543
6544
6545
6546
6547
6548
6549
6550
6552
6553
6555
6556
6557
6558
6559
6560
6561
6562
6563
6566
6567
6568
6569
6570
6571
6572
6573
6574
6575
6576
6577
6578
6579
6580
6581
6602
6606
6607
6608
6609
6610
6611
6613
6615
6616
6617
6618
6619
6620
6621
6622
6624
6625
6626
6627
6628
6629
6630
6631
6633
6634
6636
6637
6638
6639
6640
6641
6642
6643
6644
6647
6648
6649
6650
6651
6652
6653
6654
6655
6656
6657
6658
6659
6660
6661
6662
6663
6664
6665
6666
6667
6668
6669
6670
6672
6673
6674
6675
6676
6677
6678
6679
6680
6681
6682
6683
6684
6685
6686
6687
6688
6690
6692
6693
6695
6696
6697
6698
6699
6700
6701
6702
6703
6704
6705
6706
6713
6714
6715
6716
6718
6720
6722
6723
6724
6725
6732
6733
6734
6736
6738
6740
6741
6742
6743
6926
6930
6931
6932
6933
6934
6935
6966
6967
6971
6975
6976
6977
6984
6985
6986
6987
6989
6993
6994
6995
6996
6997
7002
7003
7004
7005
7006
7007
7011
7012
7013
7014
7015
7016
7022
7023
7024
7025
7029
7030
7031
7034
7035
7036
7043
7044
7045
7047
7048
7053
7054
7056
7057
7058
7059
7060
7065
7066
7067
7068
7070
7071
7074
7075
7076
7077
7078
7079
7080
7081
7083
7084
7085
7086
7087
7088
7089
7090
7092
7093
7094
7095
7096
7097
7101
7102
7103
7104
7105
7106
7107
7108
7110
7111
7113
7114
7115
7122
7123
7125
7126
7128
7129
7134
7135
7137
7138
7139
7140
7141
7145
7146
7147
7148
7149
7150
7151
7152
7153
7154
7155
7156
7157
7158
7159
7160
7161
7162
7164
7165
7166
7167
7168
7169
7170
7171
7173
7174
7175
7176
7177
7178
7179
7180
7182
7183
7184
7185
7186
7187
7191
7192
7193
7194
7195
7196
7197
7204
7205
7209
7210
7217
7218
7219
7221
7223
7225
7226
7230
7231
7233
7234
7235
7236
7237
7238
7239
7240
7241
7242
7243
7245
7246
7247
7248
7249
7250
7251
7252
7253
7254
7255
7256
7257
7258
7259
7260
7261
7263
7264
7265
7266
7267
7268
7269
7270
7271
7272
7273
7274
7275
7276
7277
7278
7279
7281
7282
7284
7285
7286
7287
7288
7289
7290
7291
7292
7295
7296
7297
7298
7299
7300
7301
7302
7303
7304
7305
7306
7307
7308
7309
7310
7331
7335
7336
7337
7338
7339
7340
7342
7344
7345
7346
7347
7348
7349
7350
7351
7353
7354
7355
7356
7357
7358
7359
7360
7362
7363
7365
7366
7367
7368
7369
7370
7371
7372
7373
7376
7377
7378
7379
7380
7381
7382
7383
7384
7385
7386
7387
7388
7389
7390
7391
7392
7393
7394
7395
7396
7397
7398
7399
7400
7401
7402
7403
7404
7405
7406
7407
7408
7409
7410
7411
7412
7413
7414
7415
7416
7417
7419
7420
7421
7422
7423
7424
7425
7426
7427
7428
7429
7430
7431
7432
7433
7434
7435
7437
7441
7442
7443
7444
7445
7446
7447
7448
7449
7450
7451
7452
7453
7454
7458
7459
7461
7462
7463
7465
7467
7469
7470
7471
7472
7473
7474
7475
7476
7477
7479
7480
7481
7483
7484
7485
7486
7487
7488
7489
7490
7491
7492
7493
7494
7495
7497
7498
7499
7500
7501
7502
7503
7504
7506
7507
7508
7509
7511
7512
7513
7514
7515
7516
7518
7519
7524
7525
7527
7528
7529
7530
7531
7532
7533
7534
7539
7540
7541
7542
7543
7545
7546
7547
7549
7550
7551
7552
7553
7555
7556
7557
7558
7559
7560
7561
7562
7563
7564
7565
7566
7567
7568
7569
7570
7571
7573
7574
7575
7576
7577
7578
7579
7580
7581
7583
7584
7585
7586
7587
7588
7589
7590
7591
7592
7593
7594
7595
7596
7597
7598
7599
7600
7601
7602
7604
7605
7606
7607
7608
7609
7611
7612
7613
7614
7615
7616
7620
7621
7623
7624
7625
7626
7627
7629
7631
7632
7633
7634
7635
7636
7638
7639
7641
7642
7645
7647
7648
7649
7650
7651
7652
7653
7654
7655
7656
7657
7658
7659
7660
7662
7663
7664
7665
7666
7667
7668
7669
7670
7671
7672
7673
7674
7675
7676
7677
7678
7680
7686
7687
7689
7691
7693
7694
7695
7696
7703
7704
7705
7707
7709
7711
7712
7716
7717
7719
7720
7721
7722
7723
7725
7727
7728
7729
7731
7732
7734
7735
7736
7737
7738
7739
7740
7741
7743
7744
7746
7747
7748
7749
7750
7751
7753
7755
7756
7757
7758
7759
7761
7762
7766
7767
7768
7769
7770
7771
7773
7774
7775
7776
7777
7778
7785
7786
7787
7789
7791
7793
7794
7795
7796
7798
7801
7802
7803
7804
7806
7807
7808
7809
7810
7811
7812
7813
7814
7816
7817
7818
7819
7820
7821
7822
7824
7826
7827
7829
7830
7831
7832
7833
7834
7835
7836
7837
7838
7839
7840
7842
7847
7848
7849
7850
7851
7852
7853
7854
7855
7856
7857
7858
7865
7866
7867
7869
7871
7873
7874
7882
7883
7884
7885
7887
7889
7916
7919
7920
7921
7922
7925
7926
7928
7929
7930
7931
7933
7935
7937
7938
7939
7940
7946
7947
7948
7949
7950
7951
7952
7953
7954
7955
7956
7957
7958
7960
7962
7963
7964
7965
7966
7967
7968
7969
7970
7971
7972
7973
7974
7975
7976
7978
7979
7980
7981
7982
7983
7984
7985
7986
7988
7989
7990
7991
7992
7993
7994
7995
7996
7997
7998
7999
8000
8001
8002
8003
8004
8006
8007
8008
8009
8010
8011
8012
8013
8014
8015
8016
8017
8018
8019
8020
8021
8025
8026
8028
8029
8030
8032
8034
8036
8037
8038
8039
8066
8071
8073
8074
8075
8078
8082
8083
8084
8087
8088
8089
8096
8097
8098
8100
8101
8102
8106
8107
8109
8110
8111
8113
8115
8117
8118
8119
8120
8122
8123
8124
8129
8131
8132
8133
8134
8135
8136
8137
8138
8140
8142
8148
8149
8151
8152
8153
8154
8155
8156
8158
8160
8162
8170
8171
8172
8173
8174
8176
8177
8178
8179
8180
8181
8182
8183
8187
8188
8190
8191
8192
8194
8196
8198
8199
8200
8201
8202
8203
8204
8205
8206
8208
8209
8210
8212
8213
8214
8215
8216
8217
8218
8219
8220
8221
8222
8223
8224
8226
8227
8228
8229
8230
8232
8233
8235
8236
8237
8241
8242
8244
8245
8247
8248
8256
8257
8259
8260
8262
8263
8268
8269
8271
8272
8274
8275
8280
8281
8282
8284
8285
8286
8291
8293
8294
8295
8296
8297
8298
8299
8300
8302
8303
8304
8305
8307
8308
8309
8313
8314
8315
8316
8317
8318
8320
8321
8322
8323
8324
8325
8326
8327
8328
8329
8330
8331
8332
8333
8334
8335
8336
8337
8338
8339
8340
8341
8342
8343
8344
8345
8349
8350
8352
8353
8354
8355
8356
8358
8360
8361
8362
8363
8364
8365
8367
8368
8370
8371
8374
8376
8377
8378
8379
8380
8381
8382
8383
8384
8385
8386
8388
8389
8390
8391
8392
8394
8395
8397
8398
8399
8402
8406
8407
8408
8411
8412
8413
8420
8421
8422
8424
8425
8430
8431
8433
8434
8435
8445
8446
8448
8449
8451
8452
8457
8458
8460
8461
8463
8464
8465
8467
8468
8469
8470
8472
8473
8475
8476
8478
8479
8484
8485
8487
8488
8490
8491
8499
8500
8502
8503
8505
8506
8511
8512
8514
8515
8517
8518
8522
8530
8531
8532
8533
8535
8537
8539
8546
8548
8549
8550
8551
8553
8555
8559
8560
8562
8564
8565
8566
8567
8568
8569
8571
8572
8577
8578
8580
8581
8582
8583
8584
8585
8586
8587
8592
8593
8594
8595
8596
8598
8599
8600
8602
8603
8607
8608
8610
8611
8612
8613
8614
8616
8618
8619
8620
8622
8623
8625
8626
8634
8635
8637
8638
8667
8668
8675
8676
8677
8679
8681
8683
8684
8688
8689
8691
8692
8693
8694
8695
8697
8699
8700
8701
8703
8704
8706
8707
8708
8710
8711
8712
8713
8715
8716
8717
8718
8719
8721
8722
8724
8726
8727
8728
8729
8730
8731
8733
8734
8739
8740
8742
8743
8744
8745
8746
8747
8748
8749
8754
8755
8756
8757
8758
8760
8761
8762
8764
8802
8803
8808
8809
8811
8812
8814
8815
8820
8821
8823
8824
8825
8826
8827
8828
8829
8830
8835
8836
8837
8838
8839
8841
8842
8843
8845
8846
8850
8851
8853
8854
8855
8856
8857
8859
8861
8862
8863
8865
8866
8868
8869
8870
8872
8873
8874
8875
8877
8879
8886
8888
8890
8891
8892
8893
8895
8901
8902
8904
8906
8908
8909
8932
8941
8943
8945
8946
8947
8948
8950
8960
8967
8969
8971
8972
8973
8974
8976
8982
8983
8985
8987
8989
8990
8991
8992
8999
9000
9001
9003
9005
9007
9008
9013
9016
9017
9018
9019
9021
9022
9023
9024
9025
9026
9027
9028
9029
9031
9032
9033
9034
9035
9036
9037
9039
9041
9042
9044
9045
9046
9047
9048
9049
9050
9051
9052
9053
9054
9055
9062
9063
9064
9065
9067
9069
9071
9072
9073
9074
9081
9082
9083
9085
9087
9089
9090
9091
9092
9094
9103
9105
9106
9107
9108
9109
9110
9112
9113
9114
9115
9116
9117
9118
9120
9122
9123
9125
9126
9127
9128
9129
9130
9131
9132
9133
9134
9135
9136
9138
9144
9145
9147
9149
9151
9152
9153
9154
9161
9162
9163
9165
9167
9169
9170
9178
9179
9180
9181
9183
9185
9187
9194
9195
9196
9197
9198
9199
9201
9204
9206
9207
9208
9209
9211
9213
9215
9224
9225
9226
9227
9229
9231
9233
9234
9235
9236
9240
9241
9243
9244
9245
9246
9247
9249
9251
9252
9253
9254
9256
9259
9260
9261
9262
9264
9265
9266
9267
9268
9269
9270
9271
9272
9274
9275
9276
9277
9278
9279
9280
9282
9284
9285
9287
9288
9289
9290
9291
9292
9293
9294
9295
9296
9297
9298
9300
9301
9305
9306
9307
9308
9309
9310
9311
9312
9313
9314
9315
9316
9321
9322
9323
9324
9325
9327
9328
9329
9331
9336
9337
9339
9340
9342
9343
9348
9349
9351
9352
9354
9355
9363
9364
9366
9367
9377
9386
9387
9388
9389
9391
9393
9395
9396
9397
9398
9405
9406
9407
9409
9411
9413
9414
9415
9416
9417
9418
9420
9421
9423
9424
9427
9429
9430
9431
9432
9433
9434
9435
9436
9438
9444
9445
9447
9448
9449
9450
9451
9452
9454
9456
9457
9458
9459
9460
9462
9463
9467
9468
9469
9470
9471
9472
9474
9475
9476
9477
9478
9479
9483
9484
9486
9487
9488
9489
9490
9492
9494
9495
9496
9497
9531
9532
9537
9538
9540
9541
9543
9544
9552
9553
9555
9556
9558
9559
9560
9564
9565
9567
9568
9569
9570
9571
9573
9575
9576
9577
9578
9579
9580
9582
9583
9585
9586
9589
9591
9592
9593
9594
9595
9596
9597
9598
9600
9606
9607
9609
9610
9611
9612
9613
9614
9616
9618
9620
9629
9630
9631
9632
9634
9636
9638
9639
9640
9641
9648
9649
9650
9652
9654
9656
9657
9658
9659
9660
9661
9663
9664
9666
9667
9670
9672
9673
9674
9675
9676
9677
9678
9679
9687
9688
9690
9691
9693
9694
9699
9700
9702
9703
9705
9706
9714
9715
9717
9718
9720
9721
9726
9727
9729
9730
9732
9733
9742
9751
9753
9755
9756
9757
9758
9760
9762
9770
9771
9773
9774
9775
9776
9777
9778
9779
9780
9781
9782
9783
9784
9786
9787
9791
9792
9793
9794
9795
9796
9798
9799
9800
9801
9802
9803
9807
9808
9810
9811
9812
9813
9814
9816
9818
9819
9820
9821
9822
9823
9825
9826
9828
9829
9832
9834
9835
9836
9837
9838
9839
9840
9841
9842
9843
9844
9845
9846
9847
9849
9851
9852
9854
9855
9856
9857
9858
9859
9860
9861
9862
9863
9864
9865
9867
9873
9874
9876
9878
9880
9881
9882
9883
9890
9891
9892
9894
9896
9898
9899
9907
9908
9909
9910
9912
9914
9916
9923
9924
9925
9926
9927
9928
9930
9933
9935
9936
9937
9938
9940
9942
9944
9953
9954
9955
9956
9958
9960
9962
9963
9964
9965
9972
9973
9974
9976
9978
9980
9981
9982
9983
9985
9988
9989
9990
9991
9993
9994
9995
9996
9997
9998
9999
10000
10001
10003
10004
10005
10006
10007
10008
10009
10011
10013
10014
10016
10017
10018
10019
10020
10021
10022
10023
10024
10025
10026
10027
10029
10035
10036
10038
10040
10042
10043
10044
10045
10052
10053
10054
10056
10058
10060
10061
10069
10070
10071
10072
10074
10076
10125
10126
10133
10134
10135
10137
10139
10141
10142
10150
10151
10152
10153
10155
10157
10159
10166
10168
10169
10170
10171
10173
10175
10182
10184
10186
10187
10188
10189
10191
10197
10198
10200
10202
10204
10205
10206
10207
10214
10215
10216
10218
10220
10222
10272
10278
10279
10281
10283
10285
10286
10287
10288
10295
10296
10297
10299
10301
10303
10304
10312
10313
10314
10315
10317
10319
10321
10328
10330
10331
10332
10333
10335
10337
10344
10346
10348
10349
10350
10351
10353
10359
10360
10362
10364
10366
10367
10418
10425
10427
10429
10430
10431
10432
10434
10440
10441
10443
10445
10447
10448
10449
10450
10457
10458
10459
10461
10463
10465
10466
10474
10475
10476
10477
10479
10481
10483
10490
10492
10493
10494
10495
10497
10499
10506
10508
10510
10511
10512
10513
10564
10571
10572
10573
10574
10575
10576
10578
10580
10581
10583
10584
10585
10586
10587
10588
10589
10590
10591
10592
10593
10594
10596
10602
10603
10605
10607
10609
10610
10611
10612
10619
10620
10621
10623
10625
10627
10628
10636
10637
10638
10639
10641
10643
10653
10662
10664
10665
10666
10667
10669
10671
10673
10682
10683
10684
10685
10687
10689
10691
10692
10693
10694
10701
10702
10703
10705
10707
10709
10710
10711
10712
10714
10723
10725
10727
10728
10729
10730
10732
10734
10743
10745
10746
10747
10748
10750
10752
10754
10763
10764
10765
10766
10768
10770
10772
10835
10844
10845
10846
10847
10849
10851
10853
10854
10855
10856
10863
10864
10865
10867
10869
10871
10872
10873
10874
10876
10885
10887
10889
10890
10891
10892
10894
10896
10905
10907
10908
10909
10910
10912
10914
10916
10925
10926
10927
10928
10930
10932
10934
10935
10936
10937
10944
10945
10946
10948
10950
10952
10953
10954
10955
11016
11017
11018
11025
11026
11027
11029
11031
11033
11034
11035
11036
11038
11047
11049
11051
11052
11053
11054
11056
11058
11067
11069
11070
11071
11072
11074
11076
11078
11082
11087
11088
11089
11090
11091
11092
11093
11094
11095
11096
11097
11098
11099
11106
11107
11108
11110
11112
11114
11115
11116
11117
11119
11128
11130
11132
11133
11134
11135
11137
11147
11154
11156
11158
11159
11160
11161
11163
11169
11170
11172
11174
11176
11177
11178
11179
11186
11187
11188
11190
11192
11194
11195
11200
11203
11204
11205
11206
11208
11209
11210
11211
11212
11213
11214
11215
11216
11218
11219
11220
11221
11222
11223
11224
11226
11228
11229
11231
11232
11233
11234
11235
11236
11237
11238
11239
11240
11241
11242
11249
11250
11251
11252
11254
11256
11258
11259
11260
11261
11268
11269
11270
11272
11274
11276
11277
11278
11279
11281
11290
11292
11293
11294
11295
11296
11297
11299
11300
11301
11302
11303
11304
11305
11307
11309
11310
11312
11313
11314
11315
11316
11317
11318
11319
11320
11321
11322
11323
11325
11331
11332
11334
11336
11338
11339
11340
11341
11348
11349
11350
11352
11354
11356
11357
11365
11366
11367
11368
11370
11372
11374
11381
11382
11383
11384
11385
11386
11388
11391
11393
11394
11395
11396
11398
11400
11402
11411
11412
11413
11414
11416
11418
11420
11421
11422
11423
11430
11431
11432
11434
11436
11438
11439
11440
11441
11443
11446
11447
11448
11449
11451
11452
11453
11454
11455
11456
11457
11458
11459
11461
11462
11463
11464
11465
11466
11467
11469
11471
11472
11474
11475
11476
11477
11478
11479
11480
11481
11482
11483
11484
11485
11487
11492
11493
11494
11495
11496
11497
11498
11499
11500
11501
11502
11503
11510
11511
11512
11514
11516
11518
11519
11527
11528
11529
11530
11532
11534
11564
11573
11574
11575
11576
11578
11580
11582
11583
11584
11585
11591
11592
11593
11594
11595
11596
11597
11598
11599
11600
11601
11602
11603
11605
11608
11609
11610
11611
11613
11614
11615
11616
11617
11618
11619
11620
11621
11623
11624
11625
11626
11627
11628
11629
11631
11633
11634
11636
11637
11638
11639
11640
11641
11642
11643
11644
11645
11646
11647
11649
11654
11655
11656
11657
11658
11659
11660
11661
11662
11663
11664
11665
11672
11673
11674
11676
11678
11680
11730
11736
11737
11739
11741
11743
11744
11745
11746
11753
11754
11755
11757
11759
11761
11762
11770
11771
11772
11773
11775
11777
11779
11786
11788
11789
11790
11791
11793
11795
11802
11804
11806
11807
11808
11809
12212
12221
12222
12223
12224
12226
12228
12230
12293
12302
12303
12304
12305
12307
12309
12311
12312
12313
12314
12321
12322
12323
12325
12327
12329
12330
12331
12332
12334
12343
12345
12347
12348
12349
12350
12352
12354
12363
12365
12366
12367
12368
12370
12372
12374
12383
12384
12385
12386
12388
12390
12392
12393
12394
12395
12402
12403
12404
12406
12408
12410
12411
12412
12413
12474
12475
12476
12483
12484
12485
12487
12489
12491
12492
12493
12494
12496
12505
12507
12509
12510
12511
12512
12514
12516
12525
12527
12528
12529
12530
12532
12534
12536
12545
12546
12547
12548
12550
12552
12554
12555
12556
12557
12564
12565
12566
12568
12570
12572
12573
12574
12575
12577
12586
12588
12590
12591
12592
12593
12595
12658
12667
12669
12671
12672
12673
12674
12676
12678
12687
12689
12690
12691
12692
12694
12696
12698
12707
12708
12709
12710
12712
12714
12716
12717
12718
12719
12726
12727
12728
12730
12732
12734
12735
12736
12737
12739
12748
12750
12752
12753
12754
12755
12757
12759
12768
12770
12771
12772
12773
12775
12777
12840
12849
12851
12852
12853
12854
12856
12858
12860
12869
12870
12871
12872
12874
12876
12878
12879
12880
12881
12888
12889
12890
12892
12894
12896
12897
12898
12899
12901
12910
12912
12914
12915
12916
12917
12919
12921
12930
12932
12933
12934
12935
12937
12939
12941
12950
12951
12952
12953
12955
12957
12959
13022
13031
13032
13033
13034
13036
13038
13040
13041
13042
13043
13050
13051
13052
13054
13056
13058
13059
13060
13061
13063
13072
13074
13076
13077
13078
13079
13081
13083
13092
13094
13095
13096
13097
13099
13101
13103
13112
13113
13114
13115
13117
13119
13121
13122
13123
13124
13131
13132
13133
13135
13137
13139
13140
13141
13142
13203
13204
13205
13212
13213
13214
13216
13218
13220
13221
13222
13223
13225
13234
13236
13238
13239
13240
13241
13243
13245
13254
13256
13257
13258
13259
13261
13263
13265
13274
13275
13276
13277
13279
13281
13283
13284
13285
13286
13293
13294
13295
13297
13299
13301
13302
13303
13304
13851
13852
13853
13860
13861
13862
13864
13866
13868
13869
13870
13871
13932
13933
13934
13941
13942
13943
13945
13947
13949
13950
13951
13952
13954
13963
13965
13967
13968
13969
13970
13972
13974
13983
13985
13986
13987
13988
13990
13992
13994
14003
14004
14005
14006
14008
14010
14012
14013
14014
14015
14022
14023
14024
14026
14028
14030
14031
14032
14033
14035
14044
14046
14048
14049
14050
14051
14053
14116
14125
14127
14129
14130
14131
14132
14134
14136
14145
14147
14148
14149
14150
14152
14154
14156
14165
14166
14167
14168
14170
14172
14174
14175
14176
14177
14184
14185
14186
14188
14190
14192
14193
14194
14195
14197
14206
14208
14210
14211
14212
14213
14215
14217
14226
14228
14229
14230
14231
14233
14235
14298
14307
14309
14310
14311
14312
14314
14316
14318
14327
14328
14329
14330
14332
14334
14336
14337
14338
14339
14346
14347
14348
14350
14352
14354
14355
14356
14357
14359
14368
14370
14372
14373
14374
14375
14377
14379
14388
14390
14391
14392
14393
14395
14397
14399
14408
14409
14410
14411
14413
14415
14417
14480
14489
14490
14491
14492
14494
14496
14498
14499
14500
14501
14508
14509
14510
14512
14514
14516
14517
14518
14519
14521
14530
14532
14534
14535
14536
14537
14539
14541
14550
14552
14553
14554
14555
14557
14559
14561
14570
14571
14572
14573
14575
14577
14579
14580
14581
14582
14589
14590
14591
14593
14595
14597
14598
14599
14600
14661
14662
14663
14670
14671
14672
14674
14676
14678
14679
14680
14681
14683
14692
14694
14696
14697
14698
14699
14701
14703
14712
14714
14715
14716
14717
14719
14721
14723
14732
14733
14734
14735
14737
14739
14741
14742
14743
14744
14751
14752
14753
14755
14757
14759
14760
14761
14762
