2
4
5
6
7
8
9
10
11
12
13
14
15
16
17
18
19
20
21
22
23
32
33
34
35
36
37
38
39
40
41
42
43
44
45
46
47
48
49
50
51
52
53
54
55
56
57
58
59
60
61
62
63
64
65
66
67
68
69
70
71
72
73
74
75
76
77
78
79
80
81
82
83
84
85
86
87
88
89
90
91
92
93
94
95
96
97
98
99
100
101
102
103
104
105
106
107
108
109
110
111
112
114
115
116
117
118
120
121
122
123
124
125
126
127
129
130
131
132
133
134
135
136
137
138
139
140
141
142
143
144
145
146
147
148
149
150
151
152
153
154
155
156
157
158
159
160
161
162
163
164
165
166
168
169
170
171
172
173
174
175
176
179
180
181
183
184
189
190
195
198
199
201
202
204
205
207
210
211
290
294
296
298
313
316
317
318
322
327
330
331
332
333
334
336
337
339
340
341
342
343
348
349
350
351
352
353
354
355
358
360
363
365
369
370
371
376
377
379
380
381
386
387
390
392
394
395
396
397
398
399
401
402
403
405
406
408
409
411
412
414
415
417
421
423
424
426
431
432
433
435
436
438
440
441
442
443
446
447
448
450
451
452
453
454
457
458
459
460
461
462
463
464
465
466
467
468
469
470
471
472
474
475
476
477
478
479
480
483
484
485
486
487
489
491
492
494
495
496
498
499
500
502
503
504
505
506
507
508
509
510
511
512
513
514
515
516
517
519
520
521
522
523
525
526
527
528
529
531
532
534
537
539
540
541
542
543
544
545
548
549
551
552
553
556
557
558
559
560
561
562
563
564
565
566
567
568
570
574
575
576
577
578
579
580
581
583
584
585
586
587
588
589
590
591
592
593
594
595
597
598
600
603
604
606
610
611
612
615
616
619
620
624
625
627
629
630
631
634
635
636
638
639
640
643
645
646
647
648
649
651
652
654
656
657
658
660
661
662
665
666
667
668
669
671
672
673
674
675
676
678
680
682
684
685
687
691
692
693
694
696
697
698
700
701
702
703
704
705
706
707
708
709
710
712
714
715
716
719
720
721
723
724
725
726
729
730
731
734
735
736
737
738
739
740
741
742
743
744
745
746
747
748
750
751
754
755
756
757
759
760
763
764
765
766
768
769
772
773
774
775
776
777
778
779
780
781
782
783
784
785
786
787
788
790
791
792
793
794
795
798
799
800
801
802
805
807
809
810
811
813
814
815
816
817
818
819
820
821
822
823
824
825
826
827
828
829
831
832
833
834
836
837
838
839
840
841
843
844
846
847
849
850
851
852
853
855
856
858
859
861
862
863
864
865
866
867
869
871
872
873
874
876
877
878
879
880
881
882
883
884
885
886
890
891
892
893
894
895
896
897
898
899
900
904
908
912
913
916
918
919
921
922
923
924
925
926
927
928
930
931
933
934
935
936
937
939
940
942
943
944
945
946
948
949
953
954
955
957
958
960
962
963
965
966
968
970
971
972
973
974
976
977
979
980
981
982
983
984
985
986
987
988
989
990
991
993
994
998
999
1000
1002
1003
1006
1008
1009
1011
1012
1015
1018
1020
1021
1022
1024
1025
1026
1027
1029
1030
1031
1032
1034
1040
1042
1043
1044
1045
1046
1047
1053
1054
1057
1060
1061
1062
1063
1064
1065
1066
1068
1069
1070
1073
1074
1075
1076
1077
1079
1080
1081
1082
1083
1086
1089
1090
1092
1093
1094
1095
1096
1098
1099
1101
1102
1103
1107
1108
1112
1114
1115
1116
1117
1119
1120
1121
1122
1123
1124
1125
1126
1127
1128
1129
1130
1131
1134
1135
1136
1137
1138
1140
1142
1143
1144
1145
1146
1148
1150
1153
1154
1155
1156
1157
1158
1160
1161
1162
1163
1164
1165
1168
1170
1171
1173
1174
1176
1177
1178
1180
1182
1183
1185
1186
1188
1189
1191
1192
1193
1195
1196
1197
1198
1200
1201
1202
1203
1206
1209
1210
1214
1215
1216
1218
1220
1223
1224
1225
1227
1228
1230
1231
1232
1234
1236
1237
1240
1241
1242
1243
1245
1249
1251
1254
1260
1264
1267
1272
1273
1276
1277
1278
1279
1281
1282
1284
1286
1287
1288
1290
1291
1296
1297
1305
1306
1308
1309
1311
1312
1317
1318
1320
1323
1324
1332
1333
1335
1336
1338
1339
1344
1345
1349
1350
1351
1352
1353
1354
1358
1359
1360
1362
1363
1365
1366
1367
1368
1369
1371
1372
1377
1378
1385
1386
1387
1389
1390
1394
1404
1405
1413
1414
1416
1417
1419
1420
1425
1426
1429
1430
1432
1433
1434
1435
1438
1445
1447
1448
1449
1450
1454
1455
1458
1459
1460
1467
1469
1470
1476
1493
1494
1501
1502
1510
1512
1513
1514
1519
1531
1533
1535
1536
1538
1539
1540
1543
1545
1546
1551
1552
1558
1560
1561
1562
1563
1566
1567
1585
1587
1594
1596
1605
1606
1607
1611
1612
1614
1619
1624
1629
1639
1641
1647
1648
1654
1655
1656
1662
1666
1668
1701
1702
1710
1711
1713
1714
1716
1717
1720
1722
1723
1782
1783
1791
1792
1794
1795
1797
1798
1803
1804
1809
1810
1818
1819
1821
1822
1824
1825
1830
1831
1836
1837
1845
1846
1848
1849
1851
1852
1857
1858
1890
1891
1899
1900
1902
1903
1905
1906
1911
1912
2817
2818
2819
2847
2851
2853
2854
2856
2862
2863
2864
2865
2874
2898
2899
2900
3125
3130
3134
3159
3160
3166
3168
3169
3171
3175
3177
3178
3180
3186
3187
3188
3189
3206
3211
3215
3229
3233
3234
3238
3267
3268
3269
3270
3279
3287
3292
3296
3310
3314
3315
3319
3333
3337
3339
3340
3342
3368
3373
3377
3384
3385
3386
3391
3395
3396
3400
3414
3418
3420
3421
3423
3546
3547
3548
3576
3580
3582
3583
3585
3591
3592
3593
3594
3603
3627
3628
3629
3753
3754
3755
3756
3789
3790
3791
3796
3800
3801
3805
3807
3808
3814
3816
3817
3834
3835
3836
3837
3938
3942
3943
3947
3950
3986
3992
3993
3995
4002
4010
4011
4014
4015
4019
4023
4024
4028
4031
4050
4051
4056
4058
4059
4060
4062
4064
4066
4068
4069
4071
4097
4102
4106
4113
4114
4115
4120
4124
4125
4129
4143
4147
4149
4150
4152
4170
4201
4205
4206
4210
4212
4213
4219
4221
4222
4224
4228
4230
4231
4233
4251
4275
4276
4277
4305
4309
4311
4312
4314
4320
4321
4322
4323
4332
4356
4357
4358
4374
4375
4380
4382
4383
4384
4388
4424
4428
4429
4433
4436
4445
4446
4447
4452
4455
4456
4461
4463
4464
4465
4469
4482
4483
4484
4485
4488
4496
4497
4500
4501
4518
4519
4520
4525
4526
4527
4528
4529
4530
4533
4534
4536
4537
4543
4545
4546
4563
4564
4565
4566
4569
4577
4578
4581
4582
4586
4590
4591
4595
4598
4607
4608
4609
4614
4634
4640
4641
4643
4667
4671
4672
4676
4679
4687
4691
4692
4696
4715
4721
4722
4724
4725
4726
4727
4728
4731
4737
4739
4740
4743
4744
4745
4748
4750
4752
4753
4754
4757
4760
4768
4772
4773
4777
4779
4780
4785
4787
4788
4789
4793
4922
4931
4932
4933
4958
4964
4965
4967
4989
4990
4994
4998
4999
5003
5004
5005
5006
5012
5013
5014
5019
5022
5023
5028
5030
5031
5032
5034
5035
5036
5038
5039
5040
5041
5043
5045
5046
5048
5049
5050
5051
5052
5061
5070
5071
5072
5075
5076
5077
5079
5080
5081
5084
5085
5086
5087
5103
5104
5110
5112
5113
5142
5150
5155
5159
5166
5167
5168
5184
5185
5191
5193
5194
5211
5212
5213
5214
5247
5248
5249
5254
5255
5256
5257
5258
5259
5262
5263
5265
5266
5272
5274
5275
5292
5293
5294
5295
5298
5306
5307
5310
5311
5315
5319
5320
5324
5327
5336
5337
5338
5343
5363
5369
5370
5372
5416
5420
5421
5425
5454
5455
5456
5457
5466
5474
5475
5476
5479
5480
5483
5484
5485
5497
5501
5502
5506
5529
5530
5535
5536
5538
5539
5544
5545
5556
5557
5561
5565
5566
5570
5579
5580
5581
5610
5611
5616
5617
5619
5620
5625
5626
5651
5660
5661
5662
5687
5693
5694
5696
5718
5719
5723
5727
5728
5732
5741
5742
5743
5748
5751
5752
5757
5759
5760
5761
5763
5764
5765
5768
5774
5775
5777
5799
5800
5801
5804
5805
5806
5808
5809
5810
5813
5832
5833
5838
5840
5841
5842
5844
5845
5846
5849
5882
5886
5887
5891
5894
5903
5904
5905
5910
5913
5914
5919
5921
5922
5923
5925
5926
5927
5930
5934
5935
5940
5941
5943
5944
5946
5949
5950
5954
5955
5958
5959
5975
5984
5985
5986
5991
6027
6035
6036
6039
6040
6044
6048
6049
6053
6056
6065
6066
6067
6072
6092
6098
6099
6101
6204
6205
6209
6213
6214
6258
6259
6264
6265
6267
6268
6270
6273
6274
6278
6279
6282
6283
6285
6286
6290
6294
6295
6299
6308
6309
6310
6318
6319
6324
6326
6327
6328
6332
6335
6339
6340
6341
6342
6344
6345
6346
6348
6349
6351
6354
6355
6359
6360
6363
6364
6389
6390
6391
6396
6561
6562
6567
6568
6569
6570
6571
6573
6574
6575
6576
6577
6578
6582
6583
6600
6608
6611
6613
6615
6616
6617
6620
6623
6624
6625
6626
6632
6633
6634
6639
6642
6643
6648
6649
6650
6651
6652
6654
6655
6656
6657
6658
6659
6663
6664
6669
6670
6672
6673
6675
6678
6679
6681
6682
6683
6684
6685
6687
6688
6690
6691
6696
6697
6704
6705
6706
6708
6709
6711
6712
6713
6714
6715
6717
6718
6750
6751
6759
6760
6762
6763
6765
6766
6771
6772
6874
6878
6879
6883
6912
6913
6914
6915
6924
6932
6937
6941
6955
6959
6960
6964
6978
6982
6984
6985
6987
6999
7007
7008
7011
7012
7013
7018
7022
7029
7030
7031
7036
7040
7041
7045
7047
7048
7053
7055
7056
7057
7059
7061
7063
7064
7065
7066
7068
7070
7071
7073
7080
7086
7088
7089
7092
7093
7109
7117
7118
7119
7120
7121
7122
7125
7126
7128
7129
7135
7137
7138
7140
7144
7145
7146
7147
7149
7151
7152
7154
7167
7176
7177
7181
7185
7186
7190
7199
7200
7201
7206
7209
7210
7215
7217
7218
7219
7221
7222
7223
7226
7232
7233
7235
7257
7258
7259
7262
7263
7264
7266
7267
7268
7271
7290
7291
7296
7297
7298
7299
7300
7302
7303
7304
7305
7306
7307
7311
7312
7329
7337
7340
7342
7344
7345
7346
7349
7352
7353
7354
7355
7361
7362
7363
7368
7371
7372
7377
7378
7379
7380
7381
7383
7384
7385
7386
7387
7388
7392
7393
7398
7399
7401
7402
7404
7407
7408
7410
7411
7412
7413
7414
7416
7417
7419
7420
7425
7426
7433
7434
7435
7437
7438
7440
7441
7442
7443
7444
7446
7447
7473
7474
7479
7480
7482
7483
7488
7489
7491
7492
7494
7495
7500
7501
7533
7534
7541
7542
7543
7545
7546
7548
7549
7550
7554
7555
7560
7561
7563
7564
7569
7570
7581
7582
7583
7586
7587
7588
7590
7591
7592
7595
7614
7615
7622
7623
7624
7626
7627
7629
7630
7631
7635
7636
7637
7638
7640
7641
7642
7647
7650
7651
7653
7654
7655
7656
7657
7659
7660
7662
7663
7664
7668
7669
7673
7676
7677
7678
7680
7681
7683
7684
7689
7690
7695
7696
7701
7703
7704
7705
7709
7722
7723
7731
7732
7734
7735
7737
7738
7743
7744
7776
7777
7785
7786
7788
7789
7791
7792
7797
7798
7838
7847
7848
7849
7857
7858
7866
7867
7869
7870
7872
7873
7878
7879
7884
7885
7893
7894
7896
7897
7899
7900
7905
7906
7910
7911
7912
7914
7915
7919
7920
7921
7923
7924
7926
7927
7928
7929
7930
7932
7933
7938
7939
7946
7947
7948
7950
7951
7955
7965
7966
7974
7975
7977
7978
7980
7981
7986
7987
7991
7995
7996
8202
8203
8208
8209
8211
8212
8217
8218
8262
8263
8270
8271
8272
8274
8275
8277
8278
8279
8283
8284
8289
8290
8292
8293
8298
8299
8310
8311
8315
8319
8320
8343
8344
8351
8352
8353
8355
8356
8358
8359
8360
8364
8365
8370
8371
8379
8380
8382
8383
8385
8386
8391
8392
8397
8398
8406
8407
8409
8410
8412
8413
8418
8419
8451
8452
8460
8461
8463
8464
8466
8467
8472
8473
8748
8749
8756
8757
8758
8760
8761
8763
8764
8765
8769
8770
8810
8819
8820
8821
8829
8830
8837
8838
8839
8841
8842
8844
8845
8846
8850
8851
8856
8857
8859
8860
8865
8866
8868
8869
8871
8872
8877
8878
8883
8884
8891
8892
8893
8895
8896
8898
8899
8900
8901
8902
8904
8905
8931
8932
8937
8938
8940
8941
8946
8947
8949
8950
8952
8953
8958
8959
8991
8992
8999
9000
9001
9003
9004
9008
9012
9013
9018
9019
9021
9022
9027
9028
9039
9040
9044
9048
9049
9072
9073
9080
9081
9082
9084
9085
9089
9120
9121
9125
9129
9130
9174
9175
9180
9181
9183
9184
9186
9189
9190
9194
9195
9198
9199
9201
9202
9206
9210
9211
9215
9224
9225
9226
9234
9235
9240
9242
9243
9244
9248
9251
9255
9256
9257
9258
9260
9261
9262
9264
9265
9267
9270
9271
9275
9276
9279
9280
9305
9306
9307
9312
9477
9478
9485
9486
9487
9489
9490
9492
9493
9494
9498
9499
9539
9548
9549
9550
9558
9559
9566
9567
9568
9570
9571
9573
9574
9575
9579
9580
9585
9586
9588
9589
9594
9595
9597
9598
9600
9601
9606
9607
9612
9613
9620
9621
9622
9624
9625
9627
9628
9629
9630
9631
9633
9634
9636
9666
9667
9672
9675
9676
9678
9679
9680
9681
9682
9684
9685
9687
9688
9689
9693
9694
9698
9701
9710
9711
9712
9717
9720
9721
9729
9730
9732
9733
9735
9736
9737
9741
9742
9743
9744
9746
9770
9774
9775
9779
9782
9801
9802
9810
9811
9813
9814
9816
9817
9818
9822
9823
9824
9825
9827
9828
9829
9834
9837
9838
9840
9841
9842
9843
9844
9846
9847
9849
9850
9851
9855
9856
9860
9863
9864
9865
9867
9868
9870
9871
9876
9877
9882
9883
9888
9890
9891
9892
9896
9909
9910
9915
9918
9919
9921
9922
9923
9924
9925
9927
9928
9930
9931
9963
9964
9969
9971
9972
9973
9975
9976
9977
9978
9979
9980
9984
9985
9986
9987
9989
9996
10004
10005
10008
10009
10034
10035
10036
10041
10044
10045
10053
10054
10056
10057
10059
10060
10065
10066
10071
10072
10080
10081
10083
10084
10086
10087
10092
10093
10098
10099
10107
10108
10110
10111
10113
10114
10119
10120
10152
10153
10161
10162
10164
10165
10167
10168
10173
10174
10206
10207
10212
10214
10215
10216
10220
10256
10260
10261
10265
10268
10277
10278
10279
10284
10287
10288
10293
10295
10296
10297
10301
10320
10328
10329
10332
10333
10449
10450
10458
10459
10461
10462
10464
10465
10470
10471
10530
10531
10539
10540
10542
10543
10545
10546
10551
10552
10557
10558
10566
10567
10569
10570
10572
10573
10578
10579
10584
10585
10593
10594
10596
10597
10599
10600
10605
10606
10638
10639
10647
10648
10650
10651
10653
10654
10659
10660
10935
10936
10944
10945
10947
10948
10950
10951
10956
10957
11016
11017
11025
11026
11028
11029
11031
11032
11037
11038
11043
11044
11052
11053
11055
11056
11058
11059
11064
11065
11070
11071
11079
11080
11082
11083
11085
11086
11091
11092
11124
11125
11133
11134
11136
11137
11139
11140
11145
11146
11483
11492
11493
11494
11550
11551
11555
11559
11560
11564
11573
11574
11575
11583
11584
11591
11592
11593
11595
11596
11600
11631
11632
11636
11640
11641
11664
11665
11673
11674
11676
11677
11679
11680
11685
11686
11745
11746
11754
11755
11757
11758
11760
11761
11766
11767
11772
11773
11781
11782
11784
11785
11787
11788
11793
11794
11799
11800
11808
11809
11811
11812
11814
11815
11820
11821
11853
11854
11862
11863
11865
11866
11868
11869
11874
11875
11907
11908
11916
11917
11919
11920
11922
11923
11928
11929
11988
11989
11997
11998
12000
12001
12003
12004
12009
12010
12015
12016
12024
12025
12027
12028
12030
12031
12036
12037
12041
12042
12043
12045
12046
12051
12052
12054
12055
12057
12058
12063
12064
12090
12091
12096
12097
12099
12100
12105
12106
12108
12109
12111
12112
12117
12118
12122
12126
12127
12131
12140
12141
12142
12150
12151
12159
12160
12162
12163
12165
12166
12171
12172
12177
12178
12180
12181
12186
12187
12212
12221
12222
12223
12231
12232
12240
12241
12243
12244
12246
12247
12252
12253
12258
12259
12267
12268
12270
12271
12273
12274
12279
12280
12284
12285
12286
12288
12289
12293
12294
12295
12297
12298
12300
12301
12302
12303
12304
12306
12307
12312
12313
12320
12321
12322
12324
12325
12329
12339
12340
12348
12349
12351
12352
12354
12355
12360
12361
12365
12369
12370
12393
12394
12401
12402
12403
12405
12406
12410
12455
12464
12465
12466
12474
12475
12482
12483
12484
12486
12487
12491
12495
12496
12501
12502
12504
12505
12510
12511
12536
12545
12546
12547
12636
12637
12645
12646
12648
12649
12651
12652
12657
12658
12717
12718
12726
12727
12729
12730
12732
12733
12738
12739
12744
12745
12753
12754
12756
12757
12759
12760
12765
12766
12770
12771
12772
12774
12775
12780
12781
12783
12784
12786
12787
12792
12793
12819
12820
12825
12826
12828
12829
12834
12835
12837
12838
12840
12841
12846
12847
12851
12855
12856
12860
12869
12870
12871
12900
12901
12906
12907
12909
12910
12915
12916
15309
15310
15318
15319
15321
15322
15324
15325
15330
15331
15390
15391
15399
15400
15402
15403
15405
15406
15411
15412
15417
15418
15426
15427
15429
15430
15432
15433
15438
15439
15444
15445
15453
15454
15456
15457
15459
15460
15465
15466
15498
15499
15507
15508
15510
15511
15513
15514
15519
15520
16038
16039
16047
16048
16050
16051
16053
16054
16059
16060
16119
16120
16128
16129
16131
16132
16134
16135
16140
16141
16146
16147
16155
16156
16158
16159
16161
16162
16167
16168
16173
16174
16182
16183
16185
16186
16188
16189
16194
16195
16227
16228
16236
16237
16239
16240
16242
16243
16248
16249
16281
16282
16290
16291
16293
16294
16296
16297
16302
16303
16362
16363
16371
16372
16374
16375
16377
16378
16383
16384
16389
16390
16398
16399
16401
16402
16404
16405
16410
16411
16416
16417
16425
16426
16428
16429
16431
16432
16437
16438
16470
16471
16479
16480
16482
16483
16485
16486
16491
16492
16524
16525
16533
16534
16536
16537
16539
16540
16545
16546
16605
16606
16614
16615
16617
16618
16620
16621
16626
16627
16632
16633
16641
16642
16644
16645
16647
16648
16653
16654
16659
16660
16668
16669
16671
16672
16674
16675
16680
16681
16713
16714
16722
16723
16725
16726
16728
16729
16734
16735
17010
17011
17019
17020
17022
17023
17025
17026
17031
17032
17091
17092
17100
17101
17103
17104
17106
17107
17112
17113
17118
17119
17127
17128
17130
17131
17133
17134
17139
17140
17145
17146
17154
17155
17157
17158
17160
17161
17166
17167
17199
17200
17208
17209
17211
17212
17214
17215
17220
17221
