6
7
9
10
13
15
49
51
52
54
55
60
61
63
64
69
70
73
78
79
81
82
85
87
88
90
91
96
105
106
112
114
115
117
123
132
135
136
139
157
159
468
469
486
487
492
493
495
496
540
541
546
547
549
550
567
568
573
574
576
577
591
592
630
631
672
681
700
702
703
711
712
729
730
735
736
738
739
744
781
783
784
789
790
792
793
799
807
808
810
811
816
817
819
820
825
834
835
852
861
862
864
865
868
886
888
915
916
942
943
945
946
951
952
954
955
1095
1104
1107
1108
1111
1176
1185
1188
1189
1192
1215
1216
1224
1225
1230
1237
1246
1251
1252
1291
1293
1372
1374
1399
1408
1413
1414
1419
1428
1431
1432
1435
