2
3
4
5
6
7
8
9
10
11
12
13
14
15
16
17
18
19
20
21
22
24
25
26
27
28
29
30
31
32
33
34
35
36
37
39
40
41
42
43
44
45
46
47
48
49
50
51
53
54
55
56
57
58
60
61
63
64
65
68
69
70
71
72
73
74
75
78
79
80
81
82
83
84
85
86
87
88
89
90
91
92
93
96
97
99
100
101
105
106
107
108
109
111
112
113
114
116
117
118
123
124
125
130
132
133
135
136
137
138
139
141
142
144
145
146
150
151
159
160
162
163
164
168
169
171
172
173
177
178
180
181
182
186
187
216
217
218
222
223
225
226
227
231
232
243
244
246
248
251
252
253
255
270
271
273
275
278
284
287
288
289
291
293
296
311
314
315
316
318
365
368
369
370
372
374
377
392
395
396
397
399
405
406
408
410
413
414
415
417
432
433
435
437
440
446
449
450
451
453
455
458
473
476
477
478
480
486
487
488
492
493
495
496
497
501
502
504
505
506
510
511
540
541
542
546
547
549
550
551
555
556
567
568
569
573
574
576
577
578
582
583
585
586
587
591
592
621
622
623
627
628
630
631
632
636
637
729
730
731
735
736
738
739
740
744
745
747
748
749
753
754
783
784
785
789
790
792
793
794
798
799
810
811
812
816
817
819
820
821
825
826
828
829
830
834
835
864
865
866
870
871
873
874
875
879
880
891
892
893
897
898
900
901
902
906
907
909
910
911
915
916
945
946
947
951
952
954
955
956
960
961
