2
3
4
5
6
7
8
9
10
11
12
13
14
15
16
17
18
19
20
21
22
23
24
25
26
27
28
29
30
31
32
33
34
35
36
37
39
40
41
42
43
44
45
46
47
48
49
50
51
52
53
54
55
56
57
58
59
60
61
62
63
64
65
66
67
68
69
70
71
72
73
74
75
76
77
78
79
80
81
82
83
84
85
86
87
88
89
90
91
92
93
94
95
96
97
98
99
100
101
102
103
105
106
107
108
109
110
111
112
113
114
116
117
118
120
123
124
125
126
127
128
130
132
133
134
135
136
137
138
139
140
141
142
143
144
145
146
147
148
149
150
151
152
153
154
155
160
161
162
163
164
165
168
169
170
171
172
173
174
175
176
177
178
179
180
181
182
183
184
186
188
189
190
191
192
193
194
195
196
197
198
199
200
201
202
204
205
208
210
211
213
214
216
217
219
220
221
222
225
226
228
229
230
231
232
233
234
240
243
244
246
247
248
251
252
253
255
258
259
267
268
270
271
273
274
275
278
279
280
284
287
288
289
291
292
293
297
298
301
303
311
314
315
316
318
319
320
324
325
327
328
329
330
332
333
334
336
345
346
351
352
365
368
369
370
372
373
374
378
379
382
384
390
392
393
395
396
397
399
400
401
405
406
408
409
410
413
414
415
432
433
435
436
437
438
440
441
442
444
446
447
449
450
451
453
454
455
471
474
480
481
486
487
488
490
492
493
494
495
496
497
498
501
502
503
504
505
506
519
522
523
525
528
535
540
541
542
544
546
547
548
549
550
551
555
556
557
558
559
560
567
568
569
573
574
575
576
577
578
582
583
584
585
586
587
608
611
612
613
615
616
617
621
622
623
627
628
629
630
631
632
635
636
637
638
639
640
641
642
643
644
648
649
650
651
652
653
654
655
656
657
658
659
663
664
665
666
667
668
675
676
678
679
680
683
684
685
689
692
693
694
696
697
698
729
730
731
732
733
734
735
736
737
738
739
740
741
744
745
746
747
748
749
753
754
756
757
759
760
761
762
764
765
766
768
770
771
773
774
775
777
778
779
783
784
785
787
789
790
791
792
793
794
797
798
799
800
801
802
803
804
805
806
810
811
812
813
814
815
816
817
818
819
820
821
822
825
826
827
828
829
830
831
832
834
835
837
838
840
852
853
861
862
864
865
866
867
870
871
872
873
874
875
876
879
880
881
882
883
884
885
886
891
892
893
897
898
899
900
901
902
906
907
908
909
910
911
912
913
918
919
924
927
928
930
933
934
942
943
945
946
948
954
955
957
960
961
966
967
972
973
975
976
978
981
982
984
987
988
996
997
999
1000
1002
1095
1096
1104
1105
1107
1108
1110
1116
1117
1119
1122
1123
1176
1177
1185
1186
1188
1189
1191
1197
1198
1200
1203
1204
1215
1216
1217
1218
1221
1222
1223
1224
1225
1226
1227
1230
1231
1232
1233
1234
1235
1239
1240
1242
1243
1245
1269
1270
1271
1275
1276
1277
1278
1279
1280
1284
1285
1286
1287
1288
1289
1296
1297
1298
1299
1302
1303
1304
1305
1306
1307
1308
1311
1312
1313
1314
1315
1316
1320
1321
1323
1324
1326
1338
1339
1347
1348
1350
1351
1352
1353
1356
1357
1358
1359
1360
1361
1362
1365
1366
1367
1368
1369
1370
1377
1378
1379
1383
1384
1385
1386
1387
1388
1392
1393
1394
1395
1396
1397
1458
1459
1460
1464
1465
1466
1467
1468
1469
1473
1474
1475
1476
1477
1478
1512
1513
1514
1518
1519
1520
1521
1522
1523
1527
1528
1529
1530
1531
1532
1539
1540
1541
1545
1546
1547
1548
1549
1550
1554
1555
1556
1557
1558
1559
1593
1594
1595
1599
1600
1601
1602
1603
1604
1608
1609
1610
1611
1612
1613
1620
1621
1622
1626
1627
1628
1629
1630
1631
1635
1636
1637
1638
1639
1640
1824
1825
1833
1834
1836
1837
1839
1845
1846
1848
1851
1852
1905
1906
1914
1915
1917
1918
1920
1926
1927
1929
1932
1933
1944
1945
1947
1953
1954
1956
1959
1960
1968
1969
1971
1972
1974
2025
2026
2028
2034
2035
2037
2040
2041
2049
2050
2052
2053
2055
2067
2068
2076
2077
2079
2080
2082
2088
2089
2091
2094
2095
2187
2188
2190
2196
2197
2199
2202
2203
2211
2212
2214
2215
2217
2268
2269
2271
2277
2278
2280
2283
2284
2292
2293
2295
2296
2298
2310
2311
2319
2320
2322
2323
2325
2331
2332
2334
2337
2338
2391
2392
2400
2401
2403
2404
2406
2412
2413
2415
2418
2419
2430
2431
2433
2439
2440
2442
2445
2446
2454
2455
2457
2458
2460
