2
3
4
5
6
7
8
9
10
11
12
13
14
15
16
17
18
19
20
21
22
23
24
25
26
27
28
29
30
31
32
33
34
35
36
37
38
39
41
42
43
44
45
46
47
48
49
50
51
52
54
55
56
57
58
59
60
61
62
63
65
68
69
70
72
73
75
76
77
78
81
82
83
84
85
86
87
89
90
91
92
93
95
96
97
98
99
100
101
108
109
111
113
114
122
123
124
126
127
129
130
131
132
135
136
137
138
139
140
141
143
144
145
146
147
150
151
152
153
154
155
156
162
163
164
165
166
167
168
171
172
173
174
177
178
179
180
181
182
195
200
243
244
245
246
247
248
249
252
253
254
255
257
258
259
260
261
262
263
270
271
272
273
274
275
276
279
280
281
285
286
287
288
289
290
291
293
294
297
298
300
302
303
324
325
326
327
328
329
333
405
406
408
410
411
414
415
417
419
420
432
433
435
437
438
450
451
453
455
456
459
460
462
464
465
486
487
489
491
492
495
496
498
500
501
513
514
516
518
519
531
532
534
536
537
540
541
543
545
546
729
730
732
734
735
738
739
741
743
744
756
757
759
761
762
774
775
777
779
780
783
784
786
788
789
810
811
813
815
816
819
820
822
824
825
837
838
840
842
843
855
856
858
860
861
864
865
867
869
870
972
973
975
977
978
981
982
984
986
987
999
1000
