2
4
5
6
7
8
9
10
11
12
13
14
15
16
17
18
19
20
21
22
23
24
25
28
29
30
31
32
33
34
35
36
37
38
39
40
41
42
43
44
45
46
47
48
49
50
51
52
53
54
55
56
57
58
59
60
61
62
63
64
65
66
67
68
69
70
71
72
73
74
75
76
77
78
79
80
81
82
83
84
85
86
87
88
89
90
91
92
93
94
95
96
97
98
99
100
101
102
103
104
105
106
107
108
109
110
111
112
113
114
115
116
117
118
119
120
121
123
124
125
126
127
128
129
130
131
132
133
134
135
136
138
139
140
141
142
143
144
145
146
147
148
149
150
151
152
153
154
155
156
157
159
160
161
162
163
164
166
167
168
170
171
172
173
174
175
176
177
180
181
182
184
186
187
188
189
190
191
193
194
195
196
197
198
199
200
201
204
205
208
210
212
216
217
222
224
225
226
228
229
231
232
240
241
247
252
260
274
279
280
283
285
288
291
292
294
297
298
303
304
306
307
308
310
312
316
319
320
324
325
328
329
330
332
333
334
341
342
345
346
350
351
355
356
360
361
364
365
369
370
373
374
375
378
379
380
384
385
388
389
390
393
394
397
398
399
400
401
405
406
409
410
411
414
415
416
418
419
420
423
427
431
432
433
438
439
441
442
446
447
448
450
451
452
453
454
455
456
457
458
459
460
461
462
463
465
466
467
468
469
470
471
472
474
476
477
478
479
480
481
482
483
485
486
487
490
491
492
493
494
495
496
500
501
502
503
504
505
508
510
511
512
513
514
516
517
519
520
522
523
528
529
530
531
532
534
537
538
540
541
543
544
545
546
548
550
555
556
557
558
559
560
561
562
563
564
566
567
568
570
571
573
574
575
576
577
580
581
582
583
584
585
586
587
589
590
591
592
593
594
595
596
597
598
600
603
604
605
609
611
612
613
615
616
618
620
621
622
624
625
626
627
628
629
630
631
634
635
637
638
639
640
641
647
648
649
650
654
655
656
657
658
659
660
661
662
663
664
665
666
667
668
669
670
671
672
673
674
675
676
677
679
680
681
682
684
685
688
689
690
691
692
693
694
695
696
697
698
700
702
708
709
710
711
712
718
719
720
721
722
723
728
729
730
731
733
734
735
736
737
738
739
740
741
742
744
745
746
747
748
749
750
751
752
753
754
755
756
757
758
759
760
761
762
763
764
765
766
767
768
769
770
774
775
776
778
779
780
781
783
784
787
789
790
791
792
793
795
796
797
799
800
801
802
803
805
807
808
809
810
811
812
813
814
815
816
817
818
819
820
821
822
823
824
825
826
827
828
829
830
831
832
833
834
835
836
837
838
839
840
841
843
845
846
847
848
849
850
852
853
855
856
857
858
859
861
862
864
865
870
872
873
874
875
876
877
879
880
881
882
883
884
885
888
889
890
891
892
893
894
897
898
899
900
901
902
903
906
909
910
911
912
915
916
918
919
920
921
924
925
926
927
928
929
930
933
934
935
936
939
942
943
944
945
946
949
950
951
952
953
954
955
957
958
960
961
963
964
966
969
970
972
973
974
975
980
981
982
983
984
985
987
988
990
991
992
993
995
996
997
999
1000
1001
1002
1003
1004
1006
1008
1009
1011
1014
1015
1016
1018
1020
1022
1024
1025
1026
1030
1031
1032
1033
1034
1035
1036
1040
1044
1045
1050
1053
1054
1059
1062
1063
1065
1066
1068
1069
1070
1071
1072
1073
1074
1077
1078
1080
1081
1082
1083
1084
1089
1090
1092
1093
1095
1096
1099
1101
1102
1104
1105
1106
1107
1108
1111
1112
1113
1114
1115
1116
1117
1119
1120
1122
1123
1124
1125
1131
1132
1140
1142
1143
1144
1145
1149
1151
1152
1153
1154
1155
1161
1162
1163
1164
1167
1168
1170
1171
1176
1177
1180
1183
1188
1189
1190
1191
1192
1193
1194
1196
1197
1198
1200
1201
1202
1203
1204
1205
1212
1213
1215
1216
1221
1222
1223
1224
1225
1227
1228
1230
1231
1232
1239
1240
1241
1248
1249
1251
1252
1257
1258
1260
1261
1262
1269
1274
1275
1282
1283
1284
1287
1288
1296
1297
1300
1302
1303
1304
1305
1306
1308
1309
1311
1312
1313
1314
1320
1321
1323
1324
1332
1333
1335
1336
1338
1339
1341
1342
1347
1348
1350
1351
1353
1354
1356
1357
1358
1359
1360
1362
1363
1365
1366
1367
1368
1369
1374
1375
1376
1377
1378
1379
1385
1386
1387
1394
1395
1396
1402
1404
1410
1411
1413
1428
1429
1431
1432
1438
1439
1440
1441
1443
1444
1446
1447
1455
1456
1458
1459
1460
1466
1467
1468
1469
1470
1475
1476
1477
1478
1507
1508
1509
1512
1513
1520
1529
1530
1531
1532
1538
1539
1540
1541
1547
1548
1549
1550
1551
1557
1558
1559
1560
1563
1566
1567
1568
1569
1570
1575
1576
1578
1584
1590
1593
1603
1606
1612
1620
1621
1622
1628
1629
1630
1631
1632
1638
1639
1640
1648
1653
1654
1662
1663
1674
1678
1679
1680
1687
1701
1702
1710
1711
1720
1729
1743
1744
1745
1752
1753
1754
1755
1759
1762
1763
1764
1765
1773
1774
1799
1800
1802
1809
1811
1812
1820
1821
1824
1825
1833
1834
1835
1836
1837
1843
1844
1845
1848
1855
1860
1870
1872
1882
1883
1887
1890
1892
1893
1894
1944
1945
1953
1954
1956
1957
1959
1960
1968
1969
2025
2026
2034
2035
2037
2038
2040
2041
2049
2050
2052
2053
2061
2062
2064
2065
2067
2068
2076
2077
2079
2080
2088
2089
2091
2092
2094
2095
2103
2104
2160
2161
2169
2170
2172
2173
2175
2176
2184
2185
2461
2466
2467
2470
2497
2506
2507
2511
2512
2515
2516
2517
2520
2521
2542
2547
2548
2551
2740
2768
2769
2778
2785
2790
2791
2794
2821
2830
2831
2859
2866
2871
2872
2875
2876
2880
2881
2885
2911
2912
2916
2917
2920
2921
2922
2925
2926
2947
2952
2953
2956
2957
2961
2962
2966
2967
2970
2971
2976
2997
2998
3001
3002
3003
3006
3007
3190
3195
3196
3199
3226
3235
3236
3240
3241
3244
3245
3246
3249
3250
3271
3276
3277
3280
3281
3285
3286
3290
3316
3317
3321
3322
3325
3326
3327
3330
3331
3335
3336
3362
3366
3367
3371
3559
3560
3588
3595
3600
3601
3604
3605
3609
3610
3614
3640
3641
3645
3646
3649
3650
3651
3654
3655
3676
3681
3682
3685
3686
3690
3691
3695
3696
3699
3700
3705
3726
3727
3730
3731
3732
3735
3736
3740
3741
3767
3771
3772
3776
3777
3780
3781
3786
3793
3821
3822
3942
3943
3951
3952
3986
3993
3994
3995
4002
4003
4010
4011
4012
4014
4015
4019
4023
4024
4032
4033
4045
4046
4050
4051
4054
4055
4056
4059
4060
4064
4065
4067
4074
4075
4076
4091
4095
4096
4100
4101
4104
4105
4110
4131
4132
4135
4136
4137
4140
4141
4145
4146
4155
4182
4185
4186
4191
4374
4375
4378
4379
4380
4381
4382
4383
4384
4389
4390
4405
4410
4411
4414
4415
4419
4420
4424
4425
4428
4429
4434
4437
4438
4445
4446
4447
4454
4455
4456
4459
4460
4461
4462
4463
4464
4465
4469
4470
4471
4496
4500
4501
4505
4506
4509
4510
4515
4518
4519
4522
4526
4527
4528
4535
4550
4551
4560
4569
4570
4578
4579
4587
4590
4591
4596
4599
4600
4603
4607
4608
4609
4612
4613
4616
4641
4650
4651
4659
4660
4671
4672
4680
4681
4715
4722
4723
4724
4731
4732
4740
4741
4752
4753
4761
4762
4796
4803
4804
4805
4830
4833
4834
4839
4860
4861
4864
4865
4866
4869
4870
4874
4875
4884
4911
4914
4915
4920
4922
4931
4932
4933
4934
4940
4989
4994
5003
5012
5013
5014
5015
5021
5022
5023
5024
5030
5031
5032
5033
5034
5040
5041
5042
5084
5093
5094
5095
5096
5102
5103
5104
5109
5110
5111
5112
5113
5118
5119
5157
5158
5166
5167
5174
5175
5176
5183
5184
5185
5190
5191
5192
5193
5194
5199
5200
5238
5239
5247
5248
5255
5256
5257
5264
5298
5299
5307
5308
5319
5320
5328
5329
5336
5337
5338
5345
5379
5380
5388
5389
5475
5480
5529
5535
5536
5537
5538
5547
5556
5561
5570
5579
5580
5581
5582
5588
5637
5642
5651
5660
5661
5662
5663
5669
5687
5694
5695
5696
5718
5723
5732
5741
5742
5743
5744
5750
5751
5752
5753
5757
5758
5759
5760
5761
5762
5763
5766
5767
5768
5769
5770
5771
5775
5776
5777
5813
5822
5823
5824
5825
5831
5832
5833
5834
5838
5839
5840
5841
5842
5843
5844
5847
5848
5850
5851
5852
5886
5887
5894
5895
5896
5903
5904
5905
5906
5912
5913
5914
5915
5919
5920
5921
5922
5923
5924
5925
5928
5929
5931
5932
5933
5934
5940
5941
5942
5943
5952
5967
5968
5976
5977
5984
5985
5986
5993
5994
5995
5996
6002
6003
6004
6005
6006
6012
6013
6014
6027
6028
6036
6037
6048
6049
6057
6058
6065
6066
6067
6074
6108
6109
6117
6118
6380
6389
6390
6391
6392
6398
6416
6423
6424
6425
6447
6452
6461
6470
6471
6472
6473
6479
6480
6481
6482
6486
6487
6488
6489
6490
6491
6492
6495
6496
6497
6498
6499
6500
6504
6505
6506
6542
6551
6552
6553
6554
6560
6561
6562
6563
6565
6566
6567
6568
6569
6570
6571
6572
6573
6574
6576
6577
6579
6580
6581
6585
6586
6592
6597
6598
6601
6602
6606
6607
6611
6612
6615
6616
6621
6623
6624
6625
6632
6633
6634
6635
6641
6642
6643
6644
6646
6647
6648
6649
6650
6651
6652
6653
6654
6655
6657
6658
6660
6661
6662
6663
6666
6667
6669
6670
6671
6672
6678
6679
6681
6682
6684
6685
6693
6694
6696
6697
6705
6706
6708
6709
6711
6712
6720
6721
6723
6724
6725
6731
6732
6733
6734
6735
6741
6742
6743
6777
6778
6786
6787
6789
6790
6792
6793
6801
6802
6835
6840
6841
6844
6871
6880
6881
6885
6886
6889
6890
6891
6894
6895
6916
6921
6922
6925
6926
6930
6931
6935
6961
6962
6966
6967
6970
6971
6972
6975
6976
6980
6981
6999
7000
7007
7008
7009
7011
7012
7016
7017
7020
7021
7026
7047
7048
7051
7052
7053
7054
7055
7056
7057
7061
7062
7063
7064
7071
7072
7073
7080
7081
7089
7090
7098
7101
7102
7107
7109
7118
7119
7120
7121
7127
7128
7129
7134
7135
7136
7137
7138
7143
7144
7145
7152
7153
7154
7176
7181
7190
7199
7200
7201
7202
7208
7209
7210
7211
7215
7216
7217
7218
7219
7220
7221
7224
7225
7226
7227
7228
7229
7233
7234
7235
7271
7280
7281
7282
7283
7289
7290
7291
7292
7294
7295
7296
7297
7298
7299
7300
7301
7302
7303
7305
7306
7308
7309
7310
7314
7315
7321
7326
7327
7330
7331
7335
7336
7340
7341
7344
7345
7350
7352
7353
7354
7361
7362
7363
7364
7370
7371
7372
7373
7375
7376
7377
7378
7379
7380
7381
7382
7383
7384
7386
7387
7389
7390
7391
7392
7395
7396
7398
7399
7400
7401
7407
7408
7410
7411
7413
7414
7422
7423
7425
7426
7434
7435
7437
7438
7440
7441
7449
7450
7452
7453
7454
7460
7461
7462
7463
7464
7470
7471
7472
7473
7479
7480
7481
7482
7491
7506
7507
7515
7516
7518
7519
7521
7522
7530
7531
7533
7534
7535
7541
7542
7543
7544
7545
7546
7548
7549
7551
7552
7553
7554
7557
7558
7560
7561
7562
7563
7572
7581
7586
7614
7615
7623
7624
7626
7627
7629
7630
7635
7638
7639
7641
7642
7643
7644
7650
7651
7653
7654
7656
7657
7665
7666
7668
7669
7677
7678
7680
7681
7683
7684
7692
7693
7728
7729
7737
7738
7749
7750
7758
7759
7761
7762
7764
7765
7773
7774
7776
7777
7782
7783
7784
7785
7786
7788
7789
7791
7792
7793
7800
7801
7802
7809
7810
7818
7819
7857
7858
7863
7864
7865
7866
7867
7869
7870
7872
7873
7881
7882
7884
7885
7893
7894
7896
7897
7899
7900
7908
7909
7911
7912
7920
7921
7923
7924
7926
7927
7935
7936
7992
7993
8001
8002
8004
8005
8007
8008
8016
8017
8019
8020
8021
8027
8028
8029
8030
8031
8037
8038
8039
8081
8090
8091
8092
8093
8099
8100
8101
8102
8108
8109
8110
8111
8112
8118
8119
8120
8121
8127
8128
8129
8130
8139
8181
8182
8183
8189
8190
8191
8192
8193
8199
8200
8201
8202
8208
8209
8210
8211
8220
8262
8263
8264
8270
8271
8272
8273
8274
8280
8281
8282
8283
8289
8290
8291
8292
8301
8310
8315
8364
8370
8371
8372
8373
8382
8505
8506
8514
8515
8517
8518
8520
8521
8529
8530
8586
8587
8595
8596
8598
8599
8601
8602
8610
8611
8613
8614
8622
8623
8625
8626
8628
8629
8637
8638
8640
8641
8649
8650
8652
8653
8655
8656
8664
8665
8721
8722
8730
8731
8733
8734
8736
8737
8745
8746
8748
8749
8750
8756
8757
8758
8759
8760
8761
8763
8764
8766
8767
8768
8772
8773
8810
8819
8820
8821
8822
8828
8829
8830
8831
8837
8838
8839
8840
8841
8842
8844
8845
8847
8848
8849
8850
8853
8854
8856
8857
8858
8859
8865
8866
8868
8869
8871
8872
8880
8881
8883
8884
8892
8893
8895
8896
8898
8899
8907
8908
8910
8911
8912
8918
8919
8920
8921
8922
8928
8929
8930
8931
8937
8938
8939
8940
8949
8964
8965
8973
8974
8976
8977
8979
8980
8988
8989
8991
8992
8993
8999
9000
9001
9002
9003
9009
9010
9011
9012
9018
9019
9020
9021
9030
9039
9044
9093
9099
9100
9101
9102
9111
9120
9125
9174
9180
9181
9182
9183
9192
9201
9206
9215
9224
9225
9226
9227
9233
9282
9287
9477
9478
9486
9487
9489
9490
9492
9493
9501
9502
9558
9559
9567
9568
9570
9571
9573
9574
9582
9583
9585
9586
9594
9595
9597
9598
9600
9601
9609
9610
9612
9613
9621
9622
9624
9625
9627
9628
9636
9637
9660
9666
9667
9668
9669
9678
9693
9694
9702
9703
9705
9706
9708
9709
9717
9718
9720
9721
9722
9728
9729
9730
9731
9732
9733
9735
9736
9738
9739
9740
9741
9744
9745
9747
9748
9749
9750
9759
9768
9773
9801
9802
9810
9811
9813
9814
9816
9817
9822
9825
9826
9828
9829
9830
9831
9837
9838
9840
9841
9843
9844
9852
9853
9855
9856
9864
9865
9867
9868
9870
9871
9879
9880
9936
9937
9945
9946
9948
9949
9951
9952
9960
9961
9963
9964
9972
9973
9975
9976
9978
9979
9987
9988
10044
10045
10053
10054
10056
10057
10059
10060
10068
10069
10071
10072
10080
10081
10083
10084
10086
10087
10095
10096
10098
10099
10107
10108
10110
10111
10113
10114
10122
10123
10179
10180
10188
10189
10191
10192
10194
10195
10203
10204
10503
10504
10512
10513
10547
10554
10555
10556
10563
10564
10572
10573
10584
10585
10593
10594
10628
10635
10636
10637
10692
10693
10701
10702
10704
10705
10707
10708
10716
10717
10773
10774
10782
10783
10785
10786
10788
10789
10797
10798
10800
10801
10809
10810
10812
10813
10815
10816
10824
10825
10827
10828
10836
10837
10839
10840
10842
10843
10851
10852
10908
10909
10917
10918
10920
10921
10923
10924
10932
10933
10935
10936
10941
10942
10943
10944
10945
10947
10948
10950
10951
10959
10960
10989
10990
10998
10999
11006
11007
11008
11015
11016
11017
11022
11023
11024
11025
11026
11028
11029
11031
11032
11040
11041
11043
11044
11052
11053
11055
11056
11058
11059
11067
11068
11070
11071
11079
11080
11082
11083
11085
11086
11087
11088
11089
11094
11095
11096
11130
11131
11139
11140
11151
11152
11160
11161
11163
11164
11166
11167
11168
11169
11170
11175
11176
11177
11211
11212
11220
11221
11232
11233
11241
11242
11276
11283
11284
11285
11292
11293
11301
11302
11313
11314
11322
11323
11357
11364
11365
11366
11664
11665
11670
11671
11672
11673
11674
11676
11677
11679
11680
11688
11689
11718
11719
11727
11728
11735
11736
11737
11744
11745
11746
11751
11752
11753
11754
11755
11757
11758
11760
11761
11769
11770
11772
11773
11781
11782
11784
11785
11787
11788
11796
11797
11799
11800
11808
11809
11811
11812
11814
11815
11823
11824
11880
11881
11889
11890
11892
11893
11895
11896
11904
11905
11907
11908
11916
11917
11919
11920
11922
11923
11931
11932
11988
11989
11997
11998
12000
12001
12003
12004
12012
12013
12015
12016
12024
12025
12027
12028
12030
12031
12039
12040
12042
12043
12051
12052
12054
12055
12057
12058
12066
12067
12123
12124
12132
12133
12135
12136
12138
12139
12147
12148
12150
12151
12159
12160
12162
12163
12165
12166
12174
12175
12231
12232
12240
12241
12243
12244
12246
12247
12255
12256
12258
12259
12267
12268
12270
12271
12273
12274
12282
12283
12285
12286
12294
12295
12297
12298
12300
12301
12309
12310
12366
12367
12375
12376
12378
12379
12381
12382
12390
12391
12879
12880
12888
12889
12891
12892
12894
12895
12903
12904
12960
12961
12969
12970
12972
12973
12975
12976
12984
12985
12987
12988
12996
12997
12999
13000
13002
13003
13011
13012
13014
13015
13023
13024
13026
13027
13029
13030
13038
13039
13095
13096
13104
13105
13107
13108
13110
13111
13119
13120
13122
13123
13124
13130
13131
13132
13133
13134
13140
13141
13142
13184
13193
13194
13195
13196
13202
13203
13204
13205
13211
13212
13213
13214
13215
13221
13222
13223
13224
13230
13231
13232
13233
13242
13284
13285
13286
13292
13293
13294
13295
13296
13302
13303
13304
13670
13679
13680
13681
13682
13688
13737
13742
13751
13760
13761
13762
13763
13769
13770
13771
13772
13778
13779
13780
13781
13782
13788
13789
13790
13832
13841
13842
13843
13844
13850
13851
13852
13853
13859
13860
13861
13862
13863
13869
13870
13871
13913
13922
13923
13924
13925
13931
13932
13933
13934
13940
13941
13942
13943
13944
13950
13951
13952
13953
13959
13960
13961
13962
13971
14013
14014
14015
14021
14022
14023
14024
14025
14031
14032
14033
14034
14040
14041
14042
14043
14052
14094
14095
14096
14102
14103
14104
14105
14106
14112
14113
14114
14115
14121
14122
14123
14124
14133
14142
14147
14196
14202
14203
14204
14205
14214
14580
14581
14582
14588
14589
14590
14591
14592
14598
14599
14600
14642
14651
14652
14653
14654
14660
14661
14662
14663
14669
14670
14671
14672
14673
14679
14680
14681
14682
14688
14689
14690
14691
14700
14742
14743
14744
14750
14751
14752
14753
14754
14760
14761
14762
17496
17497
17505
17506
17508
17509
17511
17512
17520
17521
17577
17578
17586
17587
17589
17590
17592
17593
17601
17602
17604
17605
17613
17614
17616
17617
17619
17620
17628
17629
17631
17632
17640
17641
17643
17644
17646
17647
17655
17656
17712
17713
17721
17722
17724
17725
17727
17728
17736
17737
18225
18226
18234
18235
18237
18238
18240
18241
18249
18250
18306
18307
18315
18316
18318
18319
18321
18322
18330
18331
18333
18334
18342
18343
18345
18346
18348
18349
18357
18358
18360
18361
18369
18370
18372
18373
18375
18376
18384
18385
18441
18442
18450
18451
18453
18454
18456
18457
18465
18466
18468
18469
18477
18478
18480
18481
18483
18484
18492
18493
18549
18550
18558
18559
18561
18562
18564
18565
18573
18574
18576
18577
18585
18586
18588
18589
18591
18592
18600
18601
18603
18604
18612
18613
18615
18616
18618
18619
18627
18628
18684
18685
18693
18694
18696
18697
18699
18700
18708
18709
18711
18712
18720
18721
18723
18724
18726
18727
18735
18736
18792
18793
18801
18802
18804
18805
18807
18808
18816
18817
18819
18820
18828
18829
18831
18832
18834
18835
18843
18844
18846
18847
18855
18856
18858
18859
18861
18862
18870
18871
18927
18928
18936
18937
18939
18940
18942
18943
18951
18952
19440
19441
19449
19450
19452
19453
19455
19456
19464
19465
19521
19522
19530
19531
19533
19534
19536
19537
19545
19546
19548
19549
19557
19558
19560
19561
19563
19564
19572
19573
19575
19576
19584
19585
19587
19588
19590
19591
19599
19600
19656
19657
19665
19666
19668
19669
19671
19672
19680
19681
