9
10
26
35
73
81
82
90
91
116
234
235
287
296
315
316
584
586
657
729
730
738
739
755
764
810
811
819
820
845
1016
1025
1044
1045
1898
1907
2042
2044
2106
2107
2115
2116
2555
2564
2583
2584
2627
2636
2645
2664
2665
2835
2836
2844
2845
2870
6561
6562
6570
6571
6587
6596
6642
6643
6651
6652
6677
6795
6796
6848
6857
6876
6877
7290
7291
7299
7300
7316
7325
7371
7372
7380
7381
7406
7577
7586
7605
7606
9116
9125
9144
9145
9197
9206
9225
9226
9396
9397
9405
9406
9431
22967
22976
22995
22996
23048
23057
23076
23077
23247
23248
23256
23257
23282
23696
23705
23724
23725
23777
23786
23805
23806
23976
23977
23985
23986
24011
25515
25516
25524
25525
25550
25596
25597
25605
25606
25631
25802
25811
25830
25831
