2
3
4
5
6
7
8
9
10
11
12
13
14
15
16
17
18
19
20
21
22
23
24
25
26
27
28
29
30
31
32
33
34
35
36
37
38
39
40
41
42
43
44
45
46
47
48
49
50
51
52
53
54
55
56
57
58
59
60
61
62
63
64
65
66
67
68
69
70
71
72
73
74
75
76
77
78
79
80
81
82
83
84
85
86
87
88
89
90
91
92
93
94
95
96
97
98
99
100
101
102
103
104
105
106
107
108
109
110
111
112
113
114
115
116
117
118
119
120
121
122
123
124
125
126
127
128
129
130
131
132
133
134
135
136
137
138
139
140
141
142
143
144
145
146
147
148
149
150
151
152
153
154
155
156
157
158
159
160
161
162
163
164
165
166
167
168
169
170
171
172
173
174
175
176
177
178
179
180
181
182
183
184
185
186
187
188
189
190
191
192
193
194
195
196
197
198
199
200
201
202
203
204
205
206
207
208
209
210
211
212
213
214
215
216
217
218
219
220
221
222
223
224
225
226
227
228
229
230
231
232
233
234
235
236
237
238
239
240
241
242
243
244
245
246
247
248
249
250
251
252
253
254
255
256
257
258
259
260
261
262
263
264
265
266
267
268
269
270
271
272
273
274
275
276
277
278
279
280
281
282
283
284
285
286
287
288
289
290
291
292
293
294
295
296
297
298
299
300
301
302
303
304
305
306
307
308
309
310
311
312
313
314
315
316
317
318
319
320
321
322
323
324
325
326
327
328
329
330
331
332
333
334
335
336
337
338
339
340
341
342
343
344
345
346
347
348
349
350
351
352
353
354
355
357
358
359
360
361
362
363
364
365
366
367
368
369
370
371
372
373
374
375
376
377
378
379
380
381
382
383
384
385
386
387
388
389
390
391
392
393
394
395
396
397
398
399
400
401
402
403
404
405
406
407
408
409
410
411
412
413
414
415
417
418
419
420
421
422
423
424
425
426
427
428
429
430
431
432
433
434
435
436
437
438
439
440
441
442
443
444
445
446
447
448
449
450
451
452
453
454
455
456
457
458
459
460
461
462
463
464
465
466
467
468
469
470
471
472
473
474
475
476
477
478
479
480
481
482
483
484
485
486
487
488
489
490
491
492
493
494
495
496
497
498
499
500
501
502
503
504
505
506
507
508
509
510
511
512
513
514
515
516
517
518
519
520
521
522
523
524
525
526
527
528
529
530
531
532
533
534
535
536
537
538
539
540
541
542
543
544
545
546
547
548
549
550
551
552
553
554
555
556
557
558
559
560
561
562
563
564
565
566
567
568
569
570
571
572
573
574
575
576
577
578
579
580
581
582
583
584
585
586
587
588
589
590
591
592
593
594
595
596
597
598
599
600
601
602
603
604
605
606
607
608
609
610
611
612
613
614
615
616
617
618
619
620
621
622
623
624
625
626
627
628
629
630
631
632
633
634
635
636
637
638
639
640
641
642
643
644
645
646
647
648
649
650
651
652
653
654
655
656
657
658
659
660
661
662
663
664
665
666
667
668
669
670
671
672
673
674
675
676
677
678
679
680
681
682
683
684
685
686
687
688
689
690
691
692
693
694
695
696
697
698
699
700
701
702
703
704
705
706
707
708
709
710
711
712
714
715
716
717
718
719
720
721
723
724
725
726
727
729
730
731
732
733
734
735
736
737
738
739
740
741
742
743
744
745
746
747
748
749
750
751
752
753
754
755
756
757
758
759
760
761
762
763
764
765
766
767
768
769
770
771
772
773
774
775
776
777
778
779
780
781
782
783
784
785
786
787
788
789
790
791
792
793
794
795
796
797
798
799
800
801
802
803
804
805
806
807
808
809
810
811
812
813
814
815
816
817
818
819
820
821
822
823
824
825
826
827
828
829
830
831
832
833
834
835
836
837
838
839
840
841
842
843
844
845
846
847
848
849
850
851
852
853
854
855
856
857
858
859
860
861
862
863
864
865
866
867
868
869
870
871
872
873
874
875
876
877
878
879
880
881
882
883
884
885
886
887
888
889
890
891
892
893
894
895
896
897
898
899
900
901
902
903
904
905
906
907
908
909
910
911
912
913
914
915
916
917
918
919
920
921
922
923
924
925
926
927
928
929
930
931
932
933
934
935
936
937
939
940
941
942
943
944
945
946
947
948
949
950
951
952
953
954
955
956
957
958
959
960
961
962
963
964
965
966
967
968
969
970
971
972
973
974
975
976
977
978
979
980
981
982
983
984
985
986
987
988
989
990
991
993
994
995
996
997
998
999
1000
1001
1002
1003
1004
1005
1006
1007
1008
1009
1010
1011
1012
1013
1014
1015
1016
1017
1018
1019
1020
1021
1022
1023
1024
1025
1026
1027
1028
1029
1030
1031
1032
1033
1034
1035
1036
1037
1038
1039
1040
1041
1042
1043
1044
1045
1046
1047
1048
1049
1050
1051
1052
1053
1054
1056
1057
1058
1059
1060
1061
1062
1063
1064
1065
1066
1067
1068
1069
1070
1071
1072
1073
1074
1075
1076
1077
1078
1079
1080
1081
1082
1083
1084
1085
1086
1087
1088
1089
1090
1091
1092
1093
1094
1095
1096
1097
1098
1099
1101
1102
1103
1104
1105
1106
1107
1108
1109
1110
1111
1112
1113
1114
1115
1116
1117
1118
1119
1120
1121
1122
1123
1124
1125
1126
1127
1128
1129
1130
1131
1132
1133
1134
1135
1136
1137
1138
1139
1140
1141
1142
1143
1144
1145
1146
1147
1148
1149
1150
1151
1152
1153
1154
1155
1156
1157
1158
1159
1160
1161
1162
1163
1164
1165
1166
1167
1168
1169
1170
1171
1173
1174
1176
1177
1178
1179
1180
1181
1182
1183
1184
1185
1186
1187
1188
1189
1190
1191
1192
1193
1194
1195
1196
1197
1198
1199
1200
1201
1202
1203
1204
1205
1206
1207
1208
1209
1210
1211
1213
1214
1215
1216
1217
1218
1219
1220
1221
1222
1223
1224
1225
1226
1227
1228
1229
1230
1231
1232
1233
1234
1235
1236
1237
1238
1239
1240
1241
1242
1243
1244
1245
1246
1247
1248
1249
1250
1251
1252
1253
1254
1255
1256
1257
1258
1259
1260
1261
1262
1263
1264
1266
1267
1268
1269
1270
1271
1272
1273
1274
1275
1276
1277
1278
1279
1280
1281
1282
1283
1284
1285
1286
1287
1288
1289
1290
1291
1292
1293
1294
1295
1296
1297
1298
1300
1301
1302
1303
1305
1306
1307
1308
1309
1310
1311
1312
1313
1314
1315
1316
1317
1318
1319
1320
1321
1322
1323
1324
1326
1327
1328
1329
1330
1331
1332
1333
1334
1335
1336
1337
1338
1339
1341
1342
1343
1344
1345
1346
1347
1348
1349
1350
1351
1352
1353
1354
1356
1357
1358
1359
1360
1361
1362
1363
1364
1365
1366
1367
1368
1369
1371
1372
1373
1374
1375
1377
1378
1379
1380
1381
1382
1383
1384
1385
1386
1387
1388
1389
1390
1392
1393
1394
1395
1396
1397
1398
1401
1402
1403
1404
1405
1407
1408
1410
1411
1412
1413
1414
1415
1416
1417
1418
1419
1420
1421
1422
1423
1424
1425
1426
1427
1428
1429
1430
1431
1432
1433
1434
1435
1436
1437
1438
1439
1440
1441
1442
1443
1444
1445
1446
1447
1448
1449
1450
1451
1452
1453
1454
1455
1458
1459
1460
1466
1467
1468
1469
1470
1473
1474
1475
1476
1477
1478
1481
1482
1483
1484
1486
1488
1489
1490
1491
1492
1493
1494
1495
1496
1498
1499
1500
1501
1502
1503
1504
1505
1506
1507
1508
1509
1510
1511
1512
1513
1514
1515
1516
1517
1518
1519
1520
1521
1522
1523
1524
1527
1528
1530
1531
1532
1533
1534
1535
1536
1537
1538
1539
1540
1541
1543
1545
1546
1547
1548
1549
1550
1551
1552
1553
1554
1555
1556
1557
1558
1559
1560
1561
1562
1563
1564
1565
1566
1567
1570
1571
1572
1573
1574
1575
1576
1577
1578
1579
1580
1581
1582
1583
1584
1585
1586
1587
1590
1591
1592
1593
1594
1595
1596
1597
1598
1599
1600
1601
1602
1603
1604
1605
1606
1607
1608
1610
1611
1612
1613
1614
1618
1619
1620
1621
1622
1624
1625
1629
1630
1631
1632
1633
1634
1635
1636
1637
1638
1639
1640
1641
1643
1644
1645
1646
1647
1648
1649
1650
1651
1652
1653
1654
1655
1656
1657
1658
1659
1660
1661
1662
1663
1664
1665
1666
1667
1668
1669
1670
1671
1672
1673
1674
1675
1676
1677
1678
1680
1681
1682
1683
1684
1685
1687
1690
1691
1692
1693
1694
1695
1699
1700
1701
1702
1704
1707
1708
1710
1711
1713
1714
1716
1717
1718
1719
1720
1722
1723
1724
1725
1727
1728
1729
1730
1731
1732
1735
1736
1737
1738
1740
1741
1743
1744
1745
1749
1750
1751
1752
1753
1754
1755
1756
1757
1758
1761
1762
1763
1764
1765
1766
1767
1768
1770
1771
1772
1773
1774
1775
1776
1777
1779
1780
1781
1782
1783
1788
1789
1791
1792
1794
1795
1797
1798
1800
1803
1804
1806
1807
1808
1809
1810
1813
1815
1816
1817
1818
1819
1821
1822
1824
1825
1826
1830
1831
1833
1834
1835
1836
1837
1838
1839
1842
1843
1844
1845
1846
1847
1848
1849
1851
1852
1853
1854
1855
1856
1857
1858
1861
1875
1879
1880
1881
1882
1884
1890
1891
1896
1897
1898
1899
1900
1901
1902
1903
1905
1906
1907
1909
1910
1911
1912
1914
1915
1916
1917
1918
1919
1920
1923
1924
1925
1926
1927
1928
1933
1935
1936
1937
1938
1942
1944
1945
1946
1953
1954
1955
1956
1959
1960
1961
1962
1963
1964
1965
1968
1969
1970
1971
1972
1977
1978
1979
1983
1986
1987
1988
1991
1992
1995
1996
1997
1998
1999
2000
2001
2004
2005
2006
2007
2008
2009
2011
2012
2013
2016
2017
2018
2025
2026
2027
2034
2035
2036
2040
2041
2042
2043
2044
2045
2049
2050
2051
2052
2053
2055
2058
2059
2060
2061
2062
2064
2069
2070
2071
2076
2078
2079
2080
2085
2086
2087
2088
2089
2090
2092
2093
2094
2096
2097
2098
2100
2101
2102
2106
2107
2108
2109
2111
2113
2115
2116
2117
2118
2121
2122
2123
2124
2125
2126
2127
2130
2131
2132
2133
2134
2135
2136
2137
2138
2139
2140
2141
2142
2143
2144
2145
2150
2151
2154
2155
2156
2157
2163
2164
2165
2166
2167
2168
2169
2170
2171
2173
2174
2175
2181
2182
2183
2187
2188
2190
2194
2196
2197
2199
2200
2201
2204
2208
2213
2214
2215
2216
2217
2219
2220
2222
2223
2225
2226
2227
2228
2231
2232
2233
2234
2235
2236
2237
2238
2239
2240
2243
2245
2246
2248
2249
2250
2251
2252
2255
2262
2263
2265
2266
2268
2269
2271
2272
2273
2274
2275
2277
2278
2280
2281
2282
2292
2293
2294
2295
2296
2297
2298
2299
2301
2302
2304
2305
2306
2308
2310
2311
2312
2314
2315
2319
2320
2321
2324
2326
2327
2328
2329
2330
2331
2332
2333
2335
2336
2338
2339
2340
2341
2342
2343
2346
2347
2349
2350
2352
2353
2355
2356
2358
2359
2362
2370
2373
2374
2375
2376
2377
2378
2379
2380
2382
2383
2384
2387
2389
2391
2392
2393
2396
2400
2401
2402
2405
2409
2414
2418
2419
2420
2421
2422
2423
2424
2427
2428
2430
2431
2433
2436
2437
2439
2440
2442
2443
2446
2447
2448
2449
2451
2456
2457
2458
2459
2460
2464
2465
2472
2473
2474
2477
2481
2482
2483
2486
2490
2491
2492
2493
2494
2495
2499
2500
2501
2502
2508
2509
2553
2554
2555
2562
2563
2564
2565
2566
2567
2571
2572
2573
2574
2575
2576
2580
2581
2582
2583
2584
2585
2604
2608
2609
2610
2611
2613
2625
2627
2628
2629
2630
2631
2632
2633
2634
2635
2636
2637
2638
2639
2643
2644
2645
2646
2647
2648
2652
2653
2654
2655
2656
2657
2661
2662
2663
2664
2665
2666
2667
2670
2671
2673
2674
2675
2677
2678
2679
2681
2682
2683
2684
2685
2686
2687
2688
2689
2690
2691
2692
2693
2694
2695
2696
2697
2698
2699
2706
2707
2708
2709
2710
2713
2714
2715
2716
2717
2718
2719
2724
2725
2726
2727
2728
2729
2733
2734
2735
2736
2737
2738
2742
2744
2745
2746
2747
2751
2754
2755
2756
2763
2764
2765
2769
2770
2771
2772
2773
2774
2778
2779
2780
2787
2788
2789
2815
2816
2817
2818
2819
2835
2836
2837
2838
2842
2844
2845
2846
2847
2850
2851
2852
2853
2854
2855
2856
2859
2860
2861
2862
2863
2864
2865
2868
2869
2870
2873
2874
2879
2896
2897
2898
2899
2900
2916
2917
2920
2921
2922
2924
2925
2926
2929
2930
2949
2952
2953
2956
2957
2958
2961
2962
2965
2966
2969
2970
2971
2974
2975
2978
2985
2987
2988
2989
2994
2997
2998
3001
3002
3003
3005
3006
3007
3010
3011
3023
3024
3025
3026
3027
3030
3033
3034
3037
3038
3039
3042
3043
3044
3049
3050
3053
3058
3059
3060
3061
3062
3066
3067
3068
3069
3070
3071
3072
3075
3076
3078
3079
3081
3085
3087
3088
3095
3100
3101
3102
3104
3105
3106
3107
3108
3111
3114
3115
3118
3119
3120
3123
3124
3125
3127
3128
3130
3131
3132
3133
3134
3136
3137
3140
3147
3148
3149
3150
3151
3152
3153
3156
3157
3159
3160
3162
3166
3168
3169
3171
3175
3176
3177
3178
3180
3181
3182
3183
3185
3186
3187
3188
3189
3206
3208
3209
3211
3212
3213
3214
3215
3217
3218
3221
3229
3231
3232
3233
3234
3238
3240
3241
3244
3245
3246
3248
3249
3250
3252
3253
3254
3256
3257
3258
3259
3261
3262
3263
3264
3266
3267
3268
3269
3270
3273
3275
3276
3277
3278
3279
3280
3281
3282
3284
3285
3286
3287
3288
3289
3290
3292
3293
3294
3295
3296
3297
3298
3299
3302
3310
3312
3313
3314
3315
3319
3321
3322
3325
3326
3327
3329
3330
3331
3333
3334
3335
3337
3338
3339
3340
3342
3343
3347
3348
3349
3351
3352
3353
3354
3356
3357
3358
3359
3360
3361
3362
3363
3365
3366
3367
3368
3369
3370
3371
3373
3374
3377
3378
3379
3382
3383
3384
3385
3386
3387
3388
3389
3390
3391
3392
3393
3394
3395
3396
3398
3399
3400
3402
3403
3406
3407
3408
3410
3411
3412
3414
3415
3416
3418
3419
3420
3421
3423
3424
3425
3426
3428
3429
3430
3432
3433
3434
3435
3438
3439
3442
3443
3444
3447
3448
3471
3473
3474
3475
3480
3544
3545
3546
3547
3548
3564
3565
3567
3571
3573
3574
3576
3580
3581
3582
3583
3585
3590
3591
3592
3593
3594
3599
3602
3603
3608
3625
3626
3627
3628
3629
3645
3646
3649
3650
3651
3653
3654
3655
3657
3658
3659
3662
3678
3681
3682
3685
3686
3687
3690
3691
3693
3694
3695
3698
3699
3700
3702
3703
3704
3707
3711
3712
3713
3714
3716
3717
3718
3722
3723
3726
3727
3730
3731
3732
3734
3735
3736
3738
3739
3740
3743
3747
3748
3752
3753
3754
3755
3756
3757
3758
3759
3762
3763
3766
3767
3768
3771
3772
3773
3778
3779
3782
3787
3788
3789
3790
3791
3792
3793
3794
3796
3797
3798
3799
3800
3801
3803
3805
3807
3808
3810
3814
3816
3817
3828
3829
3833
3834
3835
3836
3837
3838
3839
3843
3844
3869
3873
3874
3875
3878
3879
3880
3884
3888
3889
3893
3896
3897
3898
3900
3901
3905
3909
3910
3914
3915
3916
3918
3919
3920
3924
3925
3929
3933
3934
3936
3937
3938
3941
3942
3943
3945
3946
3947
3950
3958
3960
3961
3962
3963
3967
3969
3970
3973
3974
3975
3977
3978
3979
3981
3982
3983
3985
3986
3987
3988
3990
3991
3992
3993
3995
3996
3997
3998
3999
4002
4004
4005
4006
4007
4008
4009
4010
4011
4013
4014
4015
4016
4017
4018
4019
4021
4022
4023
4024
4025
4026
4027
4028
4031
4039
4041
4042
4043
4044
4048
4050
4051
4054
4055
4056
4058
4059
4060
4062
4063
4064
4066
4067
4068
4069
4071
4072
4076
4077
4078
4080
4081
4082
4085
4086
4087
4088
4089
4091
4094
4095
4096
4097
4098
4099
4100
4102
4103
4106
4107
4108
4111
4112
4113
4114
4115
4116
4117
4118
4120
4121
4122
4123
4124
4125
4127
4129
4143
4147
4148
4149
4150
4152
4153
4157
4158
4159
4161
4162
4163
4166
4167
4168
4169
4170
4175
4192
4193
4194
4195
4196
4197
4198
4199
4201
4202
4203
4204
4205
4206
4208
4210
4212
4213
4215
4219
4221
4222
4224
4228
4229
4230
4231
4233
4234
4235
4236
4238
4239
4240
4242
4243
4244
4247
4248
4249
4250
4251
4253
4256
4257
4258
4260
4261
4262
4265
4266
4267
4269
4270
4271
4273
4274
4275
4276
4277
4278
4279
4280
4281
4283
4284
4285
4289
4290
4293
4294
4296
4297
4298
4299
4300
4301
4302
4303
4305
4306
4307
4309
4310
4311
4312
4314
4315
4316
4317
4319
4320
4321
4322
4323
4328
4331
4332
4334
4337
4338
4339
4341
4342
4343
4346
4347
4348
4350
4351
4352
4354
4355
4356
4357
4358
4374
4375
4378
4379
4380
4381
4382
4383
4384
4386
4387
4388
4389
4390
4395
4396
4407
4410
4411
4414
4415
4416
4419
4420
4423
4424
4427
4428
4429
4432
4433
4434
4435
4436
4437
4438
4440
4441
4443
4444
4445
4446
4447
4449
4450
4452
4455
4456
4459
4460
4461
4462
4463
4464
4465
4467
4468
4469
4470
4471
4476
4477
4481
4482
4483
4484
4485
4488
4489
4491
4492
4494
4495
4496
4497
4498
4500
4501
4502
4503
4504
4507
4508
4509
4510
4511
4515
4516
4517
4518
4519
4520
4521
4522
4524
4525
4526
4527
4528
4529
4530
4531
4533
4534
4536
4537
4539
4543
4545
4546
4553
4557
4558
4559
4560
4562
4563
4564
4565
4566
4567
4568
4569
4570
4572
4573
4575
4576
4577
4578
4579
4581
4582
4584
4585
4586
4589
4590
4591
4594
4595
4598
4602
4603
4604
4605
4607
4608
4609
4613
4614
4617
4618
4622
4625
4626
4627
4629
4630
4634
4638
4639
4640
4641
4643
4644
4645
4647
4648
4649
4653
4654
4658
4662
4663
4665
4666
4667
4670
4671
4672
4674
4675
4676
4679
4687
4689
4690
4691
4692
4696
4698
4699
4702
4703
4704
4706
4707
4708
4710
4711
4712
4714
4715
4716
4717
4719
4720
4721
4722
4724
4725
4726
4727
4728
4731
4733
4734
4735
4736
4737
4738
4739
4740
4742
4743
4744
4745
4747
4748
4750
4751
4752
4753
4754
4756
4757
4760
4768
4770
4771
4772
4773
4777
4779
4780
4783
4784
4785
4787
4788
4789
4792
4793
4860
4861
4866
4867
4869
4870
4872
4873
4875
4876
4881
4882
4895
4898
4899
4904
4914
4915
4920
4921
4922
4923
4924
4925
4926
4927
4928
4929
4930
4931
4932
4933
4934
4935
4936
4937
4939
4941
4942
4944
4947
4948
4950
4951
4953
4954
4956
4957
4958
4959
4960
4962
4963
4964
4965
4967
4968
4969
4971
4972
4973
4974
4975
4976
4977
4978
4979
4980
4981
4982
4983
4984
4985
4986
4987
4989
4990
4991
4994
4995
4996
4998
4999
5000
5001
5002
5003
5004
5005
5006
5007
5008
5009
5010
5011
5012
5013
5014
5016
5017
5018
5019
5022
5023
5025
5026
5027
5028
5029
5030
5031
5032
5034
5035
5036
5038
5039
5040
5041
5043
5044
5045
5046
5048
5049
5050
5051
5052
5055
5056
5057
5058
5059
5060
5061
5062
5063
5064
5065
5066
5067
5068
5070
5071
5072
5075
5076
5077
5079
5080
5081
5083
5084
5085
5086
5087
5103
5104
5106
5109
5110
5112
5113
5115
5116
5118
5119
5124
5125
5129
5130
5131
5132
5133
5138
5141
5142
5147
5150
5155
5156
5157
5158
5159
5163
5164
5165
5166
5167
5168
5169
5170
5172
5173
5178
5179
5184
5185
5187
5190
5191
5193
5194
5196
5197
5199
5200
5205
5206
5210
5211
5212
5213
5214
5217
5218
5220
5221
5223
5224
5226
5227
5231
5232
5233
5236
5237
5238
5239
5240
5244
5245
5246
5247
5248
5249
5250
5251
5253
5254
5255
5256
5257
5258
5259
5260
5262
5263
5265
5266
5268
5272
5274
5275
5282
5286
5287
5288
5289
5291
5292
5293
5294
5295
5296
5297
5298
5299
5301
5302
5304
5305
5306
5307
5308
5310
5311
5313
5314
5315
5318
5319
5320
5323
5324
5327
5331
5332
5333
5334
5336
5337
5338
5342
5343
5346
5347
5351
5352
5353
5354
5355
5356
5358
5359
5361
5362
5363
5367
5368
5369
5370
5372
5373
5374
5376
5377
5378
5382
5383
5387
5391
5392
5394
5395
5396
5399
5400
5401
5403
5404
5406
5407
5409
5410
5412
5413
5415
5416
5418
5419
5420
5421
5422
5425
5427
5428
5432
5433
5434
5435
5436
5437
5439
5440
5442
5443
5444
5445
5446
5448
5449
5453
5454
5455
5456
5457
5460
5461
5462
5463
5464
5465
5466
5467
5468
5469
5470
5471
5472
5473
5474
5475
5476
5477
5479
5480
5481
5482
5483
5484
5485
5487
5488
5490
5491
5493
5494
5496
5497
5499
5500
5501
5502
5503
5506
5508
5509
5513
5516
5517
5518
5520
5521
5525
5529
5530
5534
5535
5536
5538
5539
5540
5541
5542
5544
5545
5547
5548
5549
5550
5551
5553
5554
5556
5557
5558
5561
5565
5566
5570
5574
5575
5576
5577
5579
5580
5581
5585
5586
5589
5590
5593
5594
5595
5596
5597
5598
5599
5601
5602
5603
5604
5605
5606
5610
5611
5612
5613
5615
5616
5617
5619
5620
5621
5622
5625
5626
5629
5630
5631
5634
5635
5643
5644
5649
5650
5651
5652
5653
5655
5656
5657
5658
5659
5660
5661
5662
5664
5665
5666
5667
5670
5671
5676
5677
5679
5680
5682
5683
5685
5686
5687
5691
5692
5693
5694
5696
5697
5698
5700
5701
5702
5703
5704
5706
5707
5709
5710
5711
5712
5713
5715
5716
5718
5719
5720
5723
5724
5725
5727
5728
5729
5730
5731
5732
5733
5734
5736
5737
5738
5739
5740
5741
5742
5743
5745
5746
5747
5748
5751
5752
5755
5756
5757
5759
5760
5761
5763
5764
5765
5768
5773
5774
5775
5777
5778
5779
5784
5785
5787
5788
5790
5791
5792
5793
5794
5796
5797
5799
5800
5801
5804
5805
5806
5808
5809
5810
5813
5832
5833
5836
5837
5838
5840
5841
5842
5844
5845
5846
5849
5865
5868
5869
5872
5873
5874
5877
5878
5880
5881
5882
5885
5886
5887
5889
5890
5891
5894
5898
5899
5900
5901
5903
5904
5905
5909
5910
5913
5914
5917
5918
5919
5921
5922
5923
5925
5926
5927
5930
5934
5935
5939
5940
5941
5943
5944
5945
5946
5949
5950
5953
5954
5955
5958
5959
5975
5979
5980
5981
5982
5984
5985
5986
5990
5991
6011
6016
6017
6018
6020
6027
6030
6031
6034
6035
6036
6039
6040
6043
6044
6047
6048
6049
6052
6053
6056
6063
6065
6066
6067
6072
6075
6076
6081
6082
6084
6085
6087
6088
6090
6091
6092
6096
6097
6098
6099
6101
6129
6130
6135
6136
6138
6139
6141
6142
6144
6145
6150
6151
6156
6157
6162
6163
6165
6166
6168
6169
6171
6172
6177
6178
6183
6184
6189
6190
6192
6193
6195
6196
6197
6198
6199
6201
6202
6204
6205
6206
6209
6210
6211
6213
6214
6216
6217
6219
6220
6222
6223
6225
6226
6231
6232
6237
6238
6242
6245
6246
6247
6249
6250
6254
6258
6259
6263
6264
6265
6267
6268
6269
6270
6271
6273
6274
6276
6277
6278
6279
6280
6282
6283
6285
6286
6287
6290
6294
6295
6299
6303
6304
6305
6306
6308
6309
6310
6314
6315
6318
6319
6322
6323
6324
6326
6327
6328
6331
6332
6335
6339
6340
6341
6342
6344
6345
6346
6348
6349
6350
6351
6354
6355
6358
6359
6360
6363
6364
6387
6389
6390
6391
6396
6561
6562
6563
6564
6565
6566
6567
6568
6569
6570
6571
6572
6573
6574
6575
6576
6577
6578
6579
6580
6581
6582
6583
6585
6586
6587
6588
6589
6590
6591
6594
6595
6596
6597
6598
6599
6600
6601
6602
6603
6605
6606
6607
6608
6609
6610
6611
6613
6614
6615
6616
6617
6618
6619
6620
6621
6622
6623
6624
6625
6626
6627
6628
6629
6630
6631
6632
6633
6634
6636
6637
6638
6639
6642
6643
6644
6645
6646
6647
6648
6649
6650
6651
6652
6653
6654
6655
6656
6657
6658
6659
6660
6661
6662
6663
6664
6666
6667
6668
6669
6670
6672
6673
6674
6675
6676
6677
6678
6679
6681
6682
6683
6684
6685
6686
6687
6688
6690
6691
6693
6694
6695
6696
6697
6698
6702
6703
6704
6705
6706
6707
6708
6709
6710
6711
6712
6713
6714
6715
6716
6717
6718
6719
6723
6724
6725
6732
6733
6734
6738
6739
6740
6741
6742
6743
6747
6748
6749
6750
6751
6756
6757
6758
6759
6760
6762
6763
6765
6766
6767
6770
6771
6772
6774
6775
6776
6777
6778
6779
6783
6784
6785
6786
6787
6788
6793
6795
6796
6797
6798
6802
6804
6805
6807
6811
6813
6814
6816
6820
6821
6822
6823
6825
6830
6831
6832
6833
6834
6846
6847
6848
6851
6853
6854
6855
6856
6857
6858
6859
6860
6862
6863
6864
6865
6866
6867
6868
6869
6874
6876
6877
6878
6879
6883
6885
6886
6889
6890
6891
6893
6894
6895
6897
6898
6899
6901
6902
6903
6904
6906
6907
6908
6909
6911
6912
6913
6914
6915
6918
6920
6921
6922
6923
6924
6925
6926
6927
6929
6930
6931
6932
6933
6934
6935
6937
6938
6939
6940
6941
6942
6943
6944
6947
6955
6957
6958
6959
6960
6964
6966
6967
6970
6971
6972
6974
6975
6976
6978
6979
6980
6982
6983
6984
6985
6987
6988
6992
6993
6994
6996
6997
6998
6999
7001
7002
7003
7004
7005
7006
7007
7008
7010
7011
7012
7013
7014
7015
7016
7018
7019
7022
7023
7024
7027
7028
7029
7030
7031
7032
7033
7034
7035
7036
7037
7038
7039
7040
7041
7043
7044
7045
7047
7048
7051
7052
7053
7054
7055
7056
7057
7059
7060
7061
7062
7063
7064
7065
7066
7068
7069
7070
7071
7073
7074
7075
7077
7078
7079
7080
7082
7083
7084
7085
7086
7087
7088
7089
7091
7092
7093
7101
7102
7107
7108
7109
7110
7111
7112
7113
7114
7115
7116
7117
7118
7119
7120
7121
7122
7123
7124
7125
7126
7128
7129
7131
7134
7135
7137
7138
7140
7141
7143
7144
7145
7146
7147
7149
7150
7151
7152
7154
7155
7156
7158
7159
7160
7161
7162
7163
7164
7165
7166
7167
7168
7169
7170
7171
7172
7173
7174
7176
7177
7178
7181
7182
7183
7185
7186
7187
7188
7189
7190
7191
7192
7194
7195
7196
7197
7198
7199
7200
7201
7203
7204
7205
7206
7209
7210
7213
7214
7215
7217
7218
7219
7221
7222
7223
7226
7231
7232
7233
7235
7236
7237
7242
7243
7245
7246
7248
7249
7250
7251
7252
7254
7255
7257
7258
7259
7262
7263
7264
7266
7267
7268
7271
7290
7291
7292
7293
7294
7295
7296
7297
7298
7299
7300
7301
7302
7303
7304
7305
7306
7307
7308
7309
7310
7311
7312
7314
7315
7316
7317
7318
7319
7320
7323
7324
7325
7326
7327
7328
7329
7330
7331
7332
7334
7335
7336
7337
7338
7339
7340
7342
7343
7344
7345
7346
7347
7348
7349
7350
7351
7352
7353
7354
7355
7356
7357
7358
7359
7360
7361
7362
7363
7365
7366
7367
7368
7371
7372
7373
7374
7375
7376
7377
7378
7379
7380
7381
7382
7383
7384
7385
7386
7387
7388
7389
7390
7391
7392
7393
7395
7396
7397
7398
7399
7401
7402
7403
7404
7405
7406
7407
7408
7410
7411
7412
7413
7414
7415
7416
7417
7419
7420
7422
7423
7424
7425
7426
7427
7431
7432
7433
7434
7435
7436
7437
7438
7439
7440
7441
7442
7443
7444
7445
7446
7447
7448
7452
7453
7454
7461
7462
7463
7467
7468
7469
7470
7471
7472
7473
7474
7476
7477
7478
7479
7480
7482
7483
7484
7485
7486
7487
7488
7489
7491
7492
7494
7495
7496
7500
7501
7503
7504
7505
7506
7507
7508
7512
7513
7514
7515
7516
7517
7518
7519
7520
7523
7524
7525
7526
7529
7533
7534
7538
7539
7540
7541
7542
7543
7545
7546
7548
7549
7550
7554
7555
7559
7560
7561
7563
7564
7565
7569
7570
7574
7575
7576
7577
7578
7579
7581
7582
7583
7584
7585
7586
7587
7588
7589
7590
7591
7592
7593
7594
7595
7596
7597
7598
7599
7600
7602
7603
7605
7606
7607
7608
7609
7614
7615
7618
7619
7620
7621
7622
7623
7624
7626
7627
7628
7629
7630
7631
7635
7636
7637
7638
7640
7641
7642
7647
7648
7650
7651
7653
7654
7655
7656
7657
7658
7659
7660
7662
7663
7664
7665
7666
7667
7668
7669
7670
7672
7673
7674
7675
7676
7677
7678
7679
7680
7681
7683
7684
7686
7687
7688
7689
7690
7695
7696
7699
7700
7701
7703
7704
7705
7708
7709
7722
7723
7728
7729
7731
7732
7734
7735
7737
7738
7739
7743
7744
7746
7747
7748
7749
7750
7751
7755
7756
7757
7758
7759
7760
7767
7768
7769
7776
7777
7778
7782
7783
7785
7786
7787
7788
7789
7791
7792
7793
7794
7795
7796
7797
7798
7800
7801
7802
7809
7810
7811
7818
7819
7820
7827
7828
7829
7830
7831
7832
7836
7837
7838
7839
7840
7841
7842
7843
7844
7845
7846
7847
7848
7849
7850
7851
7852
7853
7857
7858
7859
7863
7864
7866
7867
7868
7869
7870
7872
7873
7874
7875
7876
7877
7878
7879
7881
7882
7883
7884
7885
7887
7888
7889
7890
7891
7892
7893
7894
7896
7897
7898
7899
7900
7902
7903
7905
7906
7907
7910
7911
7912
7914
7915
7917
7918
7919
7920
7921
7923
7924
7925
7926
7927
7928
7929
7930
7932
7933
7934
7938
7939
7940
7943
7946
7947
7948
7949
7950
7951
7953
7954
7955
7956
7957
7958
7962
7963
7964
7965
7966
7971
7972
7973
7974
7975
7977
7978
7979
7980
7981
7983
7984
7986
7987
7988
7991
7995
7996
8019
8020
8021
8028
8029
8030
8034
8035
8036
8037
8038
8039
8043
8044
8045
8052
8053
8054
8100
8101
8102
8109
8110
8111
8115
8116
8117
8118
8119
8120
8124
8125
8126
8133
8134
8135
8142
8143
8144
8151
8152
8153
8154
8155
8156
8160
8161
8162
8163
8164
8165
8172
8173
8174
8181
8182
8183
8190
8191
8192
8196
8197
8198
8199
8200
8201
8202
8203
8205
8206
8207
8208
8209
8211
8212
8213
8214
8215
8216
8217
8218
8223
8224
8225
8232
8233
8234
8235
8236
8237
8241
8242
8243
8244
8245
8246
8247
8248
8249
8252
8253
8254
8255
8258
8262
8263
8267
8268
8269
8270
8271
8272
8274
8275
8277
8278
8279
8283
8284
8288
8289
8290
8292
8293
8294
8298
8299
8303
8304
8305
8306
8307
8308
8310
8311
8312
8313
8314
8315
8316
8317
8318
8319
8320
8322
8323
8324
8325
8326
8327
8328
8329
8331
8332
8334
8335
8336
8337
8338
8343
8344
8348
8349
8350
8351
8352
8353
8355
8356
8358
8359
8360
8364
8365
8370
8371
8376
8377
8379
8380
8382
8383
8385
8386
8387
8391
8392
8394
8395
8396
8397
8398
8399
8403
8404
8405
8406
8407
8408
8409
8410
8412
8413
8415
8416
8417
8418
8419
8451
8452
8457
8458
8460
8461
8463
8464
8466
8467
8468
8472
8473
8475
8476
8477
8478
8479
8480
8484
8485
8486
8487
8488
8489
8496
8497
8498
8505
8506
8507
8514
8515
8516
8520
8521
8522
8523
8524
8525
8529
8530
8531
8538
8539
8540
8547
8548
8549
8556
8557
8558
8559
8560
8561
8565
8566
8567
8568
8569
8570
8571
8572
8573
8576
8577
8578
8579
8582
8586
8587
8588
8595
8596
8597
8601
8602
8603
8604
8605
8606
8607
8608
8610
8611
8612
8613
8614
8616
8617
8618
8619
8620
8621
8622
8623
8627
8631
8632
8634
8635
8636
8639
8643
8644
8648
8652
8653
8654
8657
8658
8659
8663
8667
8668
8669
8672
8675
8676
8677
8678
8679
8680
8682
8683
8684
8685
8686
8687
8691
8692
8693
8700
8701
8702
8708
8712
8713
8715
8716
8717
8720
8724
8725
8748
8749
8753
8754
8755
8756
8757
8758
8760
8761
8763
8764
8765
8769
8770
8789
8793
8794
8796
8797
8798
8801
8802
8803
8805
8806
8808
8809
8810
8811
8812
8814
8815
8816
8817
8818
8819
8820
8821
8823
8824
8825
8829
8830
8834
8835
8836
8837
8838
8839
8841
8842
8844
8845
8846
8850
8851
8855
8856
8857
8859
8860
8861
8862
8863
8865
8866
8868
8869
8871
8872
8877
8878
8883
8884
8889
8890
8891
8892
8893
8895
8896
8897
8898
8899
8900
8901
8902
8904
8905
8906
8931
8932
8936
8937
8938
8940
8941
8942
8943
8944
8946
8947
8949
8950
8952
8953
8958
8959
8972
8976
8977
8978
8981
8982
8983
8987
8991
8992
8996
8999
9000
9001
9003
9004
9008
9012
9013
9017
9018
9019
9021
9022
9023
9027
9028
9032
9036
9037
9039
9040
9041
9044
9048
9049
9072
9073
9077
9080
9081
9082
9084
9085
9089
9113
9114
9115
9116
9117
9118
9120
9121
9122
9123
9124
9125
9126
9127
9128
9129
9130
9132
9133
9134
9135
9136
9137
9144
9145
9146
9153
9154
9158
9161
9162
9163
9165
9166
9170
9174
9175
9179
9180
9181
9183
9184
9185
9186
9189
9190
9193
9194
9195
9196
9197
9198
9199
9201
9202
9203
9204
9205
9206
9207
9208
9209
9210
9211
9213
9214
9215
9216
9217
9218
9219
9220
9221
9222
9224
9225
9226
9227
9230
9231
9234
9235
9236
9238
9239
9240
9241
9242
9243
9244
9245
9246
9247
9248
9249
9250
9251
9252
9253
9254
9255
9256
9257
9258
9259
9260
9261
9262
9264
9265
9266
9267
9268
9269
9270
9271
9274
9275
9276
9277
9278
9279
9280
9285
9286
9287
9288
9289
9290
9294
9295
9296
9297
9298
9299
9300
9301
9303
9304
9305
9306
9307
9308
9309
9310
9312
9315
9316
9317
9321
9322
9324
9325
9326
9327
9328
9330
9331
9332
9333
9334
9335
9336
9337
9339
9340
9341
9342
9343
9348
9349
9350
9351
9352
9354
9355
9357
9358
9363
9364
9369
9370
9375
9376
9378
9379
9381
9382
9384
9385
9390
9391
9396
9397
9398
9405
9406
9407
9411
9412
9413
9414
9415
9416
9420
9421
9422
9423
9424
9429
9430
9431
9432
9433
9435
9436
9438
9439
9444
9445
9477
9478
9481
9482
9483
9484
9485
9486
9487
9489
9490
9491
9492
9493
9494
9498
9499
9510
9513
9514
9517
9518
9519
9522
9523
9525
9526
9527
9530
9531
9532
9534
9535
9536
9537
9538
9539
9540
9541
9543
9544
9545
9546
9547
9548
9549
9550
9552
9553
9554
9555
9558
9559
9562
9563
9564
9565
9566
9567
9568
9570
9571
9572
9573
9574
9575
9579
9580
9584
9585
9586
9588
9589
9590
9591
9592
9594
9595
9597
9598
9599
9600
9601
9603
9604
9606
9607
9612
9613
9618
9619
9620
9621
9622
9624
9625
9626
9627
9628
9629
9630
9631
9633
9634
9635
9636
9656
9661
9662
9663
9665
9666
9667
9672
9673
9675
9676
9678
9679
9680
9681
9682
9684
9685
9687
9688
9689
9692
9693
9694
9697
9698
9701
9708
9710
9711
9712
9717
9720
9721
9726
9727
9729
9730
9732
9733
9735
9736
9737
9741
9742
9743
9744
9746
9769
9770
9773
9774
9775
9778
9779
9780
9781
9782
9783
9784
9786
9787
9789
9790
9795
9796
9801
9802
9805
9806
9807
9808
9809
9810
9811
9813
9814
9815
9816
9817
9818
9822
9823
9824
9825
9827
9828
9829
9834
9835
9837
9838
9840
9841
9842
9843
9844
9845
9846
9847
9849
9850
9851
9852
9853
9854
9855
9856
9857
9859
9860
9861
9862
9863
9864
9865
9866
9867
9868
9870
9871
9873
9874
9875
9876
9877
9882
9883
9886
9887
9888
9890
9891
9892
9895
9896
9909
9910
9915
9916
9918
9919
9921
9922
9923
9924
9925
9926
9927
9928
9930
9931
9933
9934
9935
9936
9937
9938
9942
9943
9944
9945
9946
9947
9951
9953
9954
9955
9956
9960
9963
9964
9965
9967
9968
9969
9970
9971
9972
9973
9974
9975
9976
9977
9978
9979
9980
9981
9982
9983
9984
9985
9986
9987
9988
9989
9996
9997
9998
9999
10000
10003
10004
10005
10006
10007
10008
10009
10014
10015
10016
10017
10018
10019
10023
10024
10025
10026
10027
10028
10029
10030
10032
10033
10034
10035
10036
10037
10038
10039
10041
10044
10045
10046
10050
10051
10053
10054
10055
10056
10057
10059
10060
10061
10062
10063
10064
10065
10066
10068
10069
10070
10071
10072
10077
10078
10079
10080
10081
10083
10084
10086
10087
10092
10093
10098
10099
10104
10105
10107
10108
10110
10111
10113
10114
10119
10120
10125
10126
10127
10134
10135
10136
10140
10141
10142
10143
10144
10145
10149
10150
10151
10152
10153
10158
10159
10160
10161
10162
10164
10165
10167
10168
10173
10174
10206
10207
10210
10211
10212
10214
10215
10216
10219
10220
10239
10242
10243
10246
10247
10248
10251
10252
10255
10256
10259
10260
10261
10264
10265
10268
10275
10277
10278
10279
10284
10287
10288
10291
10292
10293
10295
10296
10297
10300
10301
10320
10323
10324
10327
10328
10329
10332
10333
10449
10450
10455
10456
10458
10459
10461
10462
10464
10465
10470
10471
10503
10504
10509
10510
10512
10513
10515
10516
10518
10519
10524
10525
10530
10531
10536
10537
10539
10540
10542
10543
10545
10546
10551
10552
10557
10558
10563
10564
10566
10567
10569
10570
10572
10573
10574
10578
10579
10581
10582
10583
10584
10585
10586
10590
10591
10592
10593
10594
10595
10596
10597
10599
10600
10602
10603
10604
10605
10606
10638
10639
10644
10645
10647
10648
10650
10651
10653
10654
10655
10659
10660
10662
10663
10664
10665
10666
10667
10671
10672
10673
10674
10675
10676
10683
10684
10685
10692
10693
10694
10701
10702
10703
10707
10708
10709
10710
10711
10712
10716
10717
10718
10725
10726
10727
10734
10735
10736
10743
10744
10745
10746
10747
10748
10752
10753
10754
10755
10756
10757
10764
10765
10766
10773
10774
10775
10782
10783
10784
10788
10789
10790
10791
10792
10793
10797
10798
10799
10806
10807
10808
10854
10855
10856
10863
10864
10865
10869
10870
10871
10872
10873
10874
10878
10879
10880
10887
10888
10889
10935
10936
10937
10941
10942
10944
10945
10946
10947
10948
10950
10951
10952
10953
10954
10955
10956
10957
10959
10960
10961
10968
10969
10970
10989
10990
10995
10996
10998
10999
11001
11002
11004
11005
11010
11011
11016
11017
11018
11022
11023
11025
11026
11027
11028
11029
11031
11032
11033
11034
11035
11036
11037
11038
11040
11041
11042
11043
11044
11049
11050
11051
11052
11053
11055
11056
11058
11059
11060
11064
11065
11067
11068
11069
11070
11071
11072
11076
11077
11078
11079
11080
11081
11082
11083
11085
11086
11088
11089
11090
11091
11092
11097
11098
11099
11106
11107
11108
11112
11113
11114
11115
11116
11117
11121
11122
11123
11124
11125
11130
11131
11132
11133
11134
11136
11137
11139
11140
11141
11145
11146
11148
11149
11150
11151
11152
11153
11157
11158
11159
11160
11161
11162
11169
11170
11171
11220
11221
11222
11229
11230
11231
11232
11233
11234
11238
11239
11240
11241
11242
11243
11250
11251
11252
11301
11302
11303
11310
11311
11312
11313
11314
11315
11319
11320
11321
11322
11323
11324
11331
11332
11333
11382
11383
11384
11391
11392
11393
11394
11395
11396
11400
11401
11402
11403
11404
11405
11412
11413
11414
11421
11422
11423
11427
11428
11430
11431
11432
11433
11434
11436
11437
11438
11439
11440
11441
11442
11443
11445
11446
11447
11454
11455
11456
11463
11464
11465
11472
11473
11474
11475
11476
11477
11481
11482
11483
11484
11485
11486
11487
11488
11489
11490
11491
11492
11493
11494
11495
11496
11497
11498
11502
11503
11504
11508
11509
11511
11512
11513
11514
11515
11517
11518
11519
11520
11521
11522
11523
11524
11526
11527
11528
11529
11530
11532
11533
11534
11535
11536
11537
11538
11539
11541
11542
11543
11544
11545
11547
11548
11550
11551
11552
11555
11556
11557
11559
11560
11562
11563
11564
11565
11566
11568
11569
11570
11571
11572
11573
11574
11575
11577
11578
11579
11583
11584
11585
11588
11591
11592
11593
11594
11595
11596
11598
11599
11600
11601
11602
11603
11607
11608
11609
11610
11611
11616
11617
11618
11619
11620
11622
11623
11624
11625
11626
11628
11629
11631
11632
11633
11636
11640
11641
11664
11665
11666
11670
11671
11673
11674
11675
11676
11677
11679
11680
11681
11682
11683
11684
11685
11686
11688
11689
11690
11697
11698
11699
11718
11719
11724
11725
11727
11728
11730
11731
11733
11734
11739
11740
11745
11746
11747
11751
11752
11754
11755
11756
11757
11758
11760
11761
11762
11763
11764
11765
11766
11767
11769
11770
11771
11772
11773
11778
11779
11780
11781
11782
11784
11785
11787
11788
11789
11793
11794
11796
11797
11798
11799
11800
11801
11805
11806
11807
11808
11809
11810
11811
11812
11814
11815
11817
11818
11819
11820
11821
11826
11827
11828
11835
11836
11837
11841
11842
11843
11844
11845
11846
11847
11848
11850
11851
11852
11853
11854
11856
11857
11858
11859
11860
11861
11862
11863
11865
11866
11868
11869
11870
11874
11875
11877
11878
11879
11880
11881
11882
11886
11887
11888
11889
11890
11891
11892
11893
11894
11897
11898
11899
11900
11903
11907
11908
11912
11913
11914
11915
11916
11917
11919
11920
11922
11923
11924
11928
11929
11933
11934
11935
11937
11938
11939
11943
11944
11948
11949
11950
11951
11952
11953
11955
11956
11957
11958
11959
11960
11961
11962
11963
11964
11965
11967
11968
11969
11970
11971
11972
11973
11974
11976
11977
11979
11980
11981
11982
11983
11988
11989
11993
11994
11995
11996
11997
11998
12000
12001
12003
12004
12005
12009
12010
12015
12016
12021
12022
12024
12025
12027
12028
12029
12030
12031
12033
12034
12036
12037
12038
12041
12042
12043
12045
12046
12048
12049
12051
12052
12054
12055
12057
12058
12063
12064
12069
12070
12074
12077
12078
12079
12081
12082
12086
12090
12091
12095
12096
12097
12099
12100
12101
12102
12103
12105
12106
12108
12109
12110
12111
12112
12114
12115
12117
12118
12119
12122
12126
12127
12131
12135
12136
12137
12140
12141
12142
12146
12150
12151
12156
12157
12159
12160
12162
12163
12165
12166
12171
12172
12176
12177
12178
12180
12181
12182
12186
12187
12204
12205
12210
12211
12212
12213
12214
12216
12217
12218
12219
12220
12221
12222
12223
12225
12226
12227
12231
12232
12237
12238
12240
12241
12243
12244
12246
12247
12252
12253
12257
12258
12259
12261
12262
12263
12264
12265
12267
12268
12270
12271
12272
12273
12274
12276
12277
12279
12280
12281
12284
12285
12286
12288
12289
12291
12292
12293
12294
12295
12297
12298
12299
12300
12301
12302
12303
12304
12306
12307
12308
12312
12313
12317
12320
12321
12322
12324
12325
12329
12339
12340
12345
12346
12348
12349
12351
12352
12353
12354
12355
12357
12358
12360
12361
12362
12365
12369
12370
12393
12394
12395
12398
12401
12402
12403
12404
12405
12406
12408
12409
12410
12411
12412
12413
12417
12418
12419
12426
12427
12428
12434
12438
12439
12441
12442
12443
12446
12450
12451
12455
12459
12460
12461
12464
12465
12466
12470
12474
12475
12476
12479
12482
12483
12484
12485
12486
12487
12489
12490
12491
12492
12493
12494
12495
12496
12498
12499
12500
12501
12502
12504
12505
12506
12507
12508
12509
12510
12511
12516
12517
12518
12525
12526
12527
12528
12529
12530
12534
12535
12536
12537
12538
12539
12540
12541
12542
12545
12546
12547
12548
12551
12555
12556
12557
12564
12565
12566
12570
12571
12572
12573
12574
12575
12579
12580
12581
12588
12589
12590
12597
12598
12599
12606
12607
12608
12609
12610
12611
12615
12616
12617
12618
12619
12620
12627
12628
12629
12636
12637
12642
12643
12645
12646
12648
12649
12651
12652
12657
12658
12678
12679
12680
12687
12688
12689
12690
12691
12692
12696
12697
12698
12699
12700
12701
12702
12703
12705
12706
12708
12709
12710
12711
12712
12717
12718
12723
12724
12726
12727
12729
12730
12732
12733
12738
12739
12744
12745
12750
12751
12753
12754
12756
12757
12758
12759
12760
12762
12763
12765
12766
12767
12770
12771
12772
12774
12775
12777
12778
12780
12781
12783
12784
12786
12787
12792
12793
12798
12799
12803
12806
12807
12808
12810
12811
12815
12819
12820
12824
12825
12826
12828
12829
12830
12831
12832
12834
12835
12837
12838
12839
12840
12841
12843
12844
12846
12847
12848
12851
12855
12856
12860
12864
12865
12866
12869
12870
12871
12875
12900
12901
12905
12906
12907
12909
12910
12911
12915
12916
13122
13123
13124
13131
13132
13133
13137
13138
13139
13140
13141
13142
13146
13147
13148
13155
13156
13157
13203
13204
13205
13212
13213
13214
13218
13219
13220
13221
13222
13223
13227
13228
13229
13236
13237
13238
13245
13246
13247
13254
13255
13256
13257
13258
13259
13263
13264
13265
13266
13267
13268
13275
13276
13277
13284
13285
13286
13293
13294
13295
13299
13300
13301
13302
13303
13304
13308
13309
13310
13317
13318
13319
13326
13327
13328
13335
13336
13337
13338
13339
13340
13344
13345
13346
13347
13348
13349
13356
13357
13358
13407
13408
13409
13416
13417
13418
13419
13420
13421
13425
13426
13427
13428
13429
13430
13437
13438
13439
13851
13852
13853
13860
13861
13862
13866
13867
13868
13869
13870
13871
13875
13876
13877
13884
13885
13886
13932
13933
13934
13941
13942
13943
13947
13948
13949
13950
13951
13952
13956
13957
13958
13965
13966
13967
13974
13975
13976
13983
13984
13985
13986
13987
13988
13992
13993
13994
13995
13996
13997
14004
14005
14006
14013
14014
14015
14022
14023
14024
14028
14029
14030
14031
14032
14033
14037
14038
14039
14046
14047
14048
14055
14056
14057
14064
14065
14066
14067
14068
14069
14073
14074
14075
14076
14077
14078
14085
14086
14087
14136
14137
14138
14145
14146
14147
14148
14149
14150
14154
14155
14156
14157
14158
14159
14166
14167
14168
14217
14218
14219
14226
14227
14228
14229
14230
14231
14235
14236
14237
14238
14239
14240
14247
14248
14249
14298
14299
14300
14307
14308
14309
14310
14311
14312
14316
14317
14318
14319
14320
14321
14328
14329
14330
14337
14338
14339
14346
14347
14348
14352
14353
14354
14355
14356
14357
14361
14362
14363
14370
14371
14372
14379
14380
14381
14388
14389
14390
14391
14392
14393
14397
14398
14399
14400
14401
14402
14409
14410
14411
14418
14419
14420
14427
14428
14429
14433
14434
14435
14436
14437
14438
14442
14443
14444
14451
14452
14453
14499
14500
14501
14508
14509
14510
14514
14515
14516
14517
14518
14519
14523
14524
14525
14532
14533
14534
14580
14581
14582
14589
14590
14591
14595
14596
14597
14598
14599
14600
14604
14605
14606
14613
14614
14615
14661
14662
14663
14670
14671
14672
14676
14677
14678
14679
14680
14681
14685
14686
14687
14694
14695
14696
14703
14704
14705
14712
14713
14714
14715
14716
14717
14721
14722
14723
14724
14725
14726
14733
14734
14735
14742
14743
14744
14751
14752
14753
14757
14758
14759
14760
14761
14762
14766
14767
14768
14775
14776
14777
14784
14785
14786
14793
14794
14795
14796
14797
14798
14802
14803
14804
14805
14806
14807
14814
14815
14816
14865
14866
14867
14874
14875
14876
14877
14878
14879
14883
14884
14885
14886
14887
14888
14895
14896
14897
14946
14947
14948
14955
14956
14957
14958
14959
14960
14964
14965
14966
14967
14968
14969
14976
14977
14978
15027
15028
15029
15036
15037
15038
15039
15040
15041
15045
15046
15047
15048
15049
15050
15057
15058
15059
15066
15067
15068
15075
15076
15077
15081
15082
15083
15084
15085
15086
15090
15091
15092
15099
15100
15101
15108
15109
15110
15117
15118
15119
15120
15121
15122
15126
15127
15128
15129
15130
15131
15138
15139
15140
15147
15148
15149
15156
15157
15158
15162
15163
15164
15165
15166
15167
15171
15172
15173
15180
15181
15182
15228
15229
15230
15237
15238
15239
15243
15244
15245
15246
15247
15248
15252
15253
15254
15261
15262
15263
15309
15310
15315
15316
15318
15319
15321
15322
15324
15325
15330
15331
15363
15364
15369
15370
15372
15373
15375
15376
15378
15379
15384
15385
15390
15391
15396
15397
15399
15400
15402
15403
15405
15406
15411
15412
15417
15418
15423
15424
15426
15427
15429
15430
15432
15433
15438
15439
15444
15445
15450
15451
15453
15454
15456
15457
15459
15460
15465
15466
15498
15499
15504
15505
15507
15508
15510
15511
15513
15514
15519
15520
15675
15676
15677
15684
15685
15686
15687
15688
15689
15693
15694
15695
15696
15697
15698
15705
15706
15707
15756
15757
15758
15765
15766
15767
15768
15769
15770
15774
15775
15776
15777
15778
15779
15786
15787
15788
15795
15796
15797
15801
15802
15804
15805
15806
15807
15808
15810
15811
15812
15813
15814
15815
15816
15817
15819
15820
15821
15828
15829
15830
15837
15838
15839
15846
15847
15848
15849
15850
15851
15855
15856
15857
15858
15859
15860
15861
15862
15864
15865
15867
15868
15869
15870
15871
15876
15877
15878
15882
15883
15885
15886
15887
15888
15889
15891
15892
15893
15894
15895
15896
15897
15898
15900
15901
15902
15903
15904
15909
15910
15911
15912
15913
15915
15916
15918
15919
15924
15925
15930
15931
15936
15937
15939
15940
15942
15943
15945
15946
15951
15952
15957
15958
15959
15966
15967
15968
15972
15973
15974
15975
15976
15977
15981
15982
15983
15984
15985
15990
15991
15992
15993
15994
15996
15997
15999
16000
16005
16006
16038
16039
16044
16045
16047
16048
16050
16051
16053
16054
16059
16060
16092
16093
16098
16099
16101
16102
16104
16105
16107
16108
16113
16114
16119
16120
16125
16126
16128
16129
16131
16132
16134
16135
16140
16141
16146
16147
16152
16153
16155
16156
16158
16159
16161
16162
16167
16168
16173
16174
16179
16180
16182
16183
16185
16186
16188
16189
16194
16195
16227
16228
16233
16234
16236
16237
16239
16240
16242
16243
16248
16249
16281
16282
16287
16288
16290
16291
16293
16294
16296
16297
16302
16303
16335
16336
16341
16342
16344
16345
16347
16348
16350
16351
16356
16357
16362
16363
16368
16369
16371
16372
16374
16375
16377
16378
16383
16384
16389
16390
16395
16396
16398
16399
16401
16402
16404
16405
16406
16410
16411
16413
16414
16415
16416
16417
16418
16422
16423
16424
16425
16426
16427
16428
16429
16431
16432
16434
16435
16436
16437
16438
16470
16471
16476
16477
16479
16480
16482
16483
16485
16486
16487
16491
16492
16494
16495
16496
16497
16498
16499
16503
16504
16505
16506
16507
16508
16515
16516
16517
16524
16525
16526
16530
16531
16533
16534
16535
16536
16537
16539
16540
16541
16542
16543
16544
16545
16546
16548
16549
16550
16557
16558
16559
16566
16567
16568
16575
16576
16577
16578
16579
16580
16584
16585
16586
16587
16588
16589
16590
16591
16593
16594
16596
16597
16598
16599
16600
16605
16606
16607
16611
16612
16614
16615
16616
16617
16618
16620
16621
16622
16623
16624
16625
16626
16627
16629
16630
16631
16632
16633
16638
16639
16640
16641
16642
16644
16645
16647
16648
16653
16654
16659
16660
16665
16666
16668
16669
16671
16672
16674
16675
16680
16681
16686
16687
16688
16695
16696
16697
16701
16702
16703
16704
16705
16706
16710
16711
16712
16713
16714
16719
16720
16721
16722
16723
16725
16726
16728
16729
16734
16735
17010
17011
17016
17017
17019
17020
17022
17023
17025
17026
17031
17032
17064
17065
17070
17071
17073
17074
17076
17077
17079
17080
17085
17086
17091
17092
17097
17098
17100
17101
17103
17104
17106
17107
17112
17113
17118
17119
17124
17125
17127
17128
17130
17131
17133
17134
17135
17139
17140
17142
17143
17144
17145
17146
17147
17151
17152
17153
17154
17155
17156
17157
17158
17160
17161
17163
17164
17165
17166
17167
17199
17200
17205
17206
17208
17209
17211
17212
17214
17215
17216
17220
17221
17223
17224
17225
17226
17227
17228
17232
17233
17234
17235
17236
17237
17244
17245
17246
17253
17254
17255
17262
17263
17264
17268
17269
17270
17271
17272
17273
17277
17278
17279
17286
17287
17288
17295
17296
17297
17304
17305
17306
17307
17308
17309
17313
17314
17315
17316
17317
17318
17325
17326
17327
17334
17335
17336
17343
17344
17345
17349
17350
17351
17352
17353
17354
17358
17359
17360
17367
17368
17369
17415
17416
17417
17424
17425
17426
17430
17431
17432
17433
17434
17435
17439
17440
17441
17448
17449
17450
17496
17497
17498
17505
17506
17507
17511
17512
17513
17514
17515
17516
17520
17521
17522
17529
17530
17531
17577
17578
17579
17586
17587
17588
17592
17593
17594
17595
17596
17597
17601
17602
17603
17610
17611
17612
17619
17620
17621
17628
17629
17630
17631
17632
17633
17637
17638
17639
17640
17641
17642
17649
17650
17651
17658
17659
17660
17667
17668
17669
17673
17674
17675
17676
17677
17678
17682
17683
17684
17691
17692
17693
17700
17701
17702
17709
17710
17711
17712
17713
17714
17718
17719
17720
17721
17722
17723
17730
17731
17732
17781
17782
17783
17790
17791
17792
17793
17794
17795
17799
17800
17801
17802
17803
17804
17811
17812
17813
17862
17863
17864
17871
17872
17873
17874
17875
17876
17880
17881
17882
17883
17884
17885
17892
17893
17894
17943
17944
17945
17952
17953
17954
17955
17956
17957
17961
17962
17963
17964
17965
17966
17973
17974
17975
17982
17983
17984
17991
17992
17993
17997
17998
17999
18000
18001
18002
18006
18007
18008
18015
18016
18017
18024
18025
18026
18033
18034
18035
18036
18037
18038
18042
18043
18044
18045
18046
18047
18054
18055
18056
18063
18064
18065
18072
18073
18074
18078
18079
18080
18081
18082
18083
18087
18088
18089
18096
18097
18098
18144
18145
18146
18153
18154
18155
18159
18160
18161
18162
18163
18164
18168
18169
18170
18177
18178
18179
18225
18226
18227
18234
18235
18236
18240
18241
18242
18243
18244
18245
18249
18250
18251
18258
18259
18260
18306
18307
18308
18315
18316
18317
18321
18322
18323
18324
18325
18326
18330
18331
18332
18339
18340
18341
18348
18349
18350
18357
18358
18359
18360
18361
18362
18366
18367
18368
18369
18370
18371
18378
18379
18380
18387
18388
18389
18396
18397
18398
18402
18403
18404
18405
18406
18407
18411
18412
18413
18420
18421
18422
18429
18430
18431
18438
18439
18440
18441
18442
18443
18447
18448
18449
18450
18451
18452
18459
18460
18461
18510
18511
18512
18519
18520
18521
18522
18523
18524
18528
18529
18530
18531
18532
18533
18540
18541
18542
18954
18955
18956
18963
18964
18965
18969
18970
18971
18972
18973
18974
18978
18979
18980
18987
18988
18989
19035
19036
19037
19044
19045
19046
19050
19051
19052
19053
19054
19055
19059
19060
19061
19068
19069
19070
19077
19078
19079
19086
19087
19088
19089
19090
19091
19095
19096
19097
19098
19099
19100
19107
19108
19109
19116
19117
19118
19125
19126
19127
19131
19132
19133
19134
19135
19136
19140
19141
19142
19149
19150
19151
19158
19159
19160
19167
19168
19169
19170
19171
19172
19176
19177
19178
19179
19180
19181
19188
19189
19190
19239
19240
19241
19248
19249
19250
19251
19252
19253
19257
19258
19259
19260
19261
19262
19269
19270
19271
22965
22966
22967
22974
22975
22976
22977
22978
22979
22983
22984
22985
22986
22987
22988
22995
22996
22997
23046
23047
23048
23055
23056
23057
23058
23059
23060
23064
23065
23066
23067
23068
23069
23076
23077
23078
23085
23086
23087
23094
23095
23096
23100
23101
23102
23103
23104
23105
23109
23110
23111
23118
23119
23120
23127
23128
23129
23136
23137
23138
23139
23140
23141
23145
23146
23147
23148
23149
23150
23157
23158
23159
23166
23167
23168
23175
23176
23177
23181
23182
23183
23184
23185
23186
23190
23191
23192
23199
23200
23201
23247
23248
23249
23256
23257
23258
23262
23263
23264
23265
23266
23267
23271
23272
23273
23280
23281
23282
23694
23695
23696
23703
23704
23705
23706
23707
23708
23712
23713
23714
23715
23716
23717
23724
23725
23726
23775
23776
23777
23784
23785
23786
23787
23788
23789
23793
23794
23795
23796
23797
23798
23805
23806
23807
23814
23815
23816
23823
23824
23825
23829
23830
23831
23832
23833
23834
23838
23839
23840
23847
23848
23849
23856
23857
23858
23865
23866
23867
23868
23869
23870
23874
23875
23876
23877
23878
23879
23886
23887
23888
23895
23896
23897
23904
23905
23906
23910
23911
23912
23913
23914
23915
23919
23920
23921
23928
23929
23930
23976
23977
23978
23985
23986
23987
23991
23992
23993
23994
23995
23996
24000
24001
24002
24009
24010
24011
24057
24058
24059
24066
24067
24068
24072
24073
24074
24075
24076
24077
24081
24082
24083
24090
24091
24092
24138
24139
24140
24147
24148
24149
24153
24154
24155
24156
24157
24158
24162
24163
24164
24171
24172
24173
24180
24181
24182
24189
24190
24191
24192
24193
24194
24198
24199
24200
24201
24202
24203
24210
24211
24212
24219
24220
24221
24228
24229
24230
24234
24235
24236
24237
24238
24239
24243
24244
24245
24252
24253
24254
24261
24262
24263
24270
24271
24272
24273
24274
24275
24279
24280
24281
24282
24283
24284
24291
24292
24293
24342
24343
24344
24351
24352
24353
24354
24355
24356
24360
24361
24362
24363
24364
24365
24372
24373
24374
24423
24424
24425
24432
24433
24434
24435
24436
24437
24441
24442
24443
24444
24445
24446
24453
24454
24455
24504
24505
24506
24513
24514
24515
24516
24517
24518
24522
24523
24524
24525
24526
24527
24534
24535
24536
24543
24544
24545
24552
24553
24554
24558
24559
24560
24561
24562
24563
24567
24568
24569
24576
24577
24578
24585
24586
24587
24594
24595
24596
24597
24598
24599
24603
24604
24605
24606
24607
24608
24615
24616
24617
24624
24625
24626
24633
24634
24635
24639
24640
24641
24642
24643
24644
24648
24649
24650
24657
24658
24659
24705
24706
24707
24714
24715
24716
24720
24721
24722
24723
24724
24725
24729
24730
24731
24738
24739
24740
24786
24787
24788
24795
24796
24797
24801
24802
24803
24804
24805
24806
24810
24811
24812
24819
24820
24821
24867
24868
24869
24876
24877
24878
24882
24883
24884
24885
24886
24887
24891
24892
24893
24900
24901
24902
24909
24910
24911
24918
24919
24920
24921
24922
24923
24927
24928
24929
24930
24931
24932
24939
24940
24941
24948
24949
24950
24957
24958
24959
24963
24964
24965
24966
24967
24968
24972
24973
24974
24981
24982
24983
24990
24991
24992
24999
25000
25001
25002
25003
25004
25008
25009
25010
25011
25012
25013
25020
25021
25022
25071
25072
25073
25080
25081
25082
25083
25084
25085
25089
25090
25091
25092
25093
25094
25101
25102
25103
25515
25516
25517
25524
25525
25526
25530
25531
25532
25533
25534
25535
25539
25540
25541
25548
25549
25550
25596
25597
25598
25605
25606
25607
25611
25612
25613
25614
25615
25616
25620
25621
25622
25629
25630
25631
25638
25639
25640
25647
25648
25649
25650
25651
25652
25656
25657
25658
25659
25660
25661
25668
25669
25670
25677
25678
25679
25686
25687
25688
25692
25693
25694
25695
25696
25697
25701
25702
25703
25710
25711
25712
25719
25720
25721
25728
25729
25730
25731
25732
25733
25737
25738
25739
25740
25741
25742
25749
25750
25751
25800
25801
25802
25809
25810
25811
25812
25813
25814
25818
25819
25820
25821
25822
25823
25830
25831
25832
