2
3
4
5
6
7
9
10
11
12
13
14
15
16
18
19
20
21
22
23
24
25
27
28
29
30
31
32
33
34
36
37
38
39
40
41
42
43
45
46
47
48
49
50
51
52
54
55
56
57
58
59
60
61
63
64
65
66
67
68
69
70
73
74
75
76
77
78
79
81
82
83
84
85
86
87
88
90
91
92
93
94
95
96
97
99
100
101
102
103
104
105
106
108
109
110
111
112
113
114
115
117
118
119
120
121
122
123
124
126
127
128
129
130
131
132
133
135
136
137
138
139
140
141
142
144
145
146
147
148
149
150
151
154
155
156
157
158
159
160
162
163
164
165
166
167
168
169
171
172
173
174
175
176
177
178
180
181
182
183
184
185
186
187
189
190
191
192
193
194
195
196
198
199
200
201
202
203
204
205
207
208
209
210
211
212
213
214
216
217
218
219
220
221
222
223
225
226
227
228
229
230
231
232
235
236
237
238
239
240
241
243
244
245
246
247
248
249
250
252
253
254
255
256
257
258
259
261
262
263
264
265
266
267
268
270
271
272
273
274
275
276
277
279
280
282
283
284
285
286
288
289
290
291
292
293
294
295
297
298
299
300
301
302
303
304
306
307
308
309
310
311
312
313
316
317
318
319
320
321
322
324
325
326
327
328
329
331
333
334
335
336
337
338
340
342
343
344
345
346
347
348
349
351
352
353
354
355
356
357
358
360
361
362
363
365
366
367
369
370
371
372
373
374
375
376
378
379
380
381
382
383
384
385
387
388
389
390
391
392
393
394
397
398
399
400
401
402
403
405
406
407
408
409
410
411
412
414
415
416
417
418
419
420
421
423
424
425
426
427
428
429
430
432
433
434
435
436
437
438
439
441
442
443
444
445
446
447
448
450
451
452
453
454
455
456
457
459
460
461
462
463
464
465
466
468
469
470
471
472
473
474
475
478
479
480
481
482
483
484
486
487
488
489
490
491
492
493
495
496
497
498
499
500
501
502
504
505
506
507
508
509
510
511
513
514
515
516
517
518
519
520
522
523
524
525
526
527
529
531
532
533
534
535
536
537
538
540
541
542
543
544
545
546
547
549
550
551
552
553
554
555
556
559
560
561
562
563
564
565
567
568
569
570
571
572
573
574
576
577
578
579
580
581
583
585
586
587
588
589
590
591
592
594
595
597
598
599
600
601
603
604
605
606
608
609
610
612
613
615
616
617
618
619
621
622
623
624
625
626
627
628
630
631
632
633
634
635
636
637
640
641
642
643
645
646
649
650
651
652
654
655
657
658
659
660
661
662
663
664
666
667
668
669
670
671
672
673
675
676
677
678
679
680
681
682
684
685
686
687
688
689
690
691
693
694
695
696
697
698
699
700
702
703
704
705
706
707
708
709
711
712
713
714
715
716
717
718
721
722
723
724
725
726
727
729
730
731
732
733
734
735
736
738
739
740
741
742
743
744
745
747
748
749
750
751
752
753
754
756
757
758
759
760
761
762
763
765
766
767
768
770
771
772
774
775
776
777
779
780
781
783
784
785
786
787
788
789
790
792
793
794
795
796
797
798
799
802
803
804
805
807
810
811
812
813
814
815
816
817
819
820
821
822
824
825
826
828
829
830
831
832
833
834
835
837
838
839
840
842
843
846
847
848
849
851
852
853
855
856
857
858
860
861
862
864
865
866
869
870
873
874
875
876
877
880
883
884
885
886
887
888
889
891
892
893
894
895
896
897
898
900
901
902
903
905
906
909
910
911
912
914
915
916
918
919
920
924
925
927
928
930
932
934
936
937
938
939
941
942
943
945
946
947
948
949
950
951
952
954
955
956
957
958
959
960
961
964
965
966
967
970
972
973
974
975
976
977
978
979
981
982
983
984
985
986
987
990
991
992
993
995
996
997
999
1000
1001
1002
1003
1005
1006
1008
1009
1010
1011
1012
1013
1014
1018
1019
1020
1021
1022
1023
1026
1027
1028
1030
1031
1033
1035
1036
1037
1038
1040
1045
1047
1048
1050
1051
1053
1054
1055
1056
1057
1058
1059
1060
1062
1063
1064
1065
1066
1067
1069
1071
1072
1073
1074
1075
1076
1077
1080
1081
1082
1083
1084
1086
1090
1091
1094
1095
1096
1098
1099
1101
1102
1103
1104
1107
1108
1109
1110
1111
1112
1114
1116
1117
1119
1120
1121
1122
1123
1126
1128
1129
1132
1134
1135
1136
1137
1139
1140
1143
1144
1145
1146
1148
1149
1152
1153
1154
1155
1156
1157
1158
1159
1161
1162
1163
1164
1165
1167
1168
1170
1171
1173
1174
1176
1177
1179
1180
1181
1182
1183
1184
1185
1186
1188
1189
1190
1191
1193
1194
1195
1197
1198
1199
1200
1201
1202
1203
1204
1207
1208
1209
1210
1213
1215
1216
1217
1218
1219
1220
1221
1222
1224
1225
1226
1227
1228
1229
1230
1231
1233
1234
1235
1236
1237
1238
1239
1240
1242
1243
1244
1245
1246
1251
1252
1253
1254
1255
1258
1260
1261
1262
1263
1264
1265
1266
1267
1269
1270
1271
1272
1274
1275
1276
1278
1279
1280
1281
1282
1284
1285
1288
1290
1291
1292
1293
1296
1297
1299
1300
1301
1305
1306
1308
1309
1310
1314
1315
1316
1317
1319
1320
1323
1324
1325
1326
1327
1328
1329
1330
1332
1333
1334
1335
1336
1337
1338
1339
1341
1342
1343
1344
1345
1347
1350
1351
1352
1353
1354
1355
1357
1359
1360
1361
1362
1364
1365
1366
1369
1371
1372
1373
1374
1375
1379
1384
1386
1387
1388
1389
1391
1392
1395
1396
1397
1398
1400
1401
1404
1405
1406
1407
1408
1413
1414
1416
1417
1419
1420
1422
1423
1425
1426
1427
1428
1429
1431
1432
1434
1435
1436
1437
1440
1444
1445
1446
1447
1450
1451
1452
1454
1458
1459
1460
1461
1462
1463
1464
1467
1468
1469
1470
1472
1473
1474
1476
1477
1478
1479
1480
1481
1482
1485
1486
1490
1492
1494
1495
1497
1499
1500
1501
1503
1504
1505
1508
1509
1510
1512
1513
1514
1517
1518
1519
1521
1524
1526
1528
1531
1532
1533
1534
1536
1537
1539
1540
1541
1542
1543
1544
1545
1546
1548
1549
1550
1551
1552
1553
1554
1555
1557
1558
1559
1560
1562
1563
1566
1567
1569
1570
1571
1572
1573
1577
1578
1580
1584
1585
1586
1587
1589
1590
1591
1593
1594
1595
1596
1598
1599
1600
1602
1603
1604
1605
1606
1607
1612
1613
1614
1615
1616
1620
1621
1622
1623
1624
1625
1626
1629
1630
1631
1632
1634
1635
1636
1638
1639
1640
1641
1642
1643
1644
1645
1647
1648
1650
1652
1653
1654
1656
1657
1658
1659
1660
1661
1663
1665
1666
1667
1668
1669
1670
1671
1674
1675
1676
1677
1678
1679
1680
1681
1683
1684
1685
1686
1687
1690
1693
1694
1695
1696
1697
1698
1701
1702
1703
1704
1705
1708
1710
1711
1712
1713
1714
1715
1716
1717
1719
1720
1721
1722
1723
1724
1726
1728
1729
1730
1731
1732
1734
1737
1738
1740
1746
1747
1748
1749
1751
1752
1755
1757
1760
1765
1766
1767
1770
1771
1774
1775
1776
1777
1778
1780
1782
1783
1784
1785
1786
1787
1791
1792
1793
1794
1795
1796
1797
1798
1800
1801
1803
1805
1806
1809
1810
1811
1813
1815
1818
1819
1823
1824
1825
1827
1828
1829
1830
1831
1832
1833
1834
1836
1837
1838
1839
1840
1843
1845
1846
1847
1848
1850
1851
1852
1855
1856
1857
1858
1859
1863
1864
1865
1866
1868
1869
1870
1872
1873
1874
1875
1876
1877
1878
1881
1882
1883
1884
1886
1887
1888
1890
1891
1892
1893
1894
1899
1900
1902
1904
1905
1906
1908
1909
1910
1911
1912
1913
1914
1915
1917
1918
1919
1920
1922
1923
1926
1927
1928
1929
1930
1931
1933
1938
1940
1941
1944
1945
1946
1949
1950
1953
1954
1955
1958
1959
1960
1962
1963
1964
1965
1967
1968
1969
1971
1972
1981
1983
1984
1985
1989
1990
1991
1992
1993
1994
1995
1996
1998
1999
2000
2003
2004
2005
2007
2010
2013
2014
2022
2025
2026
2028
2030
2032
2034
2035
2037
2041
2043
2044
2045
2046
2048
2050
2052
2053
2055
2057
2059
2061
2062
2064
2066
2068
2070
2071
2072
2073
2074
2075
2077
2079
2080
2081
2083
2085
2088
2089
2091
2093
2094
2095
2098
2102
2103
2111
2113
2115
2117
2120
2124
2125
2126
2127
2133
2134
2139
2142
2143
2144
2151
2153
2156
2160
2161
2166
2170
2171
2172
2175
2176
2187
2188
2189
2190
2191
2192
2193
2194
2196
2197
2198
2199
2202
2203
2205
2206
2207
2208
2209
2210
2212
2214
2215
2217
2218
2220
2221
2223
2224
2228
2230
2232
2233
2235
2236
2237
2239
2241
2242
2244
2245
2247
2248
2250
2251
2253
2255
2256
2257
2262
2263
2264
2265
2266
2268
2269
2270
2271
2272
2273
2275
2277
2278
2279
2280
2286
2287
2288
2289
2290
2291
2292
2293
2295
2296
2298
2299
2305
2309
2310
2311
2313
2316
2317
2320
2322
2323
2324
2325
2326
2328
2331
2332
2337
2338
2343
2344
2349
2350
2353
2358
2359
2376
2377
2378
2379
2380
2385
2386
2390
2391
2392
2394
2395
2396
2397
2398
2399
2401
2405
2407
2412
2413
2415
2417
2419
2425
2430
2431
2433
2434
2435
2436
2437
2439
2440
2442
2445
2446
2448
2449
2451
2452
2453
2455
2457
2458
2459
2460
2461
2463
2464
2466
2467
2469
2477
2478
2479
2481
2482
2484
2485
2486
2487
2488
2490
2491
2493
2496
2499
2500
2505
2506
2508
2509
2511
2512
2514
2515
2520
2521
2523
2527
2530
2538
2539
2542
2568
2575
2577
2585
2586
2587
2601
2603
2604
2605
2610
2611
2613
2616
2619
2620
2621
2625
2626
2628
2629
2631
2635
2638
2639
2640
2641
2643
2646
2647
2649
2650
2652
2653
2655
2656
2657
2658
2659
2662
2665
2666
2667
2668
2673
2674
2676
2677
2679
2680
2682
2685
2686
2691
2692
2694
2700
2701
2703
2704
2706
2707
2709
2710
2722
2725
2727
2728
2730
2731
2733
2734
2736
2739
2743
2746
2747
2748
2749
2751
2752
2754
2755
2757
2758
2763
2765
2766
2767
2770
2772
2773
2774
2775
2776
2781
2782
2785
2790
2791
2796
2797
2800
2802
2803
2808
2809
2811
2812
2815
2817
2818
2819
2821
2823
2824
2827
2829
2830
2844
2845
2847
2848
2853
2854
2855
2856
2857
2862
2863
2864
2865
2866
2868
2869
2871
2872
2873
2874
2877
2878
2883
2884
2886
2889
2890
2892
2893
2895
2896
2898
2899
2900
2901
2902
2905
2908
2916
2917
2918
2919
2920
2922
2923
2925
2926
2927
2928
2929
2931
2932
2934
2935
2936
2937
2938
2943
2944
2945
2946
2947
2949
2950
2952
2953
2954
2955
2957
2959
2961
2973
2975
2977
2979
2984
2985
2986
2989
2991
2992
2993
2995
2997
2998
2999
3000
3001
3002
3006
3007
3008
3009
3013
3015
3016
3017
3018
3019
3020
3024
3025
3027
3028
3031
3033
3034
3036
3040
3043
3045
3049
3052
3054
3055
3056
3058
3060
3061
3063
3064
3065
3070
3072
3073
3075
3078
3079
3082
3085
3087
3088
3090
3094
3097
3105
3107
3108
3111
3115
3117
3119
3123
3124
3125
3126
3130
3132
3134
3135
3136
3137
3139
3141
3142
3144
3145
3147
3151
3153
3154
3155
3156
3157
3159
3160
3161
3162
3163
3164
3166
3168
3170
3172
3173
3177
3178
3179
3180
3182
3187
3188
3190
3192
3193
3195
3196
3198
3205
3206
3207
3209
3210
3213
3223
3225
3281
3282
3283
3285
3286
3288
3290
3291
3292
3294
3297
3299
3300
3301
3303
3304
3305
3306
3308
3309
3310
3314
3315
3316
3317
3319
3321
3322
3323
3324
3326
3327
3328
3330
3331
3332
3333
3334
3335
3339
3340
3341
3342
3344
3345
3346
3348
3349
3350
3351
3354
3355
3357
3358
3359
3360
3362
3363
3364
3366
3367
3369
3370
3371
3372
3373
3375
3376
3378
3379
3380
3382
3384
3385
3386
3387
3388
3389
3391
3394
3395
3396
3397
3399
3400
3402
3403
3404
3407
3408
3418
3421
3425
3429
3431
3435
3438
3439
3440
3443
3444
3447
3448
3451
3456
3458
3460
3462
3463
3465
3467
3468
3472
3475
3476
3479
3480
3483
3484
3486
3488
3490
3492
3493
3494
3495
3497
3501
3502
3503
3504
3506
3508
3510
3511
3513
3516
3519
3520
3522
3524
3526
3528
3529
3530
3531
3532
3533
3535
3537
3539
3541
3546
3547
3549
3551
3552
3553
3556
3580
3582
3583
3584
3585
3587
3591
3592
3594
3598
3600
3601
3609
3616
3619
3621
3623
3625
3627
3628
3630
3634
3645
3646
3647
3648
3650
3651
3652
3654
3655
3656
3657
3659
3660
3661
3663
3664
3665
3666
3668
3669
3670
3672
3673
3675
3682
3684
3686
3687
3688
3690
3691
3692
3693
3695
3696
3697
3699
3700
3701
3702
3704
3705
3706
3708
3709
3710
3711
3713
3715
3718
3719
3720
3723
3724
3726
3727
3728
3729
3731
3732
3733
3735
3736
3737
3738
3740
3741
3744
3745
3746
3749
3750
3751
3753
3754
3756
3759
3760
3763
3764
3767
3768
3771
3772
3773
3776
3777
3780
3781
3782
3785
3786
3792
3796
3799
3803
3804
3807
3808
3809
3812
3813
3814
3816
3817
3818
3821
3822
3825
3826
3827
3828
3830
3831
3832
3834
3835
3840
3844
3846
3848
3850
3852
3853
3854
3855
3857
3858
3859
3861
3862
3863
3865
3866
3867
3870
3871
3873
3875
3876
3877
3880
3884
3885
3888
3889
3891
3892
3893
3895
3897
3898
3899
3900
3902
3907
3909
3911
3913
3915
3916
3918
3922
3925
3927
3929
3937
3938
3939
3940
3942
3943
3945
3946
3947
3948
3949
3951
3952
3953
3956
3964
3967
3969
3970
3972
3973
3978
3979
3981
3983
3985
3987
3988
3991
3992
3993
3994
3996
3997
3998
3999
4000
4002
4010
4011
4012
4014
4015
4016
4017
4018
4019
4020
4021
4023
4026
4027
4028
4029
4030
4032
4033
4034
4035
4037
4038
4039
4043
4044
4045
4048
4050
4051
4052
4053
4055
4056
4057
4059
4060
4061
4062
4063
4064
4065
4068
4069
4070
4073
4074
4075
4077
4078
4079
4080
4083
4087
4088
4091
4092
4093
4095
4096
4097
4098
4100
4101
4102
4104
4105
4106
4108
4109
4110
4113
4114
4116
4118
4120
4123
4124
4128
4131
4132
4133
4135
4136
4137
4138
4140
4141
4142
4145
4146
4149
4150
4151
4152
4153
4154
4155
4158
4160
4162
4165
4170
4176
4177
4178
4180
4181
4182
4183
4185
4186
4187
4188
4189
4190
4191
4192
4194
4204
4205
4206
4207
4210
4212
4213
4215
4216
4217
4219
4221
4222
4224
4225
4230
4231
4233
4234
4235
4237
4239
4240
4242
4243
4248
4250
4251
4253
4255
4257
4258
4260
4261
4262
4264
4270
4275
4276
4277
4278
4279
4280
4282
4285
4286
4287
4288
4297
4302
4303
4305
4306
4307
4311
4313
4315
4320
4322
4323
4329
4331
4332
4343
4344
4347
4351
4352
4357
4358
4360
4374
4375
4376
4377
4378
4379
4380
4381
4383
4384
4385
4386
4388
4389
4392
4393
4394
4397
4398
4401
4402
4404
4405
4407
4408
4410
4415
4416
4419
4420
4421
4423
4424
4425
4426
4428
4429
4430
4431
4432
4433
4434
4435
4437
4450
4453
4455
4456
4457
4458
4459
4460
4461
4464
4465
4466
4469
4470
4473
4474
4475
4477
4478
4479
4480
4482
4483
4484
4485
4486
4491
4493
4494
4500
4501
4502
4504
4505
4506
4507
4509
4510
4511
4513
4514
4515
4531
4536
4537
4538
4540
4541
4542
4545
4546
4547
4550
4551
4554
4555
4556
4559
4560
4563
4565
4566
4581
4582
4583
4586
4587
4590
4591
4592
4593
4595
4596
4597
4599
4602
4613
4617
4618
4620
4621
4623
4624
4626
4629
4636
4638
4640
4644
4645
4647
4648
4650
4651
4653
4654
4656
4666
4669
4671
4672
4674
4675
4676
4677
4678
4680
4687
4690
4693
4696
4698
4699
4701
4702
4716
4717
4719
4725
4745
4746
4754
4771
4774
4775
4779
4780
4781
4782
4784
4785
4786
4788
4789
4790
4791
4792
4793
4794
4797
4798
4799
4800
4802
4803
4806
4812
4813
4815
4816
4818
4820
4822
4824
4825
4826
4827
4829
4830
4833
4834
4835
4836
4838
4839
4840
4842
4843
4844
4845
4856
4857
4860
4861
4862
4863
4864
4865
4866
4867
4869
4870
4871
4872
4874
4875
4878
4879
4880
4883
4884
4887
4888
4890
4891
4893
4894
4896
4897
4901
4905
4906
4907
4909
4910
4911
4912
4914
4915
4916
4917
4918
4919
4920
4921
4923
4926
4930
4933
4936
4937
4938
4939
4941
4942
4944
4945
4946
4948
4950
4951
4953
4954
4959
4960
4962
4964
4966
4968
4977
4978
4979
4980
4982
4984
4996
4998
4999
5000
5005
5006
5008
5014
5027
5031
5032
5033
5034
5035
5036
5050
5055
5056
5058
5061
5067
5069
5072
5076
5082
5083
5085
5086
5087
5088
5091
5103
5104
5106
5107
5108
5109
5110
5112
5113
5115
5126
5128
5130
5131
5133
5134
5136
5137
5139
5144
5146
5148
5149
5151
5153
5155
5159
5161
5166
5167
5168
5169
5170
5171
5173
5180
5181
5184
5185
5187
5188
5189
5191
5193
5194
5196
5202
5204
5207
5208
5209
5211
5212
5213
5214
5220
5221
5222
5223
5225
5229
5240
5242
5244
5257
5260
5261
5262
5265
5266
5269
5274
5275
5292
5294
5295
5306
5308
5310
5311
5313
5315
5317
5328
5329
5331
5333
5335
5346
5347
5349
5351
5353
5355
5356
5358
5369
5371
5373
5374
5376
5380
5383
5385
5387
5405
5407
5409
5410
5414
5419
5422
5427
5428
5431
5436
5439
5443
5445
5446
5448
5450
5454
5468
5469
5470
5472
5473
5474
5475
5476
5477
5479
5481
5482
5483
5484
5485
5490
5491
5493
5495
5496
5497
5500
5502
5503
5506
5508
5509
5511
5513
5515
5517
5518
5520
5531
5533
5535
5536
5538
5539
5542
5544
5545
5547
5549
5550
5551
5553
5554
5556
5557
5558
5560
5571
5572
5574
5576
5578
5589
5590
5592
5593
5598
5599
5604
5605
5610
5611
5616
5617
5619
5620
5625
5626
5658
5659
5664
5665
5670
5671
5673
5674
5675
5677
5679
5680
5682
5693
5695
5697
5698
5700
5704
5707
5709
5711
5712
5713
5715
5716
5718
5719
5720
5722
5724
5725
5727
5728
5733
5734
5736
5738
5739
5740
5745
5746
5749
5767
5770
5774
5778
5779
5781
5782
5785
5787
5788
5793
5794
5799
5800
5803
5808
5810
5812
5814
5815
5905
5906
5910
5913
5914
5915
5918
5919
5922
5923
5927
5946
5950
5951
5954
5955
5958
5959
5965
5970
5972
5974
5976
5977
5978
5981
5986
5987
5991
5994
5995
5996
5999
6000
6003
6006
6010
6013
6023
6027
6031
6032
6033
6035
6039
6040
6046
6051
6053
6059
6067
6068
6069
6072
6073
6075
6076
6078
6079
6080
6084
6085
6090
6091
6093
6096
6097
6098
6102
6103
6104
6105
6106
6109
6111
6112
6114
6116
6124
6127
6129
6130
6132
6133
6134
6135
6136
6138
6139
6143
6144
6145
6150
6151
6154
6156
6157
6159
6160
6165
6166
6178
6181
6183
6184
6186
6187
6198
6199
6204
6205
6208
6210
6211
6213
6214
6219
6220
6222
6225
6226
6231
6232
6235
6249
6264
6265
6267
6268
6270
6273
6274
6275
6278
6279
6280
6282
6283
6285
6286
6287
6288
6291
6296
6298
6300
6301
6305
6310
6311
6312
6315
6316
6318
6319
6320
6323
6324
6334
6337
6341
6345
6347
6351
6355
6356
6359
6360
6363
6364
6367
6370
6372
6373
6375
6376
6377
6378
6379
6381
6382
6383
6391
6392
6394
6396
6397
6399
6400
6402
6403
6404
6408
6411
6421
6424
6426
6427
6429
6430
6448
6451
6561
6562
6563
6564
6565
6566
6567
6568
6570
6571
6572
6573
6574
6575
6576
6577
6579
6580
6581
6582
6583
6584
6585
6586
6588
6589
6590
6591
6592
6594
6595
6597
6598
6599
6600
6602
6603
6604
6606
6607
6608
6609
6610
6611
6612
6613
6615
6616
6617
6618
6619
6620
6621
6622
6624
6625
6626
6627
6628
6629
6630
6631
6634
6635
6636
6637
6639
6640
6642
6643
6644
6645
6646
6647
6648
6649
6651
6652
6653
6654
6656
6657
6660
6661
6662
6663
6664
6665
6666
6667
6669
6670
6671
6672
6675
6676
6678
6679
6680
6681
6683
6684
6685
6687
6688
6689
6690
6691
6692
6693
6694
6696
6697
6698
6699
6700
6701
6702
6703
6705
6706
6707
6708
6709
6710
6711
6712
6715
6716
6717
6718
6720
6723
6724
6725
6726
6727
6728
6729
6732
6733
6734
6735
6737
6738
6739
6741
6742
6743
6744
6746
6747
6750
6751
6752
6753
6754
6756
6759
6760
6761
6764
6765
6766
6768
6769
6770
6771
6772
6773
6774
6775
6777
6778
6779
6782
6783
6786
6787
6788
6789
6790
6791
6793
6797
6798
6799
6804
6805
6806
6807
6808
6809
6811
6813
6814
6815
6816
6819
6820
6822
6823
6825
6826
6827
6829
6831
6832
6833
6834
6835
6840
6841
6851
6852
6853
6860
6862
6869
6870
6871
6873
6874
6877
6878
6879
6880
6885
6886
6887
6888
6889
6894
6895
6896
6897
6901
6903
6904
6906
6908
6912
6926
6927
6928
6930
6931
6933
6934
6935
6936
6937
6939
6942
6943
6944
6948
6949
6950
6951
6952
6953
6955
6959
6960
6961
6964
6966
6967
6968
6969
6971
6972
6973
6975
6976
6977
6978
6980
6981
6984
6985
6986
6989
6990
6991
6993
6994
6996
6999
7000
7003
7004
7005
7007
7008
7009
7011
7012
7013
7014
7016
7017
7018
7020
7021
7022
7025
7026
7029
7030
7031
7032
7033
7034
7036
7039
7040
7042
7044
7047
7048
7049
7052
7053
7056
7057
7058
7059
7060
7061
7062
7065
7066
7067
7068
7070
7071
7083
7085
7086
7092
7093
7094
7095
7097
7098
7101
7102
7103
7106
7107
7111
7112
7114
7120
7128
7129
7131
7133
7135
7137
7138
7140
7141
7151
7153
7155
7156
7158
7169
7170
7171
7173
7174
7176
7177
7178
7180
7182
7183
7185
7186
7191
7192
7194
7196
7197
7198
7203
7204
7218
7219
7223
7227
7236
7237
7238
7239
7240
7245
7246
7251
7252
7257
7258
7259
7260
7263
7268
7290
7291
7292
7293
7294
7295
7296
7297
7299
7300
7301
7302
7304
7305
7306
7308
7309
7310
7311
7312
7313
7314
7315
7317
7318
7320
7321
7326
7327
7331
7332
7333
7335
7336
7337
7338
7340
7341
7342
7344
7345
7346
7349
7350
7353
7354
7356
7358
7359
7360
7363
7364
7365
7366
7368
7371
7372
7373
7374
7375
7376
7377
7378
7380
7381
7382
7383
7385
7386
7389
7390
7391
7392
7394
7395
7396
7398
7399
7401
7404
7408
7409
7412
7413
7416
7417
7418
7421
7422
7425
7426
7427
7430
7431
7436
7437
7438
7445
7446
7447
7452
7453
7454
7455
7456
7457
7458
7461
7462
7463
7464
7466
7467
7470
7471
7472
7473
7475
7476
7479
7480
7493
7495
7497
7498
7499
7500
7502
7503
7504
7506
7507
7508
7511
7512
7515
7516
7517
7518
7519
7520
7522
7526
7527
7528
7533
7534
7535
7536
7537
7538
7540
7542
7543
7544
7545
7556
7558
7560
7561
7563
7583
7584
7587
7592
7598
7623
7624
7628
7632
7655
7656
7659
7660
7664
7665
7668
7673
7695
7696
7697
7700
7701
7704
7705
7706
7709
7710
7713
7714
7715
7718
7719
7740
7741
7742
7745
7746
7749
7750
7751
7754
7755
7776
7777
7778
7781
7782
7785
7786
7787
7790
7791
7794
7795
7796
7799
7800
7821
7822
7823
7826
7827
7830
7831
7832
7835
7836
7875
7876
7877
7878
7884
7885
7893
7894
7906
7915
7956
7957
7958
7959
7965
7966
7974
7975
8019
8020
8021
8022
8023
8024
8025
8028
8029
8030
8031
8033
8034
8037
8038
8039
8040
8042
8043
8046
8047
8055
8056
8064
8065
8066
8069
8070
8073
8074
8075
8078
8079
8100
8101
8102
8103
8104
8105
8106
8109
8110
8111
8112
8114
8115
8118
8119
8120
8121
8123
8124
8127
8128
8145
8146
8147
8150
8151
8154
8155
8156
8159
8160
8165
8166
8167
8174
8175
8176
8181
8182
8183
8184
8185
8186
8187
8190
8191
8192
8193
8195
8196
8199
8200
8201
8202
8204
8205
8208
8209
8226
8227
8228
8231
8232
8235
8236
8237
8240
8241
8246
8247
8248
8255
8256
8257
8262
8263
8264
8265
8266
8271
8272
8273
8274
8352
8355
8359
8362
8366
8370
8384
8386
8388
8389
8391
8393
8395
8400
8406
8407
8409
8411
8413
8418
8422
8424
8425
8426
8427
8429
8430
8431
8433
8434
8435
8436
8438
8439
8442
8443
8444
8447
8448
8449
8451
8452
8454
8458
8461
8463
8465
8467
8469
8470
8471
8472
8474
8475
8476
8478
8479
8480
8483
8484
8485
8487
8488
8490
8492
8494
8499
8503
8505
8506
8507
8510
8511
8514
8515
8516
8519
8520
8521
8523
8524
8525
8528
8529
8532
8550
8551
8552
8555
8556
8559
8560
8561
8564
8565
8586
8587
8589
8591
8593
8595
8596
8598
8604
8605
8606
8607
8609
8611
8613
8614
8616
8622
8623
8627
8629
8631
8632
8634
8635
8636
8638
8644
8649
8650
8652
8654
8656
8683
8685
8686
8687
8688
8690
8694
8695
8697
8701
8703
8704
8719
8724
8726
8728
8730
8731
8748
8749
8750
8751
8752
8753
8755
8757
8758
8759
8760
8764
8766
8767
8768
8769
8771
8773
8775
8776
8778
8784
8785
8787
8789
8791
8793
8794
8796
8798
8800
8811
8812
8814
8816
8818
8829
8830
8831
8832
8833
8834
8836
8838
8839
8840
8841
8847
8848
8849
8850
8852
8854
8856
8857
8859
8947
8949
8951
8953
8955
8956
8958
8960
8962
8967
8973
8974
8976
8978
8980
8985
8989
8991
8992
8994
8996
8998
9000
9001
9003
9014
9016
9018
9019
9021
9025
9028
9030
9032
9050
9052
9054
9055
9059
9081
9084
9088
9186
9190
9191
9194
9195
9198
9199
9203
9204
9207
9226
9227
9231
9234
9235
9236
9239
9240
9263
9267
9271
9272
9275
9276
9279
9280
9299
9307
9308
9312
9333
9344
9348
9352
9353
9374
9380
9550
9551
9555
9558
9559
9560
9563
9564
9567
9568
9572
9591
9595
9596
9599
9600
9603
9604
9623
9631
9632
9636
9639
9640
9641
9644
9645
9668
9672
9676
9677
9842
9843
9844
9846
9847
9849
9850
9851
9852
9855
9856
9858
9859
9860
9864
9865
9870
9871
9876
9877
9882
9883
9884
9887
9888
9891
9892
9896
9909
9910
9912
9913
9915
9918
9919
9920
9923
9924
9925
9927
9928
9930
9931
9932
9933
9936
9955
9956
9960
9963
9964
9965
9966
9967
9968
9969
9972
9973
9978
9979
9984
9985
9990
9991
9992
9993
9994
9996
9999
10000
10032
10033
10038
10039
10044
10045
10047
10048
10053
10054
10086
10087
10092
10093
10098
10099
10101
10102
10107
10108
10113
10114
10119
10120
10152
10153
10155
10156
10161
10162
10167
10168
10173
10174
10206
10207
10208
10211
10212
10215
10216
10217
10220
10221
10224
10225
10226
10229
10230
10251
10252
10253
10256
10257
10260
10261
10262
10265
10266
10287
10288
10289
10292
10293
10296
10297
10298
10301
10302
10305
10306
10307
10310
10311
10332
10333
10334
10337
10338
10341
10342
10343
10346
10347
10368
10369
10370
10373
10374
10377
10378
10379
10382
10383
10386
10387
10388
10391
10392
10413
10414
10415
10418
10419
10422
10423
10424
10427
10428
10449
10450
10452
10453
10458
10459
10464
10465
10470
10471
10476
10477
10479
10480
10485
10486
10518
10519
10524
10525
10530
10531
10533
10534
10539
10540
10572
10573
10578
10579
10584
10585
10587
10588
10593
10594
10599
10600
10605
10606
10611
10612
10613
10616
10617
10620
10621
10622
10625
10626
10629
10630
10631
10634
10635
10638
10639
10641
10642
10647
10648
10653
10654
10656
10657
10658
10659
10660
10661
10662
10665
10666
10667
10670
10671
10692
10693
10694
10697
10698
10701
10702
10703
10706
10707
10710
10711
10712
10715
10716
10737
10738
10739
10742
10743
10746
10747
10748
10751
10752
10935
10936
10937
10938
10939
10940
10941
10944
10945
10946
10949
10950
10951
10953
10954
10955
10956
10957
10958
10959
10962
10963
10965
10966
10971
10972
10980
10981
10982
10985
10986
10989
10990
10991
10994
10995
11004
11005
11010
11011
11016
11017
11018
11019
11020
11021
11022
11025
11026
11027
11030
11031
11034
11035
11036
11039
11040
11058
11059
11061
11062
11063
11064
11065
11066
11067
11070
11071
11072
11073
11074
11075
11076
11079
11080
11085
11086
11091
11092
11097
11098
11099
11102
11103
11106
11107
11108
11111
11112
11115
11116
11117
11120
11121
11124
11125
11127
11128
11133
11134
11139
11140
11142
11143
11144
11145
11146
11147
11148
11151
11152
11153
11156
11157
11178
11179
11181
11182
11187
11188
11193
11194
11199
11200
11205
11206
11208
11209
11214
11215
11247
11248
11253
11254
11259
11260
11262
11263
11268
11269
11340
11341
11342
11345
11346
11349
11350
11351
11354
11355
11358
11359
11360
11363
11364
11385
11386
11387
11390
11391
11394
11395
11396
11399
11400
11421
11422
11423
11426
11427
11430
11431
11432
11435
11436
11439
11440
11441
11444
11445
11466
11467
11468
11471
11472
11475
11476
11477
11480
11481
11544
11545
11550
11551
11556
11557
11559
11560
11565
11566
11571
11572
11577
11578
11610
11611
11613
11614
11619
11620
11625
11626
11631
11632
11664
11665
11667
11668
11673
11674
11679
11680
11685
11686
11691
11692
11694
11695
11700
11701
11733
11734
11739
11740
11745
11746
11748
11749
11754
11755
11810
11811
11812
11819
11820
11821
11826
11827
11828
11829
11830
11835
11836
11837
11838
11844
11845
11846
11847
11853
11854
11891
11892
11893
11900
11901
11902
11907
11908
11909
11910
11911
11916
11917
11918
11919
11956
11965
11972
11973
11974
11981
11982
11983
11988
11989
11990
11991
11992
11997
11998
11999
12000
12030
12031
12036
12037
12042
12043
12045
12046
12051
12052
12053
12054
12055
12057
12058
12062
12063
12064
12096
12097
12099
12100
12105
12106
12111
12112
12117
12118
12127
12134
12135
12136
12143
12144
12145
12150
12151
12153
12154
12159
12160
12165
12166
12171
12172
12177
12178
12180
12181
12186
12187
12199
12208
12219
12220
12225
12226
12231
12232
12234
12235
12240
12241
12273
12274
12279
12280
12285
12286
12288
12289
12294
12295
12300
12301
12306
12307
12339
12340
12342
12343
12348
12349
12354
12355
12360
12361
12539
12540
12541
12548
12549
12550
12555
12556
12557
12558
12559
12564
12565
12566
12567
12573
12574
12575
12576
12582
12583
12620
12621
12622
12629
12630
12631
12636
12637
12638
12639
12640
12645
12646
12647
12648
12651
12652
12657
12658
12663
12664
12666
12667
12672
12673
12685
12694
12701
12702
12703
12705
12706
12710
12711
12712
12717
12718
12719
12720
12721
12726
12727
12728
12729
12759
12760
12765
12766
12771
12772
12774
12775
12780
12781
12782
12783
12784
12786
12787
12791
12792
12793
12825
12826
12828
12829
12834
12835
12840
12841
12846
12847
13122
13123
13124
13125
13126
13127
13128
13131
13132
13133
13134
13136
13137
13140
13141
13142
13143
13145
13146
13149
13150
13158
13159
13167
13168
13169
13172
13173
13176
13177
13178
13181
13182
13203
13204
13205
13206
13207
13208
13209
13212
13213
13214
13215
13217
13218
13221
13222
13223
13224
13226
13227
13230
13231
13248
13249
13250
13253
13254
13257
13258
13259
13262
13263
13268
13269
13270
13277
13278
13279
13284
13285
13286
13287
13288
13289
13290
13293
13294
13295
13296
13298
13299
13302
13303
13304
13305
13307
13308
13311
13312
13329
13330
13331
13334
13335
13338
13339
13340
13343
13344
13349
13350
13351
13358
13359
13360
13365
13366
13367
13368
13369
13374
13375
13376
13377
13414
13423
13430
13431
13432
13439
13440
13441
13446
13447
13448
13449
13450
13455
13456
13457
13458
13495
13504
13511
13512
13513
13520
13521
13522
13527
13528
13529
13532
13533
13536
13537
13538
13541
13542
13545
13546
13547
13550
13551
13572
13573
13574
13577
13578
13581
13582
13583
13586
13587
13608
13609
13610
13613
13614
13617
13618
13619
13622
13623
13626
13627
13628
13631
13632
13653
13654
13655
13658
13659
13662
13663
13664
13667
13668
13851
13852
13853
13854
13855
13856
13857
13860
13861
13862
13863
13865
13866
13869
13870
13871
13872
13874
13875
13878
13879
13887
13888
13896
13897
13898
13901
13902
13905
13906
13907
13910
13911
13932
13933
13934
13935
13936
13937
13938
13941
13942
13943
13944
13946
13947
13950
13951
13952
13953
13955
13956
13959
13960
13977
13978
13979
13982
13983
13986
13987
13988
13991
13992
13997
13998
13999
14006
14007
14008
14013
14014
14015
14016
14017
14018
14019
14022
14023
14024
14025
14027
14028
14031
14032
14033
14034
14036
14037
14040
14041
14058
14059
14060
14063
14064
14067
14068
14069
14072
14073
14078
14079
14080
14087
14088
14089
14094
14095
14096
14097
14098
14103
14104
14105
14106
14256
14257
14258
14261
14262
14265
14266
14267
14270
14271
14274
14275
14276
14279
14280
14301
14302
14303
14306
14307
14310
14311
14312
14315
14316
14337
14338
14339
14342
14343
14346
14347
14348
14351
14352
14355
14356
14357
14360
14361
14382
14383
14384
14387
14388
14391
14392
14393
14396
14397
14436
14437
14438
14439
14445
14446
14454
14455
14467
14476
14517
14518
14519
14520
14526
14527
14535
14536
14580
14581
14582
14583
14584
14585
14586
14589
14590
14591
14592
14594
14595
14598
14599
14600
14601
14603
14604
14607
14608
14616
14617
14625
14626
14627
14630
14631
14634
14635
14636
14639
14640
14661
14662
14663
14664
14665
14666
14667
14670
14671
14672
14673
14675
14676
14679
14680
14681
14682
14684
14685
14688
14689
14706
14707
14708
14711
14712
14715
14716
14717
14720
14721
14726
14727
14728
14735
14736
14737
14742
14743
14744
14745
14746
14747
14748
14751
14752
14753
14754
14756
14757
14760
14761
14762
14763
14765
14766
14769
14770
14787
14788
14789
14792
14793
14796
14797
14798
14801
14802
14807
14808
14809
14816
14817
14818
14823
14824
14825
14826
14827
14832
14833
14834
14835
14985
14986
14987
14990
14991
14994
14995
14996
14999
15000
15003
15004
15005
15008
15009
15030
15031
15032
15035
15036
15039
15040
15041
15044
15045
15066
15067
15068
15071
15072
15075
15076
15077
15080
15081
15084
15085
15086
15089
15090
15111
15112
15113
15116
15117
15120
15121
15122
15125
15126
15165
15166
15167
15168
15174
15175
15183
15184
15196
15205
15246
15247
15248
15249
15255
15256
15264
15265
15309
15310
15311
15312
15313
15318
15319
15320
15321
15324
15325
15327
15328
15329
15330
15331
15336
15337
15339
15340
15345
15346
15378
15379
15384
15385
15390
15391
15392
15393
15394
15399
15400
15401
15402
15408
15409
15410
15411
15417
15418
15432
15433
15438
15439
15444
15445
15447
15448
15453
15454
15459
15460
15465
15466
15498
15499
15501
15502
15507
15508
15513
15514
15519
15520
15552
15553
15555
15556
15561
15562
15567
15568
15573
15574
15579
15580
15582
15583
15588
15589
15621
15622
15627
15628
15633
15634
15636
15637
15642
15643
15918
15919
15924
15925
15930
15931
15933
15934
15939
15940
15945
15946
15951
15952
15984
15985
15987
15988
15993
15994
15999
16000
16005
16006
16038
16039
16041
16042
16047
16048
16053
16054
16059
16060
16065
16066
16068
16069
16074
16075
16107
16108
16113
16114
16119
16120
16122
16123
16128
16129
16403
16404
16405
16407
16408
16410
16411
16412
16414
16416
16417
16419
16420
16425
16426
16428
16430
16431
16432
16437
16438
16443
16444
16446
16448
16450
16452
16453
16455
16466
16468
16470
16471
16473
16474
16479
16480
16484
16485
16486
16488
16489
16491
16492
16493
16495
16506
16507
16509
16511
16513
16524
16525
16527
16528
16533
16534
16539
16540
16545
16546
16551
16552
16554
16555
16560
16561
16593
16594
16599
16600
16605
16606
16608
16609
16610
16612
16614
16615
16617
16628
16630
16632
16633
16635
16646
16647
16648
16650
16651
16653
16654
16655
16657
16659
16660
16662
16663
16668
16669
16671
16673
16675
16767
16768
16769
16770
16772
16773
16774
16776
16777
16778
16779
16781
16782
16785
16786
16787
16790
16791
16792
16794
16795
16797
16808
16810
16812
16813
16814
16815
16817
16818
16819
16821
16822
16823
16826
16827
16830
16831
16833
16835
16837
16848
16849
16850
16851
16853
16854
16855
16857
16858
16859
16860
16862
16863
16866
16867
16868
16871
16872
16873
16875
16876
16878
16893
16894
16895
16898
16899
16902
16903
16904
16907
16908
16929
16930
16931
16934
16935
16938
16939
16940
16943
16944
16947
16948
16949
16952
16953
16970
16972
16974
16975
16976
16977
16979
16980
16981
16983
16984
16985
16988
16989
16992
16993
16995
16997
16999
17010
17011
17013
17015
17017
17019
17020
17022
17033
17035
17037
17038
17040
17132
17134
17136
17137
17139
17141
17143
17154
17155
17157
17159
17161
17172
17173
17174
17175
17177
17178
17179
17181
17182
17183
17184
17186
17187
17190
17191
17192
17195
17196
17197
17199
17200
17202
17213
17215
17217
17218
17219
17220
17222
17223
17224
17226
17227
17228
17231
17232
17235
17236
17238
17240
17242
17253
17254
17255
17258
17259
17262
17263
17264
17267
17268
17271
17272
17273
17276
17277
17298
17299
17300
17303
17304
17307
17308
17309
17312
17313
17334
17335
17337
17339
17341
17343
17344
17346
17357
17359
17361
17362
17364
17375
17377
17379
17380
17382
17384
17386
17397
17398
17400
17402
17404
17496
17497
17498
17501
17502
17505
17506
17507
17510
17511
17514
17515
17516
17519
17520
17541
17542
17543
17546
17547
17550
17551
17552
17555
17556
17577
17578
17579
17582
17583
17586
17587
17588
17591
17592
17595
17596
17597
17600
17601
17622
17623
17624
17627
17628
17631
17632
17633
17636
17637
17658
17659
17660
17663
17664
17667
17668
17669
17672
17673
17676
17677
17678
17681
17682
17703
17704
17705
17708
17709
17712
17713
17714
17717
17718
17901
17902
17903
17906
17907
17910
17911
17912
17915
17916
17919
17920
17921
17924
17925
17946
17947
17948
17951
17952
17955
17956
17957
17960
17961
17982
17983
17984
17987
17988
17991
17992
17993
17996
17997
18000
18001
18002
18005
18006
18027
18028
18029
18032
18033
18036
18037
18038
18041
18042
18225
18226
18228
18230
18232
18234
18235
18237
18248
18250
18252
18253
18255
18266
18268
18270
18271
18273
18275
18277
18288
18289
18291
18293
18295
18306
18307
18309
18311
18313
18315
18316
18318
18329
18331
18333
18334
18336
18371
18372
18373
18380
18381
18382
18387
18388
18389
18390
18391
18396
18397
18398
18399
18405
18406
18407
18408
18414
18415
18428
18430
18432
18433
18435
18437
18439
18450
18451
18452
18453
18454
18455
18457
18461
18462
18463
18468
18469
18470
18471
18472
18473
18475
18477
18478
18479
18480
18491
18493
18495
18496
18498
18517
18526
18533
18534
18535
18542
18543
18544
18549
18550
18551
18552
18553
18558
18559
18560
18561
18590
18592
18594
18595
18597
18598
18599
18601
18607
18612
18613
18614
18615
18616
18617
18619
18623
18624
18625
18630
18631
18633
18635
18637
18639
18640
18642
18653
18655
18657
18658
18660
18666
18667
18671
18673
18675
18676
18678
18679
18680
18682
18688
18693
18694
18695
18696
18697
18698
18700
18704
18705
18706
18747
18748
18760
18769
18792
18793
18795
18797
18799
18801
18802
18804
18815
18817
18819
18820
18822
18833
18835
18837
18838
18840
18842
18844
18855
18856
18858
18860
18862
19100
19101
19102
19109
19110
19111
19116
19117
19118
19119
19120
19125
19126
19127
19128
19134
19135
19136
19137
19143
19144
19181
19182
19183
19190
19191
19192
19197
19198
19199
19200
19201
19206
19207
19208
19209
19246
19255
19262
19263
19264
19271
19272
19273
19278
19279
19280
19281
19282
19287
19288
19289
19290
19327
19336
19343
19344
19345
19352
19353
19354
19683
19684
19685
19686
19687
19688
19690
19692
19693
19694
19695
19701
19702
19703
19704
19706
19708
19710
19711
19713
19719
19720
19724
19726
19728
19729
19731
19733
19735
19746
19747
19749
19751
19753
19764
19765
19766
19767
19768
19769
19771
19773
19774
19775
19776
19782
19783
19784
19785
19787
19789
19791
19792
19794
19829
19830
19831
19838
19839
19840
19845
19846
19847
19848
19849
19854
19855
19856
19857
19863
19864
19865
19866
19872
19873
19886
19888
19890
19891
19893
19895
19897
19908
19909
19910
19911
19912
19913
19915
19919
19920
19921
19926
19927
19928
19929
19930
19931
19933
19935
19936
19937
19938
19949
19951
19953
19954
19956
19975
19984
19991
19992
19993
20000
20048
20050
20052
20053
20055
20057
20059
20070
20071
20073
20075
20077
20088
20089
20091
20093
20095
20097
20098
20100
20111
20113
20115
20116
20118
20129
20131
20133
20134
20136
20138
20140
20151
20152
20154
20156
20158
20250
20251
20253
20255
20257
20259
20260
20262
20273
20275
20277
20278
20280
20291
20293
20295
20296
20298
20300
20302
20313
20314
20316
20318
20320
20412
20413
20415
20417
20419
20421
20422
20424
20435
20437
20439
20440
20442
20453
20455
20457
20458
20460
20462
20464
20475
20476
20478
20480
20482
20493
20494
20496
20498
20500
20502
20503
20505
20516
20518
20520
20521
20523
20615
20617
20619
20620
20622
20624
20626
20637
20638
20640
20642
20644
20655
20656
20658
20660
20662
20664
20665
20667
20678
20680
20682
20683
20685
21506
21508
21510
21511
21513
21515
21517
21528
21529
21531
21533
21535
21546
21547
21549
21551
21553
21555
21556
21558
21569
21571
21573
21574
21576
21587
21589
21591
21592
21594
21596
21598
21609
21610
21612
21614
21616
21708
21709
21711
21713
21715
21717
21718
21720
21731
21733
21735
21736
21738
21749
21751
21753
21754
21756
21758
21760
21771
21772
21774
21776
21778
21870
21871
21873
21875
21877
21879
21880
21882
21893
21895
21897
21898
21900
21911
21913
21915
21916
21918
21920
21922
21933
21934
21936
21938
21940
21951
21952
21954
21956
21958
21960
21961
21963
21974
21976
21978
21979
21981
22073
22075
22077
22078
22080
22082
22084
22095
22096
22098
22100
22102
22113
22114
22116
22118
22120
22122
22123
22125
22136
22138
22140
22141
22143
29525
29527
29529
29530
29532
29534
29536
29547
29548
29550
29552
29554
29565
29566
29568
29570
29572
29574
29575
29577
29588
29590
29592
29593
29595
29606
29608
29610
29611
29613
29615
29617
29628
29629
29631
29633
29635
29727
29728
29730
29732
29734
29736
29737
29739
29750
29752
29754
29755
29757
29768
29770
29772
29773
29775
29777
29779
29790
29791
29793
29795
29797
29889
29890
29892
29894
29896
29898
29899
29901
29912
29914
29916
29917
29919
29930
29932
29934
29935
29937
29939
29941
29952
29953
29955
29957
29959
29970
29971
29973
29975
29977
29979
29980
29982
29993
29995
29997
29998
30000
30092
30094
30096
30097
30099
30101
30103
30114
30115
30117
30119
30121
30132
30133
30135
30137
30139
30141
30142
30144
30155
30157
30159
30160
30162
30254
30256
30258
30259
30261
30263
30265
30276
30277
30279
30281
30283
30294
30295
30297
30299
30301
30303
30304
30306
30317
30319
30321
30322
30324
30335
30337
30339
30340
30342
30344
30346
30357
30358
30360
30362
30364
30456
30457
30459
30461
30463
30465
30466
30468
30479
30481
30483
30484
30486
30497
30499
30501
30502
30504
30506
30508
30519
30520
30522
30524
30526
31347
31348
31350
31352
31354
31356
31357
31359
31370
31372
31374
31375
31377
31388
31390
31392
31393
31395
31397
31399
31410
31411
31413
31415
31417
31428
31429
31431
31433
31435
31437
31438
31440
31451
31453
31455
31456
31458
31550
31552
31554
31555
31557
31559
31561
31572
31573
31575
31577
31579
31590
31591
31593
31595
31597
31599
31600
31602
31613
31615
31617
31618
31620
31712
31714
31716
31717
31719
31721
31723
31734
31735
31737
31739
31741
31752
31753
31755
31757
31759
31761
31762
31764
31775
31777
31779
31780
31782
31793
31795
31797
31798
31800
31802
31804
31815
31816
31818
31820
31822
31914
31915
31917
31919
31921
31923
31924
31926
31937
31939
31941
31942
31944
31955
31957
31959
31960
31962
31964
31966
31977
31978
31980
31982
31984
32805
32806
32807
32808
32810
32811
32812
32814
32815
32816
32817
32819
32820
32823
32824
32825
32828
32829
32830
32832
32833
32835
32846
32848
32850
32851
32852
32853
32855
32856
32857
32859
32860
32861
32864
32865
32868
32869
32871
32873
32875
32886
32887
32888
32889
32891
32892
32893
32895
32896
32897
32898
32900
32901
32904
32905
32906
32909
32910
32911
32913
32914
32916
32931
32932
32933
32936
32937
32940
32941
32942
32945
32946
32967
32968
32969
32972
32973
32976
32977
32978
32981
32982
32985
32986
32987
32990
32991
33008
33010
33012
33013
33014
33015
33017
33018
33019
33021
33022
33023
33026
33027
33030
33031
33033
33035
33037
33048
33049
33051
33053
33055
33057
33058
33060
33071
33073
33075
33076
33078
33170
33172
33174
33175
33177
33179
33181
33192
33193
33195
33197
33199
33210
33211
33212
33213
33215
33216
33217
33219
33220
33221
33222
33224
33225
33228
33229
33230
33233
33234
33235
33237
33238
33240
33251
33253
33255
33256
33257
33258
33260
33261
33262
33264
33265
33266
33269
33270
33273
33274
33276
33278
33280
33291
33292
33293
33296
33297
33300
33301
33302
33305
33306
33309
33310
33311
33314
33315
33336
33337
33338
33341
33342
33345
33346
33347
33350
33351
33372
33373
33375
33377
33379
33381
33382
33384
33395
33397
33399
33400
33402
33413
33415
33417
33418
33420
33422
33424
33435
33436
33438
33440
33442
33534
33535
33536
33537
33539
33540
33541
33543
33544
33545
33546
33548
33549
33552
33553
33554
33557
33558
33559
33561
33562
33564
33575
33577
33579
33580
33581
33582
33584
33585
33586
33588
33589
33590
33593
33594
33597
33598
33600
33602
33604
33615
33616
33617
33618
33620
33621
33622
33624
33625
33626
33627
33629
33630
33633
33634
33635
33638
33639
33640
33642
33643
33645
33660
33661
33662
33665
33666
33669
33670
33671
33674
33675
33696
33697
33698
33701
33702
33705
33706
33707
33710
33711
33714
33715
33716
33719
33720
33737
33739
33741
33742
33743
33744
33746
33747
33748
33750
33751
33752
33755
33756
33759
33760
33762
33764
33766
33777
33778
33780
33782
33784
33786
33787
33789
33800
33802
33804
33805
33807
33939
33940
33941
33944
33945
33948
33949
33950
33953
33954
33957
33958
33959
33962
33963
33984
33985
33986
33989
33990
33993
33994
33995
33998
33999
34020
34021
34022
34025
34026
34029
34030
34031
34034
34035
34038
34039
34040
34043
34044
34065
34066
34067
34070
34071
34074
34075
34076
34079
34080
34263
34264
34265
34268
34269
34272
34273
34274
34277
34278
34281
34282
34283
34286
34287
34308
34309
34310
34313
34314
34317
34318
34319
34322
34323
34344
34345
34346
34349
34350
34353
34354
34355
34358
34359
34362
34363
34364
34367
34368
34389
34390
34391
34394
34395
34398
34399
34400
34403
34404
34425
34426
34427
34430
34431
34434
34435
34436
34439
34440
34443
34444
34445
34448
34449
34470
34471
34472
34475
34476
34479
34480
34481
34484
34485
34628
34630
34632
34633
34635
34637
34639
34650
34651
34653
34655
34657
34668
34669
34670
34671
34673
34674
34675
34677
34678
34679
34680
34682
34683
34686
34687
34688
34691
34692
34693
34695
34696
34698
34709
34711
34713
34714
34715
34716
34718
34719
34720
34722
34723
34724
34727
34728
34731
34732
34734
34736
34738
34749
34750
34751
34754
34755
34758
34759
34760
34763
34764
34767
34768
34769
34772
34773
34794
34795
34796
34799
34800
34803
34804
34805
34808
34809
34830
34831
34833
34835
34837
34839
34840
34842
34853
34855
34857
34858
34860
34871
34873
34875
34876
34878
34880
34882
34893
34894
34896
34898
34900
34992
34993
34995
34997
34999
35001
35002
35004
35015
35017
35019
35020
35022
35033
35035
35037
35038
35040
35042
35044
35055
35056
35058
35060
35062
35073
35074
35076
35078
35080
35082
35083
35085
35096
35098
35100
35101
35103
35195
35197
35199
35200
35202
35204
35206
35217
35218
35220
35222
35224
35235
35236
35238
35240
35242
35244
35245
35247
35258
35260
35262
35263
35265
36086
36088
36090
36091
36093
36095
36097
36108
36109
36111
36113
36115
36126
36127
36129
36131
36133
36135
36136
36138
36149
36151
36153
36154
36156
36167
36169
36171
36172
36174
36176
36178
36189
36190
36192
36194
36196
36288
36289
36291
36293
36295
36297
36298
36300
36311
36313
36315
36316
36318
36329
36331
36333
36334
36336
36338
36340
36351
36352
36354
36356
36358
36450
36451
36452
36453
36455
36456
36457
36459
36460
36461
36462
36464
36465
36468
36469
36470
36473
36474
36475
36477
36478
36480
36491
36493
36495
36496
36497
36498
36500
36501
36502
36504
36505
36506
36509
36510
36513
36514
36516
36518
36520
36531
36532
36533
36534
36536
36537
36538
36540
36541
36542
36543
36545
36546
36549
36550
36551
36554
36555
36556
36558
36559
36561
36576
36577
36578
36581
36582
36585
36586
36587
36590
36591
36612
36613
36614
36617
36618
36621
36622
36623
36626
36627
36630
36631
36632
36635
36636
36653
36655
36657
36658
36659
36660
36662
36663
36664
36666
36667
36668
36671
36672
36675
36676
36678
36680
36682
36693
36694
36696
36698
36700
36702
36703
36705
36716
36718
36720
36721
36723
36815
36817
36819
36820
36822
36824
36826
36837
36838
36840
36842
36844
36855
36856
36857
36858
36860
36861
36862
36864
36865
36866
36867
36869
36870
36873
36874
36875
36878
36879
36880
36882
36883
36885
36896
36898
36900
36901
36902
36903
36905
36906
36907
36909
36910
36911
36914
36915
36918
36919
36921
36923
36925
36936
36937
36938
36941
36942
36945
36946
36947
36950
36951
36954
36955
36956
36959
36960
36981
36982
36983
36986
36987
36990
36991
36992
36995
36996
37017
37018
37020
37022
37024
37026
37027
37029
37040
37042
37044
37045
37047
37058
37060
37062
37063
37065
37067
37069
37080
37081
37083
37085
37087
37179
37180
37181
37184
37185
37188
37189
37190
37193
37194
37197
37198
37199
37202
37203
37224
37225
37226
37229
37230
37233
37234
37235
37238
37239
37260
37261
37262
37265
37266
37269
37270
37271
37274
37275
37278
37279
37280
37283
37284
37305
37306
37307
37310
37311
37314
37315
37316
37319
37320
37341
37342
37343
37346
37347
37350
37351
37352
37355
37356
37359
37360
37361
37364
37365
37386
37387
37388
37391
37392
37395
37396
37397
37400
37401
37584
37585
37586
37589
37590
37593
37594
37595
37598
37599
37602
37603
37604
37607
37608
37629
37630
37631
37634
37635
37638
37639
37640
37643
37644
37665
37666
37667
37670
37671
37674
37675
37676
37679
37680
37683
37684
37685
37688
37689
37710
37711
37712
37715
37716
37719
37720
37721
37724
37725
37908
37909
37911
37913
37915
37917
37918
37920
37931
37933
37935
37936
37938
37949
37951
37953
37954
37956
37958
37960
37971
37972
37974
37976
37978
37989
37990
37992
37994
37996
37998
37999
38001
38012
38014
38016
38017
38019
38111
38113
38115
38116
38118
38120
38122
38133
38134
38136
38138
38140
38151
38152
38154
38156
38158
38160
38161
38163
38174
38176
38178
38179
38181
38273
38275
38277
38278
38280
38282
38284
38295
38296
38298
38300
38302
38313
38314
38316
38318
38320
38322
38323
38325
38336
38338
38340
38341
38343
38354
38356
38358
38359
38361
38363
38365
38376
38377
38379
38381
38383
38475
38476
38478
38480
38482
38484
38485
38487
38498
38500
38502
38503
38505
38516
38518
38520
38521
38523
38525
38527
38538
38539
38541
38543
38545
39366
39367
39368
39371
39372
39375
39376
39377
39380
39381
39384
39385
39386
39389
39390
39411
39412
39413
39416
39417
39420
39421
39422
39425
39426
39447
39448
39449
39452
39453
39456
39457
39458
39461
39462
39465
39466
39467
39470
39471
39492
39493
39494
39497
39498
39501
39502
39503
39506
39507
39528
39529
39530
39533
39534
39537
39538
39539
39542
39543
39546
39547
39548
39551
39552
39573
39574
39575
39578
39579
39582
39583
39584
39587
39588
39771
39772
39773
39776
39777
39780
39781
39782
39785
39786
39789
39790
39791
39794
39795
39816
39817
39818
39821
39822
39825
39826
39827
39830
39831
39852
39853
39854
39857
39858
39861
39862
39863
39866
39867
39870
39871
39872
39875
39876
39897
39898
39899
39902
39903
39906
39907
39908
39911
39912
40095
40096
40097
40100
40101
40104
40105
40106
40109
40110
40113
40114
40115
40118
40119
40140
40141
40142
40145
40146
40149
40150
40151
40154
40155
40176
40177
40178
40181
40182
40185
40186
40187
40190
40191
40194
40195
40196
40199
40200
40221
40222
40223
40226
40227
40230
40231
40232
40235
40236
40257
40258
40259
40262
40263
40266
40267
40268
40271
40272
40275
40276
40277
40280
40281
40302
40303
40304
40307
40308
40311
40312
40313
40316
40317
40500
40501
40502
40505
40506
40509
40510
40511
40514
40515
40518
40519
40520
40523
40524
40545
40546
40547
40550
40551
40554
40555
40556
40559
40560
40581
40582
40583
40586
40587
40590
40591
40592
40595
40596
40599
40600
40601
40604
40605
40626
40627
40628
40631
40632
40635
40636
40637
40640
40641
40824
40825
40826
40829
40830
40833
40834
40835
40838
40839
40842
40843
40844
40847
40848
40869
40870
40871
40874
40875
40878
40879
40880
40883
40884
40905
40906
40907
40910
40911
40914
40915
40916
40919
40920
40923
40924
40925
40928
40929
40950
40951
40952
40955
40956
40959
40960
40961
40964
40965
40986
40987
40988
40991
40992
40995
40996
40997
41000
41001
41004
41005
41006
41009
41010
41031
41032
41033
41036
41037
41040
41041
41042
41045
41046
41229
41230
41231
41234
41235
41238
41239
41240
41243
41244
41247
41248
41249
41252
41253
41274
41275
41276
41279
41280
41283
41284
41285
41288
41289
41310
41311
41312
41315
41316
41319
41320
41321
41324
41325
41328
41329
41330
41333
41334
41355
41356
41357
41360
41361
41364
41365
41366
41369
41370
43011
43012
43013
43016
43017
43020
43021
43022
43025
43026
43029
43030
43031
43034
43035
43056
43057
43058
43061
43062
43065
43066
43067
43070
43071
43092
43093
43094
43097
43098
43101
43102
43103
43106
43107
43110
43111
43112
43115
43116
43137
43138
43139
43142
43143
43146
43147
43148
43151
43152
43173
43174
43175
43178
43179
43182
43183
43184
43187
43188
43191
43192
43193
43196
43197
43218
43219
43220
43223
43224
43227
43228
43229
43232
43233
43416
43417
43418
43421
43422
43425
43426
43427
43430
43431
43434
43435
43436
43439
43440
43461
43462
43463
43466
43467
43470
43471
43472
43475
43476
43497
43498
43499
43502
43503
43506
43507
43508
43511
43512
43515
43516
43517
43520
43521
43542
43543
43544
43547
43548
43551
43552
43553
43556
43557
43740
43741
43742
43745
43746
43749
43750
43751
43754
43755
43758
43759
43760
43763
43764
43785
43786
43787
43790
43791
43794
43795
43796
43799
43800
43821
43822
43823
43826
43827
43830
43831
43832
43835
43836
43839
43840
43841
43844
43845
43866
43867
43868
43871
43872
43875
43876
43877
43880
43881
43902
43903
43904
43907
43908
43911
43912
43913
43916
43917
43920
43921
43922
43925
43926
43947
43948
43949
43952
43953
43956
43957
43958
43961
43962
44145
44146
44147
44150
44151
44154
44155
44156
44159
44160
44163
44164
44165
44168
44169
44190
44191
44192
44195
44196
44199
44200
44201
44204
44205
44226
44227
44228
44231
44232
44235
44236
44237
44240
44241
44244
44245
44246
44249
44250
44271
44272
44273
44276
44277
44280
44281
44282
44285
44286
45927
45928
45930
45932
45934
45936
45937
45939
45950
45952
45954
45955
45957
45968
45970
45972
45973
45975
45977
45979
45990
45991
45993
45995
45997
46008
46009
46011
46013
46015
46017
46018
46020
46031
46033
46035
46036
46038
46130
46132
46134
46135
46137
46139
46141
46152
46153
46155
46157
46159
46170
46171
46173
46175
46177
46179
46180
46182
46193
46195
46197
46198
46200
46292
46294
46296
46297
46299
46301
46303
46314
46315
46317
46319
46321
46332
46333
46335
46337
46339
46341
46342
46344
46355
46357
46359
46360
46362
46373
46375
46377
46378
46380
46382
46384
46395
46396
46398
46400
46402
46494
46495
46497
46499
46501
46503
46504
46506
46517
46519
46521
46522
46524
46535
46537
46539
46540
46542
46544
46546
46557
46558
46560
46562
46564
46656
46657
46659
46661
46663
46665
46666
46668
46679
46681
46683
46684
46686
46697
46699
46701
46702
46704
46706
46708
46719
46720
46722
46724
46726
46737
46738
46740
46742
46744
46746
46747
46749
46760
46762
46764
46765
46767
46859
46861
46863
46864
46866
46868
46870
46881
46882
46884
46886
46888
46899
46900
46902
46904
46906
46908
46909
46911
46922
46924
46926
46927
46929
47750
47752
47754
47755
47757
47759
47761
47772
47773
47775
47777
47779
47790
47791
47793
47795
47797
47799
47800
47802
47813
47815
47817
47818
47820
47831
47833
47835
47836
47838
47840
47842
47853
47854
47856
47858
47860
47952
47953
47955
47957
47959
47961
47962
47964
47975
47977
47979
47980
47982
47993
47995
47997
47998
48000
48002
48004
48015
48016
48018
48020
48022
48114
48115
48117
48119
48121
48123
48124
48126
48137
48139
48141
48142
48144
48155
48157
48159
48160
48162
48164
48166
48177
48178
48180
48182
48184
48195
48196
48198
48200
48202
48204
48205
48207
48218
48220
48222
48223
48225
48317
48319
48321
48322
48324
48326
48328
48339
48340
48342
48344
48346
48357
48358
48360
48362
48364
48366
48367
48369
48380
48382
48384
48385
48387
49208
49210
49212
49213
49215
49217
49219
49230
49231
49233
49235
49237
49248
49249
49251
49253
49255
49257
49258
49260
49271
49273
49275
49276
49278
49289
49291
49293
49294
49296
49298
49300
49311
49312
49314
49316
49318
49410
49411
49413
49415
49417
49419
49420
49422
49433
49435
49437
49438
49440
49451
49453
49455
49456
49458
49460
49462
49473
49474
49476
49478
49480
49572
49573
49575
49577
49579
49581
49582
49584
49595
49597
49599
49600
49602
49613
49615
49617
49618
49620
49622
49624
49635
49636
49638
49640
49642
49653
49654
49656
49658
49660
49662
49663
49665
49676
49678
49680
49681
49683
49775
49777
49779
49780
49782
49784
49786
49797
49798
49800
49802
49804
49815
49816
49818
49820
49822
49824
49825
49827
49838
49840
49842
49843
49845
49937
49939
49941
49942
49944
49946
49948
49959
49960
49962
49964
49966
49977
49978
49980
49982
49984
49986
49987
49989
50000
59049
59050
59051
59054
59055
59058
59059
59060
59063
59064
59067
59068
59069
59072
59073
59094
59095
59096
59099
59100
59103
59104
59105
59108
59109
59130
59131
59132
59135
59136
59139
59140
59141
59144
59145
59148
59149
59150
59153
59154
59175
59176
59177
59180
59181
59184
59185
59186
59189
59190
59211
59212
59213
59216
59217
59220
59221
59222
59225
59226
59229
59230
59231
59234
59235
59256
59257
59258
59261
59262
59265
59266
59267
59270
59271
59454
59455
59456
59459
59460
59463
59464
59465
59468
59469
59472
59473
59474
59477
59478
59499
59500
59501
59504
59505
59508
59509
59510
59513
59514
59535
59536
59537
59540
59541
59544
59545
59546
59549
59550
59553
59554
59555
59558
59559
59580
59581
59582
59585
59586
59589
59590
59591
59594
59595
59778
59779
59780
59783
59784
59787
59788
59789
59792
59793
59796
59797
59798
59801
59802
59823
59824
59825
59828
59829
59832
59833
59834
59837
59838
59859
59860
59861
59864
59865
59868
59869
59870
59873
59874
59877
59878
59879
59882
59883
59904
59905
59906
59909
59910
59913
59914
59915
59918
59919
59940
59941
59942
59945
59946
59949
59950
59951
59954
59955
59958
59959
59960
59963
59964
59985
59986
59987
59990
59991
59994
59995
59996
59999
60000
60183
60184
60185
60188
60189
60192
60193
60194
60197
60198
60201
60202
60203
60206
60207
60228
60229
60230
60233
60234
60237
60238
60239
60242
60243
60264
60265
60266
60269
60270
60273
60274
60275
60278
60279
60282
60283
60284
60287
60288
60309
60310
60311
60314
60315
60318
60319
60320
60323
60324
60507
60508
60509
60512
60513
60516
60517
60518
60521
60522
60525
60526
60527
60530
60531
60552
60553
60554
60557
60558
60561
60562
60563
60566
60567
60588
60589
60590
60593
60594
60597
60598
60599
60602
60603
60606
60607
60608
60611
60612
60633
60634
60635
60638
60639
60642
60643
60644
60647
60648
60669
60670
60671
60674
60675
60678
60679
60680
60683
60684
60687
60688
60689
60692
60693
60714
60715
60716
60719
60720
60723
60724
60725
60728
60729
60912
60913
60914
60917
60918
60921
60922
60923
60926
60927
60930
60931
60932
60935
60936
60957
60958
60959
60962
60963
60966
60967
60968
60971
60972
60993
60994
60995
60998
60999
61002
61003
61004
61007
61008
61011
61012
61013
61016
61017
61038
61039
61040
61043
61044
61047
61048
61049
61052
61053
62694
62695
62696
62699
62700
62703
62704
62705
62708
62709
62712
62713
62714
62717
62718
62739
62740
62741
62744
62745
62748
62749
62750
62753
62754
62775
62776
62777
62780
62781
62784
62785
62786
62789
62790
62793
62794
62795
62798
62799
62820
62821
62822
62825
62826
62829
62830
62831
62834
62835
62856
62857
62858
62861
62862
62865
62866
62867
62870
62871
62874
62875
62876
62879
62880
62901
62902
62903
62906
62907
62910
62911
62912
62915
62916
63099
63100
63101
63104
63105
63108
63109
63110
63113
63114
63117
63118
63119
63122
63123
63144
63145
63146
63149
63150
63153
63154
63155
63158
63159
63180
63181
63182
63185
63186
63189
63190
63191
63194
63195
63198
63199
63200
63203
63204
63225
63226
63227
63230
63231
63234
63235
63236
63239
63240
63423
63424
63425
63428
63429
63432
63433
63434
63437
63438
63441
63442
63443
63446
63447
63468
63469
63470
63473
63474
63477
63478
63479
63482
63483
63504
63505
63506
63509
63510
63513
63514
63515
63518
63519
63522
63523
63524
63527
63528
63549
63550
63551
63554
63555
63558
63559
63560
63563
63564
63585
63586
63587
63590
63591
63594
63595
63596
63599
63600
63603
63604
63605
63608
63609
63630
63631
63632
63635
63636
63639
63640
63641
63644
63645
63828
63829
63830
63833
63834
63837
63838
63839
63842
63843
63846
63847
63848
63851
63852
63873
63874
63875
63878
63879
63882
63883
63884
63887
63888
63909
63910
63911
63914
63915
63918
63919
63920
63923
63924
63927
63928
63929
63932
63933
63954
63955
63956
63959
63960
63963
63964
63965
63968
63969
65610
65611
65612
65615
65616
65619
65620
65621
65624
65625
65628
65629
65630
65633
65634
65655
65656
65657
65660
65661
65664
65665
65666
65669
65670
65691
65692
65693
65696
65697
65700
65701
65702
65705
65706
65709
65710
65711
65714
65715
65736
65737
65738
65741
65742
65745
65746
65747
65750
65751
65772
65773
65774
65777
65778
65781
65782
65783
65786
65787
65790
65791
65792
65795
65796
65817
65818
65819
65822
65823
65826
65827
65828
65831
65832
66015
66016
66017
66020
66021
66024
66025
66026
66029
66030
66033
66034
66035
66038
66039
66060
66061
66062
66065
66066
66069
66070
66071
66074
66075
66096
66097
66098
66101
66102
66105
66106
66107
66110
66111
66114
66115
66116
66119
66120
66141
66142
66143
66146
66147
66150
66151
66152
66155
66156
66339
66340
66341
66344
66345
66348
66349
66350
66353
66354
66357
66358
66359
66362
66363
66384
66385
66386
66389
66390
66393
66394
66395
66398
66399
66420
66421
66422
66425
66426
66429
66430
66431
66434
66435
66438
66439
66440
66443
66444
66465
66466
66467
66470
66471
66474
66475
66476
66479
66480
66501
66502
66503
66506
66507
66510
66511
66512
66515
66516
66519
66520
66521
66524
66525
66546
66547
66548
66551
66552
66555
66556
66557
66560
66561
66744
66745
66746
66749
66750
66753
66754
66755
66758
66759
66762
66763
66764
66767
66768
66789
66790
66791
66794
66795
66798
66799
66800
66803
66804
66825
66826
66827
66830
66831
66834
66835
66836
66839
66840
66843
66844
66845
66848
66849
66870
66871
66872
66875
66876
66879
66880
66881
66884
66885
67068
67069
67070
67073
67074
67077
67078
67079
67082
67083
67086
67087
67088
67091
67092
67113
67114
67115
67118
67119
67122
67123
67124
67127
67128
67149
67150
67151
67154
67155
67158
67159
67160
67163
67164
67167
67168
67169
67172
67173
67194
67195
67196
67199
67200
67203
67204
67205
67208
67209
67230
67231
67232
67235
67236
67239
67240
67241
67244
67245
67248
67249
67250
67253
67254
67275
67276
67277
67280
67281
67284
67285
67286
67289
67290
67473
67474
67475
67478
67479
67482
67483
67484
67487
67488
67491
67492
67493
67496
67497
67518
67519
67520
67523
67524
67527
67528
67529
67532
67533
67554
67555
67556
67559
67560
67563
67564
67565
67568
67569
67572
67573
67574
67577
67578
67599
67600
67601
67604
67605
67608
67609
67610
67613
67614
69255
69256
69257
69260
69261
69264
69265
69266
69269
69270
69273
69274
69275
69278
69279
69300
69301
69302
69305
69306
69309
69310
69311
69314
69315
69336
69337
69338
69341
69342
69345
69346
69347
69350
69351
69354
69355
69356
69359
69360
69381
69382
69383
69386
69387
69390
69391
69392
69395
69396
69417
69418
69419
69422
69423
69426
69427
69428
69431
69432
69435
69436
69437
69440
69441
69462
69463
69464
69467
69468
69471
69472
69473
69476
69477
69660
69661
69662
69665
69666
69669
69670
69671
69674
69675
69678
69679
69680
69683
69684
69705
69706
69707
69710
69711
69714
69715
69716
69719
69720
69741
69742
69743
69746
69747
69750
69751
69752
69755
69756
69759
69760
69761
69764
69765
69786
69787
69788
69791
69792
69795
69796
69797
69800
69801
69984
69985
69986
69989
69990
69993
69994
69995
69998
69999
70002
70003
70004
70007
70008
70029
70030
70031
70034
70035
70038
70039
70040
70043
70044
70065
70066
70067
70070
70071
70074
70075
70076
70079
70080
70083
70084
70085
70088
70089
70110
70111
70112
70115
70116
70119
70120
70121
70124
70125
70146
70147
70148
70151
70152
70155
70156
70157
70160
70161
70164
70165
70166
70169
70170
70191
70192
70193
70196
70197
70200
70201
70202
70205
70206
70389
70390
70391
70394
70395
70398
70399
70400
70403
70404
70407
70408
70409
70412
70413
70434
70435
70436
70439
70440
70443
70444
70445
70448
70449
70470
70471
70472
70475
70476
70479
70480
70481
70484
70485
70488
70489
70490
70493
70494
70515
70516
70517
70520
70521
70524
70525
70526
70529
70530
72171
72172
72173
72176
72177
72180
72181
72182
72185
72186
72189
72190
72191
72194
72195
72216
72217
72218
72221
72222
72225
72226
72227
72230
72231
72252
72253
72254
72257
72258
72261
72262
72263
72266
72267
72270
72271
72272
72275
72276
72297
72298
72299
72302
72303
72306
72307
72308
72311
72312
72333
72334
72335
72338
72339
72342
72343
72344
72347
72348
72351
72352
72353
72356
72357
72378
72379
72380
72383
72384
72387
72388
72389
72392
72393
72576
72577
72578
72581
72582
72585
72586
72587
72590
72591
72594
72595
72596
72599
72600
72621
72622
72623
72626
72627
72630
72631
72632
72635
72636
72657
72658
72659
72662
72663
72666
72667
72668
72671
72672
72675
72676
72677
72680
72681
72702
72703
72704
72707
72708
72711
72712
72713
72716
72717
72900
72901
72902
72905
72906
72909
72910
72911
72914
72915
72918
72919
72920
72923
72924
72945
72946
72947
72950
72951
72954
72955
72956
72959
72960
72981
72982
72983
72986
72987
72990
72991
72992
72995
72996
72999
73000
73001
73004
73005
73026
73027
73028
73031
73032
73035
73036
73037
73040
73041
73062
73063
73064
73067
73068
73071
73072
73073
73076
73077
73080
73081
73082
73085
73086
73107
73108
73109
73112
73113
73116
73117
73118
73121
73122
73305
73306
73307
73310
73311
73314
73315
73316
73319
73320
73323
73324
73325
73328
73329
73350
73351
73352
73355
73356
73359
73360
73361
73364
73365
73386
73387
73388
73391
73392
73395
73396
73397
73400
73401
73404
73405
73406
73409
73410
73431
73432
73433
73436
73437
73440
73441
73442
73445
73446
73629
73630
73631
73634
73635
73638
73639
73640
73643
73644
73647
73648
73649
73652
73653
73674
73675
73676
73679
73680
73683
73684
73685
73688
73689
73710
73711
73712
73715
73716
73719
73720
73721
73724
73725
73728
73729
73730
73733
73734
73755
73756
73757
73760
73761
73764
73765
73766
73769
73770
73791
73792
73793
73796
73797
73800
73801
73802
73805
73806
73809
73810
73811
73814
73815
73836
73837
73838
73841
73842
73845
73846
73847
73850
73851
74034
74035
74036
74039
74040
74043
74044
74045
74048
74049
74052
74053
74054
74057
74058
74079
74080
74081
74084
74085
74088
74089
74090
74093
74094
74115
74116
74117
74120
74121
74124
74125
74126
74129
74130
74133
74134
74135
74138
74139
74160
74161
74162
74165
74166
74169
74170
74171
74174
74175
75816
75817
75818
75821
75822
75825
75826
75827
75830
75831
75834
75835
75836
75839
75840
75861
75862
75863
75866
75867
75870
75871
75872
75875
75876
75897
75898
75899
75902
75903
75906
75907
75908
75911
75912
75915
75916
75917
75920
75921
75942
75943
75944
75947
75948
75951
75952
75953
75956
75957
75978
75979
75980
75983
75984
75987
75988
75989
75992
75993
75996
75997
75998
76001
76002
76023
76024
76025
76028
76029
76032
76033
76034
76037
76038
76221
76222
76223
76226
76227
76230
76231
76232
76235
76236
76239
76240
76241
76244
76245
76266
76267
76268
76271
76272
76275
76276
76277
76280
76281
76302
76303
76304
76307
76308
76311
76312
76313
76316
76317
76320
76321
76322
76325
76326
76347
76348
76349
76352
76353
76356
76357
76358
76361
76362
76545
76546
76547
76550
76551
76554
76555
76556
76559
76560
76563
76564
76565
76568
76569
76590
76591
76592
76595
76596
76599
76600
76601
76604
76605
76626
76627
76628
76631
76632
76635
76636
76637
76640
76641
76644
76645
76646
76649
76650
76671
76672
76673
76676
76677
76680
76681
76682
76685
76686
76707
76708
76709
76712
76713
76716
76717
76718
76721
76722
76725
76726
76727
76730
76731
76752
76753
76754
76757
76758
76761
76762
76763
76766
76767
76950
76951
76952
76955
76956
76959
76960
76961
76964
76965
76968
76969
76970
76973
76974
76995
76996
76997
77000
77001
77004
77005
77006
77009
77010
77031
77032
77033
77036
77037
77040
77041
77042
77045
77046
77049
77050
77051
77054
77055
77076
77077
77078
77081
77082
77085
77086
77087
77090
77091
91854
91855
91856
91859
91860
91863
91864
91865
91868
91869
91872
91873
91874
91877
91878
91899
91900
91901
91904
91905
91908
91909
91910
91913
91914
91935
91936
91937
91940
91941
91944
91945
91946
91949
91950
91953
91954
91955
91958
91959
91980
91981
91982
91985
91986
91989
91990
91991
91994
91995
92016
92017
92018
92021
92022
92025
92026
92027
92030
92031
92034
92035
92036
92039
92040
92061
92062
92063
92066
92067
92070
92071
92072
92075
92076
92259
92260
92261
92264
92265
92268
92269
92270
92273
92274
92277
92278
92279
92282
92283
92304
92305
92306
92309
92310
92313
92314
92315
92318
92319
92340
92341
92342
92345
92346
92349
92350
92351
92354
92355
92358
92359
92360
92363
92364
92385
92386
92387
92390
92391
92394
92395
92396
92399
92400
92583
92584
92585
92588
92589
92592
92593
92594
92597
92598
92601
92602
92603
92606
92607
92628
92629
92630
92633
92634
92637
92638
92639
92642
92643
92664
92665
92666
92669
92670
92673
92674
92675
92678
92679
92682
92683
92684
92687
92688
92709
92710
92711
92714
92715
92718
92719
92720
92723
92724
92745
92746
92747
92750
92751
92754
92755
92756
92759
92760
92763
92764
92765
92768
92769
92790
92791
92792
92795
92796
92799
92800
92801
92804
92805
92988
92989
92990
92993
92994
92997
92998
92999
93002
93003
93006
93007
93008
93011
93012
93033
93034
93035
93038
93039
93042
93043
93044
93047
93048
93069
93070
93071
93074
93075
93078
93079
93080
93083
93084
93087
93088
93089
93092
93093
93114
93115
93116
93119
93120
93123
93124
93125
93128
93129
93312
93313
93314
93317
93318
93321
93322
93323
93326
93327
93330
93331
93332
93335
93336
93357
93358
93359
93362
93363
93366
93367
93368
93371
93372
93393
93394
93395
93398
93399
93402
93403
93404
93407
93408
93411
93412
93413
93416
93417
93438
93439
93440
93443
93444
93447
93448
93449
93452
93453
93474
93475
93476
93479
93480
93483
93484
93485
93488
93489
93492
93493
93494
93497
93498
93519
93520
93521
93524
93525
93528
93529
93530
93533
93534
93717
93718
93719
93722
93723
93726
93727
93728
93731
93732
93735
93736
93737
93740
93741
93762
93763
93764
93767
93768
93771
93772
93773
93776
93777
93798
93799
93800
93803
93804
93807
93808
93809
93812
93813
93816
93817
93818
93821
93822
93843
93844
93845
93848
93849
93852
93853
93854
93857
93858
95499
95500
95501
95504
95505
95508
95509
95510
95513
95514
95517
95518
95519
95522
95523
95544
95545
95546
95549
95550
95553
95554
95555
95558
95559
95580
95581
95582
95585
95586
95589
95590
95591
95594
95595
95598
95599
95600
95603
95604
95625
95626
95627
95630
95631
95634
95635
95636
95639
95640
95661
95662
95663
95666
95667
95670
95671
95672
95675
95676
95679
95680
95681
95684
95685
95706
95707
95708
95711
95712
95715
95716
95717
95720
95721
95904
95905
95906
95909
95910
95913
95914
95915
95918
95919
95922
95923
95924
95927
95928
95949
95950
95951
95954
95955
95958
95959
95960
95963
95964
95985
95986
95987
95990
95991
95994
95995
95996
95999
96000
96003
96004
96005
96008
96009
96030
96031
96032
96035
96036
96039
96040
96041
96044
96045
96228
96229
96230
96233
96234
96237
96238
96239
96242
96243
96246
96247
96248
96251
96252
96273
96274
96275
96278
96279
96282
96283
96284
96287
96288
96309
96310
96311
96314
96315
96318
96319
96320
96323
96324
96327
96328
96329
96332
96333
96354
96355
96356
96359
96360
96363
96364
96365
96368
96369
96390
96391
96392
96395
96396
96399
96400
96401
96404
96405
96408
96409
96410
96413
96414
96435
96436
96437
96440
96441
96444
96445
96446
96449
96450
96633
96634
96635
96638
96639
96642
96643
96644
96647
96648
96651
96652
96653
96656
96657
96678
96679
96680
96683
96684
96687
96688
96689
96692
96693
96714
96715
96716
96719
96720
96723
96724
96725
96728
96729
96732
96733
96734
96737
96738
96759
96760
96761
96764
96765
96768
96769
96770
96773
96774
98415
98416
98417
98420
98421
98424
98425
98426
98429
98430
98433
98434
98435
98438
98439
98460
98461
98462
98465
98466
98469
98470
98471
98474
98475
98496
98497
98498
98501
98502
98505
98506
98507
98510
98511
98514
98515
98516
98519
98520
98541
98542
98543
98546
98547
98550
98551
98552
98555
98556
98577
98578
98579
98582
98583
98586
98587
98588
98591
98592
98595
98596
98597
98600
98601
98622
98623
98624
98627
98628
98631
98632
98633
98636
98637
98820
98821
98822
98825
98826
98829
98830
98831
98834
98835
98838
98839
98840
98843
98844
98865
98866
98867
98870
98871
98874
98875
98876
98879
98880
98901
98902
98903
98906
98907
98910
98911
98912
98915
98916
98919
98920
98921
98924
98925
98946
98947
98948
98951
98952
98955
98956
98957
98960
98961
99144
99145
99146
99149
99150
99153
99154
99155
99158
99159
99162
99163
99164
99167
99168
99189
99190
99191
99194
99195
99198
99199
99200
99203
99204
99225
99226
99227
99230
99231
99234
99235
99236
99239
99240
99243
99244
99245
99248
99249
99270
99271
99272
99275
99276
99279
99280
99281
99284
99285
99306
99307
99308
99311
99312
99315
99316
99317
99320
99321
99324
99325
99326
99329
99330
99351
99352
99353
99356
99357
99360
99361
99362
99365
99366
99549
99550
99551
99554
99555
99558
99559
99560
99563
99564
99567
99568
99569
99572
99573
99594
99595
99596
99599
99600
99603
99604
99605
99608
99609
99630
99631
99632
99635
99636
99639
99640
99641
99644
99645
99648
99649
99650
99653
99654
99675
99676
99677
99680
99681
99684
99685
99686
99689
99690
99873
99874
99875
99878
99879
99882
99883
99884
99887
99888
99891
99892
99893
99896
99897
99918
99919
99920
99923
99924
99927
99928
99929
99932
99933
99954
99955
99956
99959
99960
99963
99964
99965
99968
99969
99972
99973
99974
99977
99978
99999
100000
