2
5
6
7
8
9
10
11
12
13
14
15
16
17
18
19
20
37
41
42
43
44
45
46
47
48
49
50
51
52
53
54
55
56
57
58
59
60
61
62
63
64
65
66
67
68
69
70
71
72
73
74
75
76
77
78
79
80
81
82
83
84
85
86
87
88
89
90
91
92
93
94
95
96
97
98
99
100
101
102
103
104
105
106
107
108
109
110
111
112
113
114
115
116
117
118
119
120
121
122
123
124
125
126
127
128
129
130
131
132
133
134
135
136
137
138
139
140
141
142
143
144
145
146
147
148
149
150
152
153
154
155
156
157
158
159
160
161
162
163
164
171
172
173
175
177
179
180
181
182
365
369
370
371
372
373
374
405
406
410
414
415
416
423
424
425
426
428
432
433
434
435
436
441
442
443
444
445
446
450
451
452
453
454
455
461
462
463
464
468
469
470
473
474
475
482
483
484
486
487
492
493
495
496
497
498
499
504
505
506
507
509
510
513
514
515
516
517
518
519
520
522
523
524
525
526
527
528
529
531
532
533
534
535
536
540
541
542
543
544
545
546
547
549
550
552
553
554
561
562
564
565
567
568
573
574
576
577
578
579
580
584
585
586
587
588
589
590
591
592
593
594
595
596
597
598
599
600
601
603
604
605
606
607
608
609
610
612
613
614
615
616
617
618
619
621
622
623
624
625
626
630
631
632
633
634
635
636
643
644
648
649
656
657
658
660
662
664
665
669
670
672
673
674
675
676
677
678
679
680
681
682
684
685
686
687
688
689
690
691
692
693
694
695
696
697
698
699
700
702
703
704
705
706
707
708
709
710
711
712
713
714
715
716
717
718
720
721
723
724
725
726
727
728
729
730
731
734
735
736
737
738
739
740
741
742
743
744
745
746
747
748
749
770
774
775
776
777
778
779
781
783
784
785
786
787
788
789
790
792
793
794
795
796
797
798
799
801
802
804
805
806
807
808
809
810
811
812
815
816
817
818
819
820
821
822
823
824
825
826
827
828
829
830
831
832
833
834
835
836
837
838
839
840
841
842
843
844
845
846
847
848
849
850
851
852
853
854
855
856
858
859
860
861
862
863
864
865
866
867
868
869
870
871
872
873
874
876
880
881
882
883
884
885
886
887
888
889
890
891
892
893
897
898
900
901
902
904
906
908
909
910
911
912
913
914
915
916
918
919
920
922
923
924
925
926
927
928
929
930
931
932
933
934
936
937
939
940
941
942
943
945
946
948
950
951
952
953
954
955
957
958
963
964
966
967
968
969
970
971
972
973
978
979
980
981
982
984
985
986
988
989
994
997
998
999
1000
1002
1003
1004
1005
1006
1007
1008
1009
1010
1012
1013
1014
1015
1016
1017
1018
1020
1022
1023
1025
1026
1027
1028
1029
1030
1031
1032
1033
1034
1035
1036
1038
1039
1043
1044
1045
1046
1047
1048
1050
1051
1052
1053
1054
1055
1059
1060
1062
1063
1064
1065
1066
1068
1070
1071
1072
1073
1074
1075
1077
1078
1080
1081
1084
1086
1087
1088
1089
1090
1091
1092
1093
1094
1095
1096
1097
1098
1099
1101
1103
1104
1106
1107
1108
1109
1110
1111
1112
1113
1114
1115
1116
1117
1119
1125
1126
1128
1130
1132
1133
1134
1135
1142
1143
1144
1146
1148
1150
1151
1159
1160
1161
1162
1164
1166
1168
1175
1176
1177
1178
1179
1180
1182
1185
1187
1188
1189
1190
1192
1194
1196
1205
1206
1207
1208
1210
1212
1214
1215
1216
1217
1224
1225
1226
1228
1230
1232
1233
1234
1235
1237
1240
1241
1242
1243
1245
1246
1247
1248
1249
1250
1251
1252
1253
1255
1256
1257
1258
1259
1260
1261
1263
1265
1266
1268
1269
1270
1271
1272
1273
1274
1275
1276
1277
1278
1279
1281
1286
1287
1288
1289
1290
1291
1292
1293
1294
1295
1296
1297
1304
1305
1306
1308
1310
1312
1358
1367
1368
1369
1370
1372
1374
1376
1377
1378
1379
1386
1387
1388
1390
1392
1394
1395
1396
1397
1399
1408
1410
1412
1413
1414
1415
1417
1419
1428
1430
1431
1432
1433
1435
1437
1439
1448
1449
1450
1451
1453
1455
1457
1458
1459
1460
1467
1468
1469
1471
1473
1475
1476
1477
1478
1539
1540
1541
1548
1549
1550
1552
1554
1556
1557
1558
1559
1561
1570
1572
1574
1575
1576
1577
1579
1581
1590
1592
1593
1594
1595
1597
1599
1601
1610
1611
1612
1613
1615
1617
1619
1620
1621
1622
1629
1630
1631
1633
1635
1637
1638
1639
1640
