2
3
4
5
6
7
8
9
10
11
12
13
14
15
16
17
18
19
20
21
22
23
24
25
26
27
28
29
30
31
32
33
34
35
36
37
39
40
41
42
43
44
45
46
48
49
50
51
53
54
55
56
57
58
60
61
62
63
64
65
67
68
69
70
71
72
73
74
75
76
77
78
79
80
81
82
83
84
85
86
87
88
89
90
91
92
93
94
96
97
98
99
100
101
102
103
105
106
107
108
109
111
112
113
116
117
118
120
121
123
124
130
132
133
135
136
137
138
139
141
142
143
144
145
146
147
148
150
151
152
153
154
155
159
160
161
162
163
164
168
169
170
171
172
173
177
178
179
180
181
182
186
187
188
204
205
213
214
216
217
218
219
220
222
223
224
225
226
227
228
229
231
232
233
234
235
236
240
241
242
243
244
246
247
252
253
255
256
258
259
267
268
270
271
273
274
279
280
282
283
324
325
327
328
333
334
336
337
339
340
348
349
351
352
354
355
360
361
363
364
