2
4
5
7
8
9
10
11
13
14
16
17
18
19
20
22
23
25
26
28
29
32
34
35
36
37
38
40
41
43
44
45
46
47
49
50
52
53
55
58
59
63
64
65
67
68
70
71
72
73
74
76
77
79
80
81
82
83
85
86
88
89
90
91
92
94
95
97
98
99
100
101
103
104
106
107
110
113
116
117
118
121
125
126
127
130
131
144
145
146
151
152
153
154
155
160
161
162
163
164
169
170
171
172
173
178
179
180
181
182
187
188
225
226
227
232
233
234
235
236
241
242
284
287
288
289
292
293
296
315
316
319
320
323
324
325
328
329
332
333
334
337
356
359
360
361
364
365
368
369
370
373
374
377
396
397
400
401
404
405
406
409
410
413
414
415
418
437
440
441
442
445
446
449
450
451
454
455
458
477
478
481
482
485
567
568
569
574
575
576
577
578
583
584
585
586
587
592
593
630
631
632
637
638
639
640
641
646
647
648
649
650
655
656
657
658
659
664
665
666
667
668
673
674
711
712
713
718
719
720
721
722
727
728
729
730
731
736
737
738
739
740
745
746
747
748
749
754
755
792
793
794
799
800
801
802
803
808
809
810
811
812
817
818
819
820
821
826
827
828
829
830
835
836
873
874
875
880
881
882
883
884
889
890
891
892
893
898
899
900
901
902
907
908
909
910
911
916
917
954
955
956
961
962
963
964
965
970
971
