2
3
4
5
6
7
8
9
10
11
12
13
14
15
16
17
18
19
20
21
22
23
24
25
26
27
28
29
30
31
32
33
34
35
36
37
38
39
40
41
42
43
44
45
46
47
48
49
50
51
52
53
54
55
56
57
58
59
60
61
62
63
64
65
66
67
68
69
70
71
72
73
74
75
76
77
78
79
80
81
82
83
84
85
86
87
88
89
90
91
92
93
94
95
96
97
98
99
100
101
102
103
104
105
106
107
108
109
110
111
112
113
114
115
116
117
118
119
120
121
122
123
124
125
126
127
128
129
130
131
132
133
134
135
136
137
138
139
140
141
142
143
144
145
146
147
148
149
150
151
152
153
154
155
156
157
158
159
160
161
162
163
164
165
166
167
168
169
170
171
172
173
174
175
176
177
178
179
180
181
182
183
184
185
186
187
188
189
190
191
192
193
194
195
196
197
198
199
200
201
202
203
204
205
206
207
208
209
210
211
212
213
214
215
216
217
218
219
220
221
222
223
224
225
226
227
228
229
230
231
232
233
234
235
236
237
238
239
241
243
244
245
246
247
248
249
250
251
252
253
254
255
256
257
258
259
260
261
262
263
264
265
266
267
268
269
270
271
272
273
274
275
276
277
278
279
280
281
282
283
284
285
286
287
288
289
290
291
292
293
295
296
297
298
299
300
301
302
303
304
305
306
307
308
309
310
311
312
313
316
317
318
319
320
321
322
324
325
326
327
328
329
330
331
332
333
334
335
336
337
338
339
340
341
342
343
344
345
346
347
348
349
350
351
352
353
354
355
357
358
359
360
361
362
363
364
365
366
367
368
369
370
371
372
373
374
375
376
377
378
379
380
381
382
383
384
385
386
387
388
389
390
391
392
393
394
395
396
397
398
399
400
401
402
403
404
405
406
407
408
409
410
411
412
413
414
415
416
417
418
419
420
421
422
423
424
425
426
427
428
429
430
431
432
433
434
435
436
437
438
439
440
441
442
443
444
445
446
447
448
449
450
451
452
453
454
455
456
457
458
459
460
461
462
463
464
465
466
467
468
469
470
471
472
473
474
476
477
478
479
480
481
482
483
485
486
487
488
489
490
491
492
493
494
495
496
497
498
499
500
501
502
504
505
506
507
508
509
511
512
513
514
515
516
517
518
519
520
521
522
523
524
525
526
527
528
529
530
531
532
533
534
535
536
537
538
539
540
541
542
543
544
545
546
547
549
550
551
552
553
554
555
556
557
558
559
560
561
562
563
565
566
567
568
570
571
572
573
574
575
576
577
578
579
580
581
582
583
584
585
586
587
588
589
590
592
593
594
595
596
597
598
599
600
601
602
603
604
605
606
607
608
609
610
611
612
613
614
615
616
617
619
620
621
622
623
624
625
626
627
628
629
630
631
632
633
634
635
636
637
638
639
640
641
642
643
644
646
647
648
649
651
652
653
655
656
657
658
659
660
661
662
663
664
665
666
667
668
669
670
671
672
673
674
675
676
677
678
679
680
681
682
683
684
685
686
687
688
689
690
691
692
693
694
695
696
697
698
699
700
701
702
703
704
705
706
707
708
709
710
711
712
713
714
715
716
717
718
719
720
721
723
724
728
729
730
731
732
733
734
735
736
737
738
739
740
741
742
743
744
745
746
747
748
749
750
751
752
753
754
755
756
757
758
759
760
761
762
763
764
765
766
767
768
769
770
771
772
773
774
775
776
777
778
779
780
781
782
783
784
785
786
787
788
789
790
791
792
793
794
795
796
797
798
799
800
801
802
803
804
805
806
807
808
809
810
811
812
813
814
815
816
817
818
819
820
821
822
823
824
825
826
827
828
829
830
831
832
833
834
835
836
837
838
839
840
841
842
843
844
845
846
847
848
849
850
851
852
853
854
855
856
857
858
859
860
861
862
863
864
865
866
867
868
869
870
871
872
873
874
875
876
877
878
879
880
881
882
883
884
885
886
887
889
890
891
892
893
894
895
896
897
898
899
900
901
902
903
904
905
906
907
908
909
910
911
912
913
914
916
917
918
919
920
921
922
923
924
925
926
927
928
929
930
931
932
933
934
935
936
937
938
939
940
941
942
943
944
945
946
947
948
949
951
952
953
954
955
956
957
958
959
961
962
963
964
965
966
967
970
971
972
973
974
975
976
977
978
979
980
981
982
983
984
985
986
987
988
990
991
992
993
994
995
997
998
999
1000
1001
1002
1003
1004
1005
1006
1007
1008
1009
1010
1011
1012
1013
1014
1015
1016
1017
1018
1019
1020
1021
1022
1023
1024
1025
1026
1027
1028
1029
1030
1031
1032
1033
1034
1035
1036
1037
1038
1039
1040
1042
1043
1044
1045
1046
1047
1048
1050
1051
1052
1053
1054
1055
1056
1057
1058
1059
1060
1061
1062
1063
1064
1065
1066
1067
1068
1069
1071
1072
1073
1074
1075
1076
1077
1078
1079
1080
1081
1082
1083
1084
1085
1086
1087
1088
1089
1090
1091
1092
1093
1094
1095
1096
1098
1099
1100
1101
1102
1103
1104
1105
1106
1107
1108
1109
1110
1111
1112
1113
1114
1115
1116
1117
1118
1119
1120
1122
1123
1126
1127
1128
1130
1131
1132
1134
1135
1136
1137
1138
1139
1140
1141
1142
1143
1144
1145
1146
1147
1148
1149
1150
1151
1152
1153
1154
1155
1156
1157
1159
1160
1161
1162
1163
1164
1165
1166
1168
1170
1171
1172
1173
1174
1175
1176
1177
1178
1179
1180
1181
1182
1183
1184
1185
1186
1187
1188
1189
1190
1191
1192
1193
1194
1195
1196
1197
1198
1199
1200
1202
1203
1204
1205
1206
1207
1208
1209
1210
1211
1214
1215
1216
1217
1218
1219
1220
1221
1222
1223
1224
1225
1226
1227
1228
1229
1230
1231
1232
1233
1234
1235
1236
1237
1238
1240
1241
1242
1243
1245
1246
1247
1249
1251
1252
1254
1255
1256
1257
1258
1259
1260
1261
1262
1263
1264
1265
1266
1267
1268
1269
1270
1271
1272
1273
1274
1275
1276
1277
1278
1279
1280
1282
1283
1284
1285
1286
1287
1288
1289
1290
1291
1292
1293
1294
1296
1297
1299
1300
1301
1303
1304
1305
1306
1308
1309
1312
1314
1315
1316
1317
1318
1320
1321
1323
1324
1325
1326
1327
1328
1329
1330
1331
1332
1333
1334
1335
1336
1337
1338
1339
1340
1341
1342
1343
1344
1345
1346
1347
1348
1349
1350
1351
1353
1354
1355
1356
1357
1358
1359
1360
1361
1362
1363
1365
1366
1367
1368
1369
1371
1375
1376
1377
1378
1379
1380
1381
1382
1383
1384
1385
1386
1387
1388
1389
1390
1391
1392
1393
1394
1395
1396
1397
1398
1399
1400
1401
1402
1404
1405
1408
1409
1410
1411
1412
1413
1414
1415
1416
1420
1421
1422
1423
1424
1425
1426
1427
1429
1431
1432
1433
1434
1435
1438
1439
1440
1443
1444
1446
1447
1449
1450
1457
1458
1459
1460
1461
1462
1463
1464
1467
1468
1469
1470
1471
1472
1473
1475
1476
1477
1478
1479
1480
1481
1482
1483
1485
1486
1487
1488
1489
1490
1491
1492
1493
1494
1495
1496
1497
1498
1499
1500
1502
1503
1504
1505
1506
1507
1508
1509
1510
1511
1512
1513
1514
1515
1516
1517
1518
1519
1520
1521
1522
1523
1527
1528
1531
1532
1533
1534
1535
1539
1540
1541
1542
1543
1544
1545
1546
1548
1549
1550
1551
1552
1553
1554
1555
1557
1558
1559
1560
1561
1564
1565
1566
1567
1568
1569
1570
1571
1572
1573
1574
1575
1576
1577
1578
1579
1580
1581
1583
1584
1585
1586
1587
1588
1589
1590
1591
1592
1593
1594
1595
1596
1597
1598
1599
1600
1601
1602
1604
1605
1606
1612
1613
1614
1615
1619
1620
1621
1622
1623
1624
1625
1626
1627
1629
1630
1631
1632
1633
1634
1635
1636
1638
1639
1640
1641
1642
1643
1644
1645
1646
1647
1648
1649
1650
1651
1652
1654
1655
1656
1657
1658
1659
1660
1661
1662
1663
1665
1666
1667
1668
1669
1670
1672
1674
1675
1679
1680
1681
1682
1683
1684
1685
1686
1687
1688
1689
1690
1691
1692
1695
1696
1697
1699
1700
1701
1702
1703
1704
1705
1706
1707
1708
1709
1710
1711
1712
1713
1714
1716
1717
1719
1720
1721
1722
1723
1724
1726
1728
1729
1730
1731
1732
1735
1736
1737
1738
1739
1740
1741
1746
1747
1748
1751
1753
1756
1758
1759
1760
1762
1764
1765
1766
1770
1771
1772
1773
1775
1776
1777
1778
1781
1782
1783
1784
1785
1786
1788
1789
1790
1791
1792
1793
1794
1795
1797
1798
1799
1800
1801
1802
1803
1804
1805
1806
1807
1808
1809
1810
1811
1812
1813
1814
1815
1818
1819
1820
1821
1822
1823
1824
1825
1827
1828
1830
1831
1832
1834
1836
1837
1839
1840
1843
1845
1846
1847
1848
1849
1850
1851
1852
1854
1855
1856
1857
1858
1859
1861
1862
1863
1864
1865
1866
1868
1870
1871
1872
1873
1874
1876
1878
1879
1880
1881
1882
1883
1884
1885
1886
1887
1888
1890
1891
1893
1894
1897
1899
1900
1902
1904
1905
1906
1908
1909
1911
1912
1913
1915
1916
1918
1921
1922
1923
1924
1925
1926
1927
1928
1929
1930
1931
1932
1933
1937
1940
1942
1943
1944
1945
1946
1951
1953
1954
1955
1956
1960
1966
1970
1971
1972
1974
1976
1977
1979
1980
1981
1983
1987
1988
1989
1990
1991
1993
1996
1998
1999
2001
2002
2003
2004
2005
2007
2008
2009
2010
2011
2012
2013
2014
2018
2019
2021
2023
2025
2026
2027
2028
2029
2030
2032
2034
2035
2036
2037
2038
2039
2043
2044
2045
2046
2047
2048
2050
2052
2053
2054
2055
2056
2057
2058
2061
2062
2063
2064
2065
2066
2068
2070
2071
2072
2073
2074
2075
2077
2079
2080
2082
2083
2084
2085
2086
2088
2089
2090
2091
2092
2093
2095
2100
2101
2102
2104
2115
2116
2117
2118
2119
2122
2124
2125
2126
2131
2133
2134
2137
2138
2140
2142
2143
2145
2146
2147
2149
2151
2152
2153
2154
2156
2158
2161
2163
2164
2167
2169
2170
2171
2172
2173
2176
2182
2183
2185
2187
2188
2189
2190
2191
2192
2193
2194
2196
2197
2198
2199
2200
2201
2202
2203
2205
2206
2207
2208
2209
2210
2212
2214
2215
2216
2217
2218
2220
2221
2223
2224
2225
2226
2227
2228
2230
2232
2233
2235
2237
2241
2242
2244
2245
2246
2247
2248
2250
2251
2253
2254
2255
2256
2257
2260
2261
2262
2263
2264
2268
2269
2270
2271
2272
2273
2274
2275
2277
2278
2279
2280
2281
2284
2286
2287
2288
2289
2290
2293
2295
2296
2297
2298
2299
2301
2302
2303
2304
2305
2306
2307
2308
2310
2311
2312
2316
2317
2322
2323
2325
2329
2331
2332
2337
2338
2341
2348
2349
2350
2351
2352
2353
2356
2358
2359
2360
2361
2362
2365
2367
2368
2369
2370
2371
2372
2374
2376
2377
2378
2379
2380
2383
2385
2386
2387
2388
2389
2390
2391
2392
2394
2395
2396
2397
2398
2399
2401
2403
2404
2408
2409
2410
2411
2412
2413
2414
2415
2416
2417
2418
2419
2424
2425
2426
2428
2429
2430
2431
2432
2433
2434
2435
2436
2437
2438
2439
2440
2441
2442
2443
2445
2446
2448
2449
2450
2451
2452
2453
2454
2455
2457
2458
2459
2460
2461
2462
2463
2464
2465
2466
2467
2468
2469
2470
2474
2475
2476
2477
2482
2484
2485
2487
2488
2490
2491
2492
2493
2494
2496
2497
2502
2503
2505
2506
2511
2512
2513
2514
2515
2517
2518
2520
2521
2522
2523
2524
2526
2528
2529
2530
2531
2532
2533
2534
2535
2536
2537
2538
2539
2540
2541
2542
2543
2544
2545
2546
2547
2548
2549
2550
2551
2555
2557
2559
2560
2561
2564
2566
2570
2571
2576
2582
2583
2585
2588
2592
2593
2594
2601
2602
2603
2607
2609
2610
2615
2616
2626
2628
2629
2632
2635
2636
2640
2641
2647
2649
2650
2651
2652
2657
2658
2659
2660
2661
2662
2664
2665
2666
2667
2668
2669
2672
2673
2674
2675
2676
2677
2679
2680
2682
2683
2684
2685
2686
2690
2694
2698
2699
2700
2701
2703
2704
2706
2707
2709
2710
2712
2713
2716
2717
2720
2721
2722
2726
2727
2728
2730
2731
2733
2734
2736
2737
2739
2740
2748
2749
2754
2755
2757
2758
2760
2761
2762
2763
2764
2766
2767
2770
2772
2773
2774
2781
2782
2784
2785
2787
2788
2790
2791
2793
2794
2797
2802
2803
2809
2815
2817
2824
2827
2828
2829
2830
2833
2842
2844
2845
2846
2847
2853
2854
2855
2856
2857
2862
2863
2865
2866
2868
2869
2871
2872
2874
2875
2878
2883
2884
2910
2911
2916
2917
2918
2919
2920
2922
2923
2924
2925
2926
2927
2928
2929
2932
2934
2935
2936
2937
2938
2941
2943
2944
2945
2946
2947
2949
2950
2952
2953
2954
2955
2956
2959
2960
2964
2970
2971
2973
2974
2976
2977
2979
2980
2982
2983
2986
2988
2989
2991
2992
2996
2997
2998
2999
3000
3001
3003
3004
3005
3006
3007
3008
3009
3010
3013
3014
3015
3016
3017
3018
3019
3022
3023
3024
3025
3026
3027
3028
3030
3031
3033
3034
3035
3036
3037
3046
3050
3054
3055
3058
3060
3061
3078
3079
3080
3081
3082
3087
3088
3089
3090
3091
3096
3097
3098
3099
3100
3103
3105
3106
3107
3108
3109
3114
3115
3116
3117
3118
3121
3130
3139
3141
3142
3143
3144
3145
3148
3157
3159
3160
3161
3162
3163
3165
3166
3168
3169
3170
3171
3172
3177
3178
3179
3180
3181
3184
3186
3187
3188
3189
3190
3192
3193
3195
3196
3197
3198
3199
3208
3212
3213
3214
3216
3217
3219
3220
3222
3223
3225
3226
3234
3235
3240
3241
3242
3243
3244
3246
3247
3248
3249
3250
3251
3252
3253
3256
3258
3259
3260
3261
3262
3265
3267
3268
3269
3270
3271
3273
3274
3276
3277
3278
3279
3280
3281
3282
3283
3284
3285
3286
3287
3288
3289
3290
3291
3293
3294
3295
3296
3297
3298
3299
3300
3301
3303
3304
3306
3307
3308
3310
3312
3313
3315
3316
3320
3321
3322
3323
3324
3326
3327
3328
3330
3331
3332
3334
3335
3336
3337
3338
3339
3340
3341
3342
3344
3346
3347
3348
3349
3351
3352
3355
3357
3358
3361
3362
3363
3364
3365
3366
3367
3368
3369
3371
3372
3374
3375
3376
3377
3380
3381
3383
3387
3391
3392
3393
3394
3395
3396
3397
3401
3402
3403
3404
3407
3408
3411
3412
3413
3416
3417
3419
3420
3421
3422
3423
3427
3428
3429
3430
3433
3436
3438
3439
3442
3443
3444
3445
3446
3447
3448
3449
3450
3451
3452
3453
3455
3456
3457
3458
3459
3460
3461
3462
3463
3465
3466
3468
3469
3470
3472
3483
3484
3486
3487
3488
3490
3491
3492
3493
3495
3499
3500
3504
3506
3508
3509
3510
3511
3513
3514
3519
3520
3523
3524
3526
3528
3529
3531
3532
3533
3536
3540
3541
3544
3546
3547
3549
3550
3551
3553
3564
3565
3568
3572
3573
3574
3576
3580
3581
3585
3589
3590
3591
3592
3595
3598
3600
3601
3604
3607
3608
3612
3630
3634
3636
3637
3639
3640
3644
3645
3646
3647
3648
3650
3651
3652
3654
3655
3656
3659
3660
3663
3664
3665
3666
3668
3670
3672
3673
3675
3686
3687
3688
3690
3691
3692
3693
3695
3696
3698
3699
3700
3701
3702
3703
3704
3705
3706
3708
3709
3711
3712
3713
3715
3726
3727
3728
3729
3731
3732
3733
3735
3736
3737
3739
3740
3741
3742
3744
3745
3746
3752
3757
3758
3759
3761
3762
3763
3766
3767
3768
3771
3772
3773
3776
3777
3779
3780
3781
3782
3783
3784
3785
3786
3787
3789
3790
3792
3793
3794
3796
3798
3799
3801
3802
3803
3806
3807
3808
3809
3812
3813
3816
3817
3818
3820
3821
3822
3823
3824
3825
3826
3827
3828
3830
3832
3833
3834
3835
3837
3838
3848
3850
3852
3853
3855
3856
3857
3860
3864
3865
3868
3870
3871
3873
3874
3875
3877
3879
3880
3882
3883
3884
3887
3888
3889
3891
3892
3893
3895
3896
3897
3898
3900
3904
3909
3911
3913
3915
3916
3918
3922
3924
3925
3928
3931
3932
3936
4010
4011
4012
4014
4015
4016
4017
4019
4020
4022
4023
4024
4025
4028
4029
4030
4032
4033
4035
4036
4037
4039
4050
4051
4052
4053
4055
4056
4057
4059
4060
4061
4063
4064
4065
4066
4068
4069
4070
4071
4073
4075
4077
4078
4080
4091
4092
4093
4095
4096
4097
4098
4100
4101
4103
4104
4105
4106
4107
4108
4109
4110
4112
4121
4122
4123
4124
4126
4127
4130
4131
4132
4133
4136
4137
4140
4141
4142
4144
4145
4146
4147
4149
4150
4151
4152
4154
4156
4158
4159
4161
4162
4167
4168
4171
4172
4173
4176
4177
4178
4181
4182
4184
4185
4186
4187
4188
4189
4190
4191
4193
4202
4203
4204
4205
4211
4238
4244
4245
4247
4274
4283
4284
4285
4286
4288
4289
4292
4293
4294
4295
4298
4299
4302
4303
4304
4306
4307
4308
4309
4311
4312
4313
4319
4324
4325
4326
4328
4329
4330
4333
4334
4336
4338
4339
4341
4343
4350
4351
4355
4364
4365
4366
4367
4369
4370
4373
4374
4375
4376
4377
4378
4379
4380
4381
4383
4384
4385
4386
4387
4388
4389
4392
4393
4394
4401
4402
4404
4405
4407
4408
4410
4411
4413
4414
4415
4416
4419
4420
4421
4424
4425
4427
4428
4429
4430
4431
4432
4433
4434
4435
4437
4438
4440
4441
4449
4450
4455
4456
4457
4458
4459
4460
4461
4462
4464
4465
4466
4467
4468
4469
4470
4471
4473
4474
4475
4481
4482
4483
4485
4486
4487
4488
4489
4490
4491
4492
4494
4495
4496
4497
4500
4501
4502
4505
4506
4508
4509
4510
4511
4512
4513
4514
4515
4516
4518
4519
4521
4522
4523
4525
4531
4532
4536
4537
4538
4541
4542
4545
4546
4547
4549
4550
4551
4552
4554
4555
4556
4557
4559
4561
4563
4564
4566
4577
4579
4581
4582
4584
4586
4597
4599
4600
4602
4603
4604
4606
4612
4613
4617
4618
4620
4621
4622
4623
4624
4626
4627
4629
4630
4638
4640
4642
4644
4645
4647
4648
4650
4651
4653
4654
4656
4657
4671
4672
4674
4675
4677
4678
4680
4681
4683
4684
4692
4693
4694
4698
4699
4701
4702
4703
4704
4705
4707
4708
4710
4711
4714
4725
4726
4728
4729
4731
4732
4734
4735
4737
4738
4739
4740
4743
4744
4745
4748
4749
4751
4752
4753
4754
4757
4758
4779
4780
4781
4784
4785
4788
4789
4790
4793
4794
4797
4798
4799
4820
4821
4824
4825
4826
4829
4830
4832
4833
4834
4835
4836
4837
4838
4839
4841
4850
4851
4852
4853
4855
4856
4859
4860
4861
4862
4863
4864
4865
4866
4867
4869
4870
4871
4872
4873
4874
4875
4876
4878
4879
4880
4881
4883
4885
4887
4888
4890
4891
4893
4894
4896
4897
4899
4900
4901
4902
4905
4906
4907
4910
4911
4913
4914
4915
4916
4917
4918
4919
4920
4921
4923
4924
4926
4927
4928
4930
4935
4936
4941
4942
4944
4945
4946
4947
4948
4950
4951
4953
4954
4962
4964
4966
4968
4969
4971
4972
4974
4975
4977
4978
4980
4981
4982
4984
4986
4987
4989
4990
4991
5002
5004
5005
5007
5008
5009
5011
5016
5017
5043
5044
5049
5050
5052
5053
5055
5056
5058
5059
5061
5062
5070
5071
5097
5098
5103
5104
5106
5107
5108
5109
5110
5112
5113
5115
5116
5124
5126
5128
5130
5131
5133
5134
5136
5137
5139
5140
5142
5143
5144
5146
5148
5149
5151
5153
5157
5158
5160
5161
5163
5164
5166
5167
5169
5170
5171
5173
5178
5179
5184
5185
5187
5188
5189
5190
5191
5193
5194
5196
5197
5211
5212
5214
5215
5217
5218
5220
5221
5223
5224
5250
5254
5256
5257
5259
5260
5264
5282
5286
5288
5290
5291
5292
5293
5295
5296
5306
5308
5310
5311
5313
5314
5315
5318
5322
5323
5326
5328
5329
5331
5332
5333
5335
5337
5338
5340
5341
5342
5345
5346
5347
5349
5350
5351
5352
5353
5354
5355
5356
5358
5359
5362
5367
5369
5371
5373
5374
5376
5377
5379
5380
5382
5383
5385
5386
5389
5390
5394
5400
5401
5403
5404
5406
5407
5409
5410
5412
5413
5421
5422
5423
5427
5428
5430
5431
5432
5433
5434
5436
5437
5439
5440
5443
5454
5455
5457
5458
5460
5461
5463
5464
5466
5467
5468
5470
5472
5473
5475
5476
5477
5488
5490
5491
5493
5494
5495
5497
5502
5503
5508
5509
5511
5513
5515
5517
5518
5521
5524
5529
5530
5531
5533
5535
5536
5538
5539
5541
5542
5544
5545
5547
5548
5549
5551
5552
5553
5554
5556
5557
5558
5574
5578
5580
5581
5583
5584
5588
5606
5610
5614
5615
5616
5617
5620
5623
5625
5626
5629
5632
5633
5637
5638
5642
5646
5647
5650
5652
5653
5655
5656
5657
5659
5670
5671
5673
5674
5675
5677
5678
5679
5680
5682
5686
5691
5693
5695
5697
5698
5700
5701
5706
5707
5710
5711
5713
5715
5716
5718
5719
5720
5731
5733
5734
5736
5737
5738
5740
5745
5746
5772
5773
5778
5779
5781
5782
5784
5785
5787
5788
5790
5791
5799
5800
5826
5827
5832
5833
5836
5840
5841
5842
5844
5848
5866
5868
5869
5872
5875
5876
5880
5898
5902
5904
5905
5907
5908
5912
5913
5914
5917
5921
5922
5923
5925
5929
5930
5934
5938
5939
5940
5941
5944
5961
5962
5966
5970
5971
5974
5976
5977
5979
5983
5985
5986
5988
5989
5993
6011
6015
6016
6019
6020
6021
6022
6024
6025
6027
6028
6030
6031
6033
6034
6042
6043
6047
6051
6052
6055
6057
6058
6060
6064
6066
6067
6069
6070
6074
6075
6076
6078
6079
6081
6082
6083
6084
6085
6087
6088
6091
6102
6103
6105
6106
6108
6109
6111
6112
6114
6115
6118
6119
6123
6124
6128
6129
6130
6132
6133
6135
6136
6138
6139
6141
6142
6150
6151
6156
6157
6159
6160
6162
6163
6164
6165
6166
6168
6169
6172
6183
6184
6186
6187
6189
6190
6192
6193
6195
6196
6199
6200
6204
6205
6209
6213
6214
6217
6219
6220
6222
6226
6228
6229
6231
6232
6236
6254
6258
6259
6262
6263
6264
6265
6267
6268
6270
6271
6273
6274
6276
6277
6285
6286
6312
6313
6416
6420
6424
6425
6426
6427
6430
6447
6448
6452
6456
6457
6460
6462
6463
6474
6475
6480
6481
6484
6488
6489
6490
6492
6496
6497
6501
6502
6505
6506
6507
6508
6510
6511
6513
6514
6516
6517
6519
6520
6523
6524
6528
6529
6546
6550
6552
6553
6555
6556
6560
6561
6562
6563
6564
6565
6566
6567
6568
6569
6570
6571
6572
6573
6574
6575
6576
6577
6579
6580
6581
6582
6583
6584
6586
6588
6589
6590
6591
6592
6594
6595
6597
6598
6599
6600
6601
6602
6603
6604
6605
6606
6607
6608
6609
6611
6612
6614
6615
6616
6617
6618
6619
6620
6621
6622
6624
6625
6627
6628
6629
6631
6633
6634
6636
6637
6641
6642
6643
6644
6645
6646
6647
6648
6649
6650
6651
6652
6653
6654
6655
6656
6657
6658
6659
6660
6661
6662
6663
6664
6667
6668
6669
6670
6671
6672
6673
6674
6675
6676
6677
6678
6679
6680
6681
6682
6683
6684
6687
6688
6689
6691
6692
6693
6695
6696
6697
6698
6699
6700
6701
6702
6703
6705
6706
6723
6724
6725
6726
6727
6728
6729
6732
6733
6734
6735
6736
6737
6738
6741
6742
6743
6744
6745
6746
6748
6750
6751
6752
6753
6754
6759
6760
6761
6762
6763
6764
6766
6768
6769
6771
6773
6775
6784
6786
6787
6788
6789
6790
6791
6793
6799
6800
6802
6804
6805
6806
6807
6808
6809
6810
6811
6813
6814
6815
6816
6817
6822
6823
6824
6825
6826
6827
6829
6831
6832
6833
6834
6835
6837
6838
6840
6841
6842
6843
6844
6853
6857
6858
6859
6861
6862
6864
6865
6867
6868
6870
6871
6879
6880
6885
6886
6887
6888
6889
6891
6892
6893
6894
6895
6896
6897
6898
6901
6903
6904
6905
6906
6907
6910
6912
6913
6914
6915
6916
6918
6919
6921
6922
6923
6924
6925
6926
6927
6928
6929
6930
6931
6932
6933
6934
6935
6936
6938
6939
6940
6941
6942
6943
6944
6945
6946
6948
6949
6951
6952
6953
6955
6957
6958
6960
6961
6965
6966
6967
6968
6969
6971
6972
6973
6975
6976
6977
6979
6980
6981
6982
6983
6984
6985
6986
6987
6989
6991
6992
6993
6994
6996
6997
7007
7008
7009
7011
7012
7013
7014
7016
7017
7019
7020
7021
7022
7023
7024
7025
7026
7028
7037
7038
7039
7040
7042
7043
7046
7047
7048
7049
7050
7051
7052
7053
7054
7056
7057
7058
7059
7060
7061
7062
7063
7065
7066
7067
7068
7070
7072
7074
7075
7077
7078
7080
7081
7083
7084
7086
7087
7088
7089
7092
7093
7094
7097
7098
7100
7101
7102
7103
7104
7105
7106
7107
7108
7110
7111
7113
7114
7115
7117
7122
7123
7128
7129
7131
7132
7133
7134
7135
7137
7138
7140
7141
7145
7149
7151
7153
7154
7155
7156
7158
7159
7161
7162
7164
7165
7167
7168
7169
7171
7173
7174
7176
7177
7178
7181
7185
7186
7189
7191
7192
7194
7195
7196
7198
7203
7204
7209
7210
7213
7217
7218
7219
7221
7225
7226
7230
7231
7234
7235
7236
7237
7239
7240
7242
7243
7245
7246
7248
7249
7252
7253
7257
7258
7275
7279
7281
7282
7284
7285
7289
7290
7291
7292
7293
7294
7295
7296
7297
7298
7299
7300
7301
7302
7303
7304
7305
7306
7308
7309
7310
7311
7312
7313
7315
7317
7318
7319
7320
7321
7323
7324
7326
7327
7328
7329
7330
7331
7332
7333
7334
7335
7336
7337
7338
7340
7341
7343
7344
7345
7346
7347
7348
7349
7350
7351
7353
7354
7356
7357
7358
7360
7362
7363
7365
7366
7370
7371
7372
7373
7374
7375
7376
7377
7378
7379
7380
7381
7382
7383
7384
7385
7386
7387
7388
7389
7390
7391
7392
7393
7396
7397
7398
7399
7400
7401
7402
7403
7404
7405
7406
7407
7408
7409
7410
7411
7412
7413
7416
7417
7418
7420
7421
7422
7424
7425
7426
7427
7428
7429
7430
7431
7432
7434
7435
7437
7441
7443
7444
7446
7447
7451
7452
7453
7454
7455
7456
7457
7458
7461
7462
7463
7464
7465
7466
7467
7469
7470
7471
7472
7473
7474
7477
7478
7479
7480
7481
7482
7483
7484
7485
7487
7488
7489
7490
7491
7492
7495
7501
7504
7505
7509
7510
7513
7514
7515
7516
7517
7518
7519
7522
7523
7524
7525
7526
7527
7528
7531
7532
7533
7534
7535
7536
7537
7539
7540
7541
7542
7543
7544
7545
7546
7549
7551
7552
7553
7554
7555
7558
7559
7560
7561
7562
7563
7564
7565
7566
7567
7568
7569
7570
7571
7572
7573
7574
7575
7576
7577
7578
7579
7580
7581
7583
7584
7586
7587
7588
7589
7590
7591
7592
7593
7594
7595
7596
7597
7599
7600
7604
7605
7606
7607
7608
7609
7613
7614
7615
7616
7617
7618
7620
7621
7623
7624
7625
7626
7627
7632
7633
7634
7635
7636
7639
7640
7641
7642
7643
7644
7645
7646
7647
7648
7649
7650
7651
7652
7653
7654
7655
7656
7659
7660
7661
7664
7665
7667
7668
7669
7670
7673
7674
7695
7696
7697
7700
7701
7704
7705
7706
7709
7710
7713
7714
7715
7729
7731
7732
7735
7736
7737
7738
7739
7740
7741
7742
7743
7745
7746
7748
7749
7750
7751
7754
7755
7757
7761
7765
7766
7767
7768
7769
7770
7771
7775
7776
7777
7778
7781
7782
7785
7786
7787
7790
7791
7793
7794
7795
7796
7797
7801
7802
7803
7804
7807
7810
7812
7813
7816
7817
7818
7819
7820
7821
7822
7823
7824
7825
7826
7827
7829
7830
7831
7832
7833
7834
7835
7836
7837
7839
7840
7857
7858
7861
7865
7866
7867
7869
7873
7874
7878
7882
7883
7884
7885
7888
7906
7910
7914
7915
7918
7920
7921
7938
7939
7942
7946
7947
7948
7950
7954
7955
7959
7963
7964
7965
7966
7969
7972
7974
7975
7978
7981
7982
7986
8004
8008
8010
8011
8013
8014
8018
8019
8020
8021
8022
8023
8024
8025
8028
8029
8030
8031
8032
8033
8034
8037
8038
8039
8040
8041
8044
8046
8047
8048
8049
8050
8055
8056
8057
8058
8059
8060
8061
8064
8065
8066
8069
8070
8072
8073
8074
8075
8078
8079
8100
8101
8102
8103
8104
8105
8106
8109
8110
8111
8112
8113
8114
8115
8118
8119
8120
8121
8122
8125
8126
8127
8128
8129
8130
8131
8132
8133
8135
8136
8137
8138
8139
8140
8141
8142
8145
8146
8147
8150
8151
8153
8154
8155
8156
8159
8160
8166
8170
8172
8173
8175
8176
8180
8181
8182
8183
8184
8185
8186
8187
8190
8191
8192
8193
8194
8195
8196
8198
8199
8200
8201
8202
8203
8206
8207
8208
8209
8210
8211
8212
8213
8214
8216
8217
8218
8219
8220
8221
8224
8230
8233
8234
8238
8239
8242
8243
8244
8245
8246
8247
8248
8251
8252
8253
8254
8255
8256
8257
8260
8261
8262
8263
8264
8265
8266
8270
8271
8272
8273
8274
8275
8278
8280
8281
8282
8283
8284
8287
8288
8289
8290
8291
8292
8293
8294
8295
8296
8297
8298
8299
8300
8301
8302
8303
8304
8305
8306
8307
8308
8309
8310
8312
8313
8315
8316
8317
8318
8321
8322
8324
8333
8334
8335
8336
8342
8343
8344
8345
8346
8347
8352
8353
8354
8355
8356
8361
8362
8363
8364
8365
8368
8369
8370
8371
8372
8373
8374
8375
8376
8378
8379
8380
8381
8382
8383
8386
8395
8404
8406
8407
8408
8409
8410
8413
8422
8458
8460
8461
8464
8467
8468
8472
8476
8485
8487
8488
8489
8490
8491
8494
8496
8497
8499
8500
8503
8504
8522
8526
8530
8531
8532
8533
8536
8539
8541
8542
8545
8548
8549
8553
8554
8557
8558
8562
8563
8566
8567
8568
8569
8570
8571
8572
8575
8576
8577
8578
8579
8584
8585
8586
8587
8588
8589
8590
8594
8595
8596
8597
8598
8599
8602
8603
8604
8605
8606
8607
8608
8611
8612
8613
8614
8615
8616
8617
8618
8619
8621
8622
8623
8624
8625
8626
8629
8635
8638
8639
8643
8644
8647
8648
8649
8650
8651
8652
8653
8656
8657
8658
8659
8660
8665
8666
8667
8668
8669
8671
8672
8673
8675
8676
8677
8678
8679
8681
8682
8683
8684
8685
8686
8687
8688
8692
8693
8694
8695
8698
8699
8700
8701
8702
8703
8704
8707
8710
8711
8715
8719
8728
8729
8730
8731
8732
8733
8734
8737
8738
8739
8740
8741
8742
8743
8746
8747
8748
8749
8750
8751
8752
8754
8755
8756
8757
8758
8759
8760
8761
8764
8766
8767
8768
8769
8770
8773
8775
8776
8777
8778
8779
8781
8782
8784
8785
8786
8787
8788
8791
8792
8796
8802
8803
8805
8806
8808
8809
8811
8812
8814
8815
8818
8820
8821
8823
8824
8828
8829
8830
8831
8832
8833
8835
8836
8837
8838
8839
8840
8841
8842
8845
8846
8847
8848
8849
8850
8851
8854
8855
8856
8857
8858
8859
8860
8862
8863
8865
8866
8867
8868
8869
8878
8882
8886
8887
8890
8892
8893
8910
8911
8912
8913
8914
8919
8920
8921
8922
8923
8928
8929
8930
8931
8932
8935
8936
8937
8938
8939
8940
8941
8942
8943
8945
8946
8947
8948
8949
8950
8953
8962
8971
8972
8973
8974
8975
8976
8977
8980
8981
8982
8983
8984
8989
8990
8991
8992
8993
8994
8995
8997
8998
9000
9001
9002
9003
9004
9009
9010
9011
9012
9013
9016
9017
9018
9019
9020
9021
9022
9023
9024
9025
9026
9027
9028
9029
9030
9031
9032
9033
9036
9037
9038
9040
9041
9042
9044
9045
9046
9047
9048
9049
9050
9051
9052
9053
9054
9055
9057
9058
9062
9063
9064
9065
9066
9067
9071
9072
9073
9074
9075
9076
9078
9079
9080
9081
9082
9083
9084
9085
9088
9090
9091
9092
9093
9094
9097
9098
9099
9100
9101
9102
9103
9104
9105
9106
9107
9108
9109
9110
9111
9112
9113
9114
9115
9116
9117
9118
9119
9120
9121
9122
9123
9125
9126
9127
9128
9129
9130
9131
9132
9133
9135
9136
9138
9142
9144
9145
9147
9148
9152
9153
9154
9155
9158
9159
9162
9163
9164
9167
9168
9170
9171
9172
9173
9174
9178
9179
9180
9181
9184
9194
9195
9198
9199
9200
9203
9204
9206
9207
9208
9209
9212
9213
9215
9224
9225
9226
9227
9233
9234
9235
9236
9237
9238
9239
9240
9241
9243
9244
9245
9246
9247
9248
9249
9252
9253
9254
9261
9262
9264
9265
9267
9268
9270
9271
9273
9274
9275
9276
9279
9280
9281
9284
9285
9287
9288
9289
9290
9291
9292
9293
9294
9295
9296
9297
9298
9300
9301
9305
9306
9307
9308
9309
9310
9314
9315
9316
9318
9319
9321
9322
9324
9325
9327
9328
9341
9342
9343
9345
9346
9347
9348
9349
9350
9351
9352
9354
9355
9363
9364
9377
9386
9387
9388
9389
9390
9391
9395
9396
9397
9398
9401
9402
9405
9406
9407
9410
9411
9414
9415
9416
9417
9418
9422
9423
9424
9426
9427
9428
9429
9430
9431
9432
9433
9435
9436
9444
9445
9458
9467
9468
9469
9470
9471
9472
9476
9477
9478
9479
9480
9481
9483
9484
9486
9487
9488
9489
9490
9495
9496
9497
9498
9499
9502
9504
9505
9506
9507
9508
9510
9511
9513
9514
9515
9516
9517
9531
9532
9534
9535
9537
9538
9540
9541
9543
9544
9552
9553
9558
9559
9560
9561
9562
9564
9565
9567
9568
9569
9570
9571
9576
9577
9578
9579
9580
9583
9585
9586
9587
9588
9589
9591
9592
9594
9595
9596
9597
9598
9639
9640
9641
9642
9643
9648
9649
9650
9651
9652
9657
9658
9659
9660
9661
9664
9665
9666
9667
9668
9669
9670
9671
9672
9674
9675
9676
9677
9678
9679
9682
9691
9700
9701
9702
9703
9704
9705
9706
9709
9710
9711
9712
9713
9718
9719
9720
9721
9722
9723
9724
9726
9727
9729
9730
9731
9732
9733
9738
9739
9740
9741
9742
9745
9746
9747
9748
9749
9750
9751
9752
9753
9754
9755
9756
9757
9758
9759
9760
9761
9762
9765
9766
9767
9770
9771
9773
9774
9775
9776
9777
9778
9779
9780
9781
9782
9783
9784
9786
9787
9791
9792
9793
9794
9795
9796
9800
9801
9802
9803
9804
9805
9807
9808
9810
9811
9812
9813
9814
9819
9820
9821
9822
9823
9826
9827
9828
9829
9830
9831
9832
9833
9834
9835
9836
9837
9838
9839
9840
9841
9842
9843
9846
9847
9848
9851
9852
9854
9855
9856
9857
9860
9861
9882
9883
9884
9887
9888
9891
9892
9893
9896
9897
9900
9901
9902
9923
9924
9927
9928
9929
9932
9933
9935
9936
9937
9938
9941
9942
9944
9953
9954
9955
9956
9962
9963
9964
9965
9968
9969
9972
9973
9974
9977
9978
9981
9982
9983
10004
10005
10008
10009
10010
10013
10014
10016
10017
10018
10019
10022
10023
10206
10207
10208
10211
10212
10215
10216
10217
10220
10221
10224
10225
10226
10247
10248
10251
10252
10253
10256
10257
10259
10260
10261
10262
10265
10266
10287
10288
10289
10292
10293
10296
10297
10298
10301
10302
10305
10306
10307
10313
10319
10320
10322
10328
10329
10332
10333
10334
10337
10338
10340
10341
10342
10343
10346
10347
10368
10369
10370
10373
10374
10377
10378
10379
10382
10383
10386
10387
10388
10498
10502
10506
10507
10510
10512
10513
10530
10531
10534
10538
10539
10540
10542
10546
10564
10566
10567
10570
10571
10572
10573
10574
10575
10576
10577
10578
10579
10580
10581
10583
10584
10585
10586
10587
10588
10589
10590
10591
10593
10594
10596
10600
10602
10603
10605
10606
10610
10611
10612
10613
10616
10617
10620
10621
10622
10625
10626
10628
10629
10630
10631
10632
10636
10637
10638
10639
10642
10652
10653
10656
10657
10658
10661
10662
10664
10665
10666
10667
10670
10671
10673
10682
10683
10684
10685
10691
10692
10693
10694
10697
10698
10701
10702
10703
10706
10707
10710
10711
10712
10733
10734
10737
10738
10739
10742
10743
10745
10746
10747
10748
10751
10752
10754
10763
10764
10765
10766
10772
10790
10794
10798
10799
10800
10801
10804
10805
10806
10808
10822
10826
10830
10831
10834
10835
10836
10837
10844
10845
10846
10847
10853
10854
10855
10856
10858
10859
10860
10862
10863
10864
10865
10866
10868
10869
10870
10871
10872
10873
10874
10875
10879
10880
10881
10882
10885
10886
10887
10888
10889
10890
10891
10894
10897
10898
10902
10916
10920
10924
10925
10926
10927
10928
10929
10930
10934
10935
10936
10937
10940
10941
10944
10945
10946
10949
10950
10953
10954
10955
10976
10977
10980
10981
10982
10985
10986
10988
10989
10990
10991
10994
10995
11016
11017
11018
11021
11022
11025
11026
11027
11030
11031
11034
11035
11036
11042
11048
11049
11051
11057
11058
11061
11062
11063
11066
11067
11069
11070
11071
11072
11075
11076
11082
11086
11088
11089
11091
11092
11096
11097
11098
11099
11102
11103
11106
11107
11108
11111
11112
11114
11115
11116
11117
11118
11122
11123
11124
11125
11128
11146
11150
11154
11155
11158
11160
11161
11163
11167
11169
11170
11172
11173
11177
11178
11179
11182
11186
11187
11188
11190
11194
11212
11214
11215
11218
11221
11222
11226
11227
11231
11235
11236
11239
11241
11242
11259
11260
11263
11267
11268
11269
11271
11275
11293
11295
11296
11299
11300
11301
11302
11303
11304
11305
11306
11307
11308
11309
11310
11312
11313
11314
11315
11316
11317
11318
11319
11320
11322
11323
11325
11329
11331
11332
11334
11335
11339
11340
11341
11342
11345
11346
11349
11350
11351
11354
11355
11357
11358
11359
11360
11361
11365
11366
11367
11368
11371
11374
11376
11377
11380
11381
11382
11383
11384
11385
11386
11387
11388
11390
11391
11393
11394
11395
11396
11399
11400
11402
11406
11410
11411
11412
11413
11414
11415
11416
11420
11421
11422
11423
11426
11427
11430
11431
11432
11435
11436
11438
11439
11440
11441
11442
11446
11447
11448
11449
11452
11455
11457
11458
11461
11462
11463
11464
11465
11466
11467
11468
11469
11470
11471
11472
11474
11475
11476
11477
11478
11479
11480
11481
11482
11484
11485
11502
11503
11506
11510
11511
11512
11514
11518
11664
11665
11668
11672
11673
11674
11676
11680
11698
11700
11701
11704
11707
11708
11712
11730
11734
11736
11737
11739
11740
11744
11745
11746
11749
11753
11754
11755
11757
11761
11762
11766
11770
11771
11772
11773
11776
11794
11798
11802
11803
11806
11808
11809
13122
13123
13124
13125
13126
13127
13128
13131
13132
13133
13134
13135
13136
13137
13140
13141
13142
13143
13144
13147
13149
13150
13151
13152
13153
13158
13159
13160
13161
13162
13163
13164
13167
13168
13169
13172
13173
13175
13176
13177
13178
13181
13182
13203
13204
13205
13206
13207
13208
13209
13212
13213
13214
13215
13216
13217
13218
13221
13222
13223
13224
13225
13228
13229
13230
13231
13232
13233
13234
13235
13236
13238
13239
13240
13241
13242
13243
13244
13245
13248
13249
13250
13253
13254
13256
13257
13258
13259
13262
13263
13284
13285
13286
13287
13288
13289
13290
13293
13294
13295
13296
13297
13298
13299
13302
13303
13304
13305
13306
13309
13311
13312
13313
13314
13315
13320
13321
13322
13323
13324
13327
13336
13345
13347
13348
13349
13350
13351
13354
13363
13365
13366
13367
13368
13369
13374
13375
13376
13377
13378
13383
13384
13385
13386
13387
13390
13392
13393
13394
13395
13396
13401
13402
13403
13404
13405
13446
13447
13448
13449
13450
13455
13456
13457
13458
13459
13464
13465
13466
13467
13468
13471
13473
13474
13475
13476
13477
13482
13483
13484
13485
13486
13487
13488
13491
13492
13493
13496
13497
13499
13500
13501
13502
13505
13506
13527
13528
13529
13532
13533
13536
13537
13538
13541
13542
13545
13546
13547
13568
13569
13572
13573
13574
13577
13578
13580
13581
13582
13583
13586
13587
13589
13598
13599
13600
13601
13607
13608
13609
13610
13613
13614
13617
13618
13619
13622
13623
13626
13627
13628
13649
13650
13653
13654
13655
13658
13659
13661
13662
13663
13664
13667
13668
13851
13852
13853
13854
13855
13856
13857
13860
13861
13862
13863
13864
13865
13866
13869
13870
13871
13872
13873
13876
13878
13879
13880
13881
13882
13887
13888
13889
13890
13891
13892
13893
13896
13897
13898
13901
13902
13904
13905
13906
13907
13910
13911
13932
13933
13934
13935
13936
13937
13938
13941
13942
13943
13944
13945
13946
13947
13950
13951
13952
13953
13954
13957
13958
13959
13960
13961
13962
13963
13964
13965
13967
13968
13969
13970
13971
13972
13973
13974
13977
13978
13979
13982
13983
13985
13986
13987
13988
13991
13992
14013
14014
14015
14016
14017
14018
14019
14022
14023
14024
14025
14026
14027
14028
14031
14032
14033
14034
14035
14038
14039
14040
14041
14042
14043
14044
14045
14046
14048
14049
14050
14051
14052
14053
14056
14065
14074
14075
14076
14077
14078
14079
14080
14083
14084
14085
14086
14087
14092
14093
14094
14095
14096
14097
14098
14103
14104
14105
14106
14107
14112
14113
14114
14115
14116
14119
14120
14121
14122
14123
14124
14125
14126
14127
14129
14130
14131
14132
14133
14134
14135
14136
14139
14140
14141
14144
14145
14147
14148
14149
14150
14153
14154
14156
14165
14166
14167
14168
14174
14175
14176
14177
14178
14179
14184
14185
14186
14187
14188
14193
14194
14195
14196
14197
14200
14201
14202
14203
14204
14205
14206
14207
14208
14210
14211
14212
14213
14214
14215
14216
14217
14220
14221
14222
14225
14226
14228
14229
14230
14231
14234
14235
14256
14257
14258
14261
14262
14265
14266
14267
14270
14271
14274
14275
14276
14297
14298
14301
14302
14303
14306
14307
14309
14310
14311
14312
14315
14316
14318
14327
14328
14329
14330
14336
14337
14338
14339
14342
14343
14346
14347
14348
14351
14352
14355
14356
14357
14378
14379
14382
14383
14384
14387
14388
14390
14391
14392
14393
14396
14397
14580
14581
14582
14583
14584
14585
14586
14589
14590
14591
14592
14593
14594
14595
14598
14599
14600
14601
14602
14605
14607
14608
14609
14610
14611
14616
14617
14618
14619
14620
14621
14622
14625
14626
14627
14630
14631
14633
14634
14635
14636
14639
14640
14661
14662
14663
14664
14665
14666
14667
14670
14671
14672
14673
14674
14675
14676
14679
14680
14681
14682
14683
14686
14687
14688
14689
14690
14691
14692
14693
14694
14696
14697
14698
14699
14700
14701
14702
14703
14706
14707
14708
14711
14712
14714
14715
14716
14717
14720
14721
14742
14743
14744
14745
14746
14747
14748
14751
14752
14753
14754
14755
14756
14757
14760
14761
14762
14763
14764
14767
14769
14770
14771
14772
14773
14778
14779
14780
14781
14782
14785
14794
14803
14805
14806
14807
14808
14809
14812
14821
14823
14824
14825
14826
14827
14832
14833
14834
14835
14836
14841
14842
14843
14844
14845
14848
14850
14851
14852
14853
14854
14859
14860
14861
14862
14863
14904
14905
14906
14907
14908
14913
14914
14915
14916
14917
14922
14923
14924
14925
14926
14929
14931
14932
14933
14934
14935
14940
14941
14942
14943
14944
14947
14956
14965
14967
14968
14969
14970
14971
14974
14983
15028
15037
15046
15048
15049
15050
15051
15052
15055
15064
15109
15118
15127
15129
15130
15131
15132
15133
15136
15145
15147
15148
15149
15150
15151
15156
15157
15158
15159
15160
15165
15166
15167
15168
15169
15172
15174
15175
15176
15177
15178
15183
15184
15185
15186
15187
15190
15199
15208
15210
15211
15212
15213
15214
15217
15226
15271
15280
15289
15291
15292
15293
15294
15295
15298
15307
15309
15310
15311
15312
15313
15318
15319
15320
15321
15322
15327
15328
15329
15330
15331
15334
15336
15337
15338
15339
15340
15345
15346
15347
15348
15349
15390
15391
15392
15393
15394
15399
15400
15401
15402
15403
15408
15409
15410
15411
15412
15415
15417
15418
15419
15420
15421
15426
15427
15428
15429
15430
15471
15472
15473
15474
15475
15480
15481
15482
15483
15484
15489
15490
15491
15492
15493
15496
15498
15499
15500
15501
15502
15507
15508
15509
15510
15511
15514
15523
15532
15534
15535
15536
15537
15538
15541
15550
15552
15553
15554
15555
15556
15561
15562
15563
15564
15565
15570
15571
15572
15573
15574
15577
15579
15580
15581
15582
15583
15588
15589
15590
15591
15592
15633
15634
15635
15636
15637
15642
15643
15644
15645
15646
15651
15652
15653
15654
15655
15658
15660
15661
15662
15663
15664
15669
15670
15671
15672
15673
16038
16039
16040
16041
16042
16047
16048
16049
16050
16051
16056
16057
16058
16059
16060
16063
16065
16066
16067
16068
16069
16074
16075
16076
16077
16078
16119
16120
16121
16122
16123
16128
16129
16130
16131
16132
16137
16138
16139
16140
16141
16144
16146
16147
16148
16149
16150
16155
16156
16157
16158
16159
16200
16201
16202
16203
16204
16209
16210
16211
16212
16213
16218
16219
16220
16221
16222
16225
16227
16228
16229
16230
16231
16236
16237
16238
16239
16240
16243
16252
16261
16263
16264
16265
16266
16267
16270
16279
16281
16282
16283
16284
16285
16290
16291
16292
16293
16294
16299
16300
16301
16302
16303
16306
16308
16309
16310
16311
16312
16317
16318
16319
16320
16321
16362
16363
16364
16365
16366
16371
16372
16373
16374
16375
16380
16381
16382
16383
16384
16387
16389
16390
16391
16392
16393
16398
16399
16400
16401
16402
16405
16414
16423
16425
16426
16427
16428
16429
16432
16441
16486
16495
16504
16506
16507
16508
16509
16510
16513
16522
16567
16576
16585
16587
16588
16589
16590
16591
16594
16603
16605
16606
16607
16608
16609
16614
16615
16616
16617
16618
16623
16624
16625
16626
16627
16630
16632
16633
16634
16635
16636
16641
16642
16643
16644
16645
16648
16657
16666
16668
16669
16670
16671
16672
16675
16684
16729
16738
16747
16749
16750
16751
16752
16753
16756
16765
17134
17143
17152
17154
17155
17156
17157
17158
17161
17170
17215
17224
17233
17235
17236
17237
17238
17239
17242
17251
17296
17305
17314
17316
17317
17318
17319
17320
17323
17332
17334
17335
17336
17337
17338
17343
17344
17345
17346
17347
17352
17353
17354
17355
17356
17359
17361
17362
17363
17364
17365
17370
17371
17372
17373
17374
17377
17386
17395
17397
17398
17399
17400
17401
17404
17413
17458
17467
17476
17478
17479
17480
17481
17482
17485
17494
17863
17872
17881
17883
17884
17885
17886
17887
17890
17899
17944
17953
17962
17964
17965
17966
17967
17968
17971
17980
18025
18034
18043
18045
18046
18047
18048
18049
18052
18061
18063
18064
18065
18066
18067
18072
18073
18074
18075
18076
18081
18082
18083
18084
18085
18088
18090
18091
18092
18093
18094
18099
18100
18101
18102
18103
18106
18115
18124
18126
18127
18128
18129
18130
18133
18142
18187
18196
18205
18207
18208
18209
18210
18211
18214
18223
18225
18226
18227
18228
18229
18234
18235
18236
18237
18238
18243
18244
18245
18246
18247
18250
18252
18253
18254
18255
18256
18261
18262
18263
18264
18265
18306
18307
18308
18309
18310
18315
18316
18317
18318
18319
18324
18325
18326
18327
18328
18331
18333
18334
18335
18336
18337
18342
18343
18344
18345
18346
18387
18388
18389
18390
18391
18396
18397
18398
18399
18400
18405
18406
18407
18408
18409
18412
18414
18415
18416
18417
18418
18423
18424
18425
18426
18427
18430
18439
18448
18450
18451
18452
18453
18454
18457
18466
18468
18469
18470
18471
18472
18477
18478
18479
18480
18481
18486
18487
18488
18489
18490
18493
18495
18496
18497
18498
18499
18504
18505
18506
18507
18508
18549
18550
18551
18552
18553
18558
18559
18560
18561
18562
18567
18568
18569
18570
18571
18574
18576
18577
18578
18579
18580
18585
18586
18587
18588
18589
18592
18601
18610
18612
18613
18614
18615
18616
18619
18628
18673
18682
18691
18693
18694
18695
18696
18697
18700
18709
18754
18763
18772
18774
18775
18776
18777
18778
18781
18790
18792
18793
18794
18795
18796
18801
18802
18803
18804
18805
18810
18811
18812
18813
18814
18817
18819
18820
18821
18822
18823
18828
18829
18830
18831
18832
18835
18844
18853
18855
18856
18857
18858
18859
18862
18871
18916
18925
18934
18936
18937
18938
18939
18940
18943
18952
19321
19330
19339
19341
19342
19343
19344
19345
19348
19357
19402
19411
19420
19422
19423
19424
19425
19426
19429
19438
19483
19492
19501
19503
19504
19505
19506
19507
19510
19519
19521
19522
19523
19524
19525
19530
19531
19532
19533
19534
19539
19540
19541
19542
19543
19546
19548
19549
19550
19551
19552
19557
19558
19559
19560
19561
19564
19573
19582
19584
19585
19586
19587
19588
19591
19600
19645
19654
19663
19665
19666
19667
19668
19669
19672
19681
19683
19684
19685
19686
19687
19692
19693
19694
19695
19696
19701
19702
19703
19704
19705
19708
19710
19711
19712
19713
19714
19719
19720
19721
19722
19723
19764
19765
19766
19767
19768
19773
19774
19775
19776
19777
19782
19783
19784
19785
19786
19789
19791
19792
19793
19794
19795
19800
19801
19802
19803
19804
19845
19846
19847
19848
19849
19854
19855
19856
19857
19858
19863
19864
19865
19866
19867
19870
19872
19873
19874
19875
19876
19881
19882
19883
19884
19885
19888
19897
19906
19908
19909
19910
19911
19912
19915
19924
19926
19927
19928
19929
19930
19935
19936
19937
19938
19939
19944
19945
19946
19947
19948
19951
19953
19954
19955
19956
19957
19962
19963
19964
19965
19966
20007
20008
20009
20010
20011
20016
20017
20018
20019
20020
20025
20026
20027
20028
20029
20032
20034
20035
20036
20037
20038
20043
20044
20045
20046
20047
20412
20413
20414
20415
20416
20421
20422
20423
20424
20425
20430
20431
20432
20433
20434
20437
20439
20440
20441
20442
20443
20448
20449
20450
20451
20452
20493
20494
20495
20496
20497
20502
20503
20504
20505
20506
20511
20512
20513
20514
20515
20518
20520
20521
20522
20523
20524
20529
20530
20531
20532
20533
20574
20575
20576
20577
20578
20583
20584
20585
20586
20587
20592
20593
20594
20595
20596
20599
20601
20602
20603
20604
20605
20610
20611
20612
20613
20614
20617
20626
20635
20637
20638
20639
20640
20641
20644
20653
20655
20656
20657
20658
20659
20664
20665
20666
20667
20668
20673
20674
20675
20676
20677
20680
20682
20683
20684
20685
20686
20691
20692
20693
20694
20695
20736
20737
20738
20739
20740
20745
20746
20747
20748
20749
20754
20755
20756
20757
20758
20761
20763
20764
20765
20766
20767
20772
20773
20774
20775
20776
21141
21142
21143
21144
21145
21150
21151
21152
21153
21154
21159
21160
21161
21162
21163
21166
21168
21169
21170
21171
21172
21177
21178
21179
21180
21181
21222
21223
21224
21225
21226
21231
21232
21233
21234
21235
21240
21241
21242
21243
21244
21247
21249
21250
21251
21252
21253
21258
21259
21260
21261
21262
21303
21304
21305
21306
21307
21312
21313
21314
21315
21316
21321
21322
21323
21324
21325
21328
21330
21331
21332
21333
21334
21339
21340
21341
21342
21343
21346
21355
21364
21366
21367
21368
21369
21370
21373
21382
21384
21385
21386
21387
21388
21393
21394
21395
21396
21397
21402
21403
21404
21405
21406
21409
21411
21412
21413
21414
21415
21420
21421
21422
21423
21424
21465
21466
21467
21468
21469
21474
21475
21476
21477
21478
21483
21484
21485
21486
21487
21490
21492
21493
21494
21495
21496
21501
21502
21503
21504
21505
21508
21517
21526
21528
21529
21530
21531
21532
21535
21544
21589
21598
21607
21609
21610
21611
21612
21613
21616
21625
21670
21679
21688
21690
21691
21692
21693
21694
21697
21706
21708
21709
21710
21711
21712
21717
21718
21719
21720
21721
21726
21727
21728
21729
21730
21733
21735
21736
21737
21738
21739
21744
21745
21746
21747
21748
21751
21760
21769
21771
21772
21773
21774
21775
21778
21787
21832
21841
21850
21852
21853
21854
21855
21856
21859
21868
21870
21871
21872
21873
21874
21879
21880
21881
21882
21883
21888
21889
21890
21891
21892
21895
21897
21898
21899
21900
21901
21906
21907
21908
21909
21910
21951
21952
21953
21954
21955
21960
21961
21962
21963
21964
21969
21970
21971
21972
21973
21976
21978
21979
21980
21981
21982
21987
21988
21989
21990
21991
22032
22033
22034
22035
22036
22041
22042
22043
22044
22045
22050
22051
22052
22053
22054
22057
22059
22060
22061
22062
22063
22068
22069
22070
22071
22072
22075
22084
22093
22095
22096
22097
22098
22099
22102
22111
22113
22114
22115
22116
22117
22122
22123
22124
22125
22126
22131
22132
22133
22134
22135
22138
22140
22141
22142
22143
22144
22149
22150
22151
22152
22153
22194
22195
22196
22197
22198
22203
22204
22205
22206
22207
22212
22213
22214
22215
22216
22219
22221
22222
22223
22224
22225
22230
22231
22232
22233
22234
22599
22600
22601
22602
22603
22608
22609
22610
22611
22612
22617
22618
22619
22620
22621
22624
22626
22627
22628
22629
22630
22635
22636
22637
22638
22639
22680
22681
22682
22683
22684
22689
22690
22691
22692
22693
22698
22699
22700
22701
22702
22705
22707
22708
22709
22710
22711
22716
22717
22718
22719
22720
22761
22762
22763
22764
22765
22770
22771
22772
22773
22774
22779
22780
22781
22782
22783
22786
22788
22789
22790
22791
22792
22797
22798
22799
22800
22801
22804
22813
22822
22824
22825
22826
22827
22828
22831
22840
22842
22843
22844
22845
22846
22851
22852
22853
22854
22855
22860
22861
22862
22863
22864
22867
22869
22870
22871
22872
22873
22878
22879
22880
22881
22882
22923
22924
22925
22926
22927
22932
22933
22934
22935
22936
22941
22942
22943
22944
22945
22948
22950
22951
22952
22953
22954
22959
22960
22961
22962
22963
26244
26245
26246
26247
26248
26253
26254
26255
26256
26257
26262
26263
26264
26265
26266
26269
26271
26272
26273
26274
26275
26280
26281
26282
26283
26284
26325
26326
26327
26328
26329
26334
26335
26336
26337
26338
26343
26344
26345
26346
26347
26350
26352
26353
26354
26355
26356
26361
26362
26363
26364
26365
26406
26407
26408
26409
26410
26415
26416
26417
26418
26419
26424
26425
26426
26427
26428
26431
26433
26434
26435
26436
26437
26442
26443
26444
26445
26446
26449
26458
26467
26469
26470
26471
26472
26473
26476
26485
26487
26488
26489
26490
26491
26496
26497
26498
26499
26500
26505
26506
26507
26508
26509
26512
26514
26515
26516
26517
26518
26523
26524
26525
26526
26527
26568
26569
26570
26571
26572
26577
26578
26579
26580
26581
26586
26587
26588
26589
26590
26593
26595
26596
26597
26598
26599
26604
26605
26606
26607
26608
26973
26974
26975
26976
26977
26982
26983
26984
26985
26986
26991
26992
26993
26994
26995
26998
27000
27001
27002
27003
27004
27009
27010
27011
27012
27013
27054
27055
27056
27057
27058
27063
27064
27065
27066
27067
27072
27073
27074
27075
27076
27079
27081
27082
27083
27084
27085
27090
27091
27092
27093
27094
27135
27136
27137
27138
27139
27144
27145
27146
27147
27148
27153
27154
27155
27156
27157
27160
27162
27163
27164
27165
27166
27171
27172
27173
27174
27175
27178
27187
27196
27198
27199
27200
27201
27202
27205
27214
27216
27217
27218
27219
27220
27225
27226
27227
27228
27229
27234
27235
27236
27237
27238
27241
27243
27244
27245
27246
27247
27252
27253
27254
27255
27256
27297
27298
27299
27300
27301
27306
27307
27308
27309
27310
27315
27316
27317
27318
27319
27322
27324
27325
27326
27327
27328
27333
27334
27335
27336
27337
27702
27703
27704
27705
27706
27711
27712
27713
27714
27715
27720
27721
27722
27723
27724
27727
27729
27730
27731
27732
27733
27738
27739
27740
27741
27742
27783
27784
27785
27786
27787
27792
27793
27794
27795
27796
27801
27802
27803
27804
27805
27808
27810
27811
27812
27813
27814
27819
27820
27821
27822
27823
27864
27865
27866
27867
27868
27873
27874
27875
27876
27877
27882
27883
27884
27885
27886
27889
27891
27892
27893
27894
27895
27900
27901
27902
27903
27904
27907
27916
27925
27927
27928
27929
27930
27931
27934
27943
27945
27946
27947
27948
27949
27954
27955
27956
27957
27958
27963
27964
27965
27966
27967
27970
27972
27973
27974
27975
27976
27981
27982
27983
27984
27985
28026
28027
28028
28029
28030
28035
28036
28037
28038
28039
28044
28045
28046
28047
28048
28051
28053
28054
28055
28056
28057
28062
28063
28064
28065
28066
28069
28078
28087
28089
28090
28091
28092
28093
28096
28105
28150
28159
28168
28170
28171
28172
28173
28174
28177
28186
28231
28240
28249
28251
28252
28253
28254
28255
28258
28267
28269
28270
28271
28272
28273
28278
28279
28280
28281
28282
28287
28288
28289
28290
28291
28294
28296
28297
28298
28299
28300
28305
28306
28307
28308
28309
28312
28321
28330
28332
28333
28334
28335
28336
28339
28348
28393
28402
28411
28413
28414
28415
28416
28417
28420
28429
28431
28432
28433
28434
28435
28440
28441
28442
28443
28444
28449
28450
28451
28452
28453
28456
28458
28459
28460
28461
28462
28467
28468
28469
28470
28471
28512
28513
28514
28515
28516
28521
28522
28523
28524
28525
28530
28531
28532
28533
28534
28537
28539
28540
28541
28542
28543
28548
28549
28550
28551
28552
28593
28594
28595
28596
28597
28602
28603
28604
28605
28606
28611
28612
28613
28614
28615
28618
28620
28621
28622
28623
28624
28629
28630
28631
28632
28633
28636
28645
28654
28656
28657
28658
28659
28660
28663
28672
28674
28675
28676
28677
28678
28683
28684
28685
28686
28687
28692
28693
28694
28695
28696
28699
28701
28702
28703
28704
28705
28710
28711
28712
28713
28714
28755
28756
28757
28758
28759
28764
28765
28766
28767
28768
28773
28774
28775
28776
28777
28780
28782
28783
28784
28785
28786
28791
28792
28793
28794
28795
29160
29161
29162
29163
29164
29169
29170
29171
29172
29173
29178
29179
29180
29181
29182
29185
29187
29188
29189
29190
29191
29196
29197
29198
29199
29200
29241
29242
29243
29244
29245
29250
29251
29252
29253
29254
29259
29260
29261
29262
29263
29266
29268
29269
29270
29271
29272
29277
29278
29279
29280
29281
29322
29323
29324
29325
29326
29331
29332
29333
29334
29335
29340
29341
29342
29343
29344
29347
29349
29350
29351
29352
29353
29358
29359
29360
29361
29362
29365
29374
29383
29385
29386
29387
29388
29389
29392
29401
29403
29404
29405
29406
29407
29412
29413
29414
29415
29416
29421
29422
29423
29424
29425
29428
29430
29431
29432
29433
29434
29439
29440
29441
29442
29443
29484
29485
29486
29487
29488
29493
29494
29495
29496
29497
29502
29503
29504
29505
29506
29509
29511
29512
29513
29514
29515
29520
29521
29522
29523
29524
