3
4
7
9
10
12
13
16
19
21
22
25
27
28
30
31
34
36
37
39
40
43
46
48
49
52
55
57
58
61
63
64
66
67
70
73
75
76
79
81
82
84
85
88
90
91
93
94
97
100
102
103
108
109
111
112
115
117
118
120
127
133
136
138
139
144
145
147
148
151
154
156
171
172
174
175
178
183
184
189
190
192
193
198
199
201
202
205
208
210
211
214
217
219
225
226
228
229
232
235
237
238
243
244
246
247
250
252
253
255
259
262
264
265
268
270
271
273
274
277
279
280
282
291
292
298
300
306
307
309
313
316
318
319
322
324
325
327
328
331
333
334
336
340
343
345
346
349
351
352
355
360
376
391
397
399
406
408
414
417
424
426
427
432
433
435
436
441
442
444
445
448
451
453
454
460
462
468
469
471
475
478
480
481
487
495
502
505
511
513
520
522
523
525
532
538
541
543
547
549
550
552
553
556
559
562
567
568
570
574
576
577
579
580
583
588
594
595
597
601
603
610
613
615
616
622
628
630
631
633
637
649
651
655
657
660
661
667
670
673
675
676
679
682
684
687
691
696
700
703
705
706
711
712
714
715
721
727
729
730
732
733
736
738
739
741
742
745
748
750
751
754
756
757
759
760
763
765
766
768
772
777
778
784
786
790
792
793
795
799
810
811
813
814
817
819
820
822
826
829
831
832
837
838
840
844
846
853
856
865
871
873
874
876
880
883
892
894
895
900
903
904
907
918
919
921
922
925
927
928
930
939
940
943
946
949
957
958
961
967
972
973
975
976
979
981
982
984
988
993
999
1000
1002
1006
1009
1020
1029
1035
1036
1038
1042
1053
1054
1057
1062
1063
1080
1081
1105
1114
1126
1156
1165
1168
1173
1191
1197
1204
1213
1224
1227
1234
1236
1237
1242
1243
1246
1251
1252
1254
1263
1270
1279
1281
1291
1296
1297
1299
1303
1305
1306
1308
1312
1323
1324
1326
1330
1332
1333
1335
1351
1354
1359
1360
1362
1366
1369
1371
1372
1386
1389
1404
1416
1417
1432
1531
1533
1534
1539
1540
1551
1552
1558
1560
1566
1575
1585
1606
1612
1614
1623
1641
1647
1648
1650
1663
1666
1668
1675
1678
1687
1690
1693
1701
1702
1704
1705
1708
1710
1711
1713
1720
1722
1723
1728
1729
1731
1732
1737
1738
1740
1741
1749
1750
1759
1782
1783
1785
1786
1791
1792
1803
1804
1809
1818
1825
1828
1830
1843
1845
1848
1870
1872
1875
1890
1891
1893
1894
1899
1900
1911
1912
1930
1953
1954
1969
1971
1972
1978
1983
1993
1996
1999
2001
2002
2011
2025
2026
2028
2032
2044
2046
2050
2052
2061
2068
2071
2073
2080
2083
2086
2088
2089
2091
2098
2109
2113
2115
2118
2136
2142
2187
2188
2190
2191
2194
2196
2197
2199
2203
2206
2208
2209
2212
2214
2215
2217
2218
2221
2223
2224
2235
2236
2244
2250
2251
2253
2257
2260
2262
2263
2268
2269
2271
2272
2275
2277
2278
2280
2281
2284
2289
2290
2295
2296
2298
2302
2316
2323
2331
2332
2334
2338
2352
2358
2362
2376
2377
2379
2380
2385
2386
2388
2389
2392
2397
2398
2430
2431
2433
2434
2437
2439
2440
2442
2446
2451
2452
2457
2458
2460
2461
2464
2466
2467
2469
2470
2478
2479
2482
2485
2487
2493
2494
2496
2500
2503
2511
2512
2514
2515
2520
2521
2532
2533
2536
2538
2548
2619
2620
2622
2623
2628
2629
2640
2641
2649
2659
2668
2700
2701
2754
2755
2757
2761
2763
2764
2766
2770
2781
2782
2784
2788
2803
2812
2815
2817
2818
2820
2821
2824
2838
2842
2847
2848
2856
2871
2890
2893
2899
2901
2902
2908
2910
2916
2917
2919
2920
2925
2926
2928
2929
2937
2938
2943
2944
2946
2947
2952
2953
2955
2964
2965
2997
2998
3000
3001
3004
3006
3007
3009
3018
3019
3024
3043
3105
3106
3108
3109
3114
3115
3126
3127
3136
3145
3159
3160
3163
3168
3169
3190
3195
3205
3207
3225
3541
3550
3576
3577
3585
3622
3631
3691
3700
3726
3727
3730
3738
3753
3772
3828
3829
3834
3835
3843
3850
3853
3877
3880
3888
3889
3891
3892
3895
3897
3898
3900
3909
3910
3915
3916
3918
3919
3924
3925
3936
3937
3969
3970
3972
3973
3978
3979
3990
3991
4012
4015
4017
4030
4032
4035
4045
4057
4059
4062
4077
4078
4080
4081
4086
4087
4098
4099
4105
4116
4140
4152
4153
4162
4186
4239
4243
4255
4258
4260
4273
4275
4278
4300
4302
4305
4420
4429
4455
4456
4459
4593
4599
4602
4617
4618
4620
4624
4651
4656
4669
4672
4674
4680
4690
4723
4725
4813
4818
4836
4842
4869
4921
4923
4926
4930
4933
4936
4941
4942
4968
4969
4972
4984
4987
4989
5002
5004
5007
5029
5031
5034
5058
5077
5095
5097
5103
5104
5106
5110
5112
5113
5115
5119
5124
5128
5130
5131
5133
5137
5151
5160
5166
5167
5169
5173
5184
5185
5187
5191
5193
5194
5196
5200
5211
5212
5214
5218
5247
5248
5250
5254
5257
5259
5277
5346
5347
5349
5353
5355
5356
5358
5362
5367
5373
5374
5376
5380
5394
5409
5410
5412
5416
5470
5473
5475
5488
5490
5493
5515
5517
5520
5529
5535
5536
5551
5554
5578
5581
5650
5652
5655
5659
5662
5670
5671
5673
5677
5679
5680
5682
5686
5697
5698
5700
5704
5733
5734
5736
5740
5893
5895
5898
5902
5905
5913
5914
5916
5920
5932
5940
5941
5965
5968
5979
5986
6003
6127
6130
6132
6138
6148
6181
6183
6418
6424
6426
6472
6561
6562
6564
6565
6568
6570
6571
6573
6574
6577
6582
6583
6586
6588
6589
6591
6592
6595
6597
6598
6600
6609
6610
6618
6622
6624
6625
6627
6631
6634
6642
6643
6645
6646
6649
6651
6652
6654
6658
6661
6663
6664
6669
6670
6672
6676
6678
6679
6681
6694
6697
6700
6705
6706
6708
6709
6712
6744
6750
6751
6753
6754
6759
6760
6766
6769
6771
6772
6780
6786
6789
6793
6796
6804
6805
6807
6808
6811
6813
6814
6816
6820
6825
6826
6831
6832
6834
6835
6838
6840
6841
6843
6852
6853
6867
6868
6870
6874
6885
6886
6888
6889
6894
6895
6906
6907
6912
6913
6987
6993
6994
6996
6997
7002
7003
7009
7012
7014
7015
7036
7039
7072
7074
7081
7086
7099
7102
7128
7129
7131
7135
7137
7138
7140
7144
7155
7156
7158
7162
7191
7192
7194
7198
7290
7291
7293
7294
7297
7299
7300
7302
7303
7306
7311
7312
7317
7318
7320
7321
7324
7326
7327
7329
7338
7339
7353
7354
7356
7360
7371
7372
7374
7375
7378
7380
7381
7383
7387
7392
7393
7398
7399
7401
7405
7434
7435
7437
7441
7479
7480
7482
7483
7488
7489
7500
7501
7533
7534
7536
7540
7542
7543
7545
7549
7560
7561
7563
7567
7596
7597
7599
7603
7857
7858
7860
7864
7866
7867
7869
7873
7876
7882
7884
7885
7887
7891
7920
7921
7923
7927
7930
7947
7957
7972
7977
8004
8092
8100
8101
8103
8107
8119
8152
8155
8262
8263
8265
8266
8271
8272
8283
8284
8289
8290
8292
8293
8298
8299
8310
8311
8343
8344
8346
8347
8352
8353
8364
8365
8395
8398
8409
8436
8437
8443
8445
8451
8452
8454
8455
8460
8461
8472
8473
8517
8518
8526
8541
8542
8544
8553
8622
8623
8625
8748
8749
8751
8752
8755
8757
8758
8760
8761
8764
8769
8775
8776
8778
8782
8784
8785
8787
8811
8812
8814
8818
8829
8830
8832
8833
8836
8838
8839
8841
8845
8856
8857
8859
8863
8892
8893
8895
8899
8991
8992
8994
8998
9000
9001
9003
9007
9018
9019
9021
9025
9054
9055
9057
9061
9165
9166
9174
9180
9181
9201
9246
9247
9255
9315
9316
9318
9322
9324
9325
9327
9331
9342
9343
9345
9349
9373
9378
9379
9381
9382
9385
9408
9409
9417
9454
9463
9477
9478
9481
9486
9487
9489
9490
9498
9513
9514
9516
9558
9559
9562
9567
9568
9687
9697
9706
9720
9721
9724
9729
9730
9768
10102
10111
10137
10138
10146
10183
10192
11259
11260
11263
11268
11269
11286
11287
11352
11353
11361
11367
11368
11388
11433
11434
11442
11560
11569
11595
11596
11604
11641
11650
11664
11665
11667
11671
11673
11674
11676
11680
11691
11692
11694
11698
11727
11728
11730
11734
11745
11746
11748
11752
11754
11755
11757
11761
11772
11773
11775
11779
11808
11809
11811
11815
11907
11908
11910
11914
11916
11917
11919
11923
11934
11935
11937
11941
11970
11971
11973
11977
11988
11989
11992
11997
11998
12015
12016
12231
12232
12234
12238
12240
12241
12243
12247
12258
12259
12261
12265
12294
12295
12297
12301
15309
15310
15312
15313
15318
15319
15330
15331
15336
15337
15339
15340
15345
15346
15357
15358
15390
15391
15393
15394
15399
15400
15411
15412
15498
15499
15501
15502
15507
15508
15519
15520
15552
15553
15555
15556
15561
15562
15573
15574
15579
15580
15582
15583
15588
15589
15600
15601
15633
15634
15636
15637
15642
15643
15654
15655
15741
15742
15744
15745
15750
15751
15762
15763
16038
16039
16041
16042
16047
16048
16059
16060
16065
16066
16068
16069
16074
16075
16086
16087
16119
16120
16122
16123
16128
16129
16140
16141
16227
16228
16230
16231
16236
16237
16248
16249
17010
17011
17013
17014
17019
17020
17031
17032
17037
17038
17040
17041
17046
17047
17058
17059
17091
17092
17094
17095
17100
17101
17112
17113
17199
17200
17202
17203
17208
17209
17220
17221
19683
19684
19686
19687
19690
19692
19693
19695
19699
19704
19705
19710
19711
19713
19714
19717
19719
19720
19731
19732
19746
19747
19749
19753
19764
19765
19767
19768
19771
19773
19774
19776
19780
19785
19786
19791
19792
19794
19798
19827
19828
19830
19834
19872
19873
19875
19876
19881
19882
19893
19894
19926
19927
19929
19930
19933
19935
19936
19938
19942
19947
19948
19953
19954
19956
19957
19960
19962
19963
19974
19975
19989
19990
19992
19996
20007
20008
20010
20011
20016
20017
20028
20029
20115
20116
20118
20119
20124
20125
20136
20137
20250
20251
20253
20257
20259
20260
20262
20266
20277
20278
20280
20284
20313
20314
20316
20320
20412
20413
20415
20416
20419
20421
20422
20424
20428
20433
20434
20439
20440
20442
20443
20446
20448
20449
20460
20461
20475
20476
20478
20482
20493
20494
20496
20497
20500
20502
20503
20505
20509
20514
20515
20520
20521
20523
20527
20556
20557
20559
20563
20601
20602
20604
20605
20610
20611
20622
20623
20655
20656
20658
20662
20664
20665
20667
20671
20682
20683
20685
20689
20718
20719
20721
20725
20979
20980
20982
20986
20988
20989
20991
20995
21006
21007
21009
21013
21042
21043
21045
21049
21384
21385
21387
21388
21393
21394
21405
21406
21411
21412
21414
21415
21420
21421
21432
21433
21465
21466
21468
21469
21474
21475
21486
21487
21573
21574
21576
21577
21582
21583
21594
21595
21870
21871
21873
21874
21877
21879
21880
21882
21886
21891
21892
21897
21898
21900
21901
21904
21906
21907
21918
21919
21933
21934
21936
21940
21951
21952
21954
21955
21958
21960
21961
21963
21967
21972
21973
21978
21979
21981
21985
22014
22015
22017
22021
22059
22060
22062
22063
22068
22069
22080
22081
22113
22114
22116
22117
22120
22122
22123
22125
22129
22134
22135
22140
22141
22143
22144
22147
22149
22150
22161
22162
22176
22177
22179
22183
22194
22195
22197
22198
22203
22204
22215
22216
22302
22303
22305
22306
22311
22312
22323
22324
22437
22438
22440
22444
22446
22447
22449
22453
22464
22465
22467
22471
22500
22501
22503
22507
22599
22600
22602
22603
22608
22609
22620
22621
22626
22627
22629
22630
22635
22636
22647
22648
22680
22681
22683
22684
22689
22690
22701
22702
22788
22789
22791
22792
22797
22798
22809
22810
23571
23572
23574
23575
23580
23581
23592
23593
23598
23599
23601
23602
23607
23608
23619
23620
23652
23653
23655
23656
23661
23662
23673
23674
23760
23761
23763
23764
23769
23770
23781
23782
24786
24787
24789
24793
24795
24796
24798
24802
24813
24814
24816
24820
24849
24850
24852
24856
24867
24868
24870
24874
24876
24877
24879
24883
24894
24895
24897
24901
24930
24931
24933
24937
25029
25030
25032
25036
25038
25039
25041
25045
25056
25057
25059
25063
25092
25093
25095
25099
25353
25354
25356
25360
25362
25363
25365
25369
25380
25381
25383
25387
25416
25417
25419
25423
26244
26245
26247
26248
26253
26254
26265
26266
26271
26272
26274
26275
26280
26281
26292
26293
26325
26326
26328
26329
26334
26335
26346
26347
26433
26434
26436
26437
26442
26443
26454
26455
26487
26488
26490
26491
26496
26497
26508
26509
26514
26515
26517
26518
26523
26524
26535
26536
26568
26569
26571
26572
26577
26578
26589
26590
26676
26677
26679
26680
26685
26686
26697
26698
26973
26974
26976
26977
26982
26983
26994
26995
27000
27001
27003
27004
27009
27010
27021
27022
27054
27055
27057
27058
27063
27064
27075
27076
27162
27163
27165
27166
27171
27172
27183
27184
27945
27946
27948
27949
27954
27955
27966
27967
27972
27973
27975
27976
27981
27982
27993
27994
28026
28027
28029
28030
28035
28036
28047
28048
28134
28135
28137
28138
28143
28144
28155
28156
45927
45928
45930
45934
45936
45937
45939
45943
45954
45955
45957
45961
45990
45991
45993
45997
46008
46009
46011
46015
46017
46018
46020
46024
46035
46036
46038
46042
46071
46072
46074
46078
46170
46171
46173
46177
46179
46180
46182
46186
46197
46198
46200
46204
46233
46234
46236
46240
46494
46495
46497
46501
46503
46504
46506
46510
46521
46522
46524
46528
46557
46558
46560
46564
46656
46657
46659
46663
46665
46666
46668
46672
46683
46684
46686
46690
46719
46720
46722
46726
46737
46738
46740
46744
46746
46747
46749
46753
46764
46765
46767
46771
46800
46801
46803
46807
46899
46900
46902
46906
46908
46909
46911
46915
46926
46927
46929
46933
46962
46963
46965
46969
47223
47224
47226
47230
47232
47233
47235
47239
47250
47251
47253
47257
47286
47287
47289
47293
48114
48115
48117
48121
48123
48124
48126
48130
48141
48142
48144
48148
48177
48178
48180
48184
48195
48196
48198
48202
48204
48205
48207
48211
48222
48223
48225
48229
48258
48259
48261
48265
48357
48358
48360
48364
48366
48367
48369
48373
48384
48385
48387
48391
48420
48421
48423
48427
48681
48682
48684
48688
48690
48691
48693
48697
48708
48709
48711
48715
48744
48745
48747
48751
51030
51031
51033
51037
51039
51040
51042
51046
51057
51058
51060
51064
51093
51094
51096
51100
51111
51112
51114
51118
51120
51121
51123
51127
51138
51139
51141
51145
51174
51175
51177
51181
51273
51274
51276
51280
51282
51283
51285
51289
51300
51301
51303
51307
51336
51337
51339
51343
51597
51598
51600
51604
51606
51607
51609
51613
51624
51625
51627
51631
51660
51661
51663
51667
59049
59050
59052
59056
59058
59059
59061
59065
59076
59077
59079
59083
59112
59113
59115
59119
59130
59131
59133
59137
59139
59140
59142
59146
59157
59158
59160
59164
59193
59194
59196
59200
59292
59293
59295
59299
59301
59302
59304
59308
59319
59320
59322
59326
59355
59356
59358
59362
59616
59617
59619
59623
59625
59626
59628
59632
59643
59644
59646
59650
59679
59680
59682
59686
59778
59779
59781
59785
59787
59788
59790
59794
59805
59806
59808
59812
59841
59842
59844
59848
59859
59860
59862
59866
59868
59869
59871
59875
59886
59887
59889
59893
59922
59923
59925
59929
60021
60022
60024
60028
60030
60031
60033
60037
60048
60049
60051
60055
60084
60085
60087
60091
60345
60346
60348
60352
60354
60355
60357
60361
60372
60373
60375
60379
60408
60409
60411
60415
61236
61237
61239
61243
61245
61246
61248
61252
61263
61264
61266
61270
61299
61300
61302
61306
61317
61318
61320
61324
61326
61327
61329
61333
61344
61345
61347
61351
61380
61381
61383
61387
61479
61480
61482
61486
61488
61489
61491
61495
61506
61507
61509
61513
61542
61543
61545
61549
61803
61804
61806
61810
61812
61813
61815
61819
61830
61831
61833
61837
61866
61867
61869
61873
64152
64153
64155
64159
64161
64162
64164
64168
64179
64180
64182
64186
64215
64216
64218
64222
64233
64234
64236
64240
64242
64243
64245
64249
64260
64261
64263
64267
64296
64297
64299
64303
64395
64396
64398
64402
64404
64405
64407
64411
64422
64423
64425
64429
64458
64459
64461
64465
64719
64720
64722
64726
64728
64729
64731
64735
64746
64747
64749
64753
64782
64783
64785
64789
65610
65611
65613
65617
65619
65620
65622
65626
65637
65638
65640
65644
65673
65674
65676
65680
65691
65692
65694
65698
65700
65701
65703
65707
65718
65719
65721
65725
65754
65755
65757
65761
65853
65854
65856
65860
65862
65863
65865
65869
65880
65881
65883
65887
65916
65917
65919
65923
66177
66178
66180
66184
66186
66187
66189
66193
66204
66205
66207
66211
66240
66241
66243
66247
66339
66340
66342
66346
66348
66349
66351
66355
66366
66367
66369
66373
66402
66403
66405
66409
66420
66421
66423
66427
66429
66430
66432
66436
66447
66448
66450
66454
66483
66484
66486
66490
66582
66583
66585
66589
66591
66592
66594
66598
66609
66610
66612
66616
66645
66646
66648
66652
66906
66907
66909
66913
66915
66916
66918
66922
66933
66934
66936
66940
66969
66970
66972
66976
67797
67798
67800
67804
67806
67807
67809
67813
67824
67825
67827
67831
67860
67861
67863
67867
67878
67879
67881
67885
67887
67888
67890
67894
67905
67906
67908
67912
67941
67942
67944
67948
68040
68041
68043
68047
68049
68050
68052
68056
68067
68068
68070
68074
68103
68104
68106
68110
68364
68365
68367
68371
68373
68374
68376
68380
68391
68392
68394
68398
68427
68428
68430
68434
70713
70714
70716
70720
70722
70723
70725
70729
70740
70741
70743
70747
70776
70777
70779
70783
70794
70795
70797
70801
70803
70804
70806
70810
70821
70822
70824
70828
70857
70858
70860
70864
70956
70957
70959
70963
70965
70966
70968
70972
70983
70984
70986
70990
71019
71020
71022
71026
71280
71281
71283
71287
71289
71290
71292
71296
71307
71308
71310
71314
71343
71344
71346
71350
78732
78733
78735
78739
78741
78742
78744
78748
78759
78760
78762
78766
78795
78796
78798
78802
78813
78814
78816
78820
78822
78823
78825
78829
78840
78841
78843
78847
78876
78877
78879
78883
78975
78976
78978
78982
78984
78985
78987
78991
79002
79003
79005
79009
79038
79039
79041
79045
79299
79300
79302
79306
79308
79309
79311
79315
79326
79327
79329
79333
79362
79363
79365
79369
79461
79462
79464
79468
79470
79471
79473
79477
79488
79489
79491
79495
79524
79525
79527
79531
79542
79543
79545
79549
79551
79552
79554
79558
79569
79570
79572
79576
79605
79606
79608
79612
79704
79705
79707
79711
79713
79714
79716
79720
79731
79732
79734
79738
79767
79768
79770
79774
80028
80029
80031
80035
80037
80038
80040
80044
80055
80056
80058
80062
80091
80092
80094
80098
80919
80920
80922
80926
80928
80929
80931
80935
80946
80947
80949
80953
80982
80983
80985
80989
81000
81001
81003
81007
81009
81010
81012
81016
81027
81028
81030
81034
81063
81064
81066
81070
81162
81163
81165
81169
81171
81172
81174
81178
81189
81190
81192
81196
81225
81226
81228
81232
81486
81487
81489
81493
81495
81496
81498
81502
81513
81514
81516
81520
81549
81550
81552
81556
83835
83836
83838
83842
83844
83845
83847
83851
83862
83863
83865
83869
83898
83899
83901
83905
83916
83917
83919
83923
83925
83926
83928
83932
83943
83944
83946
83950
83979
83980
83982
83986
84078
84079
84081
84085
84087
84088
84090
84094
84105
84106
84108
84112
84141
84142
84144
84148
84402
84403
84405
84409
84411
84412
84414
84418
84429
84430
84432
84436
84465
84466
84468
84472
