2
4
5
7
8
9
10
11
13
14
16
17
18
19
20
22
23
25
26
28
29
31
32
34
35
36
37
38
40
41
43
44
45
46
47
49
50
52
53
55
56
58
59
61
62
63
64
65
67
68
70
71
72
73
74
76
77
79
80
81
82
83
85
86
88
89
90
91
92
94
95
97
98
99
100
101
103
104
106
107
109
110
112
113
115
116
117
118
119
121
122
124
125
126
127
128
130
131
133
134
136
137
139
140
142
143
144
145
146
148
149
151
152
153
154
155
157
158
160
161
162
163
164
166
167
169
170
171
172
173
175
176
178
179
180
181
182
184
185
187
188
190
193
194
196
197
198
199
200
202
205
206
207
208
209
214
215
217
218
220
221
223
224
225
226
227
229
230
232
233
234
235
236
238
239
241
242
244
247
250
251
252
253
254
257
259
260
261
262
263
265
266
269
271
272
274
275
278
279
280
281
284
286
287
288
289
290
292
293
295
296
298
299
301
302
304
305
306
307
308
310
315
316
317
324
325
326
328
329
331
332
333
334
337
338
340
342
343
344
346
349
350
358
359
360
361
362
364
365
369
370
373
374
377
379
382
383
385
386
387
388
389
391
392
394
395
396
398
400
401
404
405
406
407
409
410
413
414
415
418
419
422
423
424
425
430
431
433
434
436
440
441
442
443
445
446
449
450
451
452
454
455
458
460
463
464
466
467
468
469
470
472
473
475
476
477
478
482
484
485
488
490
495
496
503
504
505
506
508
509
511
512
514
515
517
518
521
522
523
524
526
530
531
532
533
536
538
539
541
542
544
545
547
548
549
550
551
558
559
563
567
568
569
571
572
574
575
576
577
578
583
584
585
586
587
589
590
592
593
595
598
601
602
603
604
605
607
608
610
611
612
613
616
617
619
620
622
625
626
629
630
631
634
635
637
638
639
640
643
644
646
648
649
650
652
653
656
657
658
659
661
662
665
666
667
668
670
671
674
676
677
682
683
684
686
688
689
691
692
693
694
695
697
698
700
701
703
706
707
710
711
712
715
716
719
720
721
724
725
729
730
731
733
734
736
737
738
739
740
742
743
745
746
747
748
749
751
754
755
757
758
763
764
765
766
767
769
770
772
773
774
775
776
778
779
781
782
784
785
787
788
790
791
792
793
794
799
801
802
803
805
808
809
810
811
812
814
815
817
818
819
820
821
823
824
826
827
828
829
830
832
835
836
838
841
842
844
845
846
847
850
851
853
855
856
857
862
865
868
872
873
874
875
877
880
881
882
883
884
886
887
890
891
892
893
899
900
901
902
904
907
909
910
911
913
916
917
919
920
922
923
925
926
927
928
934
935
936
940
941
943
944
946
949
952
953
954
955
956
958
959
961
962
963
964
965
968
970
971
977
980
981
982
985
986
988
989
990
994
998
1000
1003
1004
1008
1009
1010
1013
1015
1016
1017
1018
1021
1022
1024
1025
1030
1031
1033
1034
1035
1036
1037
1044
1045
1046
1049
1053
1054
1057
1058
1061
1062
1063
1066
1067
1069
1070
1072
1073
1078
1079
1089
1090
1093
1094
1098
1099
1102
1103
1106
1109
1111
1112
1115
1116
1123
1125
1126
1127
1129
1134
1135
1136
1138
1139
1142
1143
1144
1145
1147
1148
1150
1151
1153
1154
1156
1157
1160
1162
1166
1168
1169
1170
1181
1190
1193
1196
1197
1202
1204
1206
1210
1213
1214
1219
1220
1223
1224
1225
1232
1237
1241
1250
1251
1253
1255
1259
1260
1261
1262
1267
1268
1270
1271
1274
1277
1278
1282
1283
1286
1287
1288
1291
1292
1294
1295
1296
1297
1305
1313
1314
1315
1318
1319
1322
1327
1328
1330
1331
1332
1333
1336
1341
1342
1343
1345
1346
1349
1352
1358
1359
1363
1364
1367
1368
1369
1372
1373
1377
1378
1379
1382
1385
1386
1387
1390
1394
1395
1396
1418
1422
1423
1426
1427
1429
1430
1435
1438
1442
1444
1445
1447
1453
1454
1458
1459
1460
1466
1467
1468
1469
1475
1476
1477
1478
1483
1484
1490
1492
1493
1494
1499
1504
1505
1507
1508
1511
1513
1514
1516
1517
1519
1520
1523
1530
1531
1532
1539
1540
1541
1548
1549
1550
1556
1557
1558
1559
1561
1562
1564
1565
1567
1570
1571
1573
1574
1575
1576
1579
1580
1584
1585
1586
1591
1592
1594
1601
1611
1620
1621
1622
1624
1629
1630
1631
1633
1634
1638
1639
1640
1643
1645
1646
1651
1654
1655
1656
1657
1660
1663
1664
1665
1666
1672
1673
1675
1681
1682
1683
1684
1685
1692
1693
1694
1724
1736
1738
1741
1744
1745
1750
1751
1753
1754
1762
1763
1764
1765
1766
1773
1774
1775
1817
1825
1826
1834
1835
1838
1843
1844
1845
1846
1847
1852
1853
1854
1855
1856
1880
1881
1882
1897
1898
1901
1906
1907
1910
1915
1916
1918
1919
1924
1925
1926
1927
1928
1933
1935
1936
1937
1942
1954
1961
1962
1963
1970
1972
1978
1979
1987
1988
1991
1996
1997
1999
2000
2005
2006
2007
2008
2009
2011
2012
2016
2017
2018
2025
2026
2027
2034
2035
2036
2042
2043
2044
2045
2050
2051
2059
2060
2061
2062
2069
2070
2078
2080
2086
2087
2088
2089
2090
2096
2097
2098
2106
2107
2108
2113
2115
2116
2117
2124
2125
2126
2131
2132
2135
2138
2140
2141
2142
2143
2144
2150
2151
2155
2156
2164
2167
2169
2170
2171
2173
2174
2182
2183
2219
2222
2223
2228
2233
2236
2237
2245
2246
2249
2255
2263
2268
2269
2272
2281
2282
2294
2297
2315
2320
2321
2324
2327
2330
2336
2338
2339
2340
2341
2347
2349
2350
2356
2358
2359
2375
2378
2392
2393
2396
2401
2402
2405
2419
2421
2422
2428
2447
2448
2449
2456
2459
2465
2473
2474
2477
2482
2483
2486
2495
2500
2501
2502
2509
2554
2555
2563
2564
2572
2573
2574
2575
2576
2581
2582
2583
2584
2585
2609
2610
2611
2627
2628
2629
2630
2632
2633
2635
2636
2637
2638
2644
2645
2653
2654
2655
2656
2657
2662
2664
2665
2666
2671
2690
2691
2692
2699
2709
2710
2713
2714
2716
2717
2718
2719
2725
2726
2734
2735
2736
2737
2738
2745
2746
2747
2754
2755
2756
2763
2764
2765
2772
2773
2774
2779
2780
2788
2789
2835
2836
2837
2844
2845
2846
2853
2854
2855
2860
2861
2869
2870
2916
2917
2920
2921
2924
2925
2926
2929
2930
2952
2953
2956
2957
2961
2962
2988
2989
2997
2998
3001
3002
3005
3006
3007
3010
3011
3033
3034
3037
3038
3042
3043
3208
3209
3212
3217
3218
3221
3240
3241
3244
3245
3248
3249
3250
3253
3254
3276
3277
3280
3281
3285
3286
3289
3290
3293
3298
3299
3302
3321
3322
3325
3326
3329
3330
3331
3334
3335
3338
3357
3358
3361
3362
3366
3367
3371
3374
3379
3383
3388
3392
3393
3394
3398
3419
3424
3428
3433
3434
3438
3439
3442
3443
3447
3448
3474
3475
3645
3646
3649
3650
3653
3654
3655
3658
3659
3662
3681
3682
3685
3686
3690
3691
3695
3698
3703
3717
3718
3726
3727
3730
3731
3734
3735
3736
3739
3740
3743
3748
3752
3755
3757
3758
3762
3763
3766
3767
3771
3772
3773
3778
3779
3782
3788
3793
3796
3797
3798
3799
3803
3805
3807
3808
3814
3816
3817
3833
3836
3958
3960
3961
3967
3986
3987
3988
4004
4007
4010
4013
4014
4015
4016
4019
4021
4022
4025
4027
4039
4041
4042
4048
4050
4051
4055
4059
4060
4063
4067
4091
4095
4096
4100
4103
4108
4112
4117
4121
4122
4123
4127
4153
4157
4162
4163
4166
4167
4168
4169
4175
4192
4193
4194
4195
4196
4198
4202
4203
4204
4208
4212
4213
4219
4221
4222
4229
4230
4231
4234
4238
4243
4244
4247
4248
4249
4250
4256
4273
4274
4275
4276
4277
4279
4283
4284
4285
4289
4293
4294
4298
4300
4302
4303
4306
4310
4319
4322
4328
4331
4334
4337
4338
4339
4343
4346
4351
4354
4356
4357
4358
4481
4484
4502
4507
4508
4511
4525
4527
4528
4534
4536
4537
4543
4545
4546
4558
4562
4565
4567
4568
4572
4573
4598
4603
4607
4608
4609
4613
4639
4643
4648
4649
4653
4654
4658
4662
4663
4667
4670
4675
4687
4689
4690
4696
4698
4699
4703
4707
4708
4711
4715
4716
4717
4733
4736
4742
4745
4750
4751
4754
4768
4770
4771
4777
4895
4898
4904
4921
4923
4924
4925
4941
4942
4948
4950
4951
4958
4959
4960
4976
4979
4985
5103
5104
5110
5112
5113
5129
5132
5150
5155
5156
5159
5164
5166
5167
5168
5184
5185
5191
5193
5194
5210
5213
5231
5236
5237
5240
5254
5256
5257
5263
5265
5266
5272
5274
5275
5282
5291
5294
5314
5315
5318
5323
5324
5327
5337
5338
5363
5372
5416
5418
5419
5425
5444
5445
5446
5462
5465
5471
5474
5479
5480
5483
5497
5499
5500
5506
5544
5545
5548
5549
5553
5554
5580
5581
5606
5615
5625
5626
5629
5630
5634
5635
5661
5662
5832
5833
5836
5837
5840
5841
5842
5845
5846
5868
5869
5872
5873
5877
5878
5904
5905
5913
5914
5917
5918
5921
5922
5923
5926
5927
5949
5950
5953
5954
5958
5959
5985
5986
6011
6020
6043
6044
6047
6052
6053
6056
6066
6067
6092
6101
6273
6274
6277
6278
6282
6283
6309
6310
6335
6344
6354
6355
6358
6359
6363
6364
6390
6391
6561
6562
6563
6565
6566
6568
6569
6570
6571
6572
6574
6575
6578
6579
6580
6581
6586
6587
6590
6595
6596
6597
6598
6601
6602
6606
6607
6608
6611
6613
6614
6617
6619
6622
6624
6625
6626
6633
6634
6642
6643
6644
6646
6647
6649
6650
6651
6652
6653
6655
6656
6659
6660
6661
6662
6664
6667
6668
6673
6674
6676
6677
6678
6679
6682
6683
6687
6688
6704
6709
6713
6714
6715
6719
6723
6724
6725
6732
6733
6734
6741
6742
6743
6748
6749
6757
6758
6766
6767
6770
6775
6776
6779
6784
6785
6786
6787
6788
6793
6795
6796
6797
6802
6821
6822
6823
6830
6833
6847
6848
6851
6853
6854
6856
6857
6860
6862
6863
6865
6866
6867
6868
6869
6876
6877
6878
6885
6886
6889
6890
6893
6894
6895
6898
6899
6921
6922
6925
6926
6930
6931
6934
6935
6938
6943
6944
6947
6966
6967
6970
6971
6974
6975
6976
6979
6980
6983
6984
6985
7001
7004
7007
7010
7011
7012
7016
7019
7024
7027
7028
7029
7030
7031
7033
7036
7037
7038
7039
7043
7045
7064
7065
7066
7069
7073
7078
7079
7082
7083
7084
7085
7091
7108
7110
7111
7112
7128
7129
7135
7137
7138
7145
7146
7147
7154
7163
7166
7172
7177
7178
7181
7186
7187
7190
7209
7210
7213
7214
7217
7218
7219
7222
7223
7226
7235
7258
7259
7262
7267
7268
7271
7290
7291
7292
7294
7295
7297
7298
7299
7300
7301
7303
7304
7307
7308
7309
7310
7315
7316
7319
7324
7325
7326
7327
7330
7331
7335
7336
7337
7340
7342
7343
7346
7348
7351
7353
7354
7355
7362
7363
7371
7372
7373
7375
7376
7378
7379
7380
7381
7382
7384
7385
7388
7389
7390
7391
7393
7396
7397
7402
7403
7405
7406
7407
7408
7411
7412
7416
7417
7433
7438
7442
7443
7444
7448
7452
7453
7454
7461
7462
7463
7470
7471
7472
7474
7477
7478
7483
7484
7486
7487
7488
7489
7495
7496
7504
7505
7513
7514
7515
7516
7517
7519
7523
7524
7525
7526
7529
7555
7559
7564
7565
7569
7570
7574
7576
7577
7578
7579
7582
7583
7585
7586
7591
7592
7594
7595
7596
7597
7598
7605
7606
7607
7614
7615
7618
7619
7622
7623
7624
7627
7628
7631
7650
7651
7654
7655
7659
7660
7663
7664
7667
7672
7673
7676
7695
7696
7699
7700
7703
7704
7705
7708
7709
7838
7843
7847
7848
7849
7853
7879
7883
7888
7889
7893
7894
7919
7924
7928
7929
7930
7934
7938
7939
7943
7947
7948
7951
7955
7979
7983
7984
7988
7991
7996
8019
8020
8021
8028
8029
8030
8037
8038
8039
8044
8045
8053
8054
8100
8101
8102
8109
8110
8111
8118
8119
8120
8125
8126
8134
8135
8181
8182
8183
8190
8191
8192
8199
8200
8201
8203
8206
8207
8212
8213
8215
8216
8217
8218
8224
8225
8233
8234
8242
8243
8244
8245
8246
8248
8252
8253
8254
8255
8258
8284
8288
8293
8294
8298
8299
8303
8305
8306
8307
8308
8312
8314
8315
8320
8323
8324
8325
8326
8327
8334
8335
8336
8343
8344
8348
8352
8353
8356
8360
8386
8387
8395
8396
8404
8405
8406
8407
8408
8415
8416
8417
8467
8468
8476
8477
8485
8486
8487
8488
8489
8496
8497
8498
8548
8549
8557
8558
8566
8567
8568
8569
8570
8572
8576
8577
8578
8579
8582
8586
8587
8588
8595
8596
8597
8604
8605
8606
8608
8611
8612
8617
8618
8620
8621
8622
8623
8648
8653
8657
8658
8659
8663
8667
8668
8669
8672
8676
8677
8678
8680
8684
8685
8686
8687
8692
8693
8701
8702
8708
8712
8713
8717
8720
8725
8932
8936
8941
8942
8946
8947
8972
8977
8981
8982
8983
8987
9013
9017
9022
9023
9027
9028
9032
9036
9037
9041
9044
9049
9072
9073
9077
9081
9082
9085
9089
9113
9115
9116
9117
9118
9122
9124
9125
9130
9133
9134
9135
9136
9137
9144
9145
9146
9153
9154
9158
9162
9163
9166
9170
9189
9190
9193
9194
9196
9197
9198
9199
9203
9205
9206
9211
9214
9215
9216
9217
9218
9220
9224
9225
9226
9227
9230
9251
9256
9260
9265
9266
9270
9271
9274
9275
9277
9278
9279
9280
9286
9287
9295
9296
9297
9298
9299
9306
9307
9308
9315
9316
9317
9324
9325
9326
9333
9334
9335
9340
9341
9349
9350
9396
9397
9398
9405
9406
9407
9414
9415
9416
9421
9422
9430
9431
9477
9478
9481
9482
9485
9486
9487
9490
9491
9494
9513
9514
9517
9518
9522
9523
9527
9530
9535
9549
9550
9558
9559
9562
9563
9566
9567
9568
9571
9572
9575
9580
9584
9589
9590
9594
9595
9598
9599
9603
9604
9620
9625
9629
9630
9631
9635
9769
9770
9773
9778
9779
9782
9801
9802
9805
9806
9809
9810
9811
9814
9815
9837
9838
9841
9842
9846
9847
9850
9851
9854
9859
9860
9863
9882
9883
9886
9887
9890
9891
9892
9895
9896
9918
9919
9922
9923
9927
9928
9954
9955
9980
9989
9999
10000
10003
10004
10008
10009
10035
10036
10206
10207
10210
10211
10214
10215
10216
10219
10220
10242
10243
10246
10247
10251
10252
10278
10279
10287
10288
10291
10292
10295
10296
10297
10300
10301
10323
10324
10327
10328
10332
10333
11483
11488
11492
11493
11494
11498
11524
11528
11533
11534
11538
11539
11564
11569
11573
11574
11575
11579
11583
11584
11588
11592
11593
11596
11600
11624
11628
11629
11633
11636
11641
11848
11852
11857
11858
11862
11863
11888
11893
11897
11898
11899
11903
11929
11933
11938
11939
11943
11944
11948
11952
11953
11957
11960
11965
11988
11989
11993
11997
11998
12001
12005
12212
12217
12221
12222
12223
12227
12253
12257
12262
12263
12267
12268
12293
12298
12302
12303
12304
12308
12312
12313
12317
12321
12322
12325
12329
12353
12357
12358
12362
12365
12370
12393
12394
12398
12402
12403
12406
12410
12434
12438
12439
12443
12446
12451
12474
12475
12479
12483
12484
12487
12491
12496
12500
12505
12506
12510
12511
12536
12541
12545
12546
12547
12551
12758
12762
12763
12767
12770
12775
12798
12799
12803
12807
12808
12811
12815
12839
12843
12844
12848
12851
12856
12860
12865
12869
12870
12871
12875
12901
12905
12910
12911
12915
12916
13122
13123
13124
13131
13132
13133
13140
13141
13142
13147
13148
13156
13157
13203
13204
13205
13212
13213
13214
13221
13222
13223
13228
13229
13237
13238
13284
13285
13286
13293
13294
13295
13302
13303
13304
13309
13310
13318
13319
13327
13328
13336
13337
13345
13346
13347
13348
13349
13356
13357
13358
13408
13409
13417
13418
13426
13427
13428
13429
13430
13437
13438
13439
13851
13852
13853
13860
13861
13862
13869
13870
13871
13876
13877
13885
13886
13932
13933
13934
13941
13942
13943
13950
13951
13952
13957
13958
13966
13967
14013
14014
14015
14022
14023
14024
14031
14032
14033
14038
14039
14047
14048
14056
14057
14065
14066
14074
14075
14076
14077
14078
14085
14086
14087
14137
14138
14146
14147
14155
14156
14157
14158
14159
14166
14167
14168
14580
14581
14582
14589
14590
14591
14598
14599
14600
14605
14606
14614
14615
14661
14662
14663
14670
14671
14672
14679
14680
14681
14686
14687
14695
14696
14742
14743
14744
14751
14752
14753
14760
14761
14762
14767
14768
14776
14777
14785
14786
14794
14795
14803
14804
14805
14806
14807
14814
14815
14816
14866
14867
14875
14876
14884
14885
14886
14887
14888
14895
14896
14897
14947
14948
14956
14957
14965
14966
14967
14968
14969
14976
14977
14978
15028
15029
15037
15038
15046
15047
15048
15049
15050
15057
15058
15059
15109
15110
15118
15119
15127
15128
15129
15130
15131
15138
15139
15140
15147
15148
15149
15156
15157
15158
15165
15166
15167
15172
15173
15181
15182
15228
15229
15230
15237
15238
15239
15246
15247
15248
15253
15254
15262
15263
15676
15677
15685
15686
15694
15695
15696
15697
15698
15705
15706
15707
15757
15758
15766
15767
15775
15776
15777
15778
15779
15786
15787
15788
15838
15839
15847
15848
15856
15857
15858
15859
15860
15867
15868
15869
15876
15877
15878
15885
15886
15887
15894
15895
15896
15901
15902
15910
15911
15957
15958
15959
15966
15967
15968
15975
15976
15977
15982
15983
15991
15992
16405
16406
16414
16415
16423
16424
16425
16426
16427
16434
16435
16436
16486
16487
16495
16496
16504
16505
16506
16507
16508
16515
16516
16517
16567
16568
16576
16577
16585
16586
16587
16588
16589
16596
16597
16598
16605
16606
16607
16614
16615
16616
16623
16624
16625
16630
16631
16639
16640
16686
16687
16688
16695
16696
16697
16704
16705
16706
16711
16712
16720
16721
17134
17135
17143
17144
17152
17153
17154
17155
17156
17163
17164
17165
17215
17216
17224
17225
17233
17234
17235
17236
17237
17244
17245
17246
17296
17297
17305
17306
17314
17315
17316
17317
17318
17325
17326
17327
17334
17335
17336
17343
17344
17345
17352
17353
17354
17359
17360
17368
17369
17415
17416
17417
17424
17425
17426
17433
17434
17435
17440
17441
17449
17450
17863
17864
17872
17873
17881
17882
17883
17884
17885
17892
17893
17894
17944
17945
17953
17954
17962
17963
17964
17965
17966
17973
17974
17975
18025
18026
18034
18035
18043
18044
18045
18046
18047
18054
18055
18056
18063
18064
18065
18072
18073
18074
18081
18082
18083
18088
18089
18097
18098
18144
18145
18146
18153
18154
18155
18162
18163
18164
18169
18170
18178
18179
18225
18226
18227
18234
18235
18236
18243
18244
18245
18250
18251
18259
18260
18306
18307
18308
18315
18316
18317
18324
18325
18326
18331
18332
18340
18341
18387
18388
18389
18396
18397
18398
18405
18406
18407
18412
18413
18421
18422
18430
18431
18439
18440
18448
18449
18450
18451
18452
18459
18460
18461
18511
18512
18520
18521
18529
18530
18531
18532
18533
18540
18541
18542
18954
18955
18956
18963
18964
18965
18972
18973
18974
18979
18980
18988
18989
19035
19036
19037
19044
19045
19046
19053
19054
19055
19060
19061
19069
19070
19116
19117
19118
19125
19126
19127
19134
19135
19136
19141
19142
19150
19151
19159
19160
19168
19169
19177
19178
19179
19180
19181
19188
19189
19190
19240
19241
19249
19250
19258
19259
19260
19261
19262
19269
19270
19271
22966
22967
22975
22976
22984
22985
22986
22987
22988
22995
22996
22997
23047
23048
23056
23057
23065
23066
23067
23068
23069
23076
23077
23078
23128
23129
23137
23138
23146
23147
23148
23149
23150
23157
23158
23159
23166
23167
23168
23175
23176
23177
23184
23185
23186
23191
23192
23200
23201
23247
23248
23249
23256
23257
23258
23265
23266
23267
23272
23273
23281
23282
23695
23696
23704
23705
23713
23714
23715
23716
23717
23724
23725
23726
23776
23777
23785
23786
23794
23795
23796
23797
23798
23805
23806
23807
23857
23858
23866
23867
23875
23876
23877
23878
23879
23886
23887
23888
23895
23896
23897
23904
23905
23906
23913
23914
23915
23920
23921
23929
23930
23976
23977
23978
23985
23986
23987
23994
23995
23996
24001
24002
24010
24011
24424
24425
24433
24434
24442
24443
24444
24445
24446
24453
24454
24455
24505
24506
24514
24515
24523
24524
24525
24526
24527
24534
24535
24536
24586
24587
24595
24596
24604
24605
24606
24607
24608
24615
24616
24617
24624
24625
24626
24633
24634
24635
24642
24643
24644
24649
24650
24658
24659
24705
24706
24707
24714
24715
24716
24723
24724
24725
24730
24731
24739
24740
24786
24787
24788
24795
24796
24797
24804
24805
24806
24811
24812
24820
24821
24867
24868
24869
24876
24877
24878
24885
24886
24887
24892
24893
24901
24902
24948
24949
24950
24957
24958
24959
24966
24967
24968
24973
24974
24982
24983
24991
24992
25000
25001
25009
25010
25011
25012
25013
25020
25021
25022
25072
25073
25081
25082
25090
25091
25092
25093
25094
25101
25102
25103
25515
25516
25517
25524
25525
25526
25533
25534
25535
25540
25541
25549
25550
25596
25597
25598
25605
25606
25607
25614
25615
25616
25621
25622
25630
25631
25677
25678
25679
25686
25687
25688
25695
25696
25697
25702
25703
25711
25712
25720
25721
25729
25730
25738
25739
25740
25741
25742
25749
25750
25751
25801
25802
25810
25811
25819
25820
25821
25822
25823
25830
25831
25832
