2
3
4
5
6
7
8
9
10
11
12
13
14
15
16
17
18
19
20
21
22
23
24
25
26
27
28
29
30
31
32
33
34
35
36
37
38
39
40
41
42
43
44
45
46
47
48
49
50
51
52
53
54
55
56
57
58
59
60
61
62
63
64
65
66
67
68
69
70
71
72
73
74
75
76
77
78
79
80
81
82
83
84
85
86
87
88
89
90
91
92
93
94
95
96
97
98
99
100
101
102
103
104
105
106
107
108
109
110
111
112
113
114
115
116
117
118
119
120
121
122
123
124
125
126
127
128
129
130
131
132
133
134
135
136
137
138
139
140
141
142
143
144
145
146
147
148
149
150
151
152
153
154
155
156
157
158
159
160
161
162
163
164
165
166
167
168
169
170
171
172
173
174
175
176
177
178
179
180
181
182
183
184
185
186
187
188
189
190
191
192
193
194
195
196
197
198
199
200
201
202
203
204
205
206
207
208
209
210
211
212
213
214
215
216
217
218
219
220
221
222
223
224
225
226
227
228
229
230
231
232
233
234
235
236
237
238
239
240
241
242
243
244
245
246
247
248
249
250
251
252
253
254
255
256
257
258
259
260
261
262
263
264
265
266
267
268
269
270
271
272
273
274
275
276
277
278
279
280
281
282
283
284
285
286
287
288
289
290
291
292
293
294
295
296
297
298
299
300
301
302
303
304
305
306
307
308
309
310
311
312
313
314
315
316
317
318
319
320
321
322
323
324
325
326
327
328
329
330
331
332
333
334
335
336
337
338
339
340
341
342
343
344
345
346
347
348
349
350
351
352
353
354
355
356
357
358
359
360
361
362
365
366
367
368
369
370
371
372
373
374
375
376
377
378
379
380
381
382
383
384
385
386
387
388
389
390
391
392
393
394
395
396
397
398
399
400
401
402
403
404
405
406
407
408
409
410
411
412
413
414
415
416
417
418
419
420
421
422
423
424
425
426
427
428
429
430
431
432
433
434
435
436
437
438
439
440
441
442
443
444
445
446
447
448
449
450
451
452
453
454
455
456
457
458
459
460
461
462
463
464
465
466
467
468
469
470
471
472
473
474
475
476
477
478
479
480
481
482
483
484
485
486
487
488
489
490
491
492
493
494
495
496
497
498
499
500
501
502
503
504
505
506
507
508
509
510
511
512
513
514
515
516
517
518
519
520
521
522
523
524
525
526
527
528
529
530
531
532
533
534
535
536
537
538
539
540
541
542
543
544
545
546
547
548
549
550
551
552
553
554
555
556
557
558
559
560
561
562
563
564
565
566
567
568
569
570
571
572
573
574
575
576
577
578
579
580
581
582
583
584
585
586
587
588
589
590
591
592
593
594
595
596
597
598
599
600
601
602
603
604
605
606
608
609
610
611
612
613
614
615
616
617
618
619
620
621
622
623
624
625
626
627
628
629
630
631
632
633
634
635
636
637
638
639
640
641
642
643
644
645
646
647
648
649
650
651
652
653
654
655
656
657
658
659
660
661
662
663
664
665
666
667
668
669
670
671
672
673
674
675
676
677
678
679
680
681
682
683
684
685
686
687
689
690
691
692
693
694
695
696
697
698
699
700
701
702
703
704
705
706
707
708
709
710
711
712
713
714
715
716
717
718
719
720
721
729
730
731
732
733
734
735
736
737
738
739
740
741
742
743
744
745
746
747
748
749
750
751
752
753
754
755
756
757
758
759
760
761
762
763
764
765
766
767
768
770
771
772
773
774
775
776
777
778
779
780
781
782
783
784
785
786
787
788
789
790
791
792
793
794
795
796
797
798
799
800
801
802
803
804
805
806
807
808
809
810
811
812
813
814
815
816
817
818
819
820
821
822
823
824
825
826
827
828
829
830
831
832
833
834
835
836
837
838
839
840
842
843
844
845
846
847
848
849
851
852
853
854
855
856
857
858
859
860
861
862
863
864
865
866
867
868
869
870
871
872
873
874
875
876
877
878
879
880
881
882
883
884
885
886
887
888
889
891
892
893
894
895
896
897
898
899
900
901
902
903
904
905
906
907
908
909
910
911
912
913
914
915
916
918
919
920
921
922
923
924
925
926
927
928
929
930
932
933
934
935
936
937
938
939
940
941
942
943
944
945
946
947
948
949
950
951
952
953
954
955
956
957
958
959
960
961
962
963
964
965
966
967
968
969
972
973
974
975
976
977
978
979
980
981
982
983
984
985
986
987
988
989
990
991
992
993
994
995
996
997
998
999
1000
1001
1002
1003
1004
1005
1006
1007
1008
1009
1010
1011
1013
1014
1015
1016
1017
1018
1019
1020
1021
1022
1023
1024
1025
1026
1027
1028
1029
1030
1031
1032
1033
1035
1036
1037
1038
1039
1040
1041
1042
1043
1044
1045
1046
1047
1048
1049
1050
1053
1054
1055
1056
1057
1058
1059
1061
1062
1063
1064
1065
1066
1067
1068
1071
1072
1073
1074
1075
1076
1077
1079
1080
1081
1082
1083
1084
1086
1094
1095
1096
1097
1098
1099
1100
1101
1102
1103
1104
1105
1106
1107
1108
1109
1110
1111
1112
1113
1115
1116
1117
1118
1119
1120
1121
1122
1123
1124
1125
1126
1127
1128
1129
1130
1131
1132
1134
1135
1136
1137
1138
1139
1140
1141
1142
1143
1144
1145
1146
1147
1148
1149
1150
1151
1152
1153
1154
1155
1157
1158
1159
1160
1161
1162
1163
1164
1165
1166
1167
1168
1169
1170
1171
1172
1173
1175
1176
1177
1178
1179
1180
1181
1182
1183
1184
1185
1186
1187
1188
1189
1190
1191
1192
1193
1194
1195
1196
1197
1198
1199
1200
1202
1203
1204
1205
1206
1207
1208
1209
1210
1212
1215
1216
1217
1218
1219
1220
1221
1222
1223
1224
1225
1226
1227
1228
1229
1230
1231
1232
1233
1234
1235
1236
1237
1238
1239
1240
1241
1242
1243
1244
1245
1246
1247
1248
1249
1250
1251
1252
1253
1254
1256
1257
1258
1259
1260
1261
1262
1263
1264
1265
1266
1267
1268
1269
1270
1271
1272
1273
1274
1275
1276
1277
1278
1279
1280
1281
1282
1283
1284
1285
1286
1287
1288
1289
1290
1291
1292
1293
1294
1296
1297
1298
1299
1300
1301
1302
1303
1304
1305
1306
1307
1308
1309
1310
1311
1312
1313
1314
1315
1316
1317
1318
1319
1320
1321
1322
1323
1324
1325
1326
1327
1328
1329
1330
1331
1332
1333
1334
1335
1337
1338
1339
1340
1341
1342
1343
1344
1345
1346
1347
1348
1349
1350
1351
1352
1353
1354
1355
1356
1357
1358
1359
1360
1361
1362
1363
1364
1365
1366
1367
1368
1369
1370
1371
1372
1373
1374
1375
1377
1378
1379
1380
1381
1382
1383
1384
1385
1386
1387
1388
1389
1391
1392
1393
1394
1395
1396
1397
1398
1399
1400
1401
1402
1403
1404
1405
1406
1407
1408
1409
1410
1411
1412
1413
1414
1415
1416
1418
1419
1420
1421
1422
1423
1424
1425
1426
1427
1428
1429
1431
1432
1433
1434
1435
1436
1437
1439
1440
1441
1442
1458
1459
1460
1461
1462
1463
1464
1465
1466
1467
1468
1469
1470
1471
1472
1473
1474
1475
1476
1477
1478
1479
1480
1481
1482
1483
1485
1486
1487
1488
1489
1490
1491
1492
1493
1494
1495
1496
1497
1499
1500
1501
1502
1503
1504
1505
1506
1507
1508
1509
1510
1512
1513
1514
1515
1516
1517
1518
1519
1520
1521
1522
1523
1524
1526
1527
1528
1529
1530
1531
1532
1533
1534
1535
1536
1537
1539
1540
1541
1542
1543
1544
1545
1546
1547
1548
1549
1550
1551
1552
1553
1554
1555
1556
1557
1558
1559
1560
1561
1562
1563
1564
1566
1567
1568
1569
1571
1572
1573
1575
1576
1577
1578
1581
1584
1585
1586
1587
1589
1590
1591
1593
1594
1595
1596
1597
1598
1599
1600
1601
1602
1603
1604
1605
1606
1607
1608
1609
1610
1611
1612
1613
1614
1615
1616
1617
1620
1621
1622
1623
1624
1625
1626
1627
1628
1629
1630
1631
1632
1633
1634
1635
1636
1637
1638
1639
1640
1641
1642
1643
1644
1645
1647
1648
1649
1650
1651
1652
1653
1654
1655
1656
1657
1658
1659
1662
1663
1664
1665
1666
1667
1668
1669
1670
1671
1672
1674
1675
1676
1677
1679
1680
1681
1683
1684
1685
1686
1687
1688
1689
1690
1694
1695
1696
1697
1698
1701
1702
1703
1704
1705
1706
1707
1708
1709
1710
1711
1712
1713
1714
1715
1716
1717
1718
1719
1720
1721
1722
1723
1724
1725
1726
1728
1729
1730
1731
1732
1733
1734
1735
1736
1737
1738
1739
1743
1744
1745
1746
1747
1748
1749
1750
1751
1752
1753
1755
1756
1757
1758
1759
1760
1761
1762
1763
1764
1765
1766
1767
1768
1769
1770
1771
1772
1773
1774
1775
1776
1777
1778
1779
1782
1783
1784
1785
1786
1787
1788
1789
1790
1791
1792
1793
1794
1795
1796
1797
1798
1799
1800
1801
1802
1803
1804
1805
1809
1810
1811
1812
1823
1824
1825
1826
1827
1828
1830
1831
1832
1833
1834
1835
1836
1837
1838
1839
1840
1841
1842
1843
1844
1845
1846
1847
1848
1849
1850
1851
1852
1853
1854
1855
1856
1857
1858
1859
1860
1863
1864
1865
1866
1867
1868
1869
1870
1871
1872
1873
1874
1875
1876
1877
1878
1879
1880
1881
1882
1883
1884
1885
1886
1887
1888
1889
1890
1891
1892
1893
1894
1895
1896
1897
1898
1899
1900
1901
1904
1905
1906
1907
1908
1909
1910
1911
1912
1913
1914
1915
1916
1917
1918
1919
1920
1922
1923
1924
1926
1927
1928
1929
1931
1932
1933
1934
1935
1936
1938
1944
1945
1946
1947
1949
1950
1951
1952
1953
1954
1955
1956
1958
1959
1960
1961
1962
1963
1964
1965
1967
1968
1969
1970
1971
1972
1973
1974
1976
1977
1978
1979
1989
1990
1991
1992
1994
1995
1996
1998
1999
2000
2001
2003
2004
2005
2007
2008
2009
2010
2012
2013
2014
2025
2026
2027
2028
2030
2031
2032
2033
2034
2035
2036
2037
2039
2040
2041
2042
2043
2044
2045
2046
2048
2049
2050
2051
2052
2053
2054
2055
2057
2058
2059
2060
2066
2067
2068
2069
2070
2071
2072
2073
2075
2076
2077
2078
2079
2080
2081
2082
2084
2085
2086
2088
2089
2090
2091
2093
2094
2095
2096
2097
2098
2100
2106
2107
2109
2111
2112
2113
2114
2115
2116
2118
2120
2121
2122
2123
2129
2130
2131
2132
2133
2134
2136
2138
2139
2140
2141
2187
2188
2189
2190
2191
2192
2193
2194
2195
2196
2197
2198
2199
2201
2202
2203
2204
2205
2206
2207
2208
2209
2210
2211
2212
2213
2214
2215
2216
2217
2218
2219
2220
2221
2222
2223
2224
2225
2228
2229
2230
2231
2232
2233
2234
2235
2236
2237
2238
2239
2240
2241
2242
2243
2244
2245
2246
2247
2248
2249
2250
2251
2252
2253
2255
2256
2257
2258
2259
2260
2261
2262
2263
2264
2268
2269
2270
2271
2272
2273
2274
2275
2276
2277
2278
2279
2280
2282
2283
2284
2285
2286
2287
2288
2289
2290
2291
2292
2293
2294
2295
2296
2297
2298
2300
2301
2302
2303
2309
2310
2311
2312
2313
2314
2315
2316
2318
2319
2320
2321
2322
2323
2324
2325
2326
2327
2328
2329
2330
2331
2332
2333
2334
2336
2337
2338
2339
2340
2341
2342
2343
2344
2345
2349
2350
2351
2352
2353
2354
2355
2356
2357
2358
2359
2360
2361
2363
2364
2365
2366
2367
2368
2369
2370
2371
2372
2373
2374
2376
2377
2378
2379
2380
2381
2382
2383
2384
2385
2386
2387
2390
2391
2392
2393
2394
2395
2396
2397
2398
2399
2400
2401
2402
2403
2404
2405
2406
2408
2409
2410
2412
2413
2414
2415
2417
2418
2419
2420
2421
2422
2424
2430
2431
2432
2433
2434
2435
2436
2437
2438
2439
2440
2441
2442
2444
2445
2446
2447
2448
2449
2450
2451
2452
2453
2454
2455
2456
2457
2458
2459
2460
2461
2462
2463
2464
2465
2466
2467
2468
2471
2472
2473
2474
2475
2476
2477
2478
2479
2480
2481
2482
2483
2484
2485
2486
2487
2488
2489
2490
2491
2492
2493
2494
2495
2496
2498
2499
2500
2501
2502
2503
2504
2505
2506
2507
2511
2512
2513
2514
2515
2516
2517
2518
2519
2520
2521
2522
2526
2527
2528
2529
2530
2531
2532
2533
2534
2552
2553
2554
2555
2556
2557
2559
2561
2562
2563
2564
2565
2566
2567
2568
2569
2570
2571
2572
2573
2574
2575
2576
2577
2579
2580
2581
2582
2583
2584
2585
2586
2587
2588
2592
2593
2594
2595
2596
2597
2598
2599
2600
2601
2602
2603
2604
2606
2607
2608
2609
2610
2611
2612
2613
2614
2615
2616
2617
2618
2619
2620
2621
2622
2623
2624
2625
2626
2627
2628
2629
2630
2633
2634
2635
2636
2637
2638
2639
2640
2641
2642
2643
2644
2645
2646
2647
2648
2649
2651
2652
2653
2655
2656
2657
2658
2660
2661
2662
2663
2664
2665
2667
2673
2674
2675
2676
2677
2678
2679
2680
2681
2682
2683
2684
2685
2687
2688
2689
2690
2691
2692
2693
2694
2695
2696
2697
2698
2699
2700
2701
2702
2703
2704
2705
2706
2707
2708
2709
2710
2711
2715
2716
2717
2718
2719
2720
2721
2722
2723
2724
2725
2727
2728
2729
2730
2731
2732
2733
2734
2735
2736
2737
2738
2739
2741
2742
2743
2744
2745
2746
2747
2748
2749
2750
2754
2755
2756
2757
2758
2759
2760
2761
2762
2763
2764
2765
2766
2768
2769
2770
2771
2772
2773
2774
2775
2776
2777
2778
2779
2780
2781
2782
2783
2784
2786
2787
2788
2789
2795
2796
2797
2798
2799
2800
2801
2802
2804
2805
2806
2807
2808
2809
2810
2811
2812
2813
2814
2815
2816
2817
2818
2819
2820
2822
2823
2824
2825
2826
2827
2828
2829
2830
2831
2835
2836
2837
2838
2839
2840
2841
2842
2843
2844
2845
2846
2847
2849
2850
2851
2852
2853
2854
2855
2856
2857
2858
2859
2860
2861
2862
2863
2864
2865
2866
2867
2868
2869
2870
2871
2872
2873
2877
2878
2879
2880
2881
2882
2883
2884
2885
2916
2917
2918
2919
2920
2921
2922
2923
2924
2925
2926
2927
2931
2932
2933
2934
2935
2936
2937
2938
2939
2943
2944
2945
2946
2947
2948
2949
2950
2951
2952
2953
2954
2958
2959
2960
2961
2962
2963
2964
2965
2966
2970
2971
2972
2973
2974
2975
2976
2977
2978
2979
2980
2981
2985
2986
2987
2988
2989
2990
2991
2992
2993
2997
2998
2999
3000
3001
3002
3003
3004
3005
3006
3007
3008
3012
3013
3014
3015
3016
3017
3018
3019
3020
3051
3052
3053
3054
3055
3056
3057
3058
3059
3060
3061
3062
3066
3067
3068
3069
3070
3071
3072
3073
3074
3078
3079
3080
3081
3082
3083
3084
3085
3086
3087
3088
3089
3093
3094
3095
3096
3097
3098
3099
3100
3101
3105
3106
3107
3108
3109
3110
3111
3112
3113
3114
3115
3116
3120
3121
3122
3123
3124
3125
3126
3127
3128
3281
3282
3283
3284
3285
3286
3288
3290
3291
3292
3293
3294
3295
3297
3303
3304
3306
3308
3309
3310
3311
3312
3313
3315
3321
3322
3324
3326
3327
3328
3329
3330
3331
3333
3335
3336
3337
3338
3344
3345
3346
3347
3348
3349
3351
3353
3354
3355
3356
3362
3363
3364
3365
3366
3367
3369
3371
3372
3373
3374
3375
3376
3378
3384
3385
3387
3389
3390
3391
3392
3393
3394
3396
3402
3403
3405
3407
3408
3409
3410
3411
3412
3414
3416
3417
3418
3419
3425
3426
3427
3428
3429
3430
3432
3434
3435
3436
3437
3483
3484
3486
3488
3489
3490
3491
3492
3493
3495
3497
3498
3499
3500
3506
3507
3508
3509
3510
3511
3513
3515
3516
3517
3518
3524
3525
3526
3527
3528
3529
3531
3533
3534
3535
3536
3537
3538
3540
3546
3547
3549
3551
3552
3553
3554
3555
3556
3558
3564
3565
3567
3569
3570
3571
3572
3573
3574
3576
3578
3579
3580
3581
3587
3588
3589
3590
3591
3592
3594
3596
3597
3598
3599
3645
3646
3647
3648
3650
3651
3652
3653
3654
3655
3656
3657
3659
3660
3661
3662
3663
3664
3665
3666
3668
3669
3670
3671
3672
3673
3674
3675
3677
3678
3679
3680
3686
3687
3688
3689
3690
3691
3692
3693
3695
3696
3697
3698
3699
3700
3701
3702
3704
3705
3706
3708
3709
3710
3711
3713
3714
3715
3716
3717
3718
3720
3726
3727
3728
3729
3731
3732
3733
3734
3735
3736
3737
3738
3740
3741
3742
3743
3744
3745
3746
3747
3749
3750
3751
3752
3753
3754
3755
3756
3758
3759
3760
3761
3767
3768
3769
3770
3771
3772
3773
3774
3776
3777
3778
3779
3780
3781
3782
3783
3785
3786
3787
3789
3790
3791
3792
3794
3795
3796
3797
3798
3799
3801
3807
3808
3809
3810
3812
3813
3814
3816
3817
3818
3819
3821
3822
3823
3825
3826
3827
3828
3830
3831
3832
3834
3835
3836
3837
3839
3840
3841
3848
3849
3850
3851
3852
3853
3854
3855
3857
3858
3859
3860
3861
3862
3863
3864
3866
3867
3868
3870
3871
3872
3873
3875
3876
3877
3878
3879
3880
3882
3888
3889
3890
3891
3893
3894
3895
3896
3897
3898
3899
3900
3902
3903
3904
3905
3906
3907
3908
3909
3911
3912
3913
3914
3915
3916
3917
3918
3920
3921
3922
3923
3929
3930
3931
3932
3933
3934
3935
3936
3938
3939
3940
3941
3942
3943
3944
3945
3947
3948
3949
3951
3952
3953
3954
3956
3957
3958
3959
3960
3961
3963
4010
4011
4012
4013
4014
4015
4017
4019
4020
4021
4022
4023
4024
4026
4032
4033
4035
4037
4038
4039
4040
4041
4042
4044
4050
4051
4052
4053
4055
4056
4057
4058
4059
4060
4061
4062
4064
4065
4066
4067
4068
4069
4070
4071
4073
4074
4075
4076
4077
4078
4079
4080
4082
4083
4084
4085
4091
4092
4093
4094
4095
4096
4097
4098
4100
4101
4102
4103
4104
4105
4106
4107
4109
4110
4111
4113
4114
4115
4116
4118
4119
4120
4121
4122
4123
4125
4131
4132
4133
4134
4136
4137
4138
4139
4140
4141
4142
4143
4145
4146
4147
4148
4149
4150
4151
4152
4154
4155
4156
4157
4158
4159
4160
4161
4163
4164
4165
4166
4176
4177
4178
4179
4181
4182
4183
4185
4186
4187
4188
4190
4191
4192
4194
4195
4196
4197
4199
4200
4201
4212
4213
4214
4215
4217
4218
4219
4220
4221
4222
4223
4224
4226
4227
4228
4229
4230
4231
4232
4233
4235
4236
4237
4238
4239
4240
4241
4242
4244
4245
4246
4247
4253
4254
4255
4256
4257
4258
4259
4260
4262
4263
4264
4265
4266
4267
4268
4269
4271
4272
4273
4275
4276
4277
4278
4280
4281
4282
4283
4284
4285
4287
4293
4294
4296
4298
4299
4300
4301
4302
4303
4305
4307
4308
4309
4310
4316
4317
4318
4319
4320
4321
4323
4325
4326
4327
4328
4374
4375
4376
4377
4379
4380
4381
4382
4383
4384
4385
4386
4388
4389
4390
4391
4392
4393
4394
4395
4397
4398
4399
4400
4401
4402
4403
4404
4406
4407
4408
4409
4415
4416
4417
4418
4419
4420
4421
4422
4424
4425
4426
4427
4428
4429
4430
4431
4433
4434
4435
4437
4438
4439
4440
4442
4443
4444
4445
4446
4447
4449
4455
4456
4457
4458
4460
4461
4462
4463
4464
4465
4466
4467
4469
4470
4471
4472
4473
4474
4475
4476
4478
4479
4480
4481
4482
4483
4484
4485
4487
4488
4489
4490
4496
4497
4498
4499
4500
4501
4502
4503
4505
4506
4507
4508
4509
4510
4511
4512
4514
4515
4516
4518
4519
4520
4521
4523
4524
4525
4526
4527
4528
4530
4536
4537
4538
4539
4541
4542
4543
4545
4546
4547
4548
4550
4551
4552
4554
4555
4556
4557
4559
4560
4561
4563
4564
4565
4566
4568
4569
4570
4577
4578
4579
4580
4581
4582
4583
4584
4586
4587
4588
4589
4590
4591
4592
4593
4595
4596
4597
4599
4600
4601
4602
4604
4605
4606
4607
4608
4609
4611
4617
4618
4619
4620
4622
4623
4624
4625
4626
4627
4628
4629
4631
4632
4633
4634
4635
4636
4637
4638
4640
4641
4642
4643
4644
4645
4646
4647
4649
4650
4651
4652
4658
4659
4660
4661
4662
4663
4664
4665
4667
4668
4669
4670
4671
4672
4673
4674
4676
4677
4678
4680
4681
4682
4683
4685
4686
4687
4688
4689
4690
4692
4779
4780
4781
4782
4784
4785
4786
4788
4789
4790
4791
4793
4794
4795
4797
4798
4799
4800
4802
4803
4804
4806
4807
4808
4809
4811
4812
4813
4824
4825
4826
4827
4829
4830
4831
4833
4834
4835
4836
4838
4839
4840
4842
4843
4844
4845
4847
4848
4849
4860
4861
4862
4863
4865
4866
4867
4869
4870
4871
4872
4874
4875
4876
4878
4879
4880
4881
4883
4884
4885
4887
4888
4889
4890
4892
4893
4894
4905
4906
4907
4908
4910
4911
4912
4914
4915
4916
4917
4919
4920
4921
4923
4924
4925
4926
4928
4929
4930
4941
4942
4943
4944
4946
4947
4948
4950
4951
4952
4953
4955
4956
4957
4959
4960
4961
4962
4964
4965
4966
4968
4969
4970
4971
4973
4974
4975
4986
4987
4988
4989
4991
4992
4993
4995
4996
4997
4998
5000
5001
5002
5004
5005
5006
5007
5009
5010
5011
5103
5104
5105
5106
5108
5109
5110
5112
5113
5114
5115
5117
5118
5119
5121
5122
5123
5124
5126
5127
5128
5130
5131
5132
5133
5135
5136
5137
5148
5149
5150
5151
5153
5154
5155
5157
5158
5159
5160
5162
5163
5164
5166
5167
5168
5169
5171
5172
5173
5184
5185
5186
5187
5189
5190
5191
5193
5194
5195
5196
5198
5199
5200
5202
5203
5204
5205
5207
5208
5209
5211
5212
5213
5214
5216
5217
5218
5229
5230
5231
5232
5234
5235
5236
5238
5239
5240
5241
5243
5244
5245
5247
5248
5249
5250
5252
5253
5254
5265
5266
5267
5268
5270
5271
5272
5274
5275
5276
5277
5279
5280
5281
5283
5284
5285
5286
5288
5289
5290
5292
5293
5294
5295
5297
5298
5299
5310
5311
5312
5313
5315
5316
5317
5319
5320
5321
5322
5324
5325
5326
5328
5329
5330
5331
5333
5334
5335
5346
5347
5348
5349
5351
5352
5353
5355
5356
5357
5358
5360
5361
5362
5364
5365
5366
5367
5369
5370
5371
5373
5374
5375
5376
5378
5379
5380
5391
5392
5393
5394
5396
5397
5398
5400
5401
5402
5403
5405
5406
5407
5409
5410
5411
5412
5414
5415
5416
5508
5509
5510
5511
5513
5514
5515
5517
5518
5519
5520
5522
5523
5524
5526
5527
5528
5529
5531
5532
5533
5535
5536
5537
5538
5540
5541
5542
5553
5554
5555
5556
5558
5559
5560
5562
5563
5564
5565
5567
5568
5569
5571
5572
5573
5574
5576
5577
5578
5589
5590
5591
5592
5594
5595
5596
5598
5599
5600
5601
5603
5604
5605
5607
5608
5609
5610
5612
5613
5614
5616
5617
5618
5619
5621
5622
5623
5634
5635
5636
5637
5639
5640
5641
5643
5644
5645
5646
5648
5649
5650
5652
5653
5654
5655
5657
5658
5659
5670
5671
5672
5673
5675
5676
5677
5679
5680
5681
5682
5684
5685
5686
5688
5689
5690
5691
5693
5694
5695
5697
5698
5699
5700
5702
5703
5704
5715
5716
5717
5718
5720
5721
5722
5724
5725
5726
5727
5729
5730
5731
5733
5734
5735
5736
5738
5739
5740
6561
6562
6563
6564
6566
6567
6568
6570
6571
6572
6573
6575
6576
6577
6579
6580
6581
6582
6584
6585
6586
6588
6589
6590
6591
6593
6594
6595
6606
6607
6608
6609
6611
6612
6613
6615
6616
6617
6618
6620
6621
6622
6624
6625
6626
6627
6629
6630
6631
6642
6643
6644
6645
6647
6648
6649
6651
6652
6653
6654
6656
6657
6658
6660
6661
6662
6663
6665
6666
6667
6669
6670
6671
6672
6674
6675
6676
6687
6688
6689
6690
6692
6693
6694
6696
6697
6698
6699
6701
6702
6703
6705
6706
6707
6708
6710
6711
6712
6723
6724
6725
6726
6728
6729
6730
6732
6733
6734
6735
6737
6738
6739
6741
6742
6743
6744
6746
6747
6748
6750
6751
6752
6753
6755
6756
6757
6768
6769
6770
6771
6773
6774
6775
6777
6778
6779
6780
6782
6783
6784
6786
6787
6788
6789
6791
6792
6793
6804
6805
6806
6807
6809
6810
6811
6813
6814
6815
6816
6818
6819
6820
6822
6823
6824
6825
6827
6828
6829
6831
6832
6833
6834
6836
6837
6838
6849
6850
6851
6852
6854
6855
6856
6858
6859
6860
6861
6863
6864
6865
6867
6868
6869
6870
6872
6873
6874
6966
6967
6968
6969
6971
6972
6973
6975
6976
6977
6978
6980
6981
6982
6984
6985
6986
6987
6989
6990
6991
6993
6994
6995
6996
6998
6999
7000
7011
7012
7013
7014
7016
7017
7018
7020
7021
7022
7023
7025
7026
7027
7029
7030
7031
7032
7034
7035
7036
7047
7048
7049
7050
7052
7053
7054
7056
7057
7058
7059
7061
7062
7063
7065
7066
7067
7068
7070
7071
7072
7074
7075
7076
7077
7079
7080
7081
7092
7093
7094
7095
7097
7098
7099
7101
7102
7103
7104
7106
7107
7108
7110
7111
7112
7113
7115
7116
7117
7128
7129
7130
7131
7133
7134
7135
7137
7138
7139
7140
7142
7143
7144
7146
7147
7148
7149
7151
7152
7153
7155
7156
7157
7158
7160
7161
7162
7173
7174
7175
7176
7178
7179
7180
7182
7183
7184
7185
7187
7188
7189
7191
7192
7193
7194
7196
7197
7198
7290
7291
7292
7293
7295
7296
7297
7299
7300
7301
7302
7304
7305
7306
7308
7309
7310
7311
7313
7314
7315
7317
7318
7319
7320
7322
7323
7324
7335
7336
7337
7338
7340
7341
7342
7344
7345
7346
7347
7349
7350
7351
7353
7354
7355
7356
7358
7359
7360
7371
7372
7373
7374
7376
7377
7378
7380
7381
7382
7383
7385
7386
7387
7389
7390
7391
7392
7394
7395
7396
7398
7399
7400
7401
7403
7404
7405
7416
7417
7418
7419
7421
7422
7423
7425
7426
7427
7428
7430
7431
7432
7434
7435
7436
7437
7439
7440
7441
7452
7453
7454
7455
7457
7458
7459
7461
7462
7463
7464
7466
7467
7468
7470
7471
7472
7473
7475
7476
7477
7479
7480
7481
7482
7484
7485
7486
7497
7498
7499
7500
7502
7503
7504
7506
7507
7508
7509
7511
7512
7513
7515
7516
7517
7518
7520
7521
7522
7533
7534
7535
7536
7538
7539
7540
7542
7543
7544
7545
7547
7548
7549
7551
7552
7553
7554
7556
7557
7558
7560
7561
7562
7563
7565
7566
7567
7578
7579
7580
7581
7583
7584
7585
7587
7588
7589
7590
7592
7593
7594
7596
7597
7598
7599
7601
7602
7603
7695
7696
7697
7698
7700
7701
7702
7704
7705
7706
7707
7709
7710
7711
7713
7714
7715
7716
7718
7719
7720
7722
7723
7724
7725
7727
7728
7729
7740
7741
7742
7743
7745
7746
7747
7749
7750
7751
7752
7754
7755
7756
7758
7759
7760
7761
7763
7764
7765
7776
7777
7778
7779
7781
7782
7783
7785
7786
7787
7788
7790
7791
7792
7794
7795
7796
7797
7799
7800
7801
7803
7804
7805
7806
7808
7809
7810
7821
7822
7823
7824
7826
7827
7828
7830
7831
7832
7833
7835
7836
7837
7839
7840
7841
7842
7844
7845
7846
7857
7858
7859
7860
7862
7863
7864
7866
7867
7868
7869
7871
7872
7873
7875
7876
7877
7878
7880
7881
7882
7884
7885
7886
7887
7889
7890
7891
7902
7903
7904
7905
7907
7908
7909
7911
7912
7913
7914
7916
7917
7918
7920
7921
7922
7923
7925
7926
7927
8019
8020
8021
8022
8024
8025
8026
8028
8029
8030
8031
8033
8034
8035
8037
8038
8039
8040
8042
8043
8044
8046
8047
8048
8049
8051
8052
8053
8064
8065
8066
8067
8069
8070
8071
8073
8074
8075
8076
8078
8079
8080
8082
8083
8084
8085
8087
8088
8089
8100
8101
8102
8103
8105
8106
8107
8109
8110
8111
8112
8114
8115
8116
8118
8119
8120
8121
8123
8124
8125
8127
8128
8129
8130
8132
8133
8134
8145
8146
8147
8148
8150
8151
8152
8154
8155
8156
8157
8159
8160
8161
8163
8164
8165
8166
8168
8169
8170
8181
8182
8183
8184
8186
8187
8188
8190
8191
8192
8193
8195
8196
8197
8199
8200
8201
8202
8204
8205
8206
8208
8209
8210
8211
8213
8214
8215
8226
8227
8228
8229
8231
8232
8233
8235
8236
8237
8238
8240
8241
8242
8244
8245
8246
8247
8249
8250
8251
8262
8263
8264
8265
8267
8268
8269
8271
8272
8273
8274
8276
8277
8278
8280
8281
8282
8283
8285
8286
8287
8289
8290
8291
8292
8294
8295
8296
8307
8308
8309
8310
8312
8313
8314
8316
8317
8318
8319
8321
8322
8323
8325
8326
8327
8328
8330
8331
8332
8424
8425
8426
8427
8429
8430
8431
8433
8434
8435
8436
8438
8439
8440
8442
8443
8444
8445
8447
8448
8449
8451
8452
8453
8454
8456
8457
8458
8469
8470
8471
8472
8474
8475
8476
8478
8479
8480
8481
8483
8484
8485
8487
8488
8489
8490
8492
8493
8494
8505
8506
8507
8508
8510
8511
8512
8514
8515
8516
8517
8519
8520
8521
8523
8524
8525
8526
8528
8529
8530
8532
8533
8534
8535
8537
8538
8539
8550
8551
8552
8553
8555
8556
8557
8559
8560
8561
8562
8564
8565
8566
8568
8569
8570
8571
8573
8574
8575
8586
8587
8588
8589
8591
8592
8593
8595
8596
8597
8598
8600
8601
8602
8604
8605
8606
8607
8609
8610
8611
8613
8614
8615
8616
8618
8619
8620
8631
8632
8633
8634
8636
8637
8638
8640
8641
8642
8643
8645
8646
8647
8649
8650
8651
8652
8654
8655
8656
8748
8749
8750
8751
8753
8754
8755
8757
8758
8759
8760
8762
8763
8764
8766
8767
8768
8769
8771
8772
8773
8775
8776
8777
8778
8780
8781
8782
8793
8794
8795
8796
8798
8799
8800
8802
8803
8804
8805
8807
8808
8809
8811
8812
8813
8814
8816
8817
8818
8829
8830
8831
8832
8834
8835
8836
8838
8839
8840
8841
8843
8844
8845
8847
8848
8849
8850
8852
8853
8854
8856
8857
8858
8859
8861
8862
8863
8874
8875
8876
8877
8879
8880
8881
8883
8884
8885
8886
8888
8889
8890
8892
8893
8894
8895
8897
8898
8899
8910
8911
8912
8913
8915
8916
8917
8919
8920
8921
8922
8924
8925
8926
8928
8929
8930
8931
8933
8934
8935
8937
8938
8939
8940
8942
8943
8944
8955
8956
8957
8958
8960
8961
8962
8964
8965
8966
8967
8969
8970
8971
8973
8974
8975
8976
8978
8979
8980
8991
8992
8993
8994
8996
8997
8998
9000
9001
9002
9003
9005
9006
9007
9009
9010
9011
9012
9014
9015
9016
9018
9019
9020
9021
9023
9024
9025
9036
9037
9038
9039
9041
9042
9043
9045
9046
9047
9048
9050
9051
9052
9054
9055
9056
9057
9059
9060
9061
9153
9154
9155
9156
9158
9159
9160
9162
9163
9164
9165
9167
9168
9169
9171
9172
9173
9174
9176
9177
9178
9180
9181
9182
9183
9185
9186
9187
9198
9199
9200
9201
9203
9204
9205
9207
9208
9209
9210
9212
9213
9214
9216
9217
9218
9219
9221
9222
9223
9234
9235
9236
9237
9239
9240
9241
9243
9244
9245
9246
9248
9249
9250
9252
9253
9254
9255
9257
9258
9259
9261
9262
9263
9264
9266
9267
9268
9279
9280
9281
9282
9284
9285
9286
9288
9289
9290
9291
9293
9294
9295
9297
9298
9299
9300
9302
9303
9304
9315
9316
9317
9318
9320
9321
9322
9324
9325
9326
9327
9329
9330
9331
9333
9334
9335
9336
9338
9339
9340
9342
9343
9344
9345
9347
9348
9349
9360
9361
9362
9363
9365
9366
9367
9369
9370
9371
9372
9374
9375
9376
9378
9379
9380
9381
9383
9384
9385
