2
3
4
5
6
7
8
9
10
11
12
13
14
15
16
17
18
19
20
21
22
23
25
27
28
29
30
31
32
33
36
37
38
40
41
42
43
45
46
47
48
49
50
54
55
56
57
58
60
61
62
63
64
65
67
68
69
70
71
72
73
74
76
77
79
81
82
83
84
85
86
87
90
91
92
93
94
95
96
97
99
100
101
102
104
106
108
109
110
111
114
117
118
122
123
124
126
127
128
131
133
135
136
137
138
140
141
144
145
146
148
149
150
152
153
154
155
158
162
163
164
165
166
167
168
171
172
173
174
179
180
181
182
183
185
187
189
190
194
199
203
204
205
207
208
212
214
219
221
222
223
224
225
227
228
230
235
236
243
244
245
246
247
248
249
252
253
254
255
258
261
262
263
266
268
270
271
272
273
274
275
276
279
280
281
288
289
290
292
297
298
299
300
301
303
308
310
324
325
326
327
328
329
330
333
334
335
342
343
344
365
366
367
369
370
372
374
376
378
379
380
383
385
386
387
388
405
406
407
408
409
410
414
415
416
423
424
425
438
441
443
445
446
447
448
450
451
454
455
462
465
470
472
486
487
488
489
490
492
495
496
498
501
503
504
506
513
514
516
519
522
540
541
543
546
547
548
549
554
556
558
567
568
572
584
585
587
588
589
590
592
600
603
608
610
612
615
616
617
619
628
629
630
648
649
653
657
667
681
705
708
729
730
731
732
733
734
735
736
737
738
739
740
741
743
744
745
747
748
749
750
752
754
756
757
758
759
760
761
762
765
766
767
770
771
772
774
775
776
779
783
784
786
789
810
811
812
813
814
815
816
819
820
821
822
825
828
829
830
837
838
840
843
864
865
867
870
876
883
891
892
893
894
895
896
900
901
902
909
910
911
924
972
973
975
978
981
982
984
987
999
1000
1002
1005
1026
1027
1029
1032
1094
1095
1096
1098
1099
1103
1107
1108
1109
1112
1116
1117
1134
1135
1136
1139
1143
1144
1175
1176
1177
1179
1180
1184
1215
1216
1217
1218
1220
1221
1224
1225
1227
1229
1230
1231
1233
1234
1238
1242
1243
1245
1248
1256
1257
1258
1260
1261
1265
1269
1270
1272
1275
1296
1297
1298
1301
1305
1306
1458
1459
1460
1461
1462
1463
1467
1468
1469
1472
1473
1474
1476
1477
1478
1481
1485
1486
1487
1488
1489
1490
1494
1495
1496
1499
1500
1501
1503
1504
1505
1508
1539
1540
1541
1542
1543
1544
1548
1549
1550
1557
1558
1559
1620
1621
1622
1623
1624
1625
1629
1630
1631
1638
1639
1640
2187
2188
2189
2190
2191
2192
2193
2196
2197
2198
2199
2202
2205
2206
2207
2214
2215
2216
2217
2218
2219
2220
2223
2224
2225
2232
2233
2234
2241
2242
2244
2247
2268
2269
2270
2271
2272
2273
2274
2277
2278
2279
2280
2283
2286
2287
2288
2295
2296
2298
2301
2322
2323
2325
2328
2349
2350
2351
2352
2353
2354
2358
2359
2360
2367
2368
2369
2430
2431
2432
2433
2434
2435
2436
2439
2440
2441
2442
2445
2448
2449
2450
2457
2458
2459
2460
2461
2462
2463
2466
2467
2468
2475
2476
2477
2484
2485
2487
2490
2511
2512
2513
2514
2515
2516
2520
2521
2522
2529
2530
2531
2592
2593
2594
2595
2596
2597
2601
2602
2603
2610
2611
2612
2673
2674
2676
2679
2682
2683
2685
2688
2700
2701
2703
2706
2727
2728
2730
2733
2916
2917
2918
2919
2920
2921
2925
2926
2927
2934
2935
2936
2943
2944
2945
2946
2947
2948
2952
2953
2954
2961
2962
2963
2997
2998
2999
3000
3001
3002
3006
3007
3008
3015
3016
3017
3078
3079
3080
3081
3082
3083
3087
3088
3089
3096
3097
3098
4374
4375
4377
4380
4383
4384
4386
4389
4401
4402
4404
4407
4428
4429
4431
4434
4455
4456
4458
4461
4464
4465
4467
4470
4482
4483
4485
4488
4509
4510
4512
4515
4617
4618
4620
4623
4626
4627
4629
4632
4644
4645
4647
4650
4671
4672
4674
4677
4860
4861
4863
4866
4869
4870
4872
4875
4887
4888
4890
4893
4914
4915
4917
4920
6561
6562
6564
6567
6570
6571
6573
6576
6588
6589
6591
6594
6615
6616
6618
6621
6642
6643
6645
6648
6651
6652
6654
6657
6669
6670
6672
6675
6696
6697
6699
6702
6804
6805
6807
6810
6813
6814
6816
6819
6831
6832
6834
6837
6858
6859
6861
6864
7047
7048
7050
7053
7056
7057
7059
7062
7074
7075
7077
7080
7101
7102
7104
7107
7290
7291
7293
7296
7299
7300
7302
7305
7317
7318
7320
7323
7344
7345
7347
7350
7371
7372
7374
7377
7380
7381
7383
7386
7398
7399
7401
7404
7425
7426
7428
7431
7533
7534
7536
7539
7542
7543
7545
7548
7560
7561
7563
7566
7587
7588
7590
7593
7776
7777
7779
7782
7785
7786
7788
7791
7803
7804
7806
7809
7830
7831
7833
7836
8748
8749
8751
8754
8757
8758
8760
8763
8775
8776
8778
8781
8802
8803
8805
8808
8829
8830
8832
8835
8838
8839
8841
8844
8856
8857
8859
8862
8883
8884
8886
8889
8991
8992
8994
8997
9000
9001
9003
9006
9018
9019
9021
9024
9045
9046
9048
9051
9234
9235
9237
9240
9243
9244
9246
9249
9261
9262
9264
9267
9288
9289
9291
9294
