2
3
4
5
6
7
8
9
10
11
12
13
14
15
16
17
18
19
20
21
22
23
24
25
26
27
28
29
30
31
32
33
34
36
37
38
39
40
41
42
43
44
45
46
47
48
50
51
53
54
55
56
57
58
59
60
61
62
63
64
65
66
67
68
69
70
72
73
74
75
78
79
80
81
82
83
84
85
86
87
88
89
90
91
92
93
94
95
96
99
100
101
102
103
105
106
107
108
109
110
111
112
113
114
115
116
117
118
119
120
121
122
123
126
127
128
129
131
132
133
134
135
136
137
138
139
140
141
150
159
162
163
164
165
166
167
168
169
170
171
172
173
174
175
176
177
180
181
182
183
184
186
187
188
189
190
191
192
193
198
199
200
201
202
216
217
218
222
223
224
225
226
227
228
229
230
234
235
236
240
241
242
243
244
245
246
247
252
253
254
255
256
258
261
262
263
264
265
270
271
272
273
274
279
280
281
282
283
324
325
326
327
328
333
334
335
336
337
339
342
343
344
345
346
351
352
353
354
355
360
361
362
363
364
