2
5
7
9
10
11
12
13
18
19
20
21
24
25
29
30
32
33
34
37
38
41
43
45
46
47
48
50
55
57
58
61
63
67
68
69
73
74
76
77
78
79
81
82
83
84
85
86
90
91
92
93
94
97
99
100
101
102
103
104
105
106
108
109
113
114
115
117
118
120
121
132
133
140
146
149
154
155
162
163
164
167
168
171
172
173
175
176
177
180
181
182
186
187
189
190
194
195
200
201
205
210
212
216
217
222
225
226
228
229
240
241
291
292
306
310
329
333
345
365
369
370
374
388
389
393
401
405
406
410
414
415
423
432
433
446
450
451
455
511
513
514
522
567
568
570
571
581
582
597
598
604
612
613
615
626
627
635
655
657
658
666
667
671
673
679
681
682
693
695
709
723
729
730
731
734
736
738
739
740
741
742
744
747
748
749
750
752
753
754
756
757
765
770
774
775
776
778
779
802
803
810
811
812
815
819
820
821
822
823
828
829
830
831
833
834
835
837
838
840
841
846
847
848
849
850
853
857
858
861
862
873
876
883
888
891
892
893
900
901
902
909
910
911
918
928
929
930
936
939
945
946
949
954
955
957
958
961
964
969
970
972
973
981
982
984
985
996
997
1036
1045
1053
1054
1062
1063
1065
1066
1077
1078
1080
1081
1089
1090
1092
1093
1104
1105
1188
1189
1193
1197
1198
1200
1201
1202
1212
1213
1260
1261
1274
1314
1333
1341
1342
1353
1354
1356
1386
1387
1395
1402
1410
1411
1429
1438
1458
1459
1460
1467
1468
1469
1476
1477
1478
1509
1512
1513
1539
1540
1541
1548
1549
1550
1557
1558
1559
1563
1584
1590
1593
1620
1621
1622
1629
1630
1631
1638
1639
1640
1674
1701
1702
1752
1759
1765
1774
1800
1809
1825
1833
1845
1848
1855
1860
1890
1892
1893
1944
1945
1953
1954
1956
1957
1968
1969
2025
2026
2034
2035
2037
2038
2049
2050
2052
2053
2061
2062
2064
2065
2076
2077
2160
2161
2169
2170
2172
2173
2184
2185
2768
2769
2778
2859
3281
3285
3286
3290
3321
3322
3326
3330
3331
3362
3366
3367
3371
3588
3645
3646
3650
3654
3655
3686
3690
3691
3695
3726
3727
3731
3735
3736
4010
4014
4015
4019
4050
4051
4055
4059
4060
4091
4095
4096
4100
4989
5475
5529
5535
5536
5537
5538
5547
5556
5637
5718
6447
6561
6562
6563
6566
6570
6571
6572
6573
6574
6579
6580
6581
6585
6586
6602
6606
6607
6611
6642
6643
6644
6647
6651
6652
6653
6654
6655
6660
6661
6662
6666
6667
6669
6670
6678
6679
6681
6682
6693
6694
6723
6724
6725
6732
6733
6734
6741
6742
6743
6777
6778
6786
6787
6789
6790
6801
6802
6926
6930
6931
6935
6966
6967
6971
6975
6976
7007
7011
7012
7016
7176
7290
7291
7292
7295
7299
7300
7301
7302
7303
7308
7309
7310
7314
7315
7331
7335
7336
7340
7371
7372
7373
7376
7380
7381
7382
7383
7384
7389
7390
7391
7395
7396
7398
7399
7407
7408
7410
7411
7422
7423
7452
7453
7454
7461
7462
7463
7470
7471
7472
7506
7507
7515
7516
7518
7519
7530
7531
7533
7534
7542
7543
7545
7546
7557
7558
7614
7615
7623
7624
7626
7627
7638
7639
7641
7642
7650
7651
7653
7654
7665
7666
7749
7750
7758
7759
7761
7762
7773
7774
8019
8020
8021
8028
8029
8030
8037
8038
8039
8100
8101
8102
8109
8110
8111
8118
8119
8120
8181
8182
8183
8190
8191
8192
8199
8200
8201
8505
8506
8514
8515
8517
8518
8529
8530
8586
8587
8595
8596
8598
8599
8610
8611
8613
8614
8622
8623
8625
8626
8637
8638
8721
8722
8730
8731
8733
8734
8745
8746
8748
8749
8757
8758
8760
8761
8772
8773
8829
8830
8838
8839
8841
8842
8853
8854
8856
8857
8865
8866
8868
8869
8880
8881
8964
8965
8973
8974
8976
8977
8988
8989
9477
9478
9486
9487
9489
9490
9501
9502
9558
9559
9567
9568
9570
9571
9582
9583
9585
9586
9594
9595
9597
9598
9609
9610
9693
9694
9702
9703
9705
9706
9717
9718
9720
9721
9729
9730
9732
9733
9744
9745
9801
9802
9810
9811
9813
9814
9825
9826
9828
9829
9837
9838
9840
9841
9852
9853
9936
9937
9945
9946
9948
9949
9960
9961
10692
10693
10701
10702
10704
10705
10716
10717
10773
10774
10782
10783
10785
10786
10797
10798
10800
10801
10809
10810
10812
10813
10824
10825
10908
10909
10917
10918
10920
10921
10932
10933
13122
13123
13124
13131
13132
13133
13140
13141
13142
13203
13204
13205
13212
13213
13214
13221
13222
13223
13284
13285
13286
13293
13294
13295
13302
13303
13304
13737
13851
13852
13853
13860
13861
13862
13869
13870
13871
13932
13933
13934
13941
13942
13943
13950
13951
13952
14013
14014
14015
14022
14023
14024
14031
14032
14033
14580
14581
14582
14589
14590
14591
14598
14599
14600
14661
14662
14663
14670
14671
14672
14679
14680
14681
14742
14743
14744
14751
14752
14753
14760
14761
14762
17496
17497
17505
17506
17508
17509
17520
17521
17577
17578
17586
17587
17589
17590
17601
17602
17604
17605
17613
17614
17616
17617
17628
17629
17712
17713
17721
17722
17724
17725
17736
17737
18225
18226
18234
18235
18237
18238
18249
18250
18306
18307
18315
18316
18318
18319
18330
18331
18333
18334
18342
18343
18345
18346
18357
18358
18441
18442
18450
18451
18453
18454
18465
18466
18468
18469
18477
18478
18480
18481
18492
18493
18549
18550
18558
18559
18561
18562
18573
18574
18576
18577
18585
18586
18588
18589
18600
18601
18684
18685
18693
18694
18696
18697
18708
18709
19440
19441
19449
19450
19452
19453
19464
19465
19521
19522
19530
19531
19533
19534
19545
19546
19548
19549
19557
19558
19560
19561
19572
19573
19656
19657
19665
19666
19668
19669
19680
19681
