2
3
4
5
6
7
9
10
11
12
13
14
15
16
18
19
20
21
22
23
24
25
27
28
29
30
31
32
33
34
36
37
38
39
40
41
42
43
45
46
47
48
49
50
51
52
54
55
56
57
58
59
60
61
63
64
65
66
67
68
69
70
73
74
75
76
77
78
79
81
82
83
84
85
86
87
88
90
91
92
93
94
95
96
97
99
100
101
102
103
104
105
106
108
109
110
111
112
113
114
115
117
118
119
120
121
122
123
124
126
127
128
129
130
131
132
133
135
136
137
138
139
140
141
142
144
145
146
147
148
149
150
151
154
155
156
157
158
159
162
163
164
165
166
167
168
169
171
172
173
174
175
176
177
180
181
182
183
184
185
187
189
190
191
192
193
194
196
198
199
200
201
202
203
204
205
207
208
209
210
211
212
216
217
219
220
221
222
223
225
226
227
228
229
230
231
232
235
236
237
238
239
243
244
245
246
247
248
249
250
252
253
254
255
256
258
259
261
262
263
264
265
266
267
268
270
271
272
273
274
275
276
277
279
280
281
282
283
288
289
290
292
297
298
300
301
303
304
306
307
308
309
310
316
317
318
319
324
325
326
327
328
330
331
333
334
335
336
337
342
343
344
345
346
351
352
353
354
355
357
358
360
361
362
363
364
365
366
367
369
370
371
372
374
375
378
379
380
383
384
385
387
388
390
392
394
405
406
407
408
410
411
412
414
415
416
419
420
423
424
425
426
428
430
432
433
435
446
447
448
450
451
452
453
455
456
459
460
461
464
465
486
487
488
489
490
491
492
493
495
496
497
498
499
500
501
504
505
506
513
514
516
517
519
520
522
523
525
526
527
528
531
532
533
536
537
540
541
542
543
544
545
546
547
549
550
552
553
554
556
567
568
570
571
572
573
574
576
577
579
580
588
590
592
594
595
597
598
600
601
603
604
606
607
608
610
612
613
615
617
628
630
631
633
635
637
729
730
731
732
733
734
735
736
738
739
740
741
742
743
744
747
748
749
750
751
752
754
756
757
758
759
760
762
763
765
766
767
768
769
770
771
772
774
775
776
777
779
780
783
784
785
786
787
788
789
790
792
793
795
796
797
799
810
811
812
813
814
815
816
817
819
820
821
822
823
824
825
828
829
830
831
832
837
838
839
840
841
843
844
846
847
848
849
850
851
852
855
856
857
860
861
864
865
866
869
870
891
892
893
894
895
896
897
900
901
902
903
904
905
906
909
910
911
912
913
918
919
920
921
922
927
928
929
930
931
972
973
974
975
976
978
979
981
982
983
984
985
990
991
992
993
994
999
1000
1001
1002
1003
1005
1006
1008
1009
1010
1011
1012
1026
1027
1029
1030
1032
1033
1035
1036
1038
1039
1053
1054
1055
1056
1057
1059
1060
1062
1063
1064
1065
1066
1071
1072
1073
1074
1075
1080
1081
1082
1083
1084
1086
1087
1089
1090
1091
1092
1093
1094
1095
1098
1099
1100
1103
1104
1107
1108
1109
1112
1113
1134
1135
1136
1139
1140
1143
1144
1145
1148
1149
1152
1153
1154
1175
1176
1179
1180
1181
1184
1185
1188
1189
1190
1193
1194
1215
1216
1217
1220
1221
1224
1225
1226
1229
1230
1233
1234
1235
1256
1257
1260
1261
1262
1265
1266
1269
1270
1271
1274
1275
1458
1459
1460
1461
1462
1463
1464
1467
1468
1469
1470
1471
1472
1473
1476
1477
1478
1479
1480
1485
1486
1487
1488
1489
1494
1495
1496
1497
1498
1499
1500
1503
1504
1505
1508
1509
1512
1513
1514
1517
1518
1539
1540
1541
1542
1543
1544
1545
1548
1549
1550
1551
1552
1553
1554
1557
1558
1559
1560
1561
1566
1567
1568
1569
1570
1575
1576
1577
1578
1579
1580
1581
1584
1585
1586
1589
1590
1593
1594
1595
1598
1599
1620
1621
1622
1623
1624
1625
1626
1629
1630
1631
1632
1633
1634
1635
1638
1639
1640
1641
1642
1647
1648
1649
1650
1651
1656
1657
1658
1659
1660
1701
1702
1703
1704
1705
1710
1711
1712
1713
1714
1719
1720
1721
1722
1723
1728
1729
1730
1731
1732
1737
1738
1739
1740
1741
1782
1783
1784
1785
1786
1791
1792
1793
1794
1795
1800
1801
1802
1803
1804
1809
1810
1811
1812
1813
1818
1819
1820
1821
1822
2187
2188
2189
2190
2191
2196
2197
2198
2199
2200
2205
2206
2207
2208
2209
2214
2215
2216
2217
2218
2223
2224
2225
2226
2227
2268
2269
2270
2271
2272
2277
2278
2279
2280
2281
2286
2287
2288
2289
2290
2295
2296
2297
2298
2299
2304
2305
2306
2307
2308
2349
2350
2351
2352
2353
2358
2359
2360
2361
2362
2367
2368
2369
2370
2371
2376
2377
2378
2379
2380
2385
2386
2387
2388
2389
2430
2431
2432
2433
2434
2439
2440
2441
2442
2443
2448
2449
2450
2451
2452
2457
2458
2459
2460
2461
2466
2467
2468
2469
2470
2511
2512
2513
2514
2515
2520
2521
2522
2523
2524
2529
2530
2531
2532
2533
2538
2539
2540
2541
2542
2547
2548
2549
2550
2551
2916
2917
2918
2919
2920
2925
2926
2927
2928
2929
2934
2935
2936
2937
2938
2943
2944
2945
2946
2947
2952
2953
2954
2955
2956
2997
2998
2999
3000
3001
3006
3007
3008
3009
3010
3015
3016
3017
3018
3019
3024
3025
3026
3027
3028
3033
3034
3035
3036
3037
3078
3079
3080
3081
3082
3087
3088
3089
3090
3091
3096
3097
3098
3099
3100
3105
3106
3107
3108
3109
3114
3115
3116
3117
3118
3159
3160
3161
3162
3163
3168
3169
3170
3171
3172
3177
3178
3179
3180
3181
3186
3187
3188
3189
3190
3195
3196
3197
3198
3199
3240
3241
3242
3243
3244
3249
3250
3251
3252
3253
3258
3259
3260
3261
3262
3267
3268
3269
3270
3271
3276
3277
3278
3279
3280
