2
4
5
7
8
9
10
11
13
14
16
17
18
19
20
22
23
25
26
28
29
31
32
34
35
36
37
38
40
41
43
44
45
46
47
49
50
52
53
55
56
58
59
61
62
63
64
65
67
68
70
71
72
73
74
76
77
79
80
81
82
83
85
86
88
89
90
91
92
94
95
97
98
99
100
101
103
104
106
107
109
110
112
113
115
116
117
118
119
121
122
124
125
126
127
128
130
131
133
134
136
139
140
142
143
144
145
146
148
149
151
152
153
154
155
157
158
160
161
162
163
164
166
167
169
170
171
172
173
175
176
178
179
180
181
182
184
185
187
188
190
193
194
196
197
198
199
200
202
203
205
207
208
209
211
212
214
215
217
220
221
223
224
225
226
227
229
232
233
234
235
236
238
239
241
244
248
250
251
252
253
254
256
257
259
261
262
265
266
268
269
271
272
277
278
279
280
281
284
287
288
289
292
295
296
298
301
302
304
305
306
307
308
310
311
313
317
319
320
322
324
325
326
328
329
331
332
333
334
335
337
338
340
341
342
343
344
346
347
349
352
355
358
360
361
362
364
365
367
369
370
371
373
374
377
379
382
383
385
386
387
388
389
391
392
394
395
396
397
400
401
403
405
406
407
409
410
412
413
414
415
416
418
419
421
422
423
424
425
427
428
430
431
433
434
436
437
439
441
445
446
448
450
451
452
454
455
458
460
464
467
468
469
472
476
477
478
479
481
482
485
491
495
496
497
499
502
504
505
508
509
511
514
517
518
520
522
527
529
531
532
533
535
536
538
539
545
554
558
560
562
567
568
571
572
574
576
577
584
586
589
592
593
596
598
601
602
604
605
611
612
613
616
617
619
620
622
625
626
628
630
631
634
635
637
640
641
643
646
648
649
652
653
655
656
657
658
659
662
664
665
666
667
668
670
671
673
674
676
677
679
680
682
683
684
686
689
691
692
693
694
695
697
700
703
704
706
707
709
710
712
713
715
718
719
720
721
724
728
729
730
731
733
734
736
737
738
739
740
742
743
745
746
747
748
749
751
752
754
757
758
760
763
764
765
766
767
769
770
772
773
774
775
776
778
779
781
782
784
785
787
788
792
793
794
799
800
801
802
803
805
806
809
810
811
812
814
815
817
818
819
820
821
823
826
828
829
830
832
833
835
836
838
841
842
844
845
846
847
848
850
854
856
857
859
863
865
866
868
869
871
873
874
875
877
878
881
882
883
886
889
890
891
892
893
895
896
898
899
900
901
902
904
905
907
909
910
911
913
916
917
920
923
927
928
929
931
934
943
949
952
953
954
955
956
958
962
963
964
965
970
971
977
981
982
998
1003
1004
1013
1017
1018
1019
1021
1022
1024
1025
1027
1028
1031
1035
1036
1053
1054
1055
1057
1058
1060
1062
1063
1064
1066
1067
1071
1072
1073
1075
1076
1078
1079
1081
1084
1085
1087
1088
1089
1090
1091
1093
1108
1114
1115
1116
1117
1123
1126
1127
1134
1135
1138
1139
1142
1143
1144
1145
1148
1150
1152
1153
1154
1156
1159
1162
1165
1166
1168
1170
1171
1174
1177
1189
1193
1197
1199
1202
1204
1205
1206
1207
1208
1211
1214
1222
1223
1224
1226
1232
1234
1237
1240
1241
1243
1246
1247
1249
1251
1252
1255
1258
1260
1261
1264
1267
1268
1270
1274
1276
1277
1278
1279
1280
1282
1285
1286
1287
1289
1291
1292
1296
1297
1300
1303
1304
1305
1306
1312
1314
1316
1318
1321
1324
1327
1330
1331
1332
1333
1334
1341
1342
1345
1346
1355
1358
1360
1361
1363
1367
1368
1369
1375
1377
1378
1379
1381
1382
1385
1386
1387
1390
1391
1393
1395
1397
1399
1402
1405
1408
1409
1411
1412
1413
1414
1420
1423
1424
1426
1427
1435
1438
1440
1444
1458
1459
1460
1462
1463
1467
1468
1469
1471
1475
1476
1477
1478
1480
1483
1487
1489
1492
1493
1494
1495
1496
1498
1499
1502
1503
1504
1505
1507
1508
1511
1513
1516
1517
1519
1520
1521
1523
1528
1539
1540
1541
1543
1544
1546
1548
1549
1550
1552
1555
1557
1558
1559
1561
1564
1565
1567
1571
1573
1574
1575
1576
1577
1579
1583
1585
1588
1589
1592
1594
1600
1601
1602
1604
1606
1612
1613
1615
1620
1621
1622
1624
1625
1629
1630
1631
1633
1638
1639
1640
1642
1643
1645
1651
1655
1656
1657
1658
1660
1661
1663
1665
1666
1670
1672
1675
1681
1682
1683
1684
1685
1687
1688
1690
1696
1697
1699
1709
1710
1717
1724
1726
1732
1737
1748
1766
1772
1773
1775
1778
1782
1783
1784
1786
1791
1792
1793
1795
1798
1800
1801
1802
1804
1807
1810
1818
1819
1820
1822
1823
1825
1827
1828
1831
1832
1834
1840
1843
1845
1846
1847
1849
1852
1855
1856
1861
1863
1864
1868
1872
1873
1876
1879
1904
1906
1908
1909
1913
1915
1924
1926
1927
1928
1930
1933
1942
1953
1954
1987
1996
2005
2007
2008
2009
2011
2014
2023
2025
2026
2027
2029
2030
2032
2034
2035
2036
2038
2043
2044
2045
2047
2048
2050
2056
2061
2062
2063
2065
2075
2083
2084
2086
2088
2089
2092
2095
2101
2102
2119
2122
2131
2134
2137
2138
2140
2142
2143
2146
2147
2149
2151
2152
2156
2158
2161
2167
2169
2170
2171
2173
2176
2182
2183
2185
2245
2246
2250
2251
2257
2268
2269
2284
2290
2302
2303
2312
2356
2365
2372
2374
2377
2386
2387
2390
2392
2394
2395
2399
2404
2410
2411
2412
2413
2416
2417
2419
2425
2426
2438
2439
2453
2455
2458
2467
2468
2474
2485
2520
2522
2528
2529
2534
2536
2537
2539
2545
2546
2548
2549
2555
2561
2564
2566
2570
2582
2583
2626
2628
2629
2632
2635
2641
2647
2651
2657
2659
2660
2662
2664
2665
2666
2669
2672
2682
2684
2690
2698
2699
2701
2704
2707
2709
2710
2713
2716
2720
2731
2754
2755
2758
2762
2763
2764
2770
2772
2774
2782
2790
2803
2809
2815
2817
2824
2827
2828
2916
2917
2918
2920
2924
2925
2926
2927
2929
2932
2934
2935
2936
2938
2941
2950
2952
2953
2954
2956
2959
2986
2988
2989
2996
2997
2998
2999
3001
3005
3006
3007
3008
3010
3013
3015
3016
3017
3019
3022
3033
3034
3035
3037
3046
3050
3055
3060
3061
3078
3079
3080
3082
3087
3088
3089
3091
3096
3097
3098
3100
3103
3114
3115
3116
3118
3121
3130
3139
3141
3142
3143
3145
3157
3208
3212
3217
3222
3223
3240
3241
3242
3244
3248
3249
3250
3251
3253
3256
3258
3259
3260
3262
3265
3274
3276
3277
3278
3280
3281
3283
3285
3286
3287
3289
3290
3293
3298
3299
3301
3303
3304
3307
3310
3321
3322
3323
3326
3330
3331
3332
3334
3337
3338
3339
3340
3341
3346
3347
3352
3355
3357
3358
3361
3362
3364
3366
3367
3368
3371
3374
3380
3383
3391
3392
3393
3394
3395
3401
3419
3427
3428
3433
3436
3438
3439
3442
3443
3445
3447
3448
3449
3452
3455
3461
3463
3465
3466
3469
3472
3483
3484
3487
3488
3491
3492
3493
3499
3506
3508
3514
3519
3520
3523
3544
3546
3547
3550
3553
3645
3646
3647
3650
3654
3655
3656
3663
3664
3665
3668
3670
3686
3688
3690
3691
3692
3695
3698
3704
3726
3727
3728
3731
3735
3736
3737
3739
3742
3744
3745
3746
3752
3757
3758
3762
3763
3766
3787
3789
3790
3793
3796
3798
3799
3806
3807
3808
3809
3812
3816
3817
3818
3820
3823
3824
3825
3826
3827
3832
3833
3838
3856
3860
3865
3870
3871
3877
3879
3880
3887
3922
3924
3925
3928
3931
4010
4012
4014
4015
4016
4019
4022
4028
4030
4032
4033
4036
4039
4050
4051
4052
4055
4059
4060
4061
4063
4066
4068
4069
4070
4091
4093
4095
4096
4097
4100
4103
4109
4112
4121
4122
4123
4124
4126
4127
4130
4144
4147
4154
4156
4172
4176
4177
4178
4181
4184
4190
4193
4202
4203
4204
4205
4211
4238
4244
4274
4283
4284
4285
4286
4288
4289
4292
4293
4294
4295
4298
4302
4303
4304
4306
4309
4311
4312
4313
4324
4329
4330
4333
4334
4336
4338
4339
4343
4355
4364
4365
4366
4367
4369
4370
4373
4468
4471
4486
4491
4492
4495
4516
4518
4519
4522
4525
4549
4552
4559
4561
4577
4579
4581
4582
4586
4597
4599
4600
4603
4606
4612
4613
4640
4642
4739
4743
4744
4745
4748
4751
4757
4779
4780
4781
4784
4788
4789
4790
4797
4798
4799
4820
4824
4825
4826
4829
4832
4838
4841
4850
4851
4852
4853
4855
4856
4859
4873
4876
4883
4885
4901
4905
4906
4907
4910
4913
4919
5254
5256
5257
5264
5282
5290
5291
5296
5314
5318
5323
5328
5329
5335
5337
5338
5345
5380
5382
5383
5386
5389
5542
5544
5545
5548
5551
5578
5580
5581
5588
5606
5614
5615
5620
5623
5625
5626
5629
5632
5670
5671
5674
5678
5679
5680
5686
5832
5833
5836
5840
5841
5842
5848
5866
5868
5869
5872
5875
5902
5904
5905
5912
5913
5914
5917
5921
5922
5923
5929
5962
5966
5971
5976
5977
5983
5985
5986
5993
6011
6019
6020
6025
6043
6047
6052
6057
6058
6064
6066
6067
6074
6109
6111
6112
6115
6118
6416
6424
6425
6430
6448
6452
6457
6462
6463
6480
6481
6484
6488
6489
6490
6496
6497
6505
6506
6511
6550
6552
6553
6560
6561
6562
6563
6565
6566
6569
6570
6571
6572
6574
6577
6579
6580
6581
6583
6584
6586
6595
6597
6598
6599
6601
6602
6604
6606
6607
6608
6611
6614
6620
6631
6633
6634
6641
6642
6643
6644
6646
6647
6650
6651
6652
6653
6655
6658
6660
6661
6662
6664
6667
6668
6674
6678
6679
6680
6682
6691
6695
6700
6705
6706
6723
6724
6725
6727
6728
6732
6733
6734
6736
6741
6742
6743
6745
6746
6748
6759
6760
6761
6763
6764
6766
6768
6769
6773
6775
6784
6786
6787
6788
6790
6793
6799
6800
6802
6827
6829
6853
6857
6862
6867
6868
6885
6886
6887
6889
6893
6894
6895
6896
6898
6901
6903
6904
6905
6907
6910
6919
6921
6922
6923
6925
6926
6928
6930
6931
6932
6934
6935
6938
6943
6944
6946
6948
6949
6952
6955
6966
6967
6968
6971
6975
6976
6977
6979
6982
6983
6984
6985
6986
6991
6992
6997
7007
7009
7011
7012
7013
7016
7019
7025
7028
7037
7038
7039
7040
7042
7043
7046
7060
7063
7070
7072
7088
7092
7093
7094
7097
7100
7106
7145
7153
7154
7159
7177
7181
7186
7191
7192
7209
7210
7213
7217
7218
7219
7225
7226
7234
7235
7240
7279
7281
7282
7289
7290
7291
7292
7294
7295
7298
7299
7300
7301
7303
7306
7308
7309
7310
7312
7313
7315
7324
7326
7327
7328
7330
7331
7333
7335
7336
7337
7340
7343
7349
7360
7362
7363
7370
7371
7372
7373
7375
7376
7379
7380
7381
7382
7384
7387
7389
7390
7391
7393
7396
7397
7403
7407
7408
7409
7411
7420
7424
7429
7434
7435
7452
7453
7454
7456
7457
7461
7462
7463
7465
7470
7471
7472
7474
7477
7478
7484
7488
7489
7490
7492
7495
7504
7513
7514
7515
7516
7517
7519
7523
7524
7525
7526
7531
7532
7559
7565
7574
7578
7579
7580
7583
7586
7592
7614
7615
7616
7618
7623
7624
7625
7627
7632
7633
7634
7636
7639
7640
7646
7650
7651
7652
7654
7729
7731
7732
7735
7738
7765
7767
7768
7775
7793
7801
7802
7807
7810
7812
7813
7816
7819
7857
7858
7861
7865
7866
7867
7873
8019
8020
8021
8023
8024
8028
8029
8030
8032
8037
8038
8039
8041
8044
8055
8056
8057
8059
8060
8064
8065
8066
8069
8072
8078
8100
8101
8102
8104
8105
8109
8110
8111
8113
8118
8119
8120
8122
8125
8126
8132
8136
8137
8138
8140
8181
8182
8183
8185
8186
8190
8191
8192
8194
8199
8200
8201
8203
8206
8207
8213
8217
8218
8219
8221
8224
8233
8242
8243
8244
8245
8246
8248
8252
8253
8254
8255
8260
8261
8288
8294
8303
8307
8308
8309
8312
8315
8321
8343
8344
8345
8347
8352
8353
8354
8356
8361
8362
8363
8365
8368
8369
8375
8379
8380
8381
8383
8386
8395
8404
8406
8407
8408
8410
8422
8467
8476
8485
8487
8488
8489
8491
8503
8548
8557
8566
8567
8568
8569
8570
8572
8576
8577
8578
8579
8584
8585
8586
8587
8588
8590
8595
8596
8597
8599
8604
8605
8606
8608
8611
8612
8618
8622
8623
8624
8626
8648
8657
8658
8659
8660
8666
8667
8668
8669
8672
8676
8677
8678
8685
8686
8687
8710
8719
8728
8729
8730
8731
8732
8734
8738
8739
8740
8741
8746
8747
8936
8942
8972
8981
8982
8983
8984
8990
9017
9023
9032
9036
9037
9038
9041
9044
9050
9098
9104
9113
9117
9118
9119
9122
9125
9131
9153
9154
9155
9158
9162
9163
9164
9171
9172
9173
9194
9198
9199
9200
9203
9206
9212
9215
9224
9225
9226
9227
9233
9275
9279
9280
9281
9284
9287
9293
9477
9478
9479
9481
9486
9487
9488
9490
9495
9496
9497
9499
9502
9513
9514
9515
9517
9558
9559
9560
9562
9567
9568
9569
9571
9576
9577
9578
9580
9583
9594
9595
9596
9598
9639
9640
9641
9643
9648
9649
9650
9652
9657
9658
9659
9661
9664
9665
9671
9675
9676
9677
9679
9682
9691
9700
9701
9702
9703
9704
9706
9710
9711
9712
9713
9718
9719
9746
9752
9761
9765
9766
9767
9770
9773
9779
9801
9802
9803
9805
9810
9811
9812
9814
9819
9820
9821
9823
9826
9827
9833
9837
9838
9839
9841
10498
10502
10507
10512
10513
10530
10531
10534
10538
10539
10540
10546
10564
10566
10567
10570
10573
10579
10583
10588
10593
10594
10628
10636
10637
10642
10790
10798
10799
10804
10822
10826
10831
10836
10837
10854
10855
10858
10862
10863
10864
10870
10871
10879
10880
10885
10924
10926
10927
10934
11086
11088
11089
11096
11114
11122
11123
11128
11146
11150
11155
11160
11161
11167
11169
11170
11177
11212
11214
11215
11218
11221
11227
11231
11236
11241
11242
11259
11260
11263
11267
11268
11269
11275
11293
11295
11296
11299
11302
11308
11312
11317
11322
11323
11357
11365
11366
11371
11664
11665
11668
11672
11673
11674
11680
11698
11700
11701
11704
11707
11734
11736
11737
11744
11745
11746
11749
11753
11754
11755
11761
11794
11798
11803
11808
11809
13122
13123
13124
13126
13127
13131
13132
13133
13135
13140
13141
13142
13144
13147
13158
13159
13160
13162
13163
13167
13168
13169
13172
13175
13181
13203
13204
13205
13207
13208
13212
13213
13214
13216
13221
13222
13223
13225
13228
13229
13235
13239
13240
13241
13243
13284
13285
13286
13288
13289
13293
13294
13295
13297
13302
13303
13304
13306
13309
13320
13321
13322
13324
13327
13336
13345
13347
13348
13349
13351
13363
13446
13447
13448
13450
13455
13456
13457
13459
13464
13465
13466
13468
13471
13482
13483
13484
13486
13487
13491
13492
13493
13496
13499
13505
13527
13528
13529
13532
13536
13537
13538
13545
13546
13547
13568
13572
13573
13574
13577
13580
13586
13589
13598
13599
13600
13601
13607
13649
13653
13654
13655
13658
13661
13667
13851
13852
13853
13855
13856
13860
13861
13862
13864
13869
13870
13871
13873
13876
13887
13888
13889
13891
13892
13896
13897
13898
13901
13904
13910
13932
13933
13934
13936
13937
13941
13942
13943
13945
13950
13951
13952
13954
13957
13958
13964
13968
13969
13970
13972
14013
14014
14015
14017
14018
14022
14023
14024
14026
14031
14032
14033
14035
14038
14039
14045
14049
14050
14051
14053
14056
14065
14074
14075
14076
14077
14078
14080
14084
14085
14086
14087
14092
14093
14120
14126
14135
14139
14140
14141
14144
14147
14153
14175
14176
14177
14179
14184
14185
14186
14188
14193
14194
14195
14197
14200
14201
14207
14211
14212
14213
14215
14580
14581
14582
14584
14585
14589
14590
14591
14593
14598
14599
14600
14602
14605
14616
14617
14618
14620
14621
14625
14626
14627
14630
14633
14639
14661
14662
14663
14665
14666
14670
14671
14672
14674
14679
14680
14681
14683
14686
14687
14693
14697
14698
14699
14701
14742
14743
14744
14746
14747
14751
14752
14753
14755
14760
14761
14762
14764
14767
14778
14779
14780
14782
14785
14794
14803
14805
14806
14807
14809
14821
14904
14905
14906
14908
14913
14914
14915
14917
14922
14923
14924
14926
14929
14940
14941
14942
14944
14947
14956
14965
14967
14968
14969
14971
14983
15028
15037
15046
15048
15049
15050
15052
15064
15109
15118
15127
15129
15130
15131
15133
15145
15147
15148
15149
15151
15156
15157
15158
15160
15165
15166
15167
15169
15172
15183
15184
15185
15187
15271
15280
15289
15291
15292
15293
15295
15307
16038
16039
16040
16042
16047
16048
16049
16051
16056
16057
16058
16060
16063
16074
16075
16076
16078
16119
16120
16121
16123
16128
16129
16130
16132
16137
16138
16139
16141
16144
16155
16156
16157
16159
16200
16201
16202
16204
16209
16210
16211
16213
16218
16219
16220
16222
16225
16236
16237
16238
16240
16243
16252
16261
16263
16264
16265
16267
16279
16362
16363
16364
16366
16371
16372
16373
16375
16380
16381
16382
16384
16387
16398
16399
16400
16402
16405
16414
16423
16425
16426
16427
16429
16441
16486
16495
16504
16506
16507
16508
16510
16522
16567
16576
16585
16587
16588
16589
16591
16603
16605
16606
16607
16609
16614
16615
16616
16618
16623
16624
16625
16627
16630
16641
16642
16643
16645
16729
16738
16747
16749
16750
16751
16753
16765
17134
17143
17152
17154
17155
17156
17158
17170
17215
17224
17233
17235
17236
17237
17239
17251
17296
17305
17314
17316
17317
17318
17320
17332
17334
17335
17336
17338
17343
17344
17345
17347
17352
17353
17354
17356
17359
17370
17371
17372
17374
17458
17467
17476
17478
17479
17480
17482
17494
17863
17872
17881
17883
17884
17885
17887
17899
17944
17953
17962
17964
17965
17966
17968
17980
18025
18034
18043
18045
18046
18047
18049
18061
18063
18064
18065
18067
18072
18073
18074
18076
18081
18082
18083
18085
18088
18099
18100
18101
18103
18187
18196
18205
18207
18208
18209
18211
18223
18225
18226
18227
18229
18234
18235
18236
18238
18243
18244
18245
18247
18250
18261
18262
18263
18265
18306
18307
18308
18310
18315
18316
18317
18319
18324
18325
18326
18328
18331
18342
18343
18344
18346
18387
18388
18389
18391
18396
18397
18398
18400
18405
18406
18407
18409
18412
18423
18424
18425
18427
18430
18439
18448
18450
18451
18452
18454
18466
18549
18550
18551
18553
18558
18559
18560
18562
18567
18568
18569
18571
18574
18585
18586
18587
18589
19321
19330
19339
19341
19342
19343
19345
19357
19402
19411
19420
19422
19423
19424
19426
19438
19483
19492
19501
19503
19504
19505
19507
19519
19521
19522
19523
19525
19530
19531
19532
19534
19539
19540
19541
19543
19546
19557
19558
19559
19561
19645
19654
19663
19665
19666
19667
19669
19681
26244
26245
26246
26248
26253
26254
26255
26257
26262
26263
26264
26266
26269
26280
26281
26282
26284
26325
26326
26327
26329
26334
26335
26336
26338
26343
26344
26345
26347
26350
26361
26362
26363
26365
26406
26407
26408
26410
26415
26416
26417
26419
26424
26425
26426
26428
26431
26442
26443
26444
26446
26449
26458
26467
26469
26470
26471
26473
26485
26568
26569
26570
26572
26577
26578
26579
26581
26586
26587
26588
26590
26593
26604
26605
26606
26608
26973
26974
26975
26977
26982
26983
26984
26986
26991
26992
26993
26995
26998
27009
27010
27011
27013
27054
27055
27056
27058
27063
27064
27065
27067
27072
27073
27074
27076
27079
27090
27091
27092
27094
27135
27136
27137
27139
27144
27145
27146
27148
27153
27154
27155
27157
27160
27171
27172
27173
27175
27178
27187
27196
27198
27199
27200
27202
27214
27297
27298
27299
27301
27306
27307
27308
27310
27315
27316
27317
27319
27322
27333
27334
27335
27337
27702
27703
27704
27706
27711
27712
27713
27715
27720
27721
27722
27724
27727
27738
27739
27740
27742
27783
27784
27785
27787
27792
27793
27794
27796
27801
27802
27803
27805
27808
27819
27820
27821
27823
27864
27865
27866
27868
27873
27874
27875
27877
27882
27883
27884
27886
27889
27900
27901
27902
27904
27907
27916
27925
27927
27928
27929
27931
27943
28026
28027
28028
28030
28035
28036
28037
28039
28044
28045
28046
28048
28051
28062
28063
28064
28066
28069
28078
28087
28089
28090
28091
28093
28105
28150
28159
28168
28170
28171
28172
28174
28186
28231
28240
28249
28251
28252
28253
28255
28267
28269
28270
28271
28273
28278
28279
28280
28282
28287
28288
28289
28291
28294
28305
28306
28307
28309
28393
28402
28411
28413
28414
28415
28417
28429
29160
29161
29162
29164
29169
29170
29171
29173
29178
29179
29180
29182
29185
29196
29197
29198
29200
29241
29242
29243
29245
29250
29251
29252
29254
29259
29260
29261
29263
29266
29277
29278
29279
29281
29322
29323
29324
29326
29331
29332
29333
29335
29340
29341
29342
29344
29347
29358
29359
29360
29362
29365
29374
29383
29385
29386
29387
29389
29401
29484
29485
29486
29488
29493
29494
29495
29497
29502
29503
29504
29506
29509
29520
29521
29522
29524
