7
9
10
12
13
16
46
48
52
55
57
58
61
63
64
66
67
70
73
75
76
79
81
82
84
85
90
91
93
94
97
100
102
106
108
109
111
117
118
120
121
124
129
139
142
144
145
432
433
462
463
468
489
490
496
507
511
513
514
516
517
522
523
526
543
544
552
553
565
567
568
570
571
574
588
594
597
598
603
604
607
615
616
624
630
631
634
642
652
655
657
664
667
673
675
676
682
684
685
687
688
696
697
703
705
723
724
729
730
736
738
739
741
742
745
754
756
757
759
765
768
772
781
784
786
787
796
804
805
810
811
813
819
820
822
823
826
837
838
846
847
849
850
853
858
867
871
873
874
876
883
885
889
898
900
912
918
948
949
957
961
966
972
973
981
982
984
985
988
999
1006
1015
1020
1038
1042
1047
1048
1051
1053
1054
1062
1063
1065
1066
1074
1080
1081
1083
1089
1090
1092
1093
1110
1111
1116
1123
1126
1132
1153
1168
1177
1182
1249
1258
1263
1276
1278
1279
1296
1297
1305
1306
1308
1312
4107
4108
4152
4158
4159
4161
4162
4167
4168
4171
4188
4189
4557
4563
4564
4566
4617
4618
4626
4627
4638
4644
4645
4647
4648
4653
4654
4657
4698
4699
4707
4708
4729
4734
4735
4738
4836
4837
4881
4887
4888
4890
4891
4896
4897
4900
4917
4918
4927
4972
4977
4978
4981
4989
5008
5377
5382
5383
5386
5427
5428
5436
5437
5458
5463
5464
5467
5475
5476
5529
5535
5536
5538
5544
5545
5547
5548
5556
5557
5583
5584
5656
5701
5706
5707
5710
5718
5737
6075
6076
6084
6085
6087
6088
6150
6151
6156
6157
6165
6166
6168
6169
6183
6184
6192
6193
6195
6196
6204
6205
6264
6265
6273
6274
6276
6277
6285
6286
6312
6313
6447
6448
6507
6508
6516
6517
6519
6520
6528
6529
6555
6556
6561
6562
6570
6571
6573
6574
6577
6618
6619
6628
6636
6637
6642
6643
6651
6652
6654
6655
6658
6669
6670
6678
6679
6681
6682
6703
6705
6706
7023
7024
7068
7074
7075
7077
7078
7083
7084
7087
7104
7105
7114
7159
7164
7165
7168
7176
7177
7195
7236
7237
7245
7246
7248
7249
7257
7258
7284
7285
7290
7291
7299
7300
7302
7303
7306
7347
7348
7357
7365
7366
7371
7372
7380
7381
7383
7384
7387
7398
7399
7407
7408
7410
7411
7432
7434
7435
7437
7446
7518
7527
7533
7534
7542
7543
7545
7546
7549
7567
7576
7581
7608
7609
7614
7615
7623
7624
7626
7627
7641
7642
7650
7651
7653
7654
7729
7738
7743
7810
7819
7824
7837
7839
7840
7857
7858
7866
7867
7869
7873
7884
7885
7965
7966
7972
7981
7986
8004
8013
8613
8614
8694
8695
8701
8710
8715
8733
8742
8748
8749
8757
8758
8760
8761
8764
8823
8824
8829
8830
8838
8839
8841
8842
8845
8856
8857
8865
8866
8868
8869
8890
8892
8893
9052
9054
9055
9133
9135
9136
9138
9147
9180
9181
9363
9364
9423
9424
9432
9433
9435
9436
9444
9445
9471
9472
9477
9478
9486
9487
9489
9490
9552
9553
9558
9559
9567
9568
9570
9571
9585
9586
9594
9595
9597
9598
9720
9721
9729
9730
9732
9733
9795
9796
9801
9802
9810
9811
9813
9814
9828
9829
9837
9838
9840
9841
10510
10512
10513
10591
10593
10594
10596
10605
10638
10639
11239
11241
11242
11320
11322
11323
11325
11334
11367
11368
11374
11383
11388
11455
11464
11469
11482
11484
11485
11502
11503
11511
11512
11514
11518
11664
11665
11673
11674
11676
11680
11745
11746
11754
11755
11757
11761
11772
11773
11806
11808
11809
