2
3
4
5
6
7
8
9
10
11
12
13
14
15
16
17
18
19
20
21
22
23
24
25
26
27
28
29
30
31
32
33
34
35
36
37
38
39
40
41
42
43
44
45
46
47
48
49
50
51
52
53
54
55
56
57
58
59
60
61
62
63
64
65
66
67
68
69
70
71
72
73
74
75
76
77
78
80
81
82
83
84
85
86
87
88
89
90
91
92
93
94
95
96
97
98
99
100
101
102
103
105
106
107
108
109
110
111
113
114
116
117
118
120
121
122
123
124
125
126
127
129
130
131
132
133
134
135
136
137
138
139
140
141
142
143
144
145
146
147
148
150
151
152
153
154
155
156
158
159
160
161
162
163
164
165
166
167
168
169
171
172
173
174
177
178
179
180
181
182
186
187
188
195
196
200
216
217
218
219
220
221
225
226
227
231
232
233
234
235
236
240
241
242
243
244
245
246
247
248
249
251
252
253
254
255
257
258
259
260
261
262
263
267
268
269
270
271
272
273
274
275
276
278
279
280
281
285
286
287
288
289
290
291
293
294
295
296
297
298
300
302
303
305
315
316
318
320
321
323
324
325
326
327
328
329
333
405
406
408
410
411
413
414
415
417
419
420
422
432
433
435
437
438
440
450
451
453
455
456
458
459
460
462
464
465
467
477
478
480
482
483
485
486
487
489
491
492
494
495
496
498
500
501
503
513
514
516
518
519
521
531
532
534
536
537
539
540
541
543
545
546
548
558
559
561
563
564
566
648
649
651
653
654
656
657
658
660
662
663
665
675
676
678
680
681
683
693
694
696
698
699
701
702
703
705
707
708
710
720
721
723
725
726
728
729
730
732
734
735
737
738
739
741
743
744
746
756
757
759
761
762
764
774
775
777
779
780
782
783
784
786
788
789
791
801
802
804
806
807
809
810
811
813
815
816
818
819
820
822
824
825
827
837
838
840
842
843
845
855
856
858
860
861
863
864
865
867
869
870
872
882
883
885
887
888
890
972
973
975
977
978
980
981
982
984
986
987
989
999
1000
