2
4
5
7
8
9
10
11
12
13
14
15
16
17
18
19
20
21
22
23
24
25
26
29
30
32
34
35
36
37
38
39
40
41
42
43
44
45
46
47
48
50
51
52
53
57
60
62
63
64
65
66
67
68
69
70
71
72
73
74
75
76
77
78
81
82
83
84
85
86
87
88
89
90
91
92
93
94
95
97
98
99
100
101
102
103
104
105
106
107
108
109
112
113
115
117
118
119
120
121
127
131
132
136
138
140
141
142
145
146
147
148
149
150
152
153
154
155
156
157
159
162
163
164
167
170
171
172
173
174
176
179
180
181
182
183
184
185
186
187
188
189
190
191
194
196
197
198
199
200
205
207
208
209
210
211
212
213
214
215
216
217
218
225
226
227
234
235
236
237
238
239
240
241
242
281
282
308
312
321
335
342
343
344
345
348
351
352
353
354
356
357
362
363
365
369
370
374
375
376
377
383
390
392
393
402
405
406
410
414
415
416
417
418
446
450
451
455
456
457
458
459
460
464
468
469
470
471
472
473
477
478
482
483
484
485
551
555
578
585
586
587
615
618
621
622
626
627
632
633
635
636
642
645
660
669
671
672
675
676
677
678
699
702
703
705
707
708
713
714
716
717
723
726
729
730
731
734
738
739
740
741
742
747
748
749
750
751
752
753
754
755
767
768
770
774
775
779
780
781
782
794
798
804
807
810
811
812
815
819
820
821
822
823
824
828
829
830
831
832
833
834
835
836
837
838
842
843
846
847
848
849
850
851
855
856
860
861
862
863
869
876
878
879
891
892
893
896
900
901
902
903
904
909
910
911
912
913
914
915
916
917
918
919
920
923
924
927
928
929
930
932
936
937
938
939
940
941
942
943
944
945
946
947
950
954
955
956
957
958
959
963
964
965
966
967
968
969
970
971
972
973
977
981
982
983
984
985
1013
1017
1018
1022
1023
1024
1025
1053
1054
1058
1062
1063
1064
1065
1066
1067
1071
1072
1076
1077
1078
1079
1080
1081
1085
1089
1090
1091
1092
1093
1458
1459
1460
1467
1468
1469
1476
1477
1478
1479
1480
1481
1482
1483
1484
1539
1540
1541
1548
1549
1550
1557
1558
1559
1560
1561
1562
1563
1564
1565
1620
1621
1622
1629
1630
1631
1638
1639
1640
1641
1642
1643
1644
1645
1646
1647
1648
1649
1656
1657
1658
1665
1666
1667
1668
1669
1670
1671
1672
1673
1674
1675
1676
1683
1684
1685
1692
1693
1694
1695
1696
1697
1698
1699
1700
1701
1702
1703
1710
1711
1712
1719
1720
1721
1722
1723
1724
1725
1726
1727
1782
1783
1784
1791
1792
1793
1800
1801
1802
1803
1804
1805
1806
1807
1808
1863
1864
1865
1872
1873
1874
1881
1882
1883
1884
1885
1886
1887
1888
1889
1890
1891
1892
1899
1900
1901
1908
1909
1910
1911
1912
1913
1914
1915
1916
1917
1918
1919
1926
1927
1928
1935
1936
1937
1938
1939
1940
1941
1942
1943
1944
1945
1946
1953
1954
1955
1962
1963
1964
1965
1966
1967
1968
1969
1970
2025
2026
2027
2034
2035
2036
2043
2044
2045
2046
2047
2048
2049
2050
2051
2106
2107
2108
2115
2116
2117
2124
2125
2126
2127
2128
2129
2130
2131
2132
2133
2134
2135
2142
2143
2144
2151
2152
2153
2154
2155
2156
2157
2158
2159
2160
2161
2162
2169
2170
2171
2178
2179
2180
2181
2182
2183
2184
2185
2186
