2
4
5
7
8
9
10
11
13
14
16
17
18
19
20
22
23
25
26
28
29
31
32
34
35
36
37
38
40
41
43
44
45
46
47
49
50
52
53
55
56
58
59
61
62
63
64
65
67
68
70
71
72
73
74
76
77
79
80
81
82
83
85
86
88
89
90
91
92
94
95
97
98
99
100
101
103
104
106
107
110
112
113
115
116
117
118
119
121
124
125
126
127
128
130
131
133
134
137
139
140
144
145
146
148
149
151
152
153
154
155
158
160
161
162
163
164
166
167
169
170
171
172
173
175
176
178
179
180
181
182
185
187
188
191
193
194
203
205
206
207
208
209
211
212
214
215
225
226
227
229
230
232
233
234
235
236
238
239
241
242
284
286
287
288
289
292
293
295
296
306
307
310
315
316
319
320
322
323
324
325
328
329
331
332
333
334
337
347
349
350
356
358
359
360
361
364
365
367
368
369
370
373
374
376
377
387
388
391
396
397
400
401
403
404
405
406
407
409
410
412
413
414
415
416
418
419
421
422
423
424
425
428
430
431
437
439
440
441
442
445
446
448
449
450
451
452
454
455
457
458
468
469
470
472
473
475
476
477
478
479
481
482
484
485
567
568
569
572
574
575
576
577
578
581
583
584
585
586
587
590
592
593
612
613
614
617
619
620
630
631
632
635
637
638
639
640
641
644
646
647
648
649
650
653
655
656
657
658
659
662
664
665
666
667
668
671
673
674
693
694
695
698
700
701
711
712
713
716
718
719
720
721
722
725
727
728
729
730
731
734
736
737
738
739
740
743
745
746
747
748
749
752
754
755
774
775
776
779
781
782
792
793
794
797
799
800
801
802
803
806
808
809
810
811
812
815
817
818
819
820
821
824
826
827
828
829
830
833
835
836
855
856
857
860
862
863
873
874
875
878
880
881
882
883
884
887
889
890
891
892
893
896
898
899
900
901
902
905
907
908
909
910
911
914
916
917
936
937
938
941
943
944
954
955
956
959
961
962
963
964
965
968
970
971
