2
3
4
5
6
7
9
10
11
12
13
14
15
16
18
19
20
21
22
23
24
25
27
28
29
30
31
32
33
34
36
37
38
39
40
41
42
43
45
46
47
48
49
50
51
52
54
55
56
57
58
59
60
61
63
64
65
66
67
68
69
70
73
74
75
76
77
78
79
81
82
83
84
85
86
87
88
90
91
92
93
94
95
96
97
99
100
101
102
103
104
105
106
108
109
110
111
112
113
114
115
117
118
119
120
121
122
123
124
126
127
128
129
130
131
132
133
135
136
137
138
139
140
141
142
144
145
146
147
148
149
150
151
154
155
156
157
158
159
160
162
163
164
165
166
167
168
169
171
172
173
174
175
176
177
178
180
181
182
183
184
185
186
187
189
190
191
192
193
194
195
196
198
199
200
201
202
203
204
205
207
208
209
210
211
212
213
214
216
217
218
219
220
221
222
223
225
226
227
228
229
230
231
232
235
236
237
238
239
240
241
243
244
245
246
247
248
249
250
252
253
254
255
256
257
258
259
261
262
263
264
265
266
267
268
270
271
272
273
274
275
276
277
279
280
281
282
284
285
286
288
289
290
291
292
293
294
295
297
298
299
300
301
302
303
304
306
307
308
309
310
311
312
313
316
317
318
319
320
321
322
324
325
326
327
328
329
330
331
333
334
335
336
337
338
339
340
342
343
344
345
346
347
348
349
351
352
353
354
355
356
357
358
360
361
362
364
365
366
367
369
370
371
372
373
374
375
378
379
380
381
382
383
384
385
387
388
389
390
391
392
393
394
397
398
399
400
401
402
403
405
406
407
408
409
410
411
412
414
415
416
417
418
419
420
421
423
424
425
426
427
428
429
430
432
433
434
435
436
437
438
439
441
442
443
444
445
446
447
448
450
451
452
453
454
455
456
457
459
460
461
462
463
464
465
466
468
469
470
471
472
473
474
475
478
479
480
482
483
486
487
488
489
490
491
492
493
495
496
497
498
499
500
501
502
504
505
506
508
509
510
511
513
514
515
516
517
518
519
520
522
523
524
525
526
527
528
531
532
533
534
535
536
537
540
541
542
543
544
545
546
547
549
550
551
552
553
554
555
556
559
560
561
562
563
564
565
567
568
569
570
571
572
573
574
576
577
578
580
582
583
585
586
587
588
590
591
594
595
596
597
598
599
600
601
603
604
605
606
607
608
609
610
612
613
614
615
616
617
618
619
621
622
623
625
626
627
628
630
631
632
633
634
635
636
637
640
641
642
643
644
645
646
649
650
651
653
654
655
657
658
659
660
661
662
663
664
666
667
668
669
670
671
672
675
676
678
679
680
681
682
684
685
687
690
691
693
694
695
696
697
698
699
700
702
703
704
705
706
707
708
709
711
712
713
714
716
717
718
721
722
723
724
725
729
730
731
732
733
734
735
736
738
739
740
741
742
743
744
745
747
748
749
750
751
752
753
754
756
757
758
759
760
761
762
763
765
766
767
768
769
770
771
772
774
775
776
777
778
779
780
783
784
785
786
787
788
789
790
792
793
794
796
797
798
799
802
803
804
806
807
810
811
812
813
814
815
816
817
819
820
821
822
823
824
825
828
829
830
831
832
833
834
837
838
839
840
841
842
843
844
846
847
848
850
851
852
853
855
856
859
860
861
864
865
866
867
868
869
870
874
875
876
878
879
880
883
884
885
886
888
891
892
893
894
895
896
897
898
900
901
902
903
904
905
906
909
910
911
912
913
915
916
918
919
920
921
922
923
924
925
927
928
929
930
931
933
936
937
938
939
940
942
945
946
947
949
951
952
954
955
956
957
958
959
960
964
965
970
972
973
974
975
976
977
978
979
981
982
983
984
985
987
990
991
992
993
994
995
996
997
999
1000
1001
1002
1003
1005
1006
1008
1009
1010
1011
1012
1013
1014
1015
1017
1018
1022
1023
1024
1026
1027
1029
1031
1032
1033
1035
1036
1037
1038
1040
1041
1042
1045
1046
1049
1050
1051
1053
1054
1055
1056
1057
1058
1059
1060
1062
1063
1064
1065
1066
1067
1068
1069
1071
1072
1073
1074
1075
1076
1077
1078
1080
1081
1082
1083
1084
1086
1089
1090
1091
1092
1093
1094
1095
1096
1098
1099
1101
1102
1103
1104
1107
1108
1109
1110
1111
1113
1114
1116
1117
1118
1122
1123
1126
1127
1128
1129
1131
1132
1134
1135
1137
1138
1139
1140
1141
1143
1144
1145
1148
1149
1150
1152
1153
1155
1156
1157
1158
1159
1161
1162
1163
1164
1167
1168
1170
1172
1173
1175
1176
1177
1179
1180
1181
1184
1185
1188
1189
1192
1193
1194
1197
1198
1199
1200
1202
1203
1207
1208
1209
1211
1215
1216
1217
1218
1219
1220
1221
1222
1224
1225
1226
1227
1228
1229
1230
1231
1233
1234
1235
1236
1237
1238
1239
1240
1242
1243
1245
1246
1247
1248
1249
1251
1252
1253
1255
1257
1260
1261
1263
1266
1267
1269
1270
1271
1272
1273
1274
1275
1276
1278
1279
1282
1283
1284
1285
1289
1290
1291
1292
1296
1297
1299
1300
1302
1303
1305
1306
1307
1308
1314
1315
1316
1317
1318
1319
1320
1323
1324
1326
1327
1328
1329
1330
1332
1333
1334
1335
1337
1338
1339
1341
1342
1343
1344
1345
1346
1347
1348
1350
1351
1353
1354
1355
1356
1357
1359
1360
1361
1363
1365
1366
1369
1370
1371
1373
1374
1375
1384
1386
1387
1388
1390
1391
1392
1393
1395
1396
1397
1399
1400
1401
1404
1405
1408
1409
1410
1414
1419
1420
1423
1424
1426
1428
1431
1432
1434
1435
1437
1440
1441
1443
1444
1446
1458
1459
1460
1461
1462
1463
1464
1467
1468
1469
1470
1471
1472
1473
1474
1476
1477
1478
1479
1480
1482
1485
1486
1487
1488
1491
1494
1495
1496
1498
1499
1500
1503
1504
1505
1506
1507
1508
1509
1512
1513
1514
1516
1517
1518
1521
1522
1526
1531
1532
1533
1535
1536
1539
1540
1541
1542
1543
1544
1545
1546
1548
1549
1550
1551
1552
1553
1554
1555
1557
1558
1559
1560
1561
1563
1566
1567
1568
1569
1570
1575
1576
1577
1578
1579
1581
1582
1584
1586
1587
1589
1590
1591
1593
1594
1595
1596
1597
1598
1599
1600
1602
1603
1604
1605
1606
1607
1608
1609
1612
1613
1617
1620
1621
1622
1623
1624
1625
1626
1629
1630
1631
1632
1633
1635
1636
1638
1639
1640
1641
1642
1643
1644
1645
1647
1648
1649
1650
1653
1654
1656
1657
1658
1660
1661
1662
1663
1665
1666
1670
1671
1672
1674
1675
1676
1678
1679
1680
1681
1683
1684
1685
1689
1690
1697
1701
1702
1703
1704
1705
1706
1708
1710
1711
1712
1713
1715
1716
1717
1719
1720
1721
1722
1723
1724
1725
1726
1728
1729
1730
1731
1735
1737
1738
1740
1741
1744
1746
1748
1749
1750
1751
1752
1753
1755
1756
1759
1760
1761
1762
1764
1765
1766
1768
1770
1771
1774
1775
1776
1777
1778
1782
1783
1784
1785
1786
1788
1791
1792
1793
1795
1797
1800
1801
1802
1804
1805
1806
1809
1810
1812
1813
1814
1815
1818
1819
1820
1821
1822
1823
1824
1825
1827
1828
1830
1831
1832
1833
1836
1837
1838
1839
1840
1841
1842
1843
1845
1846
1847
1848
1851
1852
1855
1856
1858
1860
1861
1863
1864
1868
1869
1870
1872
1873
1877
1878
1879
1882
1892
1894
1896
1902
1904
1905
1906
1908
1909
1913
1914
1915
1917
1918
1919
1920
1922
1923
1926
1927
1928
1931
1932
1938
1940
1944
1945
1946
1948
1949
1950
1951
1953
1954
1955
1956
1957
1958
1959
1962
1963
1964
1966
1968
1971
1973
1975
1976
1977
1978
1980
1981
1982
1984
1985
1986
1989
1990
1991
1995
1996
1998
1999
2000
2002
2003
2004
2005
2007
2008
2009
2010
2012
2013
2014
2017
2018
2019
2021
2022
2023
2025
2026
2030
2031
2032
2034
2035
2039
2040
2043
2044
2046
2047
2048
2049
2050
2052
2053
2056
2057
2058
2059
2061
2064
2066
2068
2071
2072
2074
2075
2076
2079
2081
2083
2084
2086
2088
2089
2090
2092
2095
2098
2103
2104
2112
2113
2115
2116
2117
2119
2120
2121
2124
2125
2128
2129
2130
2131
2133
2134
2137
2138
2139
2140
2143
2148
2151
2152
2153
2155
2156
2157
2160
2166
2169
2170
2175
2187
2188
2189
2190
2191
2192
2193
2194
2196
2197
2198
2199
2202
2203
2205
2206
2207
2208
2214
2215
2216
2217
2218
2220
2221
2223
2224
2228
2232
2233
2234
2235
2236
2237
2241
2242
2243
2244
2245
2246
2247
2248
2250
2251
2252
2254
2255
2256
2257
2260
2264
2268
2269
2270
2271
2272
2273
2274
2275
2277
2278
2279
2280
2282
2286
2287
2288
2289
2295
2296
2297
2298
2304
2305
2308
2310
2311
2314
2315
2319
2322
2323
2324
2325
2326
2327
2328
2329
2331
2332
2337
2338
2346
2349
2350
2351
2352
2354
2355
2356
2358
2359
2360
2361
2362
2363
2364
2365
2367
2368
2369
2370
2372
2373
2374
2376
2377
2378
2379
2380
2381
2382
2383
2385
2386
2387
2388
2389
2390
2391
2392
2394
2395
2397
2399
2400
2403
2404
2406
2410
2412
2413
2417
2419
2425
2430
2431
2432
2433
2434
2435
2436
2437
2439
2440
2441
2442
2445
2446
2448
2449
2450
2451
2453
2454
2455
2457
2458
2459
2460
2461
2463
2464
2466
2467
2468
2469
2473
2480
2481
2482
2484
2485
2487
2488
2490
2491
2493
2494
2498
2499
2500
2505
2506
2511
2512
2514
2515
2517
2518
2520
2521
2522
2526
2527
2529
2531
2534
2535
2538
2542
2548
2549
2550
2566
2568
2586
2587
2589
2592
2593
2596
2603
2610
2619
2622
2625
2626
2628
2630
2631
2634
2638
2641
2643
2646
2647
2650
2651
2656
2657
2658
2659
2660
2661
2666
2667
2669
2673
2674
2675
2676
2677
2679
2680
2682
2683
2684
2685
2688
2689
2692
2693
2695
2696
2697
2700
2701
2702
2703
2704
2706
2707
2709
2710
2711
2715
2718
2719
2722
2724
2725
2727
2728
2730
2731
2732
2733
2734
2736
2737
2741
2742
2743
2746
2747
2748
2749
2751
2752
2754
2755
2757
2758
2759
2760
2761
2763
2764
2768
2769
2770
2772
2773
2774
2776
2777
2778
2779
2782
2784
2785
2787
2788
2790
2791
2792
2793
2796
2797
2799
2800
2802
2803
2805
2808
2809
2813
2815
2817
2818
2819
2820
2821
2822
2823
2824
2827
2828
2829
2830
2831
2832
2833
2841
2842
2844
2854
2856
2857
2858
2859
2860
2862
2863
2869
2871
2877
2878
2887
2889
2898
2905
2916
2917
2918
2919
2920
2922
2923
2925
2926
2927
2928
2929
2931
2932
2934
2935
2936
2937
2938
2940
2943
2944
2946
2947
2949
2950
2952
2953
2954
2956
2957
2958
2961
2965
2967
2970
2971
2972
2973
2974
2976
2977
2979
2980
2984
2985
2986
2989
2990
2991
2993
2997
2998
2999
3000
3001
3003
3004
3006
3007
3008
3010
3012
3013
3015
3016
3017
3019
3020
3021
3026
3028
3029
3030
3031
3033
3034
3035
3037
3038
3039
3040
3042
3045
3046
3049
3051
3052
3053
3055
3056
3057
3058
3060
3062
3064
3065
3066
3067
3070
3071
3072
3073
3075
3078
3079
3080
3082
3084
3085
3087
3088
3089
3091
3092
3093
3096
3097
3098
3099
3100
3101
3102
3105
3107
3109
3110
3111
3112
3114
3115
3116
3118
3119
3120
3121
3123
3124
3125
3127
3129
3130
3132
3133
3134
3136
3137
3138
3141
3142
3147
3148
3151
3156
3157
3166
3168
3172
3173
3174
3177
3178
3180
3182
3183
3188
3190
3191
3192
3193
3195
3196
3204
3205
3210
3213
3240
3241
3242
3244
3246
3249
3250
3251
3253
3254
3255
3258
3259
3260
3262
3263
3264
3265
3268
3271
3273
3276
3277
3278
3280
3281
3282
3283
3285
3286
3287
3288
3289
3290
3291
3294
3295
3296
3297
3298
3299
3300
3301
3303
3304
3305
3306
3308
3310
3317
3318
3319
3321
3322
3323
3324
3326
3327
3330
3331
3332
3333
3335
3336
3339
3340
3341
3342
3343
3344
3348
3349
3350
3351
3353
3355
3357
3358
3362
3363
3364
3366
3367
3368
3369
3371
3372
3375
3376
3378
3380
3389
3390
3391
3394
3402
3403
3404
3406
3407
3408
3411
3412
3413
3415
3416
3417
3420
3421
3422
3424
3426
3429
3431
3436
3438
3439
3440
3442
3443
3444
3447
3448
3449
3450
3452
3456
3457
3458
3460
3461
3462
3463
3465
3466
3470
3471
3472
3480
3481
3483
3484
3488
3489
3492
3493
3496
3497
3498
3501
3502
3503
3504
3506
3507
3508
3510
3517
3519
3520
3524
3528
3529
3530
3531
3532
3533
3537
3539
3542
3544
3546
3547
3548
3550
3551
3553
3556
3558
3559
3561
3568
3582
3584
3585
3586
3587
3588
3589
3591
3592
3594
3598
3600
3606
3607
3609
3610
3611
3612
3613
3615
3618
3619
3622
3623
3624
3628
3633
3645
3646
3647
3648
3650
3651
3654
3655
3656
3657
3659
3660
3663
3664
3665
3666
3668
3669
3670
3672
3673
3674
3675
3676
3679
3681
3682
3686
3687
3688
3690
3691
3692
3693
3694
3695
3696
3699
3700
3701
3704
3709
3710
3712
3713
3719
3720
3722
3726
3727
3728
3729
3731
3732
3735
3736
3737
3738
3740
3741
3742
3744
3745
3746
3747
3750
3753
3754
3755
3756
3757
3763
3767
3768
3769
3771
3772
3776
3777
3780
3781
3799
3804
3807
3808
3809
3810
3812
3816
3817
3818
3819
3825
3826
3827
3828
3830
3834
3835
3836
3837
3838
3840
3843
3844
3845
3846
3852
3853
3854
3855
3856
3862
3863
3864
3875
3876
3877
3880
3885
3886
3888
3889
3890
3891
3893
3897
3898
3899
3900
3901
3903
3906
3907
3908
3909
3911
3912
3915
3916
3917
3918
3920
3925
3933
3934
3937
3939
3942
3943
3946
3947
3948
3949
3951
3952
3953
3955
3957
3958
3961
3966
3967
3969
3970
3971
3973
3975
3978
3980
3987
3988
3989
3991
3992
3993
3996
3997
4000
4006
4007
4008
4010
4011
4012
4014
4015
4016
4017
4018
4019
4020
4023
4024
4026
4027
4028
4029
4030
4032
4033
4034
4035
4036
4037
4038
4039
4042
4043
4045
4047
4050
4051
4052
4053
4055
4056
4057
4059
4060
4061
4062
4064
4065
4068
4069
4070
4071
4077
4078
4079
4080
4082
4083
4084
4086
4088
4091
4092
4093
4095
4096
4097
4098
4099
4100
4101
4104
4105
4108
4109
4115
4117
4118
4119
4131
4132
4133
4135
4136
4137
4138
4140
4141
4143
4145
4146
4147
4152
4153
4155
4162
4164
4165
4167
4172
4176
4177
4178
4179
4181
4190
4199
4230
4231
4232
4234
4236
4239
4240
4243
4245
4248
4250
4251
4253
4257
4258
4259
4260
4261
4262
4263
4266
4269
4271
4277
4279
4280
4281
4289
4302
4303
4304
4307
4311
4312
4320
4338
4374
4375
4376
4377
4378
4379
4380
4381
4383
4384
4385
4386
4387
4388
4389
4390
4392
4393
4394
4396
4397
4398
4399
4401
4402
4404
4405
4407
4408
4410
4411
4412
4414
4415
4416
4417
4419
4420
4423
4424
4425
4428
4429
4430
4431
4432
4434
4435
4437
4438
4447
4455
4456
4457
4458
4459
4460
4461
4462
4464
4465
4466
4468
4469
4470
4473
4474
4475
4477
4478
4479
4482
4483
4484
4486
4489
4491
4492
4493
4494
4495
4496
4497
4498
4500
4501
4504
4505
4506
4507
4509
4510
4511
4512
4513
4514
4515
4516
4518
4519
4523
4524
4525
4528
4533
4536
4537
4538
4540
4542
4543
4545
4546
4547
4549
4550
4551
4552
4554
4555
4556
4558
4559
4560
4567
4568
4569
4570
4572
4573
4574
4575
4576
4578
4579
4581
4582
4583
4585
4590
4591
4592
4594
4596
4599
4600
4602
4605
4606
4609
4614
4615
4617
4618
4620
4621
4623
4624
4626
4627
4632
4633
4636
4640
4644
4645
4647
4648
4650
4651
4653
4654
4659
4662
4666
4667
4668
4671
4672
4674
4675
4677
4678
4680
4681
4690
4695
4696
4698
4699
4700
4701
4702
4704
4705
4707
4708
4709
4711
4713
4716
4717
4718
4720
4722
4729
4731
4734
4735
4736
4738
4739
4740
4743
4744
4745
4746
4747
4748
4752
4753
4754
4756
4757
4758
4766
4767
4768
4771
4776
4777
4779
4780
4781
4782
4784
4788
4789
4790
4791
4793
4797
4798
4799
4800
4804
4806
4807
4808
4809
4812
4813
4815
4818
4820
4824
4825
4826
4827
4829
4833
4834
4837
4838
4845
4847
4860
4861
4862
4863
4864
4866
4867
4869
4870
4871
4872
4873
4875
4876
4878
4879
4880
4882
4883
4884
4885
4887
4888
4890
4891
4892
4893
4894
4896
4897
4898
4900
4901
4902
4905
4906
4907
4908
4909
4910
4911
4914
4915
4916
4917
4918
4919
4920
4921
4923
4924
4925
4926
4928
4933
4937
4941
4942
4944
4945
4946
4947
4948
4950
4951
4959
4960
4962
4964
4968
4982
4986
4987
4988
4989
4991
4998
5000
5007
5009
5014
5017
5019
5028
5029
5031
5041
5047
5050
5054
5055
5056
5064
5072
5073
5076
5085
5086
5103
5104
5106
5107
5109
5110
5112
5113
5115
5117
5118
5119
5125
5127
5128
5130
5131
5133
5134
5136
5137
5139
5140
5145
5157
5158
5160
5161
5162
5163
5164
5166
5167
5172
5173
5176
5181
5184
5185
5186
5187
5188
5190
5191
5193
5194
5197
5198
5199
5206
5220
5221
5238
5244
5257
5262
5272
5274
5279
5284
5288
5297
5298
5299
5310
5369
5373
5376
5383
5384
5385
5388
5391
5396
5397
5400
5401
5403
5409
5410
5414
5424
5425
5436
5438
5445
5447
5450
5454
5464
5465
5466
5468
5472
5473
5474
5475
5477
5482
5484
5486
5495
5501
5502
5504
5508
5509
5510
5511
5513
5517
5518
5519
5520
5526
5527
5528
5529
5531
5535
5536
5537
5538
5545
5546
5547
5549
5553
5554
5555
5556
5558
5559
5562
5567
5576
5577
5578
5581
5589
5590
5608
5612
5614
5617
5621
5622
5623
5630
5634
5635
5636
5637
5639
5644
5646
5648
5653
5657
5663
5664
5666
5667
5668
5670
5671
5677
5679
5681
5689
5692
5693
5694
5697
5698
5701
5702
5703
5704
5709
5711
5715
5716
5717
5718
5719
5720
5721
5729
5736
5738
5743
5746
5748
5757
5758
5760
5769
5770
5771
5774
5776
5778
5779
5781
5783
5784
5785
5787
5790
5793
5796
5797
5799
5801
5802
5805
5806
5809
5810
5814
5815
5817
5881
5883
5886
5887
5890
5891
5892
5893
5895
5896
5901
5902
5905
5906
5913
5914
5915
5917
5919
5922
5923
5927
5941
5955
5959
5968
5970
5972
5977
5978
5979
5980
5981
5982
5986
5987
5989
5991
5994
5995
5996
5998
5999
6000
6001
6003
6012
6013
6014
6016
6027
6030
6031
6032
6033
6039
6040
6042
6049
6051
6052
6059
6061
6062
6063
6067
6068
6075
6076
6077
6080
6084
6085
6098
6102
6103
6105
6112
6113
6114
6130
6132
6143
6198
6202
6205
6207
6210
6214
6229
6230
6231
6233
6237
6238
6239
6242
6246
6247
6248
6260
6264
6274
6275
6276
6346
6351
6354
6356
6360
6363
6364
6366
6373
6375
6376
6377
6382
6391
6392
6393
6395
6408
6410
6561
6562
6563
6564
6565
6566
6567
6568
6570
6571
6572
6573
6574
6575
6576
6577
6579
6580
6581
6582
6583
6584
6585
6586
6588
6589
6590
6591
6592
6594
6595
6597
6598
6599
6601
6602
6603
6604
6606
6607
6608
6609
6610
6611
6612
6615
6616
6617
6618
6619
6620
6621
6622
6624
6625
6629
6630
6631
6634
6635
6636
6638
6642
6643
6644
6645
6646
6647
6648
6649
6651
6652
6653
6654
6655
6656
6657
6660
6661
6662
6663
6664
6666
6669
6670
6671
6672
6674
6675
6676
6678
6679
6680
6682
6683
6684
6685
6687
6688
6692
6693
6696
6697
6698
6699
6700
6701
6702
6703
6705
6706
6707
6709
6710
6711
6712
6715
6716
6723
6724
6725
6726
6727
6728
6729
6732
6733
6734
6735
6736
6738
6739
6741
6742
6743
6744
6745
6746
6747
6748
6750
6751
6752
6753
6756
6757
6759
6760
6761
6763
6764
6765
6766
6768
6769
6773
6774
6777
6778
6779
6781
6783
6784
6786
6787
6792
6793
6796
6801
6802
6804
6805
6806
6807
6808
6809
6810
6811
6813
6814
6815
6816
6819
6820
6822
6823
6824
6825
6827
6828
6829
6831
6832
6833
6834
6835
6837
6838
6840
6841
6842
6843
6853
6855
6858
6859
6861
6862
6864
6865
6867
6868
6869
6871
6872
6873
6874
6885
6886
6887
6888
6889
6891
6892
6894
6895
6896
6898
6899
6900
6903
6904
6905
6907
6908
6909
6910
6913
6921
6922
6923
6925
6926
6927
6928
6930
6931
6932
6933
6935
6936
6939
6940
6941
6943
6944
6945
6946
6948
6949
6953
6955
6959
6960
6962
6966
6967
6968
6969
6971
6972
6975
6976
6977
6978
6980
6981
6984
6985
6986
6987
6989
6993
6994
6995
6996
6999
7002
7003
7004
7005
7007
7008
7009
7011
7012
7013
7014
7015
7016
7017
7020
7021
7025
7031
7033
7034
7035
7047
7048
7049
7050
7051
7052
7053
7054
7056
7057
7058
7060
7061
7062
7063
7065
7066
7067
7069
7071
7074
7075
7077
7078
7080
7081
7083
7084
7085
7087
7088
7089
7092
7093
7094
7095
7097
7101
7102
7103
7104
7105
7106
7107
7108
7110
7111
7115
7128
7129
7131
7132
7134
7135
7137
7138
7169
7173
7174
7175
7176
7178
7187
7196
7218
7219
7227
7229
7231
7237
7251
7255
7267
7290
7291
7292
7293
7294
7295
7296
7297
7299
7300
7301
7302
7303
7304
7305
7306
7308
7309
7310
7311
7312
7313
7314
7315
7317
7318
7319
7320
7321
7323
7324
7326
7327
7328
7330
7331
7332
7333
7335
7336
7337
7338
7339
7340
7341
7344
7345
7346
7347
7348
7349
7350
7351
7353
7354
7358
7363
7364
7371
7372
7373
7374
7375
7376
7377
7378
7380
7381
7382
7383
7384
7385
7386
7389
7390
7391
7392
7393
7395
7398
7399
7400
7401
7407
7408
7409
7411
7412
7413
7414
7416
7417
7421
7422
7425
7426
7427
7429
7431
7452
7453
7454
7455
7456
7457
7458
7461
7462
7463
7464
7465
7467
7470
7471
7472
7473
7474
7476
7479
7480
7481
7482
7488
7489
7490
7492
7494
7506
7507
7508
7510
7512
7517
7519
7521
7525
7526
7533
7534
7535
7536
7538
7542
7543
7544
7545
7551
7552
7553
7554
7560
7561
7562
7563
7575
7578
7583
7584
7587
7596
7597
7611
7612
7614
7615
7616
7618
7620
7623
7624
7625
7627
7628
7629
7632
7633
7634
7636
7637
7638
7639
7642
7650
7651
7652
7654
7655
7656
7657
7659
7660
7663
7664
7665
7668
7669
7670
7672
7674
7675
7677
7678
7683
7684
7687
7688
7692
7695
7696
7700
7701
7704
7705
7709
7710
7736
7737
7738
7740
7741
7745
7746
7749
7750
7754
7759
7763
7769
7770
7772
7776
7777
7778
7780
7781
7782
7785
7786
7787
7789
7790
7791
7794
7795
7796
7798
7799
7800
7803
7812
7813
7814
7816
7818
7821
7822
7824
7830
7831
7832
7833
7834
7835
7836
7840
7850
7851
7853
7866
7868
7887
7894
7895
7896
7902
7903
7905
7916
7921
7931
7932
7934
8019
8020
8021
8022
8023
8024
8025
8028
8029
8030
8031
8032
8034
8037
8038
8039
8040
8041
8043
8046
8047
8048
8049
8055
8056
8057
8059
8060
8061
8064
8065
8066
8067
8069
8073
8074
8075
8077
8078
8079
8087
8100
8101
8102
8103
8104
8105
8106
8109
8110
8111
8112
8113
8115
8118
8119
8120
8121
8122
8124
8127
8128
8129
8130
8136
8137
8138
8140
8142
8154
8155
8156
8157
8158
8159
8160
8164
8168
8181
8182
8183
8184
8185
8186
8187
8190
8191
8192
8193
8194
8196
8199
8200
8201
8202
8203
8205
8208
8209
8210
8211
8217
8218
8219
8221
8223
8235
8236
8237
8239
8241
8262
8263
8264
8265
8267
8271
8272
8273
8274
8280
8281
8282
8283
8289
8290
8291
8292
8343
8344
8345
8347
8349
8352
8353
8354
8356
8358
8361
8362
8363
8365
8367
8379
8380
8381
8383
8385
8397
8398
8399
8401
8403
8505
8506
8507
8509
8511
8514
8515
8516
8518
8520
8523
8524
8525
8527
8529
8533
8538
8541
8542
8543
8545
8547
8551
8559
8560
8561
8563
8565
8578
8579
8604
8606
8608
8614
8619
8622
8624
8635
8637
8640
8651
8653
8655
8676
8677
8685
8687
8689
8695
8709
8713
8725
8748
8749
8750
8751
8753
8757
8758
8759
8760
8766
8767
8768
8769
8775
8776
8777
8778
8789
8793
8794
8795
8796
8798
8807
8816
8821
8822
8829
8830
8831
8832
8833
8834
8835
8838
8839
8840
8841
8847
8848
8849
8850
8856
8857
8858
8859
8871
8875
8910
8911
8912
8913
8915
8919
8920
8921
8922
8928
8929
8930
8931
8937
8938
8939
8940
8947
8948
8949
8955
8956
8958
8965
8967
8968
8975
8977
8978
8979
8983
8984
8991
8992
8993
8994
8996
9000
9001
9002
9003
9009
9010
9011
9012
9014
9018
9019
9020
9021
9028
9029
9030
9046
9048
9059
9081
9083
9090
9477
9478
9479
9481
9483
9486
9487
9488
9490
9492
9495
9496
9497
9499
9501
9513
9514
9515
9517
9519
9531
9532
9533
9535
9537
9558
9559
9560
9562
9564
9567
9568
9569
9571
9573
9576
9577
9578
9580
9582
9594
9595
9596
9598
9600
9612
9613
9614
9616
9618
9639
9640
9641
9643
9645
9648
9649
9650
9652
9654
9657
9658
9659
9661
9663
9675
9676
9677
9679
9681
9693
9694
9695
9697
9699
9801
9802
9803
9805
9807
9810
9811
9812
9814
9816
9819
9820
9821
9823
9825
9837
9838
9839
9841
9842
9843
9844
9846
9847
9850
9851
9852
9855
9856
9857
9858
9859
9861
9862
9864
9865
9870
9871
9874
9875
9882
9883
9887
9888
9891
9892
9896
9897
9898
9915
9918
9920
9923
9924
9925
9927
9928
9931
9932
9933
9936
9937
9947
9949
9951
9963
9964
9965
9966
9967
9968
9969
9970
9972
9973
9974
9976
9977
9978
9979
9981
9982
9983
9985
9987
9990
9991
9993
9994
9996
9997
9999
10000
10001
10003
10005
10017
10018
10019
10020
10021
10023
10024
10026
10027
10033
10044
10045
10047
10048
10049
10050
10051
10053
10054
10058
10059
10067
10068
10069
10078
10086
10087
10098
10099
10101
10102
10104
10105
10107
10108
10113
10114
10140
10141
10148
10149
10150
10159
10167
10168
10206
10207
10211
10212
10215
10216
10220
10221
10229
10230
10231
10240
10247
10248
10249
10251
10252
10256
10257
10260
10261
10287
10288
10292
10293
10296
10297
10301
10302
10328
10329
10330
10332
10333
10337
10338
10341
10342
10344
10345
10347
10348
10350
10351
10356
10357
10383
10384
10410
10411
10571
10572
10573
10575
10576
10580
10581
10584
10585
10587
10588
10590
10591
10593
10594
10599
10600
10611
10612
10616
10617
10620
10621
10625
10626
10627
10652
10653
10654
10656
10657
10661
10662
10665
10666
10692
10693
10697
10698
10701
10702
10706
10707
10935
10936
10937
10938
10939
10940
10941
10942
10944
10945
10946
10948
10949
10950
10951
10953
10954
10955
10957
10958
10959
10960
10962
10963
10965
10966
10968
10969
10971
10972
10973
10975
10976
10977
10978
10980
10981
10985
10986
10989
10990
10991
10992
10993
10995
10996
10998
10999
11016
11017
11018
11019
11020
11021
11022
11023
11025
11026
11027
11029
11030
11031
11034
11035
11036
11038
11040
11052
11053
11054
11056
11057
11058
11059
11061
11062
11066
11067
11070
11071
11072
11073
11074
11076
11077
11079
11080
11085
11086
11097
11098
11099
11101
11103
11106
11107
11108
11110
11112
11113
11115
11116
11117
11119
11121
11133
11134
11135
11137
11139
11140
11151
11152
11153
11155
11157
11178
11179
11181
11182
11184
11185
11187
11188
11193
11194
11205
11206
11208
11209
11211
11212
11214
11215
11232
11233
11235
11236
11238
11239
11241
11242
11259
11260
11261
11262
11263
11265
11266
11268
11269
11270
11272
11274
11277
11278
11279
11281
11283
11295
11296
11297
11299
11301
11313
11314
11315
11317
11319
11421
11422
11423
11424
11425
11427
11428
11430
11431
11432
11434
11436
11437
11439
11440
11441
11443
11445
11448
11449
11451
11452
11454
11455
11457
11458
11459
11461
11463
11475
11476
11477
11478
11479
11481
11482
11484
11485
11502
11503
11505
11506
11508
11509
11511
11512
11664
11665
11667
11668
11670
11671
11673
11674
11679
11680
11691
11692
11694
11695
11697
11698
11700
11701
11718
11719
11721
11722
11724
11725
11727
11728
11745
11746
11748
11749
11751
11752
11754
11755
12030
12031
12042
12043
12045
12046
12048
12049
12051
12052
12057
12058
12084
12085
12111
12112
12150
12151
12153
12154
12156
12157
12159
12160
12165
12166
12177
12178
12180
12181
12183
12184
12186
12187
12204
12205
12207
12208
12210
12211
12213
12214
12231
12232
12234
12235
12237
12238
12240
12241
12273
12274
12285
12286
12288
12289
12291
12292
12294
12295
12300
12301
12327
12328
12354
12355
12516
12517
12528
12529
12531
12532
12534
12535
12537
12538
12543
12544
12570
12571
12597
12598
12759
12760
12771
12772
12774
12775
12777
12778
12780
12781
12786
12787
12813
12814
12840
12841
13122
13123
13124
13125
13126
13127
13128
13131
13132
13133
13134
13135
13137
13140
13141
13142
13143
13144
13146
13149
13150
13151
13152
13158
13159
13160
13162
13163
13164
13167
13168
13169
13170
13172
13176
13177
13178
13180
13181
13182
13190
13203
13204
13205
13206
13207
13208
13209
13212
13213
13214
13215
13216
13218
13221
13222
13223
13224
13225
13227
13230
13231
13232
13233
13239
13240
13241
13243
13245
13257
13258
13259
13261
13263
13284
13285
13286
13287
13288
13289
13290
13293
13294
13295
13296
13297
13299
13302
13303
13304
13305
13306
13308
13311
13312
13313
13314
13320
13321
13322
13324
13326
13338
13339
13340
13342
13344
13365
13366
13367
13368
13370
13374
13375
13376
13377
13383
13384
13385
13386
13392
13393
13394
13395
13446
13447
13448
13450
13452
13455
13456
13457
13459
13461
13464
13465
13466
13468
13470
13482
13483
13484
13486
13487
13488
13491
13492
13493
13494
13496
13500
13501
13502
13504
13505
13506
13514
13527
13528
13529
13530
13532
13536
13537
13538
13539
13545
13546
13547
13548
13554
13555
13556
13557
13568
13572
13573
13574
13575
13577
13586
13595
13608
13609
13610
13612
13614
13617
13618
13619
13621
13623
13626
13627
13628
13630
13632
13644
13645
13646
13648
13649
13650
13653
13654
13655
13656
13658
13662
13663
13664
13666
13667
13668
13676
13730
13734
13735
13736
13737
13739
13748
13757
13851
13852
13853
13854
13855
13856
13857
13860
13861
13862
13863
13864
13866
13869
13870
13871
13872
13873
13875
13878
13879
13880
13881
13887
13888
13889
13891
13892
13893
13896
13897
13898
13899
13901
13905
13906
13907
13909
13910
13911
13919
13932
13933
13934
13935
13936
13937
13938
13941
13942
13943
13944
13945
13947
13950
13951
13952
13953
13954
13956
13959
13960
13961
13962
13968
13969
13970
13972
13974
13986
13987
13988
13990
13992
14013
14014
14015
14016
14017
14018
14019
14022
14023
14024
14025
14026
14028
14031
14032
14033
14034
14035
14037
14040
14041
14042
14043
14049
14050
14051
14053
14055
14067
14068
14069
14071
14073
14094
14095
14096
14097
14099
14103
14104
14105
14106
14112
14113
14114
14115
14121
14122
14123
14124
14175
14176
14177
14179
14181
14184
14185
14186
14188
14190
14193
14194
14195
14197
14199
14211
14212
14213
14215
14217
14218
14229
14230
14231
14232
14233
14235
14236
14238
14239
14244
14245
14271
14272
14298
14299
14337
14338
14339
14340
14341
14343
14344
14346
14347
14348
14350
14352
14353
14355
14356
14357
14359
14361
14364
14365
14367
14368
14370
14371
14373
14374
14375
14377
14379
14391
14392
14393
14394
14395
14397
14398
14400
14401
14418
14419
14421
14422
14424
14425
14427
14428
14460
14461
14472
14473
14475
14476
14478
14479
14481
14482
14487
14488
14514
14515
14541
14542
14580
14581
14582
14583
14584
14585
14586
14589
14590
14591
14592
14593
14595
14598
14599
14600
14601
14602
14604
14607
14608
14609
14610
14616
14617
14618
14620
14621
14622
14625
14626
14627
14628
14630
14634
14635
14636
14638
14639
14640
14648
14661
14662
14663
14664
14665
14666
14667
14670
14671
14672
14673
14674
14676
14679
14680
14681
14682
14683
14685
14688
14689
14690
14691
14697
14698
14699
14701
14703
14704
14715
14716
14717
14718
14719
14721
14722
14724
14725
14730
14731
14742
14743
14744
14745
14746
14747
14748
14751
14752
14753
14754
14755
14757
14758
14760
14761
14762
14763
14764
14765
14766
14767
14769
14770
14771
14772
14776
14778
14779
14780
14782
14783
14784
14785
14787
14788
14792
14793
14796
14797
14798
14800
14802
14803
14805
14806
14812
14823
14824
14825
14826
14828
14832
14833
14834
14835
14841
14842
14843
14844
14846
14847
14848
14850
14851
14852
14853
14857
14884
14886
14887
14893
14904
14905
14906
14908
14910
14913
14914
14915
14917
14919
14922
14923
14924
14926
14928
14940
14941
14942
14944
14945
14946
14947
14949
14950
14954
14955
14958
14959
14960
14961
14962
14964
14965
14967
14968
14973
14974
14985
14986
14990
14991
14994
14995
14999
15000
15001
15026
15027
15028
15030
15031
15035
15036
15039
15040
15066
15067
15068
15070
15071
15072
15075
15076
15077
15079
15080
15081
15084
15085
15086
15088
15090
15102
15103
15104
15106
15108
15120
15121
15122
15124
15126
15127
15129
15130
15136
15147
15148
15152
15153
15156
15157
15161
15162
15170
15171
15172
15181
15208
15210
15211
15217
15251
15252
15253
15262
15309
15310
15311
15312
15314
15318
15319
15320
15321
15327
15328
15329
15330
15336
15337
15338
15339
15350
15354
15355
15356
15357
15359
15368
15377
15390
15391
15392
15393
15395
15399
15400
15401
15402
15408
15409
15410
15411
15417
15418
15419
15420
15471
15472
15473
15474
15476
15480
15481
15482
15483
15489
15490
15491
15492
15494
15495
15496
15498
15499
15500
15501
15505
15512
15513
15514
15516
15517
15521
15522
15525
15526
15532
15534
15535
15541
15552
15553
15554
15555
15557
15561
15562
15563
15564
15570
15571
15572
15573
15575
15576
15577
15579
15580
15581
15582
15586
15613
15615
15616
15622
15856
15858
15859
15865
15876
15877
15881
15882
15885
15886
15890
15891
15899
15900
15901
15910
15937
15939
15940
15946
15980
15981
15982
15991
16038
16039
16040
16042
16044
16047
16048
16049
16051
16053
16056
16057
16058
16060
16062
16074
16075
16076
16078
16080
16092
16093
16094
16096
16098
16119
16120
16121
16123
16125
16128
16129
16130
16132
16134
16137
16138
16139
16141
16143
16155
16156
16157
16159
16161
16173
16174
16175
16177
16179
16200
16201
16202
16204
16206
16209
16210
16211
16213
16215
16218
16219
16220
16222
16224
16236
16237
16238
16240
16242
16254
16255
16256
16258
16260
16362
16363
16364
16366
16368
16371
16372
16373
16375
16377
16380
16381
16382
16384
16386
16398
16399
16400
16402
16403
16404
16405
16407
16408
16412
16413
16416
16417
16418
16419
16420
16422
16423
16425
16426
16431
16432
16443
16444
16448
16449
16452
16453
16457
16458
16459
16484
16485
16486
16488
16489
16493
16494
16497
16498
16524
16525
16526
16527
16528
16529
16530
16531
16533
16534
16535
16537
16538
16539
16540
16542
16543
16544
16546
16548
16551
16552
16554
16555
16557
16558
16560
16561
16562
16564
16566
16578
16579
16580
16581
16582
16584
16585
16587
16588
16594
16605
16606
16608
16609
16610
16611
16612
16614
16615
16619
16620
16628
16629
16630
16639
16647
16648
16659
16660
16662
16663
16665
16666
16668
16669
16675
16709
16710
16711
16720
16767
16768
16772
16773
16776
16777
16781
16782
16790
16791
16792
16801
16808
16809
16810
16812
16813
16817
16818
16821
16822
16848
16849
16853
16854
16857
16858
16862
16863
16889
16890
16891
16893
16894
16898
16899
16902
16903
17132
17133
17134
17136
17137
17141
17142
17145
17146
17152
17154
17155
17161
17172
17173
17177
17178
17181
17182
17186
17187
17213
17214
17215
17217
17218
17222
17223
17226
17227
17253
17254
17258
17259
17262
17263
17267
17268
17496
17497
17498
17500
17501
17502
17505
17506
17507
17509
17510
17511
17514
17515
17516
17518
17519
17520
17521
17530
17532
17533
17534
17536
17537
17538
17539
17541
17542
17546
17547
17550
17551
17552
17554
17556
17577
17578
17579
17581
17582
17583
17586
17587
17588
17590
17591
17592
17595
17596
17597
17599
17601
17613
17614
17615
17617
17618
17619
17620
17622
17623
17627
17628
17631
17632
17633
17635
17637
17658
17659
17660
17662
17664
17667
17668
17669
17671
17673
17676
17677
17678
17680
17682
17694
17695
17696
17698
17700
17712
17713
17714
17716
17718
17820
17821
17822
17824
17826
17829
17830
17831
17833
17835
17838
17839
17840
17842
17844
17856
17857
17858
17860
17862
17874
17875
17876
17878
17880
17982
17983
17984
17986
17988
17991
17992
17993
17995
17997
18000
18001
18002
18004
18006
18018
18019
18020
18022
18024
18036
18037
18038
18040
18042
18043
18045
18046
18052
18063
18064
18068
18069
18072
18073
18077
18078
18086
18087
18088
18097
18124
18126
18127
18133
18167
18168
18169
18178
18225
18226
18230
18231
18234
18235
18239
18240
18248
18249
18250
18259
18266
18267
18268
18270
18271
18275
18276
18279
18280
18306
18307
18311
18312
18315
18316
18320
18321
18347
18348
18349
18351
18352
18356
18357
18360
18361
18410
18411
18412
18421
18428
18429
18430
18432
18433
18437
18438
18441
18442
18448
18450
18451
18457
18491
18492
18493
18502
18529
18531
18532
18538
18772
18774
18775
18781
18792
18793
18797
18798
18801
18802
18806
18807
18815
18816
18817
18826
18853
18855
18856
18862
18896
18897
18898
18907
19139
19140
19141
19150
19157
19158
19159
19161
19162
19166
19167
19170
19171
19177
19179
19180
19186
19220
19221
19222
19231
19258
19260
19261
19267
19683
19684
19685
19686
19688
19692
19693
19694
19695
19701
19702
19703
19704
19710
19711
19712
19713
19724
19728
19729
19730
19731
19733
19742
19751
19764
19765
19766
19767
19769
19773
19774
19775
19776
19782
19783
19784
19785
19791
19792
19793
19794
19845
19846
19847
19848
19850
19854
19855
19856
19857
19863
19864
19865
19866
19872
19873
19874
19875
19926
19927
19928
19929
19931
19935
19936
19937
19938
19944
19945
19946
19947
19953
19954
19955
19956
20048
20052
20053
20054
20055
20057
20066
20075
20088
20089
20090
20091
20093
20097
20098
20099
20100
20106
20107
20108
20109
20115
20116
20117
20118
20129
20133
20134
20135
20136
20138
20147
20156
20210
20214
20215
20216
20217
20219
20228
20237
20291
20295
20296
20297
20298
20300
20309
20318
20412
20413
20414
20415
20417
20421
20422
20423
20424
20430
20431
20432
20433
20439
20440
20441
20442
20453
20457
20458
20459
20460
20462
20471
20480
20493
20494
20495
20496
20498
20502
20503
20504
20505
20511
20512
20513
20514
20520
20521
20522
20523
20574
20575
20576
20577
20579
20583
20584
20585
20586
20592
20593
20594
20595
20601
20602
20603
20604
20655
20656
20657
20658
20660
20664
20665
20666
20667
20673
20674
20675
20676
20682
20683
20684
20685
21141
21142
21143
21144
21146
21150
21151
21152
21153
21159
21160
21161
21162
21168
21169
21170
21171
21182
21186
21187
21188
21189
21191
21200
21209
21222
21223
21224
21225
21227
21231
21232
21233
21234
21240
21241
21242
21243
21249
21250
21251
21252
21303
21304
21305
21306
21308
21312
21313
21314
21315
21321
21322
21323
21324
21326
21327
21328
21330
21331
21332
21333
21337
21344
21345
21346
21348
21349
21353
21354
21357
21358
21364
21366
21367
21373
21384
21385
21386
21387
21389
21393
21394
21395
21396
21402
21403
21404
21405
21407
21408
21409
21411
21412
21413
21414
21418
21445
21447
21448
21454
21506
21507
21508
21510
21511
21515
21516
21519
21520
21526
21528
21529
21535
21546
21547
21551
21552
21555
21556
21560
21561
21587
21588
21589
21591
21592
21596
21597
21600
21601
21627
21628
21632
21633
21636
21637
21641
21642
21688
21690
21691
21697
21708
21709
21713
21714
21717
21718
21722
21723
21731
21732
21733
21742
21769
21771
21772
21778
21812
21813
21814
21823
21870
21871
21872
21873
21875
21879
21880
21881
21882
21888
21889
21890
21891
21897
21898
21899
21900
21911
21915
21916
21917
21918
21920
21929
21938
21951
21952
21953
21954
21956
21960
21961
21962
21963
21969
21970
21971
21972
21978
21979
21980
21981
22032
22033
22034
22035
22037
22041
22042
22043
22044
22050
22051
22052
22053
22055
22056
22057
22059
22060
22061
22062
22066
22073
22074
22075
22077
22078
22082
22083
22086
22087
22093
22095
22096
22102
22113
22114
22115
22116
22118
22122
22123
22124
22125
22131
22132
22133
22134
22136
22137
22138
22140
22141
22142
22143
22147
22174
22176
22177
22183
22417
22419
22420
22426
22437
22438
22442
22443
22446
22447
22451
22452
22460
22461
22462
22471
22498
22500
22501
22507
22541
22542
22543
22552
24604
24606
24607
24613
24624
24625
24629
24630
24633
24634
24638
24639
24647
24648
24649
24658
24685
24687
24688
24694
24728
24729
24730
24739
24786
24787
24791
24792
24795
24796
24800
24801
24809
24810
24811
24820
24827
24828
24829
24831
24832
24836
24837
24840
24841
24867
24868
24872
24873
24876
24877
24881
24882
24908
24909
24910
24912
24913
24917
24918
24921
24922
24971
24972
24973
24982
24989
24990
24991
24993
24994
24998
24999
26244
26245
26246
26248
26250
26253
26254
26255
26257
26259
26262
26263
26264
26266
26268
26280
26281
26282
26284
26286
26298
26299
26300
26302
26304
26325
26326
26327
26329
26331
26334
26335
26336
26338
26340
26343
26344
26345
26347
26349
26361
26362
26363
26365
26367
26379
26380
26381
26383
26385
26406
26407
26408
26410
26412
26415
26416
26417
26419
26421
26424
26425
26426
26428
26430
26442
26443
26444
26446
26448
26460
26461
26462
26464
26466
26568
26569
26570
26572
26574
26577
26578
26579
26581
26583
26586
26587
26588
26590
26592
26604
26605
26606
26608
26610
26622
26623
26624
26626
26628
26730
26731
26732
26734
26736
26739
26740
26741
26743
26745
26748
26749
26750
26752
26754
26766
26767
26768
26770
26772
26784
26785
26786
26788
26790
26973
26974
26975
26977
26979
26982
26983
26984
26986
26988
26991
26992
26993
26995
26997
27009
27010
27011
27013
27015
27027
27028
27029
27031
27033
27054
27055
27056
27058
27060
27063
27064
27065
27067
27069
27072
27073
27074
27076
27078
27090
27091
27092
27094
27096
27108
27109
27110
27112
27114
27135
27136
27137
27139
27141
27144
27145
27146
27148
27150
27153
27154
27155
27157
27159
27171
27172
27173
27175
27177
27189
27190
27191
27193
27195
27297
27298
27299
27301
27303
27306
27307
27308
27310
27312
27315
27316
27317
27319
27321
27333
27334
27335
27337
27339
27351
27352
27353
27355
27357
27459
27460
27461
27463
27465
27468
27469
27470
27472
27474
27477
27478
27479
27481
27483
27495
27496
27497
27499
27501
27513
27514
27515
27517
27519
27702
27703
27704
27706
27708
27711
27712
27713
27715
27717
27720
27721
27722
27724
27726
27738
27739
27740
27742
27744
27756
27757
27758
27760
27762
27783
27784
27785
27787
27789
27792
27793
27794
27796
27798
27801
27802
27803
27805
27807
27819
27820
27821
27823
27825
27837
27838
27839
27841
27843
27864
27865
27866
27868
27870
27873
27874
27875
27877
27879
27882
27883
27884
27886
27888
27900
27901
27902
27904
27906
27918
27919
27920
27922
27924
28026
28027
28028
28030
28032
28035
28036
28037
28039
28041
28044
28045
28046
28048
28050
28062
28063
28064
28066
28068
28080
28081
28082
28084
28086
28188
28189
28190
28192
28194
28197
28198
28199
28201
28203
28206
28207
28208
28210
28212
28224
28225
28226
28228
28230
28242
28243
28244
28246
28248
29160
29161
29162
29164
29166
29169
29170
29171
29173
29175
29178
29179
29180
29182
29184
29196
29197
29198
29200
29202
29214
29215
29216
29218
29220
29241
29242
29243
29245
29247
29250
29251
29252
29254
29256
29259
29260
29261
29263
29265
29277
29278
29279
29281
29283
29295
29296
29297
29299
29301
29322
29323
29324
29326
29328
29331
29332
29333
29335
29337
29340
29341
29342
29344
29346
29358
29359
29360
29362
29364
29376
29377
29378
29380
29382
29484
29485
29486
29488
29490
29493
29494
29495
29497
29499
29502
29503
29504
29506
29508
29520
29521
29522
29524
29525
29526
29529
29530
29531
29532
29534
29538
29539
29540
29542
29543
29544
29552
29565
29566
29567
29568
29570
29574
29575
29576
29577
29583
29584
29585
29586
29592
29593
29594
29595
29606
29610
29611
29612
29613
29615
29624
29633
29646
29647
29648
29650
29652
29655
29656
29657
29659
29661
29664
29665
29666
29668
29670
29682
29683
29684
29686
29687
29688
29691
29692
29693
29694
29696
29700
29701
29702
29704
29705
29706
29714
29768
29772
29773
29774
29775
29777
29786
29795
29889
29890
29891
29892
29894
29898
29899
29900
29901
29907
29908
29909
29910
29916
29917
29918
29919
29930
29934
29935
29936
29937
29939
29948
29957
29970
29971
29972
29973
29975
29979
29980
29981
29982
29988
29989
29990
29991
29997
29998
29999
30000
30051
30052
30053
30054
30056
30060
30061
30062
30063
30069
30070
30071
30072
30078
30079
30080
30081
30132
30133
30134
30135
30137
30141
30142
30143
30144
30150
30151
30152
30153
30159
30160
30161
30162
30254
30258
30259
30260
30261
30263
30272
30281
30294
30295
30296
30297
30299
30303
30304
30305
30306
30312
30313
30314
30315
30321
30322
30323
30324
30335
30339
30340
30341
30342
30344
30353
30362
30416
30420
30421
30422
30423
30425
30434
30443
30497
30501
30502
30503
30504
30506
30515
30524
30618
30619
30620
30622
30624
30627
30628
30629
30631
30633
30636
30637
30638
30640
30642
30654
30655
30656
30658
30660
30672
30673
30674
30676
30678
30699
30700
30701
30703
30705
30708
30709
30710
30712
30714
30717
30718
30719
30721
30723
30735
30736
30737
30739
30741
30753
30754
30755
30757
30759
30780
30781
30782
30784
30786
30789
30790
30791
30793
30795
30798
30799
30800
30802
30804
30816
30817
30818
30820
30822
30834
30835
30836
30838
30840
30942
30943
30944
30946
30948
30951
30952
30953
30955
30957
30960
30961
30962
30964
30966
30978
30979
30980
30982
30983
30984
30987
30988
30989
30990
30992
30996
30997
30998
31000
31001
31002
31010
31023
31024
31025
31026
31028
31032
31033
31034
31035
31041
31042
31043
31044
31050
31051
31052
31053
31064
31068
31069
31070
31071
31073
31082
31091
31104
31105
31106
31108
31110
31113
31114
31115
31117
31119
31122
31123
31124
31126
31128
31140
31141
31142
31144
31145
31146
31149
31150
31151
31152
31154
31158
31159
31160
31162
31163
31164
31172
31226
31230
31231
31232
31233
31235
31244
31253
31712
31716
31717
31718
31719
31721
31730
31739
31752
31753
31754
31755
31757
31761
31762
31763
31764
31770
31771
31772
31773
31779
31780
31781
31782
31793
31797
31798
31799
31800
31802
31811
31820
31874
31878
31879
31880
31881
31883
31892
31901
31955
31959
31960
31961
31962
31964
31973
31982
32805
32806
32807
32808
32810
32814
32815
32816
32817
32823
32824
32825
32826
32832
32833
32834
32835
32846
32850
32851
32852
32853
32855
32864
32873
32886
32887
32888
32889
32891
32895
32896
32897
32898
32904
32905
32906
32907
32913
32914
32915
32916
32967
32968
32969
32970
32972
32976
32977
32978
32979
32985
32986
32987
32988
32994
32995
32996
32997
33048
33049
33050
33051
33053
33057
33058
33059
33060
33066
33067
33068
33069
33075
33076
33077
33078
33170
33174
33175
33176
33177
33179
33188
33197
33210
33211
33212
33213
33215
33219
33220
33221
33222
33228
33229
33230
33231
33237
33238
33239
33240
33251
33255
33256
33257
33258
33260
33269
33278
33332
33336
33337
33338
33339
33341
33350
33359
33413
33417
33418
33419
33420
33422
33431
33440
33534
33535
33536
33537
33539
33543
33544
33545
33546
33552
33553
33554
33555
33561
33562
33563
33564
33575
33579
33580
33581
33582
33584
33593
33602
33615
33616
33617
33618
33620
33624
33625
33626
33627
33633
33634
33635
33636
33642
33643
33644
33645
33696
33697
33698
33699
33701
33705
33706
33707
33708
33714
33715
33716
33717
33723
33724
33725
33726
33777
33778
33779
33780
33782
33786
33787
33788
33789
33795
33796
33797
33798
33804
33805
33806
33807
34263
34264
34265
34266
34268
34272
34273
34274
34275
34281
34282
34283
34284
34290
34291
34292
34293
34304
34308
34309
34310
34311
34313
34322
34331
34344
34345
34346
34347
34349
34353
34354
34355
34356
34362
34363
34364
34365
34371
34372
34373
34374
34425
34426
34427
34428
34430
34434
34435
34436
34437
34443
34444
34445
34446
34452
34453
34454
34455
34506
34507
34508
34509
34511
34515
34516
34517
34518
34524
34525
34526
34527
34533
34534
34535
34536
34992
34993
34994
34995
34997
35001
35002
35003
35004
35010
35011
35012
35013
35019
35020
35021
35022
35033
35037
35038
35039
35040
35042
35051
35060
35073
35074
35075
35076
35078
35082
35083
35084
35085
35091
35092
35093
35094
35100
35101
35102
35103
35154
35155
35156
35157
35159
35163
35164
35165
35166
35172
35173
35174
35175
35181
35182
35183
35184
35235
35236
35237
35238
35240
35244
35245
35246
35247
35253
35254
35255
35256
35262
35263
35264
35265
36086
36090
36091
36092
36093
36095
36104
36113
36126
36127
36128
36129
36131
36135
36136
36137
36138
36144
36145
36146
36147
36153
36154
36155
36156
36167
36171
36172
36173
36174
36176
36185
36194
36248
36252
36253
36254
36255
36257
36266
36275
36329
36333
36334
36335
36336
36338
36347
36356
36450
36451
36452
36453
36455
36459
36460
36461
36462
36468
36469
36470
36471
36477
36478
36479
36480
36491
36495
36496
36497
36498
36500
36509
36518
36531
36532
36533
36534
36536
36540
36541
36542
36543
36549
36550
36551
36552
36558
36559
36560
36561
36612
36613
36614
36615
36617
36621
36622
36623
36624
36630
36631
36632
36633
36639
36640
36641
36642
36693
36694
36695
36696
36698
36702
36703
36704
36705
36711
36712
36713
36714
36720
36721
36722
36723
36815
36819
36820
36821
36822
36824
36833
36842
36855
36856
36857
36858
36860
36864
36865
36866
36867
36873
36874
36875
36876
36882
36883
36884
36885
36896
36900
36901
36902
36903
36905
36914
36923
36977
36981
36982
36983
36984
36986
36995
37004
37058
37062
37063
37064
37065
37067
37076
37085
37544
37548
37549
37550
37551
37553
37562
37571
37584
37585
37586
37587
37589
37593
37594
37595
37596
37602
37603
37604
37605
37611
37612
37613
37614
37625
37629
37630
37631
37632
37634
37643
37652
37706
37710
37711
37712
37713
37715
37724
37733
37787
37791
37792
37793
37794
37796
37805
37814
38273
38277
38278
38279
38280
38282
38291
38300
38313
38314
38315
38316
38318
38322
38323
38324
38325
38331
38332
38333
38334
38340
38341
38342
38343
38354
38358
38359
38360
38361
38363
38372
38381
38435
38439
38440
38441
38442
38444
38453
38462
38516
38520
38521
38522
38523
38525
38534
38543
39366
39367
39368
39370
39372
39375
39376
39377
39379
39381
39384
39385
39386
39388
39390
39402
39403
39404
39406
39408
39420
39421
39422
39424
39426
39447
39448
39449
39451
39453
39456
39457
39458
39460
39462
39465
39466
39467
39469
39471
39483
39484
39485
39487
39489
39501
39502
39503
39505
39507
39528
39529
39530
39532
39534
39537
39538
39539
39541
39543
39546
39547
39548
39550
39552
39564
39565
39566
39568
39570
39582
39583
39584
39586
39588
39690
39691
39692
39694
39696
39699
39700
39701
39703
39705
39708
39709
39710
39712
39714
39726
39727
39728
39730
39732
39744
39745
39746
39748
39750
39852
39853
39854
39856
39858
39861
39862
39863
39865
39867
39870
39871
39872
39874
39876
39888
39889
39890
39892
39894
39906
39907
39908
39910
39912
40095
40096
40097
40099
40101
40104
40105
40106
40108
40110
40113
40114
40115
40117
40119
40131
40132
40133
40135
40137
40149
40150
40151
40153
40155
40176
40177
40178
40180
40182
40185
40186
40187
40189
40191
40194
40195
40196
40198
40200
40212
40213
40214
40216
40218
40230
40231
40232
40234
40236
40257
40258
40259
40261
40263
40266
40267
40268
40270
40272
40275
40276
40277
40279
40281
40293
40294
40295
40297
40299
40311
40312
40313
40315
40317
40419
40420
40421
40423
40425
40428
40429
40430
40432
40434
40437
40438
40439
40441
40443
40455
40456
40457
40459
40461
40473
40474
40475
40477
40479
40581
40582
40583
40585
40587
40590
40591
40592
40594
40596
40599
40600
40601
40603
40605
40617
40618
40619
40621
40623
40635
40636
40637
40639
40641
40824
40825
40826
40828
40830
40833
40834
40835
40837
40839
40842
40843
40844
40846
40848
40860
40861
40862
40864
40866
40878
40879
40880
40882
40884
40905
40906
40907
40909
40911
40914
40915
40916
40918
40920
40923
40924
40925
40927
40929
40941
40942
40943
40945
40947
40959
40960
40961
40963
40965
40986
40987
40988
40990
40992
40995
40996
40997
40999
41001
41004
41005
41006
41008
41010
41022
41023
41024
41026
41028
41040
41041
41042
41044
41046
41148
41149
41150
41152
41154
41157
41158
41159
41161
41163
41166
41167
41168
41170
41172
41184
41185
41186
41188
41190
41202
41203
41204
41206
41208
41310
41311
41312
41314
41316
41319
41320
41321
41323
41325
41328
41329
41330
41332
41334
41346
41347
41348
41350
41352
41364
41365
41366
41368
41370
42282
42283
42284
42286
42288
42291
42292
42293
42295
42297
42300
42301
42302
42304
42306
42318
42319
42320
42322
42324
42336
42337
42338
42340
42342
42363
42364
42365
42367
42369
42372
42373
42374
42376
42378
42381
42382
42383
42385
42387
42399
42400
42401
42403
42405
42417
42418
42419
42421
42423
42444
42445
42446
42448
42450
42453
42454
42455
42457
42459
42462
42463
42464
42466
42468
42480
42481
42482
42484
42486
42498
42499
42500
42502
42504
42606
42607
42608
42610
42612
42615
42616
42617
42619
42621
42624
42625
42626
42628
42630
42642
42643
42644
42646
42647
42648
42651
42652
42653
42654
42656
42660
42661
42662
42664
42665
42666
42674
42687
42688
42689
42690
42692
42696
42697
42698
42699
42705
42706
42707
42708
42714
42715
42716
42717
42728
42732
42733
42734
42735
42737
42746
42755
42768
42769
42770
42772
42774
42777
42778
42779
42781
42783
42786
42787
42788
42790
42792
42804
42805
42806
42808
42809
42810
42813
42814
42815
42816
42818
42822
42823
42824
42826
42827
42828
42836
42890
42894
42895
42896
42897
42899
42908
42917
43011
43012
43013
43014
43016
43020
43021
43022
43023
43029
43030
43031
43032
43038
43039
43040
43041
43052
43056
43057
43058
43059
43061
43070
43079
43092
43093
43094
43095
43097
43101
43102
43103
43104
43110
43111
43112
43113
43119
43120
43121
43122
43173
43174
43175
43176
43178
43182
43183
43184
43185
43191
43192
43193
43194
43200
43201
43202
43203
43254
43255
43256
43257
43259
43263
43264
43265
43266
43272
43273
43274
43275
43281
43282
43283
43284
43376
43380
43381
43382
43383
43385
43394
43403
43416
43417
43418
43419
43421
43425
43426
43427
43428
43434
43435
43436
43437
43443
43444
43445
43446
43457
43461
43462
43463
43464
43466
43475
43484
43538
43542
43543
43544
43545
43547
43556
43565
43619
43623
43624
43625
43626
43628
43637
43646
43740
43741
43742
43744
43746
43749
43750
43751
43753
43755
43758
43759
43760
43762
43764
43776
43777
43778
43780
43782
43794
43795
43796
43798
43800
43821
43822
43823
43825
43827
43830
43831
43832
43834
43836
43839
43840
43841
43843
43845
43857
43858
43859
43861
43863
43875
43876
43877
43879
43881
43902
43903
43904
43906
43908
43911
43912
43913
43915
43917
43920
43921
43922
43924
43926
43938
43939
43940
43942
43944
43956
43957
43958
43960
43962
44064
44065
44066
44068
44070
44073
44074
44075
44077
44079
44082
44083
44084
44086
44088
44100
44101
44102
44104
44105
44106
44109
44110
44111
44112
44114
44118
44119
44120
44122
44123
44124
44132
44145
44146
44147
44148
44150
44154
44155
44156
44157
44163
44164
44165
44166
44172
44173
44174
44175
44186
44190
44191
44192
44193
44195
44204
44213
44226
44227
44228
44230
44232
44235
44236
44237
44239
44241
44244
44245
44246
44248
44250
44262
44263
44264
44266
44267
44268
44271
44272
44273
44274
44276
44280
44281
44282
44284
44285
44286
44294
44348
44352
44353
44354
44355
44357
44366
44375
44834
44838
44839
44840
44841
44843
44852
44861
44874
44875
44876
44877
44879
44883
44884
44885
44886
44892
44893
44894
44895
44901
44902
44903
44904
44915
44919
44920
44921
44922
44924
44933
44942
44996
45000
45001
45002
45003
45005
45014
45023
45077
45081
45082
45083
45084
45086
45095
45104
49208
49212
49213
49214
49215
49217
49226
49235
49248
49249
49250
49251
49253
49257
49258
49259
49260
49266
49267
49268
49269
49275
49276
49277
49278
49289
49293
49294
49295
49296
49298
49307
49316
49370
49374
49375
49376
49377
49379
49388
49397
49451
49455
49456
49457
49458
49460
49469
49478
49572
49573
49574
49575
49577
49581
49582
49583
49584
49590
49591
49592
49593
49599
49600
49601
49602
49613
49617
49618
49619
49620
49622
49631
49640
49653
49654
49655
49656
49658
49662
49663
49664
49665
49671
49672
49673
49674
49680
49681
49682
49683
49734
49735
49736
49737
49739
49743
49744
49745
49746
49752
49753
49754
49755
49761
49762
49763
49764
49815
49816
49817
49818
49820
49824
49825
49826
49827
49833
49834
49835
49836
49842
49843
49844
49845
49937
49941
49942
49943
49944
49946
49955
49964
49977
49978
49979
49980
49982
49986
49987
49988
49989
49995
49996
49997
49998
59049
59050
59051
59053
59055
59058
59059
59060
59062
59064
59067
59068
59069
59071
59073
59085
59086
59087
59089
59091
59103
59104
59105
59107
59109
59130
59131
59132
59134
59136
59139
59140
59141
59143
59145
59148
59149
59150
59152
59154
59166
59167
59168
59170
59172
59184
59185
59186
59188
59190
59211
59212
59213
59215
59217
59220
59221
59222
59224
59226
59229
59230
59231
59233
59235
59247
59248
59249
59251
59253
59265
59266
59267
59269
59271
59373
59374
59375
59377
59379
59382
59383
59384
59386
59388
59391
59392
59393
59395
59397
59409
59410
59411
59413
59415
59427
59428
59429
59431
59433
59535
59536
59537
59539
59541
59544
59545
59546
59548
59550
59553
59554
59555
59557
59559
59571
59572
59573
59575
59577
59589
59590
59591
59593
59595
59778
59779
59780
59782
59784
59787
59788
59789
59791
59793
59796
59797
59798
59800
59802
59814
59815
59816
59818
59820
59832
59833
59834
59836
59838
59859
59860
59861
59863
59865
59868
59869
59870
59872
59874
59877
59878
59879
59881
59883
59895
59896
59897
59899
59901
59913
59914
59915
59917
59919
59940
59941
59942
59944
59946
59949
59950
59951
59953
59955
59958
59959
59960
59962
59964
59976
59977
59978
59980
59982
59994
59995
59996
59998
60000
60102
60103
60104
60106
60108
60111
60112
60113
60115
60117
60120
60121
60122
60124
60126
60138
60139
60140
60142
60144
60156
60157
60158
60160
60162
60264
60265
60266
60268
60270
60273
60274
60275
60277
60279
60282
60283
60284
60286
60288
60300
60301
60302
60304
60306
60318
60319
60320
60322
60324
60507
60508
60509
60511
60513
60516
60517
60518
60520
60522
60525
60526
60527
60529
60531
60543
60544
60545
60547
60549
60561
60562
60563
60565
60567
60588
60589
60590
60592
60594
60597
60598
60599
60601
60603
60606
60607
60608
60610
60612
60624
60625
60626
60628
60630
60642
60643
60644
60646
60648
60669
60670
60671
60673
60675
60678
60679
60680
60682
60684
60687
60688
60689
60691
60693
60705
60706
60707
60709
60711
60723
60724
60725
60727
60729
60831
60832
60833
60835
60837
60840
60841
60842
60844
60846
60849
60850
60851
60853
60855
60867
60868
60869
60871
60873
60885
60886
60887
60889
60891
60993
60994
60995
60997
60999
61002
61003
61004
61006
61008
61011
61012
61013
61015
61017
61029
61030
61031
61033
61035
61047
61048
61049
61051
61053
61965
61966
61967
61969
61971
61974
61975
61976
61978
61980
61983
61984
61985
61987
61989
62001
62002
62003
62005
62007
62019
62020
62021
62023
62025
62046
62047
62048
62050
62052
62055
62056
62057
62059
62061
62064
62065
62066
62068
62070
62082
62083
62084
62086
62088
62100
62101
62102
62104
62106
62127
62128
62129
62131
62133
62136
62137
62138
62140
62142
62145
62146
62147
62149
62151
62163
62164
62165
62167
62169
62181
62182
62183
62185
62187
62289
62290
62291
62293
62295
62298
62299
62300
62302
62304
62307
62308
62309
62311
62313
62325
62326
62327
62329
62331
62343
62344
62345
62347
62349
62451
62452
62453
62455
62457
62460
62461
62462
62464
62466
62469
62470
62471
62473
62475
62487
62488
62489
62491
62493
62505
62506
62507
62509
62511
63423
63424
63425
63427
63429
63432
63433
63434
63436
63438
63441
63442
63443
63445
63447
63459
63460
63461
63463
63465
63477
63478
63479
63481
63483
63504
63505
63506
63508
63510
63513
63514
63515
63517
63519
63522
63523
63524
63526
63528
63540
63541
63542
63544
63546
63558
63559
63560
63562
63564
63585
63586
63587
63589
63591
63594
63595
63596
63598
63600
63603
63604
63605
63607
63609
63621
63622
63623
63625
63627
63639
63640
63641
63643
63645
63747
63748
63749
63751
63753
63756
63757
63758
63760
63762
63765
63766
63767
63769
63771
63783
63784
63785
63787
63789
63801
63802
63803
63805
63807
63909
63910
63911
63913
63915
63918
63919
63920
63922
63924
63927
63928
63929
63931
63933
63945
63946
63947
63949
63951
63963
63964
63965
63967
63969
65610
65611
65612
65614
65616
65619
65620
65621
65623
65625
65628
65629
65630
65632
65634
65646
65647
65648
65650
65652
65664
65665
65666
65668
65670
65691
65692
65693
65695
65697
65700
65701
65702
65704
65706
65709
65710
65711
65713
65715
65727
65728
65729
65731
65733
65745
65746
65747
65749
65751
65772
65773
65774
65776
65778
65781
65782
65783
65785
65787
65790
65791
65792
65794
65796
65808
65809
65810
65812
65814
65826
65827
65828
65830
65832
65934
65935
65936
65938
65940
65943
65944
65945
65947
65949
65952
65953
65954
65956
65958
65970
65971
65972
65974
65976
65988
65989
65990
65992
65994
66096
66097
66098
66100
66102
66105
66106
66107
66109
66111
66114
66115
66116
66118
66120
66132
66133
66134
66136
66138
66150
66151
66152
66154
66156
66339
66340
66341
66343
66345
66348
66349
66350
66352
66354
66357
66358
66359
66361
66363
66375
66376
66377
66379
66381
66393
66394
66395
66397
66399
66420
66421
66422
66424
66426
66429
66430
66431
66433
66435
66438
66439
66440
66442
66444
66456
66457
66458
66460
66462
66474
66475
66476
66478
66480
66501
66502
66503
66505
66507
66510
66511
66512
66514
66516
66519
66520
66521
66523
66525
66537
66538
66539
66541
66543
66555
66556
66557
66559
66561
66663
66664
66665
66667
66669
66672
66673
66674
66676
66678
66681
66682
66683
66685
66687
66699
66700
66701
66703
66705
66717
66718
66719
66721
66723
66825
66826
66827
66829
66831
66834
66835
66836
66838
66840
66843
66844
66845
66847
66849
66861
66862
66863
66865
66867
66879
66880
66881
66883
66885
67068
67069
67070
67072
67074
67077
67078
67079
67081
67083
67086
67087
67088
67090
67092
67104
67105
67106
67108
67110
67122
67123
67124
67126
67128
67149
67150
67151
67153
67155
67158
67159
67160
67162
67164
67167
67168
67169
67171
67173
67185
67186
67187
67189
67191
67203
67204
67205
67207
67209
67230
67231
67232
67234
67236
67239
67240
67241
67243
67245
67248
67249
67250
67252
67254
67266
67267
67268
67270
67272
67284
67285
67286
67288
67290
67392
67393
67394
67396
67398
67401
67402
67403
67405
67407
67410
67411
67412
67414
67416
67428
67429
67430
67432
67434
67446
67447
67448
67450
67452
67554
67555
67556
67558
67560
67563
67564
67565
67567
67569
67572
67573
67574
67576
67578
67590
67591
67592
67594
67596
67608
67609
67610
67612
67614
68526
68527
68528
68530
68532
68535
68536
68537
68539
68541
68544
68545
68546
68548
68550
68562
68563
68564
68566
68568
68580
68581
68582
68584
68586
68607
68608
68609
68611
68613
68616
68617
68618
68620
68622
68625
68626
68627
68629
68631
68643
68644
68645
68647
68649
68661
68662
68663
68665
68667
68688
68689
68690
68692
68694
68697
68698
68699
68701
68703
68706
68707
68708
68710
68712
68724
68725
68726
68728
68730
68742
68743
68744
68746
68748
68850
68851
68852
68854
68856
68859
68860
68861
68863
68865
68868
68869
68870
68872
68874
68886
68887
68888
68890
68892
68904
68905
68906
68908
68910
69012
69013
69014
69016
69018
69021
69022
69023
69025
69027
69030
69031
69032
69034
69036
69048
69049
69050
69052
69054
69066
69067
69068
69070
69072
69984
69985
69986
69988
69990
69993
69994
69995
69997
69999
70002
70003
70004
70006
70008
70020
70021
70022
70024
70026
70038
70039
70040
70042
70044
70065
70066
70067
70069
70071
70074
70075
70076
70078
70080
70083
70084
70085
70087
70089
70101
70102
70103
70105
70107
70119
70120
70121
70123
70125
70146
70147
70148
70150
70152
70155
70156
70157
70159
70161
70164
70165
70166
70168
70170
70182
70183
70184
70186
70188
70200
70201
70202
70204
70206
70308
70309
70310
70312
70314
70317
70318
70319
70321
70323
70326
70327
70328
70330
70332
70344
70345
70346
70348
70350
70362
70363
70364
70366
70368
70470
70471
70472
70474
70476
70479
70480
70481
70483
70485
70488
70489
70490
70492
70494
70506
70507
70508
70510
70512
70524
70525
70526
70528
70530
72171
72172
72173
72175
72177
72180
72181
72182
72184
72186
72189
72190
72191
72193
72195
72207
72208
72209
72211
72213
72225
72226
72227
72229
72231
72252
72253
72254
72256
72258
72261
72262
72263
72265
72267
72270
72271
72272
72274
72276
72288
72289
72290
72292
72294
72306
72307
72308
72310
72312
72333
72334
72335
72337
72339
72342
72343
72344
72346
72348
72351
72352
72353
72355
72357
72369
72370
72371
72373
72375
72387
72388
72389
72391
72393
72495
72496
72497
72499
72501
72504
72505
72506
72508
72510
72513
72514
72515
72517
72519
72531
72532
72533
72535
72537
72549
72550
72551
72553
72555
72657
72658
72659
72661
72663
72666
72667
72668
72670
72672
72675
72676
72677
72679
72681
72693
72694
72695
72697
72699
72711
72712
72713
72715
72717
72900
72901
72902
72904
72906
72909
72910
72911
72913
72915
72918
72919
72920
72922
72924
72936
72937
72938
72940
72942
72954
72955
72956
72958
72960
72981
72982
72983
72985
72987
72990
72991
72992
72994
72996
72999
73000
73001
73003
73005
73017
73018
73019
73021
73023
73035
73036
73037
73039
73041
73062
73063
73064
73066
73068
73071
73072
73073
73075
73077
73080
73081
73082
73084
73086
73098
73099
73100
73102
73104
73116
73117
73118
73120
73122
73224
73225
73226
73228
73230
73233
73234
73235
73237
73239
73242
73243
73244
73246
73248
73260
73261
73262
73264
73266
73278
73279
73280
73282
73284
73386
73387
73388
73390
73392
73395
73396
73397
73399
73401
73404
73405
73406
73408
73410
73422
73423
73424
73426
73428
73440
73441
73442
73444
73446
73629
73630
73631
73633
73635
73638
73639
73640
73642
73644
73647
73648
73649
73651
73653
73665
73666
73667
73669
73671
73683
73684
73685
73687
73689
73710
73711
73712
73714
73716
73719
73720
73721
73723
73725
73728
73729
73730
73732
73734
73746
73747
73748
73750
73752
73764
73765
73766
73768
73770
73791
73792
73793
73795
73797
73800
73801
73802
73804
73806
73809
73810
73811
73813
73815
73827
73828
73829
73831
73833
73845
73846
73847
73849
73851
73953
73954
73955
73957
73959
73962
73963
73964
73966
73968
73971
73972
73973
73975
73977
73989
73990
73991
73993
73995
74007
74008
74009
74011
74013
74115
74116
74117
74119
74121
74124
74125
74126
74128
74130
74133
74134
74135
74137
74139
74151
74152
74153
74155
74157
74169
74170
74171
74173
74175
75087
75088
75089
75091
75093
75096
75097
75098
75100
75102
75105
75106
75107
75109
75111
75123
75124
75125
75127
75129
75141
75142
75143
75145
75147
75168
75169
75170
75172
75174
75177
75178
75179
75181
75183
75186
75187
75188
75190
75192
75204
75205
75206
75208
75210
75222
75223
75224
75226
75228
75249
75250
75251
75253
75255
75258
75259
75260
75262
75264
75267
75268
75269
75271
75273
75285
75286
75287
75289
75291
75303
75304
75305
75307
75309
75411
75412
75413
75415
75417
75420
75421
75422
75424
75426
75429
75430
75431
75433
75435
75447
75448
75449
75451
75453
75465
75466
75467
75469
75471
75573
75574
75575
75577
75579
75582
75583
75584
75586
75588
75591
75592
75593
75595
75597
75609
75610
75611
75613
75615
75627
75628
75629
75631
75633
76545
76546
76547
76549
76551
76554
76555
76556
76558
76560
76563
76564
76565
76567
76569
76581
76582
76583
76585
76587
76599
76600
76601
76603
76605
76626
76627
76628
76630
76632
76635
76636
76637
76639
76641
76644
76645
76646
76648
76650
76662
76663
76664
76666
76668
76680
76681
76682
76684
76686
76707
76708
76709
76711
76713
76716
76717
76718
76720
76722
76725
76726
76727
76729
76731
76743
76744
76745
76747
76749
76761
76762
76763
76765
76767
76869
76870
76871
76873
76875
76878
76879
76880
76882
76884
76887
76888
76889
76891
76893
76905
76906
76907
76909
76911
76923
76924
76925
76927
76929
77031
77032
77033
77035
77037
77040
77041
77042
77044
77046
77049
77050
77051
77053
77055
77067
77068
77069
77071
77073
77085
77086
77087
77089
77091
85293
85294
85295
85297
85299
85302
85303
85304
85306
85308
85311
85312
85313
85315
85317
85329
85330
85331
85333
85335
85347
85348
85349
85351
85353
85374
85375
85376
85378
85380
85383
85384
85385
85387
85389
85392
85393
85394
85396
85398
85410
85411
85412
85414
85416
85428
85429
85430
85432
85434
85455
85456
85457
85459
85461
85464
85465
85466
85468
85470
85473
85474
85475
85477
85479
85491
85492
85493
85495
85497
85509
85510
85511
85513
85515
85617
85618
85619
85621
85623
85626
85627
85628
85630
85632
85635
85636
85637
85639
85641
85653
85654
85655
85657
85659
85671
85672
85673
85675
85677
85779
85780
85781
85783
85785
85788
85789
85790
85792
85794
85797
85798
85799
85801
85803
85815
85816
85817
85819
85821
85833
85834
85835
85837
85839
86022
86023
86024
86026
86028
86031
86032
86033
86035
86037
86040
86041
86042
86044
86046
86058
86059
86060
86062
86064
86076
86077
86078
86080
86082
86103
86104
86105
86107
86109
86112
86113
86114
86116
86118
86121
86122
86123
86125
86127
86139
86140
86141
86143
86145
86157
86158
86159
86161
86163
86184
86185
86186
86188
86190
86193
86194
86195
86197
86199
86202
86203
86204
86206
86208
86220
86221
86222
86224
86226
86238
86239
86240
86242
86244
86346
86347
86348
86350
86352
86355
86356
86357
86359
86361
86364
86365
86366
86368
86370
86382
86383
86384
86386
86388
86400
86401
86402
86404
86406
86508
86509
86510
86512
86514
86517
86518
86519
86521
86523
86526
86527
86528
86530
86532
86544
86545
86546
86548
86550
86562
86563
86564
86566
86568
86751
86752
86753
86755
86757
86760
86761
86762
86764
86766
86769
86770
86771
86773
86775
86787
86788
86789
86791
86793
86805
86806
86807
86809
86811
86832
86833
86834
86836
86838
86841
86842
86843
86845
86847
86850
86851
86852
86854
86856
86868
86869
86870
86872
86874
86886
86887
86888
86890
86892
86913
86914
86915
86917
86919
86922
86923
86924
86926
86928
86931
86932
86933
86935
86937
86949
86950
86951
86953
86955
86967
86968
86969
86971
86973
87075
87076
87077
87079
87081
87084
87085
87086
87088
87090
87093
87094
87095
87097
87099
87111
87112
87113
87115
87117
87129
87130
87131
87133
87135
87237
87238
87239
87241
87243
87246
87247
87248
87250
87252
87255
87256
87257
87259
87261
87273
87274
87275
87277
87279
87291
87292
87293
87295
87297
88209
88210
88211
88213
88215
88218
88219
88220
88222
88224
88227
88228
88229
88231
88233
88245
88246
88247
88249
88251
88263
88264
88265
88267
88269
88290
88291
88292
88294
88296
88299
88300
88301
88303
88305
88308
88309
88310
88312
88314
88326
88327
88328
88330
88332
88344
88345
88346
88348
88350
88371
88372
88373
88375
88377
88380
88381
88382
88384
88386
88389
88390
88391
88393
88395
88407
88408
88409
88411
88413
88425
88426
88427
88429
88431
88533
88534
88535
88537
88539
88542
88543
88544
88546
88548
88551
88552
88553
88555
88557
88569
88570
88571
88573
88575
88587
88588
88589
88591
88593
88695
88696
88697
88699
88701
88704
88705
88706
88708
88710
88713
88714
88715
88717
88719
88731
88732
88733
88735
88737
88749
88750
88751
88753
88755
89667
89668
89669
89671
89673
89676
89677
89678
89680
89682
89685
89686
89687
89689
89691
89703
89704
89705
89707
89709
89721
89722
89723
89725
89727
89748
89749
89750
89752
89754
89757
89758
89759
89761
89763
89766
89767
89768
89770
89772
89784
89785
89786
89788
89790
89802
89803
89804
89806
89808
89829
89830
89831
89833
89835
89838
89839
89840
89842
89844
89847
89848
89849
89851
89853
89865
89866
89867
89869
89871
89883
89884
89885
89887
89889
89991
89992
89993
89995
89997
90000
90001
90002
90004
90006
90009
90010
90011
90013
90015
90027
90028
90029
90031
90033
90045
90046
90047
90049
90051
90153
90154
90155
90157
90159
90162
90163
90164
90166
90168
90171
90172
90173
90175
90177
90189
90190
90191
90193
90195
90207
90208
90209
90211
90213
98415
98416
98417
98419
98421
98424
98425
98426
98428
98430
98433
98434
98435
98437
98439
98451
98452
98453
98455
98457
98469
98470
98471
98473
98475
98496
98497
98498
98500
98502
98505
98506
98507
98509
98511
98514
98515
98516
98518
98520
98532
98533
98534
98536
98538
98550
98551
98552
98554
98556
98577
98578
98579
98581
98583
98586
98587
98588
98590
98592
98595
98596
98597
98599
98601
98613
98614
98615
98617
98619
98631
98632
98633
98635
98637
98739
98740
98741
98743
98745
98748
98749
98750
98752
98754
98757
98758
98759
98761
98763
98775
98776
98777
98779
98781
98793
98794
98795
98797
98799
98901
98902
98903
98905
98907
98910
98911
98912
98914
98916
98919
98920
98921
98923
98925
98937
98938
98939
98941
98943
98955
98956
98957
98959
98961
99144
99145
99146
99148
99150
99153
99154
99155
99157
99159
99162
99163
99164
99166
99168
99180
99181
99182
99184
99186
99198
99199
99200
99202
99204
99225
99226
99227
99229
99231
99234
99235
99236
99238
99240
99243
99244
99245
99247
99249
99261
99262
99263
99265
99267
99279
99280
99281
99283
99285
99306
99307
99308
99310
99312
99315
99316
99317
99319
99321
99324
99325
99326
99328
99330
99342
99343
99344
99346
99348
99360
99361
99362
99364
99366
99468
99469
99470
99472
99474
99477
99478
99479
99481
99483
99486
99487
99488
99490
99492
99504
99505
99506
99508
99510
99522
99523
99524
99526
99528
99630
99631
99632
99634
99636
99639
99640
99641
99643
99645
99648
99649
99650
99652
99654
99666
99667
99668
99670
99672
99684
99685
99686
99688
99690
99873
99874
99875
99877
99879
99882
99883
99884
99886
99888
99891
99892
99893
99895
99897
99909
99910
99911
99913
99915
99927
99928
99929
99931
99933
99954
99955
99956
99958
99960
99963
99964
99965
99967
99969
99972
99973
99974
99976
99978
99990
99991
99992
99994
99996
