2
3
4
5
6
7
8
9
10
11
12
13
14
15
16
17
18
19
20
21
22
23
24
25
26
27
28
29
30
31
32
33
34
35
36
37
38
39
40
41
42
43
44
45
46
47
48
49
50
51
52
53
54
55
56
57
58
59
60
61
62
63
64
65
66
67
68
69
70
71
72
73
74
75
76
77
78
79
80
81
82
83
84
85
86
87
88
89
90
91
92
93
94
95
96
97
98
99
100
101
102
103
104
105
106
107
108
109
110
111
112
113
114
115
116
117
118
119
120
121
122
123
124
125
126
127
128
129
130
131
132
133
134
135
136
137
138
139
140
141
142
143
144
145
146
147
148
149
150
151
152
153
154
155
156
157
158
159
160
161
162
163
164
165
166
167
168
169
170
171
172
173
174
175
176
177
178
179
180
181
182
183
184
185
186
187
188
189
190
191
192
193
194
195
196
197
198
199
200
201
202
203
204
205
206
207
208
209
210
211
212
213
214
215
216
217
218
219
220
221
222
223
224
225
226
227
228
229
230
231
232
233
234
235
236
237
238
239
240
241
242
243
244
245
246
247
248
249
250
251
252
253
254
255
256
257
258
259
260
261
262
263
264
265
266
267
268
269
270
271
272
273
274
275
276
277
278
279
280
281
282
283
284
285
286
287
288
289
290
291
292
293
294
295
296
297
298
299
300
301
302
303
304
305
306
307
308
309
310
311
312
313
314
315
316
317
318
319
320
321
322
323
324
325
326
327
328
329
330
331
332
333
334
335
336
337
338
339
340
341
342
343
344
345
346
347
348
349
350
351
352
353
354
355
356
357
358
359
360
361
362
363
364
365
366
367
368
369
370
371
372
373
374
375
376
377
378
379
380
381
382
383
384
385
386
387
388
389
390
391
392
393
394
395
396
397
398
399
400
401
402
403
404
405
406
407
408
409
410
411
412
413
414
415
416
417
418
419
420
421
422
423
424
425
426
427
428
429
430
431
432
433
434
435
436
437
438
439
440
441
442
443
444
445
446
447
448
449
450
451
452
453
454
455
456
457
458
459
460
461
462
463
464
465
466
467
468
469
470
471
472
473
474
475
476
477
478
479
480
481
482
483
484
485
486
487
488
489
490
491
492
493
494
495
496
497
498
499
500
501
502
503
504
505
506
507
508
509
510
511
512
513
514
515
516
517
518
519
520
521
522
523
524
525
526
527
528
529
530
531
532
533
534
535
536
537
538
539
540
541
542
543
544
545
546
547
548
549
550
551
552
553
554
555
556
557
558
559
560
561
562
563
564
565
566
567
568
569
570
571
572
573
574
575
576
577
578
579
580
581
583
584
585
586
587
588
589
590
591
592
593
594
595
596
597
598
599
600
601
602
603
604
605
606
607
608
609
610
611
612
613
614
615
616
617
618
619
620
621
622
623
624
625
626
627
628
629
630
631
632
633
634
635
636
637
638
639
640
641
642
643
644
645
646
648
649
650
651
652
653
654
655
656
657
658
659
660
661
662
663
664
665
666
667
668
669
670
671
672
673
674
675
676
677
678
679
680
681
682
683
684
685
686
687
688
689
690
691
692
693
694
695
696
697
698
699
700
701
702
703
704
705
706
707
708
709
710
711
712
713
714
715
716
717
718
720
721
722
723
724
725
726
727
728
729
730
731
732
733
734
735
736
737
738
739
740
741
742
743
744
745
746
747
748
749
750
751
752
753
754
755
756
757
758
759
760
761
762
763
764
765
766
767
768
769
770
771
772
773
774
775
776
777
778
779
780
781
782
783
784
785
786
787
788
789
790
791
792
793
794
795
796
797
798
799
800
801
802
803
804
805
806
807
808
809
810
811
812
813
814
815
816
817
818
819
820
821
822
823
824
825
826
827
828
829
830
831
832
833
834
835
836
837
838
839
840
841
842
843
844
845
846
847
848
849
850
851
852
853
854
855
856
857
859
860
861
862
863
864
865
866
867
868
869
870
871
872
873
874
875
876
877
878
880
881
882
883
884
885
886
887
888
890
891
892
893
894
895
896
897
898
899
900
901
902
903
904
905
906
907
908
909
910
911
912
913
914
915
916
917
918
919
920
921
922
923
924
925
926
927
928
929
930
931
932
933
934
935
936
937
938
939
940
941
942
943
944
945
946
947
948
949
950
951
952
953
954
955
956
957
958
959
960
961
962
963
964
965
966
967
968
969
970
971
972
973
974
975
976
977
978
979
980
981
982
983
984
985
986
987
988
989
990
991
992
993
994
995
996
997
998
999
1000
1001
1002
1003
1004
1005
1006
1007
1008
1009
1010
1011
1012
1013
1014
1015
1016
1017
1018
1019
1020
1022
1023
1024
1025
1026
1027
1028
1029
1030
1031
1032
1033
1034
1035
1036
1037
1038
1039
1041
1042
1043
1044
1045
1046
1047
1048
1049
1051
1052
1053
1054
1055
1056
1057
1058
1059
1060
1061
1062
1063
1064
1065
1066
1067
1068
1069
1070
1071
1072
1073
1074
1075
1076
1077
1078
1079
1080
1081
1082
1083
1084
1085
1086
1087
1088
1089
1090
1091
1092
1093
1094
1095
1096
1097
1098
1099
1100
1101
1102
1103
1104
1105
1106
1107
1108
1109
1110
1111
1112
1113
1114
1115
1116
1117
1118
1119
1120
1122
1123
1124
1125
1126
1127
1128
1129
1130
1131
1132
1133
1134
1135
1136
1138
1139
1140
1142
1143
1144
1145
1147
1148
1149
1150
1151
1152
1153
1154
1155
1156
1157
1158
1160
1161
1162
1164
1165
1167
1168
1169
1170
1171
1172
1173
1174
1175
1176
1177
1178
1179
1180
1181
1182
1183
1184
1185
1186
1187
1188
1189
1190
1191
1192
1193
1194
1195
1196
1197
1198
1199
1200
1201
1202
1203
1204
1205
1206
1207
1208
1209
1210
1211
1212
1213
1214
1215
1216
1217
1218
1219
1220
1221
1222
1223
1224
1225
1226
1227
1228
1229
1230
1231
1232
1233
1234
1235
1236
1237
1238
1239
1240
1241
1242
1243
1245
1246
1247
1248
1249
1250
1251
1252
1253
1254
1255
1256
1257
1258
1259
1260
1261
1262
1263
1264
1265
1266
1267
1268
1269
1270
1271
1272
1273
1274
1275
1276
1277
1278
1279
1281
1282
1284
1285
1287
1288
1289
1290
1291
1292
1293
1295
1296
1297
1298
1299
1300
1302
1303
1304
1305
1306
1307
1308
1309
1312
1313
1314
1315
1316
1317
1321
1322
1323
1324
1326
1327
1329
1330
1331
1332
1333
1335
1336
1338
1339
1340
1343
1344
1345
1348
1349
1350
1351
1352
1353
1354
1356
1357
1359
1360
1362
1363
1365
1366
1371
1372
1377
1378
1379
1380
1381
1382
1383
1385
1386
1387
1388
1389
1390
1391
1392
1393
1394
1395
1396
1397
1398
1399
1400
1401
1402
1403
1404
1405
1407
1408
1410
1411
1412
1413
1414
1415
1416
1417
1418
1419
1420
1421
1422
1423
1424
1425
1426
1427
1428
1430
1431
1432
1433
1435
1436
1437
1439
1442
1443
1444
1446
1447
1449
1450
1451
1452
1453
1454
1455
1457
1458
1459
1460
1461
1462
1463
1464
1465
1466
1467
1468
1469
1470
1471
1472
1473
1474
1475
1476
1477
1478
1479
1480
1481
1482
1483
1484
1485
1486
1487
1488
1489
1490
1491
1492
1493
1494
1495
1496
1497
1498
1499
1500
1501
1502
1503
1504
1505
1506
1507
1508
1509
1510
1511
1512
1513
1514
1516
1517
1518
1519
1520
1521
1522
1523
1524
1525
1526
1528
1530
1531
1532
1533
1534
1535
1536
1537
1538
1539
1540
1541
1542
1543
1544
1545
1546
1547
1548
1549
1550
1551
1552
1553
1554
1555
1556
1557
1558
1559
1560
1561
1562
1563
1564
1565
1566
1567
1568
1569
1570
1571
1572
1573
1574
1575
1576
1577
1578
1579
1580
1581
1582
1583
1584
1585
1586
1587
1588
1589
1590
1591
1592
1593
1594
1595
1596
1597
1598
1599
1600
1601
1602
1603
1604
1605
1606
1608
1609
1611
1612
1613
1614
1615
1616
1617
1619
1620
1621
1622
1623
1624
1625
1626
1627
1628
1629
1630
1631
1632
1633
1634
1635
1636
1637
1638
1639
1640
1641
1642
1643
1644
1645
1646
1647
1648
1649
1650
1651
1652
1653
1654
1655
1656
1657
1658
1659
1660
1661
1662
1663
1664
1665
1666
1667
1668
1669
1670
1671
1672
1673
1674
1675
1676
1677
1678
1679
1680
1681
1682
1683
1684
1685
1686
1687
1688
1690
1691
1692
1693
1694
1695
1696
1697
1698
1699
1700
1701
1702
1703
1704
1705
1706
1708
1709
1710
1711
1712
1713
1714
1717
1719
1720
1721
1722
1723
1724
1725
1726
1727
1728
1729
1730
1731
1732
1733
1734
1735
1736
1737
1738
1739
1740
1741
1742
1743
1744
1745
1746
1747
1748
1749
1751
1752
1753
1754
1755
1756
1757
1760
1761
1762
1763
1764
1765
1766
1771
1772
1773
1774
1775
1780
1781
1782
1783
1784
1785
1786
1787
1788
1789
1790
1791
1792
1793
1794
1795
1796
1797
1799
1800
1801
1802
1803
1804
1805
1806
1807
1808
1809
1810
1811
1812
1813
1814
1815
1816
1817
1818
1819
1820
1821
1822
1823
1824
1825
1826
1827
1828
1829
1830
1831
1832
1833
1834
1835
1836
1837
1838
1840
1841
1842
1843
1844
1845
1846
1847
1848
1849
1850
1852
1853
1854
1855
1856
1858
1859
1860
1861
1862
1863
1864
1865
1866
1867
1868
1869
1870
1871
1872
1873
1874
1875
1876
1877
1878
1880
1881
1882
1883
1884
1885
1886
1887
1888
1889
1890
1891
1892
1893
1894
1897
1898
1899
1900
1901
1902
1903
1904
1905
1906
1907
1908
1909
1910
1911
1912
1913
1914
1915
1916
1917
1918
1919
1920
1921
1922
1923
1924
1925
1926
1927
1928
1929
1930
1931
1933
1934
1935
1936
1937
1938
1939
1940
1941
1942
1943
1944
1945
1946
1948
1949
1950
1952
1953
1954
1955
1957
1958
1959
1961
1962
1963
1964
1965
1966
1967
1968
1969
1970
1971
1972
1975
1978
1979
1980
1981
1982
1984
1985
1986
1987
1988
1989
1990
1991
1992
1993
1994
1995
1996
1997
1998
1999
2000
2002
2003
2004
2005
2006
2007
2008
2009
2010
2011
2012
2014
2015
2016
2017
2018
2020
2021
2022
2023
2024
2025
2026
2027
2028
2029
2030
2031
2032
2034
2035
2036
2037
2038
2039
2040
2043
2044
2045
2046
2047
2048
2049
2050
2051
2052
2053
2054
2055
2056
2057
2058
2059
2060
2061
2062
2063
2064
2065
2066
2068
2070
2071
2072
2073
2074
2075
2077
2084
2086
2087
2088
2089
2090
2091
2092
2093
2095
2096
2097
2098
2099
2102
2104
2105
2106
2107
2108
2110
2111
2112
2114
2115
2116
2117
2119
2120
2121
2123
2124
2125
2126
2128
2129
2130
2131
2132
2138
2139
2140
2141
2142
2143
2144
2146
2147
2148
2149
2150
2151
2152
2153
2154
2155
2156
2157
2158
2159
2160
2161
2162
2164
2165
2166
2167
2168
2169
2170
2171
2172
2173
2174
2176
2177
2178
2179
2180
2182
2183
2184
2185
2186
2187
2188
2189
2190
2191
2192
2194
2196
2197
2198
2199
2200
2205
2206
2207
2208
2209
2210
2212
2214
2215
2216
2217
2218
2223
2224
2225
2226
2227
2228
2230
2232
2233
2234
2235
2236
2237
2239
2246
2248
2250
2251
2252
2253
2254
2255
2257
2264
2266
2268
2269
2270
2271
2272
2273
2275
2277
2278
2279
2280
2281
2286
2287
2288
2289
2290
2291
2293
2295
2296
2297
2298
2299
2304
2305
2306
2307
2308
2349
2350
2351
2352
2353
2354
2356
2358
2359
2360
2361
2362
2367
2368
2369
2370
2371
2372
2373
2374
2375
2376
2377
2378
2379
2380
2381
2382
2383
2384
2385
2386
2387
2388
2389
2390
2391
2392
2393
2394
2395
2396
2397
2398
2399
2400
2401
2402
2403
2404
2405
2408
2409
2410
2411
2412
2413
2414
2415
2416
2417
2419
2420
2421
2422
2423
2426
2428
2429
2430
2431
2432
2433
2434
2435
2437
2439
2440
2441
2442
2443
2448
2449
2450
2451
2452
2453
2454
2455
2456
2457
2458
2459
2460
2461
2462
2463
2464
2465
2466
2467
2468
2469
2470
2471
2472
2473
2474
2475
2476
2477
2480
2481
2482
2483
2484
2485
2486
2489
2490
2491
2492
2493
2494
2495
2500
2511
2512
2513
2514
2515
2516
2518
2520
2521
2522
2523
2524
2529
2530
2531
2532
2533
2534
2536
2538
2539
2540
2541
2542
2547
2548
2549
2550
2551
2916
2917
2918
2919
2920
2921
2922
2923
2924
2925
2926
2927
2928
2929
2930
2931
2933
2934
2935
2936
2937
2938
2939
2940
2941
2942
2943
2944
2945
2946
2947
2952
2953
2954
2955
2956
2957
2958
2959
2960
2961
2962
2963
2964
2965
2966
2967
2968
2969
2970
2971
2972
2974
2975
2976
2977
2978
2979
2980
2981
2982
2983
2984
2986
2988
2989
2990
2992
2993
2994
2995
2996
2997
2998
2999
3000
3001
3002
3003
3004
3005
3006
3007
3008
3009
3010
3011
3012
3014
3015
3016
3017
3018
3019
3020
3021
3022
3023
3024
3025
3026
3027
3028
3033
3034
3035
3036
3037
3038
3039
3041
3042
3043
3044
3046
3047
3048
3050
3051
3052
3053
3055
3056
3057
3059
3069
3070
3071
3073
3074
3075
3077
3078
3079
3080
3081
3082
3083
3084
3085
3086
3087
3088
3089
3090
3091
3092
3093
3095
3096
3097
3098
3099
3100
3101
3102
3103
3104
3105
3106
3107
3108
3109
3114
3115
3116
3117
3118
3119
3120
3121
3122
3123
3124
3125
3126
3127
3128
3129
3130
3131
3132
3133
3134
3136
3137
3138
3139
3140
3141
3142
3143
3144
3145
3146
3148
3150
3151
3152
3154
3155
3156
3157
3158
3159
3160
3161
3162
3163
3164
3166
3168
3169
3170
3171
3172
3177
3178
3179
3180
3181
3182
3184
3186
3187
3188
3189
3190
3195
3196
3197
3198
3199
3240
3241
3242
3243
3244
3245
3246
3247
3248
3249
3250
3251
3252
3253
3254
3255
3257
3258
3259
3260
3261
3262
3263
3264
3265
3266
3267
3268
3269
3270
3271
3276
3277
3278
3279
3280
3281
3282
3283
3284
3285
3286
3287
3288
3289
3290
3291
3292
3293
3294
3295
3296
3298
3299
3300
3301
3302
3303
3304
3305
3306
3307
3308
3310
3312
3313
3314
3316
3317
3318
3319
3320
3321
3322
3323
3324
3325
3326
3327
3328
3329
3330
3331
3332
3333
3334
3335
3336
3338
3339
3340
3341
3342
3343
3344
3345
3346
3347
3348
3349
3350
3351
3352
3357
3358
3359
3360
3361
3362
3363
3364
3365
3366
3367
3368
3369
3370
3371
3372
3373
3374
3375
3376
3377
3379
3380
3381
3382
3383
3384
3385
3386
3387
3388
3389
3391
3393
3394
3395
3397
3398
3399
3400
3401
3402
3403
3404
3406
3407
3408
3410
3411
3412
3413
3415
3416
3417
3419
3420
3421
3422
3424
3425
3426
3428
3438
3439
3440
3442
3443
3444
3445
3446
3447
3448
3449
3450
3451
3452
3453
3454
3455
3456
3457
3458
3460
3461
3462
3463
3464
3465
3466
3467
3468
3469
3470
3472
3474
3475
3476
3478
3479
3480
3481
3482
3483
3484
3485
3486
3487
3488
3490
3492
3493
3494
3495
3496
3501
3502
3503
3504
3505
3506
3508
3510
3511
3512
3513
3514
3519
3520
3521
3522
3523
3524
3526
3528
3529
3530
3531
3532
3533
3535
3542
3544
3546
3547
3548
3549
3550
3551
3553
3560
3562
3564
3565
3566
3568
3569
3570
3572
3573
3574
3575
3577
3578
3579
3581
3582
3583
3584
3586
3587
3588
3590
3600
3601
3602
3604
3605
3606
3607
3608
3609
3610
3611
3612
3613
3614
3615
3616
3617
3618
3619
3620
3622
3623
3624
3625
3626
3627
3628
3629
3630
3631
3632
3634
3636
3637
3638
3640
3641
3642
3643
3644
3645
3646
3647
3648
3649
3650
3651
3652
3653
3654
3655
3656
3657
3658
3659
3660
3662
3663
3664
3665
3666
3667
3668
3669
3670
3671
3672
3673
3674
3675
3676
3681
3682
3683
3684
3685
3686
3687
3688
3689
3690
3691
3692
3693
3694
3695
3696
3697
3698
3699
3700
3701
3703
3704
3705
3706
3707
3708
3709
3710
3711
3712
3713
3715
3717
3718
3719
3721
3722
3723
3724
3725
3726
3727
3728
3729
3730
3731
3732
3733
3734
3735
3736
3737
3738
3739
3740
3741
3743
3744
3745
3746
3747
3748
3749
3750
3751
3752
3753
3754
3755
3756
3757
3762
3763
3764
3765
3766
3767
3768
3770
3771
3772
3773
3775
3776
3777
3779
3780
3781
3782
3784
3785
3786
3788
3798
3799
3800
3802
3803
3804
3806
3807
3808
3809
3810
3811
3812
3813
3814
3815
3816
3817
3818
3819
3820
3821
3822
3824
3825
3826
3827
3828
3829
3830
3831
3832
3833
3834
3835
3836
3837
3838
3843
3844
3845
3846
3847
3848
3849
3850
3851
3852
3853
3854
3855
3856
3857
3858
3859
3860
3861
3862
3863
3865
3866
3867
3868
3869
3870
3871
3872
3873
3874
3875
3877
3879
3880
3881
3883
3884
3885
3886
3887
3888
3889
3890
3891
3892
3893
3895
3897
3898
3899
3900
3901
3906
3907
3908
3909
3910
3911
3913
3915
3916
3917
3918
3919
3924
3925
3926
3927
3928
3969
3970
3971
3972
3973
3974
3975
3976
3977
3978
3979
3980
3981
3982
3983
3984
3986
3987
3988
3989
3990
3991
3992
3993
3994
3995
3996
3997
3998
3999
4000
4005
4006
4007
4008
4009
4010
4011
4012
4013
4014
4015
4016
4017
4018
4019
4020
4021
4022
4023
4024
4025
4027
4028
4029
4030
4031
4032
4033
4034
4035
4036
4037
4039
4041
4042
4043
4045
4046
4047
4048
4049
4050
4051
4052
4053
4054
4055
4056
4057
4058
4059
4060
4061
4062
4063
4064
4065
4067
4068
4069
4070
4071
4072
4073
4074
4075
4076
4077
4078
4079
4080
4081
4086
4087
4088
4089
4090
4091
4092
4093
4094
4095
4096
4097
4098
4099
4100
4101
4102
4103
4104
4105
4106
4108
4109
4110
4111
4112
4113
4114
4115
4116
4117
4118
4120
4122
4123
4124
4126
4127
4128
4129
4130
4131
4132
4133
4135
4136
4137
4139
4140
4141
4142
4144
4145
4146
4148
4149
4150
4151
4153
4154
4155
4157
4167
4168
4169
4171
4172
4173
4174
4175
4176
4177
4178
4179
4180
4181
4182
4183
4184
4185
4186
4187
4189
4190
4191
4192
4193
4194
4195
4196
4197
4198
4199
4201
4203
4204
4205
4207
4208
4209
4210
4211
4212
4213
4214
4215
4216
4217
4219
4221
4222
4223
4224
4225
4230
4231
4232
4233
4234
4235
4237
4239
4240
4241
4242
4243
4248
4249
4250
4251
4252
4253
4255
4257
4258
4259
4260
4261
4262
4264
4271
4273
4275
4276
4277
4278
4279
4280
4282
4289
4291
4293
4294
4295
4297
4298
4299
4301
4302
4303
4304
4306
4307
4308
4310
4311
4312
4313
4315
4316
4317
4319
4329
4330
4331
4333
4334
4335
4336
4337
4338
4339
4340
4341
4342
4343
4344
4345
4346
4347
4348
4349
4351
4352
4353
4354
4355
4356
4357
4358
4359
4360
4361
4363
4365
4366
4367
4369
4370
4371
4372
4373
4374
4375
4376
4378
4379
4380
4382
4383
4384
4385
4387
4388
4389
4391
4392
4393
4394
4396
4397
4398
4400
4410
4411
4412
4414
4415
4416
4418
4419
4420
4421
4423
4424
4425
4427
4428
4429
4430
4432
4433
4434
4436
4446
4447
4448
4450
4451
4452
4454
4455
4456
4457
4459
4460
4461
4463
4464
4465
4466
4468
4469
4470
4472
4473
4474
4475
4477
4478
4479
4481
4491
4492
4493
4495
4496
4497
4499
4500
4501
4502
4504
4505
4506
4508
4509
4510
4511
4513
4514
4515
4517
4527
4528
4529
4531
4532
4533
4535
4536
4537
4538
4540
4541
4542
4544
4545
4546
4547
4549
4550
4551
4553
4554
4555
4556
4558
4559
4560
4562
4572
4573
4574
4576
4577
4578
4580
4581
4582
4583
4585
4586
4587
4589
4590
4591
4592
4594
4595
4596
4598
4608
4609
4610
4612
4613
4614
4616
4698
4699
4700
4702
4703
4704
4706
4707
4708
4709
4711
4712
4713
4715
4716
4717
4718
4720
4721
4722
4724
4734
4735
4736
4738
4739
4740
4741
4742
4743
4744
4745
4746
4747
4748
4749
4750
4751
4752
4753
4754
4756
4757
4758
4759
4760
4761
4762
4763
4764
4765
4766
4768
4770
4771
4772
4774
4775
4776
4777
4778
4779
4780
4781
4782
4783
4784
4785
4786
4787
4788
4789
4790
4791
4792
4793
4794
4796
4797
4798
4799
4800
4801
4802
4803
4804
4805
4806
4807
4808
4809
4810
4815
4816
4817
4818
4819
4820
4821
4822
4823
4824
4825
4826
4827
4828
4829
4830
4831
4832
4833
4834
4835
4837
4838
4839
4840
4841
4842
4843
4844
4845
4846
4847
4849
4851
4852
4853
4855
4856
4857
4858
4859
4860
4861
4862
4864
4865
4866
4868
4869
4870
4871
4873
4874
4875
4877
4878
4879
4880
4882
4883
4884
4886
4896
4897
4898
4900
4901
4902
4903
4904
4905
4906
4907
4908
4909
4910
4911
4912
4913
4914
4915
4916
4918
4919
4920
4921
4922
4923
4924
4925
4926
4927
4928
4930
4932
4933
4934
4936
4937
4938
4939
4940
4941
4942
4943
4944
4945
4946
4948
4950
4951
4952
4953
4954
4959
4960
4961
4962
4963
4964
4966
4968
4969
4970
4971
4972
4977
4978
4979
4980
4981
4982
4984
4986
4987
4988
4989
4990
4991
4993
5000
5022
5023
5024
5026
5027
5028
5030
5031
5032
5033
5035
5036
5037
5039
5040
5041
5042
5044
5045
5046
5048
5058
5059
5060
5062
5063
5064
5066
5067
5068
5069
5071
5072
5073
5075
5076
5077
5078
5080
5081
5082
5084
5094
5095
5096
5098
5099
5100
5102
5832
5833
5834
5836
5837
5838
5840
5841
5842
5843
5845
5846
5847
5849
5850
5851
5852
5854
5855
5856
5858
5868
5869
5870
5872
5873
5874
5876
5877
5878
5879
5881
5882
5883
5885
5886
5887
5888
5890
5891
5892
5894
5904
5905
5906
5908
5909
5910
5912
5913
5914
5915
5917
5918
5919
5921
5922
5923
5924
5926
5927
5928
5930
5931
5932
5933
5935
5936
5937
5939
5949
5950
5951
5953
5954
5955
5957
5958
5959
5960
5962
5963
5964
5966
5967
5968
5969
5971
5972
5973
5975
5985
5986
5987
5989
5990
5991
5993
5994
5995
5996
5998
5999
6000
6002
6003
6004
6005
6007
6008
6009
6011
6012
6013
6014
6016
6017
6018
6020
6030
6031
6032
6034
6035
6036
6038
6039
6040
6041
6043
6044
6045
6047
6048
6049
6050
6052
6053
6054
6056
6066
6067
6068
6070
6071
6072
6074
6156
6157
6158
6160
6161
6162
6164
6165
6166
6167
6169
6170
6171
6173
6174
6175
6176
6178
6179
6180
6182
6192
6193
6194
6196
6197
6198
6200
6201
6202
6203
6205
6206
6207
6209
6210
6211
6212
6214
6215
6216
6218
6228
6229
6230
6232
6233
6234
6236
6237
6238
6239
6241
6242
6243
6245
6246
6247
6248
6250
6251
6252
6254
6255
6256
6257
6259
6260
6261
6263
6273
6274
6275
6277
6278
6279
6281
6282
6283
6284
6286
6287
6288
6290
6291
6292
6293
6295
6296
6297
6299
6309
6310
6311
6313
6314
6315
6317
6318
6319
6320
6322
6323
6324
6326
6327
6328
6329
6331
6332
6333
6335
6336
6337
6338
6340
6341
6342
6344
6354
6355
6356
6358
6359
6360
6362
6363
6364
6365
6367
6368
6369
6371
6372
6373
6374
6376
6377
6378
6380
6390
6391
6392
6394
6395
6396
6398
6480
6481
6482
6484
6485
6486
6488
6489
6490
6491
6493
6494
6495
6497
6498
6499
6500
6502
6503
6504
6506
6516
6517
6518
6520
6521
6522
6524
6525
6526
6527
6529
6530
6531
6533
6534
6535
6536
6538
6539
6540
6542
6552
6553
6554
6556
6557
6558
6560
6561
6562
6563
6565
6566
6567
6569
6570
6571
6572
6574
6575
6576
6578
6579
6580
6581
6583
6584
6585
6587
6597
6598
6599
6601
6602
6603
6605
6606
6607
6608
6610
6611
6612
6614
6615
6616
6617
6619
6620
6621
6623
6633
6634
6635
6637
6638
6639
6641
6642
6643
6644
6646
6647
6648
6650
6651
6652
6653
6655
6656
6657
6659
6660
6661
6662
6664
6665
6666
6668
6678
6679
6680
6682
6683
6684
6686
6687
6688
6689
6691
6692
6693
6695
6696
6697
6698
6700
6701
6702
6704
6714
6715
6716
6718
6719
6720
6722
6723
6724
6725
6727
6728
6729
6731
6732
6733
6734
6736
6737
6738
6740
6741
6742
6743
6745
6746
6747
6749
6759
6760
6761
6763
6764
6765
6767
6768
6769
6770
6772
6773
6774
6776
6777
6778
6779
6781
6782
6783
6785
6795
6796
6797
6799
6800
6801
6803
6885
6886
6887
6889
6890
6891
6893
6894
6895
6896
6898
6899
6900
6902
6903
6904
6905
6907
6908
6909
6911
6921
6922
6923
6925
6926
6927
6929
6930
6931
6932
6934
6935
6936
6938
6939
6940
6941
6943
6944
6945
6947
6957
6958
6959
6961
6962
6963
6965
6966
6967
6968
6970
6971
6972
6974
6975
6976
6977
6979
6980
6981
6983
6984
6985
6986
6988
6989
6990
6992
7002
7003
7004
7006
7007
7008
7010
7011
7012
7013
7015
7016
7017
7019
7020
7021
7022
7024
7025
7026
7028
7038
7039
7040
7042
7043
7044
7046
7047
7048
7049
7051
7052
7053
7055
7056
7057
7058
7060
7061
7062
7064
7065
7066
7067
7069
7070
7071
7073
7083
7084
7085
7087
7088
7089
7091
7092
7093
7094
7096
7097
7098
7100
7101
7102
7103
7105
7106
7107
7109
7119
7120
7121
7123
7124
7125
7127
7209
7210
7211
7213
7214
7215
7217
7218
7219
7220
7222
7223
7224
7226
7227
7228
7229
7231
7232
7233
7235
7245
7246
7247
7249
7250
7251
7253
7254
7255
7256
7258
7259
7260
7262
7263
7264
7265
7267
7268
7269
7271
7281
7282
7283
7285
7286
7287
7289
7290
7291
7292
7294
7295
7296
7298
7299
7300
7301
7303
7304
7305
7307
7308
7309
7310
7312
7313
7314
7316
7326
7327
7328
7330
7331
7332
7334
7335
7336
7337
7339
7340
7341
7343
7344
7345
7346
7348
7349
7350
7352
7362
7363
7364
7366
7367
7368
7370
7371
7372
7373
7375
7376
7377
7379
7380
7381
7382
7384
7385
7386
7388
7389
7390
7391
7393
7394
7395
7397
7407
7408
7409
7411
7412
7413
7415
7416
7417
7418
7420
7421
7422
7424
7425
7426
7427
7429
7430
7431
7433
7443
7444
7445
7447
7448
7449
7451
7452
7453
7454
7456
7457
7458
7460
7461
7462
7463
7465
7466
7467
7469
7470
7471
7472
7474
7475
7476
7478
7488
7489
7490
7492
7493
7494
7496
7497
7498
7499
7501
7502
7503
7505
7506
7507
7508
7510
7511
7512
7514
7524
7525
7526
7528
7529
7530
7532
7614
7615
7616
7618
7619
7620
7622
7623
7624
7625
7627
7628
7629
7631
7632
7633
7634
7636
7637
7638
7640
7650
7651
7652
7654
7655
7656
7658
7659
7660
7661
7663
7664
7665
7667
7668
7669
7670
7672
7673
7674
7676
7686
7687
7688
7690
7691
7692
7694
7695
7696
7697
7699
7700
7701
7703
7704
7705
7706
7708
7709
7710
7712
7713
7714
7715
7717
7718
7719
7721
7731
7732
7733
7735
7736
7737
7739
7740
7741
7742
7744
7745
7746
7748
7749
7750
7751
7753
7754
7755
7757
7767
7768
7769
7771
7772
7773
7775
7776
7777
7778
7780
7781
7782
7784
7785
7786
7787
7789
7790
7791
7793
7794
7795
7796
7798
7799
7800
7802
7812
7813
7814
7816
7817
7818
7820
7821
7822
7823
7825
7826
7827
7829
7830
7831
7832
7834
7835
7836
7838
7848
7849
7850
7852
7853
7854
7856
7938
7939
7940
7942
7943
7944
7946
7947
7948
7949
7951
7952
7953
7955
7956
7957
7958
7960
7961
7962
7964
7974
7975
7976
7978
7979
7980
7982
7983
7984
7985
7987
7988
7989
7991
7992
7993
7994
7996
7997
7998
8000
8010
8011
8012
8014
8015
8016
8018
8019
8020
8021
8023
8024
8025
8027
8028
8029
8030
8032
8033
8034
8036
8037
8038
8039
8041
8042
8043
8045
8055
8056
8057
8059
8060
8061
8063
8064
8065
8066
8068
8069
8070
8072
8073
8074
8075
8077
8078
8079
8081
8091
8092
8093
8095
8096
8097
8099
8100
8101
8102
8104
8105
8106
8108
8109
8110
8111
8113
8114
8115
8117
8118
8119
8120
8122
8123
8124
8126
8136
8137
8138
8140
8141
8142
8144
8145
8146
8147
8149
8150
8151
8153
8154
8155
8156
8158
8159
8160
8162
8172
8173
8174
8176
8177
8178
8180
8181
8182
8183
8185
8186
8187
8189
8190
8191
8192
8194
8195
8196
8198
8199
8200
8201
8203
8204
8205
8207
8217
8218
8219
8221
8222
8223
8225
8226
8227
8228
8230
8231
8232
8234
8235
8236
8237
8239
8240
8241
8243
8253
8254
8255
8257
8258
8259
8261
8343
8344
8345
8347
8348
8349
8351
8352
8353
8354
8356
8357
8358
8360
8361
8362
8363
8365
8366
8367
8369
8379
8380
8381
8383
8384
8385
8387
8388
8389
8390
8392
8393
8394
8396
8397
8398
8399
8401
8402
8403
8405
8415
8416
8417
8419
8420
8421
8423
8424
8425
8426
8428
8429
8430
8432
8433
8434
8435
8437
8438
8439
8441
8442
8443
8444
8446
8447
8448
8450
8460
8461
8462
8464
8465
8466
8468
8469
8470
8471
8473
8474
8475
8477
8478
8479
8480
8482
8483
8484
8486
8496
8497
8498
8500
8501
8502
8504
8505
8506
8507
8509
8510
8511
8513
8514
8515
8516
8518
8519
8520
8522
8523
8524
8525
8527
8528
8529
8531
8541
8542
8543
8545
8546
8547
8549
8550
8551
8552
8554
8555
8556
8558
8559
8560
8561
8563
8564
8565
8567
8577
8578
8579
8581
8582
8583
8585
8667
8668
8669
8671
8672
8673
8675
8676
8677
8678
8680
8681
8682
8684
8685
8686
8687
8689
8690
8691
8693
8703
8704
8705
8707
8708
8709
8711
8712
8713
8714
8716
8717
8718
8720
8721
8722
8723
8725
8726
8727
8729
8739
8740
8741
8743
8744
8745
8747
9477
9478
9479
9481
9482
9483
9485
9486
9487
9488
9490
9491
9492
9494
9495
9496
9497
9499
9500
9501
9503
9513
9514
9515
9517
9518
9519
9521
9522
9523
9524
9526
9527
9528
9530
9531
9532
9533
9535
9536
9537
9539
9549
9550
9551
9553
9554
9555
9557
9558
9559
9560
9562
9563
9564
9566
9567
9568
9569
9571
9572
9573
9575
9576
9577
9578
9580
9581
9582
9584
9594
9595
9596
9598
9599
9600
9602
9603
9604
9605
9607
9608
9609
9611
9612
9613
9614
9616
9617
9618
9620
9630
9631
9632
9634
9635
9636
9638
9639
9640
9641
9643
9644
9645
9647
9648
9649
9650
9652
9653
9654
9656
9657
9658
9659
9661
9662
9663
9665
9675
9676
9677
9679
9680
9681
9683
9684
9685
9686
9688
9689
9690
9692
9693
9694
9695
9697
9698
9699
9701
9711
9712
9713
9715
9716
9717
9719
9801
9802
9803
9805
9806
9807
9809
9810
9811
9812
9814
9815
9816
9818
9819
9820
9821
9823
9824
9825
9827
9837
9838
9839
9841
9842
9843
9845
9846
9847
9848
9850
9851
9852
9854
9855
9856
9857
9859
9860
9861
9863
9873
9874
9875
9877
9878
9879
9881
9882
9883
9884
9886
9887
9888
9890
9891
9892
9893
9895
9896
9897
9899
9900
9901
9902
9904
9905
9906
9908
9918
9919
9920
9922
9923
9924
9926
9927
9928
9929
9931
9932
9933
9935
9936
9937
9938
9940
9941
9942
9944
9954
9955
9956
9958
9959
9960
9962
9963
9964
9965
9967
9968
9969
9971
9972
9973
9974
9976
9977
9978
9980
9981
9982
9983
9985
9986
9987
9989
9999
10000
