2
3
4
5
6
7
8
9
10
11
12
13
14
15
16
17
18
19
20
21
22
23
24
25
26
27
28
29
30
31
32
33
34
35
36
37
38
39
40
41
42
43
44
45
46
47
48
49
50
51
52
53
54
55
56
57
58
59
60
61
62
63
64
65
66
67
68
69
70
71
72
73
74
75
76
77
78
79
80
81
82
83
84
85
86
87
88
89
90
91
92
93
94
95
96
97
98
99
100
101
102
103
105
106
107
108
109
110
111
112
113
114
115
116
117
118
119
120
121
122
123
124
125
126
127
128
129
130
132
133
134
135
136
137
138
139
140
141
142
143
144
145
146
147
148
149
150
151
152
153
154
155
156
157
159
160
161
162
163
164
165
166
167
168
169
170
171
172
173
174
175
176
177
178
179
180
181
182
183
184
185
186
187
188
189
190
191
192
193
194
195
196
197
198
199
200
201
202
203
204
205
206
207
208
209
210
211
212
213
214
215
216
217
218
219
220
221
222
224
225
226
227
228
229
230
231
232
233
234
235
237
238
240
242
243
244
246
247
248
249
250
251
252
253
255
256
257
258
259
260
261
262
263
264
265
267
268
269
270
271
272
273
274
275
276
278
279
280
283
284
285
286
287
288
289
290
291
292
293
295
296
297
298
299
300
301
303
304
305
306
307
308
309
310
311
312
313
314
315
316
318
319
320
321
322
323
324
325
327
328
329
330
331
332
333
334
336
337
339
344
345
346
349
350
351
352
353
355
356
358
359
360
361
363
365
366
368
369
370
371
372
373
374
375
376
378
379
380
381
382
384
386
387
388
389
390
392
393
394
395
396
397
399
400
401
404
405
406
408
409
410
411
413
414
415
417
419
420
421
423
424
425
426
427
430
431
432
433
434
435
436
437
438
439
440
441
442
443
444
445
446
447
449
450
451
452
453
454
455
456
458
459
460
461
462
464
465
466
467
468
469
471
472
473
474
475
476
477
478
480
481
486
487
488
490
492
493
494
495
496
497
498
501
502
503
504
505
506
509
510
511
512
513
514
516
517
519
520
521
522
523
524
525
528
529
531
532
535
536
537
538
539
540
541
542
543
544
545
546
547
548
549
550
551
552
554
555
556
557
558
559
560
561
562
565
566
567
568
569
572
573
574
575
576
577
578
579
580
582
583
584
585
586
587
588
589
590
591
592
593
594
595
597
598
600
601
602
603
604
605
608
609
610
611
612
613
614
615
616
617
618
619
620
621
622
623
624
625
626
627
628
629
630
631
632
633
634
635
636
637
638
639
640
641
642
643
644
645
646
647
648
649
650
651
652
653
654
655
656
657
658
659
660
661
663
664
665
666
667
668
669
670
671
672
673
674
675
676
677
678
679
680
682
683
684
685
687
688
689
690
691
692
693
694
695
696
697
698
699
700
701
702
703
706
707
708
709
710
711
712
713
715
716
717
718
719
720
721
722
723
724
725
729
730
731
732
733
734
735
736
737
738
739
740
741
742
743
744
745
746
747
748
749
750
751
753
754
755
756
757
758
759
760
761
762
764
765
766
768
769
770
771
772
773
774
775
776
777
778
779
780
781
782
783
784
785
786
787
789
790
791
792
793
794
795
796
797
798
799
800
801
802
803
804
805
806
807
808
809
810
811
812
813
814
815
816
817
818
819
820
821
822
823
824
825
826
827
828
829
830
831
832
834
835
836
837
838
839
840
841
842
843
844
845
846
847
849
851
852
853
854
855
856
858
859
860
861
862
863
864
865
866
867
870
871
872
873
874
875
876
877
879
880
881
882
883
884
885
886
888
889
890
891
892
893
894
897
898
899
900
901
902
903
905
906
907
908
909
910
911
912
913
915
917
918
919
920
921
922
924
925
927
928
929
930
931
933
934
937
939
940
942
943
945
946
948
949
950
951
954
955
957
958
959
960
961
962
963
964
966
967
972
973
974
975
976
978
979
980
981
982
983
984
987
988
989
990
991
993
995
996
997
999
1000
1002
1003
1006
1007
1008
1009
1010
1011
1015
1016
1017
1020
1021
1024
1025
1026
1027
1030
1031
1032
1038
1039
1040
1041
1043
1044
1045
1047
1048
1050
1052
1053
1054
1059
1060
1061
1062
1063
1065
1066
1067
1068
1072
1074
1076
1080
1083
1084
1086
1095
1096
1099
1100
1102
1104
1105
1106
1107
1108
1109
1110
1111
1112
1113
1114
1116
1117
1119
1120
1121
1122
1123
1124
1125
1128
1131
1132
1133
1134
1135
1137
1139
1140
1142
1143
1144
1146
1147
1148
1149
1150
1151
1152
1155
1156
1158
1159
1160
1162
1165
1166
1167
1168
1169
1170
1171
1172
1176
1177
1180
1181
1185
1186
1188
1189
1191
1193
1197
1198
1200
1201
1202
1203
1204
1206
1207
1209
1212
1213
1215
1216
1217
1218
1221
1222
1223
1224
1225
1226
1227
1230
1231
1232
1233
1234
1235
1236
1237
1238
1239
1240
1241
1242
1243
1245
1246
1248
1249
1250
1251
1252
1253
1257
1258
1260
1261
1265
1266
1267
1268
1269
1270
1271
1272
1273
1274
1275
1276
1277
1278
1279
1280
1281
1284
1285
1286
1287
1288
1289
1290
1291
1296
1297
1298
1299
1300
1302
1303
1304
1305
1306
1307
1308
1309
1310
1311
1312
1313
1314
1315
1316
1317
1319
1320
1321
1322
1323
1324
1326
1327
1329
1330
1331
1332
1333
1338
1339
1341
1342
1345
1347
1348
1350
1351
1352
1353
1356
1357
1358
1359
1360
1361
1362
1365
1366
1367
1368
1369
1370
1372
1375
1376
1377
1378
1379
1381
1383
1384
1385
1386
1387
1388
1389
1392
1393
1394
1395
1396
1397
1402
1403
1414
1429
1430
1434
1437
1438
1439
1440
1441
1442
1443
1444
1446
1447
1448
1449
1450
1451
1458
1459
1460
1464
1465
1466
1467
1468
1469
1470
1473
1474
1475
1476
1477
1478
1479
1485
1491
1497
1498
1500
1501
1509
1510
1512
1513
1514
1515
1518
1519
1520
1521
1522
1523
1524
1527
1528
1529
1530
1531
1532
1533
1534
1537
1538
1539
1540
1541
1545
1546
1547
1548
1549
1550
1551
1554
1555
1556
1557
1558
1559
1560
1563
1565
1566
1567
1568
1570
1571
1572
1574
1575
1576
1583
1584
1585
1587
1588
1593
1594
1595
1599
1600
1601
1602
1603
1604
1605
1606
1608
1609
1610
1611
1612
1613
1620
1621
1622
1626
1627
1628
1629
1630
1631
1633
1634
1635
1636
1637
1638
1639
1640
1641
1642
1644
1646
1647
1648
1649
1650
1651
1652
1653
1654
1655
1656
1657
1658
1659
1662
1663
1666
1669
1674
1675
1678
1679
1680
1687
1688
1691
1692
1701
1702
1703
1708
1709
1710
1712
1713
1714
1716
1718
1719
1720
1722
1723
1728
1734
1735
1736
1737
1738
1739
1740
1744
1745
1746
1749
1750
1752
1753
1754
1755
1756
1758
1759
1760
1761
1762
1764
1770
1771
1772
1773
1774
1776
1777
1779
1781
1782
1783
1788
1790
1791
1792
1793
1794
1795
1796
1797
1799
1800
1801
1803
1809
1810
1811
1815
1818
1824
1825
1828
1830
1833
1834
1835
1836
1837
1839
1843
1844
1845
1846
1848
1851
1852
1860
1870
1872
1876
1877
1878
1882
1885
1887
1889
1890
1894
1895
1896
1898
1899
1900
1902
1903
1905
1906
1909
1911
1914
1915
1917
1918
1920
1923
1926
1927
1929
1932
1933
1944
1945
1947
1952
1953
1954
1956
1957
1958
1959
1960
1966
1968
1969
1970
1971
1972
1974
1978
1979
1980
1981
1983
1988
1989
1990
1993
1995
1998
1999
2002
2003
2004
2025
2026
2028
2034
2035
2037
2040
2041
2044
2049
2050
2051
2052
2053
2055
2056
2057
2058
2060
2061
2062
2064
2067
2068
2069
2070
2074
2076
2077
2079
2080
2082
2083
2084
2085
2086
2088
2089
2091
2092
2093
2094
2095
2096
2097
2098
2103
2105
2106
2107
2152
2160
2161
2163
2172
2175
2176
2187
2188
2190
2191
2192
2195
2196
2197
2199
2202
2203
2211
2212
2214
2215
2217
2218
2219
2222
2223
2224
2228
2231
2232
2233
2235
2236
2237
2255
2258
2259
2260
2262
2263
2264
2268
2269
2271
2272
2273
2276
2277
2278
2280
2283
2284
2292
2293
2295
2296
2298
2310
2311
2319
2320
2322
2323
2325
2331
2332
2334
2337
2338
2391
2392
2400
2401
2403
2404
2406
2412
2413
2415
2418
2419
2430
2431
2433
2434
2435
2438
2439
2440
2442
2445
2446
2454
2455
2457
2458
2460
2461
2462
2465
2466
2467
2471
2474
2475
2476
2478
2479
2480
2498
2501
2502
2503
2505
2506
2507
2511
2512
2514
2515
2516
2519
2520
2521
2552
2555
2556
2557
2559
2560
2561
2579
2582
2583
2584
2586
2587
2588
2592
2593
2595
2596
2597
2600
2601
2602
2619
2620
2622
2623
2624
2625
2627
2628
2629
2631
2633
2634
2636
2637
2638
2640
2641
2642
2658
2661
2667
2668
2673
2674
2677
2679
2682
2683
2685
2706
2709
2710
2712
2715
2722
2727
2728
2731
2733
2795
2798
2799
2800
2802
2803
2804
2822
2825
2826
2827
2829
2830
2831
2835
2836
2838
2839
2840
2843
2844
2845
2862
2863
2865
2866
2867
2870
2871
2872
2876
2879
2880
2881
2883
2884
2885
2916
2917
2919
2920
2921
2922
2924
2925
2926
2928
2943
2944
2946
2947
2948
2949
2951
2952
2953
2955
2957
2958
2960
2961
2962
2964
2965
2966
2970
2971
2974
2976
2984
2987
2988
2989
2991
2992
2993
2997
2998
3000
3001
3002
3003
3005
3006
3007
3009
3018
3019
3024
3025
3063
3066
3072
3073
3099
3100
3105
3106
3111
3114
3115
3117
3120
3144
3147
3153
3154
3159
3160
3163
3165
3168
3169
3171
3281
3284
3285
3286
3288
3289
3290
3308
3311
3312
3313
3315
3316
3317
3321
3322
3324
3325
3326
3329
3330
3331
3348
3349
3351
3352
3353
3354
3356
3357
3358
3360
3362
3363
3365
3366
3367
3369
3370
3371
3387
3390
3396
3397
3402
3403
3406
3408
3411
3412
3414
3435
3438
3439
3441
3444
3451
3456
3457
3460
3462
3504
3505
3510
3511
3524
3527
3528
3529
3531
3532
3533
3537
3538
3541
3543
3549
3551
3552
3554
3555
3556
3558
3559
3560
3564
3565
3567
3568
3569
3572
3573
3574
3585
3586
3591
3592
3594
3595
3596
3597
3599
3600
3601
3603
3605
3606
3608
3609
3610
3612
3613
3614
3645
3646
3648
3649
3650
3653
3654
3655
3672
3673
3675
3676
3677
3680
3681
3682
3686
3689
3690
3691
3693
3694
3695
3713
3716
3717
3718
3720
3721
3722
3726
3727
3729
3730
3731
3734
3735
3736
3888
3889
3891
3892
3893
3896
3897
3898
3915
3916
3918
3919
3920
3923
3924
3925
3929
3932
3933
3934
3936
3937
3938
3942
3943
3946
3948
3956
3959
3960
3961
3963
3964
3965
3969
3970
3972
3973
3974
3975
3977
3978
3979
3981
3990
3991
3996
3997
4010
4013
4014
4015
4017
4018
4019
4023
4024
4027
4029
4035
4037
4038
4040
4041
4042
4044
4045
4046
4050
4051
4053
4054
4055
4058
4059
4060
4077
4078
4080
4081
4082
4085
4086
4087
4091
4094
4095
4096
4098
4099
4100
4233
4234
4239
4240
4261
4266
4267
4270
4272
4278
4281
4287
4288
4314
4315
4320
4321
4326
4329
4330
4332
4335
4374
4375
4376
4378
4380
4381
4382
4383
4384
4385
4386
4389
4390
4391
4392
4393
4394
4407
4410
4411
4413
4416
4423
4428
4429
4430
4432
4434
4435
4436
4437
4438
4439
4443
4444
4445
4446
4447
4448
4455
4456
4457
4459
4461
4462
4463
4464
4465
4466
4467
4470
4471
4472
4473
4474
4475
4476
4477
4482
4483
4509
4510
4511
4515
4516
4517
4518
4519
4520
4524
4525
4526
4527
4528
4529
4536
4537
4538
4542
4543
4544
4545
4546
4547
4551
4552
4553
4554
4555
4556
4666
4671
4672
4675
4677
4698
4699
4702
4704
4707
4708
4710
4719
4720
4725
4726
4747
4752
4753
4756
4758
4764
4767
4773
4774
4812
4815
4816
4818
4821
4845
4848
4854
4855
4860
4861
4862
4864
4866
4867
4868
4869
4870
4871
4872
4875
4876
4877
4878
4879
4880
4893
4896
4897
4899
4902
4909
4914
4915
4916
4918
4920
4921
4922
4923
4924
4925
4929
4930
4931
4932
4933
4934
4941
4942
4943
4947
4948
4949
4950
4951
4952
4956
4957
4958
4959
4960
4961
4995
4996
4997
5001
5002
5003
5004
5005
5006
5010
5011
5012
5013
5014
5015
5022
5023
5024
5028
5029
5030
5031
5032
5033
5037
5038
5039
5040
5041
5042
5103
5104
5105
5109
5110
5111
5112
5113
5114
5118
5119
5120
5121
5122
5123
5157
5158
5159
5163
5164
5165
5166
5167
5168
5172
5173
5174
5175
5176
5177
5184
5185
5186
5190
5191
5192
5193
5194
5195
5199
5200
5201
5202
5203
5204
5238
5239
5240
5244
5245
5246
5247
5248
5249
5253
5254
5255
5256
5257
5258
5265
5266
5267
5271
5272
5273
5274
5275
5276
5280
5281
5282
5283
5284
5285
5468
5471
5472
5473
5475
5476
5477
5495
5498
5499
5500
5502
5503
5504
5508
5509
5511
5512
5513
5516
5517
5518
5535
5536
5538
5539
5540
5543
5544
5545
5549
5552
5553
5554
5556
5557
5558
5589
5590
5591
5595
5596
5597
5598
5599
5600
5604
5605
5606
5607
5608
5609
5643
5644
5645
5649
5650
5651
5652
5653
5654
5658
5659
5660
5661
5662
5663
5670
5671
5672
5676
5677
5678
5679
5680
5681
5685
5686
5687
5688
5689
5690
5711
5714
5715
5716
5718
5719
5720
5724
5725
5726
5730
5731
5732
5733
5734
5735
5738
5739
5740
5741
5742
5743
5744
5745
5746
5747
5751
5752
5753
5754
5755
5756
5757
5758
5759
5760
5761
5762
5766
5767
5768
5769
5770
5771
5778
5779
5781
5782
5783
5786
5787
5788
5792
5795
5796
5797
5799
5800
5801
5832
5833
5834
5835
5836
5837
5838
5839
5840
5841
5842
5843
5847
5848
5849
5850
5851
5852
5859
5860
5862
5863
5864
5867
5868
5869
5873
5876
5877
5878
5880
5881
5882
5886
5887
5888
5892
5893
5894
5895
5896
5897
5900
5901
5902
5903
5904
5905
5906
5907
5908
5909
5913
5914
5915
5916
5917
5918
5919
5920
5921
5922
5923
5924
5928
5929
5930
5931
5932
5933
5967
5968
5969
5973
5974
5975
5976
5977
5978
5982
5983
5984
5985
5986
5987
5994
5995
5996
6000
6001
6002
6003
6004
6005
6009
6010
6011
6012
6013
6014
6075
6076
6078
6079
6080
6083
6084
6085
6102
6103
6105
6106
6107
6110
6111
6112
6116
6119
6120
6121
6123
6124
6125
6143
6146
6147
6148
6150
6151
6152
6156
6157
6159
6160
6161
6164
6165
6166
6197
6200
6201
6202
6204
6205
6206
6224
6227
6228
6229
6231
6232
6233
6237
6238
6240
6241
6242
6245
6246
6247
6264
6265
6267
6268
6269
6272
6273
6274
6278
6281
6282
6283
6285
6286
6287
6561
6562
6563
6564
6565
6566
6567
6568
6569
6570
6571
6572
6573
6576
6577
6578
6579
6580
6581
6585
6586
6588
6589
6591
6592
6593
6594
6596
6597
6598
6600
6602
6603
6605
6606
6607
6609
6610
6611
6615
6616
6617
6619
6621
6622
6623
6624
6625
6626
6629
6630
6631
6632
6633
6634
6635
6636
6637
6638
6642
6643
6644
6645
6646
6647
6648
6649
6650
6651
6652
6653
6654
6657
6658
6659
6660
6661
6662
6663
6664
6666
6667
6669
6670
6672
6684
6685
6693
6694
6696
6697
6698
6699
6702
6703
6704
6705
6706
6707
6708
6711
6712
6713
6714
6715
6716
6723
6724
6725
6729
6730
6731
6732
6733
6734
6738
6739
6740
6741
6742
6743
6765
6766
6774
6775
6777
6778
6780
6786
6787
6789
6792
6793
6804
6805
6807
6808
6809
6812
6813
6814
6816
6819
6820
6828
6829
6831
6832
6834
6835
6836
6839
6840
6841
6845
6848
6849
6850
6852
6853
6854
6858
6859
6862
6864
6872
6875
6876
6877
6879
6880
6881
6885
6886
6888
6889
6890
6891
6893
6894
6895
6897
6906
6907
6912
6913
6926
6929
6930
6931
6933
6934
6935
6939
6940
6943
6945
6951
6953
6954
6956
6957
6958
6960
6961
6962
6966
6967
6969
6970
6971
6974
6975
6976
6993
6994
6996
6997
6998
6999
7001
7002
7003
7005
7007
7008
7010
7011
7012
7014
7015
7016
7032
7035
7041
7042
7047
7048
7049
7051
7053
7054
7055
7056
7057
7058
7059
7062
7063
7064
7065
7066
7067
7080
7083
7084
7086
7089
7096
7101
7102
7103
7105
7107
7108
7109
7110
7111
7112
7116
7117
7118
7119
7120
7121
7128
7129
7130
7134
7135
7136
7137
7138
7139
7143
7144
7145
7146
7147
7148
7169
7172
7173
7174
7176
7177
7178
7182
7183
7184
7188
7189
7190
7191
7192
7193
7196
7197
7198
7199
7200
7201
7202
7203
7204
7205
7209
7210
7211
7212
7213
7214
7215
7216
7217
7218
7219
7220
7224
7225
7226
7227
7228
7229
7236
7237
7239
7240
7241
7244
7245
7246
7250
7253
7254
7255
7257
7258
7259
7290
7291
7292
7293
7294
7295
7296
7297
7298
7299
7300
7301
7302
7305
7306
7307
7308
7309
7310
7314
7315
7317
7318
7320
7321
7322
7323
7325
7326
7327
7329
7331
7332
7334
7335
7336
7338
7339
7340
7344
7345
7346
7348
7350
7351
7352
7353
7354
7355
7358
7359
7360
7361
7362
7363
7364
7365
7366
7367
7371
7372
7373
7374
7375
7376
7377
7378
7379
7380
7381
7382
7383
7386
7387
7388
7389
7390
7391
7392
7393
7395
7396
7398
7399
7401
7413
7414
7422
7423
7425
7426
7427
7428
7431
7432
7433
7434
7435
7436
7437
7440
7441
7442
7443
7444
7445
7446
7447
7452
7453
7454
7458
7459
7460
7461
7462
7463
7467
7468
7469
7470
7471
7472
7473
7474
7479
7480
7485
7488
7489
7491
7494
7495
7503
7504
7506
7507
7509
7515
7516
7518
7521
7522
7527
7528
7533
7534
7536
7537
7539
7542
7543
7545
7548
7549
7557
7558
7560
7561
7563
7656
7657
7665
7666
7668
7669
7671
7677
7678
7680
7683
7684
7737
7738
7746
7747
7749
7750
7752
7758
7759
7761
7764
7765
7776
7777
7778
7779
7782
7783
7784
7785
7786
7787
7788
7791
7792
7793
7794
7795
7796
7800
7801
7803
7804
7806
7830
7831
7832
7836
7837
7838
7839
7840
7841
7845
7846
7847
7848
7849
7850
7857
7858
7859
7860
7863
7864
7865
7866
7867
7868
7869
7872
7873
7874
7875
7876
7877
7878
7879
7881
7882
7884
7885
7887
7899
7900
7906
7908
7909
7911
7912
7913
7914
7915
7917
7918
7919
7920
7921
7922
7923
7926
7927
7928
7929
7930
7931
7932
7933
7938
7939
7940
7944
7945
7946
7947
7948
7949
7953
7954
7955
7956
7957
7958
7959
7960
7965
7966
7971
7974
7975
7977
7980
8019
8020
8021
8025
8026
8027
8028
8029
8030
8034
8035
8036
8037
8038
8039
8073
8074
8075
8079
8080
8081
8082
8083
8084
8088
8089
8090
8091
8092
8093
8100
8101
8102
8106
8107
8108
8109
8110
8111
8115
8116
8117
8118
8119
8120
8154
8155
8156
8160
8161
8162
8163
8164
8165
8166
8169
8170
8171
8172
8173
8174
8175
8176
8181
8182
8183
8187
8188
8189
8190
8191
8192
8196
8197
8198
8199
8200
8201
8202
8203
8208
8209
8214
8217
8218
8220
8223
8247
8250
8256
8257
8262
8263
8266
8268
8271
8272
8274
8311
8316
8317
8320
8322
8343
8344
8347
8349
8352
8353
8355
8364
8365
8370
8371
8385
8386
8392
8394
8395
8397
8398
8400
8401
8403
8406
8407
8409
8412
8413
8418
8419
8466
8467
8475
8476
8478
8479
8481
8487
8488
8490
8493
8494
8505
8506
8508
8514
8515
8517
8520
8521
8529
8530
8532
8533
8535
8586
8587
8589
8595
8596
8598
8601
8602
8607
8608
8610
8611
8613
8614
8616
8628
8629
8635
8637
8638
8640
8641
8643
8644
8646
8649
8650
8652
8655
8656
8661
8662
8688
8689
8694
8695
8700
8703
8704
8706
8709
8748
8749
8751
8752
8754
8757
8758
8760
8763
8764
8772
8773
8775
8776
8778
8781
8784
8785
8787
8790
8797
8802
8803
8806
8808
8829
8830
8832
8833
8835
8838
8839
8841
8844
8845
8850
8851
8853
8854
8856
8857
8859
8871
8872
8880
8881
8883
8884
8886
8892
8893
8895
8898
8899
8952
8953
8961
8962
8964
8965
8967
8973
8974
8976
8979
8980
8991
8992
8994
9000
9001
9003
9006
9007
9015
9016
9018
9019
9021
9843
9844
9852
9853
9855
9856
9858
9864
9865
9867
9870
9871
9924
9925
9933
9934
9936
9937
9939
9945
9946
9948
9951
9952
9963
9964
9966
9972
9973
9975
9978
9979
9987
9988
9990
9991
9993
10044
10045
10047
10053
10054
10056
10059
10060
10068
10069
10071
10072
10074
10086
10087
10095
10096
10098
10099
10101
10107
10108
10110
10113
10114
10572
10573
10581
10582
10584
10585
10587
10593
10594
10596
10599
10600
10653
10654
10662
10663
10665
10666
10668
10674
10675
10677
10680
10681
10692
10693
10695
10701
10702
10704
10707
10708
10716
10717
10719
10720
10722
10773
10774
10776
10782
10783
10785
10788
10789
10797
10798
10800
10801
10803
10815
10816
10824
10825
10827
10828
10830
10836
10837
10839
10842
10843
10935
10936
10937
10938
10941
10942
10943
10944
10945
10946
10947
10950
10951
10952
10953
10954
10955
10959
10960
10962
10963
10965
10989
10990
10991
10995
10996
10997
10998
10999
11000
11004
11005
11006
11007
11008
11009
11016
11017
11018
11019
11022
11023
11024
11025
11026
11027
11028
11031
11032
11033
11034
11035
11036
11040
11041
11043
11044
11046
11058
11059
11067
11068
11070
11071
11072
11073
11076
11077
11078
11079
11080
11081
11082
11085
11086
11087
11088
11089
11090
11097
11098
11099
11103
11104
11105
11106
11107
11108
11112
11113
11114
11115
11116
11117
11139
11140
11148
11149
11151
11152
11154
11160
11161
11163
11166
11167
11178
11179
11181
11187
11188
11190
11193
11194
11202
11203
11205
11206
11208
11421
11422
11423
11427
11428
11429
11430
11431
11432
11436
11437
11438
11439
11440
11441
11475
11476
11477
11481
11482
11483
11484
11485
11486
11490
11491
11492
11493
11494
11495
11502
11503
11504
11508
11509
11510
11511
11512
11513
11517
11518
11519
11520
11521
11522
11556
11557
11558
11562
11563
11564
11565
11566
11567
11571
11572
11573
11574
11575
11576
11583
11584
11585
11589
11590
11591
11592
11593
11594
11598
11599
11600
11601
11602
11603
11664
11665
11666
11667
11670
11671
11672
11673
11674
11675
11676
11679
11680
11681
11682
11683
11684
11688
11689
11691
11692
11694
11718
11719
11720
11724
11725
11726
11727
11728
11729
11733
11734
11735
11736
11737
11738
11745
11746
11747
11748
11751
11752
11753
11754
11755
11756
11757
11760
11761
11762
11763
11764
11765
11769
11770
11772
11773
11775
11787
11788
11796
11797
11799
11800
11801
11802
11805
11806
11807
11808
11809
11810
11811
11814
11815
11816
11817
11818
11819
11826
11827
11828
11832
11833
11834
11835
11836
11837
11841
11842
11843
11844
11845
11846
11868
11869
11877
11878
11880
11881
11883
11889
11890
11892
11895
11896
11907
11908
11910
11916
11917
11919
11922
11923
11931
11932
11934
11935
11937
12030
12031
12039
12040
12042
12043
12045
12051
12052
12054
12057
12058
12111
12112
12120
12121
12123
12124
12126
12132
12133
12135
12138
12139
12150
12151
12152
12153
12156
12157
12158
12159
12160
12161
12162
12165
12166
12167
12168
12169
12170
12174
12175
12177
12178
12180
12204
12205
12206
12210
12211
12212
12213
12214
12215
12219
12220
12221
12222
12223
12224
12231
12232
12233
12234
12237
12238
12239
12240
12241
12242
12243
12246
12247
12248
12249
12250
12251
12255
12256
12258
12259
12261
12273
12274
12282
12283
12285
12286
12287
12288
12291
12292
12293
12294
12295
12296
12297
12300
12301
12302
12303
12304
12305
12312
12313
12314
12318
12319
12320
12321
12322
12323
12327
12328
12329
12330
12331
12332
12393
12394
12395
12399
12400
12401
12402
12403
12404
12408
12409
12410
12411
12412
12413
12447
12448
12449
12453
12454
12455
12456
12457
12458
12462
12463
12464
12465
12466
12467
12474
12475
12476
12480
12481
12482
12483
12484
12485
12489
12490
12491
12492
12493
12494
12528
12529
12530
12534
12535
12536
12537
12538
12539
12543
12544
12545
12546
12547
12548
12555
12556
12557
12561
12562
12563
12564
12565
12566
12570
12571
12572
12573
12574
12575
13122
13123
13124
13128
13129
13130
13131
13132
13133
13137
13138
13139
13140
13141
13142
13176
13177
13178
13182
13183
13184
13185
13186
13187
13191
13192
13193
13194
13195
13196
13203
13204
13205
13209
13210
13211
13212
13213
13214
13218
13219
13220
13221
13222
13223
13257
13258
13259
13263
13264
13265
13266
13267
13268
13272
13273
13274
13275
13276
13277
13284
13285
13286
13290
13291
13292
13293
13294
13295
13299
13300
13301
13302
13303
13304
13608
13609
13610
13614
13615
13616
13617
13618
13619
13623
13624
13625
13626
13627
13628
13662
13663
13664
13668
13669
13670
13671
13672
13673
13677
13678
13679
13680
13681
13682
13689
13690
13691
13695
13696
13697
13698
13699
13700
13704
13705
13706
13707
13708
13709
13743
13744
13745
13749
13750
13751
13752
13753
13754
13758
13759
13760
13761
13762
13763
13770
13771
13772
13776
13777
13778
13779
13780
13781
13785
13786
13787
13788
13789
13790
13851
13852
13853
13857
13858
13859
13860
13861
13862
13866
13867
13868
13869
13870
13871
13905
13906
13907
13911
13912
13913
13914
13915
13916
13920
13921
13922
13923
13924
13925
13932
13933
13934
13938
13939
13940
13941
13942
13943
13947
13948
13949
13950
13951
13952
13986
13987
13988
13992
13993
13994
13995
13996
13997
14001
14002
14003
14004
14005
14006
14013
14014
14015
14019
14020
14021
14022
14023
14024
14028
14029
14030
14031
14032
14033
14337
14338
14339
14343
14344
14345
14346
14347
14348
14352
14353
14354
14355
14356
14357
14391
14392
14393
14397
14398
14399
14400
14401
14402
14406
14407
14408
14409
14410
14411
14418
14419
14420
14424
14425
14426
14427
14428
14429
14433
14434
14435
14436
14437
14438
14472
14473
14474
14478
14479
14480
14481
14482
14483
14487
14488
14489
14490
14491
14492
14499
14500
14501
14505
14506
14507
14508
14509
14510
14514
14515
14516
14517
14518
14519
14580
14581
14582
14586
14587
14588
14589
14590
14591
14595
14596
14597
14598
14599
14600
14634
14635
14636
14640
14641
14642
14643
14644
14645
14649
14650
14651
14652
14653
14654
14661
14662
14663
14667
14668
14669
14670
14671
14672
14676
14677
14678
14679
14680
14681
14715
14716
14717
14721
14722
14723
14724
14725
14726
14730
14731
14732
14733
14734
14735
14742
14743
14744
14748
14749
14750
14751
14752
14753
14757
14758
14759
14760
14761
14762
16404
16405
16413
16414
16416
16417
16419
16425
16426
16428
16431
16432
16485
16486
16494
16495
16497
16498
16500
16506
16507
16509
16512
16513
16524
16525
16527
16533
16534
16536
16539
16540
16548
16549
16551
16552
16554
16605
16606
16608
16614
16615
16617
16620
16621
16629
16630
16632
16633
16635
16647
16648
16656
16657
16659
16660
16662
16668
16669
16671
16674
16675
17133
17134
17142
17143
17145
17146
17148
17154
17155
17157
17160
17161
17214
17215
17223
17224
17226
17227
17229
17235
17236
17238
17241
17242
17253
17254
17256
17262
17263
17265
17268
17269
17277
17278
17280
17281
17283
17334
17335
17337
17343
17344
17346
17349
17350
17358
17359
17361
17362
17364
17376
17377
17385
17386
17388
17389
17391
17397
17398
17400
17403
17404
17496
17497
17499
17505
17506
17508
17511
17512
17520
17521
17523
17524
17526
17577
17578
17580
17586
17587
17589
17592
17593
17601
17602
17604
17605
17607
17619
17620
17628
17629
17631
17632
17634
17640
17641
17643
17646
17647
17700
17701
17709
17710
17712
17713
17715
17721
17722
17724
17727
17728
17739
17740
17742
17748
17749
17751
17754
17755
17763
17764
17766
17767
17769
18225
18226
18228
18234
18235
18237
18240
18241
18249
18250
18252
18253
18255
18306
18307
18309
18315
18316
18318
18321
18322
18330
18331
18333
18334
18336
18348
18349
18357
18358
18360
18361
18363
18369
18370
18372
18375
18376
18429
18430
18438
18439
18441
18442
18444
18450
18451
18453
18456
18457
18468
18469
18471
18477
18478
18480
18483
18484
18492
18493
18495
18496
18498
18591
18592
18600
18601
18603
18604
18606
18612
18613
18615
18618
18619
18672
18673
18681
18682
18684
18685
18687
18693
18694
18696
18699
18700
18711
18712
18714
18720
18721
18723
18726
18727
18735
18736
18738
18739
18741
18792
18793
18795
18801
18802
18804
18807
18808
18816
18817
18819
18820
18822
18834
18835
18843
18844
18846
18847
18849
18855
18856
18858
18861
18862
19683
19684
19686
19692
19693
19695
19698
19699
19707
19708
19710
19711
19713
19764
19765
19767
19773
19774
19776
19779
19780
19788
19789
19791
19792
19794
19806
19807
19815
19816
19818
19819
19821
19827
19828
19830
19833
19834
19887
19888
19896
19897
19899
19900
19902
19908
19909
19911
19914
19915
19926
19927
19929
19935
19936
19938
19941
19942
19950
19951
19953
19954
19956
20412
20413
20415
20421
20422
20424
20427
20428
20436
20437
20439
20440
20442
20493
20494
20496
20502
20503
20505
20508
20509
20517
20518
20520
20521
20523
20535
20536
20544
20545
20547
20548
20550
20556
20557
20559
20562
20563
20616
20617
20625
20626
20628
20629
20631
20637
20638
20640
20643
20644
20655
20656
20658
20664
20665
20667
20670
20671
20679
20680
20682
20683
20685
20778
20779
20787
20788
20790
20791
20793
20799
20800
20802
20805
20806
20859
20860
20868
20869
20871
20872
20874
20880
20881
20883
20886
20887
20898
20899
20901
20907
20908
20910
20913
20914
20922
20923
20925
20926
20928
20979
20980
20982
20988
20989
20991
20994
20995
21003
21004
21006
21007
21009
21021
21022
21030
21031
21033
21034
21036
21042
21043
21045
21048
21049
21507
21508
21516
21517
21519
21520
21522
21528
21529
21531
21534
21535
21588
21589
21597
21598
21600
21601
21603
21609
21610
21612
21615
21616
21627
21628
21630
21636
21637
21639
21642
21643
21651
21652
21654
21655
21657
21708
21709
21711
21717
21718
21720
21723
21724
21732
21733
21735
21736
21738
21750
21751
21759
21760
21762
21763
21765
21771
21772
21774
21777
21778
21870
21871
21873
21879
21880
21882
21885
21886
21894
21895
21897
21898
21900
21951
21952
21954
21960
21961
21963
21966
21967
21975
21976
21978
21979
21981
21993
21994
22002
22003
22005
22006
22008
22014
22015
22017
22020
22021
22074
22075
22083
22084
22086
22087
22089
22095
22096
22098
22101
22102
22113
22114
22116
22122
22123
22125
22128
22129
22137
22138
22140
22141
22143
