2
3
4
5
6
7
8
9
10
11
12
13
14
15
16
17
18
19
20
21
22
23
24
25
26
27
28
29
30
31
32
33
34
35
36
37
38
39
40
41
42
43
44
45
46
47
48
49
50
51
54
55
56
57
58
59
60
61
62
63
64
65
66
67
68
69
70
71
72
73
74
75
76
77
79
81
82
83
84
85
86
87
88
89
90
91
92
93
94
95
96
99
100
101
102
103
105
108
109
110
111
112
113
114
115
116
117
118
119
120
121
122
123
124
125
126
127
128
129
131
132
135
136
137
138
139
140
141
142
144
145
149
150
151
152
153
154
155
158
162
163
164
165
166
167
168
169
170
171
172
173
174
175
176
177
180
181
182
183
184
185
186
187
189
190
191
192
193
195
196
198
199
200
201
202
203
204
205
207
208
210
212
213
216
217
218
219
220
222
223
225
226
228
230
231
232
237
243
244
245
246
247
248
249
250
251
252
253
254
255
256
257
258
261
262
263
264
265
267
270
271
272
273
274
275
276
277
278
279
280
281
282
283
284
285
288
289
290
297
298
299
300
301
302
303
304
305
306
307
308
309
310
311
315
316
317
324
325
326
327
328
329
330
331
332
333
334
335
336
337
339
342
343
344
345
346
348
351
352
353
354
355
357
360
361
362
363
364
365
366
369
370
371
372
374
375
378
379
380
381
382
383
384
392
393
405
406
407
408
410
411
414
415
416
417
419
420
423
424
425
426
432
433
434
435
446
447
450
451
452
453
455
456
459
460
461
462
464
465
473
474
486
487
488
489
490
491
492
495
496
497
498
499
500
501
504
505
506
507
508
510
513
514
515
516
517
519
522
523
524
525
526
528
540
541
542
543
544
546
729
730
731
732
733
735
738
739
740
741
742
744
747
748
749
750
751
753
756
757
758
759
760
762
765
766
767
768
769
771
783
784
785
786
787
789
810
811
812
813
814
816
819
820
821
822
823
825
828
829
830
831
832
834
837
838
839
840
841
843
846
847
848
849
850
852
864
865
866
867
868
870
891
892
893
894
895
897
900
901
902
903
904
906
909
910
911
912
913
915
918
919
920
921
922
924
927
928
929
930
931
933
945
946
947
948
949
951
972
973
974
975
976
978
981
982
983
984
985
987
990
991
992
993
994
996
999
1000
