2
4
5
7
8
9
10
11
13
14
16
17
18
19
20
22
23
25
26
28
29
31
34
35
36
37
38
40
41
43
45
46
47
49
50
52
53
56
58
59
61
63
64
65
68
70
72
73
74
76
77
79
80
81
82
83
85
86
88
89
90
91
92
94
95
97
98
99
100
101
103
104
106
107
112
113
115
116
117
118
119
121
122
124
126
127
130
131
134
139
140
143
144
145
148
152
153
154
155
158
161
162
163
164
166
167
171
172
173
175
179
180
181
182
184
187
188
196
197
198
199
200
202
205
206
214
215
223
224
225
226
227
229
234
235
236
238
241
242
286
287
295
296
304
305
306
307
308
310
315
316
317
319
322
323
324
325
326
328
333
334
335
337
342
343
344
346
349
350
358
359
360
361
362
364
