3
4
7
9
10
12
13
16
19
21
22
25
27
28
30
31
34
36
37
39
40
46
48
49
52
55
57
58
61
63
64
66
67
70
73
75
76
79
81
82
84
85
88
90
91
93
94
97
100
102
103
108
109
111
115
117
118
120
133
136
138
139
144
145
147
148
151
154
156
171
174
175
183
189
190
192
193
198
199
201
202
205
208
210
211
217
219
225
228
229
232
235
238
243
244
246
247
250
252
253
255
259
262
264
265
270
271
273
274
277
279
280
282
291
292
300
306
307
309
313
319
324
325
327
328
333
334
336
345
346
351
352
355
414
417
426
427
432
433
435
436
441
442
448
451
453
454
460
471
475
478
495
511
513
520
525
538
541
547
549
552
556
559
562
567
568
570
574
576
577
579
583
594
595
597
601
610
613
615
628
630
631
633
637
655
657
660
667
682
687
714
729
730
732
733
736
738
739
741
742
745
750
751
754
756
757
759
760
763
765
766
768
777
778
786
792
793
795
799
810
811
813
814
817
819
820
822
826
831
832
837
838
840
844
873
874
876
880
883
900
918
919
921
922
927
928
939
940
949
958
972
973
975
976
979
981
982
984
988
999
1000
1002
1006
1020
1035
1036
1038
1042
1053
1054
1057
1062
1063
1080
1081
1251
1252
1254
1263
1296
1297
1299
1303
1305
1306
1308
1312
1323
1324
1326
1330
1332
1333
1335
1359
1360
1362
1366
1701
1702
1704
1705
1710
1711
1722
1723
1728
1729
1731
1732
1737
1738
1749
1750
1782
1783
1785
1786
1791
1792
1803
1804
1890
1891
1893
1894
1899
1900
1911
1912
2187
2188
2190
2191
2194
2196
2197
2199
2203
2208
2209
2214
2215
2217
2218
2221
2223
2224
2235
2236
2250
2251
2253
2257
2268
2269
2271
2272
2275
2277
2278
2280
2284
2289
2290
2295
2296
2298
2302
2331
2332
2334
2338
2376
2377
2379
2380
2385
2386
2397
2398
2430
2431
2433
2434
2437
2439
2440
2442
2446
2451
2452
2457
2458
2460
2461
2464
2466
2467
2478
2479
2493
2494
2496
2500
2511
2512
2514
2515
2520
2521
2532
2533
2619
2620
2622
2623
2628
2629
2640
2641
2754
2755
2757
2761
2763
2764
2766
2770
2781
2782
2784
2788
2817
2818
2820
2824
2916
2917
2919
2920
2925
2926
2937
2938
2943
2944
2946
2947
2952
2953
2964
2965
2997
2998
3000
3001
3006
3007
3018
3019
3105
3106
3108
3109
3114
3115
3126
3127
5103
5104
5106
5110
5112
5113
5115
5119
5130
5131
5133
5137
5166
5167
5169
5173
5184
5185
5187
5191
5193
5194
5196
5200
5211
5212
5214
5218
5247
5248
5250
5254
5346
5347
5349
5353
5355
5356
5358
5362
5373
5374
5376
5380
5409
5410
5412
5416
5670
5671
5673
5677
5679
5680
5682
5686
5697
5698
5700
5704
5733
5734
5736
5740
6561
6562
6564
6568
6570
6571
6573
6577
6588
6589
6591
6595
6624
6625
6627
6631
6642
6643
6645
6649
6651
6652
6654
6658
6669
6670
6672
6676
6705
6706
6708
6712
6804
6805
6807
6811
6813
6814
6816
6820
6831
6832
6834
6838
6867
6868
6870
6874
7128
7129
7131
7135
7137
7138
7140
7144
7155
7156
7158
7162
7191
7192
7194
7198
7290
7291
7293
7297
7299
7300
7302
7306
7317
7318
7320
7324
7353
7354
7356
7360
7371
7372
7374
7378
7380
7381
7383
7387
7398
7399
7401
7405
7434
7435
7437
7441
7533
7534
7536
7540
7542
7543
7545
7549
7560
7561
7563
7567
7596
7597
7599
7603
7857
7858
7860
7864
7866
7867
7869
7873
7884
7885
7887
7891
7920
7921
7923
7927
8748
8749
8751
8755
8757
8758
8760
8764
8775
8776
8778
8782
8811
8812
8814
8818
8829
8830
8832
8836
8838
8839
8841
8845
8856
8857
8859
8863
8892
8893
8895
8899
8991
8992
8994
8998
9000
9001
9003
9007
9018
9019
9021
9025
9054
9055
9057
9061
9315
9316
9318
9322
9324
9325
9327
9331
9342
9343
9345
9349
9378
9379
9381
9385
