2
4
5
7
9
10
11
13
14
16
18
19
20
22
23
25
28
29
32
36
37
38
41
45
46
47
50
52
55
56
58
59
61
63
64
65
67
68
70
73
74
76
77
79
81
82
83
85
86
88
90
91
92
95
97
99
100
101
103
104
109
110
112
113
115
117
118
122
126
127
128
131
133
136
139
140
144
145
146
148
149
151
154
155
160
162
163
164
166
167
171
172
176
180
196
198
202
207
209
220
221
223
225
226
227
230
235
236
247
252
254
256
257
259
261
262
266
271
272
288
290
293
302
308
311
317
319
320
324
325
328
333
342
346
352
353
355
361
365
369
371
374
379
380
382
383
388
397
398
403
405
406
410
412
414
415
416
418
419
421
424
425
428
433
436
450
451
455
457
460
461
466
468
469
470
472
473
475
478
479
481
482
487
491
495
504
511
514
517
520
522
523
524
527
531
532
533
542
549
550
556
567
568
572
574
576
577
580
581
583
585
586
603
604
612
613
614
617
619
622
626
630
631
635
637
640
641
643
644
649
657
658
659
666
671
676
684
689
693
694
695
698
703
712
713
716
718
721
725
727
729
730
731
733
734
736
738
739
740
742
743
745
747
748
752
758
765
766
770
774
775
779
781
784
787
792
793
794
796
797
799
805
810
811
812
815
817
819
820
824
826
829
833
838
839
850
855
856
860
862
873
874
875
878
880
886
891
892
895
900
909
923
925
928
936
938
943
947
949
955
956
958
965
973
977
981
983
985
986
990
1010
1012
1017
1019
1022
1027
1028
1031
1035
1037
1040
1046
1048
1049
1053
1054
1055
1062
1063
1078
1082
1090
1100
1103
1105
1109
1112
1114
1121
1129
1134
1135
1136
1138
1139
1141
1143
1144
1148
1150
1152
1168
1171
1175
1179
1180
1181
1184
1186
1190
1197
1198
1202
1204
1207
1224
1234
1235
1262
1288
1294
1296
1297
1301
1303
1305
1306
1310
1312
1314
1315
1318
1324
1325
1332
1341
1342
1343
1346
1348
1351
1352
1359
1360
1364
1366
1369
1370
1372
1386
1387
1388
1395
1396
1406
1427
1432
1436
1440
1445
1454
1456
1458
1459
1460
1467
1468
1471
1472
1476
1477
1487
1516
1517
1519
1522
1523
1525
1539
1540
1541
1548
1549
1553
1584
1585
1667
1676
1678
1685
1687
1748
1757
1768
1782
1783
1838
1863
1864
1867
1910
1913
1919
2007
2023
2025
2026
2043
2044
2054
2056
2070
2071
2080
2086
2089
2090
2099
2101
2111
2124
2125
2135
2156
2165
2279
2281
2286
2304
2314
2333
2336
2342
2349
2350
2351
2354
2358
2359
2363
2377
2387
2395
2396
2399
2405
2414
2417
2423
2439
2448
2449
2459
2610
2633
2637
2711
2714
2718
2737
2871
2899
2900
2909
2916
2917
2920
2925
2952
3124
3134
3190
3195
3215
3281
3285
3287
3290
3295
3313
3314
3321
3322
3326
3328
3339
3344
3355
3358
3362
3366
3394
3411
3542
3547
3573
3582
3645
3646
3650
3652
3654
3655
3659
3661
3674
3686
3690
3691
3695
3697
3700
3708
3709
3713
3715
3719
3726
3727
3730
3731
3733
3735
3736
3737
3739
3740
3742
3744
3762
3771
3772
3776
3778
3789
3790
3794
3796
3799
3832
3848
3852
3919
3924
3944
4015
4045
4050
4051
4055
4057
4059
4060
4064
4066
4095
4096
4100
4102
4105
4106
4113
4114
4118
4120
4126
4140
4149
4186
4212
4213
4217
4219
4221
4222
4226
4228
4250
4257
4258
4259
4262
4264
4271
4275
4276
4280
4282
4302
4311
4329
4357
4358
4367
4420
4429
4448
4455
4456
4459
4483
4484
4519
4583
4586
4599
4606
4626
4640
4651
4654
4667
4672
4680
4690
4691
4693
4698
4699
4700
4707
4708
4716
4723
4727
4739
4743
4745
4748
4754
4771
4772
4774
4779
4780
4784
4792
4797
4798
4855
4873
4878
4879
4950
4964
4966
4979
4988
4991
5004
5014
5051
5060
5081
5095
5096
5103
5104
5108
5110
5112
5113
5117
5119
5144
5148
5149
5153
5155
5166
5167
5171
5173
5184
5185
5189
5191
5193
5194
5198
5200
5220
5221
5229
5230
5234
5236
5247
5248
5252
5254
5265
5266
5267
5274
5275
5422
5427
5428
5429
5436
5437
5474
5483
5503
5508
5509
5513
5515
5517
5518
5522
5524
5553
5554
5558
5560
5571
5572
5576
5578
5670
5671
5675
5677
5679
5680
5684
5686
5715
5716
5720
5722
5733
5734
5738
5740
5744
5746
5769
5787
5815
5816
5825
5905
5913
5914
5918
5920
5947
5950
5963
5968
5969
5977
5978
5983
5986
5994
5995
5998
6005
6007
6019
6035
6039
6068
6086
6088
6271
6274
6278
6282
6310
6327
6422
6424
6462
6472
6561
6562
6563
6566
6568
6570
6571
6574
6575
6577
6579
6580
6590
6602
6606
6607
6611
6613
6619
6620
6624
6625
6626
6628
6629
6631
6634
6642
6643
6644
6647
6649
6651
6652
6656
6658
6676
6678
6679
6687
6688
6692
6694
6697
6705
6706
6707
6710
6712
6716
6723
6724
6725
6732
6733
6737
6788
6791
6797
6822
6823
6832
6833
6851
6854
6863
6926
6930
6932
6935
6940
6958
6959
6966
6967
6971
6973
6975
6976
6980
6982
6989
7011
7012
7016
7018
7029
7030
7034
7036
7072
7081
7083
7084
7094
7103
7117
7128
7129
7133
7135
7137
7138
7141
7142
7144
7146
7147
7164
7165
7173
7174
7178
7180
7191
7192
7196
7198
7290
7291
7292
7295
7297
7299
7300
7303
7304
7306
7308
7309
7319
7335
7336
7340
7342
7348
7353
7354
7355
7357
7358
7360
7371
7372
7373
7376
7378
7380
7381
7385
7387
7416
7417
7421
7423
7434
7435
7439
7441
7583
7592
7598
7601
7607
7664
7673
7695
7696
7697
7700
7702
7704
7705
7709
7711
7740
7741
7745
7747
7758
7759
7763
7765
7857
7858
7862
7864
7866
7867
7871
7873
7902
7903
7907
7909
7920
7921
7925
7927
8437
8442
8443
8500
8518
8523
8524
8541
8542
8552
8561
8599
8604
8605
8622
8623
8957
8966
8968
8975
8977
9038
9047
9166
9171
9172
9187
9190
9194
9198
9199
9203
9212
9226
9229
9243
9247
9252
9253
9259
9268
9271
9279
9280
9299
9302
9304
9308
9315
9316
9320
9322
9333
9334
9344
9360
9361
9373
9380
9382
9391
9414
9415
9425
9432
9433
9446
9454
9455
9461
9463
9477
9478
9479
9486
9487
9490
9495
9496
9535
9542
9544
9550
9558
9559
9560
9563
9565
9567
9568
9592
9595
9608
9613
9702
9709
9743
9754
9757
9895
9900
9901
9927
9928
9932
9941
9958
9976
9981
9982
10008
10009
10028
10031
10037
10102
10109
10111
10120
10161
10162
10183
10190
10192
10206
10207
10208
10211
10213
10215
10216
10220
10222
10224
10225
10235
10251
10252
10256
10258
10269
10270
10274
10276
10287
10288
10289
10292
10294
10296
10297
10301
10303
10332
10333
10337
10339
10350
10351
10355
10357
10611
10612
10616
10618
10620
10621
10625
10627
10656
10657
10661
10663
10674
10675
10679
10681
10773
10774
10778
10780
10782
10783
10787
10789
10818
10819
10823
10825
10836
10837
10841
10843
11664
11665
11669
11671
11673
11674
11678
11680
11709
11710
11714
11716
11727
11728
11732
11734
11745
11746
11750
11752
11754
11755
11759
11761
11790
11791
11795
11797
11808
11809
11810
11813
11815
11819
11826
11827
11828
11835
11836
11840
11891
11894
11900
11925
11926
11936
11957
11966
11972
11975
11981
12038
12047
12069
12070
12071
12074
12076
12078
12079
12083
12085
12114
12115
12119
12121
12132
12133
12137
12139
12231
12232
12236
12238
12240
12241
12245
12247
12276
12277
12281
12283
12294
12295
12299
12301
12539
12542
12548
12555
12556
12557
12564
12565
12569
12620
12623
12629
12654
12655
12665
12843
12844
12848
12857
12924
12925
12944
12947
12953
13122
13123
13124
13131
13132
13135
13136
13140
13141
13151
13180
13187
13189
13203
13204
13205
13212
13213
13217
13239
13240
13248
13249
13268
13271
13277
13284
13285
13286
13293
13294
13298
13349
13352
13358
13383
13384
13394
13644
13645
13655
13664
13702
13707
13708
13725
13726
13851
13852
13853
13860
13861
13864
13865
13869
13870
13880
13909
13916
13918
13932
13933
13934
13941
13942
13946
13977
13978
14144
14153
14159
14162
14168
14225
14234
14256
14257
14258
14265
14266
14270
18371
18374
18380
18387
18388
18389
18396
18397
18401
18452
18455
18461
18486
18487
18497
18518
18527
18533
18536
18542
18599
18608
18630
18631
18632
18639
18640
18644
19100
19103
19109
19116
19117
19118
19125
19126
19130
19181
19184
19190
19215
19216
19226
19404
19405
19409
19418
19485
19486
19505
19508
19514
32805
32806
32810
32812
32814
32815
32819
32821
32850
32851
32855
32857
32868
32869
32873
32875
32886
32887
32891
32893
32895
32896
32900
32902
32931
32932
32936
32938
32949
32950
32954
32956
33210
33211
33215
33217
33219
33220
33224
33226
33255
33256
33260
33262
33273
33274
33278
33280
33372
33373
33377
33379
33381
33382
33386
33388
33417
33418
33422
33424
33435
33436
33440
33442
33534
33535
33539
33541
33543
33544
33548
33550
33579
33580
33584
33586
33597
33598
33602
33604
33615
33616
33620
33622
33624
33625
33629
33631
33660
33661
33665
33667
33678
33679
33683
33685
33939
33940
33944
33946
33948
33949
33953
33955
33984
33985
33989
33991
34002
34003
34007
34009
34101
34102
34106
34108
34110
34111
34115
34117
34146
34147
34151
34153
34164
34165
34169
34171
36450
36451
36455
36457
36459
36460
36464
36466
36495
36496
36500
36502
36513
36514
36518
36520
36531
36532
36536
36538
36540
36541
36545
36547
36576
36577
36581
36583
36594
36595
36599
36601
36855
36856
36860
36862
36864
36865
36869
36871
36900
36901
36905
36907
36918
36919
36923
36925
37017
37018
37022
37024
37026
37027
37031
37033
37062
37063
37067
37069
37080
37081
37085
37087
37908
37909
37913
37915
37917
37918
37922
37924
37953
37954
37958
37960
37971
37972
37976
37978
37989
37990
37994
37996
37998
37999
38003
38005
38034
38035
38039
38041
38052
38053
38057
38059
38313
38314
38318
38320
38322
38323
38327
38329
38358
38359
38363
38365
38376
38377
38381
38383
38475
38476
38480
38482
38484
38485
38489
38491
38520
38521
38525
38527
38538
38539
38543
38545
45927
45928
45932
45934
45936
45937
45941
45943
45972
45973
45977
45979
45990
45991
45995
45997
46008
46009
46013
46015
46017
46018
46022
46024
46053
46054
46058
46060
46071
46072
46076
46078
46332
46333
46337
46339
46341
46342
46346
46348
46377
46378
46382
46384
46395
46396
46400
46402
46494
46495
46499
46501
46503
46504
46508
46510
46539
46540
46544
46546
46557
46558
46562
46564
46656
46657
46661
46663
46665
46666
46670
46672
46701
46702
46706
46708
46719
46720
46724
46726
46737
46738
46742
46744
46746
46747
46751
46753
46782
46783
46787
46789
46800
46801
46805
46807
47061
47062
47066
47068
47070
47071
47075
47077
47106
47107
47111
47113
47124
47125
47129
47131
47223
47224
47228
47230
47232
47233
47237
47239
47268
47269
47273
47275
47286
47287
47291
47293
49572
49573
49577
49579
49581
49582
49586
49588
49617
49618
49622
49624
49635
49636
49640
49642
49653
49654
49658
49660
49662
49663
49667
49669
49698
49699
49703
49705
49716
49717
49721
49723
49977
49978
49982
49984
49986
49987
49991
49993
50022
50023
50027
50029
50040
50041
50045
50047
50139
50140
50144
50146
50148
50149
50153
50155
50184
50185
50189
50191
50202
50203
50207
50209
51030
51031
51035
51037
51039
51040
51044
51046
51075
51076
51080
51082
51093
51094
51098
51100
51111
51112
51116
51118
51120
51121
51125
51127
51156
51157
51161
51163
51174
51175
51179
51181
51435
51436
51440
51442
51444
51445
51449
51451
51480
51481
51485
51487
51498
51499
51503
51505
51597
51598
51602
51604
51606
51607
51611
51613
51642
51643
51647
51649
51660
51661
51665
51667
59049
59050
59054
59056
59058
59059
59063
59065
59094
59095
59099
59101
59112
59113
59117
59119
59130
59131
59135
59137
59139
59140
59144
59146
59175
59176
59180
59182
59193
59194
59198
59200
59454
59455
59459
59461
59463
59464
59468
59470
59499
59500
59504
59506
59517
59518
59522
59524
59616
59617
59621
59623
59625
59626
59630
59632
59661
59662
59666
59668
59679
59680
59684
59686
59778
59779
59783
59785
59787
59788
59792
59794
59823
59824
59828
59830
59841
59842
59846
59848
59859
59860
59864
59866
59868
59869
59873
59875
59904
59905
59909
59911
59922
59923
59927
59929
60183
60184
60188
60190
60192
60193
60197
60199
60228
60229
60233
60235
60246
60247
60251
60253
60345
60346
60350
60352
60354
60355
60359
60361
60390
60391
60395
60397
60408
60409
60413
60415
62694
62695
62699
62701
62703
62704
62708
62710
62739
62740
62744
62746
62757
62758
62762
62764
62775
62776
62780
62782
62784
62785
62789
62791
62820
62821
62825
62827
62838
62839
62843
62845
63099
63100
63104
63106
63108
63109
63113
63115
63144
63145
63149
63151
63162
63163
63167
63169
63261
63262
63266
63268
63270
63271
63275
63277
63306
63307
63311
63313
63324
63325
63329
63331
64152
64153
64157
64159
64161
64162
64166
64168
64197
64198
64202
64204
64215
64216
64220
64222
64233
64234
64238
64240
64242
64243
64247
64249
64278
64279
64283
64285
64296
64297
64301
64303
64557
64558
64562
64564
64566
64567
64571
64573
64602
64603
64607
64609
64620
64621
64625
64627
64719
64720
64724
64726
64728
64729
64733
64735
64764
64765
64769
64771
64782
64783
64787
64789
65610
65611
65615
65617
65619
65620
65624
65626
65655
65656
65660
65662
65673
65674
65678
65680
65691
65692
65696
65698
65700
65701
65705
65707
65736
65737
65741
65743
65754
65755
65759
65761
66015
66016
66020
66022
66024
66025
66029
66031
66060
66061
66065
66067
66078
66079
66083
66085
66177
66178
66182
66184
66186
66187
66191
66193
66222
66223
66227
66229
66240
66241
66245
66247
66339
66340
66344
66346
66348
66349
66353
66355
66384
66385
66389
66391
66402
66403
66407
66409
66420
66421
66425
66427
66429
66430
66434
66436
66465
66466
66470
66472
66483
66484
66488
66490
66744
66745
66749
66751
66753
66754
66758
66760
66789
66790
66794
66796
66807
66808
66812
66814
66906
66907
66911
66913
66915
66916
66920
66922
66951
66952
66956
66958
66969
66970
66974
66976
69255
69256
69260
69262
69264
69265
69269
69271
69300
69301
69305
69307
69318
69319
69323
69325
69336
69337
69341
69343
69345
69346
69350
69352
69381
69382
69386
69388
69399
69400
69404
69406
69660
69661
69665
69667
69669
69670
69674
69676
69705
69706
69710
69712
69723
69724
69728
69730
69822
69823
69827
69829
69831
69832
69836
69838
69867
69868
69872
69874
69885
69886
69890
69892
70713
70714
70718
70720
70722
70723
70727
70729
70758
70759
70763
70765
70776
70777
70781
70783
70794
70795
70799
70801
70803
70804
70808
70810
70839
70840
70844
70846
70857
70858
70862
70864
71118
71119
71123
71125
71127
71128
71132
71134
71163
71164
71168
71170
71181
71182
71186
71188
71280
71281
71285
71287
71289
71290
71294
71296
71325
71326
71330
71332
71343
71344
71348
71350
91854
91855
91859
91861
91863
91864
91868
91870
91899
91900
91904
91906
91917
91918
91922
91924
91935
91936
91940
91942
91944
91945
91949
91951
91980
91981
91985
91987
91998
91999
92003
92005
92259
92260
92264
92266
92268
92269
92273
92275
92304
92305
92309
92311
92322
92323
92327
92329
92421
92422
92426
92428
92430
92431
92435
92437
92466
92467
92471
92473
92484
92485
92489
92491
92583
92584
92588
92590
92592
92593
92597
92599
92628
92629
92633
92635
92646
92647
92651
92653
92664
92665
92669
92671
92673
92674
92678
92680
92709
92710
92714
92716
92727
92728
92732
92734
92988
92989
92993
92995
92997
92998
93002
93004
93033
93034
93038
93040
93051
93052
93056
93058
93150
93151
93155
93157
93159
93160
93164
93166
93195
93196
93200
93202
93213
93214
93218
93220
95499
95500
95504
95506
95508
95509
95513
95515
95544
95545
95549
95551
95562
95563
95567
95569
95580
95581
95585
95587
95589
95590
95594
95596
95625
95626
95630
95632
95643
95644
95648
95650
95904
95905
95909
95911
95913
95914
95918
95920
95949
95950
95954
95956
95967
95968
95972
95974
96066
96067
96071
96073
96075
96076
96080
96082
96111
96112
96116
96118
96129
96130
96134
96136
96957
96958
96962
96964
96966
96967
96971
96973
97002
97003
97007
97009
97020
97021
97025
97027
97038
97039
97043
97045
97047
97048
97052
97054
97083
97084
97088
97090
97101
97102
97106
97108
97362
97363
97367
97369
97371
97372
97376
97378
97407
97408
97412
97414
97425
97426
97430
97432
97524
97525
97529
97531
97533
97534
97538
97540
97569
97570
97574
97576
97587
97588
97592
97594
