2
3
4
5
6
7
8
9
10
11
12
13
14
15
16
17
18
19
20
21
22
23
24
25
26
27
28
29
30
31
32
33
34
35
36
37
38
39
40
41
42
43
44
45
46
47
48
49
50
51
52
53
54
55
56
57
58
59
60
61
62
63
64
65
66
67
68
69
70
71
72
73
74
75
76
77
78
79
80
81
82
83
84
85
86
87
88
89
90
91
92
93
94
95
96
97
98
99
100
101
102
103
104
105
106
107
108
109
110
111
112
113
114
115
116
117
118
119
120
121
122
123
124
125
126
127
128
129
130
131
132
133
134
135
136
137
138
139
140
141
142
143
144
145
146
147
148
149
150
151
152
153
154
155
156
157
158
159
160
161
162
163
164
165
169
170
171
172
173
174
175
176
178
179
180
181
182
184
185
186
189
190
193
194
195
198
199
201
202
204
205
207
208
210
211
213
214
215
216
217
218
219
220
225
226
227
228
229
230
231
232
236
237
238
239
240
241
242
243
244
245
246
247
249
251
252
253
254
255
256
257
258
259
260
261
262
263
264
265
266
267
270
271
272
273
274
275
276
277
279
280
282
283
285
286
288
289
290
291
292
293
295
296
297
298
299
300
301
302
303
305
306
307
308
309
311
312
313
316
317
318
319
320
322
324
325
327
328
329
330
332
333
334
337
339
340
341
342
343
344
345
346
347
348
349
351
352
353
354
355
358
360
362
363
364
365
366
369
370
371
372
373
374
376
377
378
379
380
381
382
384
386
387
388
389
390
391
393
394
395
397
398
399
400
401
403
405
406
409
410
411
412
413
414
415
416
417
418
419
420
421
422
423
424
425
426
427
428
429
430
431
432
433
434
435
436
437
438
439
441
442
445
446
447
448
450
451
452
453
454
455
456
457
458
459
460
461
462
463
464
465
466
467
468
469
470
471
472
473
474
475
476
477
478
479
480
481
482
483
484
485
486
487
489
490
491
492
493
494
495
496
497
498
499
500
501
502
503
504
507
508
509
510
511
512
513
514
515
516
517
518
519
520
522
523
524
525
526
527
528
529
531
532
533
534
535
536
537
538
539
540
541
542
543
544
545
546
547
548
549
550
553
554
555
556
557
558
559
560
561
563
564
565
566
567
568
572
573
574
575
576
577
580
581
582
583
584
585
586
587
589
590
591
592
593
598
599
600
603
604
605
606
607
609
610
612
613
614
615
616
617
618
619
620
621
622
623
624
625
626
627
628
629
630
631
632
633
634
635
636
637
638
639
640
643
644
645
646
647
648
649
650
653
654
655
656
657
658
662
663
664
665
671
672
675
676
684
685
687
688
690
691
693
694
695
696
697
698
699
700
701
702
703
704
705
706
707
708
709
710
711
712
713
714
715
716
717
718
719
720
721
723
724
725
726
727
728
729
730
731
732
734
735
736
737
738
739
740
741
742
743
744
745
746
747
748
749
750
751
752
753
754
756
757
758
759
761
770
771
774
775
779
780
781
782
783
784
786
787
788
789
790
791
792
793
794
796
797
798
799
800
801
802
804
805
806
807
808
809
810
811
812
813
815
816
817
818
819
820
821
822
823
824
825
826
827
828
829
830
831
832
833
834
835
836
837
838
839
840
841
842
843
844
846
847
849
850
852
853
855
856
857
858
859
860
861
862
863
864
865
869
870
871
872
873
874
875
876
877
878
879
880
881
882
883
884
885
887
888
889
890
891
892
893
894
899
900
901
902
903
904
905
907
908
909
910
911
912
913
914
915
917
918
919
920
921
922
923
924
927
928
929
930
931
933
934
936
937
938
939
940
942
943
945
946
947
949
950
951
954
955
956
957
958
959
960
961
962
963
964
965
966
967
968
969
970
971
972
973
974
975
980
981
982
983
984
985
986
987
988
989
990
991
992
993
994
996
997
998
999
1000
1001
1002
1003
1004
1005
1006
1008
1009
1014
1015
1017
1018
1019
1020
1022
1024
1026
1027
1028
1030
1031
1032
1033
1035
1036
1037
1038
1039
1040
1041
1042
1046
1047
1048
1049
1050
1051
1053
1054
1055
1062
1063
1064
1065
1066
1068
1069
1074
1075
1077
1078
1080
1081
1089
1090
1092
1093
1095
1096
1100
1101
1102
1103
1104
1105
1107
1108
1109
1111
1112
1113
1114
1116
1117
1118
1119
1120
1121
1122
1127
1128
1129
1130
1131
1132
1134
1135
1136
1137
1139
1140
1141
1142
1143
1144
1145
1146
1148
1149
1150
1151
1152
1153
1161
1162
1163
1164
1166
1168
1170
1171
1173
1174
1176
1177
1179
1180
1181
1182
1183
1184
1185
1186
1187
1188
1189
1193
1194
1195
1196
1197
1198
1200
1201
1202
1203
1204
1205
1206
1207
1209
1210
1211
1212
1213
1214
1215
1216
1220
1221
1222
1223
1224
1225
1227
1228
1229
1230
1231
1232
1236
1237
1239
1240
1249
1258
1260
1261
1262
1263
1265
1266
1267
1268
1269
1270
1274
1275
1276
1277
1278
1279
1280
1281
1283
1284
1285
1286
1287
1288
1289
1290
1291
1292
1293
1294
1295
1296
1297
1298
1299
1301
1302
1303
1304
1305
1306
1307
1308
1309
1310
1311
1312
1313
1314
1315
1317
1318
1320
1321
1323
1324
1325
1326
1328
1330
1332
1333
1335
1336
1339
1341
1342
1343
1344
1346
1347
1348
1349
1350
1351
1355
1356
1357
1358
1359
1360
1364
1365
1366
1367
1368
1369
1373
1374
1375
1376
1377
1378
1382
1383
1384
1385
1386
1387
1391
1392
1393
1394
1395
1396
1404
1405
1406
1407
1409
1411
1420
1422
1423
1424
1425
1427
1428
1429
1430
1431
1432
1436
1437
1438
1439
1440
1441
1442
1443
1445
1446
1447
1448
1449
1450
1451
1452
1454
1455
1456
1457
1458
1459
1460
1461
1467
1468
1469
1470
1472
1474
1476
1477
1485
1486
1487
1488
1490
1539
1540
1541
1542
1548
1549
1550
1551
1553
1555
1557
1558
1566
1567
1568
1569
1571
1573
1582
1584
1585
1586
1587
1589
1591
1598
1600
1602
1603
3645
3646
3650
3651
3652
3653
3654
3655
3659
3660
3661
3662
3690
3691
3695
3696
3697
3698
3699
3700
3704
3705
3706
3707
3708
3709
3713
3714
3715
3716
3717
3718
3722
3723
3724
3725
3726
3727
3731
3732
3733
3734
3735
3736
3740
3741
3742
3743
3771
3772
3776
3777
3778
3779
3780
3781
3785
3786
3787
3788
3789
3790
3794
3795
3796
3797
3798
3799
3803
3804
3805
3806
4050
4051
4055
4056
4057
4058
4059
4060
4064
4065
4066
4067
4095
4096
4100
4101
4102
4103
4104
4105
4109
4110
4111
4112
4113
4114
4118
4119
4120
4121
4122
4123
4127
4128
4129
4130
4131
4132
4136
4137
4138
4139
4140
4141
4145
4146
4147
4148
4176
4177
4181
4182
4183
4184
4185
4186
4190
4191
4192
4193
4194
4195
4199
4200
4201
4202
4203
4204
4208
4209
4210
4211
4212
4213
4217
4218
4219
4220
4221
4222
4226
4227
4228
4229
4257
4258
4262
4263
4264
4265
4266
4267
4271
4272
4273
4274
4275
4276
4280
4281
4282
4283
4284
4285
4289
4290
4291
4292
4293
4294
4298
4299
4300
4301
4302
4303
4307
4308
4309
4310
4338
4339
4343
4344
4345
4346
4347
4348
4352
4353
4354
4355
4356
4357
4361
4362
4363
4364
4365
4366
4370
4371
4372
4373
4374
4375
4379
4380
4381
4382
4383
4384
4388
4389
4390
4391
4419
4420
4424
4425
4426
4427
4428
4429
4433
4434
4435
4436
4437
4438
4442
4443
4444
4445
4446
4447
4451
4452
4453
4454
4455
4456
4460
4461
4462
4463
4464
4465
4469
4470
4471
4472
4500
4501
4505
4506
4507
4508
4509
4510
4514
4515
4516
4517
4518
4519
4523
4524
4525
4526
4527
4528
4532
4533
4534
4535
4779
4780
4784
4785
4786
4787
4788
4789
4793
4794
4795
4796
4824
4825
4829
4830
4831
4832
4833
4834
4838
4839
4840
4841
4842
4843
4847
4848
4849
4850
4851
4852
4856
4857
4858
4859
4860
4861
4865
4866
4867
4868
4869
4870
4874
4875
4876
4877
4905
4906
4910
4911
4912
4913
4914
4915
4919
4920
4921
4922
4923
4924
4928
4929
4930
4931
4932
4933
4937
4938
4939
4940
4941
4942
4946
4947
4948
4949
4950
4951
4955
4956
4957
4958
4986
4987
4991
4992
4993
4994
4995
4996
5000
5001
5002
5003
5004
5005
5009
5010
5011
5012
5013
5014
5018
5019
5020
5021
5022
5023
5027
5028
5029
5030
5031
5032
5036
5037
5038
5039
5067
5068
5072
5073
5074
5075
5076
5077
5081
5082
5083
5084
5085
5086
5090
5091
5092
5093
5094
5095
5099
5100
5101
5102
5103
5104
5108
5109
5110
5111
5112
5113
5117
5118
5119
5120
5148
5149
5153
5154
5155
5156
5157
5158
5162
5163
5164
5165
5166
5167
5171
5172
5173
5174
5175
5176
5180
5181
5182
5183
5184
5185
5189
5190
5191
5192
5193
5194
5198
5199
5200
5201
5229
5230
5234
5235
5236
5237
5238
5239
5243
5244
5245
5246
5247
5248
5252
5253
5254
5255
5256
5257
5261
5262
5263
5264
5508
5509
5513
5514
5515
5516
5517
5518
5522
5523
5524
5525
5553
5554
5558
5559
5560
5561
5562
5563
5567
5568
5569
5570
5571
5572
5576
5577
5578
5579
5580
5581
5585
5586
5587
5588
5589
5590
5594
5595
5596
5597
5598
5599
5603
5604
5605
5606
5634
5635
5639
5640
5641
5642
5643
5644
5648
5649
5650
5651
5652
5653
5657
5658
5659
5660
5661
5662
5666
5667
5668
5669
5670
5671
5675
5676
5677
5678
5679
5680
5684
5685
5686
5687
5715
5716
5720
5721
5722
5723
5724
5725
5729
5730
5731
5732
5733
5734
5738
5739
5740
5741
5742
5743
5747
5748
5749
5750
5751
5752
5756
5757
5758
5759
5760
5761
5765
5766
5767
5768
5796
5797
5801
5802
5803
5804
5805
5806
5810
5811
5812
5813
5814
5815
5819
5820
5821
5822
5823
5824
5828
5829
5830
5831
5832
5833
5837
5838
5839
5840
5841
5842
5846
5847
5848
5849
5877
5878
5882
5883
5884
5885
5886
5887
5891
5892
5893
5894
5895
5896
5900
5901
5902
5903
5904
5905
5909
5910
5911
5912
5913
5914
5918
5919
5920
5921
5922
5923
5927
5928
5929
5930
5958
5959
5963
5964
5965
5966
5967
5968
5972
5973
5974
5975
5976
5977
5981
5982
5983
5984
5985
5986
5990
5991
5992
5993
6237
6238
6242
6243
6244
6245
6246
6247
6251
6252
6253
6254
6282
6283
6287
6288
6289
6290
6291
6292
6296
6297
6298
6299
6300
6301
6305
6306
6307
6308
6309
6310
6314
6315
6316
6317
6318
6319
6323
6324
6325
6326
6327
6328
6332
6333
6334
6335
6363
6364
6368
6369
6370
6371
6372
6373
6377
6378
6379
6380
6381
6382
6386
6387
6388
6389
6390
6391
6395
6396
6397
6398
6399
6400
6404
6405
6406
6407
6408
6409
6413
6414
6415
6416
6444
6445
6449
6450
6451
6452
6453
6454
6458
6459
6460
6461
6462
6463
6467
6468
6469
6470
6471
6472
6476
6477
6478
6479
6480
6481
6485
6486
6487
6488
6489
6490
6494
6495
6496
6497
6525
6526
6530
6531
6532
6533
6534
6535
6539
6540
6541
6542
6543
6544
6548
6549
6550
6551
6552
6553
6557
6558
6559
6560
6561
6562
6566
6567
6568
6569
6570
6571
6575
6576
6577
6578
6606
6607
6611
6612
6613
6614
6615
6616
6620
6621
6622
6623
6624
6625
6629
6630
6631
6632
6633
6634
6638
6639
6640
6641
6642
6643
6647
6648
6649
6650
6651
6652
6656
6657
6658
6659
6687
6688
6692
6693
6694
6695
6696
6697
6701
6702
6703
6704
6705
6706
6710
6711
6712
6713
6714
6715
6719
6720
6721
6722
6966
6967
6971
6972
6973
6974
6975
6976
6980
6981
6982
6983
7011
7012
7016
7017
7018
7019
7020
7021
7025
7026
7027
7028
7029
7030
7034
7035
7036
7037
7038
7039
7043
7044
7045
7046
7047
7048
7052
7053
7054
7055
7056
7057
7061
7062
7063
7064
7092
7093
7097
7098
7099
7100
7101
7102
7106
7107
7108
7109
7110
7111
7115
7116
7117
7118
7119
7120
7124
7125
7126
7127
7128
7129
7133
7134
7135
7136
7137
7138
7142
7143
7144
7145
7173
7174
7178
7179
7180
7181
7182
7183
7187
7188
7189
7190
7191
7192
7196
7197
7198
7199
7200
7201
7205
7206
7207
7208
7209
7210
7214
7215
7216
7217
7218
7219
7223
7224
7225
7226
7254
7255
7259
7260
7261
7262
7263
7264
7268
7269
7270
7271
7272
7273
7277
7278
7279
7280
7281
7282
7286
7287
7288
7289
7290
7291
7295
7296
7297
7298
7299
7300
7304
7305
7306
7307
7335
7336
7340
7341
7342
7343
7344
7345
7349
7350
7351
7352
7353
7354
7358
7359
7360
7361
7362
7363
7367
7368
7369
7370
7371
7372
7376
7377
7378
7379
7380
7381
7385
7386
7387
7388
7416
7417
7421
7422
7423
7424
7425
7426
7430
7431
7432
7433
7434
7435
7439
7440
7441
7442
7443
7444
7448
7449
7450
7451
7695
7696
7700
7701
7702
7703
7704
7705
7709
7710
7711
7712
7740
7741
7745
7746
7747
7748
7749
7750
7754
7755
7756
7757
7758
7759
7763
7764
7765
7766
7767
7768
7772
7773
7774
7775
7776
7777
7781
7782
7783
7784
7785
7786
7790
7791
7792
7793
7821
7822
7826
7827
7828
7829
7830
7831
7835
7836
7837
7838
7839
7840
7844
7845
7846
7847
7848
7849
7853
7854
7855
7856
7857
7858
7862
7863
7864
7865
7866
7867
7871
7872
7873
7874
7902
7903
7907
7908
7909
7910
7911
7912
7916
7917
7918
7919
7920
7921
7925
7926
7927
7928
7929
7930
7934
7935
7936
7937
7938
7939
7943
7944
7945
7946
7947
7948
7952
7953
7954
7955
7983
7984
7988
7989
7990
7991
7992
7993
7997
7998
7999
8000
8001
8002
8006
8007
8008
8009
8010
8011
8015
8016
8017
8018
