3
4
7
9
10
12
13
16
19
21
22
25
27
28
30
31
34
36
37
39
40
43
46
48
49
52
55
57
58
61
63
64
66
67
70
73
75
76
79
81
82
84
85
88
90
91
93
94
97
100
102
103
106
108
109
111
112
115
117
118
120
121
124
127
129
130
133
136
138
139
142
144
145
147
148
151
154
156
157
160
163
165
166
169
171
172
174
175
178
181
183
184
187
189
190
192
193
196
198
199
201
202
205
208
210
211
214
217
219
220
223
225
226
228
229
232
235
237
238
241
243
244
246
247
250
252
253
255
256
259
262
264
265
268
270
271
273
274
277
279
280
282
283
286
289
291
292
295
298
300
301
304
306
307
309
310
313
316
318
319
322
324
325
327
328
331
333
334
336
337
340
343
345
346
349
351
352
354
355
358
360
361
363
364
367
370
372
373
376
379
381
385
387
388
390
391
394
397
399
400
403
406
408
409
412
414
417
418
421
424
426
427
430
432
433
435
436
439
441
442
444
445
448
451
453
454
457
460
462
463
466
468
469
471
472
475
478
480
481
484
487
489
490
493
495
498
499
502
505
507
508
511
513
514
516
517
520
522
523
525
526
529
532
534
535
538
541
543
544
547
549
550
552
553
556
559
561
562
565
567
568
570
571
574
576
577
579
580
583
586
588
589
592
594
595
597
598
601
603
604
606
607
610
613
615
616
619
622
624
625
628
630
631
633
634
637
640
642
643
646
649
651
652
655
657
658
660
661
664
667
669
670
673
675
676
678
679
682
684
685
687
688
691
694
696
697
700
703
705
706
709
711
712
714
715
718
721
723
724
727
729
730
732
733
736
738
739
741
742
745
748
750
751
754
756
757
759
760
763
765
766
768
769
772
775
777
778
781
784
786
787
790
792
793
795
796
799
802
804
808
810
811
813
814
817
819
820
822
823
826
829
831
832
837
838
840
841
844
846
847
849
850
853
856
858
859
862
865
867
868
871
873
874
876
877
880
883
885
886
892
894
895
898
900
903
904
907
910
912
913
916
918
919
921
922
925
927
928
930
931
937
939
940
943
946
948
949
952
954
955
957
958
961
964
966
967
970
972
973
975
976
979
981
982
984
985
988
991
993
994
997
999
1000
1002
1003
1006
1008
1009
1011
1012
1015
1020
1021
1024
1027
1029
1030
1033
1035
1036
1038
1039
1042
1045
1047
1048
1051
1053
1054
1056
1057
1060
1062
1063
1065
1066
1069
1072
1074
1075
1078
1080
1081
1083
1084
1087
1089
1090
1092
1093
1096
1099
1101
1102
1105
1110
1111
1114
1116
1117
1119
1120
1123
1126
1128
1132
1138
1141
1143
1150
1155
1156
1161
1162
1164
1165
1168
1170
1171
1173
1174
1180
1182
1183
1186
1189
1191
1192
1195
1197
1198
1200
1204
1209
1210
1213
1218
1219
1222
1224
1227
1228
1231
1234
1236
1237
1240
1242
1243
1246
1249
1251
1252
1254
1255
1258
1261
1263
1264
1267
1270
1272
1276
1278
1279
1281
1282
1285
1288
1290
1291
1294
1296
1297
1299
1300
1303
1305
1306
1308
1309
1312
1315
1317
1318
1321
1323
1324
1326
1327
1330
1332
1333
1335
1336
1339
1342
1344
1345
1348
1351
1353
1354
1357
1359
1360
1362
1363
1366
1369
1371
1372
1375
1380
1381
1384
1386
1389
1390
1393
1396
1398
1402
1404
1405
1413
1416
1417
1420
1425
1426
1432
1434
1435
1438
1440
1441
1443
1444
1447
1450
1452
1477
1479
1480
1483
1485
1486
1492
1494
1501
1506
1510
1513
1515
1516
1519
1521
1522
1524
1528
1531
1533
1534
1537
1539
1540
1542
1543
1546
1548
1549
1551
1552
1555
1558
1560
1561
1564
1566
1567
1570
1573
1575
1576
1578
1579
1585
1587
1591
1594
1596
1597
1600
1602
1605
1606
1612
1614
1615
1618
1623
1624
1629
1632
1633
1639
1641
1642
1645
1647
1648
1650
1651
1654
1656
1657
1659
1663
1666
1668
1669
1672
1675
1677
1678
1683
1684
1686
1687
1690
1693
1695
1696
1701
1702
1704
1705
1708
1710
1711
1713
1714
1717
1720
1722
1723
1726
1728
1729
1731
1732
1735
1737
1738
1740
1741
1744
1747
1749
1750
1753
1756
1758
1759
1762
1764
1765
1767
1768
1774
1776
1777
1780
1782
1783
1785
1786
1789
1791
1792
1794
1795
1798
1803
1804
1809
1810
1812
1813
1816
1818
1819
1821
1822
1825
1828
1830
1831
1834
1837
1839
1840
1843
1845
1846
1848
1852
1855
1857
1858
1861
1870
1872
1873
1875
1882
1884
1885
1888
1890
1891
1893
1894
1899
1900
1902
1903
1906
1909
1911
1912
1915
1918
1920
1921
1924
1926
1930
1933
1936
1938
1939
1947
1948
1951
1953
1954
1956
1960
1963
1965
1966
1969
1971
1972
1974
1975
1978
1980
1981
1983
1987
1990
1992
1993
1996
1999
2001
2002
2005
2007
2008
2011
2014
2019
2020
2023
2025
2026
2028
2029
2032
2034
2035
2037
2038
2041
2044
2046
2047
2050
2052
2053
2056
2059
2061
2065
2068
2071
2073
2074
2077
2080
2082
2083
2086
2088
2089
2091
2095
2098
2100
2101
2104
2109
2110
2113
2115
2116
2118
2119
2122
2127
2128
2131
2133
2134
2136
2137
2140
2142
2143
2145
2146
2149
2152
2155
2158
2163
2164
2187
2188
2190
2191
2194
2196
2197
2199
2200
2203
2206
2208
2209
2212
2214
2215
2217
2218
2221
2223
2224
2226
2227
2230
2233
2235
2236
2244
2245
2248
2250
2251
2253
2254
2257
2260
2262
2263
2266
2268
2269
2271
2272
2275
2277
2278
2280
2281
2284
2287
2289
2290
2293
2295
2296
2298
2299
2302
2304
2305
2307
2308
2311
2314
2316
2317
2320
2323
2325
2326
2329
2331
2332
2334
2335
2338
2341
2347
2352
2353
2356
2358
2361
2362
2365
2368
2370
2371
2374
2376
2377
2379
2380
2385
2386
2388
2389
2392
2395
2397
2398
2404
2406
2407
2412
2413
2419
2422
2430
2431
2433
2434
2437
2439
2440
2442
2443
2446
2451
2452
2455
2457
2458
2460
2461
2464
2466
2467
2469
2470
2473
2478
2479
2482
2485
2487
2488
2491
2493
2494
2496
2497
2500
2503
2506
2509
2511
2512
2514
2515
2518
2520
2521
2523
2524
2527
2532
2533
2536
2538
2539
2541
2542
2545
2547
2548
2550
2551
2554
2559
2560
2566
2568
2572
2574
2575
2577
2578
2581
2590
2602
2604
2605
2613
2614
2619
2620
2622
2623
2626
2628
2629
2631
2632
2635
2638
2640
2641
2649
2650
2653
2655
2658
2659
2662
2665
2667
2668
2682
2685
2698
2700
2701
2704
2707
2709
2712
2716
2722
2725
2728
2730
2731
2734
2736
2754
2755
2757
2758
2761
2763
2764
2766
2767
2770
2775
2776
2781
2782
2784
2785
2788
2790
2791
2793
2794
2797
2803
2812
2815
2817
2818
2820
2821
2824
2829
2830
2833
2838
2839
2842
2844
2847
2848
2851
2854
2856
2857
2860
2862
2863
2865
2866
2869
2871
2874
2878
2890
2893
2898
2899
2901
2902
2908
2910
2916
2917
2919
2920
2923
2925
2926
2928
2929
2932
2935
2937
2938
2941
2943
2944
2946
2947
2950
2952
2953
2955
2956
2959
2964
2965
2968
2973
2974
2977
2979
2980
2982
2983
2986
2997
2998
3000
3001
3004
3006
3007
3009
3010
3013
3016
3018
3019
3024
3025
3027
3028
3031
3033
3034
3036
3037
3040
3043
3045
3046
3055
3058
3060
3061
3063
3064
3067
3070
3072
3073
3081
3082
3085
3090
3094
3105
3106
3108
3109
3114
3115
3117
3118
3126
3127
3130
3133
3135
3136
3139
3141
3142
3144
3145
3159
3160
3162
3163
3166
3168
3169
3171
3172
3175
3180
3181
3186
3187
3189
3190
3193
3195
3196
3198
3199
3202
3205
3207
3208
3211
3214
3222
3223
3225
3226
3229
3234
3238
3240
3241
3243
3244
3247
3249
3250
3252
3253
3256
3261
3262
3265
3267
3268
3270
3271
3274
3276
3277
3279
3280
3283
3288
3289
3303
3304
3306
3307
3310
3315
3319
3348
3349
3351
3352
3357
3358
3360
3361
3369
3370
3483
3484
3486
3487
3490
3492
3493
3495
3496
3499
3510
3511
3513
3514
3517
3519
3520
3522
3523
3526
3535
3538
3540
3541
3544
3546
3547
3549
3550
3553
3558
3559
3562
3576
3577
3580
3585
3589
3591
3592
3594
3598
3600
3610
3613
3616
3619
3622
3627
3628
3631
3691
3693
3700
3702
3706
3708
3711
3715
3720
3721
3726
3727
3729
3730
3738
3742
3745
3747
3748
3751
3753
3754
3757
3760
3762
3763
3765
3766
3772
3774
3778
3781
3783
3784
3787
3789
3790
3793
3796
3801
3802
3805
3828
3829
3832
3834
3835
3837
3843
3850
3853
3855
3859
3865
3870
3871
3873
3874
3877
3880
3882
3888
3889
3891
3892
3895
3897
3898
3900
3901
3904
3909
3910
3915
3916
3918
3919
3924
3925
3927
3928
3934
3936
3937
3940
3945
3949
3951
3969
3970
3972
3973
3978
3979
3981
3982
3990
3991
3996
3997
3999
4000
4005
4006
4008
4009
4012
4015
4017
4018
4027
4030
4032
4033
4035
4039
4042
4045
4057
4059
4060
4062
4063
4066
4071
4075
4077
4078
4080
4081
4086
4087
4089
4090
4093
4096
4098
4099
4102
4105
4108
4113
4114
4116
4117
4120
4123
4125
4138
4140
4143
4144
4147
4152
4153
4162
4167
4168
4170
4171
4179
4183
4186
4201
4206
4210
4212
4213
4216
4221
4222
4239
4240
4243
4248
4249
4251
4252
4255
4258
4260
4273
4275
4276
4278
4282
4285
4287
4288
4300
4302
4303
4305
4320
4321
4420
4422
4429
4435
4437
4440
4444
4455
4456
4459
4480
4482
4483
4491
4492
4494
4495
4513
4518
4519
4522
4525
4530
4534
4543
4545
4549
4561
4563
4564
4566
4570
4572
4588
4591
4593
4594
4597
4599
4602
4617
4618
4620
4621
4624
4626
4629
4642
4644
4645
4647
4651
4653
4656
4666
4669
4672
4674
4675
4678
4680
4690
4693
4698
4699
4701
4702
4705
4711
4717
4719
4720
4723
4725
4726
4729
4732
4734
4738
4755
4759
4773
4774
4786
4788
4792
4813
4815
4818
4836
4837
4840
4842
4845
4869
4872
4885
4887
4888
4891
4894
4896
4899
4909
4912
4915
4917
4918
4921
4923
4924
4926
4930
4933
4935
4936
4941
4942
4944
4945
4948
4950
4951
4953
4954
4957
4960
4962
4963
4968
4969
4971
4972
4981
4984
4987
4989
4990
4998
4999
5002
5004
5005
5007
5011
5014
5029
5031
5032
5034
5047
5049
5050
5052
5056
5058
5065
5068
5070
5071
5074
5077
5079
5080
5095
5097
5103
5104
5106
5107
5110
5112
5113
5115
5116
5119
5122
5124
5125
5128
5130
5131
5133
5134
5137
5139
5140
5142
5143
5146
5149
5151
5152
5160
5161
5164
5166
5167
5169
5170
5173
5176
5184
5185
5187
5188
5191
5193
5194
5196
5197
5200
5211
5212
5214
5215
5218
5220
5221
5223
5224
5227
5236
5239
5241
5242
5245
5247
5248
5250
5251
5254
5257
5259
5260
5272
5274
5277
5278
5290
5292
5293
5295
5299
5301
5317
5320
5331
5335
5338
5340
5346
5347
5349
5350
5353
5355
5356
5358
5359
5362
5367
5368
5373
5374
5376
5377
5380
5382
5383
5385
5386
5389
5392
5394
5401
5409
5410
5412
5413
5416
5427
5428
5430
5431
5434
5436
5437
5439
5440
5443
5446
5448
5449
5454
5455
5457
5458
5461
5463
5464
5466
5467
5470
5473
5475
5476
5484
5485
5488
5490
5491
5493
5494
5497
5500
5503
5515
5517
5518
5520
5529
5530
5535
5536
5538
5539
5544
5545
5551
5554
5556
5557
5565
5566
5578
5581
5610
5611
5616
5617
5619
5620
5625
5626
5650
5652
5653
5655
5659
5662
5665
5670
5671
5673
5674
5677
5679
5680
5682
5683
5686
5697
5698
5700
5701
5704
5706
5707
5709
5710
5713
5716
5718
5719
5727
5728
5731
5733
5734
5736
5737
5740
5743
5758
5760
5761
5763
5794
5799
5800
5808
5809
5893
5895
5896
5898
5902
5905
5908
5913
5914
5916
5917
5920
5922
5923
5925
5932
5938
5940
5941
5943
5944
5962
5965
5968
5979
5986
5989
6003
6006
6013
6057
6075
6076
6078
6082
6084
6100
6102
6103
6105
6115
6121
6124
6127
6130
6132
6133
6136
6138
6148
6151
6156
6157
6159
6160
6163
6181
6183
6184
6187
6199
6204
6205
6208
6211
6213
6214
6217
6219
6220
6222
6226
6229
6231
6232
6244
6246
6250
6256
6258
6259
6264
6265
6267
6268
6271
6273
6274
6280
6283
6285
6286
6289
6292
6294
6295
6300
6325
6327
6339
6340
6345
6346
6348
6349
6354
6355
6418
6424
6426
6427
6430
6448
6451
6454
6456
6460
6472
6474
6475
6493
6561
6562
6564
6565
6568
6570
6571
6573
6574
6577
6580
6582
6583
6586
6588
6589
6591
6592
6595
6597
6598
6600
6601
6604
6607
6609
6610
6613
6618
6619
6622
6624
6625
6627
6628
6631
6634
6636
6637
6642
6643
6645
6646
6649
6651
6652
6654
6655
6658
6661
6663
6664
6667
6669
6670
6672
6673
6676
6678
6679
6681
6682
6685
6690
6691
6694
6697
6700
6703
6705
6706
6708
6709
6712
6717
6721
6730
6732
6736
6744
6745
6748
6750
6751
6753
6754
6757
6759
6760
6762
6763
6766
6769
6771
6772
6775
6778
6780
6781
6784
6786
6789
6793
6796
6804
6805
6807
6808
6811
6813
6814
6816
6817
6820
6825
6826
6829
6831
6832
6834
6835
6838
6840
6841
6843
6844
6847
6852
6853
6856
6859
6861
6862
6865
6867
6868
6870
6871
6874
6877
6879
6880
6883
6885
6886
6888
6889
6892
6894
6895
6897
6898
6901
6906
6907
6910
6912
6913
6915
6916
6919
6921
6922
6924
6925
6928
6933
6934
6948
6949
6951
6952
6955
6960
6961
6964
6973
6975
6978
6979
6982
6987
6991
6993
6994
6996
6997
7000
7002
7003
7005
7006
7009
7012
7014
7015
7018
7024
7029
7030
7033
7036
7039
7059
7060
7063
7068
7072
7074
7075
7078
7081
7083
7086
7096
7099
7102
7104
7105
7108
7110
7111
7113
7117
7120
7128
7129
7131
7132
7135
7137
7138
7140
7141
7144
7155
7156
7158
7159
7162
7164
7165
7167
7168
7171
7174
7176
7177
7185
7186
7189
7191
7192
7194
7195
7198
7201
7216
7218
7219
7221
7252
7257
7258
7266
7267
7290
7291
7293
7294
7297
7299
7300
7302
7303
7306
7311
7312
7317
7318
7320
7321
7324
7326
7327
7329
7330
7333
7338
7339
7342
7351
7353
7354
7356
7357
7360
7363
7371
7372
7374
7375
7378
7380
7381
7383
7384
7387
7392
7393
7398
7399
7401
7402
7405
7407
7408
7410
7411
7414
7419
7420
7432
7434
7435
7437
7438
7441
7479
7480
7482
7483
7488
7489
7491
7492
7500
7501
7533
7534
7536
7537
7540
7542
7543
7545
7546
7549
7554
7555
7560
7561
7563
7564
7567
7569
7570
7572
7573
7576
7581
7582
7596
7597
7599
7600
7603
7614
7615
7617
7618
7621
7623
7624
7626
7627
7630
7635
7636
7641
7642
7644
7645
7648
7650
7651
7653
7654
7657
7662
7663
7677
7678
7680
7681
7684
7722
7723
7725
7726
7731
7732
7734
7735
7743
7744
7837
7839
7840
7846
7857
7858
7860
7861
7864
7866
7867
7869
7870
7873
7876
7882
7884
7885
7887
7888
7891
7893
7894
7896
7897
7900
7905
7906
7909
7912
7914
7915
7918
7920
7921
7923
7924
7927
7930
7933
7947
7950
7957
7972
7974
7977
7981
7986
7987
7995
7996
8004
8092
8095
8100
8101
8103
8104
8107
8119
8125
8127
8128
8131
8149
8152
8155
8166
8173
8176
8190
8193
8200
8262
8263
8265
8266
8271
8272
8274
8275
8283
8284
8289
8290
8292
8293
8298
8299
8301
8302
8310
8311
8343
8344
8346
8347
8352
8353
8355
8356
8364
8365
8370
8371
8373
8374
8379
8380
8382
8383
8391
8392
8395
8398
8409
8416
8419
8436
8437
8440
8443
8445
8449
8451
8452
8454
8455
8460
8461
8463
8464
8472
8473
8476
8482
8487
8488
8491
8517
8518
8521
8526
8530
8532
8533
8536
8539
8541
8542
8544
8545
8553
8554
8557
8560
8562
8563
8566
8568
8575
8580
8584
8586
8587
8589
8590
8593
8595
8596
8605
8611
8613
8614
8617
8622
8623
8625
8626
8635
8638
8641
8659
8662
8748
8749
8751
8752
8755
8757
8758
8760
8761
8764
8769
8770
8773
8775
8776
8778
8779
8782
8784
8785
8787
8788
8791
8796
8797
8800
8805
8806
8809
8811
8812
8814
8815
8818
8821
8824
8829
8830
8832
8833
8836
8838
8839
8841
8842
8845
8848
8850
8851
8854
8856
8857
8859
8860
8863
8865
8866
8868
8869
8872
8877
8878
8881
8884
8887
8892
8893
8895
8896
8899
8904
8908
8935
8937
8938
8940
8941
8946
8947
8949
8950
8958
8959
8991
8992
8994
8995
8998
9000
9001
9003
9004
9007
9012
9013
9018
9019
9021
9022
9025
9027
9028
9030
9031
9034
9039
9040
9043
9046
9048
9049
9052
9054
9055
9057
9058
9061
9064
9067
9072
9073
9075
9076
9079
9081
9082
9084
9085
9088
9093
9094
9097
9099
9100
9102
9103
9106
9108
9109
9111
9112
9115
9120
9121
9135
9136
9138
9139
9142
9165
9166
9169
9174
9178
9180
9181
9183
9184
9189
9190
9192
9193
9201
9202
9205
9211
9216
9217
9220
9246
9247
9250
9255
9315
9316
9318
9319
9322
9324
9325
9327
9328
9331
9342
9343
9345
9346
9349
9351
9352
9354
9355
9358
9373
9378
9379
9381
9382
9385
9390
9394
9408
9409
9412
9417
9421
9423
9424
9454
9459
9460
9463
9477
9478
9480
9481
9484
9486
9487
9489
9490
9493
9498
9499
9504
9505
9507
9508
9511
9513
9514
9516
9517
9520
9525
9526
9529
9540
9541
9543
9544
9547
9558
9559
9561
9562
9565
9567
9568
9570
9571
9574
9579
9580
9585
9586
9588
9589
9592
9594
9595
9597
9598
9601
9606
9607
9621
9622
9624
9625
9628
9666
9667
9669
9670
9675
9676
9678
9679
9687
9688
9691
9697
9702
9703
9706
9720
9721
9723
9724
9727
9729
9730
9732
9733
9736
9741
9742
9747
9748
9750
9751
9754
9756
9757
9759
9760
9763
9768
9769
9772
9783
9784
9786
9787
9790
9795
9799
9801
9802
9804
9805
9808
9810
9811
9813
9814
9817
9822
9823
9826
9828
9829
9831
9832
9835
9837
9838
9840
9841
9844
9849
9850
9864
9865
9867
9868
9871
9876
9880
9909
9910
9912
9913
9918
9919
9921
9922
9930
9931
10044
10045
10047
10048
10051
10053
10054
10056
10057
10060
10071
10072
10074
10075
10078
10080
10081
10083
10084
10087
10102
10107
10108
10110
10111
10114
10119
10123
10137
10138
10141
10146
10150
10152
10153
10183
10188
10189
10192
10449
10450
10452
10453
10458
10459
10461
10462
10470
10471
10476
10477
10479
10480
10485
10486
10488
10489
10497
10498
10530
10531
10533
10534
10539
10540
10542
10543
10551
10552
10557
10558
10560
10561
10566
10567
10569
10570
10578
10579
10638
10639
10641
10642
10647
10648
10650
10651
10659
10660
11248
11253
11257
11259
11260
11263
11268
11269
11284
11286
11287
11295
11296
11298
11299
11329
11334
11338
11352
11353
11356
11361
11365
11367
11368
11388
11392
11398
11403
11404
11407
11433
11434
11437
11442
11482
11484
11485
11491
11502
11503
11505
11506
11509
11511
11512
11518
11545
11550
11551
11559
11560
11563
11565
11566
11569
11572
11577
11581
11595
11596
11599
11604
11608
11610
11611
11626
11631
11632
11640
11641
11646
11647
11650
11664
11665
11667
11668
11671
11673
11674
11676
11677
11680
11685
11686
11691
11692
11694
11695
11698
11700
11701
11703
11704
11707
11712
11716
11725
11727
11728
11730
11731
11734
11745
11746
11748
11749
11752
11754
11755
11757
11758
11761
11772
11773
11775
11776
11779
11781
11782
11784
11785
11788
11806
11808
11809
11811
11812
11815
11907
11908
11910
11911
11914
11916
11917
11919
11920
11923
11934
11935
11937
11938
11941
11943
11944
11946
11947
11950
11970
11971
11973
11974
11977
11982
11986
11988
11989
11991
11992
11995
11997
11998
12000
12001
12004
12013
12015
12016
12018
12019
12022
12024
12025
12027
12028
12031
12036
12037
12045
12046
12049
12051
12052
12054
12055
12058
12063
12067
12090
12091
12096
12097
12099
12100
12105
12106
12112
12117
12118
12126
12127
12171
12172
12177
12178
12180
12181
12186
12187
12189
12190
12198
12202
12211
12213
12214
12220
12225
12229
12231
12232
12234
12235
12238
12240
12241
12243
12244
12247
12258
12259
12261
12262
12265
12267
12268
12270
12271
12274
12279
12280
12288
12289
12292
12294
12295
12297
12298
12301
12306
12310
12324
12325
12328
12333
12337
12339
12340
12355
12360
12361
12369
12370
12375
12376
12379
12499
12501
12502
12510
12511
12513
12514
12532
12537
12538
12541
12544
12549
12553
12580
12582
12583
12603
12607
12613
12618
12619
12622
12636
12637
12640
12645
12646
12648
12649
12652
12657
12684
12688
12760
12765
12766
12774
12775
12778
12780
12781
12787
12819
12820
12825
12826
12828
12829
12834
12835
12841
12846
12847
12855
12856
12900
12901
12906
12907
12909
12910
12915
12916
12918
12919
12927
12931
12949
12954
12958
12960
12961
12964
12969
12970
12996
12997
12999
13000
14763
14764
14769
14770
14772
14773
14778
14779
14785
14790
14791
14799
14800
14823
14824
14826
14827
14830
14832
14833
14839
14844
14845
14850
14851
14853
14854
14859
14860
14904
14905
14907
14908
14911
14913
14914
14920
14947
14952
14953
14961
14962
14965
14967
14968
14974
15006
15007
15012
15013
15015
15016
15021
15022
15028
15033
15034
15042
15043
15087
15088
15093
15094
15096
15097
15102
15103
15309
15310
15312
15313
15316
15318
15319
15321
15322
15325
15330
15331
15336
15337
15339
15340
15345
15346
15348
15349
15357
15358
15370
15372
15373
15379
15390
15391
15393
15394
15397
15399
15400
15402
15403
15406
15411
15412
15417
15418
15420
15421
15426
15427
15429
15430
15438
15439
15451
15453
15454
15460
15492
15493
15498
15499
15501
15502
15507
15508
15510
15511
15514
15519
15520
15528
15529
15552
15553
15555
15556
15559
15561
15562
15564
15565
15568
15573
15574
15579
15580
15582
15583
15588
15589
15591
15592
15600
15601
15633
15634
15636
15637
15640
15642
15643
15645
15646
15649
15654
15655
15660
15661
15663
15664
15669
15670
15672
15673
15681
15682
15741
15742
15744
15745
15750
15751
15753
15754
15762
15763
16038
16039
16041
16042
16045
16047
16048
16050
16051
16054
16059
16060
16065
16066
16068
16069
16074
16075
16077
16078
16086
16087
16099
16101
16102
16108
16119
16120
16122
16123
16126
16128
16129
16131
16132
16135
16140
16141
16146
16147
16149
16150
16155
16156
16158
16159
16167
16168
16180
16182
16183
16189
16227
16228
16230
16231
16236
16237
16239
16240
16248
16249
16281
16282
16284
16285
16290
16291
16293
16294
16302
16303
16308
16309
16311
16312
16317
16318
16320
16321
16329
16330
16362
16363
16365
16366
16371
16372
16374
16375
16383
16384
16389
16390
16392
16393
16398
16399
16401
16402
16405
16410
16411
16419
16420
16423
16425
16426
16432
16464
16465
16470
16471
16473
16474
16479
16480
16482
16483
16486
16491
16492
16500
16501
16545
16546
16551
16552
16554
16555
16560
16561
16585
16587
16588
16594
16605
16606
16608
16609
16612
16614
16615
16621
16648
16653
16654
16662
16663
16666
16668
16669
16675
16729
16734
16735
16743
16744
16950
16951
16956
16957
16959
16960
16965
16966
16972
16977
16978
16986
16987
17010
17011
17013
17014
17017
17019
17020
17022
17023
17026
17031
17032
17037
17038
17040
17041
17046
17047
17049
17050
17058
17059
17091
17092
17094
17095
17098
17100
17101
17103
17104
17107
17112
17113
17118
17119
17121
17122
17127
17128
17130
17131
17134
17139
17140
17148
17149
17152
17154
17155
17161
17193
17194
17199
17200
17202
17203
17208
17209
17211
17212
17215
17220
17221
17229
17230
17274
17275
17280
17281
17283
17284
17289
17290
17679
17680
17685
17686
17688
17689
17694
17695
17701
17706
17707
17715
17716
17739
17740
17742
17743
17746
17748
17749
17755
17760
17761
17766
17767
17769
17770
17775
17776
17820
17821
17823
17824
17827
17829
17830
17836
19683
19684
19686
19687
19690
19692
19693
19695
19696
19699
19704
19705
19710
19711
19713
19714
19717
19719
19720
19722
19723
19726
19731
19732
19744
19746
19747
19749
19750
19753
19764
19765
19767
19768
19771
19773
19774
19776
19777
19780
19785
19786
19791
19792
19794
19795
19798
19800
19801
19803
19804
19807
19812
19813
19825
19827
19828
19830
19831
19834
19866
19867
19872
19873
19875
19876
19881
19882
19884
19885
19888
19893
19894
19902
19903
19926
19927
19929
19930
19933
19935
19936
19938
19939
19942
19947
19948
19953
19954
19956
19957
19960
19962
19963
19965
19966
19969
19974
19975
19989
19990
19992
19993
19996
20007
20008
20010
20011
20014
20016
20017
20019
20020
20023
20028
20029
20034
20035
20037
20038
20041
20043
20044
20046
20047
20050
20055
20056
20070
20071
20073
20074
20077
20115
20116
20118
20119
20124
20125
20127
20128
20136
20137
20230
20232
20233
20239
20250
20251
20253
20254
20257
20259
20260
20262
20263
20266
20277
20278
20280
20281
20284
20286
20287
20289
20290
20293
20298
20299
20307
20308
20311
20313
20314
20316
20317
20320
20374
20379
20380
20388
20389
20412
20413
20415
20416
20419
20421
20422
20424
20425
20428
20433
20434
20439
20440
20442
20443
20446
20448
20449
20451
20452
20455
20460
20461
20473
20475
20476
20478
20479
20482
20493
20494
20496
20497
20500
20502
20503
20505
20506
20509
20514
20515
20520
20521
20523
20524
20527
20529
20530
20532
20533
20536
20541
20542
20554
20556
20557
20559
20560
20563
20601
20602
20604
20605
20610
20611
20613
20614
20622
20623
20655
20656
20658
20659
20662
20664
20665
20667
20668
20671
20676
20677
20682
20683
20685
20686
20689
20691
20692
20694
20695
20698
20703
20704
20718
20719
20721
20722
20725
20736
20737
20739
20740
20743
20745
20746
20748
20749
20752
20757
20758
20763
20764
20766
20767
20770
20772
20773
20775
20776
20779
20784
20785
20799
20800
20802
20803
20806
20844
20845
20847
20848
20853
20854
20856
20857
20865
20866
20959
20961
20962
20968
20979
20980
20982
20983
20986
20988
20989
20991
20992
20995
21006
21007
21009
21010
21013
21015
21016
21018
21019
21022
21027
21028
21036
21037
21040
21042
21043
21045
21046
21049
21103
21108
21109
21117
21118
21324
21325
21330
21331
21333
21334
21339
21340
21346
21351
21352
21360
21361
21384
21385
21387
21388
21391
21393
21394
21396
21397
21400
21405
21406
21411
21412
21414
21415
21420
21421
21423
21424
21432
21433
21465
21466
21468
21469
21472
21474
21475
21477
21478
21481
21486
21487
21492
21493
21495
21496
21501
21502
21504
21505
21508
21513
21514
21522
21523
21526
21528
21529
21535
21567
21568
21573
21574
21576
21577
21582
21583
21585
21586
21589
21594
21595
21603
21604
21648
21649
21654
21655
21657
21658
21663
21664
21870
21871
21873
21874
21877
21879
21880
21882
21883
21886
21891
21892
21897
21898
21900
21901
21904
21906
21907
21909
21910
21913
21918
21919
21931
21933
21934
21936
21937
21940
21951
21952
21954
21955
21958
21960
21961
21963
21964
21967
21972
21973
21978
21979
21981
21982
21985
21987
21988
21990
21991
21994
21999
22000
22012
22014
22015
22017
22018
22021
22053
22054
22059
22060
22062
22063
22068
22069
22071
22072
22075
22080
22081
22089
22090
22113
22114
22116
22117
22120
22122
22123
22125
22126
22129
22134
22135
22140
22141
22143
22144
22147
22149
22150
22152
22153
22156
22161
22162
22176
22177
22179
22180
22183
22194
22195
22197
22198
22201
22203
22204
22206
22207
22210
22215
22216
22221
22222
22224
22225
22228
22230
22231
22233
22234
22237
22242
22243
22257
22258
22260
22261
22264
22302
22303
22305
22306
22311
22312
22314
22315
22323
22324
22437
22438
22440
22441
22444
22446
22447
22449
22450
22453
22464
22465
22467
22468
22471
22473
22474
22476
22477
22480
22500
22501
22503
22504
22507
22599
22600
22602
22603
22606
22608
22609
22611
22612
22615
22620
22621
22626
22627
22629
22630
22633
22635
22636
22638
22639
22642
22647
22648
22660
22662
22663
22665
22666
22669
22680
22681
22683
22684
22687
22689
22690
22692
22693
22696
22701
22702
22707
22708
22710
22711
22714
22716
22717
22719
22720
22723
22728
22729
22741
22743
22744
22746
22747
22750
22788
22789
22791
22792
22797
22798
22800
22801
22809
22810
22842
22843
22845
22846
22849
22851
22852
22854
22855
22858
22863
22864
22869
22870
22872
22873
22876
22878
22879
22881
22882
22885
22890
22891
22905
22906
22908
22909
22912
22923
22924
22926
22927
22930
22932
22933
22935
22936
22939
22944
22945
22950
22951
22953
22954
22957
22959
22960
22962
22963
22966
22971
22972
22986
22987
22989
22990
22993
23031
23032
23034
23035
23040
23041
23043
23044
23052
23053
23166
23167
23169
23170
23173
23175
23176
23178
23179
23182
23193
23194
23196
23197
23200
23202
23203
23205
23206
23209
23229
23230
23232
23233
23236
23571
23572
23574
23575
23580
23581
23583
23584
23592
23593
23598
23599
23601
23602
23607
23608
23610
23611
23619
23620
23652
23653
23655
23656
23661
23662
23664
23665
23673
23674
23679
23680
23682
23683
23688
23689
23691
23692
23700
23701
23760
23761
23763
23764
23769
23770
23772
23773
23781
23782
24786
24787
24789
24790
24793
24795
24796
24798
24799
24802
24813
24814
24816
24817
24820
24822
24823
24825
24826
24829
24849
24850
24852
24853
24856
24867
24868
24870
24871
24874
24876
24877
24879
24880
24883
24894
24895
24897
24898
24901
24903
24904
24906
24907
24910
24930
24931
24933
24934
24937
25029
25030
25032
25033
25036
25038
25039
25041
25042
25045
25056
25057
25059
25060
25063
25065
25066
25068
25069
25072
25092
25093
25095
25096
25099
25110
25111
25113
25114
25117
25119
25120
25122
25123
25126
25137
25138
25140
25141
25144
25146
25147
25149
25150
25153
25173
25174
25176
25177
25180
25353
25354
25356
25357
25360
25362
25363
25365
25366
25369
25380
25381
25383
25384
25387
25389
25390
25392
25393
25396
25416
25417
25419
25420
25423
26244
26245
26247
26248
26251
26253
26254
26256
26257
26260
26265
26266
26271
26272
26274
26275
26278
26280
26281
26283
26284
26287
26292
26293
26307
26308
26310
26311
26314
26325
26326
26328
26329
26332
26334
26335
26337
26338
26341
26346
26347
26352
26353
26355
26356
26359
26361
26362
26364
26365
26368
26373
26374
26388
26389
26391
26392
26395
26433
26434
26436
26437
26442
26443
26445
26446
26454
26455
26487
26488
26490
26491
26494
26496
26497
26499
26500
26503
26508
26509
26514
26515
26517
26518
26521
26523
26524
26526
26527
26530
26535
26536
26550
26551
26553
26554
26557
26568
26569
26571
26572
26575
26577
26578
26580
26581
26584
26589
26590
26595
26596
26598
26599
26602
26604
26605
26607
26608
26611
26616
26617
26631
26632
26634
26635
26638
26676
26677
26679
26680
26685
26686
26688
26689
26697
26698
26811
26812
26814
26815
26818
26820
26821
26823
26824
26827
26838
26839
26841
26842
26845
26847
26848
26850
26851
26854
26874
26875
26877
26878
26881
26973
26974
26976
26977
26980
26982
26983
26985
26986
26989
26994
26995
27000
27001
27003
27004
27007
27009
27010
27012
27013
27016
27021
27022
27036
27037
27039
27040
27043
27054
27055
27057
27058
27061
27063
27064
27066
27067
27070
27075
27076
27081
27082
27084
27085
27088
27090
27091
27093
27094
27097
27102
27103
27117
27118
27120
27121
27124
27162
27163
27165
27166
27171
27172
27174
27175
27183
27184
27216
27217
27219
27220
27223
27225
27226
27228
27229
27232
27237
27238
27243
27244
27246
27247
27250
27252
27253
27255
27256
27259
27264
27265
27279
27280
27282
27283
27286
27297
27298
27300
27301
27304
27306
27307
27309
27310
27313
27318
27319
27324
27325
27327
27328
27331
27333
27334
27336
27337
27340
27345
27346
27360
27361
27363
27364
27367
27405
27406
27408
27409
27414
27415
27417
27418
27426
27427
27540
27541
27543
27544
27547
27549
27550
27552
27553
27556
27567
27568
27570
27571
27574
27576
27577
27579
27580
27583
27603
27604
27606
27607
27610
27945
27946
27948
27949
27954
27955
27957
27958
27966
27967
27972
27973
27975
27976
27981
27982
27984
27985
27993
27994
28026
28027
28029
28030
28035
28036
28038
28039
28047
28048
28053
28054
28056
28057
28062
28063
28065
28066
28074
28075
28134
28135
28137
28138
28143
28144
28146
28147
28155
28156
28431
28432
28434
28435
28438
28440
28441
28443
28444
28447
28452
28453
28458
28459
28461
28462
28465
28467
28468
28470
28471
28474
28479
28480
28494
28495
28497
28498
28501
28512
28513
28515
28516
28519
28521
28522
28524
28525
28528
28533
28534
28539
28540
28542
28543
28546
28548
28549
28551
28552
28555
28560
28561
28575
28576
28578
28579
28582
28620
28621
28623
28624
28629
28630
28632
28633
28641
28642
28674
28675
28677
28678
28681
28683
28684
28686
28687
28690
28695
28696
28701
28702
28704
28705
28708
28710
28711
28713
28714
28717
28722
28723
28737
28738
28740
28741
28744
28755
28756
28758
28759
28762
28764
28765
28767
28768
28771
28776
28777
28782
28783
28785
28786
28789
28791
28792
28794
28795
28798
28803
28804
28818
28819
28821
28822
28825
28863
28864
28866
28867
28872
28873
28875
28876
28884
28885
28998
28999
29001
29002
29005
29007
29008
29010
29011
29014
29025
29026
29028
29029
29032
29034
29035
29037
29038
29041
29061
29062
29064
29065
29068
29160
29161
29163
29164
29167
29169
29170
29172
29173
29176
29181
29182
29187
29188
29190
29191
29194
29196
29197
29199
29200
29203
29208
29209
29223
29224
29226
29227
29230
29241
29242
29244
29245
29248
29250
29251
29253
29254
29257
29262
29263
29268
29269
29271
29272
29275
29277
29278
29280
29281
29284
29289
29290
29304
29305
29307
29308
29311
29349
29350
29352
29353
29358
29359
29361
29362
29370
29371
29403
29404
29406
29407
29410
29412
29413
29415
29416
29419
29424
29425
29430
29431
29433
29434
29437
29439
29440
29442
29443
29446
29451
29452
29466
29467
29469
29470
29473
29484
29485
29487
29488
29491
29493
29494
29496
29497
29500
29505
29506
29511
29512
29514
29515
29518
29520
29521
29523
29524
29527
29532
29533
29547
29548
29550
29551
29554
29592
29593
29595
29596
29601
29602
29604
29605
29613
29614
29727
29728
29730
29731
29734
29736
29737
29739
29740
29743
29754
29755
29757
29758
29761
29763
29764
29766
29767
29770
29790
29791
29793
29794
29797
30132
30133
30135
30136
30141
30142
30144
30145
30153
30154
30159
30160
30162
30163
30168
30169
30171
30172
30180
30181
30213
30214
30216
30217
30222
30223
30225
30226
30234
30235
30240
30241
30243
30244
30249
30250
30252
30253
30261
30262
30321
30322
30324
30325
30330
30331
30333
30334
30342
30343
31347
31348
31350
31351
31354
31356
31357
31359
31360
31363
31374
31375
31377
31378
31381
31383
31384
31386
31387
31390
31410
31411
31413
31414
31417
31428
31429
31431
31432
31435
31437
31438
31440
31441
31444
31455
31456
31458
31459
31462
31464
31465
31467
31468
31471
31491
31492
31494
31495
31498
31590
31591
31593
31594
31597
31599
31600
31602
31603
31606
31617
31618
31620
31621
31624
31626
31627
31629
31630
31633
31653
31654
31656
31657
31660
31671
31672
31674
31675
31678
31680
31681
31683
31684
31687
31698
31699
31701
31702
31705
31707
31708
31710
31711
31714
31734
31735
31737
31738
31741
31914
31915
31917
31918
31921
31923
31924
31926
31927
31930
31941
31942
31944
31945
31948
31950
31951
31953
31954
31957
31977
31978
31980
31981
31984
45927
45928
45930
45931
45934
45936
45937
45939
45940
45943
45954
45955
45957
45958
45961
45963
45964
45966
45967
45970
45990
45991
45993
45994
45997
46008
46009
46011
46012
46015
46017
46018
46020
46021
46024
46035
46036
46038
46039
46042
46044
46045
46047
46048
46051
46071
46072
46074
46075
46078
46170
46171
46173
46174
46177
46179
46180
46182
46183
46186
46197
46198
46200
46201
46204
46206
46207
46209
46210
46213
46233
46234
46236
46237
46240
46251
46252
46254
46255
46258
46260
46261
46263
46264
46267
46278
46279
46281
46282
46285
46287
46288
46290
46291
46294
46314
46315
46317
46318
46321
46494
46495
46497
46498
46501
46503
46504
46506
46507
46510
46521
46522
46524
46525
46528
46530
46531
46533
46534
46537
46557
46558
46560
46561
46564
46656
46657
46659
46660
46663
46665
46666
46668
46669
46672
46683
46684
46686
46687
46690
46692
46693
46695
46696
46699
46719
46720
46722
46723
46726
46737
46738
46740
46741
46744
46746
46747
46749
46750
46753
46764
46765
46767
46768
46771
46773
46774
46776
46777
46780
46800
46801
46803
46804
46807
46899
46900
46902
46903
46906
46908
46909
46911
46912
46915
46926
46927
46929
46930
46933
46935
46936
46938
46939
46942
46962
46963
46965
46966
46969
46980
46981
46983
46984
46987
46989
46990
46992
46993
46996
47007
47008
47010
47011
47014
47016
47017
47019
47020
47023
47043
47044
47046
47047
47050
47223
47224
47226
47227
47230
47232
47233
47235
47236
47239
47250
47251
47253
47254
47257
47259
47260
47262
47263
47266
47286
47287
47289
47290
47293
48114
48115
48117
48118
48121
48123
48124
48126
48127
48130
48141
48142
48144
48145
48148
48150
48151
48153
48154
48157
48177
48178
48180
48181
48184
48195
48196
48198
48199
48202
48204
48205
48207
48208
48211
48222
48223
48225
48226
48229
48231
48232
48234
48235
48238
48258
48259
48261
48262
48265
48357
48358
48360
48361
48364
48366
48367
48369
48370
48373
48384
48385
48387
48388
48391
48393
48394
48396
48397
48400
48420
48421
48423
48424
48427
48438
48439
48441
48442
48445
48447
48448
48450
48451
48454
48465
48466
48468
48469
48472
48474
48475
48477
48478
48481
48501
48502
48504
48505
48508
48681
48682
48684
48685
48688
48690
48691
48693
48694
48697
48708
48709
48711
48712
48715
48717
48718
48720
48721
48724
48744
48745
48747
48748
48751
48843
48844
48846
48847
48850
48852
48853
48855
48856
48859
48870
48871
48873
48874
48877
48879
48880
48882
48883
48886
48906
48907
48909
48910
48913
48924
48925
48927
48928
48931
48933
48934
48936
48937
48940
48951
48952
48954
48955
48958
48960
48961
48963
48964
48967
48987
48988
48990
48991
48994
49086
49087
49089
49090
49093
49095
49096
49098
49099
49102
49113
49114
49116
49117
49120
49122
49123
49125
49126
49129
49149
49150
49152
49153
49156
49167
49168
49170
49171
49174
49176
49177
49179
49180
49183
49194
49195
49197
49198
49201
49203
49204
49206
49207
49210
49230
49231
49233
49234
49237
49410
49411
49413
49414
49417
49419
49420
49422
49423
49426
49437
49438
49440
49441
49444
49446
49447
49449
49450
49453
49473
49474
49476
49477
49480
51030
51031
51033
51034
51037
51039
51040
51042
51043
51046
51057
51058
51060
51061
51064
51066
51067
51069
51070
51073
51093
51094
51096
51097
51100
51111
51112
51114
51115
51118
51120
51121
51123
51124
51127
51138
51139
51141
51142
51145
51147
51148
51150
51151
51154
51174
51175
51177
51178
51181
51273
51274
51276
51277
51280
51282
51283
51285
51286
51289
51300
51301
51303
51304
51307
51309
51310
51312
51313
51316
51336
51337
51339
51340
51343
51354
51355
51357
51358
51361
51363
51364
51366
51367
51370
51381
51382
51384
51385
51388
51390
51391
51393
51394
51397
51417
51418
51420
51421
51424
51597
51598
51600
51601
51604
51606
51607
51609
51610
51613
51624
51625
51627
51628
51631
51633
51634
51636
51637
51640
51660
51661
51663
51664
51667
59049
59050
59052
59053
59056
59058
59059
59061
59062
59065
59076
59077
59079
59080
59083
59085
59086
59088
59089
59092
59112
59113
59115
59116
59119
59130
59131
59133
59134
59137
59139
59140
59142
59143
59146
59157
59158
59160
59161
59164
59166
59167
59169
59170
59173
59193
59194
59196
59197
59200
59292
59293
59295
59296
59299
59301
59302
59304
59305
59308
59319
59320
59322
59323
59326
59328
59329
59331
59332
59335
59355
59356
59358
59359
59362
59373
59374
59376
59377
59380
59382
59383
59385
59386
59389
59400
59401
59403
59404
59407
59409
59410
59412
59413
59416
59436
59437
59439
59440
59443
59616
59617
59619
59620
59623
59625
59626
59628
59629
59632
59643
59644
59646
59647
59650
59652
59653
59655
59656
59659
59679
59680
59682
59683
59686
59778
59779
59781
59782
59785
59787
59788
59790
59791
59794
59805
59806
59808
59809
59812
59814
59815
59817
59818
59821
59841
59842
59844
59845
59848
59859
59860
59862
59863
59866
59868
59869
59871
59872
59875
59886
59887
59889
59890
59893
59895
59896
59898
59899
59902
59922
59923
59925
59926
59929
60021
60022
60024
60025
60028
60030
60031
60033
60034
60037
60048
60049
60051
60052
60055
60057
60058
60060
60061
60064
60084
60085
60087
60088
60091
60102
60103
60105
60106
60109
60111
60112
60114
60115
60118
60129
60130
60132
60133
60136
60138
60139
60141
60142
60145
60165
60166
60168
60169
60172
60345
60346
60348
60349
60352
60354
60355
60357
60358
60361
60372
60373
60375
60376
60379
60381
60382
60384
60385
60388
60408
60409
60411
60412
60415
61236
61237
61239
61240
61243
61245
61246
61248
61249
61252
61263
61264
61266
61267
61270
61272
61273
61275
61276
61279
61299
61300
61302
61303
61306
61317
61318
61320
61321
61324
61326
61327
61329
61330
61333
61344
61345
61347
61348
61351
61353
61354
61356
61357
61360
61380
61381
61383
61384
61387
61479
61480
61482
61483
61486
61488
61489
61491
61492
61495
61506
61507
61509
61510
61513
61515
61516
61518
61519
61522
61542
61543
61545
61546
61549
61560
61561
61563
61564
61567
61569
61570
61572
61573
61576
61587
61588
61590
61591
61594
61596
61597
61599
61600
61603
61623
61624
61626
61627
61630
61803
61804
61806
61807
61810
61812
61813
61815
61816
61819
61830
61831
61833
61834
61837
61839
61840
61842
61843
61846
61866
61867
61869
61870
61873
61965
61966
61968
61969
61972
61974
61975
61977
61978
61981
61992
61993
61995
61996
61999
62001
62002
62004
62005
62008
62028
62029
62031
62032
62035
62046
62047
62049
62050
62053
62055
62056
62058
62059
62062
62073
62074
62076
62077
62080
62082
62083
62085
62086
62089
62109
62110
62112
62113
62116
62208
62209
62211
62212
62215
62217
62218
62220
62221
62224
62235
62236
62238
62239
62242
62244
62245
62247
62248
62251
62271
62272
62274
62275
62278
62289
62290
62292
62293
62296
62298
62299
62301
62302
62305
62316
62317
62319
62320
62323
62325
62326
62328
62329
62332
62352
62353
62355
62356
62359
62532
62533
62535
62536
62539
62541
62542
62544
62545
62548
62559
62560
62562
62563
62566
62568
62569
62571
62572
62575
62595
62596
62598
62599
62602
64152
64153
64155
64156
64159
64161
64162
64164
64165
64168
64179
64180
64182
64183
64186
64188
64189
64191
64192
64195
64215
64216
64218
64219
64222
64233
64234
64236
64237
64240
64242
64243
64245
64246
64249
64260
64261
64263
64264
64267
64269
64270
64272
64273
64276
64296
64297
64299
64300
64303
64395
64396
64398
64399
64402
64404
64405
64407
64408
64411
64422
64423
64425
64426
64429
64431
64432
64434
64435
64438
64458
64459
64461
64462
64465
64476
64477
64479
64480
64483
64485
64486
64488
64489
64492
64503
64504
64506
64507
64510
64512
64513
64515
64516
64519
64539
64540
64542
64543
64546
64719
64720
64722
64723
64726
64728
64729
64731
64732
64735
64746
64747
64749
64750
64753
64755
64756
64758
64759
64762
64782
64783
64785
64786
64789
65610
65611
65613
65614
65617
65619
65620
65622
65623
65626
65637
65638
65640
65641
65644
65646
65647
65649
65650
65653
65673
65674
65676
65677
65680
65691
65692
65694
65695
65698
65700
65701
65703
65704
65707
65718
65719
65721
65722
65725
65727
65728
65730
65731
65734
65754
65755
65757
65758
65761
65853
65854
65856
65857
65860
65862
65863
65865
65866
65869
65880
65881
65883
65884
65887
65889
65890
65892
65893
65896
65916
65917
65919
65920
65923
65934
65935
65937
65938
65941
65943
65944
65946
65947
65950
65961
65962
65964
65965
65968
65970
65971
65973
65974
65977
65997
65998
66000
66001
66004
66177
66178
66180
66181
66184
66186
66187
66189
66190
66193
66204
66205
66207
66208
66211
66213
66214
66216
66217
66220
66240
66241
66243
66244
66247
66339
66340
66342
66343
66346
66348
66349
66351
66352
66355
66366
66367
66369
66370
66373
66375
66376
66378
66379
66382
66402
66403
66405
66406
66409
66420
66421
66423
66424
66427
66429
66430
66432
66433
66436
66447
66448
66450
66451
66454
66456
66457
66459
66460
66463
66483
66484
66486
66487
66490
66582
66583
66585
66586
66589
66591
66592
66594
66595
66598
66609
66610
66612
66613
66616
66618
66619
66621
66622
66625
66645
66646
66648
66649
66652
66663
66664
66666
66667
66670
66672
66673
66675
66676
66679
66690
66691
66693
66694
66697
66699
66700
66702
66703
66706
66726
66727
66729
66730
66733
66906
66907
66909
66910
66913
66915
66916
66918
66919
66922
66933
66934
66936
66937
66940
66942
66943
66945
66946
66949
66969
66970
66972
66973
66976
67797
67798
67800
67801
67804
67806
67807
67809
67810
67813
67824
67825
67827
67828
67831
67833
67834
67836
67837
67840
67860
67861
67863
67864
67867
67878
67879
67881
67882
67885
67887
67888
67890
67891
67894
67905
67906
67908
67909
67912
67914
67915
67917
67918
67921
67941
67942
67944
67945
67948
68040
68041
68043
68044
68047
68049
68050
68052
68053
68056
68067
68068
68070
68071
68074
68076
68077
68079
68080
68083
68103
68104
68106
68107
68110
68121
68122
68124
68125
68128
68130
68131
68133
68134
68137
68148
68149
68151
68152
68155
68157
68158
68160
68161
68164
68184
68185
68187
68188
68191
68364
68365
68367
68368
68371
68373
68374
68376
68377
68380
68391
68392
68394
68395
68398
68400
68401
68403
68404
68407
68427
68428
68430
68431
68434
68526
68527
68529
68530
68533
68535
68536
68538
68539
68542
68553
68554
68556
68557
68560
68562
68563
68565
68566
68569
68589
68590
68592
68593
68596
68607
68608
68610
68611
68614
68616
68617
68619
68620
68623
68634
68635
68637
68638
68641
68643
68644
68646
68647
68650
68670
68671
68673
68674
68677
68769
68770
68772
68773
68776
68778
68779
68781
68782
68785
68796
68797
68799
68800
68803
68805
68806
68808
68809
68812
68832
68833
68835
68836
68839
68850
68851
68853
68854
68857
68859
68860
68862
68863
68866
68877
68878
68880
68881
68884
68886
68887
68889
68890
68893
68913
68914
68916
68917
68920
69093
69094
69096
69097
69100
69102
69103
69105
69106
69109
69120
69121
69123
69124
69127
69129
69130
69132
69133
69136
69156
69157
69159
69160
69163
70713
70714
70716
70717
70720
70722
70723
70725
70726
70729
70740
70741
70743
70744
70747
70749
70750
70752
70753
70756
70776
70777
70779
70780
70783
70794
70795
70797
70798
70801
70803
70804
70806
70807
70810
70821
70822
70824
70825
70828
70830
70831
70833
70834
70837
70857
70858
70860
70861
70864
70956
70957
70959
70960
70963
70965
70966
70968
70969
70972
70983
70984
70986
70987
70990
70992
70993
70995
70996
70999
71019
71020
71022
71023
71026
71037
71038
71040
71041
71044
71046
71047
71049
71050
71053
71064
71065
71067
71068
71071
71073
71074
71076
71077
71080
71100
71101
71103
71104
71107
71280
71281
71283
71284
71287
71289
71290
71292
71293
71296
71307
71308
71310
71311
71314
71316
71317
71319
71320
71323
71343
71344
71346
71347
71350
78732
78733
78735
78736
78739
78741
78742
78744
78745
78748
78759
78760
78762
78763
78766
78768
78769
78771
78772
78775
78795
78796
78798
78799
78802
78813
78814
78816
78817
78820
78822
78823
78825
78826
78829
78840
78841
78843
78844
78847
78849
78850
78852
78853
78856
78876
78877
78879
78880
78883
78975
78976
78978
78979
78982
78984
78985
78987
78988
78991
79002
79003
79005
79006
79009
79011
79012
79014
79015
79018
79038
79039
79041
79042
79045
79056
79057
79059
79060
79063
79065
79066
79068
79069
79072
79083
79084
79086
79087
79090
79092
79093
79095
79096
79099
79119
79120
79122
79123
79126
79299
79300
79302
79303
79306
79308
79309
79311
79312
79315
79326
79327
79329
79330
79333
79335
79336
79338
79339
79342
79362
79363
79365
79366
79369
79461
79462
79464
79465
79468
79470
79471
79473
79474
79477
79488
79489
79491
79492
79495
79497
79498
79500
79501
79504
79524
79525
79527
79528
79531
79542
79543
79545
79546
79549
79551
79552
79554
79555
79558
79569
79570
79572
79573
79576
79578
79579
79581
79582
79585
79605
79606
79608
79609
79612
79704
79705
79707
79708
79711
79713
79714
79716
79717
79720
79731
79732
79734
79735
79738
79740
79741
79743
79744
79747
79767
79768
79770
79771
79774
79785
79786
79788
79789
79792
79794
79795
79797
79798
79801
79812
79813
79815
79816
79819
79821
79822
79824
79825
79828
79848
79849
79851
79852
79855
80028
80029
80031
80032
80035
80037
80038
80040
80041
80044
80055
80056
80058
80059
80062
80064
80065
80067
80068
80071
80091
80092
80094
80095
80098
80919
80920
80922
80923
80926
80928
80929
80931
80932
80935
80946
80947
80949
80950
80953
80955
80956
80958
80959
80962
80982
80983
80985
80986
80989
81000
81001
81003
81004
81007
81009
81010
81012
81013
81016
81027
81028
81030
81031
81034
81036
81037
81039
81040
81043
81063
81064
81066
81067
81070
81162
81163
81165
81166
81169
81171
81172
81174
81175
81178
81189
81190
81192
81193
81196
81198
81199
81201
81202
81205
81225
81226
81228
81229
81232
81243
81244
81246
81247
81250
81252
81253
81255
81256
81259
81270
81271
81273
81274
81277
81279
81280
81282
81283
81286
81306
81307
81309
81310
81313
81486
81487
81489
81490
81493
81495
81496
81498
81499
81502
81513
81514
81516
81517
81520
81522
81523
81525
81526
81529
81549
81550
81552
81553
81556
81648
81649
81651
81652
81655
81657
81658
81660
81661
81664
81675
81676
81678
81679
81682
81684
81685
81687
81688
81691
81711
81712
81714
81715
81718
81729
81730
81732
81733
81736
81738
81739
81741
81742
81745
81756
81757
81759
81760
81763
81765
81766
81768
81769
81772
81792
81793
81795
81796
81799
81891
81892
81894
81895
81898
81900
81901
81903
81904
81907
81918
81919
81921
81922
81925
81927
81928
81930
81931
81934
81954
81955
81957
81958
81961
81972
81973
81975
81976
81979
81981
81982
81984
81985
81988
81999
82000
82002
82003
82006
82008
82009
82011
82012
82015
82035
82036
82038
82039
82042
82215
82216
82218
82219
82222
82224
82225
82227
82228
82231
82242
82243
82245
82246
82249
82251
82252
82254
82255
82258
82278
82279
82281
82282
82285
83835
83836
83838
83839
83842
83844
83845
83847
83848
83851
83862
83863
83865
83866
83869
83871
83872
83874
83875
83878
83898
83899
83901
83902
83905
83916
83917
83919
83920
83923
83925
83926
83928
83929
83932
83943
83944
83946
83947
83950
83952
83953
83955
83956
83959
83979
83980
83982
83983
83986
84078
84079
84081
84082
84085
84087
84088
84090
84091
84094
84105
84106
84108
84109
84112
84114
84115
84117
84118
84121
84141
84142
84144
84145
84148
84159
84160
84162
84163
84166
84168
84169
84171
84172
84175
84186
84187
84189
84190
84193
84195
84196
84198
84199
84202
84222
84223
84225
84226
84229
84402
84403
84405
84406
84409
84411
84412
84414
84415
84418
84429
84430
84432
84433
84436
84438
84439
84441
84442
84445
84465
84466
84468
84469
84472
85293
85294
85296
85297
85300
85302
85303
85305
85306
85309
85320
85321
85323
85324
85327
85329
85330
85332
85333
85336
85356
85357
85359
85360
85363
85374
85375
85377
85378
85381
85383
85384
85386
85387
85390
85401
85402
85404
85405
85408
85410
85411
85413
85414
85417
85437
85438
85440
85441
85444
85536
85537
85539
85540
85543
85545
85546
85548
85549
85552
85563
85564
85566
85567
85570
85572
85573
85575
85576
85579
85599
85600
85602
85603
85606
85617
85618
85620
85621
85624
85626
85627
85629
85630
85633
85644
85645
85647
85648
85651
85653
85654
85656
85657
85660
85680
85681
85683
85684
85687
85860
85861
85863
85864
85867
85869
85870
85872
85873
85876
85887
85888
85890
85891
85894
85896
85897
85899
85900
85903
85923
85924
85926
85927
85930
86022
86023
86025
86026
86029
86031
86032
86034
86035
86038
86049
86050
86052
86053
86056
86058
86059
86061
86062
86065
86085
86086
86088
86089
86092
86103
86104
86106
86107
86110
86112
86113
86115
86116
86119
86130
86131
86133
86134
86137
86139
86140
86142
86143
86146
86166
86167
86169
86170
86173
86265
86266
86268
86269
86272
86274
86275
86277
86278
86281
86292
86293
86295
86296
86299
86301
86302
86304
86305
86308
86328
86329
86331
86332
86335
86346
86347
86349
86350
86353
86355
86356
86358
86359
86362
86373
86374
86376
86377
86380
86382
86383
86385
86386
86389
86409
86410
86412
86413
86416
86589
86590
86592
86593
86596
86598
86599
86601
86602
86605
86616
86617
86619
86620
86623
86625
86626
86628
86629
86632
86652
86653
86655
86656
86659
87480
87481
87483
87484
87487
87489
87490
87492
87493
87496
87507
87508
87510
87511
87514
87516
87517
87519
87520
87523
87543
87544
87546
87547
87550
87561
87562
87564
87565
87568
87570
87571
87573
87574
87577
87588
87589
87591
87592
87595
87597
87598
87600
87601
87604
87624
87625
87627
87628
87631
87723
87724
87726
87727
87730
87732
87733
87735
87736
87739
87750
87751
87753
87754
87757
87759
87760
87762
87763
87766
87786
87787
87789
87790
87793
87804
87805
87807
87808
87811
87813
87814
87816
87817
87820
87831
87832
87834
87835
87838
87840
87841
87843
87844
87847
87867
87868
87870
87871
87874
88047
88048
88050
88051
88054
88056
88057
88059
88060
88063
88074
88075
88077
88078
88081
88083
88084
88086
88087
88090
88110
88111
88113
88114
88117
88209
88210
88212
88213
88216
88218
88219
88221
88222
88225
88236
88237
88239
88240
88243
88245
88246
88248
88249
88252
88272
88273
88275
88276
88279
88290
88291
88293
88294
88297
88299
88300
88302
88303
88306
88317
88318
88320
88321
88324
88326
88327
88329
88330
88333
88353
88354
88356
88357
88360
88452
88453
88455
88456
88459
88461
88462
88464
88465
88468
88479
88480
88482
88483
88486
88488
88489
88491
88492
88495
88515
88516
88518
88519
88522
88533
88534
88536
88537
88540
88542
88543
88545
88546
88549
88560
88561
88563
88564
88567
88569
88570
88572
88573
88576
88596
88597
88599
88600
88603
88776
88777
88779
88780
88783
88785
88786
88788
88789
88792
88803
88804
88806
88807
88810
88812
88813
88815
88816
88819
88839
88840
88842
88843
88846
90396
90397
90399
90400
90403
90405
90406
90408
90409
90412
90423
90424
90426
90427
90430
90432
90433
90435
90436
90439
90459
90460
90462
90463
90466
90477
90478
90480
90481
90484
90486
90487
90489
90490
90493
90504
90505
90507
90508
90511
90513
90514
90516
90517
90520
90540
90541
90543
90544
90547
90639
90640
90642
90643
90646
90648
90649
90651
90652
90655
90666
90667
90669
90670
90673
90675
90676
90678
90679
90682
90702
90703
90705
90706
90709
90720
90721
90723
90724
90727
90729
90730
90732
90733
90736
90747
90748
90750
90751
90754
90756
90757
90759
90760
90763
90783
90784
90786
90787
90790
90963
90964
90966
90967
90970
90972
90973
90975
90976
90979
90990
90991
90993
90994
90997
90999
91000
91002
91003
91006
91026
91027
91029
91030
91033
