9
10
24
25
69
73
76
81
82
90
91
97
105
106
186
205
216
217
225
226
240
241
292
627
657
729
730
738
739
753
754
778
810
811
819
820
834
835
853
861
873
945
946
954
955
969
970
1563
1674
1752
1825
1833
1845
1944
1945
1953
1954
1968
1969
2025
2026
2034
2035
2049
2050
2160
2161
2169
2170
2184
2185
6561
6562
6570
6571
6585
6586
6642
6643
6651
6652
6666
6667
6777
6778
6786
6787
6801
6802
7290
7291
7299
7300
7314
7315
7371
7372
7380
7381
7395
7396
7506
7507
7515
7516
7530
7531
8505
8506
8514
8515
8529
8530
8586
8587
8595
8596
8610
8611
8721
8722
8730
8731
8745
8746
17496
17497
17505
17506
17520
17521
17577
17578
17586
17587
17601
17602
17712
17713
17721
17722
17736
17737
18225
18226
18234
18235
18249
18250
18306
18307
18315
18316
18330
18331
18441
18442
18450
18451
18465
18466
19440
19441
19449
19450
19464
19465
19521
19522
19530
19531
19545
19546
19656
19657
19665
19666
19680
19681
