3
4
7
8
9
10
11
12
13
19
21
22
23
24
25
26
27
28
29
30
31
32
33
34
35
36
37
38
39
40
55
57
58
59
61
62
63
64
65
66
67
68
69
70
71
72
73
74
75
76
77
78
79
80
81
82
83
84
85
86
87
88
89
90
91
93
94
96
97
98
99
100
102
104
105
106
107
108
109
111
112
114
115
116
117
118
120
121
163
165
167
169
170
171
172
173
174
176
177
178
179
181
183
184
186
187
188
189
190
191
192
193
195
196
197
198
199
200
201
202
203
204
205
207
208
210
211
212
213
214
215
216
217
218
219
220
221
222
223
224
225
226
227
228
229
230
231
232
233
234
235
236
237
238
239
240
241
242
243
244
245
246
247
248
249
250
251
252
253
254
255
256
257
258
259
260
261
262
263
264
265
267
268
269
270
271
272
273
274
275
276
277
278
279
280
282
283
285
286
287
288
289
290
291
292
293
295
296
297
298
300
301
302
304
306
307
310
311
312
313
314
315
316
318
319
320
321
323
324
325
327
328
333
334
336
337
342
343
348
349
350
351
352
354
355
359
360
361
363
364
493
495
505
507
511
513
514
523
528
529
532
535
541
547
549
550
552
554
556
559
561
563
565
567
568
570
571
572
573
574
575
576
577
579
580
583
584
585
586
588
590
591
592
594
595
597
598
601
602
604
606
608
609
610
612
613
615
616
623
624
626
628
629
630
631
634
635
636
637
638
639
640
641
642
643
644
645
646
647
648
649
650
652
653
654
655
656
657
658
659
660
663
664
665
666
667
668
669
672
673
674
675
676
680
681
682
683
684
685
687
688
690
691
692
694
695
696
697
698
700
702
703
704
705
706
707
709
710
711
712
715
716
717
718
719
720
721
722
723
725
726
727
728
729
730
732
733
736
737
738
739
741
742
744
745
747
748
749
750
751
752
753
754
755
756
757
758
759
760
761
762
763
764
765
766
767
768
769
771
773
774
775
776
777
778
780
783
784
786
787
789
790
791
792
793
795
796
799
800
801
802
803
804
805
807
808
809
810
811
812
813
814
815
816
817
818
819
820
822
823
825
826
831
832
833
834
835
836
837
838
840
841
842
843
844
845
846
847
849
850
856
857
858
859
860
861
862
864
865
871
872
873
874
876
883
886
888
889
896
900
903
906
908
910
914
915
917
918
921
923
924
925
926
928
929
930
935
936
937
938
939
940
942
943
944
945
946
948
949
952
953
954
955
957
958
960
961
968
969
970
972
973
975
976
980
981
982
984
985
999
1000
1002
1003
1007
1008
1009
1011
1012
1016
1025
1027
1039
1043
1044
1045
1047
1048
1052
1053
1054
1056
1057
1062
1063
1065
1066
1077
1078
1080
1081
1083
1084
1088
1089
1090
1092
1093
1515
1521
1523
1533
1539
1540
1542
1573
1584
1591
1595
1596
1603
1634
1641
1647
1648
1649
1650
1655
1662
1663
1668
1683
1685
1701
1702
1704
1708
1710
1711
1712
1713
1719
1720
1721
1722
1728
1729
1730
1731
1735
1738
1747
1752
1758
1764
1766
1770
1772
1773
1775
1778
1779
1781
1788
1789
1791
1794
1799
1801
1805
1808
1817
1825
1829
1830
1833
1836
1837
1843
1845
1846
1847
1849
1852
1859
1860
1862
1863
1864
1876
1878
1879
1884
1886
1890
1891
1892
1893
1898
1901
1902
1905
1906
1907
1908
1909
1911
1917
1918
1923
1937
1938
1944
1945
1952
1953
1954
1956
1959
1962
1963
1965
1967
1968
1969
1970
1971
1972
1976
1977
1980
1984
1987
1990
1991
1993
1997
1998
1999
2000
2001
2002
2004
2013
2015
2018
2019
2021
2025
2026
2028
2034
2035
2039
2042
2043
2044
2046
2048
2052
2053
2067
2069
2070
2073
2074
2077
2079
2080
2082
2084
2093
2094
2096
2097
2099
2100
2102
2106
2107
2114
2115
2116
2119
2120
2122
2123
2125
2127
2133
2134
2136
2149
2154
2156
2160
2161
2165
2166
2174
2175
2178
2179
2181
2183
2184
2186
2187
2188
2190
2191
2194
2196
2197
2199
2200
2206
2208
2212
2214
2215
2216
2217
2218
2222
2223
2224
2226
2227
2234
2235
2239
2243
2244
2248
2249
2250
2251
2252
2253
2257
2259
2260
2261
2262
2263
2266
2268
2269
2271
2272
2274
2275
2277
2278
2279
2280
2281
2282
2286
2287
2288
2292
2293
2294
2295
2296
2298
2299
2300
2303
2304
2305
2306
2307
2308
2313
2321
2325
2326
2330
2332
2336
2340
2342
2347
2349
2350
2352
2355
2356
2358
2359
2360
2367
2368
2369
2370
2376
2377
2378
2379
2392
2397
2398
2402
2409
2424
2430
2431
2433
2434
2437
2439
2440
2441
2442
2443
2448
2449
2450
2451
2457
2458
2459
2460
2461
2465
2466
2467
2469
2470
2474
2483
2501
2502
2503
2505
2506
2508
2510
2511
2512
2514
2515
2519
2520
2521
2523
2524
2526
2534
2535
2536
2538
2539
2541
2542
2546
2547
2548
2550
2551
2555
2560
2564
2570
2577
2579
2580
2582
2583
2584
2586
2587
2589
2591
2592
2593
2600
2601
2602
2607
2615
2619
2620
2627
2628
2636
2637
2638
2645
2649
2650
2654
2656
2658
2663
2664
2665
2667
2668
2672
2673
2674
2681
2682
2683
2688
2696
2697
2699
2700
2701
2705
2706
2708
2709
2717
2718
2719
2722
2726
2730
2731
2732
2741
2742
2778
2780
2786
2787
2789
2798
2799
2800
2804
2807
2808
2809
2825
2826
2827
2829
2830
2834
2835
2836
2838
2839
2844
2845
2847
2848
2854
2862
2863
2865
2866
2870
2871
2872
2874
2875
2879
2883
2888
2906
2907
2908
2910
2911
2915
2916
2917
2919
2920
2925
2926
2928
2929
2943
2944
2946
2947
2951
2952
2953
2955
2956
2997
2998
3000
3001
3006
3007
3009
3010
3021
3022
3024
3025
3027
3028
3032
3033
3034
3036
3037
3048
3049
3075
3076
3129
3130
3132
3133
3135
3136
3141
3142
3144
3145
3156
3157
3159
3160
3162
3163
3168
3169
3171
3172
3186
3187
3189
3190
3194
3195
3196
3198
3199
3203
3212
3230
3231
3232
3234
3235
3239
3240
3241
3243
3244
3249
3250
3252
3253
3264
3265
3267
3268
3270
3271
3275
3276
3277
3279
3280
4921
4923
4924
4930
4941
4942
4944
4948
4950
4951
4984
4989
5002
5004
5005
5011
5103
5104
5106
5110
5112
5113
5124
5130
5131
5132
5133
5164
5166
5167
5173
5177
5182
5184
5185
5187
5191
5193
5194
5470
5475
5488
5490
5491
5497
5529
5535
5536
5537
5538
5546
5547
5551
5556
5582
5587
5624
5627
5628
5632
5633
5634
5635
5637
5648
5650
5652
5653
5657
5658
5659
5670
5671
5673
5677
5679
5680
5694
5696
5702
5703
5705
5713
5714
5715
5716
5718
5720
5724
5725
5731
5733
5734
5740
5744
5749
5762
5769
5770
5771
5812
5814
5815
5821
5825
5830
5832
5833
5840
5841
5842
5856
5858
5864
5865
5904
5905
5910
5912
5913
5914
5921
5922
5923
5924
5928
5931
5932
5933
5936
5951
5952
5987
5992
5994
5995
5997
6001
6003
6004
6005
6012
6013
6014
6252
6260
6272
6281
6282
6283
6311
6316
6318
6319
6326
6327
6328
6333
6341
6342
6344
6350
6351
6353
6356
6357
6361
6362
6363
6364
6366
6377
6379
6381
6382
6386
6387
6388
6399
6400
6402
6406
6408
6409
6423
6425
6431
6432
6434
6442
6443
6444
6445
6447
6449
6453
6454
6458
6460
6462
6463
6467
6468
6469
6473
6478
6480
6481
6488
6489
6490
6491
6498
6499
6500
6530
6534
6535
6539
6541
6543
6544
6548
6549
6550
6552
6553
6554
6558
6559
6560
6561
6562
6564
6565
6568
6569
6570
6571
6573
6574
6582
6585
6587
6588
6589
6590
6591
6592
6593
6594
6596
6597
6598
6600
6601
6622
6624
6625
6631
6633
6634
6635
6639
6640
6641
6642
6643
6645
6646
6649
6650
6651
6652
6654
6655
6657
6665
6666
6667
6669
6670
6672
6673
6677
6678
6679
6681
6682
6744
6750
6751
6752
6753
6766
6771
6773
6777
6778
6795
6796
6801
6803
6804
6805
6807
6808
6811
6813
6814
6815
6816
6817
6822
6823
6824
6825
6831
6832
6833
6834
6835
6839
6840
6841
6843
6844
6848
6849
6850
6854
6857
6858
6859
6863
6872
6873
6875
6876
6877
6879
6880
6884
6885
6886
6888
6889
6894
6895
6897
6898
6909
6910
6912
6913
6915
6916
6920
6921
6922
6924
6925
7108
7110
7111
7117
7128
7129
7131
7135
7137
7138
7171
7176
7187
7189
7191
7192
7196
7197
7198
7202
7207
7209
7210
7217
7218
7219
7220
7227
7228
7229
7259
7263
7264
7268
7270
7272
7273
7277
7278
7279
7281
7282
7283
7287
7288
7289
7290
7291
7293
7294
7297
7298
7299
7300
7302
7303
7311
7314
7316
7317
7318
7319
7320
7321
7322
7323
7325
7326
7327
7329
7330
7351
7353
7354
7360
7362
7363
7364
7368
7369
7370
7371
7372
7374
7375
7378
7379
7380
7381
7383
7384
7386
7394
7395
7396
7397
7398
7399
7401
7402
7403
7404
7406
7407
7408
7410
7411
7421
7422
7423
7425
7426
7449
7450
7467
7475
7476
7478
7484
7485
7487
7496
7497
7498
7502
7503
7504
7506
7507
7509
7510
7515
7516
7518
7519
7524
7525
7530
7531
7532
7533
7534
7536
7537
7542
7543
7545
7546
7560
7561
7563
7564
7568
7569
7570
7572
7573
7577
7578
7579
7583
7586
7587
7588
7592
7601
7602
7604
7605
7606
7608
7609
7613
7614
7615
7617
7618
7623
7624
7626
7627
7638
7639
7641
7642
7644
7645
7649
7650
7651
7653
7654
7665
7666
7692
7693
7710
7718
7730
7739
7740
7741
7746
7747
7749
7750
7752
7753
7758
7759
7761
7762
7773
7774
7776
7777
7784
7785
7786
7791
7799
7800
7802
7808
7809
7908
7909
7935
7936
7989
7990
7992
7993
7995
7996
8001
8002
8004
8005
8016
8017
8124
8126
8132
8133
8150
8154
8155
8196
8204
8205
8207
8213
8214
8216
8225
8226
8227
8231
8235
8236
8253
8254
8259
8261
8297
8306
8307
8308
8312
8316
8317
8321
8330
8331
8334
8335
8340
8342
8358
8366
8394
8395
8402
8411
8412
8415
8416
8421
8422
8423
8424
8425
8432
8433
8434
8475
8476
8478
8479
8481
8482
8487
8488
8490
8491
8502
8503
8505
8506
8508
8509
8514
8515
8517
8518
8532
8533
8535
8536
8541
8542
8544
8545
8586
8587
8589
8590
8595
8596
8598
8599
8610
8611
8613
8614
8616
8617
8622
8623
8625
8626
8637
8638
8664
8665
8718
8719
8721
8722
8724
8725
8730
8731
8733
8734
8745
8746
8748
8749
8751
8752
8757
8758
8760
8761
8775
8776
8778
8779
8783
8784
8785
8787
8788
8829
8830
8832
8833
8838
8839
8841
8842
8853
8854
8856
8857
8859
8860
8864
8865
8866
8868
8869
8991
8992
8994
8995
9000
9001
9003
9004
9018
9019
9021
9022
9026
9027
9028
9030
9031
9035
9044
9062
9063
9064
9066
9067
9071
9072
9073
9075
9076
9081
9082
9084
9085
9096
9097
9099
9100
9102
9103
9107
9108
9109
9111
9112
9116
9125
9143
9144
9145
9147
9148
9152
9197
9206
9224
9225
9226
9228
9229
9233
9359
9368
9386
9387
9388
9390
9391
9395
9396
9397
9399
9400
9405
9406
9408
9409
9423
9424
9426
9427
9431
9432
9433
9435
9436
9440
9449
9467
9468
9469
9471
9472
9476
9477
9478
9480
9481
9486
9487
9489
9490
9504
9505
9507
9508
9512
9513
9514
9516
9517
9558
9559
9561
9562
9567
9568
9570
9571
9582
9583
9585
9586
9588
9589
9593
9594
9595
9597
9598
9609
9610
9636
9637
9690
9691
9693
9694
9696
9697
9702
9703
9705
9706
9717
9718
9720
9721
9723
9724
9729
9730
9732
9733
9747
9748
9750
9751
9755
9756
9757
9759
9760
9764
9773
9791
9792
9793
9795
9796
9800
9801
9802
9804
9805
9810
9811
9813
9814
9825
9826
9828
9829
9831
9832
9836
9837
9838
9840
9841
19683
19684
19686
19687
19692
19693
19695
19696
19710
19711
19713
19714
19718
19719
19720
19722
19723
19764
19765
19767
19768
19773
19774
19776
19777
19791
19792
19794
19795
19799
19800
19801
19803
19804
19926
19927
19929
19930
19935
19936
19938
19939
19953
19954
19956
19957
19961
19962
19963
19965
19966
19970
19979
19997
19998
19999
20001
20002
20006
20007
20008
20010
20011
20016
20017
20019
20020
20034
20035
20037
20038
20042
20043
20044
20046
20047
20412
20413
20415
20416
20421
20422
20424
20425
20439
20440
20442
20443
20447
20448
20449
20451
20452
20493
20494
20496
20497
20502
20503
20505
20506
20520
20521
20523
20524
20528
20529
20530
20532
20533
20655
20656
20658
20659
20664
20665
20667
20668
20682
20683
20685
20686
20690
20691
20692
20694
20695
20699
20708
20726
20727
20728
20730
20731
20735
20736
20737
20739
20740
20745
20746
20748
20749
20763
20764
20766
20767
20771
20772
20773
20775
20776
21870
21871
21873
21874
21879
21880
21882
21883
21897
21898
21900
21901
21905
21906
21907
21909
21910
21951
21952
21954
21955
21960
21961
21963
21964
21978
21979
21981
21982
21986
21987
21988
21990
21991
22113
22114
22116
22117
22122
22123
22125
22126
22140
22141
22143
22144
22148
22149
22150
22152
22153
22157
22166
22184
22185
22186
22188
22189
22193
22194
22195
22197
22198
22203
22204
22206
22207
22221
22222
22224
22225
22229
22230
22231
22233
22234
22238
22247
22265
22266
22267
22269
22270
22274
22319
22328
22346
22347
22348
22350
22351
22355
22481
22490
22508
22509
22510
22512
22513
22517
22518
22519
22521
22522
22527
22528
22530
22531
22545
22546
22548
22549
22553
22554
22555
22557
22558
22562
22571
22589
22590
22591
22593
22594
22598
22599
22600
22602
22603
22608
22609
22611
22612
22626
22627
22629
22630
22634
22635
22636
22638
22639
22680
22681
22683
22684
22689
22690
22692
22693
22707
22708
22710
22711
22715
22716
22717
22719
22720
22842
22843
22845
22846
22851
22852
22854
22855
22869
22870
22872
22873
22877
22878
22879
22881
22882
22886
22895
22913
22914
22915
22917
22918
22922
22923
22924
22926
22927
22932
22933
22935
22936
22950
22951
22953
22954
22958
22959
22960
22962
22963
22967
22976
22994
22995
22996
22998
22999
23003
23048
23057
23075
23076
23077
23079
23080
23084
23210
23219
23237
23238
23239
23241
23242
23246
23247
23248
23250
23251
23256
23257
23259
23260
23274
23275
23277
23278
23282
23283
23284
23286
23287
23291
23300
23318
23319
23320
23322
23323
23327
23696
23705
23723
23724
23725
23727
23728
23732
23777
23786
23804
23805
23806
23808
23809
23813
23939
23948
23966
23967
23968
23970
23971
23975
23976
23977
23979
23980
23985
23986
23988
23989
24003
24004
24006
24007
24011
24012
24013
24015
24016
24020
24029
24047
24048
24049
24051
24052
24056
25154
25163
25181
25182
25183
25185
25186
25190
25235
25244
25262
25263
25264
25266
25267
25271
25397
25406
25424
25425
25426
25428
25429
25433
25434
25435
25437
25438
25443
25444
25446
25447
25461
25462
25464
25465
25469
25470
25471
25473
25474
25478
25487
25505
25506
25507
25509
25510
25514
25515
25516
25518
25519
25524
25525
25527
25528
25542
25543
25545
25546
25550
25551
25552
25554
25555
25596
25597
25599
25600
25605
25606
25608
25609
25623
25624
25626
25627
25631
25632
25633
25635
25636
25758
25759
25761
25762
25767
25768
25770
25771
25785
25786
25788
25789
25793
25794
25795
25797
25798
25802
25811
25829
25830
25831
25833
25834
25838
25839
25840
25842
25843
25848
25849
25851
25852
25866
25867
25869
25870
25874
25875
25876
25878
25879
25883
25892
25910
25911
25912
25914
25915
25919
25964
25973
25991
25992
25993
25995
25996
26000
26126
26135
26153
26154
26155
26157
26158
26162
26163
26164
26166
26167
26172
26173
26175
26176
26190
26191
26193
26194
26198
26199
26200
26202
26203
26207
26216
26234
26235
26236
26238
26239
26243
26244
26245
26247
26248
26253
26254
26256
26257
26271
26272
26274
26275
26279
26280
26281
26283
26284
26325
26326
26328
26329
26334
26335
26337
26338
26352
26353
26355
26356
26360
26361
26362
26364
26365
26487
26488
26490
26491
26496
26497
26499
26500
26514
26515
26517
26518
26522
26523
26524
26526
26527
26531
26540
26558
26559
26560
26562
26563
26567
26568
26569
26571
26572
26577
26578
26580
26581
26595
26596
26598
26599
26603
26604
26605
26607
26608
26973
26974
26976
26977
26982
26983
26985
26986
27000
27001
27003
27004
27008
27009
27010
27012
27013
27054
27055
27057
27058
27063
27064
27066
27067
27081
27082
27084
27085
27089
27090
27091
27093
27094
27216
27217
27219
27220
27225
27226
27228
27229
27243
27244
27246
27247
27251
27252
27253
27255
27256
27260
27269
27287
27288
27289
27291
27292
27296
27297
27298
27300
27301
27306
27307
27309
27310
27324
27325
27327
27328
27332
27333
27334
27336
27337
28431
28432
28434
28435
28440
28441
28443
28444
28458
28459
28461
28462
28466
28467
28468
28470
28471
28512
28513
28515
28516
28521
28522
28524
28525
28539
28540
28542
28543
28547
28548
28549
28551
28552
28674
28675
28677
28678
28683
28684
28686
28687
28701
28702
28704
28705
28709
28710
28711
28713
28714
28718
28727
28745
28746
28747
28749
28750
28754
28755
28756
28758
28759
28764
28765
28767
28768
28782
28783
28785
28786
28790
28791
28792
28794
28795
28799
28808
28826
28827
28828
28830
28831
28835
28880
28889
28907
28908
28909
28911
28912
28916
29042
29051
29069
29070
29071
29073
29074
29078
29079
29080
29082
29083
29088
29089
29091
29092
29106
29107
29109
29110
29114
29115
29116
29118
29119
29123
29132
29150
29151
29152
29154
29155
29159
29160
29161
29163
29164
29169
29170
29172
29173
29187
29188
29190
29191
29195
29196
29197
29199
29200
29241
29242
29244
29245
29250
29251
29253
29254
29268
29269
29271
29272
29276
29277
29278
29280
29281
29403
29404
29406
29407
29412
29413
29415
29416
29430
29431
29433
29434
29438
29439
29440
29442
29443
29447
29456
29474
29475
29476
29478
29479
29483
29484
29485
29487
29488
29493
29494
29496
29497
29511
29512
29514
29515
29519
29520
29521
29523
29524
