6
7
8
9
10
12
13
15
16
51
53
54
55
57
60
62
63
64
66
70
71
72
73
75
76
78
80
81
82
84
85
87
88
89
90
91
93
94
96
97
98
100
102
103
105
108
109
111
112
114
117
118
120
121
123
124
125
127
129
135
136
144
145
147
148
150
151
438
447
486
487
492
494
495
496
503
510
512
519
528
548
557
558
559
584
591
593
615
620
629
638
639
640
648
649
654
656
657
658
660
665
672
674
729
730
735
737
738
739
741
742
744
745
783
784
791
800
801
802
810
811
816
818
819
820
822
823
825
826
831
837
838
840
846
847
849
850
852
853
864
865
873
874
876
877
879
880
912
918
919
921
972
973
980
981
982
984
985
987
988
993
999
1000
1002
1020
1025
1053
1054
1062
1063
1065
1066
1068
1069
1080
1081
1089
1090
1092
1093
1095
1096
1107
1108
1116
1117
1119
1120
1122
1123
1215
1216
1224
1225
1227
1228
1230
1231
1296
1297
1305
1306
1308
1309
1311
1312
1323
1324
1332
1333
1335
1336
1338
1339
1350
1351
1359
1360
1362
1363
1365
1366
