2
3
4
5
6
7
8
9
10
11
12
13
14
15
16
17
18
19
20
21
22
23
24
25
26
27
28
29
30
31
32
33
34
35
36
37
38
39
40
41
42
43
44
45
46
47
48
49
50
51
52
53
54
55
56
57
58
59
60
61
62
63
64
65
66
67
68
69
70
71
72
73
74
75
76
77
78
79
80
81
82
83
84
85
86
87
88
89
90
91
92
93
94
95
96
97
98
99
100
101
102
103
104
105
106
107
108
109
110
111
112
113
114
115
116
117
118
119
120
121
122
123
124
125
126
127
129
130
131
132
133
134
135
136
137
138
139
140
141
142
143
144
145
146
147
148
149
150
151
152
153
154
155
156
157
158
159
160
161
162
163
164
165
166
167
168
169
170
171
172
173
174
175
177
178
179
180
181
182
183
184
185
186
187
188
189
190
191
192
193
194
195
196
197
198
199
200
201
202
203
204
205
207
208
209
210
211
212
213
214
215
216
217
218
219
220
222
223
224
225
226
227
228
229
230
231
232
233
234
235
236
237
240
241
242
243
244
246
247
248
249
250
251
252
253
255
256
257
258
259
260
261
262
264
265
267
268
269
270
271
272
273
274
275
277
278
279
280
282
283
285
286
287
288
289
290
291
292
293
294
296
297
298
299
300
301
303
304
305
306
307
308
309
310
311
312
313
314
315
316
318
319
320
321
323
324
325
326
327
328
329
330
331
332
333
334
335
336
337
338
339
340
341
342
344
345
346
348
349
350
351
352
353
354
355
356
357
358
359
360
361
363
364
365
367
368
369
370
371
372
373
374
375
376
377
378
379
380
381
382
383
384
385
386
387
388
389
390
391
392
393
394
395
396
397
398
399
400
401
402
403
404
405
406
407
408
409
410
411
412
413
414
415
417
418
419
420
421
422
423
424
425
426
427
428
429
430
431
432
433
434
435
436
437
438
439
440
441
442
443
444
445
446
447
448
449
450
451
452
453
454
455
456
457
458
459
460
461
462
463
465
466
467
468
469
470
471
472
473
474
475
476
477
478
479
480
481
482
483
485
486
487
488
489
490
491
492
493
494
495
496
497
498
499
501
502
503
504
505
506
507
508
510
511
512
513
514
515
516
517
519
520
522
523
526
527
530
531
532
533
534
535
537
538
539
540
541
542
543
544
545
546
547
548
549
550
552
553
554
556
557
558
559
560
561
562
563
564
565
566
567
568
570
571
572
573
574
576
577
579
580
581
583
584
585
586
587
588
589
590
591
593
594
595
597
598
599
600
602
603
604
605
606
608
609
610
611
612
613
615
616
617
618
619
620
621
622
624
625
628
629
630
631
632
633
634
635
636
637
638
639
640
641
642
643
644
645
647
648
649
650
651
652
653
654
655
656
657
658
659
660
661
662
663
665
666
667
668
669
670
671
672
673
674
675
676
678
679
681
682
683
684
685
687
688
689
691
692
693
694
695
696
697
698
699
700
702
703
704
706
707
708
709
710
711
712
713
714
715
716
717
719
720
721
722
723
724
725
726
728
729
730
731
732
733
734
735
736
737
738
739
740
741
742
743
744
745
746
747
748
749
750
751
753
754
755
756
757
759
760
762
763
764
765
766
767
768
769
770
771
772
773
774
775
776
777
778
779
780
781
782
783
784
785
786
788
789
790
791
792
793
794
795
797
799
800
801
802
803
804
806
807
809
810
811
812
813
814
815
816
817
818
819
820
821
822
823
825
827
828
829
830
831
832
833
834
836
837
838
840
841
843
844
846
847
849
850
851
852
853
854
855
856
858
859
860
861
862
863
864
865
866
867
870
871
872
873
874
876
877
878
880
881
882
883
884
885
886
887
888
890
891
892
893
894
895
897
898
899
900
901
902
903
906
908
909
910
911
912
913
915
916
917
918
919
920
921
922
924
925
926
927
928
929
930
931
934
937
939
940
941
942
943
945
946
947
948
949
951
952
953
954
955
956
957
959
960
961
962
963
964
965
967
969
971
972
973
975
976
977
978
979
980
981
982
984
985
987
988
989
990
991
992
993
994
995
998
999
1000
1001
1002
1003
1004
1005
1006
1007
1008
1009
1010
1011
1012
1015
1017
1020
1024
1025
1026
1027
1032
1033
1034
1035
1037
1038
1039
1040
1042
1043
1044
1045
1046
1050
1053
1054
1056
1057
1058
1060
1061
1062
1063
1065
1066
1067
1068
1069
1070
1071
1072
1077
1078
1079
1080
1081
1083
1084
1088
1089
1090
1091
1092
1093
1095
1096
1099
1100
1102
1104
1106
1107
1108
1109
1110
1111
1113
1114
1115
1116
1117
1119
1120
1122
1123
1124
1125
1126
1128
1129
1134
1135
1137
1139
1143
1144
1146
1147
1148
1149
1155
1160
1161
1162
1163
1164
1167
1168
1170
1171
1173
1176
1177
1178
1180
1181
1182
1189
1191
1192
1193
1194
1196
1198
1200
1201
1202
1203
1204
1205
1206
1207
1208
1209
1210
1212
1215
1216
1217
1218
1219
1221
1223
1224
1225
1226
1227
1228
1230
1231
1232
1233
1234
1235
1236
1238
1239
1240
1241
1242
1243
1245
1246
1248
1250
1251
1252
1253
1254
1255
1257
1259
1260
1261
1263
1264
1269
1270
1271
1272
1273
1274
1275
1276
1277
1278
1279
1281
1284
1287
1288
1289
1292
1293
1295
1296
1297
1299
1300
1302
1303
1305
1306
1308
1309
1310
1311
1312
1313
1314
1315
1318
1319
1320
1322
1323
1324
1325
1326
1327
1329
1331
1332
1333
1334
1335
1336
1338
1339
1341
1342
1343
1349
1350
1351
1353
1354
1359
1360
1361
1362
1363
1365
1366
1367
1368
1369
1371
1372
1376
1377
1378
1379
1380
1383
1384
1385
1386
1387
1388
1389
1390
1391
1392
1394
1395
1396
1397
1401
1403
1419
1420
1429
1430
1431
1432
1433
1437
1439
1441
1446
1447
1448
1449
1450
1451
1455
1457
1458
1459
1460
1464
1466
1467
1468
1469
1473
1475
1476
1477
1478
1482
1484
1509
1512
1513
1514
1515
1518
1520
1521
1523
1529
1530
1531
1532
1533
1536
1538
1539
1540
1541
1542
1545
1546
1547
1548
1549
1550
1551
1554
1556
1557
1558
1559
1560
1563
1565
1566
1567
1569
1573
1574
1591
1593
1594
1595
1596
1598
1599
1600
1601
1602
1603
1605
1606
1607
1610
1611
1612
1613
1617
1619
1620
1621
1622
1626
1628
1629
1630
1631
1632
1635
1637
1638
1639
1640
1641
1642
1644
1646
1647
1648
1650
1651
1654
1656
1663
1666
1668
1671
1674
1675
1676
1677
1678
1680
1682
1683
1686
1692
1693
1694
1698
1700
1701
1702
1704
1705
1708
1710
1711
1722
1724
1728
1729
1731
1732
1737
1738
1740
1744
1745
1747
1749
1752
1753
1754
1755
1757
1758
1759
1764
1765
1766
1768
1769
1772
1773
1774
1782
1783
1785
1787
1791
1794
1799
1800
1806
1815
1817
1820
1824
1825
1830
1834
1835
1836
1837
1839
1840
1843
1844
1845
1846
1848
1849
1851
1852
1884
1887
1890
1891
1893
1896
1898
1901
1905
1906
1909
1911
1914
1917
1919
1932
1933
1944
1945
1946
1950
1952
1953
1954
1955
1959
1961
1962
1963
1964
1968
1970
1971
1972
1976
1980
1993
1998
1999
2000
2001
2002
2004
2006
2010
2016
2017
2018
2019
2022
2024
2025
2026
2028
2030
2038
2044
2046
2048
2050
2052
2053
2066
2067
2068
2072
2074
2076
2077
2078
2079
2080
2081
2082
2083
2088
2089
2091
2092
2094
2095
2098
2100
2106
2107
2108
2112
2114
2115
2116
2117
2121
2123
2124
2125
2126
2130
2132
2139
2148
2149
2150
2153
2157
2160
2161
2162
2166
2168
2175
2176
2178
2179
2180
2184
2186
2187
2188
2190
2191
2192
2194
2196
2197
2199
2200
2202
2203
2204
2206
2208
2212
2214
2215
2217
2218
2221
2223
2224
2226
2227
2228
2232
2233
2235
2236
2237
2238
2244
2245
2248
2249
2250
2251
2255
2257
2260
2262
2263
2264
2268
2269
2271
2272
2273
2275
2277
2278
2280
2281
2287
2295
2296
2298
2299
2302
2303
2304
2305
2306
2307
2308
2310
2311
2312
2316
2320
2321
2322
2323
2325
2326
2328
2330
2331
2332
2334
2335
2337
2338
2340
2348
2357
2358
2359
2368
2370
2373
2376
2377
2379
2382
2384
2386
2387
2388
2391
2392
2397
2401
2402
2405
2406
2411
2412
2413
2414
2418
2419
2430
2431
2433
2434
2435
2437
2439
2440
2442
2443
2445
2446
2451
2457
2458
2460
2461
2464
2465
2466
2467
2469
2470
2481
2488
2491
2493
2494
2496
2500
2502
2511
2512
2514
2515
2516
2518
2520
2521
2523
2524
2527
2530
2532
2538
2539
2541
2542
2545
2547
2548
2550
2551
2555
2557
2573
2574
2577
2581
2582
2583
2584
2586
2599
2601
2602
2625
2626
2628
2629
2631
2633
2635
2640
2643
2646
2647
2649
2650
2658
2662
2663
2664
2665
2667
2668
2669
2670
2673
2674
2677
2679
2680
2682
2685
2686
2689
2692
2694
2696
2698
2700
2701
2704
2705
2706
2707
2709
2710
2717
2719
2721
2722
2724
2727
2728
2730
2731
2733
2734
2736
2737
2743
2748
2753
2754
2755
2757
2758
2761
2763
2764
2766
2770
2771
2772
2773
2774
2775
2779
2781
2782
2785
2789
2791
2792
2797
2798
2801
2802
2805
2806
2807
2808
2809
2810
2811
2815
2817
2818
2824
2827
2829
2834
2835
2836
2838
2844
2847
2848
2851
2852
2854
2868
2871
2876
2916
2917
2919
2920
2921
2922
2923
2925
2926
2928
2929
2931
2932
2937
2943
2944
2946
2947
2949
2950
2951
2952
2953
2955
2956
2957
2961
2962
2964
2965
2966
2969
2977
2979
2980
2984
2986
2989
2992
2993
2994
2996
2997
2998
3000
3001
3002
3004
3006
3007
3009
3010
3013
3016
3018
3019
3024
3025
3027
3028
3029
3030
3033
3034
3036
3037
3040
3045
3046
3057
3058
3060
3061
3067
3070
3072
3075
3077
3078
3079
3088
3096
3097
3098
3104
3111
3113
3115
3116
3117
3126
3130
3131
3134
3135
3140
3141
3142
3143
3147
3150
3151
3156
3158
3159
3160
3162
3163
3164
3168
3169
3171
3172
3174
3175
3176
3178
3180
3182
3184
3185
3186
3187
3189
3190
3192
3193
3194
3195
3196
3197
3198
3199
3202
3203
3204
3210
3212
3213
3214
3216
3217
3219
3240
3241
3243
3244
3245
3249
3250
3252
3253
3256
3267
3268
3270
3271
3272
3276
3277
3279
3280
3281
3285
3286
3288
3289
3290
3306
3308
3313
3316
3317
3321
3322
3324
3325
3326
3330
3331
3333
3334
3339
3341
3342
3344
3346
3347
3348
3349
3351
3352
3353
3355
3357
3358
3360
3361
3362
3365
3366
3367
3369
3370
3371
3374
3375
3376
3378
3379
3383
3384
3387
3389
3398
3419
3420
3422
3432
3436
3439
3441
3449
3453
3456
3457
3458
3462
3472
3473
3474
3475
3477
3480
3482
3483
3484
3492
3500
3501
3502
3503
3504
3505
3506
3510
3511
3513
3514
3517
3518
3520
3521
3522
3524
3526
3527
3528
3529
3530
3531
3532
3533
3534
3537
3538
3539
3543
3544
3545
3546
3549
3551
3553
3555
3556
3558
3559
3560
3564
3565
3572
3573
3576
3577
3583
3585
3586
3587
3589
3591
3592
3594
3595
3597
3598
3600
3601
3603
3605
3607
3609
3610
3612
3613
3614
3623
3628
3630
3632
3634
3639
3640
3641
3645
3646
3648
3649
3650
3654
3655
3657
3658
3659
3667
3672
3673
3675
3676
3681
3682
3684
3685
3686
3689
3690
3691
3692
3693
3694
3695
3696
3704
3709
3710
3711
3712
3713
3718
3720
3721
3722
3726
3727
3729
3730
3731
3734
3735
3736
3738
3739
3745
3753
3754
3756
3757
3760
3761
3762
3763
3764
3765
3766
3769
3770
3771
3772
3786
3788
3789
3792
3795
3796
3798
3799
3801
3802
3804
3806
3807
3808
3814
3816
3817
3825
3826
3827
3828
3830
3832
3833
3834
3835
3838
3839
3840
3841
3842
3844
3845
3846
3852
3855
3859
3860
3863
3864
3869
3870
3871
3872
3876
3879
3880
3885
3887
3888
3889
3891
3892
3893
3894
3895
3897
3898
3900
3901
3904
3905
3907
3909
3911
3913
3915
3916
3918
3919
3921
3922
3924
3925
3927
3928
3931
3932
3933
3936
3937
3939
3941
3942
3943
3944
3945
3946
3948
3949
3950
3951
3952
3953
3958
3959
3960
3969
3970
3972
3973
3974
3977
3978
3979
3981
3982
3983
3985
3986
3987
3988
3990
3991
3992
3993
3996
3997
3999
4000
4002
4004
4005
4006
4007
4008
4009
4010
4011
4014
4015
4017
4018
4019
4020
4023
4025
4026
4029
4030
4032
4033
4034
4035
4036
4037
4038
4039
4041
4042
4044
4045
4046
4050
4051
4053
4054
4055
4059
4060
4062
4063
4067
4071
4076
4077
4078
4080
4081
4083
4085
4086
4087
4088
4089
4090
4091
4092
4095
4096
4098
4099
4100
4101
4104
4105
4106
4107
4108
4109
4110
4114
4115
4116
4117
4118
4120
4121
4122
4123
4125
4126
4127
4128
4131
4132
4133
4134
4135
4137
4138
4139
4140
4141
4148
4149
4150
4152
4154
4155
4156
4158
4159
4161
4162
4165
4168
4170
4203
4204
4206
4212
4213
4233
4234
4239
4240
4242
4243
4246
4249
4251
4253
4255
4256
4257
4258
4260
4261
4262
4272
4273
4274
4275
4280
4284
4285
4287
4289
4293
4294
4301
4302
4318
4320
4326
4327
4329
4330
4332
4334
4336
4337
4338
4339
4341
4342
4343
4345
4359
4361
4363
4364
4369
4370
4374
4375
4376
4378
4380
4381
4382
4383
4384
4385
4386
4389
4390
4391
4392
4393
4394
4398
4400
4407
4408
4410
4422
4423
4425
4428
4429
4430
4432
4434
4435
4436
4437
4439
4445
4446
4447
4448
4452
4454
4455
4456
4457
4459
4461
4463
4464
4465
4466
4467
4470
4471
4472
4473
4474
4475
4476
4477
4479
4481
4482
4483
4486
4503
4504
4507
4508
4509
4510
4511
4512
4515
4516
4517
4518
4520
4526
4527
4528
4529
4533
4535
4536
4537
4538
4542
4544
4545
4546
4547
4551
4553
4554
4555
4556
4560
4562
4569
4571
4574
4587
4589
4590
4591
4592
4593
4596
4598
4599
4608
4609
4610
4614
4616
4617
4618
4627
4666
4671
4672
4675
4677
4678
4680
4698
4699
4702
4710
4714
4764
4768
4773
4774
4779
4780
4784
4788
4792
4793
4800
4806
4807
4810
4812
4813
4815
4816
4818
4822
4827
4836
4838
4843
4845
4846
4847
4849
4852
4854
4855
4860
4861
4862
4864
4866
4867
4868
4869
4870
4871
4872
4875
4876
4877
4878
4879
4880
4883
4884
4886
4887
4893
4894
4896
4897
4899
4905
4906
4908
4909
4914
4915
4916
4917
4918
4919
4920
4921
4922
4923
4924
4926
4930
4931
4932
4933
4934
4938
4940
4941
4942
4944
4945
4946
4948
4950
4951
4953
4954
4955
4957
4960
4962
4964
4968
4969
4982
4984
4989
4990
4998
4999
5002
5003
5004
5005
5011
5012
5013
5014
5021
5022
5023
5024
5025
5028
5029
5030
5031
5032
5033
5034
5037
5039
5040
5041
5042
5046
5048
5074
5075
5076
5077
5078
5082
5084
5093
5094
5095
5096
5100
5102
5103
5104
5106
5107
5109
5110
5112
5113
5115
5119
5120
5124
5130
5131
5133
5136
5137
5139
5151
5164
5165
5166
5167
5170
5171
5173
5176
5178
5179
5181
5183
5184
5185
5187
5189
5191
5193
5194
5205
5206
5211
5212
5214
5215
5217
5219
5220
5221
5222
5228
5229
5230
5233
5244
5245
5247
5249
5253
5255
5256
5257
5258
5262
5265
5266
5267
5271
5273
5298
5300
5302
5303
5304
5310
5311
5316
5319
5321
5322
5329
5330
5336
5337
5338
5339
5346
5347
5351
5368
5369
5372
5373
5376
5377
5382
5383
5385
5388
5392
5397
5400
5402
5410
5411
5413
5414
5417
5418
5419
5427
5428
5432
5436
5440
5441
5444
5445
5449
5450
5451
5454
5460
5462
5465
5468
5470
5472
5473
5475
5476
5477
5479
5480
5484
5488
5489
5490
5491
5494
5495
5497
5500
5502
5503
5504
5508
5509
5511
5512
5513
5517
5518
5520
5521
5522
5529
5535
5536
5538
5539
5544
5545
5547
5548
5549
5551
5553
5554
5556
5557
5558
5565
5576
5585
5650
5651
5652
5653
5659
5660
5661
5662
5669
5670
5671
5673
5677
5679
5680
5687
5688
5694
5696
5703
5705
5708
5711
5713
5715
5716
5718
5719
5720
5731
5732
5733
5734
5735
5738
5740
5741
5742
5747
5751
5752
5753
5757
5759
5773
5774
5778
5781
5782
5787
5790
5792
5794
5795
5796
5797
5799
5800
5801
5803
5810
5815
5817
5819
5821
5822
5826
5827
5828
5832
5833
5834
5838
5840
5841
5842
5843
5847
5849
5850
5851
5852
5856
5858
5862
5871
5875
5876
5880
5883
5886
5887
5888
5892
5894
5897
5899
5900
5903
5904
5905
5906
5907
5908
5910
5912
5913
5914
5915
5918
5919
5921
5922
5923
5924
5928
5930
5931
5932
5933
5937
5939
5943
5944
5949
5955
5958
5959
5967
5968
5969
5970
5972
5973
5975
5977
5978
5979
5980
5981
5984
5985
5986
5987
5991
5993
5994
5995
5996
6000
6002
6003
6004
6005
6009
6011
6012
6013
6014
6016
6018
6020
6024
6025
6027
6029
6030
6031
6032
6033
6039
6040
6045
6048
6049
6050
6051
6054
6056
6058
6059
6065
6066
6067
6068
6072
6074
6075
6076
6080
6097
6098
6101
6102
6105
6106
6111
6112
6114
6117
6121
6142
6143
6148
6156
6157
6161
6197
6201
6202
6204
6205
6206
6224
6233
6237
6238
6240
6241
6242
6246
6247
6249
6250
6264
6265
6267
6268
6273
6274
6276
6277
6278
6282
6283
6285
6286
6287
6305
6314
6318
6319
6320
6324
6326
6327
6328
6329
6333
6335
6336
6337
6338
6342
6344
6351
6353
6356
6360
6363
6364
6372
6373
6374
6375
6377
6378
6380
6382
6384
6390
6391
6392
6396
6398
6408
6409
6412
6413
6422
6426
6440
6444
6445
6447
6448
6449
6467
6476
6480
6481
6482
6486
6488
6489
6490
6491
6495
6497
6498
6499
6500
6502
6503
6504
6506
6507
6510
6511
6516
6521
6525
6526
6528
6529
6530
6534
6535
6536
6539
6540
6542
6544
6546
6548
6552
6553
6554
6555
6556
6557
6558
6560
6561
6562
6563
6564
6565
6566
6567
6568
6569
6570
6571
6572
6573
6574
6575
6576
6577
6578
6579
6580
6581
6582
6583
6585
6587
6588
6589
6591
6592
6594
6595
6597
6598
6600
6601
6602
6606
6607
6609
6610
6611
6612
6615
6616
6617
6619
6620
6621
6622
6623
6624
6625
6626
6627
6628
6629
6631
6632
6633
6634
6635
6636
6637
6638
6639
6641
6642
6643
6644
6645
6646
6647
6648
6649
6650
6651
6652
6653
6654
6655
6657
6658
6659
6660
6661
6662
6663
6664
6666
6668
6669
6670
6672
6673
6678
6679
6681
6682
6684
6685
6687
6688
6696
6697
6698
6699
6700
6701
6702
6704
6705
6706
6707
6708
6709
6710
6711
6712
6713
6714
6715
6716
6720
6722
6723
6724
6725
6729
6731
6732
6733
6734
6735
6738
6740
6741
6742
6743
6744
6745
6747
6749
6750
6751
6753
6754
6756
6758
6759
6761
6765
6766
6771
6774
6777
6778
6779
6783
6785
6792
6793
6795
6796
6797
6801
6803
6804
6805
6807
6808
6809
6811
6813
6814
6816
6817
6819
6820
6825
6831
6832
6834
6835
6840
6841
6843
6844
6885
6886
6888
6889
6890
6894
6895
6897
6898
6912
6913
6915
6916
6921
6922
6924
6925
6926
6930
6931
6933
6934
6935
6953
6960
6961
6962
6966
6967
6969
6970
6971
6975
6976
6978
6979
6980
6993
6994
6996
6997
6999
7001
7002
7003
7004
7005
7006
7007
7008
7011
7012
7014
7015
7016
7017
7020
7022
7023
7034
7043
7047
7048
7049
7053
7055
7056
7057
7058
7062
7064
7065
7066
7067
7071
7073
7092
7093
7101
7102
7103
7104
7106
7107
7108
7109
7110
7111
7113
7117
7118
7119
7120
7121
7125
7127
7128
7129
7131
7135
7137
7138
7141
7142
7145
7146
7151
7152
7154
7155
7161
7163
7166
7169
7171
7173
7174
7176
7177
7178
7189
7190
7191
7192
7193
7196
7198
7199
7200
7205
7209
7210
7211
7215
7217
7218
7219
7220
7224
7226
7227
7228
7229
7233
7235
7250
7254
7255
7257
7258
7259
7263
7264
7265
7269
7271
7273
7277
7281
7282
7283
7286
7287
7289
7290
7291
7292
7293
7294
7295
7296
7297
7298
7299
7300
7301
7302
7303
7305
7306
7307
7308
7309
7310
7311
7314
7316
7317
7318
7320
7321
7326
7327
7329
7330
7331
7335
7336
7338
7339
7340
7341
7344
7345
7346
7350
7351
7352
7353
7354
7355
7358
7360
7361
7362
7363
7364
7367
7368
7370
7371
7372
7373
7374
7375
7376
7377
7378
7379
7380
7381
7382
7383
7384
7386
7388
7389
7390
7391
7392
7395
7397
7398
7399
7401
7402
7407
7408
7410
7411
7413
7417
7425
7426
7427
7431
7433
7435
7442
7443
7444
7445
7449
7451
7452
7453
7454
7458
7460
7461
7462
7463
7464
7467
7469
7470
7471
7472
7473
7476
7478
7479
7480
7482
7495
7500
7506
7507
7508
7512
7514
7524
7525
7526
7530
7532
7533
7534
7536
7537
7538
7540
7542
7543
7545
7546
7548
7549
7554
7560
7561
7563
7564
7569
7570
7572
7573
7576
7581
7585
7586
7614
7615
7617
7618
7619
7623
7624
7626
7627
7631
7641
7642
7644
7645
7650
7651
7653
7654
7656
7660
7665
7668
7670
7678
7704
7705
7721
7776
7777
7778
7782
7784
7785
7786
7787
7791
7793
7794
7795
7796
7800
7802
7809
7811
7814
7818
7822
7830
7831
7832
7836
7838
7848
7849
7850
7854
7856
7866
7867
7928
7929
7930
7937
7938
7939
7940
7941
7944
7945
7946
7947
7948
7949
7950
7953
7955
7956
7957
7958
7962
7964
7990
7991
7992
7993
7994
7998
8000
8009
8010
8011
8012
8016
8018
8019
8020
8021
8025
8027
8028
8029
8030
8034
8036
8037
8038
8039
8043
8045
8073
8074
8075
8079
8081
8091
8092
8093
8097
8099
8100
8101
8102
8106
8108
8109
8110
8111
8112
8115
8117
8118
8119
8120
8121
8124
8126
8127
8128
8130
8154
8155
8156
8160
8162
8171
8172
8173
8174
8178
8180
8181
8182
8183
8187
8189
8190
8191
8192
8193
8196
8198
8199
8200
8201
8202
8205
8207
8208
8209
8211
8224
8229
8235
8236
8237
8241
8243
8253
8254
8255
8259
8261
8262
8263
8265
8269
8271
8272
8283
8289
8290
8292
8305
8310
8314
8315
8355
8360
8386
8391
8395
8396
8404
8405
8406
8407
8413
8445
8451
8452
8454
8467
8472
8505
8506
8507
8511
8513
8514
8515
8516
8520
8522
8523
8524
8525
8529
8531
8559
8560
8561
8565
8567
8577
8578
8579
8583
8585
8667
8668
8669
8673
8675
8676
8677
8678
8682
8684
8685
8686
8687
8691
8693
8721
8722
8723
8727
8729
8739
8740
8741
8745
8747
8748
8749
8751
8752
8753
8755
8757
8758
8760
8761
8763
8764
8765
8769
8775
8776
8778
8779
8784
8785
8787
8788
8789
8793
8794
8796
8797
8798
8809
8810
8811
8812
8816
8818
8825
8829
8830
8832
8833
8834
8836
8838
8839
8841
8842
8856
8857
8859
8860
8865
8866
8868
8869
8871
8872
8883
8884
8886
8887
8892
8893
8895
8896
8898
8899
8931
8937
8938
8940
8947
8949
8952
8953
8955
8956
8958
8967
8979
8980
8991
8992
8994
8995
8996
8998
9000
9001
9003
9004
9006
9007
9012
9013
9014
9018
9019
9021
9022
9027
9028
9030
9031
9034
9039
9043
9044
9058
9059
9064
9072
9073
9075
9076
9077
9081
9082
9084
9085
9086
9089
9099
9100
9102
9103
9108
9109
9111
9112
9115
9120
9124
9125
9133
9134
9135
9136
9142
9174
9180
9181
9183
9196
9201
9205
9206
9214
9215
9216
9217
9223
9224
9225
9226
9233
9286
9287
9477
9478
9480
9481
9482
9486
9487
9489
9490
9492
9493
9504
9505
9507
9508
9513
9514
9516
9517
9518
9522
9523
9525
9526
9527
9545
9554
9558
9559
9561
9562
9563
9567
9568
9570
9571
9575
9579
9585
9586
9588
9589
9594
9595
9597
9598
9629
9630
9631
9638
9651
9656
9720
9721
9723
9724
9725
9729
9730
9732
9733
9735
9736
9747
9748
9750
9751
9756
9757
9759
9760
9763
9768
9772
9773
9801
9802
9804
9805
9806
9810
9811
9813
9814
9818
9828
9829
9831
9832
9837
9838
9840
9841
9843
9844
9847
9852
9855
9856
9857
9858
9859
9864
9865
9867
9868
9870
9871
9891
9892
9908
9915
9917
9920
9924
9925
9928
9933
9936
9938
9951
9952
9963
9964
9965
9966
9967
9969
9971
9972
9973
9975
9976
9978
9979
9980
9981
9987
9989
9990
9991
9993
9994
9996
9998
9999
10000
10002
10003
10044
10045
10047
10048
10053
10054
10056
10057
10071
10072
10074
10075
10080
10081
10083
10084
10086
10087
10098
10099
10101
10102
10107
10108
10110
10111
10113
10114
10167
10168
10194
10195
10572
10573
10584
10585
10587
10588
10593
10594
10596
10597
10599
10600
10653
10654
10680
10681
10815
10816
10827
10828
10830
10831
10836
10837
10839
10840
10842
10843
10896
10897
10923
10924
10935
10936
10937
10938
10939
10941
10943
10944
10945
10946
10947
10948
10950
10951
10952
10953
10954
10955
10959
10961
10962
10963
10965
10966
10971
10972
10974
10975
10989
10990
10991
10995
10997
11007
11008
11009
11013
11015
11016
11017
11018
11019
11020
11022
11024
11025
11026
11027
11028
11029
11031
11033
11034
11035
11036
11040
11042
11043
11044
11046
11047
11052
11053
11055
11056
11058
11059
11070
11071
11072
11073
11074
11076
11078
11079
11080
11082
11083
11085
11086
11088
11089
11090
11094
11096
11097
11098
11099
11103
11105
11106
11107
11108
11112
11114
11115
11116
11117
11121
11123
11139
11140
11151
11152
11153
11157
11159
11166
11167
11169
11170
11171
11175
11177
11178
11179
11181
11182
11187
11188
11190
11191
11193
11194
11205
11206
11208
11209
11214
11215
11217
11218
11259
11260
11262
11263
11268
11269
11271
11272
11286
11287
11289
11290
11295
11296
11298
11299
11421
11422
11423
11427
11429
11430
11431
11432
11436
11438
11439
11440
11441
11445
11447
11475
11476
11477
11481
11483
11493
11494
11495
11499
11501
11583
11584
11585
11589
11591
11592
11593
11594
11598
11600
11601
11602
11603
11607
11609
11637
11638
11639
11643
11645
11655
11656
11657
11661
11663
11664
11665
11667
11668
11673
11674
11676
11677
11679
11680
11691
11692
11694
11695
11700
11701
11703
11704
11745
11746
11748
11749
11754
11755
11757
11758
11772
11773
11775
11776
11781
11782
11784
11785
11907
11908
11910
11911
11916
11917
11919
11920
11922
11923
11934
11935
11937
11938
11943
11944
11946
11947
11988
11989
11991
11992
11997
11998
12000
12001
12015
12016
12018
12019
12024
12025
12027
12028
12030
12031
12042
12043
12045
12046
12051
12052
12054
12055
12057
12058
12111
12112
12138
12139
12150
12151
12153
12154
12159
12160
12162
12163
12165
12166
12177
12178
12180
12181
12186
12187
12189
12190
12231
12232
12234
12235
12240
12241
12243
12244
12258
12259
12261
12262
12267
12268
12270
12271
12273
12274
12285
12286
12288
12289
12294
12295
12297
12298
12300
12301
12302
12303
12304
12311
12312
12313
12315
12319
12321
12322
12324
12329
12354
12355
12364
12365
12381
12382
12383
12384
12385
12392
12393
12394
12395
12396
12399
12400
12401
12402
12403
12404
12405
12408
12410
12411
12412
12413
12414
12417
12419
12420
12421
12423
12447
12448
12449
12453
12454
12455
12456
12457
12463
12465
12466
12467
12471
12473
12474
12475
12476
12477
12480
12481
12482
12483
12484
12485
12486
12489
12491
12492
12493
12494
12495
12498
12500
12528
12529
12530
12534
12536
12546
12547
12548
12552
12554
12555
12556
12557
12561
12563
12564
12565
12566
12570
12572
12573
12574
12575
12579
12581
12609
12610
12611
12615
12617
12627
12628
12629
12633
12635
12759
12760
12771
12772
12774
12775
12780
12781
12783
12784
12786
12787
12840
12841
12867
12868
12879
12880
12881
12885
12887
12888
12889
12890
12894
12896
12897
12898
12899
12903
12905
12933
12934
12935
12939
12941
12951
12952
12953
12957
12959
13002
13003
13014
13015
13017
13018
13023
13024
13026
13027
13029
13030
13041
13042
13043
13047
13049
13050
13051
13052
13056
13058
13059
13060
13061
13065
13067
13083
13084
13095
13096
13097
13101
13103
13110
13111
13113
13114
13115
13119
13121
13122
13123
13124
13128
13130
13131
13132
13133
13137
13139
13140
13141
13142
13146
13148
13176
13177
13178
13182
13184
13194
13195
13196
13200
13202
13203
13204
13205
13209
13211
13212
13213
13214
13218
13220
13221
13222
13223
13227
13229
13257
13258
13259
13263
13265
13275
13276
13277
13281
13283
13284
13285
13286
13290
13292
13293
13294
13295
13299
13301
13302
13303
13304
13308
13310
13338
13339
13340
13344
13346
13356
13357
13358
13362
13364
13608
13609
13610
13614
13616
13617
13618
13619
13623
13625
13626
13627
13628
13632
13634
13662
13663
13664
13668
13670
13680
13681
13682
13686
13688
13770
13771
13772
13776
13778
13779
13780
13781
13785
13787
13788
13789
13790
13794
13796
13824
13825
13826
13830
13832
13842
13843
13844
13848
13850
13851
13852
13853
13857
13859
13860
13861
13862
13866
13868
13869
13870
13871
13875
13877
13905
13906
13907
13911
13913
13923
13924
13925
13929
13931
13932
13933
13934
13938
13940
13941
13942
13943
13947
13949
13950
13951
13952
13956
13958
13986
13987
13988
13992
13994
14004
14005
14006
14010
14012
14013
14014
14015
14019
14021
14022
14023
14024
14028
14030
14031
14032
14033
14037
14039
14067
14068
14069
14073
14075
14085
14086
14087
14091
14093
14337
14338
14339
14343
14345
14346
14347
14348
14352
14354
14355
14356
14357
14361
14363
14391
14392
14393
14397
14399
14409
14410
14411
14415
14417
14499
14500
14501
14505
14507
14508
14509
14510
14514
14516
14517
14518
14519
14523
14525
14553
14554
14555
14559
14561
14571
14572
14573
14577
14579
14580
14581
14582
14586
14588
14589
14590
14591
14595
14597
14598
14599
14600
14604
14606
14634
14635
14636
14640
14642
14652
14653
14654
14658
14660
14661
14662
14663
14667
14669
14670
14671
14672
14676
14678
14679
14680
14681
14685
14687
14715
14716
14717
14721
14723
14733
14734
14735
14739
14741
14742
14743
14744
14748
14750
14751
14752
14753
14757
14759
14760
14761
14762
14766
14768
14796
14797
14798
14802
14804
14814
14815
14816
14820
14822
15066
15067
15068
15072
15074
15075
15076
15077
15081
15083
15084
15085
15086
15090
15092
15120
15121
15122
15126
15128
15138
15139
15140
15144
15146
15228
15229
15230
15234
15236
15237
15238
15239
15243
15245
15246
15247
15248
15252
15254
15282
15283
15284
15288
15290
15300
15301
15302
15306
15308
16404
16405
16416
16417
16419
16420
16425
16426
16428
16429
16431
16432
16485
16486
16512
16513
16524
16525
16527
16528
16533
16534
16536
16537
16539
16540
16551
16552
16554
16555
16560
16561
16563
16564
16605
16606
16608
16609
16614
16615
16617
16618
16632
16633
16635
16636
16641
16642
16644
16645
16647
16648
16659
16660
16662
16663
17496
17497
17498
17502
17504
17505
17506
17507
17511
17513
17514
17515
17516
17520
17522
17550
17551
17552
17556
17558
17568
17569
17570
17574
17576
17577
17578
17579
17583
17585
17586
17587
17588
17592
17594
17595
17596
17597
17601
17603
17631
17632
17633
17637
17639
17649
17650
17651
17655
17657
17658
17659
17660
17664
17666
17667
17668
17669
17673
17675
17676
17677
17678
17682
17684
17712
17713
17714
17718
17720
17730
17731
17732
17736
17738
17982
17983
17984
17988
17990
17991
17992
17993
17997
17999
18000
18001
18002
18006
18008
18036
18037
18038
18042
18044
18054
18055
18056
18060
18062
18144
18145
18146
18150
18152
18153
18154
18155
18159
18161
18162
18163
18164
18168
18170
18198
18199
18200
18204
18206
18216
18217
18218
18222
18224
18954
18955
18956
18960
18962
18963
18964
18965
18969
18971
18972
18973
18974
18978
18980
19008
19009
19010
19014
19016
19026
19027
19028
19032
19034
19035
19036
19037
19041
19043
19044
19045
19046
19050
19052
19053
19054
19055
19059
19061
19089
19090
19091
19095
19097
19107
19108
19109
19113
19115
19116
19117
19118
19122
19124
19125
19126
19127
19131
19133
19134
19135
19136
19140
19142
19170
19171
19172
19176
19178
19188
19189
19190
19194
19196
19440
19441
19442
19446
19448
19449
19450
19451
19455
19457
19458
19459
19460
19464
19466
19494
19495
19496
19500
19502
19512
19513
19514
19518
19520
19602
19603
19604
19608
19610
19611
19612
19613
19617
19619
19620
19621
19622
19626
19628
19656
19657
19658
19662
19664
19674
19675
19676
19680
19682
19683
19684
19686
19687
19688
19692
19693
19695
19696
19710
19711
19713
19714
19719
19720
19722
19723
19724
19728
19729
19731
19732
19733
19751
19760
19764
19765
19767
19768
19769
19773
19774
19776
19777
19791
19792
19794
19795
19800
19801
19803
19804
19926
19927
19929
19930
19931
19935
19936
19938
19939
19953
19954
19956
19957
19962
19963
19965
19966
20007
20008
20010
20011
20012
20016
20017
20019
20020
20034
20035
20037
20038
20043
20044
20046
20047
20048
20052
20053
20055
20056
20057
20075
20084
20088
20089
20091
20092
20093
20097
20098
20100
20101
20115
20116
20118
20119
20124
20125
20127
20128
20129
20133
20134
20136
20137
20138
20156
20165
20291
20295
20296
20298
20299
20300
20318
20327
20372
20376
20377
20379
20380
20381
20399
20408
20412
20413
20415
20416
20417
20421
20422
20424
20425
20439
20440
20442
20443
20448
20449
20451
20452
20453
20457
20458
20460
20461
20462
20480
20489
20493
20494
20496
20497
20498
20502
20503
20505
20506
20520
20521
20523
20524
20529
20530
20532
20533
20655
20656
20658
20659
20660
20664
20665
20667
20668
20682
20683
20685
20686
20691
20692
20694
20695
20736
20737
20739
20740
20741
20745
20746
20748
20749
20763
20764
20766
20767
20772
20773
20775
20776
21870
21871
21873
21874
21875
21879
21880
21882
21883
21897
21898
21900
21901
21906
21907
21909
21910
21911
21915
21916
21918
21919
21920
21938
21947
21951
21952
21954
21955
21956
21960
21961
21963
21964
21978
21979
21981
21982
21987
21988
21990
21991
22113
22114
22116
22117
22118
22122
22123
22125
22126
22140
22141
22143
22144
22149
22150
22152
22153
22194
22195
22197
22198
22199
22203
22204
22206
22207
22221
22222
22224
22225
22230
22231
22233
22234
22599
22600
22602
22603
22604
22608
22609
22611
22612
22626
22627
22629
22630
22635
22636
22638
22639
22640
22644
22645
22647
22648
22649
22667
22676
22680
22681
22683
22684
22685
22689
22690
22692
22693
22707
22708
22710
22711
22716
22717
22719
22720
22842
22843
22845
22846
22847
22851
22852
22854
22855
22869
22870
22872
22873
22878
22879
22881
22882
22923
22924
22926
22927
22928
22932
22933
22935
22936
22950
22951
22953
22954
22959
22960
22962
22963
26244
26245
26247
26248
26249
26253
26254
26256
26257
26271
26272
26274
26275
26280
26281
26283
26284
26285
26289
26290
26292
26293
26294
26312
26321
26325
26326
26328
26329
26330
26334
26335
26337
26338
26352
26353
26355
26356
26361
26362
26364
26365
26487
26488
26490
26491
26492
26496
26497
26499
26500
26514
26515
26517
26518
26523
26524
26526
26527
26568
26569
26571
26572
26573
26577
26578
26580
26581
26595
26596
26598
26599
26604
26605
26607
26608
26609
26613
26614
26616
26617
26618
26636
26645
26649
26650
26652
26653
26654
26658
26659
26661
26662
26676
26677
26679
26680
26685
26686
26688
26689
26690
26694
26695
26697
26698
26699
26717
26726
26852
26856
26857
26859
26860
26861
26879
26888
26933
26937
26938
26940
26941
26942
26960
26969
26973
26974
26976
26977
26978
26982
26983
26985
26986
27000
27001
27003
27004
27009
27010
27012
27013
27014
27018
27019
27021
27022
27023
27041
27050
27054
27055
27057
27058
27059
27063
27064
27066
27067
27081
27082
27084
27085
27090
27091
27093
27094
27216
27217
27219
27220
27221
27225
27226
27228
27229
27243
27244
27246
27247
27252
27253
27255
27256
27297
27298
27300
27301
27302
27306
27307
27309
27310
27324
27325
27327
27328
27333
27334
27336
27337
28431
28432
28434
28435
28436
28440
28441
28443
28444
28458
28459
28461
28462
28467
28468
28470
28471
28472
28476
28477
28479
28480
28481
28499
28508
28512
28513
28515
28516
28517
28521
28522
28524
28525
28539
28540
28542
28543
28548
28549
28551
28552
28674
28675
28677
28678
28679
28683
28684
28686
28687
28701
28702
28704
28705
28710
28711
28713
28714
28755
28756
28758
28759
28760
28764
28765
28767
28768
28782
28783
28785
28786
28791
28792
28794
28795
29160
29161
29163
29164
29165
29169
29170
29172
29173
29187
29188
29190
29191
29196
29197
29199
29200
29201
29205
29206
29208
29209
29210
29228
29237
29241
29242
29244
29245
29246
29250
29251
29253
29254
29268
29269
29271
29272
29277
29278
29280
29281
29403
29404
29406
29407
29408
29412
29413
29415
29416
29430
29431
29433
29434
29439
29440
29442
29443
29484
29485
29487
29488
29489
29493
29494
29496
29497
29511
29512
29514
29515
29520
29521
29523
29524
29525
29529
29530
29532
29533
29534
29552
29561
29565
29566
29568
29569
29570
29574
29575
29577
29578
29592
29593
29595
29596
29601
29602
29604
29605
29606
29610
29611
29613
29614
29615
29633
29642
29768
29772
29773
29775
29776
29777
29795
29804
29849
29853
29854
29856
29857
29858
29876
29885
29889
29890
29892
29893
29894
29898
29899
29901
29902
29916
29917
29919
29920
29925
29926
29928
29929
29930
29934
29935
29937
29938
29939
29957
29966
29970
29971
29973
29974
29975
29979
29980
29982
29983
29997
29998
30000
30001
30006
30007
30009
30010
30132
30133
30135
30136
30137
30141
30142
30144
30145
30159
30160
30162
30163
30168
30169
30171
30172
30213
30214
30216
30217
30218
30222
30223
30225
30226
30240
30241
30243
30244
30249
30250
30252
30253
30254
30258
30259
30261
30262
30263
30281
30290
30294
30295
30297
30298
30299
30303
30304
30306
30307
30321
30322
30324
30325
30330
30331
30333
30334
30335
30339
30340
30342
30343
30344
30362
30371
30497
30501
30502
30504
30505
30506
30524
30533
30578
30582
30583
30585
30586
30587
30605
30614
31712
31716
31717
31719
31720
31721
31739
31748
31752
31753
31755
31756
31757
31761
31762
31764
31765
31779
31780
31782
31783
31788
31789
31791
31792
31793
31797
31798
31800
31801
31802
31820
31829
31955
31959
31960
31962
31963
31964
31982
31991
32036
32040
32041
32043
32044
32045
32063
32072
32441
32445
32446
32448
32449
32450
32468
32477
32481
32482
32484
32485
32486
32490
32491
32493
32494
32508
32509
32511
32512
32517
32518
32520
32521
32522
32526
32527
32529
32530
32531
32549
32558
32684
32688
32689
32691
32692
32693
32711
32720
32765
32769
32770
32772
32773
32774
32792
32801
32805
32806
32808
32809
32810
32814
32815
32817
32818
32832
32833
32835
32836
32841
32842
32844
32845
32846
32850
32851
32853
32854
32855
32873
32882
32886
32887
32889
32890
32891
32895
32896
32898
32899
32913
32914
32916
32917
32922
32923
32925
32926
33048
33049
33051
33052
33053
33057
33058
33060
33061
33075
33076
33078
33079
33084
33085
33087
33088
33129
33130
33132
33133
33134
33138
33139
33141
33142
33156
33157
33159
33160
33165
33166
33168
33169
33170
33174
33175
33177
33178
33179
33197
33206
33210
33211
33213
33214
33215
33219
33220
33222
33223
33237
33238
33240
33241
33246
33247
33249
33250
33251
33255
33256
33258
33259
33260
33278
33287
33413
33417
33418
33420
33421
33422
33440
33449
33494
33498
33499
33501
33502
33503
33521
33530
33534
33535
33537
33538
33539
33543
33544
33546
33547
33561
33562
33564
33565
33570
33571
33573
33574
33575
33579
33580
33582
33583
33584
33602
33611
33615
33616
33618
33619
33620
33624
33625
33627
33628
33642
33643
33645
33646
33651
33652
33654
33655
33777
33778
33780
33781
33782
33786
33787
33789
33790
33804
33805
33807
33808
33813
33814
33816
33817
33858
33859
33861
33862
33863
33867
33868
33870
33871
33885
33886
33888
33889
33894
33895
33897
33898
34992
34993
34995
34996
34997
35001
35002
35004
35005
35019
35020
35022
35023
35028
35029
35031
35032
35033
35037
35038
35040
35041
35042
35060
35069
35073
35074
35076
35077
35078
35082
35083
35085
35086
35100
35101
35103
35104
35109
35110
35112
35113
35235
35236
35238
35239
35240
35244
35245
35247
35248
35262
35263
35265
35266
35271
35272
35274
35275
35316
35317
35319
35320
35321
35325
35326
35328
35329
35343
35344
35346
35347
35352
35353
35355
35356
35721
35722
35724
35725
35726
35730
35731
35733
35734
35748
35749
35751
35752
35757
35758
35760
35761
35762
35766
35767
35769
35770
35771
35789
35798
35802
35803
35805
35806
35807
35811
35812
35814
35815
35829
35830
35832
35833
35838
35839
35841
35842
35964
35965
35967
35968
35969
35973
35974
35976
35977
35991
35992
35994
35995
36000
36001
36003
36004
36045
36046
36048
36049
36050
36054
36055
36057
36058
36072
36073
36075
36076
36081
36082
36084
36085
36086
36090
36091
36093
36094
36095
36113
36122
36126
36127
36129
36130
36131
36135
36136
36138
36139
36153
36154
36156
36157
36162
36163
36165
36166
36167
36171
36172
36174
36175
36176
36194
36203
36329
36333
36334
36336
36337
36338
36356
36365
36410
36414
36415
36417
36418
36419
36437
36446
36450
36451
36453
36454
36455
36459
36460
36462
36463
36477
36478
36480
36481
36486
36487
36489
36490
36491
36495
36496
36498
36499
36500
36518
36527
36531
36532
36534
36535
36536
36540
36541
36543
36544
36558
36559
36561
36562
36567
36568
36570
36571
36693
36694
36696
36697
36698
36702
36703
36705
36706
36720
36721
36723
36724
36729
36730
36732
36733
36774
36775
36777
36778
36779
36783
36784
36786
36787
36801
36802
36804
36805
36810
36811
36813
36814
36815
36819
36820
36822
36823
36824
36842
36851
36855
36856
36858
36859
36860
36864
36865
36867
36868
36882
36883
36885
36886
36891
36892
36894
36895
36896
36900
36901
36903
36904
36905
36923
36932
37058
37062
37063
37065
37066
37067
37085
37094
37139
37143
37144
37146
37147
37148
37166
37175
38273
38277
38278
38280
38281
38282
38300
38309
38313
38314
38316
38317
38318
38322
38323
38325
38326
38340
38341
38343
38344
38349
38350
38352
38353
38354
38358
38359
38361
38362
38363
38381
38390
38516
38520
38521
38523
38524
38525
38543
38552
38597
38601
38602
38604
38605
38606
38624
38633
39002
39006
39007
39009
39010
39011
39029
39038
39042
39043
39045
39046
39047
39051
39052
39054
39055
39069
39070
39072
39073
39078
39079
39081
39082
39083
39087
39088
39090
39091
39092
39110
39119
39245
39249
39250
39252
39253
39254
39272
39281
39326
39330
39331
39333
39334
39335
39353
39362
39366
39367
39368
39372
39374
39375
39376
39377
39381
39383
39384
39385
39386
39390
39392
39420
39421
39422
39426
39428
39438
39439
39440
39444
39446
39447
39448
39449
39453
39455
39456
39457
39458
39462
39464
39465
39466
39467
39471
39473
39501
39502
39503
39507
39509
39519
39520
39521
39525
39527
39528
39529
39530
39534
39536
39537
39538
39539
39543
39545
39546
39547
39548
39552
39554
39582
39583
39584
39588
39590
39600
39601
39602
39606
39608
39852
39853
39854
39858
39860
39861
39862
39863
39867
39869
39870
39871
39872
39876
39878
39906
39907
39908
39912
39914
39924
39925
39926
39930
39932
40014
40015
40016
40020
40022
40023
40024
40025
40029
40031
40032
40033
40034
40038
40040
40068
40069
40070
40074
40076
40086
40087
40088
40092
40094
40095
40096
40097
40101
40103
40104
40105
40106
40110
40112
40113
40114
40115
40119
40121
40149
40150
40151
40155
40157
40167
40168
40169
40173
40175
40176
40177
40178
40182
40184
40185
40186
40187
40191
40193
40194
40195
40196
40200
40202
40230
40231
40232
40236
40238
40248
40249
40250
40254
40256
40257
40258
40259
40263
40265
40266
40267
40268
40272
40274
40275
40276
40277
40281
40283
40311
40312
40313
40317
40319
40329
40330
40331
40335
40337
40581
40582
40583
40587
40589
40590
40591
40592
40596
40598
40599
40600
40601
40605
40607
40635
40636
40637
40641
40643
40653
40654
40655
40659
40661
40743
40744
40745
40749
40751
40752
40753
40754
40758
40760
40761
40762
40763
40767
40769
40797
40798
40799
40803
40805
40815
40816
40817
40821
40823
40824
40825
40826
40830
40832
40833
40834
40835
40839
40841
40842
40843
40844
40848
40850
40878
40879
40880
40884
40886
40896
40897
40898
40902
40904
40905
40906
40907
40911
40913
40914
40915
40916
40920
40922
40923
40924
40925
40929
40931
40959
40960
40961
40965
40967
40977
40978
40979
40983
40985
40986
40987
40988
40992
40994
40995
40996
40997
41001
41003
41004
41005
41006
41010
41012
41040
41041
41042
41046
41048
41058
41059
41060
41064
41066
41310
41311
41312
41316
41318
41319
41320
41321
41325
41327
41328
41329
41330
41334
41336
41364
41365
41366
41370
41372
41382
41383
41384
41388
41390
41472
41473
41474
41478
41480
41481
41482
41483
41487
41489
41490
41491
41492
41496
41498
41526
41527
41528
41532
41534
41544
41545
41546
41550
41552
43740
43741
43742
43746
43748
43749
43750
43751
43755
43757
43758
43759
43760
43764
43766
43794
43795
43796
43800
43802
43812
43813
43814
43818
43820
43821
43822
43823
43827
43829
43830
43831
43832
43836
43838
43839
43840
43841
43845
43847
43875
43876
43877
43881
43883
43893
43894
43895
43899
43901
43902
43903
43904
43908
43910
43911
43912
43913
43917
43919
43920
43921
43922
43926
43928
43956
43957
43958
43962
43964
43974
43975
43976
43980
43982
44226
44227
44228
44232
44234
44235
44236
44237
44241
44243
44244
44245
44246
44250
44252
44280
44281
44282
44286
44288
44298
44299
44300
44304
44306
44388
44389
44390
44394
44396
44397
44398
44399
44403
44405
44406
44407
44408
44412
44414
44442
44443
44444
44448
44450
44460
44461
44462
44466
44468
45198
45199
45200
45204
45206
45207
45208
45209
45213
45215
45216
45217
45218
45222
45224
45252
45253
45254
45258
45260
45270
45271
45272
45276
45278
45279
45280
45281
45285
45287
45288
45289
45290
45294
45296
45297
45298
45299
45303
45305
45333
45334
45335
45339
45341
45351
45352
45353
45357
45359
45360
45361
45362
45366
45368
45369
45370
45371
45375
45377
45378
45379
45380
45384
45386
45414
45415
45416
45420
45422
45432
45433
45434
45438
45440
45684
45685
45686
45690
45692
45693
45694
45695
45699
45701
45702
45703
45704
45708
45710
45738
45739
45740
45744
45746
45756
45757
45758
45762
45764
45846
45847
45848
45852
45854
45855
45856
45857
45861
45863
45864
45865
45866
45870
45872
45900
45901
45902
45906
45908
45918
45919
45920
45924
45926
49208
49212
49213
49215
49216
49217
49235
49244
49248
49249
49251
49252
49253
49257
49258
49260
49261
49275
49276
49278
49279
49284
49285
49287
49288
49289
49293
49294
49296
49297
49298
49316
49325
49451
49455
49456
49458
49459
49460
49478
49487
49532
49536
49537
49539
49540
49541
49559
49568
49572
49573
49575
49576
49577
49581
49582
49584
49585
49599
49600
49602
49603
49608
49609
49611
49612
49613
49617
49618
49620
49621
49622
49640
49649
49653
49654
49656
49657
49658
49662
49663
49665
49666
49680
49681
49683
49684
49689
49690
49692
49693
49815
49816
49818
49819
49820
49824
49825
49827
49828
49842
49843
49845
49846
49851
49852
49854
49855
49896
49897
49899
49900
49901
49905
49906
49908
49909
49923
49924
49926
49927
49932
49933
49935
49936
49937
49941
49942
49944
49945
49946
49964
49973
49977
49978
49980
49981
49982
49986
49987
49989
49990
52488
52489
52490
52494
52496
52497
52498
52499
52503
52505
52506
52507
52508
52512
52514
52542
52543
52544
52548
52550
52560
52561
52562
52566
52568
52569
52570
52571
52575
52577
52578
52579
52580
52584
52586
52587
52588
52589
52593
52595
52623
52624
52625
52629
52631
52641
52642
52643
52647
52649
52650
52651
52652
52656
52658
52659
52660
52661
52665
52667
52668
52669
52670
52674
52676
52704
52705
52706
52710
52712
52722
52723
52724
52728
52730
52974
52975
52976
52980
52982
52983
52984
52985
52989
52991
52992
52993
52994
52998
53000
53028
53029
53030
53034
53036
53046
53047
53048
53052
53054
53136
53137
53138
53142
53144
53145
53146
53147
53151
53153
53154
53155
53156
53160
53162
53190
53191
53192
53196
53198
53208
53209
53210
53214
53216
53217
53218
53219
53223
53225
53226
53227
53228
53232
53234
53235
53236
53237
53241
53243
53271
53272
53273
53277
53279
53289
53290
53291
53295
53297
53298
53299
53300
53304
53306
53307
53308
53309
53313
53315
53316
53317
53318
53322
53324
53352
53353
53354
53358
53360
53370
53371
53372
53376
53378
53379
53380
53381
53385
53387
53388
53389
53390
53394
53396
53397
53398
53399
53403
53405
53433
53434
53435
53439
53441
53451
53452
53453
53457
53459
53703
53704
53705
53709
53711
53712
53713
53714
53718
53720
53721
53722
53723
53727
53729
53757
53758
53759
53763
53765
53775
53776
53777
53781
53783
53865
53866
53867
53871
53873
53874
53875
53876
53880
53882
53883
53884
53885
53889
53891
53919
53920
53921
53925
53927
53937
53938
53939
53943
53945
53946
53947
53948
53952
53954
53955
53956
53957
53961
53963
53964
53965
53966
53970
53972
54000
54001
54002
54006
54008
54018
54019
54020
54024
54026
54027
54028
54029
54033
54035
54036
54037
54038
54042
54044
54045
54046
54047
54051
54053
54081
54082
54083
54087
54089
54099
54100
54101
54105
54107
54108
54109
54110
54114
54116
54117
54118
54119
54123
54125
54126
54127
54128
54132
54134
54162
54163
54164
54168
54170
54180
54181
54182
54186
54188
54432
54433
54434
54438
54440
54441
54442
54443
54447
54449
54450
54451
54452
54456
54458
54486
54487
54488
54492
54494
54504
54505
54506
54510
54512
54594
54595
54596
54600
54602
54603
54604
54605
54609
54611
54612
54613
54614
54618
54620
54648
54649
54650
54654
54656
54666
54667
54668
54672
54674
56862
56863
56864
56868
56870
56871
56872
56873
56877
56879
56880
56881
56882
56886
56888
56916
56917
56918
56922
56924
56934
56935
56936
56940
56942
56943
56944
56945
56949
56951
56952
56953
56954
56958
56960
56961
56962
56963
56967
56969
56997
56998
56999
57003
57005
57015
57016
57017
57021
57023
57024
57025
57026
57030
57032
57033
57034
57035
57039
57041
57042
57043
57044
57048
57050
57078
57079
57080
57084
57086
57096
57097
57098
57102
57104
57348
57349
57350
57354
57356
57357
57358
57359
57363
57365
57366
57367
57368
57372
57374
57402
57403
57404
57408
57410
57420
57421
57422
57426
57428
57510
57511
57512
57516
57518
57519
57520
57521
57525
57527
57528
57529
57530
57534
57536
57564
57565
57566
57570
57572
57582
57583
57584
57588
57590
58320
58321
58322
58326
58328
58329
58330
58331
58335
58337
58338
58339
58340
58344
58346
58374
58375
58376
58380
58382
58392
58393
58394
58398
58400
58401
58402
58403
58407
58409
58410
58411
58412
58416
58418
58419
58420
58421
58425
58427
58455
58456
58457
58461
58463
58473
58474
58475
58479
58481
58482
58483
58484
58488
58490
58491
58492
58493
58497
58499
58500
58501
58502
58506
58508
58536
58537
58538
58542
58544
58554
58555
58556
58560
58562
58806
58807
58808
58812
58814
58815
58816
58817
58821
58823
58824
58825
58826
58830
58832
58860
58861
58862
58866
58868
58878
58879
58880
58884
58886
58968
58969
58970
58974
58976
58977
58978
58979
58983
58985
58986
58987
58988
58992
58994
59022
59023
59024
59028
59030
59040
59041
59042
59046
59048
59049
59050
59051
59055
59057
59058
59059
59060
59064
59066
59067
59068
59069
59073
59075
59103
59104
59105
59109
59111
59121
59122
59123
59127
59129
59130
59131
59132
59136
59138
59139
59140
59141
59145
59147
59148
59149
59150
59154
59156
59184
59185
59186
59190
59192
59202
59203
59204
59208
59210
59211
59212
59213
59217
59219
59220
59221
59222
59226
59228
59229
59230
59231
59235
59237
59265
59266
59267
59271
59273
59283
59284
59285
59289
59291
59535
59536
59537
59541
59543
59544
59545
59546
59550
59552
59553
59554
59555
59559
59561
59589
59590
59591
59595
59597
59607
59608
59609
59613
59615
59697
59698
59699
59703
59705
59706
59707
59708
59712
59714
59715
59716
59717
59721
59723
59751
59752
59753
59757
59759
59769
59770
59771
59775
59777
59778
59779
59780
59784
59786
59787
59788
59789
59793
59795
59796
59797
59798
59802
59804
59832
59833
59834
59838
59840
59850
59851
59852
59856
59858
59859
59860
59861
59865
59867
59868
59869
59870
59874
59876
59877
59878
59879
59883
59885
59913
59914
59915
59919
59921
59931
59932
59933
59937
59939
59940
59941
59942
59946
59948
59949
59950
59951
59955
59957
59958
59959
59960
59964
59966
59994
59995
59996
60000
60002
60012
60013
60014
60018
60020
60264
60265
60266
60270
60272
60273
60274
60275
60279
60281
60282
60283
60284
60288
60290
60318
60319
60320
60324
60326
60336
60337
60338
60342
60344
60426
60427
60428
60432
60434
60435
60436
60437
60441
60443
60444
60445
60446
60450
60452
60480
60481
60482
60486
60488
60498
60499
60500
60504
60506
60507
60508
60509
60513
60515
60516
60517
60518
60522
60524
60525
60526
60527
60531
60533
60561
60562
60563
60567
60569
60579
60580
60581
60585
60587
60588
60589
60590
60594
60596
60597
60598
60599
60603
60605
60606
60607
60608
60612
60614
60642
60643
60644
60648
60650
60660
60661
60662
60666
60668
60669
60670
60671
60675
60677
60678
60679
60680
60684
60686
60687
60688
60689
60693
60695
60723
60724
60725
60729
60731
60741
60742
60743
60747
60749
60993
60994
60995
60999
61001
61002
61003
61004
61008
61010
61011
61012
61013
61017
61019
61047
61048
61049
61053
61055
61065
61066
61067
61071
61073
61155
61156
61157
61161
61163
61164
61165
61166
61170
61172
61173
61174
61175
61179
61181
61209
61210
61211
61215
61217
61227
61228
61229
61233
61235
63423
63424
63425
63429
63431
63432
63433
63434
63438
63440
63441
63442
63443
63447
63449
63477
63478
63479
63483
63485
63495
63496
63497
63501
63503
63504
63505
63506
63510
63512
63513
63514
63515
63519
63521
63522
63523
63524
63528
63530
63558
63559
63560
63564
63566
63576
63577
63578
63582
63584
63585
63586
63587
63591
63593
63594
63595
63596
63600
63602
63603
63604
63605
63609
63611
63639
63640
63641
63645
63647
63657
63658
63659
63663
63665
63909
63910
63911
63915
63917
63918
63919
63920
63924
63926
63927
63928
63929
63933
63935
63963
63964
63965
63969
63971
63981
63982
63983
63987
63989
64071
64072
64073
64077
64079
64080
64081
64082
64086
64088
64089
64090
64091
64095
64097
64125
64126
64127
64131
64133
64143
64144
64145
64149
64151
64881
64882
64883
64887
64889
64890
64891
64892
64896
64898
64899
64900
64901
64905
64907
64935
64936
64937
64941
64943
64953
64954
64955
64959
64961
64962
64963
64964
64968
64970
64971
64972
64973
64977
64979
64980
64981
64982
64986
64988
65016
65017
65018
65022
65024
65034
65035
65036
65040
65042
65043
65044
65045
65049
65051
65052
65053
65054
65058
65060
65061
65062
65063
65067
65069
65097
65098
65099
65103
65105
65115
65116
65117
65121
65123
65367
65368
65369
65373
65375
65376
65377
65378
65382
65384
65385
65386
65387
65391
65393
65421
65422
65423
65427
65429
65439
65440
65441
65445
65447
65529
65530
65531
65535
65537
65538
65539
65540
65544
65546
65547
65548
65549
65553
65555
65583
65584
65585
65589
65591
65601
65602
65603
65607
65609
65610
65611
65612
65616
65618
65619
65620
65621
65625
65627
65628
65629
65630
65634
65636
65664
65665
65666
65670
65672
65682
65683
65684
65688
65690
65691
65692
65693
65697
65699
65700
65701
65702
65706
65708
65709
65710
65711
65715
65717
65745
65746
65747
65751
65753
65763
65764
65765
65769
65771
65772
65773
65774
65778
65780
65781
65782
65783
65787
65789
65790
65791
65792
65796
65798
65826
65827
65828
65832
65834
65844
65845
65846
65850
65852
66096
66097
66098
66102
66104
66105
66106
66107
66111
66113
66114
66115
66116
66120
66122
66150
66151
66152
66156
66158
66168
66169
66170
66174
66176
66258
66259
66260
66264
66266
66267
66268
66269
66273
66275
66276
66277
66278
66282
66284
66312
66313
66314
66318
66320
66330
66331
66332
66336
66338
66339
66340
66341
66345
66347
66348
66349
66350
66354
66356
66357
66358
66359
66363
66365
66393
66394
66395
66399
66401
66411
66412
66413
66417
66419
66420
66421
66422
66426
66428
66429
66430
66431
66435
66437
66438
66439
66440
66444
66446
66474
66475
66476
66480
66482
66492
66493
66494
66498
66500
66501
66502
66503
66507
66509
66510
66511
66512
66516
66518
66519
66520
66521
66525
66527
66555
66556
66557
66561
66563
66573
66574
66575
66579
66581
66825
66826
66827
66831
66833
66834
66835
66836
66840
66842
66843
66844
66845
66849
66851
66879
66880
66881
66885
66887
66897
66898
66899
66903
66905
66987
66988
66989
66993
66995
66996
66997
66998
67002
67004
67005
67006
67007
67011
67013
67041
67042
67043
67047
67049
67059
67060
67061
67065
67067
67068
67069
67070
67074
67076
67077
67078
67079
67083
67085
67086
67087
67088
67092
67094
67122
67123
67124
67128
67130
67140
67141
67142
67146
67148
67149
67150
67151
67155
67157
67158
67159
67160
67164
67166
67167
67168
67169
67173
67175
67203
67204
67205
67209
67211
67221
67222
67223
67227
67229
67230
67231
67232
67236
67238
67239
67240
67241
67245
67247
67248
67249
67250
67254
67256
67284
67285
67286
67290
67292
67302
67303
67304
67308
67310
67554
67555
67556
67560
67562
67563
67564
67565
67569
67571
67572
67573
67574
67578
67580
67608
67609
67610
67614
67616
67626
67627
67628
67632
67634
67716
67717
67718
67722
67724
67725
67726
67727
67731
67733
67734
67735
67736
67740
67742
67770
67771
67772
67776
67778
67788
67789
67790
67794
67796
69984
69985
69986
69990
69992
69993
69994
69995
69999
70001
70002
70003
70004
70008
70010
70038
70039
70040
70044
70046
70056
70057
70058
70062
70064
70065
70066
70067
70071
70073
70074
70075
70076
70080
70082
70083
70084
70085
70089
70091
70119
70120
70121
70125
70127
70137
70138
70139
70143
70145
70146
70147
70148
70152
70154
70155
70156
70157
70161
70163
70164
70165
70166
70170
70172
70200
70201
70202
70206
70208
70218
70219
70220
70224
70226
70470
70471
70472
70476
70478
70479
70480
70481
70485
70487
70488
70489
70490
70494
70496
70524
70525
70526
70530
70532
70542
70543
70544
70548
70550
70632
70633
70634
70638
70640
70641
70642
70643
70647
70649
70650
70651
70652
70656
70658
70686
70687
70688
70692
70694
70704
70705
70706
70710
70712
71442
71443
71444
71448
71450
71451
71452
71453
71457
71459
71460
71461
71462
71466
71468
71496
71497
71498
71502
71504
71514
71515
71516
71520
71522
71523
71524
71525
71529
71531
71532
71533
71534
71538
71540
71541
71542
71543
71547
71549
71577
71578
71579
71583
71585
71595
71596
71597
71601
71603
71604
71605
71606
71610
71612
71613
71614
71615
71619
71621
71622
71623
71624
71628
71630
71658
71659
71660
71664
71666
71676
71677
71678
71682
71684
71928
71929
71930
71934
71936
71937
71938
71939
71943
71945
71946
71947
71948
71952
71954
71982
71983
71984
71988
71990
72000
72001
72002
72006
72008
72090
72091
72092
72096
72098
72099
72100
72101
72105
72107
72108
72109
72110
72114
72116
72144
72145
72146
72150
72152
72162
72163
72164
72168
72170
72171
72172
72173
72177
72179
72180
72181
72182
72186
72188
72189
72190
72191
72195
72197
72225
72226
72227
72231
72233
72243
72244
72245
72249
72251
72252
72253
72254
72258
72260
72261
72262
72263
72267
72269
72270
72271
72272
72276
72278
72306
72307
72308
72312
72314
72324
72325
72326
72330
72332
72333
72334
72335
72339
72341
72342
72343
72344
72348
72350
72351
72352
72353
72357
72359
72387
72388
72389
72393
72395
72405
72406
72407
72411
72413
72657
72658
72659
72663
72665
72666
72667
72668
72672
72674
72675
72676
72677
72681
72683
72711
72712
72713
72717
72719
72729
72730
72731
72735
72737
72819
72820
72821
72825
72827
72828
72829
72830
72834
72836
72837
72838
72839
72843
72845
72873
72874
72875
72879
72881
72891
72892
72893
72897
72899
72900
72901
72902
72906
72908
72909
72910
72911
72915
72917
72918
72919
72920
72924
72926
72954
72955
72956
72960
72962
72972
72973
72974
72978
72980
72981
72982
72983
72987
72989
72990
72991
72992
72996
72998
72999
73000
73001
73005
73007
73035
73036
73037
73041
73043
73053
73054
73055
73059
73061
73062
73063
73064
73068
73070
73071
73072
73073
73077
73079
73080
73081
73082
73086
73088
73116
73117
73118
73122
73124
73134
73135
73136
73140
73142
73386
73387
73388
73392
73394
73395
73396
73397
73401
73403
73404
73405
73406
73410
73412
73440
73441
73442
73446
73448
73458
73459
73460
73464
73466
73548
73549
73550
73554
73556
73557
73558
73559
73563
73565
73566
73567
73568
73572
73574
73602
73603
73604
73608
73610
73620
73621
73622
73626
73628
73629
73630
73631
73635
73637
73638
73639
73640
73644
73646
73647
73648
73649
73653
73655
73683
73684
73685
73689
73691
73701
73702
73703
73707
73709
73710
73711
73712
73716
73718
73719
73720
73721
73725
73727
73728
73729
73730
73734
73736
73764
73765
73766
73770
73772
73782
73783
73784
73788
73790
73791
73792
73793
73797
73799
73800
73801
73802
73806
73808
73809
73810
73811
73815
73817
73845
73846
73847
73851
73853
73863
73864
73865
73869
73871
74115
74116
74117
74121
74123
74124
74125
74126
74130
74132
74133
74134
74135
74139
74141
74169
74170
74171
74175
74177
74187
74188
74189
74193
74195
74277
74278
74279
74283
74285
74286
74287
74288
74292
74294
74295
74296
74297
74301
74303
74331
74332
74333
74337
74339
74349
74350
74351
74355
74357
76545
76546
76547
76551
76553
76554
76555
76556
76560
76562
76563
76564
76565
76569
76571
76599
76600
76601
76605
76607
76617
76618
76619
76623
76625
76626
76627
76628
76632
76634
76635
76636
76637
76641
76643
76644
76645
76646
76650
76652
76680
76681
76682
76686
76688
76698
76699
76700
76704
76706
76707
76708
76709
76713
76715
76716
76717
76718
76722
76724
76725
76726
76727
76731
76733
76761
76762
76763
76767
76769
76779
76780
76781
76785
76787
77031
77032
77033
77037
77039
77040
77041
77042
77046
77048
77049
77050
77051
77055
77057
77085
77086
77087
77091
77093
77103
77104
77105
77109
77111
77193
77194
77195
77199
77201
77202
77203
77204
77208
77210
77211
77212
77213
77217
77219
77247
77248
77249
77253
77255
77265
77266
77267
77271
77273
78003
78004
78005
78009
78011
78012
78013
78014
78018
78020
78021
78022
78023
78027
78029
78057
78058
78059
78063
78065
78075
78076
78077
78081
78083
78084
78085
78086
78090
78092
78093
78094
78095
78099
78101
78102
78103
78104
78108
78110
78138
78139
78140
78144
78146
78156
78157
78158
78162
78164
78165
78166
78167
78171
78173
78174
78175
78176
78180
78182
78183
78184
78185
78189
78191
78219
78220
78221
78225
78227
78237
78238
78239
78243
78245
78489
78490
78491
78495
78497
78498
78499
78500
78504
78506
78507
78508
78509
78513
78515
78543
78544
78545
78549
78551
78561
78562
78563
78567
78569
78651
78652
78653
78657
78659
78660
78661
78662
78666
78668
78669
78670
78671
78675
78677
78705
78706
78707
78711
78713
78723
78724
78725
78729
78731
98415
98416
98417
98421
98423
98424
98425
98426
98430
98432
98433
98434
98435
98439
98441
98469
98470
98471
98475
98477
98487
98488
98489
98493
98495
98496
98497
98498
98502
98504
98505
98506
98507
98511
98513
98514
98515
98516
98520
98522
98550
98551
98552
98556
98558
98568
98569
98570
98574
98576
98577
98578
98579
98583
98585
98586
98587
98588
98592
98594
98595
98596
98597
98601
98603
98631
98632
98633
98637
98639
98649
98650
98651
98655
98657
98901
98902
98903
98907
98909
98910
98911
98912
98916
98918
98919
98920
98921
98925
98927
98955
98956
98957
98961
98963
98973
98974
98975
98979
98981
99063
99064
99065
99069
99071
99072
99073
99074
99078
99080
99081
99082
99083
99087
99089
99117
99118
99119
99123
99125
99135
99136
99137
99141
99143
99144
99145
99146
99150
99152
99153
99154
99155
99159
99161
99162
99163
99164
99168
99170
99198
99199
99200
99204
99206
99216
99217
99218
99222
99224
99225
99226
99227
99231
99233
99234
99235
99236
99240
99242
99243
99244
99245
99249
99251
99279
99280
99281
99285
99287
99297
99298
99299
99303
99305
99306
99307
99308
99312
99314
99315
99316
99317
99321
99323
99324
99325
99326
99330
99332
99360
99361
99362
99366
99368
99378
99379
99380
99384
99386
99630
99631
99632
99636
99638
99639
99640
99641
99645
99647
99648
99649
99650
99654
99656
99684
99685
99686
99690
99692
99702
99703
99704
99708
99710
99792
99793
99794
99798
99800
99801
99802
99803
99807
99809
99810
99811
99812
99816
99818
99846
99847
99848
99852
99854
99864
99865
99866
99870
99872
99873
99874
99875
99879
99881
99882
99883
99884
99888
99890
99891
99892
99893
99897
99899
99927
99928
99929
99933
99935
99945
99946
99947
99951
99953
99954
99955
99956
99960
99962
99963
99964
99965
99969
99971
99972
99973
99974
99978
99980
