2
3
4
5
6
7
8
9
10
11
12
13
14
15
16
17
18
19
20
21
22
23
24
25
26
27
28
29
30
31
32
33
34
35
36
37
38
39
40
41
42
43
44
45
46
47
48
49
50
51
52
53
54
55
56
57
58
59
60
61
62
63
64
65
66
67
68
69
70
71
72
73
74
75
76
77
78
79
80
81
82
83
84
85
86
87
88
89
90
91
92
93
94
95
96
97
98
99
100
101
102
103
104
105
106
107
108
109
110
111
112
113
114
115
117
118
119
120
121
122
123
124
126
127
128
129
130
131
132
133
134
135
136
137
138
139
140
141
142
143
144
145
146
147
148
149
150
151
152
153
154
155
156
157
158
159
160
161
162
163
164
165
166
167
168
169
170
171
172
173
174
175
176
177
178
179
180
181
182
183
184
185
186
187
188
189
190
191
192
193
194
195
196
198
199
200
201
202
203
204
205
206
207
208
209
210
211
212
213
214
215
216
217
218
219
220
221
222
223
224
225
226
227
228
229
230
231
232
233
234
235
236
237
238
239
240
241
242
243
244
245
246
247
248
249
250
251
252
253
254
255
256
257
258
259
261
262
263
264
265
266
267
268
269
270
271
272
273
274
275
276
277
278
279
280
281
282
283
284
285
286
287
288
289
290
291
292
293
294
295
296
297
298
299
300
301
302
303
304
305
306
307
308
309
310
311
312
313
314
315
316
317
318
319
321
322
324
325
326
327
328
329
330
331
333
334
335
336
337
338
339
340
341
342
343
344
345
346
347
348
349
350
351
352
353
354
355
356
357
358
360
361
362
363
364
365
366
367
369
370
371
372
373
374
375
376
377
378
379
380
381
382
383
384
385
386
387
388
389
390
391
392
393
394
397
398
399
400
401
402
403
405
406
407
408
409
410
411
412
413
414
415
416
417
418
419
420
421
423
424
425
426
427
428
429
430
431
432
433
434
435
436
437
438
439
441
442
443
444
445
446
447
448
450
451
452
453
454
455
456
457
458
459
460
461
462
463
464
465
466
467
468
469
470
471
472
473
474
475
476
477
478
479
480
481
482
483
484
485
486
487
488
489
490
492
493
494
495
496
497
498
499
500
501
502
503
504
505
506
507
509
510
511
513
514
516
517
518
519
520
522
523
524
525
526
527
528
529
530
531
532
533
536
537
538
539
540
541
542
543
546
547
548
549
550
552
553
554
555
556
558
559
562
563
564
565
566
567
568
570
571
572
573
574
575
576
577
578
579
580
581
582
583
584
585
586
587
588
589
590
591
592
593
594
595
596
597
598
599
600
601
603
604
605
606
608
610
612
613
614
615
616
617
618
619
620
621
622
623
624
625
626
627
628
629
630
631
633
634
635
636
637
638
639
641
642
643
644
645
646
648
649
651
652
653
654
655
656
657
658
659
660
661
663
664
665
666
667
669
670
671
672
673
674
675
676
677
679
680
681
682
683
684
685
686
687
689
690
691
692
693
694
695
696
697
698
699
700
701
702
703
704
705
706
707
708
709
711
712
713
714
715
716
717
720
721
722
723
724
726
727
729
730
731
732
733
734
735
736
737
738
739
740
741
742
743
744
745
746
747
748
749
750
751
752
753
754
755
756
757
758
759
760
761
762
763
765
766
767
768
769
770
771
772
774
775
776
777
778
779
780
781
782
783
784
785
786
787
788
789
790
792
793
794
795
796
798
799
802
803
804
805
806
807
808
810
811
812
813
814
815
816
817
819
820
821
822
823
824
825
826
828
829
830
831
832
833
834
835
837
838
839
840
841
842
843
844
846
847
848
851
852
853
855
856
857
858
860
861
862
863
864
865
866
867
868
869
870
871
873
874
875
876
879
880
883
884
885
887
889
891
892
893
894
895
896
899
900
901
902
903
904
905
906
907
908
909
910
911
912
913
914
915
916
917
918
919
920
921
922
923
924
925
927
928
929
930
931
932
933
934
936
937
938
939
940
941
942
943
945
946
947
949
950
951
952
953
954
955
956
957
958
959
960
961
962
963
964
965
967
969
970
972
973
975
976
977
978
979
980
981
982
983
984
985
986
987
988
990
991
993
995
997
998
999
1000
1001
1002
1004
1005
1006
1008
1009
1011
1012
1013
1015
1017
1018
1020
1021
1022
1023
1024
1025
1026
1027
1028
1029
1031
1032
1033
1034
1035
1036
1037
1038
1039
1041
1042
1045
1046
1047
1049
1050
1053
1054
1057
1058
1061
1062
1063
1065
1067
1068
1069
1070
1071
1072
1076
1077
1079
1080
1081
1083
1084
1086
1087
1089
1090
1092
1094
1095
1096
1098
1099
1103
1104
1105
1107
1108
1109
1111
1112
1113
1114
1116
1117
1118
1119
1120
1126
1127
1128
1129
1130
1131
1132
1134
1135
1136
1139
1142
1143
1144
1145
1149
1152
1153
1156
1158
1160
1161
1162
1164
1165
1167
1168
1171
1172
1173
1174
1175
1176
1177
1179
1180
1181
1182
1184
1185
1186
1188
1189
1190
1191
1192
1193
1194
1195
1197
1198
1199
1202
1203
1204
1205
1206
1208
1211
1212
1213
1215
1216
1217
1218
1219
1220
1221
1222
1223
1224
1225
1226
1227
1228
1229
1230
1231
1233
1234
1236
1237
1238
1239
1240
1242
1243
1245
1246
1248
1249
1251
1252
1254
1256
1257
1258
1260
1261
1262
1263
1264
1265
1266
1267
1268
1269
1270
1272
1274
1275
1276
1278
1279
1281
1284
1285
1291
1293
1296
1297
1298
1299
1300
1301
1302
1303
1305
1306
1307
1308
1310
1311
1312
1313
1314
1315
1316
1317
1318
1319
1320
1321
1322
1323
1324
1326
1327
1328
1329
1330
1332
1333
1334
1335
1336
1337
1341
1342
1343
1345
1348
1349
1350
1351
1352
1353
1354
1355
1356
1357
1359
1360
1361
1362
1363
1364
1365
1366
1367
1368
1369
1370
1371
1372
1374
1377
1378
1379
1381
1383
1386
1387
1388
1389
1390
1391
1392
1394
1395
1396
1397
1398
1399
1400
1401
1403
1404
1405
1406
1407
1408
1409
1410
1411
1413
1414
1416
1417
1418
1422
1423
1424
1425
1429
1430
1431
1432
1433
1434
1435
1437
1439
1441
1443
1444
1446
1458
1459
1460
1461
1462
1463
1464
1467
1468
1469
1471
1472
1473
1474
1475
1476
1477
1478
1479
1480
1481
1482
1483
1485
1486
1487
1488
1489
1490
1491
1492
1494
1495
1496
1497
1498
1499
1500
1501
1503
1504
1505
1506
1507
1508
1509
1510
1511
1512
1513
1516
1518
1521
1526
1527
1531
1532
1533
1534
1536
1539
1540
1541
1542
1543
1544
1548
1549
1550
1551
1552
1553
1554
1555
1557
1558
1559
1560
1561
1562
1563
1564
1566
1567
1570
1572
1573
1575
1576
1578
1582
1585
1588
1593
1597
1599
1604
1605
1606
1607
1608
1609
1610
1611
1612
1613
1614
1620
1621
1622
1623
1624
1625
1629
1630
1631
1632
1633
1637
1638
1639
1640
1641
1642
1643
1644
1645
1646
1647
1648
1649
1650
1651
1652
1653
1654
1656
1657
1658
1660
1661
1662
1663
1665
1666
1667
1668
1669
1670
1671
1673
1674
1675
1677
1678
1679
1680
1681
1682
1683
1684
1685
1686
1687
1688
1689
1690
1691
1692
1693
1694
1695
1696
1701
1702
1703
1704
1705
1706
1708
1709
1710
1711
1712
1713
1719
1720
1721
1722
1723
1724
1726
1727
1728
1729
1730
1731
1732
1733
1737
1738
1739
1740
1741
1742
1744
1746
1747
1748
1749
1750
1751
1752
1753
1754
1755
1756
1759
1761
1767
1782
1783
1784
1785
1786
1787
1791
1792
1793
1794
1797
1800
1801
1802
1803
1804
1805
1806
1807
1809
1810
1812
1814
1815
1816
1818
1819
1823
1824
1825
1827
1828
1829
1830
1832
1833
1834
1835
1836
1837
1838
1841
1842
1843
1844
1845
1846
1847
1848
1856
1859
1860
1863
1864
1865
1866
1867
1868
1870
1871
1872
1873
1874
1875
1881
1882
1883
1884
1885
1886
1887
1890
1891
1892
1893
1894
1895
1896
1899
1900
1901
1902
1903
1904
1905
1906
1908
1909
1910
1911
1912
1913
1914
1915
1917
1918
1919
1922
1924
1926
1927
1928
1930
1931
1937
1940
1941
1944
1945
1946
1948
1949
1953
1954
1955
1958
1959
1960
1962
1963
1967
1968
1969
1971
1972
1973
1974
1977
1978
1983
1985
1986
1987
1989
1990
1991
1993
1994
1995
1996
1998
1999
2001
2002
2003
2005
2006
2007
2009
2010
2011
2012
2013
2014
2016
2017
2018
2023
2025
2026
2027
2028
2030
2031
2032
2034
2035
2036
2039
2040
2041
2043
2044
2045
2046
2048
2049
2050
2051
2052
2053
2055
2057
2059
2061
2062
2066
2067
2068
2070
2071
2072
2073
2075
2076
2077
2078
2080
2083
2086
2087
2088
2089
2091
2098
2104
2106
2107
2109
2111
2112
2113
2114
2115
2116
2117
2118
2119
2121
2124
2125
2129
2130
2133
2134
2135
2136
2138
2139
2140
2142
2143
2147
2151
2152
2155
2158
2160
2161
2162
2187
2188
2189
2190
2191
2192
2193
2194
2196
2197
2198
2199
2202
2203
2205
2206
2207
2208
2209
2210
2212
2214
2215
2216
2217
2218
2219
2220
2221
2223
2224
2225
2228
2232
2233
2234
2235
2236
2237
2239
2241
2242
2244
2247
2248
2250
2251
2253
2256
2257
2260
2261
2262
2263
2268
2269
2270
2271
2272
2273
2274
2275
2277
2278
2279
2280
2281
2283
2284
2286
2287
2288
2289
2290
2291
2295
2296
2298
2301
2302
2311
2316
2319
2322
2323
2325
2328
2329
2331
2332
2333
2334
2335
2336
2337
2338
2341
2342
2343
2346
2349
2350
2351
2352
2353
2354
2358
2359
2360
2361
2362
2364
2367
2368
2369
2370
2371
2372
2376
2377
2378
2379
2380
2381
2382
2385
2386
2387
2388
2389
2390
2392
2394
2395
2396
2397
2398
2399
2401
2403
2404
2405
2406
2408
2409
2410
2412
2415
2417
2423
2426
2427
2430
2431
2432
2433
2434
2435
2436
2437
2439
2440
2441
2442
2445
2446
2448
2449
2450
2451
2452
2453
2454
2455
2457
2458
2459
2460
2461
2462
2463
2464
2466
2467
2468
2469
2470
2471
2475
2476
2477
2478
2479
2480
2481
2482
2484
2485
2487
2490
2491
2493
2494
2496
2499
2500
2503
2506
2508
2509
2511
2512
2513
2514
2515
2516
2517
2518
2520
2521
2522
2523
2526
2529
2530
2531
2532
2533
2534
2535
2536
2538
2541
2542
2543
2544
2545
2548
2556
2557
2558
2592
2593
2594
2595
2596
2597
2598
2601
2602
2603
2604
2610
2611
2612
2613
2614
2615
2616
2619
2620
2621
2622
2623
2624
2625
2628
2629
2630
2631
2632
2633
2634
2637
2638
2639
2640
2641
2642
2645
2649
2651
2657
2659
2661
2663
2664
2665
2666
2667
2668
2673
2674
2675
2676
2677
2679
2680
2682
2683
2685
2688
2689
2690
2691
2693
2700
2701
2702
2703
2706
2707
2709
2710
2711
2713
2714
2715
2718
2727
2728
2730
2733
2734
2736
2737
2739
2742
2743
2749
2751
2754
2755
2757
2760
2761
2763
2764
2766
2769
2770
2771
2772
2773
2774
2775
2776
2780
2781
2782
2784
2785
2787
2788
2790
2791
2795
2799
2803
2807
2808
2809
2810
2811
2812
2813
2814
2815
2817
2818
2820
2821
2823
2824
2832
2838
2841
2842
2847
2848
2856
2871
2874
2883
2886
2889
2890
2892
2893
2895
2899
2901
2902
2908
2910
2913
2916
2917
2918
2919
2920
2921
2922
2925
2926
2927
2928
2929
2933
2934
2935
2936
2937
2938
2939
2943
2944
2945
2946
2947
2948
2949
2952
2953
2954
2955
2956
2958
2961
2962
2963
2964
2965
2966
2969
2970
2971
2972
2973
2974
2977
2979
2981
2983
2984
2985
2986
2990
2994
2997
2998
2999
3000
3001
3002
3003
3004
3006
3007
3008
3009
3012
3015
3016
3017
3018
3019
3020
3021
3022
3024
3043
3046
3062
3064
3066
3068
3069
3071
3078
3079
3080
3081
3082
3083
3087
3088
3089
3095
3096
3097
3098
3099
3100
3101
3104
3105
3106
3107
3108
3109
3110
3111
3114
3115
3116
3118
3120
3123
3124
3125
3126
3127
3128
3129
3131
3132
3133
3136
3138
3143
3144
3145
3147
3149
3150
3151
3152
3153
3159
3160
3163
3168
3169
3178
3180
3181
3183
3190
3195
3196
3198
3205
3207
3208
3210
3212
3213
3214
3215
3217
3224
3225
3226
3228
3240
3241
3242
3244
3246
3249
3250
3281
3282
3283
3285
3286
3288
3289
3290
3291
3292
3293
3294
3295
3296
3297
3299
3301
3302
3303
3304
3305
3306
3307
3308
3313
3314
3315
3321
3322
3323
3324
3326
3328
3329
3330
3331
3332
3333
3342
3344
3346
3347
3348
3349
3353
3354
3357
3358
3359
3361
3362
3363
3364
3366
3367
3370
3371
3372
3373
3374
3375
3376
3377
3380
3382
3383
3384
3385
3386
3387
3388
3389
3390
3391
3392
3393
3394
3395
3402
3403
3404
3406
3407
3408
3411
3412
3413
3416
3417
3418
3419
3420
3421
3422
3425
3426
3427
3435
3438
3439
3440
3441
3442
3443
3444
3445
3447
3448
3450
3452
3453
3454
3456
3457
3463
3464
3465
3468
3470
3472
3474
3475
3480
3483
3484
3485
3488
3492
3493
3494
3497
3498
3499
3501
3502
3504
3506
3507
3508
3509
3510
3511
3514
3515
3516
3517
3519
3520
3522
3526
3537
3541
3543
3544
3546
3549
3550
3552
3561
3576
3577
3585
3612
3615
3618
3619
3622
3624
3630
3631
3645
3646
3647
3648
3649
3650
3652
3653
3654
3655
3656
3657
3659
3660
3661
3663
3664
3665
3666
3667
3668
3669
3670
3671
3672
3673
3674
3675
3676
3677
3681
3682
3683
3686
3687
3688
3690
3691
3692
3693
3694
3695
3696
3697
3698
3699
3700
3706
3707
3708
3711
3713
3715
3717
3718
3721
3723
3726
3727
3728
3729
3730
3731
3735
3736
3737
3738
3740
3741
3742
3744
3745
3746
3747
3748
3749
3750
3751
3752
3753
3754
3758
3772
3775
3807
3808
3809
3810
3811
3812
3816
3817
3818
3825
3826
3827
3828
3829
3830
3831
3832
3833
3834
3835
3836
3837
3838
3839
3843
3844
3845
3846
3848
3850
3852
3853
3854
3855
3856
3857
3858
3861
3862
3867
3868
3869
3870
3873
3875
3877
3879
3880
3888
3889
3890
3891
3892
3893
3895
3896
3897
3898
3899
3900
3906
3907
3908
3909
3910
3911
3913
3914
3915
3916
3917
3918
3919
3920
3924
3925
3926
3929
3931
3933
3934
3935
3936
3937
3938
3940
3941
3942
3943
3944
3945
3946
3948
3951
3953
3955
3957
3961
3964
3966
3967
3969
3970
3971
3972
3973
3974
3975
3978
3979
3980
3981
3986
3987
3988
3989
3990
3991
3992
3994
3995
3996
3999
4000
4002
4005
4006
4010
4011
4012
4014
4015
4017
4018
4019
4020
4021
4022
4023
4024
4025
4027
4028
4029
4030
4031
4032
4033
4034
4035
4042
4044
4045
4047
4050
4051
4052
4053
4054
4055
4057
4058
4059
4060
4061
4062
4065
4068
4069
4070
4071
4072
4073
4077
4078
4079
4080
4081
4082
4083
4086
4087
4088
4090
4091
4092
4093
4095
4096
4097
4098
4099
4100
4101
4102
4103
4104
4105
4106
4109
4110
4113
4114
4115
4116
4117
4119
4121
4122
4124
4131
4132
4133
4135
4136
4137
4140
4141
4142
4145
4146
4147
4149
4150
4152
4153
4154
4155
4156
4158
4161
4162
4164
4165
4170
4172
4173
4174
4176
4177
4180
4181
4182
4183
4185
4186
4192
4193
4194
4197
4199
4201
4203
4204
4210
4212
4213
4214
4215
4217
4218
4219
4221
4222
4223
4226
4227
4228
4229
4230
4231
4232
4233
4234
4235
4236
4237
4238
4239
4240
4243
4244
4245
4248
4249
4253
4255
4257
4258
4260
4261
4262
4264
4265
4266
4267
4268
4270
4272
4273
4274
4275
4277
4278
4279
4281
4283
4284
4286
4293
4294
4295
4297
4298
4300
4301
4302
4305
4310
4311
4313
4315
4319
4374
4375
4376
4377
4378
4380
4381
4383
4384
4386
4389
4390
4391
4392
4393
4394
4399
4401
4402
4404
4405
4407
4408
4410
4411
4412
4413
4414
4416
4420
4423
4425
4426
4427
4428
4429
4430
4431
4432
4434
4435
4437
4438
4439
4440
4441
4443
4444
4447
4450
4452
4453
4455
4456
4457
4458
4459
4461
4462
4464
4465
4467
4470
4471
4474
4482
4483
4485
4488
4489
4497
4501
4507
4509
4510
4512
4515
4516
4518
4519
4520
4521
4522
4524
4525
4526
4527
4529
4536
4537
4538
4540
4553
4554
4556
4558
4562
4593
4596
4599
4602
4617
4618
4620
4623
4624
4626
4627
4629
4632
4633
4642
4644
4645
4647
4650
4651
4656
4666
4669
4670
4671
4672
4673
4674
4675
4677
4678
4680
4681
4682
4683
4684
4686
4687
4690
4696
4698
4699
4700
4702
4704
4707
4708
4715
4716
4717
4718
4720
4723
4724
4725
4728
4731
4734
4735
4747
4751
4752
4753
4754
4756
4812
4813
4818
4821
4825
4836
4839
4842
4860
4861
4863
4866
4867
4869
4870
4872
4875
4876
4887
4888
4890
4893
4894
4914
4915
4917
4920
4921
4922
4923
4924
4926
4928
4929
4930
4932
4933
4936
4938
4941
4942
4944
4946
4947
4948
4950
4951
4953
4956
4957
4960
4962
4964
4966
4967
4968
4969
4971
4972
4973
4974
4975
4982
4984
4986
4987
4989
4991
4993
4994
4995
4996
4998
5001
5002
5003
5004
5005
5007
5010
5011
5022
5023
5027
5029
5030
5031
5034
5037
5041
5055
5056
5058
5061
5073
5076
5077
5079
5082
5085
5088
5095
5097
5103
5104
5106
5108
5109
5110
5111
5112
5113
5115
5118
5119
5124
5126
5128
5129
5130
5131
5133
5136
5137
5144
5146
5148
5149
5151
5153
5155
5156
5157
5158
5160
5163
5164
5166
5167
5169
5172
5173
5184
5185
5187
5190
5191
5193
5194
5196
5199
5200
5203
5211
5212
5214
5217
5218
5230
5233
5238
5239
5241
5244
5245
5247
5248
5249
5250
5251
5253
5254
5255
5256
5257
5258
5259
5265
5266
5267
5269
5271
5274
5277
5282
5283
5285
5286
5287
5288
5290
5291
5292
5293
5297
5298
5301
5302
5303
5305
5306
5307
5308
5310
5311
5314
5318
5326
5327
5328
5330
5331
5332
5333
5334
5335
5336
5337
5338
5339
5346
5347
5349
5351
5352
5353
5354
5355
5356
5358
5361
5362
5367
5369
5371
5372
5373
5374
5376
5379
5380
5387
5389
5391
5392
5394
5395
5396
5398
5399
5400
5401
5402
5403
5404
5406
5407
5409
5410
5411
5412
5413
5415
5416
5427
5428
5429
5431
5433
5436
5437
5468
5470
5472
5473
5475
5477
5479
5480
5488
5489
5490
5493
5508
5509
5513
5515
5516
5517
5520
5529
5531
5533
5534
5535
5536
5540
5541
5544
5545
5546
5548
5549
5550
5551
5553
5554
5557
5561
5569
5570
5571
5573
5574
5575
5576
5577
5578
5579
5580
5581
5582
5589
5590
5591
5592
5593
5595
5596
5598
5599
5601
5604
5605
5606
5607
5609
5616
5617
5619
5622
5623
5625
5626
5627
5628
5629
5631
5637
5640
5643
5644
5646
5649
5650
5651
5652
5653
5655
5657
5658
5659
5661
5662
5667
5670
5671
5673
5675
5676
5677
5679
5680
5682
5685
5686
5691
5693
5694
5695
5696
5697
5698
5700
5701
5702
5703
5704
5706
5707
5709
5724
5725
5727
5728
5730
5731
5733
5734
5736
5737
5739
5740
5748
5763
5764
5772
5799
5802
5805
5806
5809
5811
5817
5818
5832
5833
5837
5839
5840
5841
5844
5853
5855
5857
5858
5873
5875
5877
5878
5880
5882
5884
5885
5893
5894
5895
5898
5900
5902
5904
5905
5911
5913
5914
5916
5918
5919
5920
5932
5934
5936
5937
5938
5939
5940
5941
5944
5945
5946
5949
5950
5952
5955
5959
5965
5967
5968
5971
5973
5979
5980
5986
5992
6003
6006
6007
6009
6015
6018
6021
6022
6025
6027
6028
6033
6036
6040
6127
6129
6130
6132
6135
6138
6148
6151
6153
6154
6156
6157
6160
6168
6175
6181
6183
6186
6187
6202
6205
6216
6229
6231
6232
6234
6249
6250
6258
6261
6264
6265
6268
6270
6285
6288
6291
6292
6318
6319
6322
6327
6328
6330
6331
6339
6343
6345
6348
6351
6352
6354
6355
6357
6366
6369
6370
6372
6373
6391
6396
6397
6399
6400
6402
6405
6406
6418
6423
6424
6426
6427
6429
6430
6432
6435
6436
6438
6441
6445
6465
6472
6478
6561
6562
6563
6564
6565
6566
6567
6568
6569
6570
6571
6572
6573
6574
6575
6576
6577
6578
6579
6580
6581
6582
6583
6584
6585
6586
6587
6588
6589
6590
6591
6592
6593
6594
6595
6597
6598
6599
6600
6601
6602
6603
6604
6606
6607
6608
6609
6610
6611
6612
6613
6614
6615
6616
6617
6618
6619
6621
6622
6623
6624
6625
6626
6627
6628
6629
6630
6631
6633
6634
6639
6640
6642
6643
6644
6645
6646
6647
6648
6649
6651
6652
6653
6654
6656
6657
6658
6660
6661
6662
6663
6664
6665
6666
6667
6668
6669
6670
6672
6673
6674
6675
6676
6678
6679
6681
6683
6684
6685
6687
6688
6692
6693
6694
6696
6697
6698
6699
6700
6701
6702
6703
6705
6706
6707
6708
6709
6711
6712
6723
6724
6725
6726
6727
6728
6732
6733
6734
6735
6736
6741
6742
6743
6744
6745
6746
6747
6748
6749
6750
6751
6752
6753
6754
6755
6756
6759
6760
6761
6764
6765
6766
6768
6769
6770
6771
6772
6773
6774
6775
6777
6778
6779
6780
6782
6783
6784
6785
6786
6787
6788
6789
6791
6793
6795
6796
6804
6805
6806
6807
6808
6809
6810
6811
6813
6814
6815
6816
6819
6820
6822
6823
6824
6825
6826
6827
6829
6831
6832
6833
6834
6835
6836
6837
6838
6840
6841
6842
6843
6849
6850
6851
6852
6853
6854
6858
6859
6861
6864
6865
6867
6868
6870
6873
6874
6882
6885
6886
6887
6888
6889
6890
6894
6895
6896
6903
6904
6905
6906
6907
6908
6909
6912
6913
6916
6918
6926
6927
6928
6930
6931
6933
6935
6936
6937
6938
6939
6940
6941
6943
6944
6945
6946
6947
6948
6949
6950
6951
6952
6963
6966
6967
6968
6969
6970
6971
6973
6974
6975
6976
6977
6978
6984
6985
6986
6987
6988
6989
6991
6992
6993
6994
6995
6996
6997
6998
6999
7000
7002
7003
7004
7005
7007
7008
7009
7011
7012
7013
7014
7015
7016
7017
7018
7020
7021
7022
7023
7025
7026
7027
7028
7029
7030
7031
7032
7034
7036
7038
7039
7047
7048
7050
7053
7054
7056
7057
7059
7062
7063
7072
7074
7075
7077
7080
7081
7086
7099
7101
7102
7104
7107
7108
7110
7111
7113
7116
7117
7120
7126
7128
7129
7131
7134
7135
7137
7138
7140
7143
7144
7155
7156
7158
7161
7162
7182
7183
7185
7186
7188
7189
7191
7192
7194
7195
7197
7198
7206
7221
7222
7230
7257
7260
7263
7264
7267
7269
7275
7276
7290
7291
7292
7293
7294
7295
7296
7297
7299
7300
7301
7302
7303
7304
7305
7306
7308
7309
7310
7311
7312
7313
7314
7315
7317
7318
7319
7320
7321
7322
7323
7324
7326
7327
7328
7329
7331
7332
7333
7335
7336
7337
7338
7339
7340
7341
7342
7344
7345
7347
7350
7351
7353
7354
7356
7359
7360
7368
7371
7372
7373
7374
7375
7376
7377
7378
7380
7381
7382
7383
7385
7386
7387
7389
7390
7391
7392
7393
7394
7395
7396
7398
7399
7401
7404
7405
7412
7413
7414
7416
7417
7421
7422
7423
7425
7426
7427
7428
7430
7431
7432
7434
7435
7436
7437
7440
7441
7452
7453
7454
7455
7456
7457
7461
7462
7463
7470
7471
7472
7473
7474
7475
7479
7480
7481
7482
7483
7484
7488
7489
7490
7493
7494
7495
7497
7498
7499
7500
7501
7502
7503
7504
7506
7507
7508
7511
7515
7516
7517
7533
7534
7536
7539
7540
7542
7543
7545
7548
7549
7560
7561
7563
7566
7567
7587
7588
7590
7593
7594
7596
7597
7599
7602
7603
7655
7656
7657
7659
7660
7664
7665
7666
7668
7669
7670
7673
7677
7678
7679
7695
7696
7697
7700
7704
7705
7706
7736
7737
7738
7740
7741
7745
7746
7747
7749
7750
7751
7754
7758
7759
7760
7776
7777
7778
7779
7781
7782
7783
7785
7786
7787
7788
7790
7791
7792
7794
7795
7799
7800
7801
7803
7804
7806
7809
7810
7817
7818
7819
7821
7822
7826
7827
7828
7830
7831
7833
7836
7837
7839
7840
7842
7845
7846
7857
7858
7859
7860
7862
7863
7864
7866
7867
7868
7869
7871
7872
7873
7875
7876
7880
7881
7882
7884
7885
7887
7890
7891
7899
7903
7911
7912
7914
7917
7918
7920
7921
7923
7926
7927
7930
7936
7947
7953
7957
7971
7972
7977
7995
7998
8001
8004
8019
8020
8021
8022
8023
8024
8028
8029
8030
8033
8034
8035
8037
8038
8039
8040
8041
8042
8043
8044
8046
8047
8048
8049
8050
8051
8055
8056
8057
8060
8061
8062
8064
8065
8066
8067
8068
8069
8070
8071
8092
8098
8100
8101
8102
8103
8104
8105
8106
8107
8109
8110
8111
8114
8115
8116
8118
8119
8120
8121
8122
8123
8124
8125
8142
8146
8152
8154
8155
8181
8182
8183
8184
8185
8186
8190
8191
8192
8199
8200
8201
8202
8203
8204
8206
8207
8208
8209
8210
8211
8212
8213
8217
8218
8219
8222
8224
8226
8227
8228
8229
8230
8231
8242
8243
8244
8247
8249
8251
8253
8254
8262
8263
8264
8265
8266
8267
8269
8270
8271
8272
8273
8274
8280
8281
8282
8283
8284
8285
8287
8288
8289
8290
8291
8292
8293
8294
8298
8299
8300
8303
8305
8307
8308
8309
8310
8311
8312
8314
8315
8316
8317
8319
8322
8325
8335
8341
8343
8344
8345
8346
8347
8348
8352
8353
8354
8361
8362
8363
8364
8365
8366
8368
8370
8373
8384
8385
8386
8388
8389
8393
8394
8395
8397
8398
8399
8402
8406
8407
8408
8409
8424
8425
8426
8427
8428
8429
8433
8434
8435
8436
8437
8439
8442
8443
8444
8445
8446
8447
8448
8451
8452
8453
8454
8455
8456
8457
8460
8461
8462
8465
8466
8467
8469
8470
8471
8472
8473
8474
8475
8476
8478
8479
8480
8483
8487
8488
8489
8505
8506
8507
8509
8510
8514
8515
8516
8517
8518
8519
8520
8521
8523
8524
8526
8528
8529
8530
8541
8542
8544
8546
8547
8548
8550
8551
8553
8555
8556
8557
8559
8560
8583
8586
8587
8588
8591
8595
8596
8597
8600
8601
8602
8604
8605
8609
8610
8611
8613
8614
8617
8619
8622
8623
8625
8748
8749
8751
8752
8754
8755
8757
8758
8760
8761
8763
8764
8769
8775
8776
8778
8781
8782
8784
8785
8787
8802
8803
8805
8808
8809
8811
8812
8814
8817
8818
8826
8829
8830
8832
8833
8835
8836
8838
8839
8841
8844
8845
8856
8857
8859
8862
8863
8883
8884
8886
8889
8890
8892
8893
8895
8898
8899
8991
8992
8994
8997
8998
9000
9001
9003
9006
9007
9018
9019
9021
9024
9025
9045
9046
9048
9051
9052
9054
9055
9057
9060
9061
9069
9072
9073
9076
9081
9082
9096
9099
9100
9103
9105
9130
9132
9138
9139
9150
9165
9166
9174
9177
9180
9181
9184
9186
9201
9204
9207
9208
9234
9235
9237
9238
9240
9241
9243
9244
9246
9247
9249
9250
9255
9261
9262
9264
9267
9268
9288
9289
9291
9294
9295
9297
9298
9300
9303
9304
9315
9316
9318
9321
9322
9324
9325
9327
9330
9331
9342
9343
9345
9348
9349
9369
9370
9372
9373
9375
9376
9378
9379
9381
9382
9384
9385
9393
9408
9409
9417
9444
9447
9450
9451
9454
9456
9462
9463
9477
9478
9481
9486
9487
9489
9490
9498
9513
9514
9516
9555
9558
9559
9562
9567
9568
9687
9690
9693
9694
9697
9699
9705
9706
9720
9721
9724
9729
9730
9756
9757
9759
9768
9771
9774
9775
9842
9843
9844
9846
9847
9851
9852
9853
9855
9856
9857
9860
9864
9865
9866
9867
9882
9883
9884
9887
9891
9892
9893
9897
9901
9915
9916
9921
9923
9924
9925
9927
9928
9932
9933
9934
9936
9937
9938
9939
9941
9942
9945
9946
9947
9963
9964
9965
9966
9968
9969
9970
9972
9973
9974
9977
9978
9979
9981
9982
9986
9987
9988
9999
10000
10002
10004
10005
10006
10008
10009
10011
10013
10014
10015
10017
10018
10041
10044
10045
10046
10049
10053
10054
10055
10058
10059
10060
10062
10063
10067
10068
10069
10071
10072
10075
10077
10080
10081
10083
10102
10104
10110
10111
10122
10137
10138
10146
10173
10176
10179
10180
10183
10185
10191
10192
10206
10207
10208
10211
10215
10216
10217
10220
10221
10222
10224
10225
10229
10230
10231
10247
10248
10249
10251
10252
10256
10257
10258
10287
10288
10289
10292
10296
10297
10298
10301
10302
10303
10305
10306
10310
10311
10312
10571
10572
10573
10575
10576
10580
10581
10582
10584
10585
10586
10589
10593
10594
10595
10611
10612
10613
10616
10620
10621
10622
10652
10653
10654
10656
10657
10661
10662
10663
10665
10666
10667
10670
10674
10675
10676
10692
10693
10694
10697
10701
10702
10703
10706
10707
10708
10710
10711
10715
10716
10717
10733
10734
10735
10737
10738
10742
10743
10744
10773
10774
10775
10778
10782
10783
10784
10787
10788
10789
10791
10792
10796
10797
10798
10935
10936
10937
10938
10940
10941
10942
10944
10945
10946
10947
10949
10950
10951
10953
10954
10958
10959
10960
10962
10963
10965
10968
10969
10976
10977
10978
10980
10981
10985
10986
10987
10989
10990
10992
10995
10996
10998
10999
11001
11004
11005
11016
11017
11018
11019
11021
11022
11023
11025
11026
11027
11028
11030
11031
11032
11034
11035
11039
11040
11041
11043
11044
11046
11049
11050
11057
11058
11059
11061
11062
11066
11067
11068
11070
11071
11072
11073
11075
11076
11077
11079
11080
11081
11082
11085
11086
11097
11098
11099
11102
11106
11107
11108
11138
11139
11140
11142
11143
11147
11148
11149
11151
11152
11153
11156
11160
11161
11162
11178
11179
11181
11184
11185
11187
11188
11190
11193
11194
11205
11206
11208
11211
11212
11232
11233
11235
11238
11239
11241
11242
11244
11247
11248
11256
11259
11260
11263
11268
11269
11283
11286
11287
11290
11292
11300
11301
11302
11304
11305
11309
11310
11311
11313
11314
11315
11317
11318
11319
11322
11323
11324
11325
11326
11337
11340
11341
11342
11345
11349
11350
11351
11352
11353
11361
11364
11367
11368
11371
11373
11381
11382
11383
11385
11386
11388
11390
11391
11392
11394
11395
11396
11399
11403
11404
11405
11421
11422
11424
11425
11427
11428
11430
11431
11433
11434
11436
11437
11442
11448
11449
11451
11454
11455
11475
11476
11478
11481
11482
11484
11485
11487
11490
11491
11502
11503
11505
11508
11509
11511
11512
11514
11517
11518
11529
11530
11532
11535
11536
11556
11557
11559
11560
11562
11563
11565
11566
11568
11569
11571
11572
11580
11595
11596
11604
11631
11634
11637
11638
11641
11643
11649
11650
11664
11665
11666
11667
11669
11670
11671
11673
11674
11675
11676
11678
11679
11680
11682
11683
11687
11688
11689
11691
11692
11694
11697
11698
11705
11706
11707
11709
11710
11714
11715
11716
11718
11719
11721
11724
11725
11727
11728
11730
11733
11734
11745
11746
11747
11748
11750
11751
11752
11754
11755
11756
11757
11759
11760
11761
11763
11764
11768
11769
11770
11772
11773
11775
11778
11779
11786
11787
11788
11790
11791
11795
11796
11797
11799
11800
11801
11802
11804
11805
11806
11808
11809
11810
11811
11814
11815
11826
11827
11828
11831
11835
11836
11837
11867
11868
11869
11871
11872
11874
11876
11877
11878
11880
11881
11882
11884
11885
11886
11889
11890
11891
11892
11893
11907
11908
11910
11911
11913
11914
11916
11917
11919
11922
11923
11934
11935
11937
11940
11941
11943
11944
11946
11955
11958
11961
11962
11964
11967
11968
11970
11971
11973
11976
11977
11985
11988
11989
11992
11997
11998
12012
12015
12016
12019
12021
12046
12048
12054
12055
12066
12150
12151
12153
12156
12157
12159
12160
12162
12165
12166
12177
12178
12180
12183
12184
12204
12205
12207
12210
12211
12213
12214
12216
12219
12220
12231
12232
12234
12237
12238
12240
12241
12243
12246
12247
12258
12259
12261
12264
12265
12285
12286
12288
12291
12292
12294
12295
12297
12300
12301
13122
13123
13124
13125
13126
13127
13131
13132
13133
13136
13137
13138
13140
13141
13142
13143
13144
13145
13146
13147
13149
13150
13151
13152
13153
13154
13158
13159
13160
13163
13164
13165
13167
13168
13169
13170
13171
13172
13173
13174
13203
13204
13205
13206
13207
13208
13212
13213
13214
13217
13218
13219
13221
13222
13223
13224
13225
13226
13227
13228
13244
13245
13246
13248
13249
13253
13254
13255
13257
13258
13259
13262
13266
13267
13268
13284
13285
13286
13287
13288
13289
13293
13294
13295
13302
13303
13304
13305
13306
13307
13311
13312
13313
13314
13315
13316
13320
13321
13322
13325
13326
13327
13329
13330
13331
13332
13333
13334
13335
13336
13338
13339
13340
13343
13347
13348
13349
13365
13366
13367
13368
13369
13370
13374
13375
13376
13383
13384
13385
13386
13387
13388
13392
13393
13394
13395
13396
13397
13401
13402
13403
13410
13411
13412
13413
13414
13415
13446
13447
13448
13449
13450
13451
13455
13456
13457
13464
13465
13466
13467
13468
13469
13487
13488
13489
13491
13492
13496
13497
13498
13500
13501
13502
13505
13509
13510
13511
13527
13528
13529
13530
13531
13532
13536
13537
13538
13545
13546
13547
13548
13549
13550
13554
13555
13556
13557
13558
13559
13563
13564
13565
13568
13569
13570
13572
13573
13574
13575
13576
13577
13578
13579
13581
13582
13583
13586
13590
13591
13592
13851
13852
13853
13854
13855
13856
13860
13861
13862
13865
13866
13867
13869
13870
13871
13872
13873
13874
13875
13876
13878
13879
13880
13881
13882
13883
13887
13888
13889
13892
13893
13894
13896
13897
13898
13899
13900
13901
13902
13903
13932
13933
13934
13935
13936
13937
13941
13942
13943
13946
13947
13948
13950
13951
13952
13953
13954
13955
13956
13957
13973
13974
13975
13977
13978
13982
13983
13984
13986
13987
13988
13991
13995
13996
13997
14013
14014
14015
14016
14017
14018
14022
14023
14024
14031
14032
14033
14034
14035
14036
14040
14041
14042
14043
14044
14045
14049
14050
14051
14054
14055
14056
14058
14059
14060
14061
14062
14063
14064
14065
14067
14068
14069
14071
14072
14073
14076
14077
14078
14079
14080
14094
14095
14098
14103
14104
14130
14131
14133
14142
14145
14148
14149
14172
14175
14176
14179
14184
14185
14199
14202
14203
14206
14208
14233
14235
14241
14242
14253
14580
14581
14582
14583
14584
14585
14589
14590
14591
14598
14599
14600
14601
14602
14603
14607
14608
14609
14610
14611
14612
14616
14617
14618
14625
14626
14627
14628
14629
14630
14661
14662
14663
14664
14665
14666
14670
14671
14672
14679
14680
14681
14682
14683
14684
14742
14743
14744
14745
14746
14747
14751
14752
14753
14760
14761
14762
14763
14764
14765
14769
14770
14771
14772
14773
14774
14778
14779
14780
14787
14788
14789
14790
14791
14792
14823
14824
14825
14826
14827
14828
14832
14833
14834
14841
14842
14843
14844
14845
14846
14850
14851
14852
14853
14854
14855
14859
14860
14861
14868
14869
14870
14871
14872
14873
14904
14905
14906
14907
14908
14909
14913
14914
14915
14922
14923
14924
14925
14926
14927
14985
14986
14987
14988
14989
14990
14994
14995
14996
15003
15004
15005
15006
15007
15008
15012
15013
15014
15015
15016
15017
15021
15022
15023
15030
15031
15032
15033
15034
15035
15309
15310
15311
15312
15313
15314
15318
15319
15320
15327
15328
15329
15330
15331
15332
15336
15337
15338
15339
15340
15341
15345
15346
15347
15354
15355
15356
15357
15358
15359
15390
15391
15392
15393
15394
15395
15399
15400
15401
15408
15409
15410
15411
15412
15413
15471
15472
15473
15474
15475
15476
15480
15481
15482
15489
15490
15491
15492
15493
15494
15498
15499
15500
15501
15502
15503
15507
15508
15509
15516
15517
15518
15519
15520
15521
15552
15553
15554
15555
15556
15557
15561
15562
15563
15570
15571
15572
15573
15574
15575
15579
15580
15581
15582
15583
15584
15588
15589
15590
15597
15598
15599
15600
15601
15602
15633
15634
15635
15636
15637
15638
15642
15643
15644
15651
15652
15653
15654
15655
15656
15714
15715
15716
15717
15718
15719
15723
15724
15725
15732
15733
15734
15735
15736
15737
15741
15742
15743
15744
15745
15746
15750
15751
15752
15759
15760
15761
15762
15763
15764
16038
16039
16040
16041
16042
16043
16047
16048
16049
16056
16057
16058
16059
16060
16061
16065
16066
16067
16068
16069
16070
16074
16075
16076
16083
16084
16085
16086
16087
16088
16119
16120
16121
16122
16123
16124
16128
16129
16130
16137
16138
16139
16140
16141
16142
16200
16201
16202
16203
16204
16205
16209
16210
16211
16218
16219
16220
16221
16222
16223
16227
16228
16229
16230
16231
16232
16236
16237
16238
16245
16246
16247
16248
16249
16250
16403
16404
16405
16407
16408
16412
16413
16414
16416
16417
16418
16421
16425
16426
16427
16443
16444
16445
16448
16452
16453
16454
16484
16485
16486
16488
16489
16493
16494
16495
16497
16498
16499
16502
16506
16507
16508
16524
16525
16526
16529
16533
16534
16535
16538
16539
16540
16542
16543
16547
16548
16549
16565
16566
16567
16569
16570
16574
16575
16576
16605
16606
16607
16610
16614
16615
16616
16619
16620
16621
16623
16624
16628
16629
16630
16767
16768
16769
16770
16771
16772
16776
16777
16778
16785
16786
16787
16788
16789
16790
16794
16795
16796
16797
16798
16799
16803
16804
16805
16812
16813
16814
16815
16816
16817
16848
16849
16850
16851
16852
16853
16857
16858
16859
16866
16867
16868
16869
16870
16871
16929
16930
16931
16932
16933
16934
16938
16939
16940
16947
16948
16949
16950
16951
16952
16956
16957
16958
16959
16960
16961
16965
16966
16967
16974
16975
16976
16977
16978
16979
17010
17011
17012
17013
17014
17015
17019
17020
17021
17028
17029
17030
17031
17032
17033
17037
17038
17039
17040
17041
17042
17046
17047
17048
17055
17056
17057
17058
17059
17060
17091
17092
17093
17094
17095
17096
17100
17101
17102
17109
17110
17111
17112
17113
17114
17172
17173
17174
17175
17176
17177
17181
17182
17183
17190
17191
17192
17193
17194
17195
17199
17200
17201
17202
17203
17204
17208
17209
17210
17217
17218
17219
17220
17221
17222
19683
19684
19685
19686
19687
19688
19689
19690
19692
19693
19694
19695
19698
19699
19701
19702
19703
19704
19705
19706
19710
19711
19712
19713
19714
19715
19716
19717
19719
19720
19721
19728
19729
19730
19731
19732
19733
19737
19738
19740
19743
19744
19746
19747
19749
19752
19753
19764
19765
19766
19767
19768
19769
19770
19771
19773
19774
19775
19776
19779
19780
19782
19783
19784
19785
19786
19787
19791
19792
19794
19797
19798
19818
19819
19821
19824
19825
19827
19828
19830
19833
19834
19845
19846
19847
19848
19849
19850
19854
19855
19856
19863
19864
19865
19866
19867
19868
19872
19873
19874
19875
19876
19877
19881
19882
19883
19890
19891
19892
19893
19894
19895
19926
19927
19928
19929
19930
19931
19932
19933
19935
19936
19937
19938
19941
19942
19944
19945
19946
19947
19948
19949
19953
19954
19955
19956
19957
19958
19959
19960
19962
19963
19964
19971
19972
19973
19974
19975
19976
19980
19981
19983
19986
19987
19989
19990
19992
19995
19996
20007
20008
20009
20010
20011
20012
20016
20017
20018
20025
20026
20027
20028
20029
20030
20088
20089
20090
20091
20092
20093
20097
20098
20099
20106
20107
20108
20109
20110
20111
20115
20116
20117
20118
20119
20120
20124
20125
20126
20133
20134
20135
20136
20137
20138
20169
20170
20172
20175
20176
20178
20179
20181
20184
20185
20196
20197
20199
20202
20203
20223
20224
20226
20229
20230
20232
20233
20235
20238
20239
20250
20251
20253
20256
20257
20259
20260
20262
20265
20266
20277
20278
20280
20283
20284
20304
20305
20307
20310
20311
20313
20314
20316
20319
20320
20412
20413
20414
20415
20416
20417
20418
20419
20421
20422
20423
20424
20427
20428
20430
20431
20432
20433
20434
20435
20439
20440
20441
20442
20443
20444
20445
20446
20448
20449
20450
20457
20458
20459
20460
20461
20462
20466
20467
20469
20472
20473
20475
20476
20478
20481
20482
20493
20494
20495
20496
20497
20498
20499
20500
20502
20503
20504
20505
20508
20509
20511
20512
20513
20514
20515
20516
20520
20521
20523
20526
20527
20547
20548
20550
20553
20554
20556
20557
20559
20562
20563
20574
20575
20576
20577
20578
20579
20583
20584
20585
20592
20593
20594
20595
20596
20597
20601
20602
20603
20604
20605
20606
20610
20611
20612
20619
20620
20621
20622
20623
20624
20655
20656
20658
20661
20662
20664
20665
20667
20670
20671
20682
20683
20685
20688
20689
20709
20710
20712
20715
20716
20718
20719
20721
20724
20725
20898
20899
20901
20904
20905
20907
20908
20910
20913
20914
20925
20926
20928
20931
20932
20952
20953
20955
20958
20959
20961
20962
20964
20967
20968
20979
20980
20982
20985
20986
20988
20989
20991
20994
20995
21006
21007
21009
21012
21013
21033
21034
21036
21039
21040
21042
21043
21045
21048
21049
21141
21142
21143
21144
21145
21146
21150
21151
21152
21159
21160
21161
21162
21163
21164
21168
21169
21170
21171
21172
21173
21177
21178
21179
21186
21187
21188
21189
21190
21191
21222
21223
21224
21225
21226
21227
21231
21232
21233
21240
21241
21242
21243
21244
21245
21303
21304
21305
21306
21307
21308
21312
21313
21314
21321
21322
21323
21324
21325
21326
21330
21331
21332
21333
21334
21335
21339
21340
21341
21348
21349
21350
21351
21352
21353
21384
21385
21386
21387
21388
21389
21393
21394
21395
21402
21403
21404
21405
21406
21407
21411
21412
21413
21414
21415
21416
21420
21421
21422
21429
21430
21431
21432
21433
21434
21465
21466
21467
21468
21469
21470
21474
21475
21476
21483
21484
21485
21486
21487
21488
21546
21547
21548
21549
21550
21551
21555
21556
21557
21564
21565
21566
21567
21568
21569
21573
21574
21575
21576
21577
21578
21582
21583
21584
21591
21592
21593
21594
21595
21596
21870
21871
21872
21873
21874
21875
21876
21877
21879
21880
21881
21882
21885
21886
21888
21889
21890
21891
21892
21893
21897
21898
21899
21900
21901
21902
21903
21904
21906
21907
21908
21915
21916
21917
21918
21919
21920
21924
21925
21927
21930
21931
21933
21934
21936
21939
21940
21951
21952
21953
21954
21955
21956
21957
21958
21960
21961
21962
21963
21966
21967
21969
21970
21971
21972
21973
21974
21978
21979
21981
21984
21985
22005
22006
22008
22011
22012
22014
22015
22017
22020
22021
22032
22033
22034
22035
22036
22037
22041
22042
22043
22050
22051
22052
22053
22054
22055
22059
22060
22061
22062
22063
22064
22068
22069
22070
22077
22078
22079
22080
22081
22082
22113
22114
22115
22116
22117
22118
22119
22120
22122
22123
22124
22125
22128
22129
22131
22132
22133
22134
22135
22136
22140
22141
22142
22143
22144
22145
22146
22147
22149
22150
22151
22158
22159
22160
22161
22162
22163
22167
22168
22170
22173
22174
22176
22177
22179
22182
22183
22194
22195
22196
22197
22198
22199
22203
22204
22205
22212
22213
22214
22215
22216
22217
22275
22276
22277
22278
22279
22280
22284
22285
22286
22293
22294
22295
22296
22297
22298
22302
22303
22304
22305
22306
22307
22311
22312
22313
22320
22321
22322
22323
22324
22325
22356
22357
22359
22362
22363
22365
22366
22368
22371
22372
22383
22384
22386
22389
22390
22410
22411
22413
22416
22417
22419
22420
22422
22425
22426
22437
22438
22440
22443
22444
22446
22447
22449
22452
22453
22464
22465
22467
22470
22471
22491
22492
22494
22497
22498
22500
22501
22503
22506
22507
22599
22600
22601
22602
22603
22604
22608
22609
22610
22617
22618
22619
22620
22621
22622
22626
22627
22628
22629
22630
22631
22635
22636
22637
22644
22645
22646
22647
22648
22649
22680
22681
22682
22683
22684
22685
22689
22690
22691
22698
22699
22700
22701
22702
22703
22761
22762
22763
22764
22765
22766
22770
22771
22772
22779
22780
22781
22782
22783
22784
22788
22789
22790
22791
22792
22793
22797
22798
22799
22806
22807
22808
22809
22810
22811
23328
23329
23330
23331
23332
23333
23337
23338
23339
23346
23347
23348
23349
23350
23351
23355
23356
23357
23358
23359
23360
23364
23365
23366
23373
23374
23375
23376
23377
23378
23409
23410
23411
23412
23413
23414
23418
23419
23420
23427
23428
23429
23430
23431
23432
23490
23491
23492
23493
23494
23495
23499
23500
23501
23508
23509
23510
23511
23512
23513
23517
23518
23519
23520
23521
23522
23526
23527
23528
23535
23536
23537
23538
23539
23540
23571
23572
23573
23574
23575
23576
23580
23581
23582
23589
23590
23591
23592
23593
23594
23598
23599
23600
23601
23602
23603
23607
23608
23609
23616
23617
23618
23619
23620
23621
23652
23653
23654
23655
23656
23657
23661
23662
23663
23670
23671
23672
23673
23674
23675
23733
23734
23735
23736
23737
23738
23742
23743
23744
23751
23752
23753
23754
23755
23756
23760
23761
23762
23763
23764
23765
23769
23770
23771
23778
23779
23780
23781
23782
23783
24057
24058
24060
24063
24064
24066
24067
24069
24072
24073
24084
24085
24087
24090
24091
24111
24112
24114
24117
24118
24120
24121
24123
24126
24127
24138
24139
24141
24144
24145
24147
24148
24150
24153
24154
24165
24166
24168
24171
24172
24192
24193
24195
24198
24199
24201
24202
24204
24207
24208
24300
24301
24303
24306
24307
24309
24310
24312
24315
24316
24327
24328
24330
24333
24334
24354
24355
24357
24360
24361
24363
24364
24366
24369
24370
24543
24544
24546
24549
24550
24552
24553
24555
24558
24559
24570
24571
24573
24576
24577
24597
24598
24600
24603
24604
24606
24607
24609
24612
24613
24624
24625
24627
24630
24631
24633
24634
24636
24639
24640
24651
24652
24654
24657
24658
24678
24679
24681
24684
24685
24687
24688
24690
24693
24694
24786
24787
24789
24792
24793
24795
24796
24798
24801
24802
24813
24814
24816
24819
24820
24840
24841
24843
24846
24847
24849
24850
24852
24855
24856
24867
24868
24870
24873
24874
24876
24877
24879
24882
24883
24894
24895
24897
24900
24901
24921
24922
24924
24927
24928
24930
24931
24933
24936
24937
25029
25030
25032
25035
25036
25038
25039
25041
25044
25045
25056
25057
25059
25062
25063
25083
25084
25086
25089
25090
25092
25093
25095
25098
25099
25272
25273
25275
25278
25279
25281
25282
25284
25287
25288
25299
25300
25302
25305
25306
25326
25327
25329
25332
25333
25335
25336
25338
25341
25342
25353
25354
25356
25359
25360
25362
25363
25365
25368
25369
25380
25381
25383
25386
25387
25407
25408
25410
25413
25414
25416
25417
25419
25422
25423
26244
26245
26246
26247
26248
26249
26253
26254
26255
26262
26263
26264
26265
26266
26267
26271
26272
26273
26274
26275
26276
26280
26281
26282
26289
26290
26291
26292
26293
26294
26325
26326
26327
26328
26329
26330
26334
26335
26336
26343
26344
26345
26346
26347
26348
26406
26407
26408
26409
26410
26411
26415
26416
26417
26424
26425
26426
26427
26428
26429
26433
26434
26435
26436
26437
26438
26442
26443
26444
26451
26452
26453
26454
26455
26456
26487
26488
26489
26490
26491
26492
26496
26497
26498
26505
26506
26507
26508
26509
26510
26514
26515
26516
26517
26518
26519
26523
26524
26525
26532
26533
26534
26535
26536
26537
26568
26569
26570
26571
26572
26573
26577
26578
26579
26586
26587
26588
26589
26590
26591
26649
26650
26651
26652
26653
26654
26658
26659
26660
26667
26668
26669
26670
26671
26672
26676
26677
26678
26679
26680
26681
26685
26686
26687
26694
26695
26696
26697
26698
26699
26973
26974
26975
26976
26977
26978
26982
26983
26984
26991
26992
26993
26994
26995
26996
27000
27001
27002
27003
27004
27005
27009
27010
27011
27018
27019
27020
27021
27022
27023
27054
27055
27056
27057
27058
27059
27063
27064
27065
27072
27073
27074
27075
27076
27077
27135
27136
27137
27138
27139
27140
27144
27145
27146
27153
27154
27155
27156
27157
27158
27162
27163
27164
27165
27166
27167
27171
27172
27173
27180
27181
27182
27183
27184
27185
27702
27703
27704
27705
27706
27707
27711
27712
27713
27720
27721
27722
27723
27724
27725
27729
27730
27731
27732
27733
27734
27738
27739
27740
27747
27748
27749
27750
27751
27752
27783
27784
27785
27786
27787
27788
27792
27793
27794
27801
27802
27803
27804
27805
27806
27864
27865
27866
27867
27868
27869
27873
27874
27875
27882
27883
27884
27885
27886
27887
27891
27892
27893
27894
27895
27896
27900
27901
27902
27909
27910
27911
27912
27913
27914
27945
27946
27947
27948
27949
27950
27954
27955
27956
27963
27964
27965
27966
27967
27968
27972
27973
27974
27975
27976
27977
27981
27982
27983
27990
27991
27992
27993
27994
27995
28026
28027
28028
28029
28030
28031
28035
28036
28037
28044
28045
28046
28047
28048
28049
28107
28108
28109
28110
28111
28112
28116
28117
28118
28125
28126
28127
28128
28129
28130
28134
28135
28136
28137
28138
28139
28143
28144
28145
28152
28153
28154
28155
28156
28157
32805
32806
32807
32808
32809
32810
32814
32815
32816
32823
32824
32825
32826
32827
32828
32832
32833
32834
32835
32836
32837
32841
32842
32843
32850
32851
32852
32853
32854
32855
32886
32887
32888
32889
32890
32891
32895
32896
32897
32904
32905
32906
32907
32908
32909
32967
32968
32969
32970
32971
32972
32976
32977
32978
32985
32986
32987
32988
32989
32990
32994
32995
32996
32997
32998
32999
33003
33004
33005
33012
33013
33014
33015
33016
33017
33048
33049
33050
33051
33052
33053
33057
33058
33059
33066
33067
33068
33069
33070
33071
33075
33076
33077
33078
33079
33080
33084
33085
33086
33093
33094
33095
33096
33097
33098
33129
33130
33131
33132
33133
33134
33138
33139
33140
33147
33148
33149
33150
33151
33152
33210
33211
33212
33213
33214
33215
33219
33220
33221
33228
33229
33230
33231
33232
33233
33237
33238
33239
33240
33241
33242
33246
33247
33248
33255
33256
33257
33258
33259
33260
39366
39367
39369
39372
39373
39375
39376
39378
39381
39382
39393
39394
39396
39399
39400
39420
39421
39423
39426
39427
39429
39430
39432
39435
39436
39447
39448
39450
39453
39454
39456
39457
39459
39462
39463
39474
39475
39477
39480
39481
39501
39502
39504
39507
39508
39510
39511
39513
39516
39517
39609
39610
39612
39615
39616
39618
39619
39621
39624
39625
39636
39637
39639
39642
39643
39663
39664
39666
39669
39670
39672
39673
39675
39678
39679
39852
39853
39855
39858
39859
39861
39862
39864
39867
39868
39879
39880
39882
39885
39886
39906
39907
39909
39912
39913
39915
39916
39918
39921
39922
39933
39934
39936
39939
39940
39942
39943
39945
39948
39949
39960
39961
39963
39966
39967
39987
39988
39990
39993
39994
39996
39997
39999
40002
40003
40095
40096
40098
40101
40102
40104
40105
40107
40110
40111
40122
40123
40125
40128
40129
40149
40150
40152
40155
40156
40158
40159
40161
40164
40165
40176
40177
40179
40182
40183
40185
40186
40188
40191
40192
40203
40204
40206
40209
40210
40230
40231
40233
40236
40237
40239
40240
40242
40245
40246
40338
40339
40341
40344
40345
40347
40348
40350
40353
40354
40365
40366
40368
40371
40372
40392
40393
40395
40398
40399
40401
40402
40404
40407
40408
40581
40582
40584
40587
40588
40590
40591
40593
40596
40597
40608
40609
40611
40614
40615
40635
40636
40638
40641
40642
40644
40645
40647
40650
40651
40662
40663
40665
40668
40669
40671
40672
40674
40677
40678
40689
40690
40692
40695
40696
40716
40717
40719
40722
40723
40725
40726
40728
40731
40732
41553
41554
41556
41559
41560
41562
41563
41565
41568
41569
41580
41581
41583
41586
41587
41607
41608
41610
41613
41614
41616
41617
41619
41622
41623
41634
41635
41637
41640
41641
41643
41644
41646
41649
41650
41661
41662
41664
41667
41668
41688
41689
41691
41694
41695
41697
41698
41700
41703
41704
41796
41797
41799
41802
41803
41805
41806
41808
41811
41812
41823
41824
41826
41829
41830
41850
41851
41853
41856
41857
41859
41860
41862
41865
41866
42039
42040
42042
42045
42046
42048
42049
42051
42054
42055
42066
42067
42069
42072
42073
42093
42094
42096
42099
42100
42102
42103
42105
42108
42109
42120
42121
42123
42126
42127
42129
42130
42132
42135
42136
42147
42148
42150
42153
42154
42174
42175
42177
42180
42181
42183
42184
42186
42189
42190
43740
43741
43743
43746
43747
43749
43750
43752
43755
43756
43767
43768
43770
43773
43774
43794
43795
43797
43800
43801
43803
43804
43806
43809
43810
43821
43822
43824
43827
43828
43830
43831
43833
43836
43837
43848
43849
43851
43854
43855
43875
43876
43878
43881
43882
43884
43885
43887
43890
43891
43983
43984
43986
43989
43990
43992
43993
43995
43998
43999
44010
44011
44013
44016
44017
44037
44038
44040
44043
44044
44046
44047
44049
44052
44053
44226
44227
44229
44232
44233
44235
44236
44238
44241
44242
44253
44254
44256
44259
44260
44280
44281
44283
44286
44287
44289
44290
44292
44295
44296
44307
44308
44310
44313
44314
44316
44317
44319
44322
44323
44334
44335
44337
44340
44341
44361
44362
44364
44367
44368
44370
44371
44373
44376
44377
44469
44470
44472
44475
44476
44478
44479
44481
44484
44485
44496
44497
44499
44502
44503
44523
44524
44526
44529
44530
44532
44533
44535
44538
44539
44550
44551
44553
44556
44557
44559
44560
44562
44565
44566
44577
44578
44580
44583
44584
44604
44605
44607
44610
44611
44613
44614
44616
44619
44620
44712
44713
44715
44718
44719
44721
44722
44724
44727
44728
44739
44740
44742
44745
44746
44766
44767
44769
44772
44773
44775
44776
44778
44781
44782
44955
44956
44958
44961
44962
44964
44965
44967
44970
44971
44982
44983
44985
44988
44989
45009
45010
45012
45015
45016
45018
45019
45021
45024
45025
45036
45037
45039
45042
45043
45045
45046
45048
45051
45052
45063
45064
45066
45069
45070
45090
45091
45093
45096
45097
45099
45100
45102
45105
45106
45927
45928
45930
45933
45934
45936
45937
45939
45942
45943
45954
45955
45957
45960
45961
45981
45982
45984
45987
45988
45990
45991
45993
45996
45997
46008
46009
46011
46014
46015
46017
46018
46020
46023
46024
46035
46036
46038
46041
46042
46062
46063
46065
46068
46069
46071
46072
46074
46077
46078
46170
46171
46173
46176
46177
46179
46180
46182
46185
46186
46197
46198
46200
46203
46204
46224
46225
46227
46230
46231
46233
46234
46236
46239
46240
46413
46414
46416
46419
46420
46422
46423
46425
46428
46429
46440
46441
46443
46446
46447
46467
46468
46470
46473
46474
46476
46477
46479
46482
46483
46494
46495
46497
46500
46501
46503
46504
46506
46509
46510
46521
46522
46524
46527
46528
46548
46549
46551
46554
46555
46557
46558
46560
46563
46564
46656
46657
46659
46662
46663
46665
46666
46668
46671
46672
46683
46684
46686
46689
46690
46710
46711
46713
46716
46717
46719
46720
46722
46725
46726
46737
46738
46740
46743
46744
46746
46747
46749
46752
46753
46764
46765
46767
46770
46771
46791
46792
46794
46797
46798
46800
46801
46803
46806
46807
46899
46900
46902
46905
46906
46908
46909
46911
46914
46915
46926
46927
46929
46932
46933
46953
46954
46956
46959
46960
46962
46963
46965
46968
46969
47142
47143
47145
47148
47149
47151
47152
47154
47157
47158
47169
47170
47172
47175
47176
47196
47197
47199
47202
47203
47205
47206
47208
47211
47212
47223
47224
47226
47229
47230
47232
47233
47235
47238
47239
47250
47251
47253
47256
47257
47277
47278
47280
47283
47284
47286
47287
47289
47292
47293
48114
48115
48117
48120
48121
48123
48124
48126
48129
48130
48141
48142
48144
48147
48148
48168
48169
48171
48174
48175
48177
48178
48180
48183
48184
48195
48196
48198
48201
48202
48204
48205
48207
48210
48211
48222
48223
48225
48228
48229
48249
48250
48252
48255
48256
48258
48259
48261
48264
48265
48357
48358
48360
48363
48364
48366
48367
48369
48372
48373
48384
48385
48387
48390
48391
48411
48412
48414
48417
48418
48420
48421
48423
48426
48427
48600
48601
48603
48606
48607
48609
48610
48612
48615
48616
48627
48628
48630
48633
48634
48654
48655
48657
48660
48661
48663
48664
48666
48669
48670
48681
48682
48684
48687
48688
48690
48691
48693
48696
48697
48708
48709
48711
48714
48715
48735
48736
48738
48741
48742
48744
48745
48747
48750
48751
50301
50302
50304
50307
50308
50310
50311
50313
50316
50317
50328
50329
50331
50334
50335
50355
50356
50358
50361
50362
50364
50365
50367
50370
50371
50382
50383
50385
50388
50389
50391
50392
50394
50397
50398
50409
50410
50412
50415
50416
50436
50437
50439
50442
50443
50445
50446
50448
50451
50452
50544
50545
50547
50550
50551
50553
50554
50556
50559
50560
50571
50572
50574
50577
50578
50598
50599
50601
50604
50605
50607
50608
50610
50613
50614
50787
50788
50790
50793
50794
50796
50797
50799
50802
50803
50814
50815
50817
50820
50821
50841
50842
50844
50847
50848
50850
50851
50853
50856
50857
50868
50869
50871
50874
50875
50877
50878
50880
50883
50884
50895
50896
50898
50901
50902
50922
50923
50925
50928
50929
50931
50932
50934
50937
50938
51030
51031
51033
51036
51037
51039
51040
51042
51045
51046
51057
51058
51060
51063
51064
51084
51085
51087
51090
51091
51093
51094
51096
51099
51100
51111
51112
51114
51117
51118
51120
51121
51123
51126
51127
51138
51139
51141
51144
51145
51165
51166
51168
51171
51172
51174
51175
51177
51180
51181
51273
51274
51276
51279
51280
51282
51283
51285
51288
51289
51300
51301
51303
51306
51307
51327
51328
51330
51333
51334
51336
51337
51339
51342
51343
51516
51517
51519
51522
51523
51525
51526
51528
51531
51532
51543
51544
51546
51549
51550
51570
51571
51573
51576
51577
51579
51580
51582
51585
51586
51597
51598
51600
51603
51604
51606
51607
51609
51612
51613
51624
51625
51627
51630
51631
51651
51652
51654
51657
51658
51660
51661
51663
51666
51667
59049
59050
59052
59055
59056
59058
59059
59061
59064
59065
59076
59077
59079
59082
59083
59103
59104
59106
59109
59110
59112
59113
59115
59118
59119
59130
59131
59133
59136
59137
59139
59140
59142
59145
59146
59157
59158
59160
59163
59164
59184
59185
59187
59190
59191
59193
59194
59196
59199
59200
59292
59293
59295
59298
59299
59301
59302
59304
59307
59308
59319
59320
59322
59325
59326
59346
59347
59349
59352
59353
59355
59356
59358
59361
59362
59535
59536
59538
59541
59542
59544
59545
59547
59550
59551
59562
59563
59565
59568
59569
59589
59590
59592
59595
59596
59598
59599
59601
59604
59605
59616
59617
59619
59622
59623
59625
59626
59628
59631
59632
59643
59644
59646
59649
59650
59670
59671
59673
59676
59677
59679
59680
59682
59685
59686
59778
59779
59781
59784
59785
59787
59788
59790
59793
59794
59805
59806
59808
59811
59812
59832
59833
59835
59838
59839
59841
59842
59844
59847
59848
59859
59860
59862
59865
59866
59868
59869
59871
59874
59875
59886
59887
59889
59892
59893
59913
59914
59916
59919
59920
59922
59923
59925
59928
59929
60021
60022
60024
60027
60028
60030
60031
60033
60036
60037
60048
60049
60051
60054
60055
60075
60076
60078
60081
60082
60084
60085
60087
60090
60091
60264
60265
60267
60270
60271
60273
60274
60276
60279
60280
60291
60292
60294
60297
60298
60318
60319
60321
60324
60325
60327
60328
60330
60333
60334
60345
60346
60348
60351
60352
60354
60355
60357
60360
60361
60372
60373
60375
60378
60379
60399
60400
60402
60405
60406
60408
60409
60411
60414
60415
61236
61237
61239
61242
61243
61245
61246
61248
61251
61252
61263
61264
61266
61269
61270
61290
61291
61293
61296
61297
61299
61300
61302
61305
61306
61317
61318
61320
61323
61324
61326
61327
61329
61332
61333
61344
61345
61347
61350
61351
61371
61372
61374
61377
61378
61380
61381
61383
61386
61387
61479
61480
61482
61485
61486
61488
61489
61491
61494
61495
61506
61507
61509
61512
61513
61533
61534
61536
61539
61540
61542
61543
61545
61548
61549
61722
61723
61725
61728
61729
61731
61732
61734
61737
61738
61749
61750
61752
61755
61756
61776
61777
61779
61782
61783
61785
61786
61788
61791
61792
61803
61804
61806
61809
61810
61812
61813
61815
61818
61819
61830
61831
61833
61836
61837
61857
61858
61860
61863
61864
61866
61867
61869
61872
61873
63423
63424
63426
63429
63430
63432
63433
63435
63438
63439
63450
63451
63453
63456
63457
63477
63478
63480
63483
63484
63486
63487
63489
63492
63493
63504
63505
63507
63510
63511
63513
63514
63516
63519
63520
63531
63532
63534
63537
63538
63558
63559
63561
63564
63565
63567
63568
63570
63573
63574
63666
63667
63669
63672
63673
63675
63676
63678
63681
63682
63693
63694
63696
63699
63700
63720
63721
63723
63726
63727
63729
63730
63732
63735
63736
63909
63910
63912
63915
63916
63918
63919
63921
63924
63925
63936
63937
63939
63942
63943
63963
63964
63966
63969
63970
63972
63973
63975
63978
63979
63990
63991
63993
63996
63997
63999
64000
64002
64005
64006
64017
64018
64020
64023
64024
64044
64045
64047
64050
64051
64053
64054
64056
64059
64060
64152
64153
64155
64158
64159
64161
64162
64164
64167
64168
64179
64180
64182
64185
64186
64206
64207
64209
64212
64213
64215
64216
64218
64221
64222
64233
64234
64236
64239
64240
64242
64243
64245
64248
64249
64260
64261
64263
64266
64267
64287
64288
64290
64293
64294
64296
64297
64299
64302
64303
64395
64396
64398
64401
64402
64404
64405
64407
64410
64411
64422
64423
64425
64428
64429
64449
64450
64452
64455
64456
64458
64459
64461
64464
64465
64638
64639
64641
64644
64645
64647
64648
64650
64653
64654
64665
64666
64668
64671
64672
64692
64693
64695
64698
64699
64701
64702
64704
64707
64708
64719
64720
64722
64725
64726
64728
64729
64731
64734
64735
64746
64747
64749
64752
64753
64773
64774
64776
64779
64780
64782
64783
64785
64788
64789
65610
65611
65613
65616
65617
65619
65620
65622
65625
65626
65637
65638
65640
65643
65644
65664
65665
65667
65670
65671
65673
65674
65676
65679
65680
65691
65692
65694
65697
65698
65700
65701
65703
65706
65707
65718
65719
65721
65724
65725
65745
65746
65748
65751
65752
65754
65755
65757
65760
65761
65853
65854
65856
65859
65860
65862
65863
65865
65868
65869
65880
65881
65883
65886
65887
65907
65908
65910
65913
65914
65916
65917
65919
65922
65923
66096
66097
66099
66102
66103
66105
66106
66108
66111
66112
66123
66124
66126
66129
66130
66150
66151
66153
66156
66157
66159
66160
66162
66165
66166
66177
66178
66180
66183
66184
66186
66187
66189
66192
66193
66204
66205
66207
66210
66211
66231
66232
66234
66237
66238
66240
66241
66243
66246
66247
66339
66340
66342
66345
66346
66348
66349
66351
66354
66355
66366
66367
66369
66372
66373
66393
66394
66396
66399
66400
66402
66403
66405
66408
66409
66420
66421
66423
66426
66427
66429
66430
66432
66435
66436
66447
66448
66450
66453
66454
66474
66475
66477
66480
66481
66483
66484
66486
66489
66490
66582
66583
66585
66588
66589
66591
66592
66594
66597
66598
66609
66610
66612
66615
66616
66636
66637
66639
66642
66643
66645
66646
66648
66651
66652
66825
66826
66828
66831
66832
66834
66835
66837
66840
66841
66852
66853
66855
66858
66859
66879
66880
66882
66885
66886
66888
66889
66891
66894
66895
66906
66907
66909
66912
66913
66915
66916
66918
66921
66922
66933
66934
66936
66939
66940
66960
66961
66963
66966
66967
66969
66970
66972
66975
66976
67797
67798
67800
67803
67804
67806
67807
67809
67812
67813
67824
67825
67827
67830
67831
67851
67852
67854
67857
67858
67860
67861
67863
67866
67867
67878
67879
67881
67884
67885
67887
67888
67890
67893
67894
67905
67906
67908
67911
67912
67932
67933
67935
67938
67939
67941
67942
67944
67947
67948
68040
68041
68043
68046
68047
68049
68050
68052
68055
68056
68067
68068
68070
68073
68074
68094
68095
68097
68100
68101
68103
68104
68106
68109
68110
68283
68284
68286
68289
68290
68292
68293
68295
68298
68299
68310
68311
68313
68316
68317
68337
68338
68340
68343
68344
68346
68347
68349
68352
68353
68364
68365
68367
68370
68371
68373
68374
68376
68379
68380
68391
68392
68394
68397
68398
68418
68419
68421
68424
68425
68427
68428
68430
68433
68434
69984
69985
69987
69990
69991
69993
69994
69996
69999
70000
70011
70012
70014
70017
70018
70038
70039
70041
70044
70045
70047
70048
70050
70053
70054
70065
70066
70068
70071
70072
70074
70075
70077
70080
70081
70092
70093
70095
70098
70099
70119
70120
70122
70125
70126
70128
70129
70131
70134
70135
70227
70228
70230
70233
70234
70236
70237
70239
70242
70243
70254
70255
70257
70260
70261
70281
70282
70284
70287
70288
70290
70291
70293
70296
70297
70470
70471
70473
70476
70477
70479
70480
70482
70485
70486
70497
70498
70500
70503
70504
70524
70525
70527
70530
70531
70533
70534
70536
70539
70540
70551
70552
70554
70557
70558
70560
70561
70563
70566
70567
70578
70579
70581
70584
70585
70605
70606
70608
70611
70612
70614
70615
70617
70620
70621
70713
70714
70716
70719
70720
70722
70723
70725
70728
70729
70740
70741
70743
70746
70747
70767
70768
70770
70773
70774
70776
70777
70779
70782
70783
70794
70795
70797
70800
70801
70803
70804
70806
70809
70810
70821
70822
70824
70827
70828
70848
70849
70851
70854
70855
70857
70858
70860
70863
70864
70956
70957
70959
70962
70963
70965
70966
70968
70971
70972
70983
70984
70986
70989
70990
71010
71011
71013
71016
71017
71019
71020
71022
71025
71026
71199
71200
71202
71205
71206
71208
71209
71211
71214
71215
71226
71227
71229
71232
71233
71253
71254
71256
71259
71260
71262
71263
71265
71268
71269
71280
71281
71283
71286
71287
71289
71290
71292
71295
71296
71307
71308
71310
71313
71314
71334
71335
71337
71340
71341
71343
71344
71346
71349
71350
78732
78733
78735
78738
78739
78741
78742
78744
78747
78748
78759
78760
78762
78765
78766
78786
78787
78789
78792
78793
78795
78796
78798
78801
78802
78813
78814
78816
78819
78820
78822
78823
78825
78828
78829
78840
78841
78843
78846
78847
78867
78868
78870
78873
78874
78876
78877
78879
78882
78883
78975
78976
78978
78981
78982
78984
78985
78987
78990
78991
79002
79003
79005
79008
79009
79029
79030
79032
79035
79036
79038
79039
79041
79044
79045
79218
79219
79221
79224
79225
79227
79228
79230
79233
79234
79245
79246
79248
79251
79252
79272
79273
79275
79278
79279
79281
79282
79284
79287
79288
79299
79300
79302
79305
79306
79308
79309
79311
79314
79315
79326
79327
79329
79332
79333
79353
79354
79356
79359
79360
79362
79363
79365
79368
79369
79461
79462
79464
79467
79468
79470
79471
79473
79476
79477
79488
79489
79491
79494
79495
79515
79516
79518
79521
79522
79524
79525
79527
79530
79531
79542
79543
79545
79548
79549
79551
79552
79554
79557
79558
79569
79570
79572
79575
79576
79596
79597
79599
79602
79603
79605
79606
79608
79611
79612
79704
79705
79707
79710
79711
79713
79714
79716
79719
79720
79731
79732
79734
79737
79738
79758
79759
79761
79764
79765
79767
79768
79770
79773
79774
79947
79948
79950
79953
79954
79956
79957
79959
79962
79963
79974
79975
79977
79980
79981
80001
80002
80004
80007
80008
80010
80011
80013
80016
80017
80028
80029
80031
80034
80035
80037
80038
80040
80043
80044
80055
80056
80058
80061
80062
80082
80083
80085
80088
80089
80091
80092
80094
80097
80098
80919
80920
80922
80925
80926
80928
80929
80931
80934
80935
80946
80947
80949
80952
80953
80973
80974
80976
80979
80980
80982
80983
80985
80988
80989
81000
81001
81003
81006
81007
81009
81010
81012
81015
81016
81027
81028
81030
81033
81034
81054
81055
81057
81060
81061
81063
81064
81066
81069
81070
81162
81163
81165
81168
81169
81171
81172
81174
81177
81178
81189
81190
81192
81195
81196
81216
81217
81219
81222
81223
81225
81226
81228
81231
81232
81405
81406
81408
81411
81412
81414
81415
81417
81420
81421
81432
81433
81435
81438
81439
81459
81460
81462
81465
81466
81468
81469
81471
81474
81475
81486
81487
81489
81492
81493
81495
81496
81498
81501
81502
81513
81514
81516
81519
81520
81540
81541
81543
81546
81547
81549
81550
81552
81555
81556
83106
83107
83109
83112
83113
83115
83116
83118
83121
83122
83133
83134
83136
83139
83140
83160
83161
83163
83166
83167
83169
83170
83172
83175
83176
83187
83188
83190
83193
83194
83196
83197
83199
83202
83203
83214
83215
83217
83220
83221
83241
83242
83244
83247
83248
83250
83251
83253
83256
83257
83349
83350
83352
83355
83356
83358
83359
83361
83364
83365
83376
83377
83379
83382
83383
83403
83404
83406
83409
83410
83412
83413
83415
83418
83419
83592
83593
83595
83598
83599
83601
83602
83604
83607
83608
83619
83620
83622
83625
83626
83646
83647
83649
83652
83653
83655
83656
83658
83661
83662
83673
83674
83676
83679
83680
83682
83683
83685
83688
83689
83700
83701
83703
83706
83707
83727
83728
83730
83733
83734
83736
83737
83739
83742
83743
83835
83836
83838
83841
83842
83844
83845
83847
83850
83851
83862
83863
83865
83868
83869
83889
83890
83892
83895
83896
83898
83899
83901
83904
83905
83916
83917
83919
83922
83923
83925
83926
83928
83931
83932
83943
83944
83946
83949
83950
83970
83971
83973
83976
83977
83979
83980
83982
83985
83986
84078
84079
84081
84084
84085
84087
84088
84090
84093
84094
84105
84106
84108
84111
84112
84132
84133
84135
84138
84139
84141
84142
84144
84147
84148
84321
84322
84324
84327
84328
84330
84331
84333
84336
84337
84348
84349
84351
84354
84355
84375
84376
84378
84381
84382
84384
84385
84387
84390
84391
84402
84403
84405
84408
84409
84411
84412
84414
84417
84418
84429
84430
84432
84435
84436
84456
84457
84459
84462
84463
84465
84466
84468
84471
84472
98415
98416
98418
98421
98422
98424
98425
98427
98430
98431
98442
98443
98445
98448
98449
98469
98470
98472
98475
98476
98478
98479
98481
98484
98485
98496
98497
98499
98502
98503
98505
98506
98508
98511
98512
98523
98524
98526
98529
98530
98550
98551
98553
98556
98557
98559
98560
98562
98565
98566
98658
98659
98661
98664
98665
98667
98668
98670
98673
98674
98685
98686
98688
98691
98692
98712
98713
98715
98718
98719
98721
98722
98724
98727
98728
98901
98902
98904
98907
98908
98910
98911
98913
98916
98917
98928
98929
98931
98934
98935
98955
98956
98958
98961
98962
98964
98965
98967
98970
98971
98982
98983
98985
98988
98989
98991
98992
98994
98997
98998
99009
99010
99012
99015
99016
99036
99037
99039
99042
99043
99045
99046
99048
99051
99052
99144
99145
99147
99150
99151
99153
99154
99156
99159
99160
99171
99172
99174
99177
99178
99198
99199
99201
99204
99205
99207
99208
99210
99213
99214
99225
99226
99228
99231
99232
99234
99235
99237
99240
99241
99252
99253
99255
99258
99259
99279
99280
99282
99285
99286
99288
99289
99291
99294
99295
99387
99388
99390
99393
99394
99396
99397
99399
99402
99403
99414
99415
99417
99420
99421
99441
99442
99444
99447
99448
99450
99451
99453
99456
99457
99630
99631
99633
99636
99637
99639
99640
99642
99645
99646
99657
99658
99660
99663
99664
99684
99685
99687
99690
99691
99693
99694
99696
99699
99700
99711
99712
99714
99717
99718
99720
99721
99723
99726
99727
99738
99739
99741
99744
99745
99765
99766
99768
99771
99772
99774
99775
99777
99780
99781
