2
3
4
5
6
7
8
9
10
11
12
13
14
15
16
17
18
19
20
21
22
24
25
26
27
28
29
30
31
32
33
34
35
36
37
38
39
40
41
42
43
44
45
46
47
48
49
50
51
52
53
54
55
56
57
58
59
60
61
62
63
64
65
66
67
68
69
70
71
72
73
74
75
76
77
78
79
80
81
82
83
84
85
86
87
88
89
90
91
92
93
94
95
96
97
98
99
100
101
102
103
104
105
106
107
108
109
110
111
112
113
114
115
116
117
118
120
121
123
124
125
126
127
128
130
131
132
133
134
135
136
137
138
139
140
141
142
144
145
146
149
150
151
152
153
154
155
159
160
162
163
164
168
169
171
172
173
175
177
178
179
180
181
182
183
184
185
186
187
188
189
190
193
195
196
197
198
200
204
205
208
209
211
213
214
216
217
218
219
220
222
223
224
225
226
227
228
229
230
231
232
233
234
235
237
240
243
244
246
247
248
251
252
253
255
258
259
260
261
262
263
264
265
266
267
268
269
270
271
272
273
274
275
276
277
278
279
280
283
284
285
287
288
289
291
292
293
294
295
296
297
298
299
301
303
304
305
306
307
310
311
312
313
314
315
316
318
319
321
323
324
325
327
328
329
330
331
333
334
337
339
340
341
343
346
348
349
350
351
352
353
355
357
358
360
365
368
369
370
371
372
373
374
376
377
378
379
382
384
385
387
388
389
390
392
393
395
396
397
399
401
404
405
406
408
410
411
413
414
415
417
423
424
425
426
428
430
432
433
434
435
437
438
439
440
441
442
443
444
446
447
448
449
450
451
452
453
455
456
458
459
460
464
465
467
469
471
473
474
476
477
478
480
485
486
487
488
490
492
493
495
496
497
498
501
502
504
505
506
509
510
511
512
513
514
516
519
520
521
522
523
524
525
528
529
532
533
535
537
540
541
542
544
546
547
549
550
551
555
556
559
560
565
567
568
569
571
573
574
576
577
578
582
583
585
586
587
591
592
597
602
604
606
608
611
612
613
615
617
620
621
622
623
625
627
628
630
631
632
634
635
636
637
638
639
640
642
645
647
648
649
651
653
656
657
658
660
663
665
666
669
671
673
675
676
678
680
683
697
702
703
706
707
708
711
712
713
715
716
720
729
730
731
732
733
734
735
736
737
738
739
740
741
742
744
745
746
747
748
749
750
753
754
755
756
757
759
760
761
762
764
765
766
770
773
774
775
777
779
780
782
783
784
785
786
789
790
792
793
794
797
798
799
800
801
802
803
804
807
808
810
811
812
813
814
815
816
817
818
819
820
821
822
825
826
828
829
830
834
835
837
838
840
842
845
852
853
856
857
861
862
864
865
866
867
868
870
871
873
874
875
879
880
888
889
891
892
893
897
898
900
901
902
906
907
909
910
911
915
916
933
934
940
942
943
945
946
947
948
949
951
952
954
955
956
958
960
961
962
963
964
969
972
973
975
977
980
981
982
984
999
1000
1002
1004
1007
1008
1009
1013
1016
1017
1018
1020
1021
1022
1025
1026
1027
1040
1043
1044
1045
1047
1050
1053
1054
1061
1062
1063
1066
1068
1095
1096
1104
1105
1107
1108
1110
1111
1113
1116
1117
1120
1122
1123
1124
1125
1126
1131
1132
1147
1149
1158
1160
1165
1167
1169
1170
1171
1176
1177
1178
1185
1186
1188
1189
1191
1192
1197
1198
1215
1216
1217
1218
1219
1221
1222
1223
1224
1225
1226
1228
1230
1231
1233
1234
1235
1239
1240
1242
1243
1245
1246
1251
1252
1269
1270
1271
1275
1276
1278
1279
1280
1284
1285
1296
1297
1298
1299
1300
1302
1303
1305
1306
1307
1311
1312
1314
1315
1316
1320
1321
1338
1339
1347
1348
1350
1351
1352
1353
1354
1356
1357
1359
1360
1361
1365
1366
1374
1375
1419
1420
1428
1429
1431
1432
1434
1435
1440
1441
1458
1459
1460
1464
1465
1467
1468
1469
1473
1474
1476
1477
1478
1482
1483
1512
1513
1514
1518
1519
1521
1522
1523
1527
1528
1539
1540
1541
1545
1546
1548
1549
1550
1554
1555
1557
1558
1559
1563
1564
1593
1594
1595
1599
1600
1602
1603
1604
1608
1609
1620
1621
1622
1626
1627
1629
1630
1631
1635
1636
1638
1639
1640
1644
1645
1674
1675
1676
1680
1681
1683
1684
1685
1689
1690
1944
1945
1946
1950
1951
1953
1954
1955
1959
1960
1962
1963
1964
1968
1969
1998
1999
2000
2004
2005
2007
2008
2009
2013
2014
2025
2026
2027
2031
2032
2034
2035
2036
2040
2041
2043
2044
2045
2049
2050
2079
2080
2081
2085
2086
2088
2089
2090
2094
2095
2187
2188
2190
2192
2195
2196
2197
2199
2214
2215
2217
2219
2222
2228
2231
2232
2233
2235
2237
2240
2255
2258
2259
2260
2262
2268
2269
2271
2273
2276
2277
2278
2280
2295
2296
2298
2300
2303
2430
2431
2433
2435
2438
2439
2440
2442
2457
2458
2460
2462
2465
2471
2474
2475
2476
2478
2480
2483
2498
2501
2502
2503
2505
2552
2555
2556
2557
2559
2561
2564
2579
2582
2583
2584
2586
2592
2593
2595
2597
2600
2601
2602
2604
2619
2620
2622
2624
2627
2633
2636
2637
2638
2640
2642
2645
2660
2663
2664
2665
2667
2795
2798
2799
2800
2802
2804
2807
2822
2825
2826
2827
2829
2835
2836
2838
2840
2843
2844
2845
2847
2862
2863
2865
2867
2870
3281
3284
3285
3286
3288
3290
3293
3308
3311
3312
3313
3315
3321
3322
3324
3326
3329
3330
3331
3333
3348
3349
3351
3353
3356
3362
3365
3366
3367
3369
3371
3374
3389
3392
3393
3394
3396
3524
3527
3528
3529
3531
3533
3536
3551
3554
3555
3556
3558
3564
3565
3567
3569
3572
3573
3574
3576
3591
3592
3594
3596
3599
3645
3646
3648
3650
3653
3654
3655
3657
3672
3673
3675
3677
3680
3686
3689
3690
3691
3693
3695
3698
3713
3716
3717
3718
3720
3726
3727
3729
3731
3734
3735
3736
3738
3753
3754
3756
3758
3761
3888
3889
3891
3893
3896
3897
3898
3900
3915
3916
3918
3920
3923
3929
3932
3933
3934
3936
3938
3941
3956
3959
3960
3961
3963
4010
4013
4014
4015
4017
4019
4022
4037
4040
4041
4042
4044
4050
4051
4053
4055
4058
4059
4060
4062
4077
4078
4080
4082
4085
4091
4094
4095
4096
4098
4100
4103
4118
4121
4122
4123
4125
4253
4256
4257
4258
4260
4262
4265
4280
4283
4284
4285
4287
4293
4294
4296
4298
4301
4302
4303
4305
4320
4321
4323
4325
4328
4374
4375
4376
4380
4381
4383
4384
4385
4389
4390
4392
4393
4394
4398
4399
4428
4429
4430
4434
4435
4437
4438
4439
4443
4444
4455
4456
4457
4461
4462
4464
4465
4466
4470
4471
4473
4474
4475
4479
4480
4509
4510
4511
4515
4516
4518
4519
4520
4524
4525
4536
4537
4538
4542
4543
4545
4546
4547
4551
4552
4554
4555
4556
4560
4561
4590
4591
4592
4596
4597
4599
4600
4601
4605
4606
4860
4861
4862
4866
4867
4869
4870
4871
4875
4876
4878
4879
4880
4884
4885
4914
4915
4916
4920
4921
4923
4924
4925
4929
4930
4941
4942
4943
4947
4948
4950
4951
4952
4956
4957
4959
4960
4961
4965
4966
4995
4996
4997
5001
5002
5004
5005
5006
5010
5011
5103
5104
5105
5109
5110
5112
5113
5114
5118
5119
5121
5122
5123
5127
5128
5157
5158
5159
5163
5164
5166
5167
5168
5172
5173
5184
5185
5186
5190
5191
5193
5194
5195
5199
5200
5202
5203
5204
5208
5209
5238
5239
5240
5244
5245
5247
5248
5249
5253
5254
5265
5266
5267
5271
5272
5274
5275
5276
5280
5281
5283
5284
5285
5289
5290
5319
5320
5321
5325
5326
5328
5329
5330
5334
5335
5589
5590
5591
5595
5596
5598
5599
5600
5604
5605
5607
5608
5609
5613
5614
5643
5644
5645
5649
5650
5652
5653
5654
5658
5659
5670
5671
5672
5676
5677
5679
5680
5681
5685
5686
5688
5689
5690
5694
5695
5724
5725
5726
5730
5731
5733
5734
5735
5739
5740
6561
6562
6563
6567
6568
6570
6571
6572
6576
6577
6579
6580
6581
6585
6586
6615
6616
6617
6621
6622
6624
6625
6626
6630
6631
6642
6643
6644
6648
6649
6651
6652
6653
6657
6658
6660
6661
6662
6666
6667
6696
6697
6698
6702
6703
6705
6706
6707
6711
6712
6723
6724
6725
6729
6730
6732
6733
6734
6738
6739
6741
6742
6743
6747
6748
6777
6778
6779
6783
6784
6786
6787
6788
6792
6793
7047
7048
7049
7053
7054
7056
7057
7058
7062
7063
7065
7066
7067
7071
7072
7101
7102
7103
7107
7108
7110
7111
7112
7116
7117
7128
7129
7130
7134
7135
7137
7138
7139
7143
7144
7146
7147
7148
7152
7153
7182
7183
7184
7188
7189
7191
7192
7193
7197
7198
7290
7291
7292
7296
7297
7299
7300
7301
7305
7306
7308
7309
7310
7314
7315
7344
7345
7346
7350
7351
7353
7354
7355
7359
7360
7371
7372
7373
7377
7378
7380
7381
7382
7386
7387
7389
7390
7391
7395
7396
7425
7426
7427
7431
7432
7434
7435
7436
7440
7441
7452
7453
7454
7458
7459
7461
7462
7463
7467
7468
7470
7471
7472
7476
7477
7506
7507
7508
7512
7513
7515
7516
7517
7521
7522
7776
7777
7778
7782
7783
7785
7786
7787
7791
7792
7794
7795
7796
7800
7801
7830
7831
7832
7836
7837
7839
7840
7841
7845
7846
7857
7858
7859
7863
7864
7866
7867
7868
7872
7873
7875
7876
7877
7881
7882
7911
7912
7913
7917
7918
7920
7921
7922
7926
7927
8019
8020
8021
8025
8026
8028
8029
8030
8034
8035
8037
8038
8039
8043
8044
8073
8074
8075
8079
8080
8082
8083
8084
8088
8089
8100
8101
8102
8106
8107
8109
8110
8111
8115
8116
8118
8119
8120
8124
8125
8154
8155
8156
8160
8161
8163
8164
8165
8169
8170
8181
8182
8183
8187
8188
8190
8191
8192
8196
8197
8199
8200
8201
8205
8206
8235
8236
8237
8241
8242
8244
8245
8246
8250
8251
8505
8506
8507
8511
8512
8514
8515
8516
8520
8521
8523
8524
8525
8529
8530
8559
8560
8561
8565
8566
8568
8569
8570
8574
8575
8586
8587
8588
8592
8593
8595
8596
8597
8601
8602
8604
8605
8606
8610
8611
8640
8641
8642
8646
8647
8649
8650
8651
8655
8656
