9
10
12
70
73
75
76
81
82
90
91
93
97
108
109
615
616
631
657
667
675
676
684
685
696
697
729
730
738
739
741
772
781
804
805
810
811
819
820
822
837
838
853
876
883
885
957
966
972
973
981
982
984
5475
5476
5535
5536
5544
5545
5556
5557
6075
6076
6084
6085
6150
6151
6156
6157
6165
6166
6204
6205
6264
6265
6273
6274
6285
6286
6561
6562
6570
6571
6573
6636
6637
6642
6643
6651
6652
6654
6669
6670
7176
7177
7236
7237
7245
7246
7257
7258
7290
7291
7299
7300
7302
7365
7366
7371
7372
7380
7381
7383
7398
7399
7437
7446
7518
7527
7533
7534
7542
7543
7545
7884
7885
7965
7966
8613
8614
8694
8695
8748
8749
8757
8758
8760
8829
8830
8838
8839
8841
8856
8857
