2
3
4
5
6
7
8
9
10
11
12
13
14
15
16
17
18
19
20
21
22
23
24
25
26
27
28
29
30
31
32
33
34
35
36
37
38
39
40
41
42
43
44
45
46
47
48
49
50
51
52
53
54
55
56
57
58
59
60
61
62
63
64
65
66
67
68
69
70
71
72
73
74
75
76
77
78
79
80
81
82
83
84
85
86
87
88
89
90
91
92
93
94
95
96
97
98
99
100
101
102
103
104
105
106
107
108
109
110
111
112
113
114
115
116
117
118
119
120
121
122
123
124
125
126
127
128
129
130
131
132
133
134
135
136
137
138
139
140
141
142
143
144
145
146
147
148
149
150
151
152
153
154
155
156
157
159
160
161
162
163
164
165
166
168
169
170
171
172
173
174
175
176
177
178
179
180
181
182
183
184
185
186
187
188
189
190
191
192
193
194
195
196
197
198
199
200
201
202
204
205
206
207
208
209
210
211
212
213
214
216
217
218
219
220
221
222
223
224
225
226
227
228
229
230
231
232
233
234
235
236
237
240
241
242
243
244
245
246
247
248
249
250
251
252
253
254
255
256
258
259
260
261
262
263
264
265
267
268
270
271
272
273
274
275
276
277
278
279
280
282
283
284
285
287
288
289
291
292
293
294
296
297
298
300
301
302
303
304
306
307
310
311
312
313
314
315
316
318
319
320
323
324
325
327
328
329
330
331
332
333
334
336
337
339
340
345
346
348
349
351
352
354
355
356
357
358
359
360
361
363
364
365
368
369
370
372
373
374
377
378
379
382
384
385
387
388
390
392
393
394
395
396
397
399
400
401
404
405
406
408
409
410
413
414
415
417
418
426
427
432
433
435
436
437
438
439
440
441
442
444
445
446
447
448
449
450
451
453
454
455
456
458
459
460
462
463
465
471
473
474
475
476
477
478
480
481
482
483
485
486
487
488
489
490
492
493
494
495
496
497
498
501
502
503
504
505
506
507
510
511
512
513
514
516
517
519
520
522
523
525
526
528
529
534
535
537
540
541
542
543
544
546
547
548
549
550
551
553
555
556
557
558
559
560
564
565
566
567
568
569
570
571
573
574
575
576
577
578
579
580
582
583
584
585
586
587
591
592
593
598
600
601
603
604
607
608
610
611
612
613
615
616
617
620
621
622
623
627
628
629
630
631
632
634
635
636
637
638
639
640
641
642
643
644
645
646
647
648
649
650
651
652
653
654
655
656
657
658
659
660
661
663
664
665
666
667
668
672
673
674
675
676
678
679
680
683
684
685
687
688
689
692
693
694
696
697
698
701
702
703
704
708
709
710
711
712
713
716
717
718
719
720
721
722
723
724
725
726
727
728
729
730
731
732
733
734
735
736
737
738
739
740
741
742
744
745
746
747
748
749
750
753
754
755
756
757
759
760
761
762
763
764
765
766
768
769
770
771
772
773
774
775
777
778
779
780
782
783
784
785
786
787
789
790
791
792
793
794
796
797
798
799
800
801
802
803
804
805
806
807
808
809
810
811
812
813
814
815
816
817
818
819
820
821
822
823
825
826
827
828
829
830
831
832
834
835
836
837
838
840
841
842
845
846
847
849
850
852
853
859
861
862
864
865
866
867
868
870
871
872
873
874
875
876
877
879
880
881
882
883
884
885
886
888
889
890
891
892
893
897
898
899
900
901
902
906
907
908
909
910
911
912
913
915
916
917
918
919
922
924
925
927
928
930
933
934
939
942
943
945
946
947
948
949
951
952
953
954
955
956
957
958
960
961
962
963
964
965
966
967
969
970
971
972
973
975
976
977
978
979
980
981
982
984
985
987
988
996
997
999
1000
1002
1003
1004
1005
1006
1007
1008
1009
1011
1012
1013
1014
1015
1016
1017
1018
1020
1021
1022
1025
1040
1043
1044
1045
1047
1048
1049
1052
1053
1054
1056
1057
1058
1061
1062
1063
1065
1066
1068
1069
1077
1078
1080
1081
1083
1084
1085
1088
1089
1090
1092
1093
1095
1096
1104
1105
1107
1108
1110
1111
1116
1117
1119
1120
1122
1123
1131
1132
1167
1168
1170
1171
1173
1176
1177
1182
1185
1186
1188
1189
1191
1192
1197
1198
1200
1201
1203
1204
1209
1210
1212
1213
1215
1216
1217
1218
1219
1221
1222
1223
1224
1225
1226
1227
1228
1230
1231
1232
1233
1234
1235
1239
1240
1241
1242
1243
1245
1246
1248
1249
1251
1252
1254
1255
1257
1258
1263
1264
1269
1270
1271
1273
1275
1276
1277
1278
1279
1280
1284
1285
1286
1287
1288
1289
1293
1294
1295
1296
1297
1298
1299
1300
1302
1303
1304
1305
1306
1307
1308
1309
1311
1312
1313
1314
1315
1316
1320
1321
1322
1323
1324
1326
1327
1332
1333
1335
1336
1338
1339
1347
1348
1350
1351
1352
1353
1354
1356
1357
1358
1359
1360
1361
1362
1363
1365
1366
1367
1368
1369
1370
1374
1375
1376
1377
1378
1379
1383
1384
1385
1386
1387
1388
1392
1393
1394
1395
1396
1397
1401
1402
1403
1419
1420
1428
1429
1431
1432
1433
1434
1435
1437
1438
1439
1440
1441
1442
1443
1444
1446
1447
1448
1449
1450
1451
1455
1456
1457
1458
1459
1460
1464
1465
1466
1467
1468
1469
1473
1474
1475
1476
1477
1478
1482
1483
1484
1512
1513
1514
1518
1519
1520
1521
1522
1523
1527
1528
1529
1530
1531
1532
1536
1537
1538
1539
1540
1541
1545
1546
1547
1548
1549
1550
1554
1555
1556
1557
1558
1559
1563
1564
1565
1593
1594
1595
1599
1600
1601
1602
1603
1604
1608
1609
1610
1611
1612
1613
1617
1618
1619
1620
1621
1622
1626
1627
1628
1629
1630
1631
1635
1636
1637
1638
1639
1640
1644
1645
1646
1674
1675
1676
1680
1681
1682
1683
1684
1685
1689
1690
1691
1692
1693
1694
1698
1699
1700
1824
1825
1833
1834
1836
1837
1839
1840
1845
1846
1848
1849
1851
1852
1860
1861
1905
1906
1914
1915
1917
1918
1920
1921
1926
1927
1929
1930
1932
1933
1941
1942
1944
1945
1946
1947
1948
1950
1951
1952
1953
1954
1955
1956
1957
1959
1960
1961
1962
1963
1964
1968
1969
1970
1971
1972
1974
1975
1980
1981
1983
1984
1998
1999
2000
2004
2005
2006
2007
2008
2009
2013
2014
2015
2016
2017
2018
2022
2023
2024
2025
2026
2027
2028
2029
2031
2032
2033
2034
2035
2036
2037
2038
2040
2041
2042
2043
2044
2045
2049
2050
2051
2052
2053
2055
2056
2061
2062
2064
2065
2067
2068
2076
2077
2079
2080
2081
2082
2083
2085
2086
2087
2088
2089
2090
2091
2092
2094
2095
2096
2097
2098
2099
2103
2104
2105
2106
2107
2108
2112
2113
2114
2115
2116
2117
2121
2122
2123
2124
2125
2126
2130
2131
2132
2148
2149
2157
2158
2160
2161
2162
2163
2164
2166
2167
2168
2169
2170
2171
2172
2173
2175
2176
2177
2178
2179
2180
2184
2185
2186
2187
2188
2190
2191
2196
2197
2199
2200
2202
2203
2211
2212
2214
2215
2217
2218
2223
2224
2226
2227
2268
2269
2271
2272
2277
2278
2280
2281
2283
2284
2292
2293
2295
2296
2298
2299
2304
2305
2307
2308
2310
2311
2319
2320
2322
2323
2325
2326
2331
2332
2334
2335
2337
2338
2346
2347
2391
2392
2400
2401
2403
2404
2406
2407
2412
2413
2415
2416
2418
2419
2427
2428
2430
2431
2433
2434
2439
2440
2442
2443
2445
2446
2454
2455
2457
2458
2460
2461
2466
2467
2469
2470
2511
2512
2514
2515
2520
2521
2523
2524
2526
2527
2535
2536
2538
2539
2541
2542
2547
2548
2550
2551
2916
2917
2919
2920
2925
2926
2928
2929
2931
2932
2940
2941
2943
2944
2946
2947
2952
2953
2955
2956
2997
2998
3000
3001
3006
3007
3009
3010
3012
3013
3021
3022
3024
3025
3027
3028
3033
3034
3036
3037
3039
3040
3048
3049
3051
3052
3054
3055
3060
3061
3063
3064
3066
3067
3075
3076
3120
3121
3129
3130
3132
3133
3135
3136
3141
3142
3144
3145
3147
3148
3156
3157
3159
3160
3162
3163
3168
3169
3171
3172
3174
3175
3183
3184
3186
3187
3189
3190
3195
3196
3198
3199
3240
3241
3243
3244
3249
3250
3252
3253
3255
3256
3264
3265
3267
3268
3270
3271
3276
3277
3279
3280
