2
3
4
5
6
7
8
9
10
11
12
13
14
15
16
17
18
19
20
21
22
23
24
25
26
27
28
29
30
31
32
33
34
35
36
37
38
39
40
41
42
43
44
45
46
47
48
49
50
51
52
53
54
55
56
57
58
59
60
61
62
63
64
65
66
67
68
69
70
71
72
73
74
75
76
77
78
79
80
81
82
83
84
85
86
87
88
89
90
91
92
93
94
95
96
97
98
99
100
101
102
103
104
105
106
107
108
109
110
111
112
113
114
115
116
117
118
119
120
121
122
123
124
125
126
127
128
129
130
131
132
133
134
135
136
137
138
139
140
141
142
143
144
145
146
147
148
149
150
151
152
153
154
155
156
157
158
159
160
162
163
164
165
166
167
168
169
170
171
172
173
174
175
176
177
178
179
180
181
182
183
184
185
186
187
188
189
190
191
192
193
194
195
196
197
198
199
200
201
202
203
204
205
206
207
208
209
210
211
212
213
214
215
216
217
218
219
220
221
222
223
224
225
226
227
228
229
230
231
232
233
234
235
236
237
238
239
240
243
244
245
246
247
248
249
250
251
252
253
254
255
256
257
258
259
261
262
263
264
265
266
267
268
269
270
271
272
273
274
275
276
277
279
280
281
282
283
284
285
286
287
288
289
290
291
292
293
294
295
296
297
298
299
300
301
302
303
304
306
307
308
309
310
311
312
313
314
315
316
317
318
319
320
321
322
324
325
326
327
328
329
330
331
332
333
334
335
336
337
338
339
340
341
342
343
344
345
346
347
348
349
350
351
352
353
354
355
356
357
358
359
360
361
362
363
364
365
366
367
368
369
370
371
372
373
374
375
376
377
378
379
380
381
382
383
384
385
386
387
388
389
390
391
392
393
394
395
396
397
399
400
402
403
405
406
407
408
409
410
411
412
413
414
415
416
417
418
419
420
421
423
424
425
426
427
428
429
430
431
432
433
434
435
436
437
438
439
440
441
442
443
444
445
446
447
448
449
450
451
452
453
454
455
456
457
458
459
460
461
462
463
464
465
466
467
468
469
470
471
472
473
474
475
476
477
478
479
480
486
487
488
489
490
491
492
493
494
495
496
497
498
499
500
501
502
503
504
505
506
507
508
509
510
511
512
513
514
516
517
519
520
521
522
523
524
525
526
527
528
529
531
532
533
534
535
536
537
538
540
541
542
543
544
545
546
547
548
549
550
551
552
553
554
555
556
557
558
559
561
562
564
565
567
568
569
570
571
572
573
574
575
576
577
578
579
580
581
582
583
584
585
586
587
588
589
590
591
592
593
594
595
597
598
599
600
601
602
603
604
605
606
607
608
609
610
611
612
613
615
616
617
618
619
620
621
622
623
624
625
627
628
629
630
631
632
633
634
635
636
637
638
639
640
641
642
643
645
646
648
649
650
651
652
653
654
655
656
657
658
660
661
663
664
665
666
667
669
670
672
673
675
676
678
679
681
682
684
685
687
690
691
694
696
697
699
700
702
703
705
706
708
709
711
712
714
715
717
721
729
730
731
732
733
734
735
736
737
738
739
740
741
742
743
744
745
747
748
749
750
751
752
753
754
755
756
757
758
759
760
761
762
763
765
766
767
768
769
770
771
772
773
774
775
776
777
778
779
780
781
782
783
784
785
786
787
788
789
790
791
792
793
794
795
796
797
798
799
800
801
802
804
805
807
808
810
811
812
813
814
815
816
817
818
819
820
821
822
823
824
825
826
828
829
830
831
832
833
834
835
837
838
839
840
841
842
843
844
846
847
848
849
850
851
852
853
855
856
857
858
859
860
861
862
864
865
866
867
868
869
870
871
873
874
875
876
877
879
880
883
885
886
888
889
891
892
893
894
895
896
897
898
900
901
902
903
904
905
906
907
909
910
911
912
913
914
915
916
918
919
920
921
922
923
924
925
927
928
929
930
931
932
933
934
936
937
938
939
940
941
942
943
945
946
947
948
949
950
951
952
954
955
956
957
958
960
972
973
974
975
976
977
978
979
981
982
983
984
985
986
987
988
990
991
992
993
994
995
997
999
1000
1001
1002
1003
1004
1005
1006
1008
1009
1010
1011
1012
1013
1014
1015
1017
1018
1019
1020
1021
1022
1023
1024
1026
1027
1029
1030
1032
1033
1035
1036
1038
1039
1041
1042
1047
1050
1051
1053
1054
1055
1056
1057
1058
1059
1060
1062
1063
1064
1065
1066
1067
1068
1069
1071
1072
1073
1074
1075
1076
1077
1078
1080
1081
1082
1083
1084
1085
1086
1087
1089
1090
1091
1092
1093
1094
1095
1096
1098
1099
1100
1101
1102
1103
1104
1105
1107
1108
1109
1110
1111
1112
1113
1114
1116
1117
1118
1119
1120
1122
1123
1128
1129
1131
1132
1134
1135
1136
1137
1138
1139
1140
1141
1143
1144
1145
1146
1147
1148
1149
1150
1152
1153
1154
1155
1156
1157
1158
1159
1161
1162
1163
1164
1165
1166
1168
1170
1171
1172
1173
1174
1175
1176
1177
1179
1180
1181
1182
1183
1184
1185
1186
1188
1189
1190
1191
1192
1193
1194
1195
1197
1198
1199
1215
1216
1217
1218
1219
1220
1221
1222
1224
1225
1226
1227
1228
1229
1230
1231
1233
1234
1235
1236
1237
1238
1239
1240
1242
1243
1245
1246
1248
1249
1251
1252
1254
1255
1256
1257
1258
1260
1261
1262
1263
1265
1266
1267
1269
1270
1271
1272
1273
1274
1275
1276
1278
1279
1280
1281
1282
1284
1285
1290
1291
1293
1294
1296
1297
1298
1299
1300
1301
1302
1303
1305
1306
1307
1308
1309
1310
1311
1312
1314
1315
1316
1319
1320
1321
1323
1324
1326
1327
1329
1330
1332
1333
1335
1336
1338
1339
1344
1345
1347
1350
1351
1353
1354
1356
1357
1359
1360
1362
1363
1365
1366
1371
1372
1374
1375
1389
1390
1393
1398
1399
1401
1402
1404
1405
1407
1408
1410
1411
1413
1414
1419
1420
1425
1426
1428
1431
1432
1434
1435
1458
1459
1460
1461
1462
1463
1464
1465
1467
1468
1469
1470
1471
1472
1473
1474
1476
1477
1478
1479
1480
1481
1482
1483
1485
1486
1487
1488
1489
1490
1494
1495
1496
1497
1498
1499
1500
1501
1503
1504
1505
1506
1507
1508
1509
1510
1512
1513
1514
1517
1518
1519
1521
1522
1523
1539
1540
1541
1542
1543
1544
1545
1546
1548
1549
1550
1551
1552
1553
1554
1555
1557
1558
1559
1560
1561
1562
1563
1564
1566
1567
1568
1569
1570
1571
1575
1576
1577
1578
1579
1580
1581
1582
1584
1585
1586
1587
1588
1589
1590
1591
1593
1594
1595
1598
1599
1600
1602
1603
1604
1620
1621
1622
1623
1624
1625
1626
1627
1629
1630
1631
1632
1633
1634
1635
1636
1638
1639
1640
1641
1642
1643
1644
1645
1647
1648
1649
1650
1651
1652
1654
1656
1657
1658
1659
1660
1661
1662
1663
1665
1666
1667
1668
1669
1670
1671
1674
1675
1677
1678
1701
1702
1703
1704
1705
1706
1708
1710
1711
1712
1713
1714
1715
1716
1717
1719
1720
1721
1722
1723
1724
1725
1728
1729
1730
1731
1732
1733
1735
1737
1738
1739
1740
1741
1742
1746
1747
1748
1749
1750
1751
1762
1764
1765
1770
1771
1776
1777
1779
1782
1783
1784
1785
1786
1787
1789
1791
1792
1793
1794
1795
1796
1797
1798
1800
1801
1802
1803
1804
1805
1809
1810
1811
1812
1813
1814
1818
1819
1820
1821
1822
1823
1824
1825
1827
1828
1829
1830
1831
1832
1833
1836
1837
1839
1840
1843
1845
1846
1851
1852
1857
1858
1860
1863
1864
1865
1866
1867
1868
1872
1873
1874
1875
1876
1877
1881
1882
1883
1884
1885
1886
1887
1890
1891
1892
1893
1894
1895
1897
1899
1900
1901
1902
1903
1904
1905
1906
1908
1909
1910
1911
1912
1913
1914
1917
1918
1920
1921
1944
1945
1947
1948
1951
1953
1954
1959
1960
1965
1966
1968
1971
1972
1974
1975
1978
1980
1981
2187
2188
2189
2190
2191
2192
2193
2194
2196
2197
2198
2199
2200
2201
2202
2203
2205
2206
2207
2208
2209
2210
2211
2214
2215
2216
2217
2218
2219
2220
2221
2223
2224
2225
2226
2227
2228
2229
2230
2232
2233
2234
2235
2236
2237
2241
2242
2244
2245
2247
2248
2250
2251
2253
2254
2256
2257
2262
2263
2265
2268
2269
2270
2271
2272
2273
2274
2275
2277
2278
2279
2280
2281
2282
2283
2284
2286
2287
2288
2289
2290
2291
2295
2296
2297
2298
2299
2300
2301
2302
2304
2305
2306
2307
2308
2309
2310
2311
2313
2314
2315
2316
2317
2318
2319
2322
2323
2325
2326
2328
2329
2331
2332
2334
2335
2337
2338
2343
2344
2346
2349
2350
2351
2352
2353
2354
2358
2359
2360
2361
2362
2363
2367
2368
2369
2370
2371
2372
2373
2376
2377
2378
2379
2380
2381
2383
2385
2386
2387
2388
2389
2390
2391
2392
2394
2395
2396
2397
2398
2399
2400
2403
2404
2406
2407
2430
2431
2432
2433
2434
2435
2436
2437
2439
2440
2441
2442
2443
2444
2445
2446
2448
2449
2450
2451
2452
2453
2454
2457
2458
2459
2460
2461
2462
2463
2464
2466
2467
2468
2469
2470
2471
2472
2473
2475
2476
2477
2478
2479
2480
2484
2485
2487
2488
2490
2491
2493
2494
2496
2497
2499
2500
2511
2512
2513
2514
2515
2516
2517
2518
2520
2521
2522
2523
2524
2525
2526
2527
2529
2530
2531
2532
2533
2534
2538
2539
2540
2541
2542
2543
2544
2545
2547
2548
2549
2550
2551
2552
2553
2554
2556
2557
2558
2559
2560
2561
2565
2566
2568
2569
2571
2572
2574
2575
2577
2578
2580
2581
2592
2593
2594
2595
2596
2597
2601
2602
2603
2604
2605
2606
2610
2611
2612
2613
2614
2615
2619
2620
2621
2622
2623
2624
2628
2629
2630
2631
2632
2633
2637
2638
2639
2640
2641
2642
2673
2674
2676
2677
2679
2680
2682
2683
2685
2686
2688
2689
2700
2701
2703
2704
2706
2707
2709
2710
2712
2713
2715
2716
2727
2728
2730
2731
2733
2734
2736
2737
2739
2740
2742
2743
2754
2755
2757
2758
2760
2761
2763
2764
2766
2767
2769
2770
2781
2782
2784
2785
2787
2788
2790
2791
2793
2794
2796
2797
2808
2809
2811
2812
2814
2815
2817
2818
2820
2821
2823
2824
2916
2917
2918
2919
2920
2921
2922
2923
2925
2926
2927
2928
2929
2930
2931
2932
2934
2935
2936
2937
2938
2939
2943
2944
2945
2946
2947
2948
2949
2950
2952
2953
2954
2955
2956
2957
2958
2959
2961
2962
2963
2964
2965
2966
2970
2971
2973
2974
2976
2977
2979
2980
2982
2983
2985
2986
2997
2998
2999
3000
3001
3002
3003
3004
3006
3007
3008
3009
3010
3011
3012
3013
3015
3016
3017
3018
3019
3020
3024
3025
3026
3027
3028
3029
3030
3031
3033
3034
3035
3036
3037
3038
3039
3040
3042
3043
3044
3045
3046
3047
3051
3052
3054
3055
3057
3058
3060
3061
3063
3064
3066
3067
3078
3079
3080
3081
3082
3083
3087
3088
3089
3090
3091
3092
3096
3097
3098
3099
3100
3101
3105
3106
3107
3108
3109
3110
3114
3115
3116
3117
3118
3119
3123
3124
3125
3126
3127
3128
3159
3160
3161
3162
3163
3164
3165
3166
3168
3169
3170
3171
3172
3173
3174
3175
3177
3178
3179
3180
3181
3182
3186
3187
3188
3189
3190
3191
3192
3193
3195
3196
3197
3198
3199
3200
3201
3202
3204
3205
3206
3207
3208
3209
3213
3214
3216
3217
3219
3220
3222
3223
3225
3226
3228
3229
3240
3241
3242
3243
3244
3245
3246
3247
3249
3250
3251
3252
3253
3254
3255
3256
3258
3259
3260
3261
3262
3263
3267
3268
3269
3270
3271
3272
3273
3274
3276
3277
3278
3279
3280
3281
3282
3283
3285
3286
3287
3288
3289
3290
3294
3295
3297
3298
3300
3301
3303
3304
3306
3307
3309
3310
3321
3322
3323
3324
3325
3326
3330
3331
3332
3333
3402
3403
3405
3406
3408
3409
3411
3412
3414
3415
3417
3418
3429
3430
3432
3433
3435
3436
3438
3439
3441
3442
3444
3445
3456
3457
3459
3460
3462
3463
3465
3466
3468
3469
3471
3472
3483
3484
3486
3487
3489
3490
3492
3493
3495
3496
3498
3499
3510
3511
3513
3514
3516
3517
3519
3520
3522
3523
3525
3526
3537
3538
3540
3541
3543
3544
3546
3547
3549
3550
3552
3553
4374
4375
4377
4378
4380
4381
4383
4384
4386
4387
4389
4390
4401
4402
4404
4405
4407
4408
4410
4411
4413
4414
4416
4417
4428
4429
4431
4432
4434
4435
4437
4438
4440
4441
4443
4444
4455
4456
4458
4459
4461
4462
4464
4465
4467
4468
4470
4471
4482
4483
4485
4486
4488
4489
4491
4492
4494
4495
4497
4498
4509
4510
4512
4513
4515
4516
4518
4519
4521
4522
4524
4525
4617
4618
4620
4621
4623
4624
4626
4627
4629
4630
4632
4633
4644
4645
4647
4648
4650
4651
4653
4654
4656
4657
4659
4660
4671
4672
4674
4675
4677
4678
4680
4681
4683
4684
4686
4687
4698
4699
4701
4702
4704
4705
4707
4708
4710
4711
4713
4714
4725
4726
4728
4729
4731
4732
4734
4735
4737
4738
4740
4741
4752
4753
4755
4756
4758
4759
4761
4762
4764
4765
4767
4768
4860
4861
4863
4864
4866
4867
4869
4870
4872
4873
4875
4876
4887
4888
4890
4891
4893
4894
4896
4897
4899
4900
4902
4903
4914
4915
4917
4918
4920
4921
4923
4924
4926
4927
4929
4930
4941
4942
4944
4945
4947
4948
4950
4951
4953
4954
4956
4957
4968
4969
4971
4972
4974
4975
4977
4978
4980
4981
4983
4984
4995
4996
4998
4999
5001
5002
5004
5005
5007
5008
5010
5011
5103
5104
5106
5107
5109
5110
5112
5113
5115
5116
5118
5119
5130
5131
5133
5134
5136
5137
5139
5140
5142
5143
5145
5146
5157
5158
5160
5161
5163
5164
5166
5167
5169
5170
5172
5173
5184
5185
5187
5188
5190
5191
5193
5194
5196
5197
5199
5200
5211
5212
5214
5215
5217
5218
5220
5221
5223
5224
5226
5227
5238
5239
5241
5242
5244
5245
5247
5248
5250
5251
5253
5254
5346
5347
5349
5350
5352
5353
5355
5356
5358
5359
5361
5362
5373
5374
5376
5377
5379
5380
5382
5383
5385
5386
5388
5389
5400
5401
5403
5404
5406
5407
5409
5410
5412
5413
5415
5416
5427
5428
5430
5431
5433
5434
5436
5437
5439
5440
5442
5443
5454
5455
5457
5458
5460
5461
5463
5464
5466
5467
5469
5470
5481
5482
5484
5485
5487
5488
5490
5491
5493
5494
5496
5497
5589
5590
5592
5593
5595
5596
5598
5599
5601
5602
5604
5605
5616
5617
5619
5620
5622
5623
5625
5626
5628
5629
5631
5632
5643
5644
5646
5647
5649
5650
5652
5653
5655
5656
5658
5659
5670
5671
5673
5674
5676
5677
5679
5680
5682
5683
5685
5686
5697
5698
5700
5701
5703
5704
5706
5707
5709
5710
5712
5713
5724
5725
5727
5728
5730
5731
5733
5734
5736
5737
5739
5740
6561
6562
6564
6565
6567
6568
6570
6571
6573
6574
6576
6577
6588
6589
6591
6592
6594
6595
6597
6598
6600
6601
6603
6604
6615
6616
6618
6619
6621
6622
6624
6625
6627
6628
6630
6631
6642
6643
6645
6646
6648
6649
6651
6652
6654
6655
6657
6658
6669
6670
6672
6673
6675
6676
6678
6679
6681
6682
6684
6685
6696
6697
6699
6700
6702
6703
6705
6706
6708
6709
6711
6712
6804
6805
6807
6808
6810
6811
6813
6814
6816
6817
6819
6820
6831
6832
6834
6835
6837
6838
6840
6841
6843
6844
6846
6847
6858
6859
6861
6862
6864
6865
6867
6868
6870
6871
6873
6874
6885
6886
6888
6889
6891
6892
6894
6895
6897
6898
6900
6901
6912
6913
6915
6916
6918
6919
6921
6922
6924
6925
6927
6928
6939
6940
6942
6943
6945
6946
6948
6949
6951
6952
6954
6955
7047
7048
7050
7051
7053
7054
7056
7057
7059
7060
7062
7063
7074
7075
7077
7078
7080
7081
7083
7084
7086
7087
7089
7090
7101
7102
7104
7105
7107
7108
7110
7111
7113
7114
7116
7117
7128
7129
7131
7132
7134
7135
7137
7138
7140
7141
7143
7144
7155
7156
7158
7159
7161
7162
7164
7165
7167
7168
7170
7171
7182
7183
7185
7186
7188
7189
7191
7192
7194
7195
7197
7198
7290
7291
7293
7294
7296
7297
7299
7300
7302
7303
7305
7306
7317
7318
7320
7321
7323
7324
7326
7327
7329
7330
7332
7333
7344
7345
7347
7348
7350
7351
7353
7354
7356
7357
7359
7360
7371
7372
7374
7375
7377
7378
7380
7381
7383
7384
7386
7387
7398
7399
7401
7402
7404
7405
7407
7408
7410
7411
7413
7414
7425
7426
7428
7429
7431
7432
7434
7435
7437
7438
7440
7441
7533
7534
7536
7537
7539
7540
7542
7543
7545
7546
7548
7549
7560
7561
7563
7564
7566
7567
7569
7570
7572
7573
7575
7576
7587
7588
7590
7591
7593
7594
7596
7597
7599
7600
7602
7603
7614
7615
7617
7618
7620
7621
7623
7624
7626
7627
7629
7630
7641
7642
7644
7645
7647
7648
7650
7651
7653
7654
7656
7657
7668
7669
7671
7672
7674
7675
7677
7678
7680
7681
7683
7684
7776
7777
7779
7780
7782
7783
7785
7786
7788
7789
7791
7792
7803
7804
7806
7807
7809
7810
7812
7813
7815
7816
7818
7819
7830
7831
7833
7834
7836
7837
7839
7840
7842
7843
7845
7846
7857
7858
7860
7861
7863
7864
7866
7867
7869
7870
7872
7873
7884
7885
7887
7888
7890
7891
7893
7894
7896
7897
7899
7900
7911
7912
7914
7915
7917
7918
7920
7921
7923
7924
7926
7927
8748
8749
8751
8752
8754
8755
8757
8758
8760
8761
8763
8764
8775
8776
8778
8779
8781
8782
8784
8785
8787
8788
8790
8791
8802
8803
8805
8806
8808
8809
8811
8812
8814
8815
8817
8818
8829
8830
8832
8833
8835
8836
8838
8839
8841
8842
8844
8845
8856
8857
8859
8860
8862
8863
8865
8866
8868
8869
8871
8872
8883
8884
8886
8887
8889
8890
8892
8893
8895
8896
8898
8899
8991
8992
8994
8995
8997
8998
9000
9001
9003
9004
9006
9007
9018
9019
9021
9022
9024
9025
9027
9028
9030
9031
9033
9034
9045
9046
9048
9049
9051
9052
9054
9055
9057
9058
9060
9061
9072
9073
9075
9076
9078
9079
9081
9082
9084
9085
9087
9088
9099
9100
9102
9103
9105
9106
9108
9109
9111
9112
9114
9115
9126
9127
9129
9130
9132
9133
9135
9136
9138
9139
9141
9142
9234
9235
9237
9238
9240
9241
9243
9244
9246
9247
9249
9250
9261
9262
9264
9265
9267
9268
9270
9271
9273
9274
9276
9277
9288
9289
9291
9292
9294
9295
9297
9298
9300
9301
9303
9304
9315
9316
9318
9319
9321
9322
9324
9325
9327
9328
9330
9331
9342
9343
9345
9346
9348
9349
9351
9352
9354
9355
9357
9358
9369
9370
9372
9373
9375
9376
9378
9379
9381
9382
9384
9385
9477
9478
9480
9481
9483
9484
9486
9487
9489
9490
9492
9493
9504
9505
9507
9508
9510
9511
9513
9514
9516
9517
9519
9520
9531
9532
9534
9535
9537
9538
9540
9541
9543
9544
9546
9547
9558
9559
9561
9562
9564
9565
9567
9568
9570
9571
9573
9574
9585
9586
9588
9589
9591
9592
9594
9595
9597
9598
9600
9601
9612
9613
9615
9616
9618
9619
9621
9622
9624
9625
9627
9628
9720
9721
9723
9724
9726
9727
9729
9730
9732
9733
9735
9736
9747
9748
9750
9751
9753
9754
9756
9757
9759
9760
9762
9763
9774
9775
9777
9778
9780
9781
9783
9784
9786
9787
9789
9790
9801
9802
9804
9805
9807
9808
9810
9811
9813
9814
9816
9817
9828
9829
9831
9832
9834
9835
9837
9838
9840
9841
9843
9844
9855
9856
9858
9859
9861
9862
9864
9865
9867
9868
9870
9871
9963
9964
9966
9967
9969
9970
9972
9973
9975
9976
9978
9979
9990
9991
9993
9994
9996
9997
9999
10000
