2
4
5
7
8
9
10
11
13
14
16
17
18
19
20
22
23
25
26
28
29
31
32
34
35
36
37
38
40
41
43
44
45
46
47
49
50
52
53
55
56
58
59
61
62
63
64
65
67
68
70
71
72
73
74
76
77
79
80
81
82
83
85
86
88
89
90
91
92
94
95
97
98
99
100
101
103
104
106
107
109
110
112
113
115
116
117
118
119
121
122
124
125
126
127
128
130
131
133
134
136
137
139
140
142
143
144
145
146
148
149
151
152
153
154
155
157
158
160
161
162
163
164
166
167
169
170
171
172
173
175
176
178
179
180
181
182
184
185
187
188
190
191
193
194
196
197
198
199
200
202
203
205
206
207
208
209
211
212
214
215
217
218
220
221
223
224
225
226
227
229
230
232
233
234
235
236
238
239
241
242
247
250
251
252
253
254
256
257
259
260
261
262
263
265
266
268
269
271
272
274
275
277
278
279
280
281
283
284
286
287
288
289
290
292
293
295
296
298
299
301
302
304
305
306
307
308
310
311
313
314
315
316
317
319
320
322
323
324
325
326
328
329
331
332
333
334
335
337
338
340
341
342
343
344
346
347
349
350
352
353
355
356
358
359
360
361
364
365
367
368
369
370
371
373
374
376
377
379
380
382
383
385
386
387
388
389
391
392
394
395
396
397
398
400
401
403
404
405
406
407
409
410
412
413
414
415
416
418
419
421
422
423
424
425
427
428
430
431
433
434
436
437
439
440
441
442
443
445
446
448
449
450
451
452
454
455
457
458
460
461
463
464
466
467
468
469
470
472
473
475
476
477
478
479
481
482
484
485
494
495
496
497
499
502
503
504
505
506
508
511
512
514
515
517
518
520
521
522
523
524
526
527
529
530
531
532
533
535
536
538
539
541
542
544
545
547
549
550
551
553
554
556
558
562
563
565
567
568
569
571
572
574
575
576
577
578
580
581
583
584
585
586
587
589
590
592
593
595
596
598
599
601
602
603
604
605
607
608
610
611
612
613
614
616
617
619
620
623
626
629
630
631
632
634
635
637
638
639
640
641
644
646
647
648
649
650
652
653
655
656
657
658
659
661
662
664
665
666
667
668
670
671
673
674
676
677
679
680
682
683
684
685
688
689
691
692
693
694
695
697
698
700
701
703
704
706
709
710
711
712
713
715
716
718
719
720
721
722
724
725
727
728
729
730
731
733
734
736
737
738
739
740
742
743
745
746
747
748
749
751
752
754
755
758
760
761
763
764
765
766
769
770
772
773
774
775
776
778
779
781
782
787
788
790
791
792
793
794
796
797
799
800
801
802
803
805
806
808
809
810
811
812
814
815
817
818
819
820
821
823
824
826
827
828
829
830
832
833
835
836
839
841
842
844
845
846
847
848
850
853
854
855
856
857
859
860
862
863
865
866
868
869
871
872
873
874
875
877
878
880
881
882
883
884
887
889
890
891
892
893
896
898
899
900
901
902
904
905
907
908
909
910
911
913
914
916
917
920
922
926
927
928
929
931
932
934
935
936
937
938
940
941
943
944
947
949
950
954
955
956
958
959
961
962
963
964
965
967
968
970
971
983
985
988
990
991
992
994
998
1001
1003
1008
1009
1012
1013
1015
1016
1017
1018
1019
1021
1022
1024
1025
1028
1030
1031
1035
1036
1037
1039
1040
1042
1043
1044
1045
1046
1048
1049
1051
1052
1053
1054
1055
1057
1058
1060
1061
1062
1063
1064
1066
1067
1069
1071
1072
1075
1076
1078
1079
1082
1084
1085
1087
1088
1089
1090
1093
1100
1102
1103
1105
1106
1109
1111
1112
1116
1117
1124
1125
1126
1129
1130
1133
1134
1135
1136
1138
1139
1141
1142
1143
1144
1145
1147
1148
1150
1151
1152
1153
1154
1156
1157
1159
1160
1163
1165
1166
1168
1169
1170
1171
1172
1177
1178
1179
1180
1181
1183
1184
1186
1187
1192
1193
1197
1198
1199
1201
1202
1204
1205
1206
1207
1208
1210
1211
1213
1214
1228
1229
1233
1234
1237
1238
1241
1249
1251
1252
1258
1260
1261
1262
1280
1282
1283
1285
1289
1294
1296
1297
1298
1300
1301
1303
1304
1305
1306
1307
1309
1310
1312
1313
1314
1315
1316
1319
1321
1322
1325
1327
1328
1330
1332
1333
1339
1341
1342
1343
1345
1346
1348
1349
1354
1355
1359
1360
1361
1364
1366
1367
1368
1369
1370
1373
1375
1376
1377
1378
1379
1382
1384
1385
1386
1387
1388
1391
1393
1394
1395
1396
1397
1400
1402
1403
1406
1408
1409
1422
1423
1424
1426
1427
1429
1430
1435
1436
1440
1441
1442
1444
1445
1447
1448
1449
1450
1451
1454
1456
1457
1458
1459
1460
1462
1463
1465
1466
1467
1468
1469
1471
1472
1474
1475
1476
1477
1478
1481
1483
1484
1487
1489
1490
1492
1494
1495
1501
1503
1504
1505
1508
1510
1511
1521
1522
1523
1526
1528
1529
1530
1531
1532
1535
1537
1538
1539
1540
1541
1543
1544
1546
1547
1548
1549
1550
1552
1553
1555
1556
1557
1558
1559
1562
1564
1565
1573
1575
1576
1582
1584
1585
1586
1588
1589
1591
1592
1597
1598
1602
1603
1604
1606
1607
1609
1610
1611
1612
1613
1616
1618
1619
1620
1621
1622
1624
1625
1627
1628
1629
1630
1631
1633
1634
1636
1637
1638
1639
1640
1643
1645
1646
1649
1651
1652
1665
1666
1667
1670
1672
1673
1683
1684
1685
1687
1688
1690
1691
1692
1693
1694
1697
1699
1700
1719
1720
1721
1730
1732
1733
1735
1737
1738
1744
1746
1747
1748
1823
1825
1826
1827
1828
1831
1832
1834
1835
1845
1846
1849
1854
1855
1858
1859
1861
1862
1863
1864
1865
1867
1868
1870
1871
1872
1873
1874
1876
1877
1879
1880
1881
1882
1883
1886
1888
1889
1895
1897
1898
1899
1900
1903
1904
1906
1907
1908
1909
1910
1912
1913
1915
1916
1926
1927
1928
1930
1931
1933
1934
1935
1936
1937
1939
1940
1942
1943
2025
2026
2027
2029
2030
2032
2033
2034
2035
2036
2038
2039
2041
2042
2043
2044
2045
2048
2050
2051
2057
2059
2060
2061
2062
2065
2070
2071
2072
2075
2077
2078
2088
2089
2090
2093
2095
2096
2097
2098
2099
2102
2104
2105
2106
2107
2108
2110
2111
2113
2114
2115
2116
2117
2119
2120
2122
2123
2124
2125
2126
2129
2131
2132
2138
2140
2141
2142
2143
2146
2147
2149
2150
2151
2152
2153
2155
2156
2158
2159
2169
2170
2171
2173
2174
2176
2177
2178
2179
2180
2182
2183
2185
2186
2552
2554
2555
2556
2557
2560
2561
2563
2564
2574
2575
2578
2583
2584
2587
2588
2590
2591
2592
2593
2596
2597
2599
2600
2601
2602
2605
2615
2617
2618
2624
2626
2627
2628
2629
2632
2633
2635
2636
2637
2638
2641
2642
2644
2645
2655
2656
2659
2664
2665
2668
2669
2671
2672
2754
2755
2758
2759
2761
2762
2763
2764
2767
2777
2779
2780
2786
2788
2789
2790
2791
2794
2835
2836
2839
2840
2842
2843
2844
2845
2848
2858
2860
2861
2867
2869
2870
2871
2872
2875
2876
2878
2879
2880
2881
2884
2885
2887
2888
2898
2899
2902
2907
2908
2911
2912
2914
2915
2916
2917
2920
2921
2923
2924
2925
2926
2929
2939
2941
2942
2948
2950
2951
2952
2953
2956
2957
2959
2960
2961
2962
2965
2966
2968
2969
2979
2980
2983
2988
2989
2992
2993
2995
2996
2997
2998
3001
3002
3004
3005
3006
3007
3010
3020
3022
3023
3029
3031
3032
3033
3034
3037
3119
3121
3122
3123
3124
3127
3128
3130
3131
3141
3142
3145
3150
3151
3154
3155
3157
3158
3200
3202
3203
3204
3205
3208
3209
3211
3212
3222
3223
3226
3231
3232
3235
3236
3238
3239
3240
3241
3244
3245
3247
3248
3249
3250
3253
3263
3265
3266
3272
3274
3275
3276
3277
3280
3281
3283
3284
3285
3286
3289
3290
3292
3293
3303
3304
3307
3312
3313
3316
3317
3319
3320
3321
3322
3325
3326
3328
3329
3330
3331
3334
3344
3346
3347
3353
3355
3356
3357
3358
3361
3362
3364
3365
3366
3367
3370
3371
3373
3374
3384
3385
3388
3393
3394
3397
3398
3400
3401
3483
3484
3487
3488
3490
3491
3492
3493
3496
3506
3508
3509
3515
3517
3518
3519
3520
3523
3564
3565
3568
3569
3571
3572
3573
3574
3577
3587
3589
3590
3596
3598
3599
3600
3601
3604
3605
3607
3608
3609
3610
3613
3614
3616
3617
3627
3628
3631
3636
3637
3640
3641
3643
3644
3645
3646
3647
3649
3650
3652
3653
3654
3655
3656
3658
3659
3661
3662
3663
3664
3665
3668
3670
3671
3677
3679
3680
3681
3682
3685
3686
3688
3689
3690
3691
3692
3694
3695
3697
3698
3708
3709
3710
3712
3713
3715
3716
3717
3718
3719
3721
3722
3724
3725
3726
3727
3728
3730
3731
3733
3734
3735
3736
3737
3739
3740
3742
3743
3744
3745
3746
3749
3751
3752
3758
3760
3761
3762
3763
3766
3771
3772
3773
3776
3778
3779
3789
3790
3791
3794
3796
3797
3798
3799
3800
3803
3805
3806
3807
3808
3809
3812
3814
3815
3816
3817
3818
3821
3823
3824
3825
3826
3827
3830
3832
3833
3848
3850
3851
3852
3853
3854
3856
3857
3859
3860
3870
3871
3872
3874
3875
3877
3878
3879
3880
3881
3883
3884
3886
3887
3929
3931
3932
3933
3934
3937
3938
3940
3941
3951
3952
3955
3960
3961
3964
3965
3967
3968
3969
3970
3973
3974
3976
3977
3978
3979
3982
3992
3994
3995
4001
4003
4004
4005
4006
4009
4010
4012
4013
4014
4015
4018
4019
4021
4022
4032
4033
4036
4041
4042
4045
4046
4048
4049
4050
4051
4052
4054
4055
4057
4058
4059
4060
4061
4063
4064
4066
4067
4068
4069
4070
4073
4075
4076
4082
4084
4085
4086
4087
4090
4091
4093
4094
4095
4096
4097
4099
4100
4102
4103
4113
4114
4115
4117
4118
4120
4121
4122
4123
4124
4126
4127
4129
4130
4212
4213
4214
4216
4217
4219
4220
4221
4222
4223
4225
4226
4228
4229
4230
4231
4232
4235
4237
4238
4244
4246
4247
4248
4249
4252
4257
4258
4259
4262
4264
4265
4275
4276
4277
4280
4282
4283
4284
4285
4286
4289
4291
4292
4293
4294
4295
4297
4298
4300
4301
4302
4303
4304
4306
4307
4309
4310
4311
4312
4313
4316
4318
4319
4325
4327
4328
4329
4330
4333
4334
4336
4337
4338
4339
4340
4342
4343
4345
4346
4356
4357
4358
4360
4361
4363
4364
4365
4366
4367
4369
4370
4372
4373
5103
5104
5105
5108
5110
5111
5112
5113
5114
5117
5119
5120
5121
5122
5123
5126
5128
5129
5148
5149
5150
5153
5155
5156
5166
5167
5168
5171
5173
5174
5175
5176
5177
5180
5182
5183
5184
5185
5186
5189
5191
5192
5193
5194
5195
5198
5200
5201
5202
5203
5204
5207
5209
5210
5229
5230
5231
5234
5236
5237
5247
5248
5249
5252
5254
5255
5256
5257
5258
5261
5263
5264
5265
5266
5267
5270
5272
5273
5274
5275
5276
5279
5281
5282
5283
5284
5285
5288
5290
5291
5310
5311
5312
5315
5317
5318
5328
5329
5330
5333
5335
5336
5337
5338
5339
5342
5344
5345
5508
5509
5510
5513
5515
5516
5517
5518
5519
5522
5524
5525
5526
5527
5528
5531
5533
5534
5553
5554
5555
5558
5560
5561
5571
5572
5573
5576
5578
5579
5580
5581
5582
5585
5587
5588
5670
5671
5672
5675
5677
5678
5679
5680
5681
5684
5686
5687
5688
5689
5690
5693
5695
5696
5715
5716
5717
5720
5722
5723
5733
5734
5735
5738
5740
5741
5742
5743
5744
5747
5749
5750
5751
5752
5753
5756
5758
5759
5760
5761
5762
5765
5767
5768
5769
5770
5771
5774
5776
5777
5796
5797
5798
5801
5803
5804
5814
5815
5816
5819
5821
5822
5823
5824
5825
5828
5830
5831
5832
5833
5834
5837
5839
5840
5841
5842
5843
5846
5848
5849
5850
5851
5852
5855
5857
5858
5877
5878
5879
5882
5884
5885
5895
5896
5897
5900
5902
5903
5904
5905
5906
5909
5911
5912
5913
5914
5915
5918
5920
5921
5922
5923
5924
5927
5929
5930
5931
5932
5933
5936
5938
5939
5958
5959
5960
5963
5965
5966
5976
5977
5978
5981
5983
5984
5985
5986
5987
5990
5992
5993
5994
5995
5996
5999
6001
6002
6003
6004
6005
6008
6010
6011
6012
6013
6014
6017
6019
6020
6039
6040
6041
6044
6046
6047
6057
6058
6059
6062
6064
6065
6066
6067
6068
6071
6073
6074
6237
6238
6239
6242
6244
6245
6246
6247
6248
6251
6253
6254
6255
6256
6257
6260
6262
6263
6282
6283
6284
6287
6289
6290
6300
6301
6302
6305
6307
6308
6309
6310
6311
6314
6316
6317
6399
6400
6401
6404
6406
6407
6408
6409
6410
6413
6415
6416
6417
6418
6419
6422
6424
6425
6444
6445
6446
6449
6451
6452
6462
6463
6464
6467
6469
6470
6471
6472
6473
6476
6478
6479
6480
6481
6482
6485
6487
6488
6489
6490
6491
6494
6496
6497
6498
6499
6500
6503
6505
6506
6525
6526
6527
6530
6532
6533
6543
6544
6545
6548
6550
6551
6552
6553
6554
6557
6559
6560
6561
6562
6563
6566
6568
6569
6570
6571
6572
6575
6577
6578
6579
6580
6581
6584
6586
6587
6606
6607
6608
6611
6613
6614
6624
6625
6626
6629
6631
6632
6633
6634
6635
6638
6640
6641
6642
6643
6644
6647
6649
6650
6651
6652
6653
6656
6658
6659
6660
6661
6662
6665
6667
6668
6687
6688
6689
6692
6694
6695
6705
6706
6707
6710
6712
6713
6714
6715
6716
6719
6721
6722
6723
6724
6725
6728
6730
6731
6732
6733
6734
6737
6739
6740
6741
6742
6743
6746
6748
6749
6768
6769
6770
6773
6775
6776
6786
6787
6788
6791
6793
6794
6795
6796
6797
6800
6802
6803
6966
6967
6968
6971
6973
6974
6975
6976
6977
6980
6982
6983
6984
6985
6986
6989
6991
6992
7011
7012
7013
7016
7018
7019
7029
7030
7031
7034
7036
7037
7038
7039
7040
7043
7045
7046
7128
7129
7130
7133
7135
7136
7137
7138
7139
7142
7144
7145
7146
7147
7148
7151
7153
7154
7173
7174
7175
7178
7180
7181
7191
7192
7193
7196
7198
7199
7200
7201
7202
7205
7207
7208
7209
7210
7211
7214
7216
7217
7218
7219
7220
7223
7225
7226
7227
7228
7229
7232
7234
7235
7254
7255
7256
7259
7261
7262
7272
7273
7274
7277
7279
7280
7281
7282
7283
7286
7288
7289
7290
7291
7292
7295
7297
7298
7299
7300
7301
7304
7306
7307
7308
7309
7310
7313
7315
7316
7335
7336
7337
7340
7342
7343
7353
7354
7355
7358
7360
7361
7362
7363
7364
7367
7369
7370
7371
7372
7373
7376
7378
7379
7380
7381
7382
7385
7387
7388
7389
7390
7391
7394
7396
7397
7416
7417
7418
7421
7423
7424
7434
7435
7436
7439
7441
7442
7443
7444
7445
7448
7450
7451
7452
7453
7454
7457
7459
7460
7461
7462
7463
7466
7468
7469
7470
7471
7472
7475
7477
7478
7497
7498
7499
7502
7504
7505
7515
7516
7517
7520
7522
7523
7524
7525
7526
7529
7531
7532
7695
7696
7697
7700
7702
7703
7704
7705
7706
7709
7711
7712
7713
7714
7715
7718
7720
7721
7740
7741
7742
7745
7747
7748
7758
7759
7760
7763
7765
7766
7767
7768
7769
7772
7774
7775
7857
7858
7859
7862
7864
7865
7866
7867
7868
7871
7873
7874
7875
7876
7877
7880
7882
7883
7902
7903
7904
7907
7909
7910
7920
7921
7922
7925
7927
7928
7929
7930
7931
7934
7936
7937
7938
7939
7940
7943
7945
7946
7947
7948
7949
7952
7954
7955
7956
7957
7958
7961
7963
7964
7983
7984
7985
7988
7990
7991
8001
8002
8003
8006
8008
8009
8010
8011
8012
8015
8017
8018
8019
8020
8021
8024
8026
8027
8028
8029
8030
8033
8035
8036
8037
8038
8039
8042
8044
8045
8064
8065
8066
8069
8071
8072
8082
8083
8084
8087
8089
8090
8091
8092
8093
8096
8098
8099
8100
8101
8102
8105
8107
8108
8109
8110
8111
8114
8116
8117
8118
8119
8120
8123
8125
8126
8145
8146
8147
8150
8152
8153
8163
8164
8165
8168
8170
8171
8172
8173
8174
8177
8179
8180
8181
8182
8183
8186
8188
8189
8190
8191
8192
8195
8197
8198
8199
8200
8201
8204
8206
8207
8226
8227
8228
8231
8233
8234
8244
8245
8246
8249
8251
8252
8253
8254
8255
8258
8260
8261
8424
8425
8426
8429
8431
8432
8433
8434
8435
8438
8440
8441
8442
8443
8444
8447
8449
8450
8469
8470
8471
8474
8476
8477
8487
8488
8489
8492
8494
8495
8496
8497
8498
8501
8503
8504
8586
8587
8588
8591
8593
8594
8595
8596
8597
8600
8602
8603
8604
8605
8606
8609
8611
8612
8631
8632
8633
8636
8638
8639
8649
8650
8651
8654
8656
8657
8658
8659
8660
8663
8665
8666
8667
8668
8669
8672
8674
8675
8676
8677
8678
8681
8683
8684
8685
8686
8687
8690
8692
8693
8712
8713
8714
8717
8719
8720
8730
8731
8732
8735
8737
8738
8739
8740
8741
8744
8746
8747
