2
4
5
7
8
9
10
11
13
14
16
17
18
19
20
22
23
25
26
28
29
31
32
34
35
36
37
38
40
41
43
44
45
46
47
49
50
52
53
55
56
58
59
61
62
63
64
65
67
68
70
71
72
73
74
76
77
79
80
81
82
83
85
86
88
89
90
91
92
94
95
97
98
99
100
101
103
104
106
107
109
110
112
113
115
116
117
118
119
121
122
124
125
126
127
128
130
131
133
134
136
137
139
140
142
143
144
145
146
148
149
151
152
153
154
155
157
158
161
162
163
164
166
167
169
170
171
172
173
175
176
178
179
180
181
182
184
185
187
188
190
191
193
194
196
197
198
199
200
202
203
205
206
207
208
209
211
212
214
215
217
218
220
221
223
224
225
226
227
229
230
232
234
235
236
238
239
241
242
244
245
248
250
251
252
253
254
257
259
260
261
262
263
265
266
268
269
271
272
274
275
277
278
279
280
281
283
284
286
287
288
289
290
292
293
295
296
298
299
301
302
304
305
306
307
308
310
311
313
314
315
316
317
319
322
323
324
325
326
328
329
331
332
333
334
335
337
338
340
341
342
343
344
346
347
349
350
352
353
355
356
358
359
360
361
362
364
365
367
368
369
370
371
373
374
376
377
379
380
382
383
385
386
387
388
389
391
392
394
395
396
397
398
400
401
403
404
405
406
407
409
410
412
413
414
415
416
418
419
422
423
424
425
427
428
430
431
433
434
436
437
439
440
441
442
443
445
446
448
449
450
451
452
454
455
458
460
461
463
464
467
468
469
470
473
475
476
477
478
479
481
482
484
485
487
488
491
493
495
496
497
499
500
502
503
504
505
506
508
511
512
514
515
517
518
520
521
522
523
524
526
527
529
530
531
532
533
535
536
538
539
541
545
548
549
550
551
554
556
558
559
560
562
563
565
566
567
568
569
571
572
574
575
576
577
578
581
584
585
586
587
589
590
592
593
595
596
598
599
601
602
603
604
605
607
608
610
611
612
613
614
616
617
619
620
622
623
625
626
628
629
630
631
632
634
635
637
639
641
643
644
646
648
649
650
652
653
655
656
657
658
659
661
662
665
666
667
668
670
671
673
674
676
677
679
680
682
683
684
685
686
688
689
691
692
693
694
695
697
698
700
701
703
704
707
709
710
711
712
713
715
716
718
720
721
722
724
725
728
729
730
731
733
734
736
737
738
739
740
742
743
746
747
748
749
751
752
754
755
757
758
760
761
764
765
766
767
769
770
772
773
774
775
776
778
779
781
782
784
785
787
788
790
791
792
793
794
796
797
799
800
801
802
803
805
806
808
809
810
811
812
814
815
817
818
819
820
821
823
824
826
827
828
829
830
832
833
835
836
838
839
842
844
845
846
847
848
850
851
853
854
855
856
857
859
860
862
863
865
866
868
869
872
873
874
875
877
878
881
882
883
884
886
887
890
891
892
893
895
896
898
899
900
901
902
904
908
909
910
911
913
914
916
917
919
920
922
923
925
926
927
928
929
931
932
934
935
936
937
940
941
944
946
947
949
950
952
953
954
955
956
958
959
961
962
963
964
965
967
968
970
971
973
977
979
980
981
982
986
988
989
990
991
994
995
997
998
1000
1001
1003
1004
1006
1007
1008
1009
1010
1013
1015
1016
1017
1018
1019
1022
1024
1025
1028
1030
1034
1035
1036
1040
1042
1043
1044
1045
1052
1053
1054
1055
1057
1058
1060
1061
1062
1063
1064
1066
1067
1069
1070
1071
1072
1073
1075
1076
1078
1079
1081
1085
1088
1089
1090
1091
1093
1096
1097
1098
1099
1100
1102
1115
1116
1117
1121
1123
1124
1125
1126
1127
1129
1130
1132
1133
1134
1135
1136
1138
1141
1142
1143
1145
1148
1150
1152
1154
1157
1162
1163
1165
1169
1170
1172
1174
1175
1177
1180
1183
1186
1187
1189
1190
1193
1195
1196
1197
1198
1201
1202
1204
1205
1206
1207
1208
1210
1211
1213
1214
1224
1226
1229
1233
1234
1235
1240
1241
1243
1247
1249
1250
1251
1252
1253
1255
1256
1259
1260
1261
1262
1267
1268
1270
1273
1274
1279
1285
1289
1291
1292
1305
1306
1313
1314
1316
1319
1322
1324
1325
1327
1330
1331
1332
1333
1334
1336
1339
1341
1342
1345
1346
1349
1351
1352
1354
1355
1357
1359
1364
1366
1375
1376
1377
1378
1379
1381
1382
1385
1386
1387
1388
1390
1391
1394
1395
1396
1397
1399
1403
1405
1409
1411
1412
1413
1414
1415
1417
1418
1421
1422
1423
1424
1426
1432
1439
1441
1449
1450
1451
1453
1457
1458
1459
1460
1462
1463
1465
1466
1467
1468
1469
1471
1472
1475
1476
1477
1478
1480
1481
1483
1484
1486
1489
1492
1493
1494
1495
1496
1498
1499
1501
1502
1503
1504
1505
1507
1508
1510
1513
1514
1516
1517
1521
1523
1525
1526
1528
1530
1531
1532
1534
1535
1538
1539
1540
1541
1543
1544
1546
1547
1548
1549
1550
1552
1553
1555
1556
1557
1558
1559
1561
1562
1564
1565
1570
1571
1573
1574
1575
1576
1577
1579
1582
1583
1584
1585
1586
1589
1591
1592
1594
1595
1597
1601
1604
1606
1607
1610
1611
1612
1613
1615
1619
1620
1621
1622
1624
1625
1627
1628
1629
1630
1631
1633
1634
1637
1638
1639
1640
1642
1643
1645
1646
1648
1649
1652
1655
1656
1657
1658
1660
1661
1663
1664
1665
1666
1667
1669
1670
1672
1673
1675
1676
1678
1679
1681
1682
1683
1684
1685
1690
1692
1693
1694
1696
1699
1700
1710
1712
1715
1717
1719
1720
1723
1724
1726
1727
1729
1730
1732
1733
1735
1736
1737
1738
1739
1742
1744
1746
1747
1748
1750
1751
1753
1754
1756
1759
1763
1765
1766
1769
1772
1773
1774
1781
1782
1783
1784
1786
1787
1789
1790
1791
1792
1793
1795
1796
1799
1800
1801
1802
1804
1805
1807
1808
1811
1813
1814
1817
1818
1819
1820
1822
1823
1825
1826
1827
1828
1829
1832
1834
1835
1841
1843
1844
1845
1846
1847
1852
1854
1855
1856
1858
1861
1862
1863
1864
1865
1868
1872
1873
1874
1879
1881
1882
1883
1885
1888
1889
1897
1898
1899
1903
1904
1906
1907
1908
1909
1910
1912
1913
1916
1919
1921
1922
1925
1926
1927
1928
1930
1935
1936
1940
1942
1943
1951
1953
1954
1955
1957
1960
1961
1962
1963
1964
1970
1972
1973
1975
1976
1979
1980
1981
1985
1987
1988
1989
1990
1991
1994
1999
2003
2005
2006
2007
2008
2009
2014
2015
2016
2017
2023
2024
2025
2026
2027
2030
2032
2034
2035
2036
2043
2044
2045
2047
2048
2050
2053
2056
2057
2060
2070
2072
2075
2078
2081
2084
2086
2087
2088
2089
2090
2093
2095
2104
2106
2107
2108
2110
2114
2115
2116
2117
2119
2123
2124
2125
2126
2128
2131
2132
2134
2135
2138
2140
2142
2143
2144
2146
2149
2150
2151
2153
2156
2162
2167
2169
2170
2171
2176
2178
2179
2180
2182
2185
2186
2245
2246
2249
2250
2251
2255
2257
2264
2268
2269
2270
2275
2277
2278
2281
2282
2284
2285
2286
2287
2293
2296
2300
2302
2303
2308
2312
2313
2314
2315
2323
2324
2326
2327
2330
2331
2332
2340
2348
2349
2350
2351
2372
2374
2381
2384
2385
2386
2387
2389
2390
2392
2393
2394
2395
2396
2399
2401
2402
2404
2407
2408
2410
2411
2412
2413
2414
2416
2417
2419
2422
2423
2426
2428
2437
2448
2449
2452
2453
2455
2459
2461
2465
2466
2467
2468
2473
2475
2477
2480
2482
2485
2486
2493
2494
2498
2500
2502
2511
2512
2513
2515
2518
2520
2521
2522
2525
2527
2528
2529
2530
2533
2534
2536
2539
2540
2548
2549
2552
2555
2556
2564
2578
2579
2581
2583
2584
2592
2593
2606
2627
2628
2629
2632
2633
2636
2637
2641
2642
2645
2648
2651
2655
2657
2659
2660
2662
2664
2665
2666
2668
2669
2678
2682
2684
2687
2690
2691
2692
2693
2699
2701
2702
2705
2708
2709
2710
2711
2713
2714
2718
2719
2725
2728
2731
2732
2737
2747
2750
2752
2754
2755
2756
2761
2763
2764
2767
2771
2772
2773
2774
2779
2780
2782
2789
2790
2794
2798
2801
2803
2804
2807
2809
2810
2813
2817
2818
2819
2822
2824
2833
2835
2836
2837
2839
2843
2844
2845
2848
2852
2857
2888
2894
2897
2916
2917
2918
2920
2921
2924
2925
2926
2927
2929
2930
2933
2934
2935
2936
2938
2942
2947
2950
2951
2952
2953
2954
2956
2957
2960
2961
2962
2963
2965
2966
2975
2979
2981
2983
2984
2986
2988
2989
2990
2992
2993
2996
2997
2998
2999
3001
3002
3004
3005
3006
3007
3008
3010
3013
3014
3015
3016
3017
3019
3020
3023
3025
3026
3029
3031
3033
3034
3035
3037
3041
3042
3049
3052
3053
3056
3065
3069
3070
3071
3073
3077
3078
3079
3080
3082
3083
3086
3087
3088
3089
3091
3092
3095
3096
3097
3098
3100
3101
3103
3104
3106
3107
3109
3110
3113
3114
3115
3116
3118
3119
3121
3122
3123
3124
3125
3127
3128
3130
3131
3133
3137
3139
3140
3141
3142
3143
3146
3148
3150
3151
3152
3154
3157
3158
3169
3173
3178
3181
3182
3184
3185
3190
3193
3194
3195
3197
3203
3208
3212
3214
3215
3217
3221
3223
3224
3226
3231
3240
3241
3242
3244
3245
3248
3249
3250
3251
3253
3254
3257
3258
3259
3260
3262
3263
3265
3266
3271
3275
3276
3277
3278
3280
3281
3283
3284
3285
3286
3287
3289
3290
3292
3293
3296
3298
3299
3301
3302
3303
3304
3305
3310
3312
3313
3314
3316
3317
3319
3320
3321
3322
3323
3325
3326
3330
3331
3332
3334
3335
3337
3338
3339
3340
3341
3343
3344
3350
3353
3355
3357
3358
3359
3361
3362
3364
3366
3367
3368
3370
3371
3373
3374
3377
3380
3382
3383
3384
3385
3386
3388
3391
3392
3393
3394
3398
3401
3415
3418
3419
3420
3421
3424
3430
3431
3433
3434
3436
3438
3443
3445
3447
3448
3449
3451
3452
3454
3455
3457
3458
3460
3461
3463
3464
3465
3466
3467
3470
3472
3473
3474
3475
3479
3481
3482
3483
3484
3485
3488
3492
3493
3494
3496
3497
3500
3501
3502
3503
3506
3508
3509
3511
3517
3518
3526
3527
3528
3530
3532
3536
3538
3539
3544
3545
3546
3547
3548
3551
3553
3555
3556
3560
3562
3564
3565
3566
3568
3569
3571
3572
3573
3574
3575
3577
3578
3581
3582
3583
3584
3586
3590
3592
3598
3600
3601
3602
3604
3605
3608
3609
3610
3611
3613
3614
3619
3623
3625
3626
3627
3628
3629
3634
3636
3637
3638
3640
3641
3643
3644
3645
3646
3647
3649
3650
3652
3654
3655
3656
3658
3659
3663
3664
3665
3667
3668
3670
3681
3682
3683
3685
3686
3688
3690
3691
3692
3694
3695
3704
3722
3726
3727
3728
3730
3731
3735
3736
3737
3739
3744
3745
3746
3748
3755
3758
3761
3762
3763
3764
3766
3770
3771
3781
3798
3799
3807
3808
3809
3811
3812
3816
3817
3818
3820
3821
3825
3826
3827
3829
3833
3838
3842
3843
3844
3845
3847
3854
3856
3857
3859
3860
3862
3869
3870
3871
3872
3877
3879
3880
3881
3884
3886
3895
3898
3901
3902
3906
3907
3908
3910
3911
3913
3914
3917
3920
3922
3925
3926
3933
3940
3941
3943
3944
3947
3950
3951
3952
3953
3956
3958
3959
3960
3961
3965
3969
3970
3971
3973
3974
3976
3978
3979
3980
3982
3987
3988
3989
3991
4005
4006
4007
4009
4010
4012
4014
4015
4016
4018
4019
4021
4022
4025
4028
4030
4031
4032
4033
4034
4037
4039
4040
4041
4042
4046
4048
4050
4051
4052
4054
4055
4059
4060
4061
4063
4064
4068
4069
4070
4072
4086
4087
4088
4090
4091
4093
4095
4096
4097
4099
4100
4106
4109
4112
4114
4115
4120
4123
4127
4140
4145
4149
4150
4151
4156
4159
4163
4165
4168
4172
4174
4176
4177
4178
4180
4181
4190
4201
4203
4204
4208
4212
4213
4222
4226
4246
4255
4256
4257
4262
4265
4267
4268
4270
4271
4275
4276
4280
4284
4285
4289
4293
4294
4298
4300
4302
4303
4306
4307
4311
4312
4313
4321
4327
4334
4336
4337
4338
4339
4340
4342
4343
4345
4352
4370
4411
4415
4417
4418
4419
4424
4426
4427
4429
4436
4437
4455
4456
4487
4489
4490
4491
4492
4493
4498
4499
4500
4502
4510
4514
4527
4528
4536
4537
4538
4540
4543
4545
4550
4554
4555
4556
4562
4564
4565
4567
4568
4570
4571
4572
4573
4574
4583
4585
4589
4591
4595
4598
4599
4600
4601
4604
4606
4608
4609
4624
4626
4627
4631
4643
4648
4649
4651
4652
4653
4654
4655
4660
4661
4662
4664
4667
4673
4679
4680
4681
4685
4705
4707
4739
4741
4743
4744
4745
4747
4748
4757
4759
4761
4762
4763
4768
4772
4774
4775
4777
4779
4780
4781
4783
4784
4788
4789
4790
4792
4793
4797
4798
4799
4801
4802
4805
4808
4814
4815
4816
4817
4819
4820
4822
4824
4825
4826
4828
4829
4834
4838
4846
4847
4852
4853
4855
4856
4869
4871
4874
4897
4898
4901
4903
4905
4906
4907
4909
4910
4915
4919
4934
4936
4937
4964
4970
4991
4997
5000
5004
5005
5009
5018
5022
5023
5027
5029
5031
5040
5041
5042
5044
5045
5047
5050
5051
5053
5054
5056
5058
5059
5060
5063
5065
5066
5067
5068
5069
5071
5072
5074
5078
5081
5096
5098
5099
5103
5104
5105
5108
5110
5112
5113
5117
5121
5128
5131
5153
5159
5162
5166
5167
5171
5173
5184
5185
5186
5189
5191
5193
5194
5198
5203
5209
5210
5212
5227
5228
5229
5249
5251
5256
5257
5258
5265
5266
5267
5269
5272
5273
5274
5279
5282
5283
5284
5285
5297
5299
5302
5303
5310
5311
5314
5318
5320
5321
5323
5324
5329
5330
5332
5333
5337
5338
5339
5355
5356
5364
5365
5368
5369
5371
5372
5375
5377
5380
5382
5383
5384
5395
5399
5401
5402
5404
5410
5411
5413
5418
5427
5428
5429
5431
5435
5436
5438
5441
5445
5449
5450
5456
5462
5463
5464
5465
5467
5494
5495
5497
5500
5501
5503
5504
5508
5509
5510
5512
5517
5519
5522
5526
5531
5537
5543
5544
5546
5548
5551
5553
5555
5557
5558
5561
5563
5564
5567
5573
5575
5578
5580
5603
5606
5607
5608
5609
5614
5617
5621
5623
5626
5634
5635
5636
5644
5648
5659
5663
5665
5666
5670
5671
5672
5677
5679
5689
5690
5693
5699
5715
5717
5776
5779
5783
5785
5788
5789
5794
5801
5807
5832
5833
5834
5836
5840
5841
5842
5843
5845
5849
5850
5851
5852
5854
5858
5867
5868
5869
5870
5872
5876
5897
5899
5900
5904
5905
5906
5908
5909
5912
5913
5914
5915
5917
5921
5922
5923
5924
5926
5930
5931
5932
5933
5935
5939
5941
5949
5950
5951
5953
5957
5958
5959
5968
5971
5972
5977
5978
5980
5981
5985
5986
5987
5989
5993
5994
5995
5996
5998
6001
6002
6003
6004
6005
6007
6008
6011
6012
6013
6014
6016
6020
6025
6026
6028
6030
6031
6032
6034
6038
6039
6040
6043
6047
6049
6050
6052
6053
6058
6059
6061
6062
6066
6067
6068
6070
6074
6084
6085
6093
6097
6098
6104
6106
6111
6112
6113
6130
6156
6157
6158
6160
6164
6165
6166
6167
6169
6173
6174
6175
6176
6178
6182
6192
6193
6194
6196
6197
6200
6201
6202
6203
6205
6206
6209
6212
6214
6215
6220
6228
6229
6230
6232
6233
6236
6237
6238
6239
6241
6242
6246
6247
6248
6250
6251
6255
6256
6257
6259
6260
6263
6265
6266
6273
6274
6275
6277
6278
6282
6283
6284
6286
6287
6292
6296
6314
6359
6363
6364
6365
6367
6368
6377
6395
6480
6481
6482
6484
6488
6489
6490
6491
6493
6497
6498
6499
6500
6502
6503
6506
6508
6509
6511
6516
6517
6518
6520
6521
6524
6525
6526
6527
6529
6530
6539
6552
6553
6554
6556
6557
6560
6561
6562
6563
6565
6566
6568
6569
6570
6571
6572
6574
6575
6578
6579
6580
6581
6583
6584
6586
6587
6589
6592
6596
6597
6598
6599
6601
6602
6604
6605
6606
6607
6608
6610
6611
6617
6620
6624
6625
6626
6628
6629
6631
6633
6634
6635
6637
6638
6641
6642
6643
6644
6646
6647
6650
6651
6652
6653
6655
6659
6660
6661
6662
6664
6665
6667
6668
6670
6674
6676
6677
6678
6679
6680
6682
6685
6686
6687
6688
6689
6694
6695
6697
6700
6701
6706
6707
6709
6710
6714
6715
6716
6718
6722
6723
6724
6725
6727
6728
6731
6732
6733
6734
6736
6740
6741
6742
6743
6745
6746
6748
6749
6754
6755
6758
6759
6760
6761
6763
6764
6766
6767
6768
6769
6770
6772
6773
6776
6779
6782
6784
6785
6786
6787
6788
6791
6793
6795
6796
6797
6799
6802
6803
6811
6813
6827
6829
6833
6835
6836
6838
6840
6841
6842
6853
6857
6859
6860
6862
6868
6869
6871
6876
6885
6886
6887
6889
6890
6893
6894
6895
6896
6898
6902
6903
6904
6905
6907
6908
6910
6911
6920
6921
6922
6923
6925
6926
6928
6929
6930
6931
6932
6934
6935
6937
6938
6944
6946
6947
6948
6949
6950
6955
6957
6958
6959
6961
6962
6964
6965
6966
6967
6968
6970
6971
6975
6976
6977
6979
6984
6985
6986
6988
7002
7003
7004
7006
7007
7009
7011
7012
7013
7015
7016
7022
7025
7036
7043
7061
7065
7088
7090
7092
7093
7094
7096
7097
7102
7106
7121
7123
7124
7145
7146
7148
7151
7154
7156
7157
7163
7164
7168
7177
7181
7184
7209
7210
7211
7213
7217
7218
7219
7220
7222
7226
7227
7228
7229
7231
7235
7237
7245
7246
7247
7249
7250
7253
7254
7255
7256
7258
7259
7268
7281
7282
7283
7285
7286
7289
7290
7291
7292
7294
7295
7298
7299
7300
7301
7303
7307
7308
7309
7310
7312
7313
7315
7316
7325
7326
7327
7328
7330
7331
7333
7334
7335
7336
7337
7339
7340
7349
7355
7357
7362
7363
7364
7366
7367
7370
7371
7372
7373
7375
7376
7379
7380
7381
7382
7384
7388
7389
7390
7391
7393
7394
7396
7397
7399
7403
7406
7407
7408
7409
7411
7415
7423
7424
7429
7435
7443
7444
7445
7447
7451
7452
7453
7454
7456
7457
7460
7461
7462
7463
7465
7469
7470
7471
7472
7474
7475
7477
7478
7484
7487
7488
7489
7490
7492
7493
7495
7496
7497
7498
7502
7510
7513
7514
7515
7516
7517
7519
7522
7524
7525
7526
7528
7532
7542
7543
7556
7558
7565
7568
7574
7576
7578
7579
7583
7585
7586
7604
7605
7606
7613
7614
7615
7616
7618
7619
7622
7623
7624
7625
7627
7631
7632
7633
7634
7636
7640
7646
7649
7650
7651
7652
7654
7658
7686
7687
7688
7690
7694
7747
7748
7754
7756
7757
7758
7759
7762
7763
7765
7766
7767
7768
7769
7771
7772
7775
7785
7787
7790
7802
7804
7811
7812
7813
7814
7816
7821
7822
7828
7829
7831
7834
7835
7840
7850
7852
7853
7866
7867
7880
7886
7888
7893
7894
7895
7902
7903
7916
7938
7939
7940
7942
7946
7947
7948
7949
7951
7952
7955
7956
7957
7958
7960
7964
7974
7975
7976
7978
7982
8010
8011
8012
8014
8018
8019
8020
8021
8023
8024
8027
8028
8029
8030
8032
8033
8036
8037
8038
8039
8041
8042
8044
8045
8050
8055
8056
8057
8059
8060
8062
8063
8064
8065
8066
8068
8069
8078
8091
8092
8093
8095
8096
8099
8100
8101
8102
8104
8105
8108
8109
8110
8111
8113
8117
8118
8119
8120
8122
8123
8125
8126
8132
8135
8136
8137
8138
8140
8144
8152
8153
8172
8173
8174
8176
8180
8181
8182
8183
8185
8186
8189
8190
8191
8192
8194
8198
8199
8200
8201
8203
8204
8206
8207
8213
8216
8217
8218
8219
8221
8222
8224
8225
8226
8227
8231
8242
8243
8244
8245
8251
8253
8254
8255
8257
8261
8285
8287
8291
8293
8294
8297
8298
8299
8300
8303
8305
8307
8308
8312
8314
8315
8317
8333
8334
8335
8342
8343
8344
8345
8347
8348
8351
8352
8353
8354
8356
8360
8361
8362
8363
8365
8369
8375
8378
8379
8380
8381
8383
8384
8386
8387
8388
8389
8393
8395
8396
8404
8405
8406
8407
8413
8415
8416
8417
8419
8423
8424
8425
8429
8433
8434
8465
8467
8469
8470
8474
8531
8533
8540
8541
8545
8563
8566
8567
8568
8569
8575
8576
8577
8578
8585
8586
8587
8591
8595
8596
8603
8604
8606
8609
8611
8612
8614
8621
8622
8626
8635
8639
8642
8647
8648
8649
8650
8656
8667
8668
8669
8671
8675
8676
8677
8678
8680
8684
8685
8686
8687
8689
8693
8695
8703
8704
8705
8707
8711
8739
8740
8741
8743
8747
8821
8822
8829
8830
8831
8833
8837
8838
8839
8855
8857
8887
8893
8933
8935
8942
8945
8951
8953
8955
8956
8960
8971
8972
8973
8974
8980
9014
9016
9023
9026
9032
9034
9036
9037
9041
9043
9044
9062
9063
9064
9071
9104
9107
9113
9115
9117
9118
9121
9122
9124
9125
9128
9130
9133
9134
9135
9136
9142
9145
9146
9153
9154
9158
9162
9163
9179
9181
9194
9196
9198
9199
9203
9205
9206
9214
9215
9216
9217
9223
9224
9225
9226
9233
9286
9287
9386
9387
9388
9395
9396
9397
9401
9405
9406
9428
9431
9467
9468
9469
9476
9477
9478
9479
9481
9482
9485
9486
9487
9488
9490
9494
9495
9496
9497
9499
9503
9513
9514
9515
9517
9518
9521
9522
9523
9524
9526
9527
9536
9549
9550
9551
9553
9554
9557
9558
9559
9560
9562
9563
9566
9567
9568
9569
9571
9575
9576
9577
9578
9580
9584
9594
9595
9596
9598
9602
9630
9631
9632
9634
9638
9639
9640
9641
9643
9644
9647
9648
9649
9650
9652
9656
9657
9658
9659
9661
9665
9675
9676
9677
9679
9683
9711
9712
9713
9715
9719
9752
9755
9761
9763
9765
9766
9770
9772
9773
9791
9792
9793
9800
9801
9802
9803
9805
9806
9809
9810
9811
9812
9814
9818
9819
9820
9821
9823
9827
9833
9836
9837
9838
9839
9841
9845
9873
9874
9875
9877
9881
10125
10126
10127
10129
10133
10134
10135
10136
10138
10142
10143
10144
10145
10147
10151
10161
10162
10163
10165
10169
10197
10198
10199
10201
10205
10663
10664
10672
10673
10674
10675
10681
10682
10683
10684
10691
10744
10745
10753
10754
10755
10756
10762
10763
10764
10765
10772
10773
10774
10778
10782
10783
10796
10798
10834
10835
10836
10837
10843
10844
10845
10846
10853
10854
10855
10859
10863
10864
10886
10889
10925
10926
10927
10934
11039
11041
11048
11051
11068
11069
11392
11393
11401
11402
11403
11404
11410
11411
11412
11413
11420
11473
11474
12393
12394
12395
12397
12401
12402
12403
12404
12406
12410
12411
12412
12413
12415
12419
12429
12430
12431
12433
12437
12465
12466
12467
12469
12473
12474
12475
12476
12478
12482
12483
12484
12485
12487
12491
12492
12493
12494
12496
12500
12510
12511
12512
12514
12518
12546
12547
12548
12550
12554
12555
12556
12557
12559
12563
12564
12565
12566
12568
12572
12573
12574
12575
12577
12581
12591
12592
12593
12595
12599
12627
12628
12629
12631
12635
12717
12718
12719
12721
12725
12726
12727
12728
12730
12734
12735
12736
12737
12739
12743
12753
12754
12755
12757
12761
12789
12790
12791
12793
12797
13041
13042
13043
13045
13049
13050
13051
13052
13054
13058
13059
13060
13061
13063
13067
13077
13078
13079
13081
13085
13113
13114
13115
13117
13121
13122
13123
13124
13126
13127
13130
13131
13132
13133
13135
13139
13140
13141
13142
13144
13145
13147
13148
13158
13159
13160
13162
13163
13165
13166
13167
13168
13169
13171
13172
13181
13194
13195
13196
13198
13199
13202
13203
13204
13205
13207
13208
13211
13212
13213
13214
13216
13220
13221
13222
13223
13225
13229
13239
13240
13241
13243
13247
13275
13276
13277
13279
13283
13284
13285
13286
13288
13289
13292
13293
13294
13295
13297
13301
13302
13303
13304
13306
13307
13309
13310
13320
13321
13322
13324
13325
13327
13328
13329
13330
13331
13334
13343
13345
13347
13348
13349
13354
13356
13357
13358
13360
13363
13364
13388
13390
13446
13447
13448
13450
13451
13454
13455
13456
13457
13459
13463
13464
13465
13466
13468
13469
13471
13472
13482
13483
13484
13486
13487
13489
13490
13491
13492
13493
13495
13496
13505
13507
13509
13510
13511
13516
13518
13519
13520
13522
13523
13525
13526
13527
13528
13529
13531
13532
13536
13537
13538
13540
13545
13546
13547
13549
13563
13564
13565
13567
13568
13570
13572
13573
13574
13576
13577
13586
13604
13649
13651
13653
13654
13655
13657
13658
13667
13685
13770
13771
13772
13774
13778
13779
13780
13781
13783
13787
13788
13789
13790
13792
13796
13806
13807
13808
13810
13811
13814
13815
13816
13817
13819
13820
13829
13842
13843
13844
13846
13847
13850
13851
13852
13853
13855
13856
13859
13860
13861
13862
13864
13868
13869
13870
13871
13873
13874
13876
13877
13887
13888
13889
13891
13892
13894
13895
13896
13897
13898
13900
13901
13910
13923
13924
13925
13927
13928
13931
13932
13933
13934
13936
13937
13940
13941
13942
13943
13945
13949
13950
13951
13952
13954
13958
13968
13969
13970
13972
13976
14004
14005
14006
14008
14012
14013
14014
14015
14017
14018
14021
14022
14023
14024
14026
14030
14031
14032
14033
14035
14039
14049
14050
14051
14053
14057
14085
14086
14087
14089
14093
14175
14176
14177
14179
14180
14183
14184
14185
14186
14188
14192
14193
14194
14195
14197
14201
14211
14212
14213
14215
14219
14247
14248
14249
14251
14255
14499
14500
14501
14503
14507
14508
14509
14510
14512
14516
14517
14518
14519
14521
14525
14535
14536
14537
14539
14543
14571
14572
14573
14575
14579
14580
14581
14582
14584
14585
14588
14589
14590
14591
14593
14597
14598
14599
14600
14602
14603
14605
14606
14616
14617
14618
14620
14621
14623
14624
14625
14626
14627
14629
14630
14639
14652
14653
14654
14656
14657
14660
14661
14662
14663
14665
14666
14669
14670
14671
14672
14674
14678
14679
14680
14681
14683
14687
14697
14698
14699
14701
14705
14733
14734
14735
14737
14741
14742
14743
14744
14746
14747
14750
14751
14752
14753
14755
14759
14760
14761
14762
14764
14765
14767
14768
14778
14779
14780
14782
14783
14785
14786
14787
14788
14789
14792
14801
14803
14805
14806
14807
14812
14814
14815
14816
14818
14821
14822
14846
14848
14904
14905
14906
14908
14909
14912
14913
14914
14915
14917
14921
14922
14923
14924
14926
14927
14929
14930
14940
14941
14942
14944
14945
14947
14948
14949
14950
14951
14954
14963
14965
14967
14968
14969
14974
14976
14977
14978
14980
14983
14984
14985
14986
14987
14990
14994
14995
14996
15003
15004
15005
15026
15028
15030
15031
15032
15035
15044
15107
15109
15111
15112
15113
15116
15125
15127
15129
15130
15131
15136
15145
15147
15148
15149
15152
15156
15157
15158
15165
15166
15167
15170
15172
15208
15210
15211
15212
15217
15226
15228
15229
15230
15232
15236
15237
15238
15239
15241
15245
15246
15247
15248
15250
15254
15264
15265
15266
15268
15272
15289
15291
15292
15293
15298
15300
15301
15302
15304
15307
15308
15494
15496
15512
15514
15516
15517
15518
15521
15530
15532
15534
15535
15536
15541
15550
15575
15577
15656
15658
16038
16039
16040
16042
16043
16046
16047
16048
16049
16051
16055
16056
16057
16058
16060
16064
16074
16075
16076
16078
16079
16082
16083
16084
16085
16087
16088
16097
16110
16111
16112
16114
16115
16118
16119
16120
16121
16123
16124
16127
16128
16129
16130
16132
16136
16137
16138
16139
16141
16145
16155
16156
16157
16159
16163
16191
16192
16193
16195
16199
16200
16201
16202
16204
16205
16208
16209
16210
16211
16213
16217
16218
16219
16220
16222
16223
16225
16226
16236
16237
16238
16240
16241
16243
16244
16245
16246
16247
16250
16259
16261
16263
16264
16265
16270
16272
16273
16274
16276
16279
16280
16304
16306
16362
16363
16364
16366
16367
16370
16371
16372
16373
16375
16379
16380
16381
16382
16384
16385
16387
16388
16398
16399
16400
16402
16403
16405
16406
16407
16408
16409
16412
16421
16423
16425
16426
16427
16432
16434
16435
16436
16438
16441
16442
16443
16444
16445
16448
16452
16453
16454
16461
16462
16463
16484
16486
16488
16489
16490
16493
16502
16565
16567
16569
16570
16571
16574
16583
16585
16587
16588
16589
16594
16603
16605
16606
16607
16610
16614
16615
16616
16623
16624
16625
16628
16630
16666
16668
16669
16670
16675
16684
16686
16687
16688
16690
16694
16695
16696
16697
16699
16703
16704
16705
16706
16708
16712
16722
16723
16724
16726
16730
16747
16749
16750
16751
16756
16758
16759
16760
16762
16765
16766
16767
16768
16769
16772
16776
16777
16778
16785
16786
16787
16790
16792
16808
16810
16812
16813
16814
16817
16826
16848
16849
16850
16853
16857
16858
16859
16866
16867
16868
16929
16930
16931
16934
16938
16939
16940
16947
16948
16949
17132
17134
17136
17137
17138
17141
17150
17152
17154
17155
17156
17161
17170
17172
17173
17174
17177
17181
17182
17183
17190
17191
17192
17213
17215
17217
17218
17219
17222
17231
17294
17296
17298
17299
17300
17303
17312
17861
17863
17865
17866
17867
17870
17879
17881
17883
17884
17885
17890
17899
17901
17902
17903
17906
17910
17911
17912
17919
17920
17921
17942
17944
17946
17947
17948
17951
17960
18023
18025
18027
18028
18029
18032
18041
18043
18045
18046
18047
18052
18061
18063
18064
18065
18068
18072
18073
18074
18081
18082
18083
18086
18088
18124
18126
18127
18128
18133
18142
18205
18207
18208
18209
18214
18223
18225
18226
18227
18230
18234
18235
18236
18243
18244
18245
18248
18250
18266
18268
18270
18271
18272
18275
18284
18306
18307
18308
18311
18315
18316
18317
18324
18325
18326
18387
18388
18389
18392
18396
18397
18398
18405
18406
18407
18410
18412
18428
18430
18432
18433
18434
18437
18446
18448
18450
18451
18452
18457
18466
18491
18493
18572
18574
18772
18774
18775
18776
18781
18790
18792
18793
18794
18797
18801
18802
18803
18810
18811
18812
18815
18817
18853
18855
18856
18857
18862
18871
18934
18936
18937
18938
18943
18952
18954
18955
18956
18958
18962
18963
18964
18965
18967
18971
18972
18973
18974
18976
18980
18990
18991
18992
18994
18998
19026
19027
19028
19030
19034
19035
19036
19037
19039
19043
19044
19045
19046
19048
19052
19053
19054
19055
19057
19061
19071
19072
19073
19075
19079
19107
19108
19109
19111
19115
19116
19117
19118
19120
19124
19125
19126
19127
19129
19133
19134
19135
19136
19138
19142
19152
19153
19154
19156
19160
19188
19189
19190
19192
19196
19278
19279
19280
19282
19286
19287
19288
19289
19291
19295
19296
19297
19298
19300
19304
19314
19315
19316
19318
19322
19350
19351
19352
19354
19358
19501
19503
19504
19505
19510
19519
19521
19522
19523
19526
19530
19531
19532
19539
19540
19541
19544
19546
19582
19584
19585
19586
19591
19600
19602
19603
19604
19606
19610
19611
19612
19613
19615
19619
19620
19621
19622
19624
19628
19638
19639
19640
19642
19646
19663
19665
19666
19667
19672
19674
19675
19676
19678
19681
19682
21326
21328
21344
21346
21348
21349
21350
21353
21362
21364
21366
21367
21368
21373
21382
21407
21409
21488
21490
21506
21508
21510
21511
21512
21515
21524
21526
21528
21529
21530
21535
21544
21546
21547
21548
21551
21555
21556
21557
21564
21565
21566
21587
21589
21591
21592
21593
21596
21605
21668
21670
21672
21673
21674
21677
21686
21688
21690
21691
21692
21697
21706
21708
21709
21710
21713
21717
21718
21719
21726
21727
21728
21731
21733
21769
21771
21772
21773
21778
21787
21850
21852
21853
21854
21859
21868
22055
22057
22073
22075
22077
22078
22079
22082
22091
22093
22095
22096
22097
22102
22111
22136
22138
22217
22219
22784
22786
22802
22804
22806
22807
22808
22811
22820
22822
22824
22825
22826
22831
22840
22865
22867
22946
22948
26244
26245
26246
26248
26249
26252
26253
26254
26255
26257
26261
26262
26263
26264
26266
26270
26280
26281
26282
26284
26285
26288
26289
26290
26291
26293
26294
26303
26316
26317
26318
26320
26321
26324
26325
26326
26327
26329
26330
26333
26334
26335
26336
26338
26342
26343
26344
26345
26347
26351
26361
26362
26363
26365
26369
26397
26398
26399
26401
26405
26406
26407
26408
26410
26411
26414
26415
26416
26417
26419
26423
26424
26425
26426
26428
26432
26442
26443
26444
26446
26450
26478
26479
26480
26482
26486
26568
26569
26570
26572
26573
26576
26577
26578
26579
26581
26585
26586
26587
26588
26590
26594
26604
26605
26606
26608
26609
26612
26613
26614
26615
26617
26618
26627
26640
26641
26642
26644
26645
26648
26649
26650
26651
26653
26654
26658
26659
26660
26662
26667
26668
26669
26671
26685
26686
26687
26689
26690
26694
26695
26696
26698
26699
26708
26726
26771
26775
26776
26777
26779
26780
26789
26807
26892
26893
26894
26896
26900
26901
26902
26903
26905
26909
26910
26911
26912
26914
26918
26928
26929
26930
26932
26933
26936
26937
26938
26939
26941
26942
26951
26964
26965
26966
26968
26969
26972
26973
26974
26975
26977
26978
26981
26982
26983
26984
26986
26990
26991
26992
26993
26995
26999
27009
27010
27011
27013
27014
27017
27018
27019
27020
27022
27023
27032
27045
27046
27047
27049
27050
27053
27054
27055
27056
27058
27059
27062
27063
27064
27065
27067
27071
27072
27073
27074
27076
27080
27090
27091
27092
27094
27098
27126
27127
27128
27130
27134
27135
27136
27137
27139
27140
27143
27144
27145
27146
27148
27152
27153
27154
27155
27157
27161
27171
27172
27173
27175
27179
27207
27208
27209
27211
27215
27297
27298
27299
27301
27302
27305
27306
27307
27308
27310
27314
27315
27316
27317
27319
27323
27333
27334
27335
27337
27341
27369
27370
27371
27373
27377
27621
27622
27623
27625
27629
27630
27631
27632
27634
27638
27639
27640
27641
27643
27647
27657
27658
27659
27661
27665
27693
27694
27695
27697
27701
27702
27703
27704
27706
27707
27710
27711
27712
27713
27715
27719
27720
27721
27722
27724
27728
27738
27739
27740
27742
27743
27746
27747
27748
27749
27751
27752
27761
27774
27775
27776
27778
27779
27782
27783
27784
27785
27787
27788
27791
27792
27793
27794
27796
27800
27801
27802
27803
27805
27809
27819
27820
27821
27823
27827
27855
27856
27857
27859
27863
27864
27865
27866
27868
27869
27872
27873
27874
27875
27877
27881
27882
27883
27884
27886
27890
27900
27901
27902
27904
27908
27936
27937
27938
27940
27944
28026
28027
28028
28030
28031
28034
28035
28036
28037
28039
28043
28044
28045
28046
28048
28052
28062
28063
28064
28066
28070
28098
28099
28100
28102
28106
28350
28351
28352
28354
28358
28359
28360
28361
28363
28367
28368
28369
28370
28372
28376
28386
28387
28388
28390
28394
28422
28423
28424
28426
28430
29160
29161
29162
29164
29165
29168
29169
29170
29171
29173
29177
29178
29179
29180
29182
29186
29196
29197
29198
29200
29201
29204
29205
29206
29207
29209
29210
29219
29232
29233
29234
29236
29237
29240
29241
29242
29243
29245
29246
29249
29250
29251
29252
29254
29258
29259
29260
29261
29263
29267
29277
29278
29279
29281
29285
29313
29314
29315
29317
29321
29322
29323
29324
29326
29327
29330
29331
29332
29333
29335
29339
29340
29341
29342
29344
29348
29358
29359
29360
29362
29366
29394
29395
29396
29398
29402
29484
29485
29486
29488
29489
29492
29493
29494
29495
29497
29501
29502
29503
29504
29506
29510
29520
29521
29522
29524
29525
29528
29529
29530
29531
29533
29534
29543
29556
29557
29558
29560
29561
29564
29565
29566
29567
29569
29570
29574
29575
29576
29578
29583
29584
29585
29587
29601
29602
29603
29605
29606
29610
29611
29612
29614
29615
29624
29642
29687
29691
29692
29693
29695
29696
29705
29723
29808
29809
29810
29812
29816
29817
29818
29819
29821
29825
29826
29827
29828
29830
29834
29844
29845
29846
29848
29849
29852
29853
29854
29855
29857
29858
29867
29880
29881
29882
29884
29885
29888
29889
29890
29891
29893
29894
29898
29899
29900
29902
29907
29908
29909
29911
29925
29926
29927
29929
29930
29934
29935
29936
29938
29939
29948
29966
29970
29971
29972
29974
29975
29979
29980
29981
29983
29988
29989
29990
29992
30006
30007
30008
30010
30051
30052
30053
30055
30056
30060
30061
30062
30064
30069
30070
30071
30073
30087
30088
30089
30091
30213
30214
30215
30217
30218
30222
30223
30224
30226
30231
30232
30233
30235
30249
30250
30251
30253
30254
30258
30259
30260
30262
30263
30272
30290
30294
30295
30296
30298
30299
30303
30304
30305
30307
30312
30313
30314
30316
30330
30331
30332
30334
30335
30339
30340
30341
30343
30344
30353
30371
30416
30420
30421
30422
30424
30425
30434
30452
30578
30582
30583
30584
30586
30587
30596
30614
30983
30987
30988
30989
30991
30992
31001
31019
31023
31024
31025
31027
31028
31032
31033
31034
31036
31041
31042
31043
31045
31059
31060
31061
31063
31064
31068
31069
31070
31072
31073
31082
31100
31145
31149
31150
31151
31153
31154
31163
31181
31307
31311
31312
31313
31315
31316
31325
31343
32076
32077
32078
32080
32084
32085
32086
32087
32089
32093
32094
32095
32096
32098
32102
32112
32113
32114
32116
32120
32148
32149
32150
32152
32156
32157
32158
32159
32161
32165
32166
32167
32168
32170
32174
32175
32176
32177
32179
32183
32193
32194
32195
32197
32201
32229
32230
32231
32233
32237
32238
32239
32240
32242
32246
32247
32248
32249
32251
32255
32256
32257
32258
32260
32264
32274
32275
32276
32278
32282
32310
32311
32312
32314
32318
32400
32401
32402
32404
32408
32409
32410
32411
32413
32417
32418
32419
32420
32422
32426
32436
32437
32438
32440
32441
32444
32445
32446
32447
32449
32450
32459
32472
32473
32474
32476
32477
32480
32481
32482
32483
32485
32486
32490
32491
32492
32494
32499
32500
32501
32503
32517
32518
32519
32521
32522
32526
32527
32528
32530
32531
32540
32558
32603
32607
32608
32609
32611
32612
32621
32639
32724
32725
32726
32728
32732
32733
32734
32735
32737
32741
32742
32743
32744
32746
32750
32760
32761
32762
32764
32765
32768
32769
32770
32771
32773
32774
32783
32796
32797
32798
32800
32801
32804
32805
32806
32807
32809
32810
32814
32815
32816
32818
32823
32824
32825
32827
32841
32842
32843
32845
32846
32850
32851
32852
32854
32855
32864
32882
32886
32887
32888
32890
32891
32895
32896
32897
32899
32904
32905
32906
32908
32922
32923
32924
32926
32967
32968
32969
32971
32972
32976
32977
32978
32980
32985
32986
32987
32989
33003
33004
33005
33007
33129
33130
33131
33133
33134
33138
33139
33140
33142
33147
33148
33149
33151
33165
33166
33167
33169
33170
33174
33175
33176
33178
33179
33188
33206
33210
33211
33212
33214
33215
33219
33220
33221
33223
33228
33229
33230
33232
33246
33247
33248
33250
33251
33255
33256
33257
33259
33260
33269
33287
33332
33336
33337
33338
33340
33341
33350
33368
33494
33498
33499
33500
33502
33503
33512
33530
33534
33535
33536
33538
33539
33543
33544
33545
33547
33552
33553
33554
33556
33570
33571
33572
33574
33575
33579
33580
33581
33583
33584
33593
33611
33615
33616
33617
33619
33620
33624
33625
33626
33628
33633
33634
33635
33637
33651
33652
33653
33655
33696
33697
33698
33700
33701
33705
33706
33707
33709
33714
33715
33716
33718
33732
33733
33734
33736
33858
33859
33860
33862
33863
33867
33868
33869
33871
33876
33877
33878
33880
33894
33895
33896
33898
34263
34264
34265
34267
34268
34272
34273
34274
34276
34281
34282
34283
34285
34299
34300
34301
34303
34304
34308
34309
34310
34312
34313
34322
34340
34344
34345
34346
34348
34349
34353
34354
34355
34357
34362
34363
34364
34366
34380
34381
34382
34384
34425
34426
34427
34429
34430
34434
34435
34436
34438
34443
34444
34445
34447
34461
34462
34463
34465
34587
34588
34589
34591
34592
34596
34597
34598
34600
34605
34606
34607
34609
34623
34624
34625
34627
35721
35722
35723
35725
35726
35730
35731
35732
35734
35739
35740
35741
35743
35757
35758
35759
35761
35762
35766
35767
35768
35770
35771
35780
35798
35802
35803
35804
35806
35807
35811
35812
35813
35815
35820
35821
35822
35824
35838
35839
35840
35842
35883
35884
35885
35887
35888
35892
35893
35894
35896
35901
35902
35903
35905
35919
35920
35921
35923
36045
36046
36047
36049
36050
36054
36055
36056
36058
36063
36064
36065
36067
36081
36082
36083
36085
36086
36090
36091
36092
36094
36095
36104
36122
36126
36127
36128
36130
36131
36135
36136
36137
36139
36144
36145
36146
36148
36162
36163
36164
36166
36167
36171
36172
36173
36175
36176
36185
36203
36248
36252
36253
36254
36256
36257
36266
36284
36410
36414
36415
36416
36418
36419
36428
36446
36450
36451
36452
36454
36455
36459
36460
36461
36463
36468
36469
36470
36472
36486
36487
36488
36490
36491
36495
36496
36497
36499
36500
36509
36527
36531
36532
36533
36535
36536
36540
36541
36542
36544
36549
36550
36551
36553
36567
36568
36569
36571
36612
36613
36614
36616
36617
36621
36622
36623
36625
36630
36631
36632
36634
36648
36649
36650
36652
36774
36775
36776
36778
36779
36783
36784
36785
36787
36792
36793
36794
36796
36810
36811
36812
36814
36815
36819
36820
36821
36823
36824
36833
36851
36855
36856
36857
36859
36860
36864
36865
36866
36868
36873
36874
36875
36877
36891
36892
36893
36895
36896
36900
36901
36902
36904
36905
36914
36932
36977
36981
36982
36983
36985
36986
36995
37013
37139
37143
37144
37145
37147
37148
37157
37175
37544
37548
37549
37550
37552
37553
37562
37580
37584
37585
37586
37588
37589
37593
37594
37595
37597
37602
37603
37604
37606
37620
37621
37622
37624
37625
37629
37630
37631
37633
37634
37643
37661
37706
37710
37711
37712
37714
37715
37724
37742
37868
37872
37873
37874
37876
37877
37886
37904
39002
39006
39007
39008
39010
39011
39020
39038
39042
39043
39044
39046
39047
39051
39052
39053
39055
39060
39061
39062
39064
39078
39079
39080
39082
39083
39087
39088
39089
39091
39092
39101
39119
39164
39168
39169
39170
39172
39173
39182
39200
39326
39330
39331
39332
39334
39335
39344
39362
42647
42651
42652
42653
42655
42656
42665
42683
42687
42688
42689
42691
42692
42696
42697
42698
42700
42705
42706
42707
42709
42723
42724
42725
42727
42728
42732
42733
42734
42736
42737
42746
42764
42809
42813
42814
42815
42817
42818
42827
42845
42971
42975
42976
42977
42979
42980
42989
43007
43011
43012
43013
43015
43016
43020
43021
43022
43024
43029
43030
43031
43033
43047
43048
43049
43051
43052
43056
43057
43058
43060
43061
43070
43088
43092
43093
43094
43096
43097
43101
43102
43103
43105
43110
43111
43112
43114
43128
43129
43130
43132
43173
43174
43175
43177
43178
43182
43183
43184
43186
43191
43192
43193
43195
43209
43210
43211
43213
43335
43336
43337
43339
43340
43344
43345
43346
43348
43353
43354
43355
43357
43371
43372
43373
43375
43376
43380
43381
43382
43384
43385
43394
43412
43416
43417
43418
43420
43421
43425
43426
43427
43429
43434
43435
43436
43438
43452
43453
43454
43456
43457
43461
43462
43463
43465
43466
43475
43493
43538
43542
43543
43544
43546
43547
43556
43574
43700
43704
43705
43706
43708
43709
43718
43736
44105
44109
44110
44111
44113
44114
44123
44141
44145
44146
44147
44149
44150
44154
44155
44156
44158
44163
44164
44165
44167
44181
44182
44183
44185
44186
44190
44191
44192
44194
44195
44204
44222
44267
44271
44272
44273
44275
44276
44285
44303
44429
44433
44434
44435
44437
44438
44447
44465
45563
45567
45568
45569
45571
45572
45581
45599
45603
45604
45605
45607
45608
45612
45613
45614
45616
45621
45622
45623
45625
45639
45640
45641
45643
45644
45648
45649
45650
45652
45653
45662
45680
45725
45729
45730
45731
45733
45734
45743
45761
45887
45891
45892
45893
45895
45896
45905
45923
52488
52489
52490
52492
52496
52497
52498
52499
52501
52505
52506
52507
52508
52510
52514
52524
52525
52526
52528
52532
52560
52561
52562
52564
52568
52569
52570
52571
52573
52577
52578
52579
52580
52582
52586
52587
52588
52589
52591
52595
52605
52606
52607
52609
52613
52641
52642
52643
52645
52649
52650
52651
52652
52654
52658
52659
52660
52661
52663
52667
52668
52669
52670
52672
52676
52686
52687
52688
52690
52694
52722
52723
52724
52726
52730
52812
52813
52814
52816
52820
52821
52822
52823
52825
52829
52830
52831
52832
52834
52838
52848
52849
52850
52852
52856
52884
52885
52886
52888
52892
53136
53137
53138
53140
53144
53145
53146
53147
53149
53153
53154
53155
53156
53158
53162
53172
53173
53174
53176
53180
53208
53209
53210
53212
53216
53217
53218
53219
53221
53225
53226
53227
53228
53230
53234
53235
53236
53237
53239
53243
53253
53254
53255
53257
53261
53289
53290
53291
53293
53297
53298
53299
53300
53302
53306
53307
53308
53309
53311
53315
53316
53317
53318
53320
53324
53334
53335
53336
53338
53342
53370
53371
53372
53374
53378
53379
53380
53381
53383
53387
53388
53389
53390
53392
53396
53397
53398
53399
53401
53405
53415
53416
53417
53419
53423
53451
53452
53453
53455
53459
53541
53542
53543
53545
53549
53550
53551
53552
53554
53558
53559
53560
53561
53563
53567
53577
53578
53579
53581
53585
53613
53614
53615
53617
53621
53865
53866
53867
53869
53873
53874
53875
53876
53878
53882
53883
53884
53885
53887
53891
53901
53902
53903
53905
53909
53937
53938
53939
53941
53945
53946
53947
53948
53950
53954
53955
53956
53957
53959
53963
53964
53965
53966
53968
53972
53982
53983
53984
53986
53990
54018
54019
54020
54022
54026
54027
54028
54029
54031
54035
54036
54037
54038
54040
54044
54045
54046
54047
54049
54053
54063
54064
54065
54067
54071
54099
54100
54101
54103
54107
54108
54109
54110
54112
54116
54117
54118
54119
54121
54125
54126
54127
54128
54130
54134
54144
54145
54146
54148
54152
54180
54181
54182
54184
54188
54270
54271
54272
54274
54278
54279
54280
54281
54283
54287
54288
54289
54290
54292
54296
54306
54307
54308
54310
54314
54342
54343
54344
54346
54350
54594
54595
54596
54598
54602
54603
54604
54605
54607
54611
54612
54613
54614
54616
54620
54630
54631
54632
54634
54638
54666
54667
54668
54670
54674
55404
55405
55406
55408
55412
55413
55414
55415
55417
55421
55422
55423
55424
55426
55430
55440
55441
55442
55444
55448
55476
55477
55478
55480
55484
55485
55486
55487
55489
55493
55494
55495
55496
55498
55502
55503
55504
55505
55507
55511
55521
55522
55523
55525
55529
55557
55558
55559
55561
55565
55566
55567
55568
55570
55574
55575
55576
55577
55579
55583
55584
55585
55586
55588
55592
55602
55603
55604
55606
55610
55638
55639
55640
55642
55646
55728
55729
55730
55732
55736
55737
55738
55739
55741
55745
55746
55747
55748
55750
55754
55764
55765
55766
55768
55772
55800
55801
55802
55804
55808
56052
56053
56054
56056
56060
56061
56062
56063
56065
56069
56070
56071
56072
56074
56078
56088
56089
56090
56092
56096
56124
56125
56126
56128
56132
58320
58321
58322
58324
58328
58329
58330
58331
58333
58337
58338
58339
58340
58342
58346
58356
58357
58358
58360
58364
58392
58393
58394
58396
58400
58401
58402
58403
58405
58409
58410
58411
58412
58414
58418
58419
58420
58421
58423
58427
58437
58438
58439
58441
58445
58473
58474
58475
58477
58481
58482
58483
58484
58486
58490
58491
58492
58493
58495
58499
58500
58501
58502
58504
58508
58518
58519
58520
58522
58526
58554
58555
58556
58558
58562
58644
58645
58646
58648
58652
58653
58654
58655
58657
58661
58662
58663
58664
58666
58670
58680
58681
58682
58684
58688
58716
58717
58718
58720
58724
58968
58969
58970
58972
58976
58977
58978
58979
58981
58985
58986
58987
58988
58990
58994
59004
59005
59006
59008
59012
59040
59041
59042
59044
59048
59049
59050
59051
59053
59057
59058
59059
59060
59062
59066
59067
59068
59069
59071
59075
59085
59086
59087
59089
59093
59121
59122
59123
59125
59129
59130
59131
59132
59134
59138
59139
59140
59141
59143
59147
59148
59149
59150
59152
59156
59166
59167
59168
59170
59174
59202
59203
59204
59206
59210
59211
59212
59213
59215
59219
59220
59221
59222
59224
59228
59229
59230
59231
59233
59237
59247
59248
59249
59251
59255
59283
59284
59285
59287
59291
59373
59374
59375
59377
59381
59382
59383
59384
59386
59390
59391
59392
59393
59395
59399
59409
59410
59411
59413
59417
59445
59446
59447
59449
59453
59697
59698
59699
59701
59705
59706
59707
59708
59710
59714
59715
59716
59717
59719
59723
59733
59734
59735
59737
59741
59769
59770
59771
59773
59777
59778
59779
59780
59782
59786
59787
59788
59789
59791
59795
59796
59797
59798
59800
59804
59814
59815
59816
59818
59822
59850
59851
59852
59854
59858
59859
59860
59861
59863
59867
59868
59869
59870
59872
59876
59877
59878
59879
59881
59885
59895
59896
59897
59899
59903
59931
59932
59933
59935
59939
59940
59941
59942
59944
59948
59949
59950
59951
59953
59957
59958
59959
59960
59962
59966
59976
59977
59978
59980
59984
60012
60013
60014
60016
60020
60102
60103
60104
60106
60110
60111
60112
60113
60115
60119
60120
60121
60122
60124
60128
60138
60139
60140
60142
60146
60174
60175
60176
60178
60182
60426
60427
60428
60430
60434
60435
60436
60437
60439
60443
60444
60445
60446
60448
60452
60462
60463
60464
60466
60470
60498
60499
60500
60502
60506
60507
60508
60509
60511
60515
60516
60517
60518
60520
60524
60525
60526
60527
60529
60533
60543
60544
60545
60547
60551
60579
60580
60581
60583
60587
60588
60589
60590
60592
60596
60597
60598
60599
60601
60605
60606
60607
60608
60610
60614
60624
60625
60626
60628
60632
60660
60661
60662
60664
60668
60669
60670
60671
60673
60677
60678
60679
60680
60682
60686
60687
60688
60689
60691
60695
60705
60706
60707
60709
60713
60741
60742
60743
60745
60749
60831
60832
60833
60835
60839
60840
60841
60842
60844
60848
60849
60850
60851
60853
60857
60867
60868
60869
60871
60875
60903
60904
60905
60907
60911
61155
61156
61157
61159
61163
61164
61165
61166
61168
61172
61173
61174
61175
61177
61181
61191
61192
61193
61195
61199
61227
61228
61229
61231
61235
61965
61966
61967
61969
61973
61974
61975
61976
61978
61982
61983
61984
61985
61987
61991
62001
62002
62003
62005
62009
62037
62038
62039
62041
62045
62046
62047
62048
62050
62054
62055
62056
62057
62059
62063
62064
62065
62066
62068
62072
62082
62083
62084
62086
62090
62118
62119
62120
62122
62126
62127
62128
62129
62131
62135
62136
62137
62138
62140
62144
62145
62146
62147
62149
62153
62163
62164
62165
62167
62171
62199
62200
62201
62203
62207
62289
62290
62291
62293
62297
62298
62299
62300
62302
62306
62307
62308
62309
62311
62315
62325
62326
62327
62329
62333
62361
62362
62363
62365
62369
62613
62614
62615
62617
62621
62622
62623
62624
62626
62630
62631
62632
62633
62635
62639
62649
62650
62651
62653
62657
62685
62686
62687
62689
62693
64881
64882
64883
64885
64889
64890
64891
64892
64894
64898
64899
64900
64901
64903
64907
64917
64918
64919
64921
64925
64953
64954
64955
64957
64961
64962
64963
64964
64966
64970
64971
64972
64973
64975
64979
64980
64981
64982
64984
64988
64998
64999
65000
65002
65006
65034
65035
65036
65038
65042
65043
65044
65045
65047
65051
65052
65053
65054
65056
65060
65061
65062
65063
65065
65069
65079
65080
65081
65083
65087
65115
65116
65117
65119
65123
65205
65206
65207
65209
65213
65214
65215
65216
65218
65222
65223
65224
65225
65227
65231
65241
65242
65243
65245
65249
65277
65278
65279
65281
65285
65529
65530
65531
65533
65537
65538
65539
65540
65542
65546
65547
65548
65549
65551
65555
65565
65566
65567
65569
65573
65601
65602
65603
65605
65609
65610
65611
65612
65614
65618
65619
65620
65621
65623
65627
65628
65629
65630
65632
65636
65646
65647
65648
65650
65654
65682
65683
65684
65686
65690
65691
65692
65693
65695
65699
65700
65701
65702
65704
65708
65709
65710
65711
65713
65717
65727
65728
65729
65731
65735
65763
65764
65765
65767
65771
65772
65773
65774
65776
65780
65781
65782
65783
65785
65789
65790
65791
65792
65794
65798
65808
65809
65810
65812
65816
65844
65845
65846
65848
65852
65934
65935
65936
65938
65942
65943
65944
65945
65947
65951
65952
65953
65954
65956
65960
65970
65971
65972
65974
65978
66006
66007
66008
66010
66014
66258
66259
66260
66262
66266
66267
66268
66269
66271
66275
66276
66277
66278
66280
66284
66294
66295
66296
66298
66302
66330
66331
66332
66334
66338
66339
66340
66341
66343
66347
66348
66349
66350
66352
66356
66357
66358
66359
66361
66365
66375
66376
66377
66379
66383
66411
66412
66413
66415
66419
66420
66421
66422
66424
66428
66429
66430
66431
66433
66437
66438
66439
66440
66442
66446
66456
66457
66458
66460
66464
66492
66493
66494
66496
66500
66501
66502
66503
66505
66509
66510
66511
66512
66514
66518
66519
66520
66521
66523
66527
66537
66538
66539
66541
66545
66573
66574
66575
66577
66581
66663
66664
66665
66667
66671
66672
66673
66674
66676
66680
66681
66682
66683
66685
66689
66699
66700
66701
66703
66707
66735
66736
66737
66739
66743
66987
66988
66989
66991
66995
66996
66997
66998
67000
67004
67005
67006
67007
67009
67013
67023
67024
67025
67027
67031
67059
67060
67061
67063
67067
67068
67069
67070
67072
67076
67077
67078
67079
67081
67085
67086
67087
67088
67090
67094
67104
67105
67106
67108
67112
67140
67141
67142
67144
67148
67149
67150
67151
67153
67157
67158
67159
67160
67162
67166
67167
67168
67169
67171
67175
67185
67186
67187
67189
67193
67221
67222
67223
67225
67229
67230
67231
67232
67234
67238
67239
67240
67241
67243
67247
67248
67249
67250
67252
67256
67266
67267
67268
67270
67274
67302
67303
67304
67306
67310
67392
67393
67394
67396
67400
67401
67402
67403
67405
67409
67410
67411
67412
67414
67418
67428
67429
67430
67432
67436
67464
67465
67466
67468
67472
67716
67717
67718
67720
67724
67725
67726
67727
67729
67733
67734
67735
67736
67738
67742
67752
67753
67754
67756
67760
67788
67789
67790
67792
67796
68526
68527
68528
68530
68534
68535
68536
68537
68539
68543
68544
68545
68546
68548
68552
68562
68563
68564
68566
68570
68598
68599
68600
68602
68606
68607
68608
68609
68611
68615
68616
68617
68618
68620
68624
68625
68626
68627
68629
68633
68643
68644
68645
68647
68651
68679
68680
68681
68683
68687
68688
68689
68690
68692
68696
68697
68698
68699
68701
68705
68706
68707
68708
68710
68714
68724
68725
68726
68728
68732
68760
68761
68762
68764
68768
68850
68851
68852
68854
68858
68859
68860
68861
68863
68867
68868
68869
68870
68872
68876
68886
68887
68888
68890
68894
68922
68923
68924
68926
68930
69174
69175
69176
69178
69182
69183
69184
69185
69187
69191
69192
69193
69194
69196
69200
69210
69211
69212
69214
69218
69246
69247
69248
69250
69254
71442
71443
71444
71446
71450
71451
71452
71453
71455
71459
71460
71461
71462
71464
71468
71478
71479
71480
71482
71486
71514
71515
71516
71518
71522
71523
71524
71525
71527
71531
71532
71533
71534
71536
71540
71541
71542
71543
71545
71549
71559
71560
71561
71563
71567
71595
71596
71597
71599
71603
71604
71605
71606
71608
71612
71613
71614
71615
71617
71621
71622
71623
71624
71626
71630
71640
71641
71642
71644
71648
71676
71677
71678
71680
71684
71766
71767
71768
71770
71774
71775
71776
71777
71779
71783
71784
71785
71786
71788
71792
71802
71803
71804
71806
71810
71838
71839
71840
71842
71846
72090
72091
72092
72094
72098
72099
72100
72101
72103
72107
72108
72109
72110
72112
72116
72126
72127
72128
72130
72134
72162
72163
72164
72166
72170
72171
72172
72173
72175
72179
72180
72181
72182
72184
72188
72189
72190
72191
72193
72197
72207
72208
72209
72211
72215
72243
72244
72245
72247
72251
72252
72253
72254
72256
72260
72261
72262
72263
72265
72269
72270
72271
72272
72274
72278
72288
72289
72290
72292
72296
72324
72325
72326
72328
72332
72333
72334
72335
72337
72341
72342
72343
72344
72346
72350
72351
72352
72353
72355
72359
72369
72370
72371
72373
72377
72405
72406
72407
72409
72413
72495
72496
72497
72499
72503
72504
72505
72506
72508
72512
72513
72514
72515
72517
72521
72531
72532
72533
72535
72539
72567
72568
72569
72571
72575
72819
72820
72821
72823
72827
72828
72829
72830
72832
72836
72837
72838
72839
72841
72845
72855
72856
72857
72859
72863
72891
72892
72893
72895
72899
72900
72901
72902
72904
72908
72909
72910
72911
72913
72917
72918
72919
72920
72922
72926
72936
72937
72938
72940
72944
72972
72973
72974
72976
72980
72981
72982
72983
72985
72989
72990
72991
72992
72994
72998
72999
73000
73001
73003
73007
73017
73018
73019
73021
73025
73053
73054
73055
73057
73061
73062
73063
73064
73066
73070
73071
73072
73073
73075
73079
73080
73081
73082
73084
73088
73098
73099
73100
73102
73106
73134
73135
73136
73138
73142
73224
73225
73226
73228
73232
73233
73234
73235
73237
73241
73242
73243
73244
73246
73250
73260
73261
73262
73264
73268
73296
73297
73298
73300
73304
73548
73549
73550
73552
73556
73557
73558
73559
73561
73565
73566
73567
73568
73570
73574
73584
73585
73586
73588
73592
73620
73621
73622
73624
73628
73629
73630
73631
73633
73637
73638
73639
73640
73642
73646
73647
73648
73649
73651
73655
73665
73666
73667
73669
73673
73701
73702
73703
73705
73709
73710
73711
73712
73714
73718
73719
73720
73721
73723
73727
73728
73729
73730
73732
73736
73746
73747
73748
73750
73754
73782
73783
73784
73786
73790
73791
73792
73793
73795
73799
73800
73801
73802
73804
73808
73809
73810
73811
73813
73817
73827
73828
73829
73831
73835
73863
73864
73865
73867
73871
73953
73954
73955
73957
73961
73962
73963
73964
73966
73970
73971
73972
73973
73975
73979
73989
73990
73991
73993
73997
74025
74026
74027
74029
74033
74277
74278
74279
74281
74285
74286
74287
74288
74290
74294
74295
74296
74297
74299
74303
74313
74314
74315
74317
74321
74349
74350
74351
74353
74357
75087
75088
75089
75091
75095
75096
75097
75098
75100
75104
75105
75106
75107
75109
75113
75123
75124
75125
75127
75131
75159
75160
75161
75163
75167
75168
75169
75170
75172
75176
75177
75178
75179
75181
75185
75186
75187
75188
75190
75194
75204
75205
75206
75208
75212
75240
75241
75242
75244
75248
75249
75250
75251
75253
75257
75258
75259
75260
75262
75266
75267
75268
75269
75271
75275
75285
75286
75287
75289
75293
75321
75322
75323
75325
75329
75411
75412
75413
75415
75419
75420
75421
75422
75424
75428
75429
75430
75431
75433
75437
75447
75448
75449
75451
75455
75483
75484
75485
75487
75491
75735
75736
75737
75739
75743
75744
75745
75746
75748
75752
75753
75754
75755
75757
75761
75771
75772
75773
75775
75779
75807
75808
75809
75811
75815
78003
78004
78005
78007
78011
78012
78013
78014
78016
78020
78021
78022
78023
78025
78029
78039
78040
78041
78043
78047
78075
78076
78077
78079
78083
78084
78085
78086
78088
78092
78093
78094
78095
78097
78101
78102
78103
78104
78106
78110
78120
78121
78122
78124
78128
78156
78157
78158
78160
78164
78165
78166
78167
78169
78173
78174
78175
78176
78178
78182
78183
78184
78185
78187
78191
78201
78202
78203
78205
78209
78237
78238
78239
78241
78245
78327
78328
78329
78331
78335
78336
78337
78338
78340
78344
78345
78346
78347
78349
78353
78363
78364
78365
78367
78371
78399
78400
78401
78403
78407
78651
78652
78653
78655
78659
78660
78661
78662
78664
78668
78669
78670
78671
78673
78677
78687
78688
78689
78691
78695
78723
78724
78725
78727
78731
85293
85294
85295
85297
85301
85302
85303
85304
85306
85310
85311
85312
85313
85315
85319
85329
85330
85331
85333
85337
85365
85366
85367
85369
85373
85374
85375
85376
85378
85382
85383
85384
85385
85387
85391
85392
85393
85394
85396
85400
85410
85411
85412
85414
85418
85446
85447
85448
85450
85454
85455
85456
85457
85459
85463
85464
85465
85466
85468
85472
85473
85474
85475
85477
85481
85491
85492
85493
85495
85499
85527
85528
85529
85531
85535
85617
85618
85619
85621
85625
85626
85627
85628
85630
85634
85635
85636
85637
85639
85643
85653
85654
85655
85657
85661
85689
85690
85691
85693
85697
85941
85942
85943
85945
85949
85950
85951
85952
85954
85958
85959
85960
85961
85963
85967
85977
85978
85979
85981
85985
86013
86014
86015
86017
86021
86022
86023
86024
86026
86030
86031
86032
86033
86035
86039
86040
86041
86042
86044
86048
86058
86059
86060
86062
86066
86094
86095
86096
86098
86102
86103
86104
86105
86107
86111
86112
86113
86114
86116
86120
86121
86122
86123
86125
86129
86139
86140
86141
86143
86147
86175
86176
86177
86179
86183
86184
86185
86186
86188
86192
86193
86194
86195
86197
86201
86202
86203
86204
86206
86210
86220
86221
86222
86224
86228
86256
86257
86258
86260
86264
86346
86347
86348
86350
86354
86355
86356
86357
86359
86363
86364
86365
86366
86368
86372
86382
86383
86384
86386
86390
86418
86419
86420
86422
86426
86670
86671
86672
86674
86678
86679
86680
86681
86683
86687
86688
86689
86690
86692
86696
86706
86707
86708
86710
86714
86742
86743
86744
86746
86750
86751
86752
86753
86755
86759
86760
86761
86762
86764
86768
86769
86770
86771
86773
86777
86787
86788
86789
86791
86795
86823
86824
86825
86827
86831
86832
86833
86834
86836
86840
86841
86842
86843
86845
86849
86850
86851
86852
86854
86858
86868
86869
86870
86872
86876
86904
86905
86906
86908
86912
86913
86914
86915
86917
86921
86922
86923
86924
86926
86930
86931
86932
86933
86935
86939
86949
86950
86951
86953
86957
86985
86986
86987
86989
86993
87075
87076
87077
87079
87083
87084
87085
87086
87088
87092
87093
87094
87095
87097
87101
87111
87112
87113
87115
87119
87147
87148
87149
87151
87155
87399
87400
87401
87403
87407
87408
87409
87410
87412
87416
87417
87418
87419
87421
87425
87435
87436
87437
87439
87443
87471
87472
87473
87475
87479
88209
88210
88211
88213
88217
88218
88219
88220
88222
88226
88227
88228
88229
88231
88235
88245
88246
88247
88249
88253
88281
88282
88283
88285
88289
88290
88291
88292
88294
88298
88299
88300
88301
88303
88307
88308
88309
88310
88312
88316
88326
88327
88328
88330
88334
88362
88363
88364
88366
88370
88371
88372
88373
88375
88379
88380
88381
88382
88384
88388
88389
88390
88391
88393
88397
88407
88408
88409
88411
88415
88443
88444
88445
88447
88451
88533
88534
88535
88537
88541
88542
88543
88544
88546
88550
88551
88552
88553
88555
88559
88569
88570
88571
88573
88577
88605
88606
88607
88609
88613
88857
88858
88859
88861
88865
88866
88867
88868
88870
88874
88875
88876
88877
88879
88883
88893
88894
88895
88897
88901
88929
88930
88931
88933
88937
91125
91126
91127
91129
91133
91134
91135
91136
91138
91142
91143
91144
91145
91147
91151
91161
91162
91163
91165
91169
91197
91198
91199
91201
91205
91206
91207
91208
91210
91214
91215
91216
91217
91219
91223
91224
91225
91226
91228
91232
91242
91243
91244
91246
91250
91278
91279
91280
91282
91286
91287
91288
91289
91291
91295
91296
91297
91298
91300
91304
91305
91306
91307
91309
91313
91323
91324
91325
91327
91331
91359
91360
91361
91363
91367
91449
91450
91451
91453
91457
91458
91459
91460
91462
91466
91467
91468
91469
91471
91475
91485
91486
91487
91489
91493
91521
91522
91523
91525
91529
91773
91774
91775
91777
91781
91782
91783
91784
91786
91790
91791
91792
91793
91795
91799
91809
91810
91811
91813
91817
91845
91846
91847
91849
91853
