2
3
4
5
6
7
8
9
10
11
12
13
14
15
16
17
18
19
20
21
22
23
24
25
26
27
28
29
30
31
32
33
34
35
36
37
38
39
40
41
42
43
44
45
46
47
48
49
50
51
52
53
54
55
56
57
58
59
60
61
62
63
64
65
66
67
68
69
70
71
72
73
74
75
76
77
78
79
80
81
82
83
84
85
86
87
88
89
90
91
92
93
94
95
96
97
98
99
100
101
102
103
104
105
106
107
108
109
110
111
112
113
114
115
116
117
118
119
120
121
122
123
124
125
126
127
128
129
130
131
132
133
134
135
136
137
138
139
140
141
142
143
144
145
146
147
148
149
150
151
152
153
154
155
156
157
158
159
160
161
162
163
164
165
166
167
168
169
170
171
172
173
174
175
176
177
178
179
180
181
182
183
184
185
186
187
188
189
190
191
192
193
194
195
196
197
198
199
200
201
202
203
204
205
206
207
208
209
210
211
212
213
214
215
216
217
218
219
220
221
222
223
224
225
226
227
228
229
230
231
232
233
234
235
236
237
238
239
240
242
243
244
245
246
247
248
249
250
251
252
253
254
255
256
257
258
259
260
261
262
263
264
265
266
267
268
269
270
271
272
273
274
275
276
277
278
279
280
281
282
283
284
285
286
287
288
289
290
291
292
293
294
295
296
297
298
299
300
301
302
303
304
305
306
307
309
310
311
312
313
314
315
316
317
318
319
320
322
324
325
326
327
328
329
331
332
333
334
335
336
337
338
339
340
341
342
343
345
346
349
351
352
353
354
355
356
358
360
361
363
364
365
366
367
368
369
370
371
372
373
374
375
376
378
379
380
381
382
383
384
387
388
390
391
392
393
394
395
396
397
398
399
400
401
403
404
405
406
407
408
409
410
412
414
415
416
417
418
419
421
423
424
426
427
428
429
430
432
433
434
435
436
437
438
439
440
441
442
443
444
445
446
447
448
450
451
452
453
454
455
456
457
459
460
461
462
463
464
467
468
469
470
471
472
473
475
477
478
479
480
481
484
486
487
488
491
492
493
494
495
496
498
499
500
501
502
503
504
505
507
508
509
510
511
512
513
514
515
516
517
519
520
521
522
523
524
525
526
527
528
530
531
532
533
534
535
536
538
539
540
541
542
543
544
545
546
547
548
549
550
551
552
554
556
557
558
559
560
561
562
564
565
566
567
568
569
570
571
572
574
575
576
577
579
580
581
583
584
585
586
588
589
590
591
592
593
594
595
596
597
598
599
600
601
602
603
604
605
606
607
608
609
610
611
612
613
615
616
617
618
619
620
622
624
625
626
627
628
629
630
631
632
633
634
635
637
638
639
640
641
642
645
647
648
649
650
651
652
653
654
655
656
657
658
660
661
662
664
665
666
667
668
669
671
672
673
674
675
676
677
678
680
682
683
684
685
686
687
689
691
692
693
694
695
696
697
698
699
700
701
702
703
704
705
706
707
708
709
710
714
716
718
719
720
729
730
731
732
733
734
735
736
737
738
739
741
742
743
744
745
746
747
748
750
751
752
753
754
755
756
757
758
759
760
761
763
764
765
766
768
769
770
771
772
774
775
776
777
778
779
780
781
783
784
785
786
787
788
790
791
792
793
794
795
796
797
799
800
801
802
803
807
810
811
812
813
814
815
816
817
818
819
820
822
823
824
825
826
827
829
831
832
837
838
840
841
842
843
844
845
846
847
848
849
850
851
852
853
855
856
858
859
860
862
864
865
867
868
871
872
873
874
876
877
878
879
880
881
882
883
885
886
887
900
903
904
910
912
913
914
916
918
919
921
922
927
928
930
931
932
933
934
935
936
938
939
940
943
944
947
948
949
952
954
955
956
957
958
959
961
972
973
974
975
976
977
979
980
981
982
984
985
986
987
988
989
990
991
993
994
995
997
999
1000
1001
1002
1003
1004
1006
1008
1009
1011
1012
1013
1014
1015
1016
1017
1018
1019
1020
1021
1022
1023
1024
1025
1026
1027
1028
1029
1030
1031
1034
1035
1036
1037
1038
1039
1040
1042
1043
1044
1045
1046
1047
1048
1050
1051
1053
1054
1055
1056
1057
1058
1060
1061
1062
1063
1065
1066
1067
1068
1069
1070
1071
1072
1074
1075
1076
1077
1078
1079
1080
1081
1082
1083
1084
1085
1086
1087
1088
1089
1090
1091
1092
1093
1094
1095
1096
1098
1099
1100
1101
1102
1103
1104
1105
1107
1108
1109
1110
1111
1112
1115
1116
1117
1119
1120
1121
1122
1123
1127
1128
1129
1132
1134
1135
1136
1137
1138
1139
1140
1141
1142
1143
1144
1146
1147
1148
1150
1161
1162
1164
1165
1166
1168
1170
1171
1173
1174
1175
1176
1177
1179
1180
1182
1183
1184
1186
1197
1198
1200
1201
1202
1204
1215
1216
1218
1219
1224
1225
1227
1228
1230
1231
1236
1237
1242
1243
1245
1246
1251
1252
1254
1255
1257
1258
1262
1263
1264
1267
1271
1276
1277
1278
1279
1285
1286
1287
1288
1289
1290
1291
1294
1296
1297
1298
1299
1300
1301
1303
1304
1305
1306
1308
1309
1310
1311
1312
1313
1314
1315
1317
1318
1319
1320
1322
1323
1324
1325
1326
1327
1328
1329
1330
1331
1332
1333
1334
1335
1336
1337
1338
1339
1340
1341
1342
1344
1345
1346
1348
1349
1350
1351
1353
1354
1357
1358
1359
1360
1361
1362
1363
1364
1365
1366
1367
1368
1369
1370
1371
1372
1374
1375
1377
1378
1379
1380
1381
1383
1384
1385
1386
1387
1389
1390
1391
1393
1394
1395
1396
1398
1400
1401
1402
1403
1404
1405
1406
1407
1408
1413
1414
1416
1417
1419
1420
1421
1425
1426
1427
1428
1429
1430
1431
1432
1433
1434
1435
1436
1439
1458
1459
1460
1464
1466
1467
1468
1472
1475
1476
1477
1481
1482
1484
1487
1508
1509
1512
1513
1514
1517
1520
1523
1526
1529
1530
1531
1532
1536
1539
1540
1541
1545
1547
1548
1549
1553
1572
1574
1577
1580
1581
1584
1585
1641
1642
1647
1648
1650
1651
1656
1657
1663
1664
1668
1669
1672
1673
1677
1678
1701
1702
1704
1705
1708
1709
1710
1711
1713
1714
1716
1717
1718
1722
1723
1728
1729
1731
1732
1737
1738
1740
1741
1743
1744
1745
1749
1750
1751
1752
1753
1754
1755
1756
1757
1758
1759
1760
1763
1766
1769
1772
1773
1774
1775
1779
1782
1783
1785
1786
1789
1790
1791
1792
1794
1795
1797
1798
1799
1800
1801
1803
1804
1805
1806
1808
1809
1810
1811
1812
1813
1815
1817
1818
1819
1820
1821
1822
1823
1824
1825
1826
1827
1828
1830
1831
1832
1833
1834
1835
1836
1837
1838
1839
1840
1841
1843
1844
1845
1846
1848
1849
1851
1852
1853
1854
1855
1857
1858
1863
1864
1865
1869
1871
1872
1873
1877
1884
1885
1890
1891
1893
1894
1896
1898
1899
1900
1901
1902
1903
1904
1905
1906
1907
1908
1909
1911
1912
1913
1914
1915
1916
1917
1918
1919
1920
1921
1922
1924
1925
1926
1927
1933
1934
1935
1936
1944
1945
1946
1950
1952
1953
1954
1958
1961
1962
1963
1965
1966
1967
1968
1970
1971
1972
1973
1974
1975
1977
1979
1980
1981
1982
1985
1986
1989
1990
2187
2188
2190
2191
2192
2194
2195
2196
2197
2199
2200
2201
2202
2203
2204
2208
2209
2214
2215
2217
2218
2219
2221
2223
2224
2226
2227
2228
2229
2230
2232
2233
2235
2236
2237
2239
2248
2249
2250
2251
2253
2254
2255
2257
2258
2259
2260
2268
2269
2271
2272
2273
2275
2276
2277
2278
2280
2281
2282
2283
2284
2285
2289
2290
2295
2296
2298
2299
2300
2302
2304
2305
2307
2308
2309
2310
2311
2313
2314
2316
2317
2318
2320
2322
2323
2325
2326
2329
2330
2331
2332
2334
2335
2336
2337
2338
2339
2340
2341
2343
2344
2370
2371
2376
2377
2379
2380
2385
2386
2388
2389
2391
2392
2393
2397
2398
2401
2402
2406
2407
2430
2431
2433
2434
2435
2437
2438
2439
2440
2442
2443
2444
2445
2446
2447
2451
2452
2457
2458
2460
2461
2462
2464
2466
2467
2469
2470
2471
2472
2473
2474
2475
2476
2478
2479
2480
2482
2483
2487
2488
2493
2494
2496
2497
2498
2500
2511
2512
2514
2515
2516
2518
2520
2521
2523
2524
2525
2526
2527
2532
2533
2538
2539
2541
2542
2543
2545
2547
2548
2550
2551
2552
2553
2554
2556
2557
2559
2560
2561
2563
2565
2566
2568
2569
2574
2575
2577
2578
2579
2580
2581
2586
2587
2592
2593
2595
2596
2597
2599
2601
2602
2604
2605
2606
2608
2619
2620
2622
2623
2624
2626
2628
2629
2631
2632
2633
2634
2635
2637
2638
2640
2641
2642
2644
2655
2656
2658
2659
2660
2662
2754
2755
2757
2758
2759
2761
2763
2764
2766
2767
2768
2770
2781
2782
2784
2785
2786
2788
2790
2791
2793
2794
2795
2797
2799
2800
2802
2803
2804
2806
2817
2818
2820
2821
2822
2824
2916
2917
2919
2920
2921
2923
2925
2926
2928
2929
2930
2931
2932
2937
2938
2943
2944
2946
2947
2948
2950
2952
2953
2955
2956
2957
2958
2959
2961
2962
2964
2965
2966
2968
2979
2980
2982
2983
2984
2986
2997
2998
3000
3001
3002
3004
3006
3007
3009
3010
3011
3012
3013
3018
3019
3024
3025
3027
3028
3029
3031
3033
3034
3036
3037
3038
3039
3040
3042
3043
3045
3046
3047
3049
3051
3052
3054
3055
3060
3061
3063
3064
3065
3066
3067
3072
3073
3105
3106
3108
3109
3114
3115
3117
3118
3120
3121
3126
3127
3159
3160
3162
3163
3164
3166
3168
3169
3171
3172
3173
3174
3175
3180
3181
3186
3187
3189
3190
3191
3193
3195
3196
3198
3199
3200
3201
3202
3204
3205
3207
3208
3209
3211
3222
3223
3225
3226
3227
3229
3240
3241
3243
3244
3245
3247
3249
3250
3252
3253
3254
3255
3256
3261
3262
3267
3268
3270
3271
3272
3274
3276
3277
3279
3280
3281
3282
3283
3285
3286
3288
3289
3290
3292
3294
3295
3297
3298
3303
3304
3306
3307
3308
3309
3310
3315
3316
3321
3322
3324
3325
3326
3328
3330
3331
3333
3334
3335
3337
3348
3349
3351
3352
3353
3355
3357
3358
3360
3361
3362
3364
3366
3367
3369
3370
3371
3373
3384
3385
3387
3388
3389
3391
3483
3484
3486
3487
3488
3490
3492
3493
3495
3496
3497
3499
3510
3511
3513
3514
3515
3517
3519
3520
3522
3523
3524
3526
3528
3529
3531
3532
3533
3535
3546
3547
3549
3550
3551
3553
3645
3646
3648
3649
3650
3652
3654
3655
3657
3658
3659
3661
3672
3673
3675
3676
3677
3679
3681
3682
3684
3685
3686
3688
3690
3691
3693
3694
3695
3697
3708
3709
3711
3712
3713
3715
3726
3727
3729
3730
3731
3733
3735
3736
3738
3739
3740
3742
3753
3754
3756
3757
3758
3760
3762
3763
3765
3766
3767
3769
3771
3772
3774
3775
3776
3778
3789
3790
3792
3793
3794
3796
3888
3889
3891
3892
3893
3895
3897
3898
3900
3901
3902
3904
3915
3916
3918
3919
3920
3922
3924
3925
3927
3928
3929
3931
3933
3934
3936
3937
3938
3940
3951
3952
3954
3955
3956
3958
3969
3970
3972
3973
3974
3976
3978
3979
3981
3982
3983
3985
3996
3997
3999
4000
4001
4003
4005
4006
4008
4009
4010
4012
4014
4015
4017
4018
4019
4021
4032
4033
4035
4036
4037
4039
4050
4051
4053
4054
4055
4057
4059
4060
4062
4063
4064
4066
4077
4078
4080
4081
4082
4084
4086
4087
4089
4090
4091
4093
4095
4096
4098
4099
4100
4102
4113
4114
4116
4117
4118
4120
4212
4213
4215
4216
4217
4219
4221
4222
4224
4225
4226
4228
4239
4240
4242
4243
4244
4246
4248
4249
4251
4252
4253
4255
4257
4258
4260
4261
4262
4264
4275
4276
4278
4279
4280
4282
5103
5104
5106
5107
5108
5110
5112
5113
5115
5116
5117
5119
5130
5131
5133
5134
5135
5137
5139
5140
5142
5143
5144
5146
5148
5149
5151
5152
5153
5155
5166
5167
5169
5170
5171
5173
5184
5185
5187
5188
5189
5191
5193
5194
5196
5197
5198
5200
5211
5212
5214
5215
5216
5218
5220
5221
5223
5224
5225
5227
5229
5230
5232
5233
5234
5236
5247
5248
5250
5251
5252
5254
5346
5347
5349
5350
5351
5353
5355
5356
5358
5359
5360
5362
5373
5374
5376
5377
5378
5380
5382
5383
5385
5386
5387
5389
5391
5392
5394
5395
5396
5398
5409
5410
5412
5413
5414
5416
5427
5428
5430
5431
5432
5434
5436
5437
5439
5440
5441
5443
5454
5455
5457
5458
5459
5461
5463
5464
5466
5467
5468
5470
5472
5473
5475
5476
5477
5479
5490
5491
5493
5494
5495
5497
5508
5509
5511
5512
5513
5515
5517
5518
5520
5521
5522
5524
5535
5536
5538
5539
5540
5542
5544
5545
5547
5548
5549
5551
5553
5554
5556
5557
5558
5560
5571
5572
5574
5575
5576
5578
5670
5671
5673
5674
5675
5677
5679
5680
5682
5683
5684
5686
5697
5698
5700
5701
5702
5704
5706
5707
5709
5710
5711
5713
5715
5716
5718
5719
5720
5722
5733
5734
5736
5737
5738
5740
6561
6562
6564
6565
6566
6568
6570
6571
6573
6574
6575
6577
6588
6589
6591
6592
6593
6595
6597
6598
6600
6601
6602
6604
6606
6607
6609
6610
6611
6613
6624
6625
6627
6628
6629
6631
6642
6643
6645
6646
6647
6649
6651
6652
6654
6655
6656
6658
6669
6670
6672
6673
6674
6676
6678
6679
6681
6682
6683
6685
6687
6688
6690
6691
6692
6694
6705
6706
6708
6709
6710
6712
6804
6805
6807
6808
6809
6811
6813
6814
6816
6817
6818
6820
6831
6832
6834
6835
6836
6838
6840
6841
6843
6844
6845
6847
6849
6850
6852
6853
6854
6856
6867
6868
6870
6871
6872
6874
6885
6886
6888
6889
6890
6892
6894
6895
6897
6898
6899
6901
6912
6913
6915
6916
6917
6919
6921
6922
6924
6925
6926
6928
6930
6931
6933
6934
6935
6937
6948
6949
6951
6952
6953
6955
6966
6967
6969
6970
6971
6973
6975
6976
6978
6979
6980
6982
6993
6994
6996
6997
6998
7000
7002
7003
7005
7006
7007
7009
7011
7012
7014
7015
7016
7018
7029
7030
7032
7033
7034
7036
7128
7129
7131
7132
7133
7135
7137
7138
7140
7141
7142
7144
7155
7156
7158
7159
7160
7162
7164
7165
7167
7168
7169
7171
7173
7174
7176
7177
7178
7180
7191
7192
7194
7195
7196
7198
7290
7291
7293
7294
7295
7297
7299
7300
7302
7303
7304
7306
7317
7318
7320
7321
7322
7324
7326
7327
7329
7330
7331
7333
7335
7336
7338
7339
7340
7342
7353
7354
7356
7357
7358
7360
7371
7372
7374
7375
7376
7378
7380
7381
7383
7384
7385
7387
7398
7399
7401
7402
7403
7405
7407
7408
7410
7411
7412
7414
7416
7417
7419
7420
7421
7423
7434
7435
7437
7438
7439
7441
7533
7534
7536
7537
7538
7540
7542
7543
7545
7546
7547
7549
7560
7561
7563
7564
7565
7567
7569
7570
7572
7573
7574
7576
7578
7579
7581
7582
7583
7585
7596
7597
7599
7600
7601
7603
7614
7615
7617
7618
7619
7621
7623
7624
7626
7627
7628
7630
7641
7642
7644
7645
7646
7648
7650
7651
7653
7654
7655
7657
7659
7660
7662
7663
7664
7666
7677
7678
7680
7681
7682
7684
7695
7696
7698
7699
7700
7702
7704
7705
7707
7708
7709
7711
7722
7723
7725
7726
7727
7729
7731
7732
7734
7735
7736
7738
7740
7741
7743
7744
7745
7747
7758
7759
7761
7762
7763
7765
7857
7858
7860
7861
7862
7864
7866
7867
7869
7870
7871
7873
7884
7885
7887
7888
7889
7891
7893
7894
7896
7897
7898
7900
7902
7903
7905
7906
7907
7909
7920
7921
7923
7924
7925
7927
8748
8749
8751
8752
8753
8755
8757
8758
8760
8761
8762
8764
8775
8776
8778
8779
8780
8782
8784
8785
8787
8788
8789
8791
8793
8794
8796
8797
8798
8800
8811
8812
8814
8815
8816
8818
8829
8830
8832
8833
8834
8836
8838
8839
8841
8842
8843
8845
8856
8857
8859
8860
8861
8863
8865
8866
8868
8869
8870
8872
8874
8875
8877
8878
8879
8881
8892
8893
8895
8896
8897
8899
8991
8992
8994
8995
8996
8998
9000
9001
9003
9004
9005
9007
9018
9019
9021
9022
9023
9025
9027
9028
9030
9031
9032
9034
9036
9037
9039
9040
9041
9043
9054
9055
9057
9058
9059
9061
9072
9073
9075
9076
9077
9079
9081
9082
9084
9085
9086
9088
9099
9100
9102
9103
9104
9106
9108
9109
9111
9112
9113
9115
9117
9118
9120
9121
9122
9124
9135
9136
9138
9139
9140
9142
9153
9154
9156
9157
9158
9160
9162
9163
9165
9166
9167
9169
9180
9181
9183
9184
9185
9187
9189
9190
9192
9193
9194
9196
9198
9199
9201
9202
9203
9205
9216
9217
9219
9220
9221
9223
9315
9316
9318
9319
9320
9322
9324
9325
9327
9328
9329
9331
9342
9343
9345
9346
9347
9349
9351
9352
9354
9355
9356
9358
9360
9361
9363
9364
9365
9367
9378
9379
9381
9382
9383
9385
9477
9478
9480
9481
9482
9484
9486
9487
9489
9490
9491
9493
9504
9505
9507
9508
9509
9511
9513
9514
9516
9517
9518
9520
9522
9523
9525
9526
9527
9529
9540
9541
9543
9544
9545
9547
9558
9559
9561
9562
9563
9565
9567
9568
9570
9571
9572
9574
9585
9586
9588
9589
9590
9592
9594
9595
9597
9598
9599
9601
9603
9604
9606
9607
9608
9610
9621
9622
9624
9625
9626
9628
9720
9721
9723
9724
9725
9727
9729
9730
9732
9733
9734
9736
9747
9748
9750
9751
9752
9754
9756
9757
9759
9760
9761
9763
9765
9766
9768
9769
9770
9772
9783
9784
9786
9787
9788
9790
9801
9802
9804
9805
9806
9808
9810
9811
9813
9814
9815
9817
9828
9829
9831
9832
9833
9835
9837
9838
9840
9841
9842
9844
9846
9847
9849
9850
9851
9853
9864
9865
9867
9868
9869
9871
9882
9883
9885
9886
9887
9889
9891
9892
9894
9895
9896
9898
9909
9910
9912
9913
9914
9916
9918
9919
9921
9922
9923
9925
9927
9928
9930
9931
9932
9934
9945
9946
9948
9949
9950
9952
