2
4
5
6
7
8
9
10
11
12
13
14
15
16
17
18
19
20
21
22
24
25
26
28
30
31
32
33
34
35
36
37
38
39
40
41
42
43
44
45
46
47
48
49
50
51
52
53
54
55
56
57
58
59
60
61
62
63
64
65
66
67
68
69
70
71
72
73
74
75
76
77
78
79
80
81
82
83
84
85
86
87
88
89
90
91
92
93
94
95
96
97
98
99
100
101
102
105
106
107
108
109
110
111
112
114
115
116
117
118
119
120
121
123
124
125
126
127
129
130
132
133
134
135
136
137
139
140
141
142
143
144
145
146
147
148
149
152
153
154
155
156
157
159
160
161
162
163
164
167
168
169
171
172
173
174
175
176
177
178
179
180
181
182
183
186
187
189
190
194
195
196
197
198
199
200
201
204
205
206
210
212
213
215
216
217
218
219
220
222
224
225
226
229
231
232
235
238
240
250
252
254
260
262
263
265
267
277
280
288
292
294
296
297
298
300
301
304
306
307
308
313
316
318
322
324
325
328
330
332
333
334
337
339
340
341
342
343
344
346
348
350
351
357
358
360
361
362
363
364
365
366
367
368
369
370
372
374
375
378
379
380
382
384
386
387
394
395
396
397
399
400
402
404
405
406
410
411
414
415
417
419
424
426
431
432
433
435
436
437
438
441
445
446
447
448
450
451
452
453
455
456
458
459
460
461
462
463
467
474
475
476
477
478
481
483
486
487
490
492
493
494
495
496
498
499
501
502
503
504
505
506
508
510
511
514
519
522
523
526
528
530
532
533
534
540
541
544
546
547
548
549
550
552
553
554
555
557
558
559
561
562
563
564
565
566
567
568
573
574
576
577
579
580
581
584
586
587
588
589
591
593
594
595
597
600
601
603
604
606
607
608
612
613
614
615
616
617
620
621
629
633
635
636
637
638
639
640
642
648
649
652
654
656
657
658
661
663
665
670
672
684
685
688
690
692
694
702
703
706
708
710
712
720
721
724
726
728
729
730
731
733
734
735
736
737
738
739
740
741
742
744
745
746
747
748
749
753
754
757
762
763
765
766
767
769
770
771
773
774
775
777
778
779
782
783
784
787
789
790
791
792
793
795
796
797
798
800
801
802
805
807
809
810
811
812
814
815
816
817
818
819
820
821
822
823
825
827
828
829
830
831
837
838
840
843
844
846
847
849
850
852
853
854
861
864
865
866
868
870
872
881
882
883
886
888
890
891
892
893
900
901
902
903
906
908
909
910
911
912
918
919
921
923
926
949
953
955
957
959
960
962
963
972
973
977
978
979
981
982
984
985
987
988
993
998
999
1000
1002
1026
1027
1032
1033
1035
1036
1038
1039
1053
1054
1057
1059
1060
1061
1062
1063
1065
1066
1068
1070
1080
1081
1086
1087
1089
1090
1092
1093
1095
1096
1097
1104
1107
1108
1109
1111
1113
1114
1115
1116
1117
1118
1119
1120
1123
1125
1126
1129
1131
1132
1133
1149
1150
1176
1177
1185
1188
1189
1190
1194
1196
1200
1202
1203
1204
1215
1216
1217
1219
1221
1222
1223
1224
1225
1226
1227
1228
1230
1231
1232
1233
1234
1235
1247
1250
1251
1252
1255
1257
1258
1259
1266
1269
1270
1271
1273
1275
1276
1277
1278
1279
1281
1282
1287
1288
1291
1293
1295
1296
1297
1302
1303
1305
1306
1308
1309
1323
1324
1329
1330
1332
1333
1335
1336
1377
1378
1381
1383
1385
1386
1387
1390
1392
1394
1413
1414
1417
1419
1421
1431
1432
1435
1437
1439
1449
1450
1453
1455
1457
1458
1459
1460
1467
1468
1469
1473
1476
1477
1478
1482
1492
1539
1540
1541
1548
1549
1550
1554
1557
1558
1559
1581
1582
1590
1593
1594
1595
1599
1600
1602
1603
1605
1606
1620
1621
1622
1629
1630
1631
1635
1636
1638
1639
1640
1644
1654
1662
1663
1671
1674
1675
1676
1680
1725
1735
1762
1764
1765
1766
1771
1780
1806
1816
1824
1825
1833
1836
1837
1838
1842
1843
1845
1846
1847
1852
1861
1905
1906
1914
1917
1918
1919
1923
1944
1945
1946
1953
1954
1955
1959
1962
1963
1964
1986
1987
1995
1998
1999
2000
2004
2373
2383
2391
2392
2400
2403
2404
2405
2409
2454
2464
2491
2493
2494
2495
2500
2916
2917
2920
2922
2924
2925
2926
2929
2931
2933
2952
2953
2956
2958
2960
2970
2971
2974
2976
2978
2988
2989
2992
2994
2996
2997
2998
3001
3003
3005
3006
3007
3010
3012
3014
3033
3034
3037
3039
3041
3051
3052
3055
3057
3059
3069
3070
3073
3075
3077
3240
3241
3244
3246
3248
3249
3250
3253
3255
3257
3276
3277
3280
3282
3284
3294
3295
3298
3300
3302
3312
3313
3316
3318
3320
3402
3403
3406
3408
3410
3411
3412
3415
3417
3419
3438
3439
3442
3444
3446
3456
3457
3460
3462
3464
3474
3475
3478
3480
3482
3564
3565
3568
3570
3572
3573
3574
3577
3579
3581
3600
3601
3604
3606
3608
3618
3619
3622
3624
3626
3636
3637
3640
3642
3644
4374
4375
4378
4380
4382
4383
4384
4387
4389
4391
4410
4411
4414
4416
4418
4428
4429
4432
4434
4436
4446
4447
4450
4452
4454
4455
4456
4459
4461
4463
4464
4465
4468
4470
4472
4491
4492
4495
4497
4499
4509
4510
4513
4515
4517
4527
4528
4531
4533
4535
4698
4699
4702
4704
4706
4707
4708
4711
4713
4715
4734
4735
4738
4740
4742
4752
4753
4756
4758
4760
4770
4771
4774
4776
4778
4860
4861
4864
4866
4868
4869
4870
4873
4875
4877
4896
4897
4900
4902
4904
4914
4915
4918
4920
4922
4932
4933
4936
4938
4940
5022
5023
5026
5028
5030
5031
5032
5035
5037
5039
5058
5059
5062
5064
5066
5076
5077
5080
5082
5084
5094
5095
5098
5100
5102
5832
5833
5836
5838
5840
5841
5842
5845
5847
5849
5868
5869
5872
5874
5876
5886
5887
5890
5892
5894
5904
5905
5908
5910
5912
5913
5914
5917
5919
5921
5922
5923
5926
5928
5930
5949
5950
5953
5955
5957
5967
5968
5971
5973
5975
5985
5986
5989
5991
5993
6156
6157
6160
6162
6164
6165
6166
6169
6171
6173
6192
6193
6196
6198
6200
6210
6211
6214
6216
6218
6228
6229
6232
6234
6236
6318
6319
6322
6324
6326
6327
6328
6331
6333
6335
6354
6355
6358
6360
6362
6372
6373
6376
6378
6380
6390
6391
6394
6396
6398
6480
6481
6484
6486
6488
6489
6490
6493
6495
6497
6516
6517
6520
6522
6524
6534
6535
6538
6540
6542
6552
6553
6556
6558
6560
6561
6562
6565
6567
6569
6570
6571
6574
6576
6578
6597
6598
6601
6603
6605
6615
6616
6619
6621
6623
6633
6634
6637
6639
6641
6642
6643
6646
6648
6650
6651
6652
6655
6657
6659
6678
6679
6682
6684
6686
6696
6697
6700
6702
6704
6714
6715
6718
6720
6722
6885
6886
6889
6891
6893
6894
6895
6898
6900
6902
6921
6922
6925
6927
6929
6939
6940
6943
6945
6947
6957
6958
6961
6963
6965
7047
7048
7051
7053
7055
7056
7057
7060
7062
7064
7083
7084
7087
7089
7091
7101
7102
7105
7107
7109
7119
7120
7123
7125
7127
7209
7210
7213
7215
7217
7218
7219
7222
7224
7226
7245
7246
7249
7251
7253
7263
7264
7267
7269
7271
7281
7282
7285
7287
7289
7290
7291
7294
7296
7298
7299
7300
7303
7305
7307
7326
7327
7330
7332
7334
7344
7345
7348
7350
7352
7362
7363
7366
7368
7370
7371
7372
7375
7377
7379
7380
7381
7384
7386
7388
7407
7408
7411
7413
7415
7425
7426
7429
7431
7433
7443
7444
7447
7449
7451
7614
7615
7618
7620
7622
7623
7624
7627
7629
7631
7650
7651
7654
7656
7658
7668
7669
7672
7674
7676
7686
7687
7690
7692
7694
7776
7777
7780
7782
7784
7785
7786
7789
7791
7793
7812
7813
7816
7818
7820
7830
7831
7834
7836
7838
7848
7849
7852
7854
7856
7938
7939
7942
7944
7946
7947
7948
7951
7953
7955
7974
7975
7978
7980
7982
7992
7993
7996
7998
8000
8010
8011
8014
8016
8018
9477
9478
9481
9483
9485
9486
9487
9490
9492
9494
9513
9514
9517
9519
9521
9531
9532
9535
9537
9539
9549
9550
9553
9555
9557
9558
9559
9562
9564
9566
9567
9568
9571
9573
9575
9594
9595
9598
9600
9602
9612
9613
9616
9618
9620
9630
9631
9634
9636
9638
9801
9802
9805
9807
9809
9810
9811
9814
9816
9818
9837
9838
9841
9843
9845
9855
9856
9859
9861
9863
9873
9874
9877
9879
9881
9963
9964
9967
9969
9971
9972
9973
9976
9978
9980
9999
10000
