2
4
5
7
8
9
10
11
13
14
17
18
19
20
22
25
26
28
34
35
36
37
38
40
41
43
44
45
46
47
49
50
52
53
59
65
67
68
72
73
74
76
77
80
81
82
83
85
86
89
90
91
92
94
98
99
100
101
107
117
118
121
153
154
155
161
162
163
164
170
171
172
173
179
180
181
182
188
234
235
236
242
324
325
328
329
333
334
337
360
361
364
365
369
370
373
374
401
405
406
409
410
414
415
418
441
442
445
446
450
451
454
455
482
648
649
650
656
657
658
659
665
666
667
668
674
720
721
722
728
729
730
731
737
738
739
740
746
747
748
749
755
801
802
803
809
810
811
812
818
819
820
821
827
828
829
830
836
882
883
884
890
891
892
893
899
900
901
902
908
909
910
911
917
963
964
965
971
