2
4
5
7
8
9
10
11
13
14
16
17
18
19
20
22
23
25
26
29
31
32
35
36
37
38
41
43
44
45
46
47
49
50
52
53
55
56
58
62
63
64
65
68
70
72
73
74
76
77
80
81
82
83
85
86
88
89
90
91
92
94
95
97
98
99
100
101
103
106
107
109
110
112
113
115
116
117
118
125
126
127
128
130
133
134
136
137
139
140
143
144
145
146
149
151
152
153
154
155
161
162
163
164
167
169
171
172
173
175
178
180
181
182
185
187
188
190
198
199
205
206
208
209
211
214
218
220
225
226
227
229
232
233
234
235
260
261
262
265
266
268
269
271
272
279
284
287
288
289
292
293
296
298
299
313
315
316
319
320
323
324
325
328
329
333
342
343
346
349
350
352
353
355
359
361
365
367
368
369
370
371
374
376
377
385
386
387
388
389
392
394
396
397
401
405
406
407
409
410
412
413
414
415
422
423
430
434
436
437
440
441
443
446
449
450
451
452
455
458
460
461
464
467
468
469
473
475
477
478
481
485
487
490
495
500
504
505
509
511
512
514
520
522
523
529
530
532
533
541
548
558
567
568
569
571
572
574
576
577
578
580
583
584
585
586
587
589
592
604
612
613
614
617
619
623
630
631
632
637
648
649
650
653
656
657
658
665
666
671
673
676
677
679
680
683
684
685
691
693
694
695
698
700
701
709
713
716
718
720
721
722
728
729
730
731
733
734
736
737
738
739
740
742
745
746
747
748
749
754
755
760
761
764
765
766
770
772
773
774
775
776
779
782
784
792
793
794
799
801
802
803
810
811
812
815
817
818
819
820
821
826
828
829
830
835
842
845
846
854
856
863
865
872
873
874
875
877
880
891
892
893
898
900
901
902
907
909
910
911
916
917
919
922
925
932
940
943
947
949
954
955
956
958
961
962
963
964
990
1006
1013
1016
1017
1018
1021
1022
1025
1028
1035
1043
1044
1045
1052
1053
1054
1061
1062
1063
1066
1070
1076
1081
1088
1097
1105
1106
1112
1114
1124
1125
1126
1133
1134
1135
1143
1147
1152
1153
1154
1160
1168
1169
1170
1171
1177
1178
1181
1189
1193
1202
1206
1214
1224
1225
1228
1260
1261
1265
1268
1274
1296
1297
1298
1303
1305
1306
1307
1312
1313
1314
1315
1316
1321
1330
1333
1341
1342
1346
1359
1360
1361
1366
1369
1370
1377
1378
1386
1387
1395
1402
1442
1458
1459
1460
1465
1467
1468
1469
1474
1476
1477
1478
1483
1521
1522
1523
1528
1539
1540
1541
1546
1548
1549
1550
1555
1557
1558
1559
1564
1602
1603
1604
1609
1620
1621
1622
1627
1629
1630
1631
1636
1638
1639
1640
1645
1657
1665
1666
1669
1670
1673
1678
1683
1684
1685
1687
1690
1691
1692
1693
1709
1710
1750
1825
1829
1837
1844
1845
1867
1872
1873
1876
1881
1889
1898
1899
1900
1907
1957
1979
1980
1981
1988
1993
2002
2011
2025
2026
2027
2032
2034
2035
2036
2041
2042
2043
2044
2045
2047
2050
2060
2061
2062
2069
2083
2088
2089
2090
2092
2095
2096
2097
2098
2106
2107
2115
2116
2164
2173
2305
2336
2340
2341
2362
2366
2368
2371
2385
2395
2398
2421
2422
2443
2448
2459
2486
2494
2495
2503
2552
2555
2556
2557
2561
2564
2573
2583
2584
2592
2593
2597
2600
2601
2602
2605
2618
2624
2627
2628
2629
2633
2636
2637
2638
2642
2645
2654
2664
2665
2677
2683
2686
2690
2691
2692
2698
2708
2716
2719
2835
2836
2840
2843
2844
2845
2852
2854
2867
2870
2871
2872
2881
2906
2907
2916
2917
2920
2925
2951
2952
2953
2957
2960
2961
2962
2971
2984
2989
2993
2997
2998
3001
3034
3091
3095
3097
3100
3114
3139
3141
3151
3177
3188
3190
3195
3196
3212
3215
3226
3236
3281
3284
3285
3286
3290
3293
3312
3313
3317
3321
3322
3326
3329
3330
3331
3353
3356
3358
3362
3365
3366
3367
3371
3374
3377
3382
3383
3384
3385
3386
3393
3394
3454
3458
3463
3465
3483
3484
3492
3501
3530
3535
3536
3539
3545
3547
3564
3565
3569
3572
3573
3574
3596
3599
3609
3617
3637
3645
3646
3650
3653
3654
3655
3677
3680
3682
3686
3689
3690
3691
3695
3698
3700
3713
3717
3718
3726
3727
3730
3731
3734
3735
3736
3755
3758
3761
3772
3788
3793
3799
3807
3808
3832
3868
3869
3870
3871
3875
3880
3893
3906
3929
3932
3933
3934
3938
3941
3960
3961
4010
4013
4014
4015
4019
4022
4024
4041
4042
4045
4049
4050
4051
4055
4058
4059
4060
4068
4075
4079
4082
4085
4091
4094
4095
4096
4097
4100
4103
4105
4112
4122
4123
4140
4157
4176
4177
4181
4184
4186
4190
4193
4198
4202
4203
4229
4249
4257
4258
4262
4293
4294
4298
4301
4302
4303
4310
4316
4321
4325
4328
4361
4365
4420
4429
4455
4456
4459
4517
4522
4562
4567
4599
4601
4603
4607
4608
4609
4610
4612
4616
4640
4645
4651
4654
4672
4680
4682
4697
4723
4741
4745
4753
4761
4797
4834
4841
4869
5103
5104
5105
5110
5112
5113
5114
5119
5121
5122
5123
5128
5166
5167
5168
5173
5184
5185
5186
5191
5193
5194
5195
5200
5202
5203
5204
5209
5247
5248
5249
5254
5265
5266
5267
5272
5274
5275
5276
5281
5283
5284
5285
5290
5328
5329
5330
5335
5369
5374
5383
5426
5435
5436
5444
5450
5455
5486
5507
5508
5509
5516
5517
5553
5554
5558
5670
5671
5672
5677
5679
5680
5681
5686
5688
5689
5690
5695
5733
5734
5735
5740
5832
5833
5837
5840
5841
5842
5849
5864
5867
5873
5876
5877
5878
5882
5885
5904
5905
5906
5913
5914
5915
5918
5920
5921
5922
5923
5945
5948
5966
5968
5972
5978
5981
5985
5986
5987
5994
5995
5996
6001
6017
6022
6031
6037
6039
6040
6041
6044
6047
6057
6059
6067
6068
6083
6084
6098
6103
6109
6112
6116
6119
6120
6121
6125
6128
6147
6148
6155
6417
6424
6433
6436
6444
6445
6449
6472
6473
6480
6481
6561
6562
6563
6566
6568
6569
6570
6571
6572
6574
6577
6578
6579
6580
6581
6586
6587
6593
6596
6602
6605
6606
6607
6611
6614
6624
6625
6626
6629
6631
6633
6634
6635
6641
6642
6643
6644
6647
6649
6650
6651
6652
6653
6658
6660
6661
6662
6667
6668
6674
6677
6678
6679
6686
6691
6695
6697
6701
6705
6706
6707
6710
6712
6714
6715
6716
6723
6724
6725
6730
6732
6733
6734
6739
6741
6742
6743
6746
6748
6749
6751
6766
6770
6772
6781
6786
6787
6788
6790
6793
6794
6795
6796
6845
6848
6849
6850
6853
6854
6857
6876
6877
6926
6929
6930
6931
6935
6938
6957
6958
6966
6967
6971
6974
6975
6976
6998
7001
7007
7010
7011
7012
7016
7019
7025
7034
7038
7039
7046
7072
7081
7090
7094
7128
7129
7130
7135
7137
7138
7139
7144
7146
7147
7148
7153
7191
7192
7193
7198
7209
7210
7214
7217
7218
7219
7227
7234
7241
7244
7274
7290
7291
7292
7295
7297
7298
7299
7300
7301
7303
7306
7308
7309
7310
7315
7316
7322
7325
7331
7334
7335
7336
7340
7343
7353
7354
7355
7360
7362
7363
7364
7371
7372
7373
7376
7378
7379
7380
7381
7382
7387
7389
7390
7391
7396
7403
7406
7426
7434
7435
7436
7441
7452
7453
7454
7459
7461
7462
7463
7468
7470
7471
7472
7477
7515
7516
7517
7522
7574
7577
7578
7579
7583
7586
7605
7606
7729
7738
7742
7750
7785
7786
7857
7858
7859
7864
7866
7867
7868
7873
7875
7876
7877
7882
7920
7921
7922
7927
8019
8020
8021
8026
8028
8029
8030
8035
8037
8038
8039
8044
8082
8083
8084
8089
8100
8101
8102
8107
8109
8110
8111
8116
8118
8119
8120
8125
8163
8164
8165
8170
8181
8182
8183
8188
8190
8191
8192
8197
8199
8200
8201
8206
8244
8245
8246
8251
8437
8450
8459
8460
8461
8468
8518
8540
8541
8542
8549
8554
8563
8572
8586
8587
8588
8593
8595
8596
8597
8602
8604
8605
8606
8611
8621
8622
8623
8630
8644
8649
8650
8651
8653
8656
8657
8658
8659
8667
8668
8676
8677
8725
8734
9113
9116
9117
9118
9122
9125
9144
9145
9153
9154
9158
9161
9162
9163
9166
9179
9185
9188
9189
9190
9194
9197
9198
9199
9203
9206
9225
9226
9247
9373
9382
9386
9387
9388
9396
9397
9401
9404
9405
9406
9428
9431
9454
9463
9477
9478
9486
9487
9490
9503
9558
9559
9567
9568
9584
9593
9594
9595
9602
9607
9665
10102
10111
10115
10116
10117
10125
10126
10134
10135
10183
10192
10313
10322
10323
10324
10331
10336
10394
10417
10426
10435
10439
10440
10441
10498
10520
10521
10522
10530
10531
10539
10540
10543
10601
10602
10603
11042
11051
11052
11053
11060
11065
11123
11664
11665
11666
11671
11673
11674
11675
11680
11682
11683
11684
11689
11727
11728
11729
11734
11745
11746
11747
11752
11754
11755
11756
11761
11763
11764
11765
11770
11808
11809
11810
11815
11826
11827
11828
11833
11835
11836
11837
11842
11844
11845
11846
11851
11889
11890
11891
11896
12231
12232
12233
12238
12240
12241
12242
12247
12249
12250
12251
12256
12294
12295
12296
12301
13122
13123
13124
13129
13131
13132
13133
13138
13140
13141
13142
13147
13185
13186
13187
13192
13203
13204
13205
13210
13212
13213
13214
13219
13221
13222
13223
13228
13266
13267
13268
13273
13284
13285
13286
13291
13293
13294
13295
13300
13302
13303
13304
13309
13347
13348
13349
13354
13689
13690
13691
13696
13698
13699
13700
13705
13707
13708
13709
13714
13752
13753
13754
13759
13851
13852
13853
13858
13860
13861
13862
13867
13869
13870
13871
13876
13914
13915
13916
13921
13932
13933
13934
13939
13941
13942
13943
13948
13950
13951
13952
13957
13995
13996
13997
14002
14013
14014
14015
14020
14022
14023
14024
14029
14031
14032
14033
14038
14076
14077
14078
14083
14418
14419
14420
14425
14427
14428
14429
14434
14436
14437
14438
14443
14481
14482
14483
14488
14580
14581
14582
14587
14589
14590
14591
14596
14598
14599
14600
14605
14643
14644
14645
14650
14661
14662
14663
14668
14670
14671
14672
14677
14679
14680
14681
14686
14724
14725
14726
14731
14742
14743
14744
14749
14751
14752
14753
14758
14760
14761
14762
14767
14805
14806
14807
14812
15147
15148
15149
15154
15156
15157
15158
15163
15165
15166
15167
15172
15210
15211
15212
15217
18225
18226
18227
18232
18234
18235
18236
18241
18243
18244
18245
18250
18288
18289
18290
18295
18306
18307
18308
18313
18315
18316
18317
18322
18324
18325
18326
18331
18369
18370
18371
18376
18387
18388
18389
18394
18396
18397
18398
18403
18405
18406
18407
18412
18450
18451
18452
18457
18792
18793
18794
18799
18801
18802
18803
18808
18810
18811
18812
18817
18855
18856
18857
18862
22964
22967
22968
22969
22973
22976
22995
22996
23004
23005
23009
23012
23013
23014
23036
23039
23045
23048
23049
23050
23054
23057
23076
23077
23247
23248
23252
23255
23256
23257
23279
23282
23328
23329
23333
23336
23337
23338
23360
23363
23369
23372
23373
23374
23378
23381
23400
23401
23409
23410
23414
23417
23418
23419
23441
23444
23612
23615
23616
23617
23621
23624
23643
23644
23693
23696
23697
23698
23702
23705
23724
23725
23733
23734
23738
23741
23742
23743
23765
23768
23774
23777
23778
23779
23783
23786
23805
23806
23976
23977
23981
23984
23985
23986
24008
24011
25515
25516
25520
25523
25524
25525
25547
25550
25556
25559
25560
25561
25565
25568
25587
25588
25596
25597
25601
25604
25605
25606
25628
25631
25799
25802
25803
25804
25808
25811
25830
25831
29525
29528
29529
29530
29534
29537
29556
29557
29565
29566
29570
29573
29574
29575
29597
29600
29606
29609
29610
29611
29615
29618
29637
29638
29808
29809
29813
29816
29817
29818
29840
29843
29889
29890
29894
29897
29898
29899
29921
29924
29930
29933
29934
29935
29939
29942
29961
29962
29970
29971
29975
29978
29979
29980
30002
30005
30173
30176
30177
30178
30182
30185
30204
30205
30254
30257
30258
30259
30263
30266
30285
30286
30294
30295
30299
30302
30303
30304
30326
30329
30335
30338
30339
30340
30344
30347
30366
30367
30537
30538
30542
30545
30546
30547
30569
30572
32076
32077
32081
32084
32085
32086
32108
32111
32117
32120
32121
32122
32126
32129
32148
32149
32157
32158
32162
32165
32166
32167
32189
32192
32360
32363
32364
32365
32369
32372
32391
32392
32805
32806
32810
32813
32814
32815
32837
32840
32846
32849
32850
32851
32855
32858
32877
32878
32886
32887
32891
32894
32895
32896
32918
32921
33089
33092
33093
33094
33098
33101
33120
33121
33170
33173
33174
33175
33179
33182
33201
33202
33210
33211
33215
33218
33219
33220
33242
33245
33251
33254
33255
33256
33260
33263
33282
33283
33453
33454
33458
33461
33462
33463
33485
33488
33534
33535
33539
33542
33543
33544
33566
33569
33575
33578
33579
33580
33584
33587
33606
33607
33615
33616
33620
33623
33624
33625
33647
33650
33818
33821
33822
33823
33827
33830
33849
33850
35357
35360
35361
35362
35366
35369
35388
35389
35397
35398
35402
35405
35406
35407
35429
35432
35438
35441
35442
35443
35447
35450
35469
35470
35640
35641
35645
35648
35649
35650
35672
35675
36086
36089
36090
36091
36095
36098
36117
36118
36126
36127
36131
36134
36135
36136
36158
36161
36167
36170
36171
36172
36176
36179
36198
36199
36369
36370
36374
36377
36378
36379
36401
36404
36450
36451
36455
36458
36459
36460
36482
36485
36491
36494
36495
36496
36500
36503
36522
36523
36531
36532
36536
36539
36540
36541
36563
36566
36734
36737
36738
36739
36743
36746
36765
36766
36815
36818
36819
36820
36824
36827
36846
36847
36855
36856
36860
36863
36864
36865
36887
36890
36896
36899
36900
36901
36905
36908
36927
36928
37098
37099
37103
37106
37107
37108
37130
37133
38637
38638
38642
38645
38646
38647
38669
38672
38678
38681
38682
38683
38687
38690
38709
38710
38718
38719
38723
38726
38727
38728
38750
38753
38921
38924
38925
38926
38930
38933
38952
38953
45927
45928
45929
45934
45936
45937
45938
45943
45945
45946
45947
45952
45990
45991
45992
45997
46008
46009
46010
46015
46017
46018
46019
46024
46026
46027
46028
46033
46071
46072
46073
46078
46089
46090
46091
46096
46098
46099
46100
46105
46107
46108
46109
46114
46152
46153
46154
46159
46494
46495
46496
46501
46503
46504
46505
46510
46512
46513
46514
46519
46557
46558
46559
46564
46656
46657
46658
46663
46665
46666
46667
46672
46674
46675
46676
46681
46719
46720
46721
46726
46737
46738
46739
46744
46746
46747
46748
46753
46755
46756
46757
46762
46800
46801
46802
46807
46818
46819
46820
46825
46827
46828
46829
46834
46836
46837
46838
46843
46881
46882
46883
46888
47223
47224
47225
47230
47232
47233
47234
47239
47241
47242
47243
47248
47286
47287
47288
47293
47385
47386
47387
47392
47394
47395
47396
47401
47403
47404
47405
47410
47448
47449
47450
47455
47466
47467
47468
47473
47475
47476
47477
47482
47484
47485
47486
47491
47529
47530
47531
47536
47547
47548
47549
47554
47556
47557
47558
47563
47565
47566
47567
47572
47610
47611
47612
47617
47952
47953
47954
47959
47961
47962
47963
47968
47970
47971
47972
47977
48015
48016
48017
48022
51030
51031
51032
51037
51039
51040
51041
51046
51048
51049
51050
51055
51093
51094
51095
51100
51111
51112
51113
51118
51120
51121
51122
51127
51129
51130
51131
51136
51174
51175
51176
51181
51192
51193
51194
51199
51201
51202
51203
51208
51210
51211
51212
51217
51255
51256
51257
51262
51597
51598
51599
51604
51606
51607
51608
51613
51615
51616
51617
51622
51660
51661
51662
51667
59049
59050
59051
59056
59058
59059
59060
59065
59067
59068
59069
59074
59112
59113
59114
59119
59130
59131
59132
59137
59139
59140
59141
59146
59148
59149
59150
59155
59193
59194
59195
59200
59211
59212
59213
59218
59220
59221
59222
59227
59229
59230
59231
59236
59274
59275
59276
59281
59616
59617
59618
59623
59625
59626
59627
59632
59634
59635
59636
59641
59679
59680
59681
59686
59778
59779
59780
59785
59787
59788
59789
59794
59796
59797
59798
59803
59841
59842
59843
59848
59859
59860
59861
59866
59868
59869
59870
59875
59877
59878
59879
59884
59922
59923
59924
59929
59940
59941
59942
59947
59949
59950
59951
59956
59958
59959
59960
59965
60003
60004
60005
60010
60345
60346
60347
60352
60354
60355
60356
60361
60363
60364
60365
60370
60408
60409
60410
60415
60507
60508
60509
60514
60516
60517
60518
60523
60525
60526
60527
60532
60570
60571
60572
60577
60588
60589
60590
60595
60597
60598
60599
60604
60606
60607
60608
60613
60651
60652
60653
60658
60669
60670
60671
60676
60678
60679
60680
60685
60687
60688
60689
60694
60732
60733
60734
60739
61074
61075
61076
61081
61083
61084
61085
61090
61092
61093
61094
61099
61137
61138
61139
61144
64152
64153
64154
64159
64161
64162
64163
64168
64170
64171
64172
64177
64215
64216
64217
64222
64233
64234
64235
64240
64242
64243
64244
64249
64251
64252
64253
64258
64296
64297
64298
64303
64314
64315
64316
64321
64323
64324
64325
64330
64332
64333
64334
64339
64377
64378
64379
64384
64719
64720
64721
64726
64728
64729
64730
64735
64737
64738
64739
64744
64782
64783
64784
64789
65610
65611
65612
65617
65619
65620
65621
65626
65628
65629
65630
65635
65673
65674
65675
65680
65691
65692
65693
65698
65700
65701
65702
65707
65709
65710
65711
65716
65754
65755
65756
65761
65772
65773
65774
65779
65781
65782
65783
65788
65790
65791
65792
65797
65835
65836
65837
65842
66177
66178
66179
66184
66186
66187
66188
66193
66195
66196
66197
66202
66240
66241
66242
66247
66339
66340
66341
66346
66348
66349
66350
66355
66357
66358
66359
66364
66402
66403
66404
66409
66420
66421
66422
66427
66429
66430
66431
66436
66438
66439
66440
66445
66483
66484
66485
66490
66501
66502
66503
66508
66510
66511
66512
66517
66519
66520
66521
66526
66564
66565
66566
66571
66906
66907
66908
66913
66915
66916
66917
66922
66924
66925
66926
66931
66969
66970
66971
66976
67068
67069
67070
67075
67077
67078
67079
67084
67086
67087
67088
67093
67131
67132
67133
67138
67149
67150
67151
67156
67158
67159
67160
67165
67167
67168
67169
67174
67212
67213
67214
67219
67230
67231
67232
67237
67239
67240
67241
67246
67248
67249
67250
67255
67293
67294
67295
67300
67635
67636
67637
67642
67644
67645
67646
67651
67653
67654
67655
67660
67698
67699
67700
67705
70713
70714
70715
70720
70722
70723
70724
70729
70731
70732
70733
70738
70776
70777
70778
70783
70794
70795
70796
70801
70803
70804
70805
70810
70812
70813
70814
70819
70857
70858
70859
70864
70875
70876
70877
70882
70884
70885
70886
70891
70893
70894
70895
70900
70938
70939
70940
70945
71280
71281
71282
71287
71289
71290
71291
71296
71298
71299
71300
71305
71343
71344
71345
71350
72171
72172
72173
72178
72180
72181
72182
72187
72189
72190
72191
72196
72234
72235
72236
72241
72252
72253
72254
72259
72261
72262
72263
72268
72270
72271
72272
72277
72315
72316
72317
72322
72333
72334
72335
72340
72342
72343
72344
72349
72351
72352
72353
72358
72396
72397
72398
72403
72738
72739
72740
72745
72747
72748
72749
72754
72756
72757
72758
72763
72801
72802
72803
72808
72900
72901
72902
72907
72909
72910
72911
72916
72918
72919
72920
72925
72963
72964
72965
72970
72981
72982
72983
72988
72990
72991
72992
72997
72999
73000
73001
73006
73044
73045
73046
73051
73062
73063
73064
73069
73071
73072
73073
73078
73080
73081
73082
73087
73125
73126
73127
73132
73467
73468
73469
73474
73476
73477
73478
73483
73485
73486
73487
73492
73530
73531
73532
73537
73629
73630
73631
73636
73638
73639
73640
73645
73647
73648
73649
73654
73692
73693
73694
73699
73710
73711
73712
73717
73719
73720
73721
73726
73728
73729
73730
73735
73773
73774
73775
73780
73791
73792
73793
73798
73800
73801
73802
73807
73809
73810
73811
73816
73854
73855
73856
73861
74196
74197
74198
74203
74205
74206
74207
74212
74214
74215
74216
74221
74259
74260
74261
74266
77274
77275
77276
77281
77283
77284
77285
77290
77292
77293
77294
77299
77337
77338
77339
77344
77355
77356
77357
77362
77364
77365
77366
77371
77373
77374
77375
77380
77418
77419
77420
77425
77436
77437
77438
77443
77445
77446
77447
77452
77454
77455
77456
77461
77499
77500
77501
77506
77841
77842
77843
77848
77850
77851
77852
77857
77859
77860
77861
77866
77904
77905
77906
77911
