4
7
8
9
10
13
22
23
25
26
28
29
31
32
34
35
36
37
40
55
61
63
64
65
68
71
72
73
74
76
79
80
81
82
85
86
90
91
94
100
104
109
116
117
118
121
167
172
173
191
197
198
199
200
202
205
207
208
211
212
217
221
223
225
226
227
230
233
234
235
236
238
239
241
242
244
245
248
250
251
252
254
256
257
259
260
261
262
263
265
268
272
277
278
280
283
287
290
292
293
296
301
302
304
311
313
315
316
319
323
324
325
328
333
334
337
343
359
360
361
364
505
511
514
529
554
567
568
577
583
584
585
586
590
608
612
640
641
646
648
649
650
655
656
657
659
664
666
667
668
685
688
692
704
709
711
712
718
719
722
727
729
730
733
736
737
738
739
742
752
754
755
757
758
761
763
764
765
766
769
773
774
784
787
800
803
808
810
811
814
819
820
823
833
836
841
845
846
847
850
860
900
917
926
935
936
937
940
944
949
980
981
1016
1025
1044
1045
1048
1052
1053
1054
1057
1062
1063
1066
1088
1089
1090
1093
1649
1663
1712
1719
1720
1721
1730
1789
1791
1825
1829
1843
1845
1846
1847
1852
1863
1864
1886
1898
1906
1907
1908
1909
1963
1967
1969
1970
1972
1987
1991
2000
2025
2026
2042
2043
2044
2048
2070
2080
2084
2093
2096
2097
2106
2107
2115
2116
2123
2125
2161
2165
2174
2178
2179
2186
2216
2224
2243
2250
2252
2268
2269
2279
2286
2287
2288
2308
2313
2326
2330
2332
2336
2340
2349
2350
2358
2359
2360
2367
2368
2369
2378
2392
2398
2402
2441
2448
2449
2450
2459
2555
2560
2564
2583
2584
2587
2591
2600
2615
2620
2627
2628
2636
2637
2638
2645
2654
2656
2664
2665
2668
2672
2696
2699
2701
2708
2709
2717
2718
2719
2726
2731
2732
2741
2789
2798
2799
2800
2804
2835
2836
2839
2844
2845
2848
2870
2871
2872
2875
2879
2888
2907
2908
2911
2915
2916
2917
2920
2925
2926
2929
2951
2952
2953
2956
2997
2998
3001
3006
3007
3010
3032
3033
3034
3037
3203
3212
3231
3232
3235
3239
3240
3241
3244
3249
3250
3253
3275
3276
3277
3280
5744
5749
5762
5769
5770
5771
5812
5814
5815
5821
5825
5830
5924
5931
5932
5933
5994
5995
6003
6004
6005
6012
6013
6014
6379
6381
6382
6388
6399
6400
6408
6409
6460
6462
6463
6469
6473
6478
6491
6498
6499
6500
6541
6543
6544
6550
6554
6559
6561
6562
6565
6570
6571
6574
6587
6590
6596
6597
6598
6601
6635
6640
6642
6643
6646
6651
6652
6655
6665
6677
6678
6679
6682
6752
6766
6773
6795
6796
6803
6815
6822
6823
6824
6833
6848
6854
6857
6863
6872
6876
6877
6880
6884
6885
6886
6889
6894
6895
6898
6920
6921
6922
6925
7202
7207
7220
7227
7228
7229
7270
7272
7273
7279
7283
7288
7290
7291
7294
7299
7300
7303
7316
7319
7325
7326
7327
7330
7364
7369
7371
7372
7375
7380
7381
7384
7394
7397
7406
7407
7408
7411
7421
7478
7487
7496
7497
7498
7502
7524
7525
7532
7577
7583
7586
7592
7601
7605
7606
7609
7613
7614
7615
7618
7623
7624
7627
7649
7650
7651
7654
7718
7730
7739
7740
7741
7799
7802
8231
8253
8254
8261
8312
8321
8330
8334
8335
8342
8366
8415
8416
8423
8424
8425
8433
8434
9116
9125
9144
9145
9148
9152
9197
9206
9225
9226
9229
9233
9396
9397
9400
9405
9406
9409
9431
9432
9433
9436
9440
9449
9468
9469
9472
9476
9477
9478
9481
9486
9487
9490
9512
9513
9514
9517
9558
9559
9562
9567
9568
9571
9593
9594
9595
9598
9764
9773
9792
9793
9796
9800
9801
9802
9805
9810
9811
9814
9836
9837
9838
9841
22967
22976
22995
22996
22999
23003
23048
23057
23076
23077
23080
23084
23247
23248
23251
23256
23257
23260
23282
23283
23284
23287
23291
23300
23319
23320
23323
23327
23696
23705
23724
23725
23728
23732
23777
23786
23805
23806
23809
23813
23976
23977
23980
23985
23986
23989
24011
24012
24013
24016
24020
24029
24048
24049
24052
24056
25515
25516
25519
25524
25525
25528
25550
25551
25552
25555
25596
25597
25600
25605
25606
25609
25631
25632
25633
25636
25802
25811
25830
25831
25834
25838
25839
25840
25843
25848
25849
25852
25874
25875
25876
25879
25883
25892
25911
25912
25915
25919
25964
25973
25992
25993
25996
26000
26163
26164
26167
26172
26173
26176
26198
26199
26200
26203
26207
26216
26235
26236
26239
26243
26244
26245
26248
26253
26254
26257
26279
26280
26281
26284
26325
26326
26329
26334
26335
26338
26360
26361
26362
26365
26531
26540
26559
26560
26563
26567
26568
26569
26572
26577
26578
26581
26603
26604
26605
26608
26973
26974
26977
26982
26983
26986
27008
27009
27010
27013
27054
27055
27058
27063
27064
27067
27089
27090
27091
27094
27260
27269
27288
27289
27292
27296
27297
27298
27301
27306
27307
27310
27332
27333
27334
27337
28799
28808
28827
28828
28831
28835
28880
28889
28908
28909
28912
28916
29079
29080
29083
29088
29089
29092
29114
29115
29116
29119
29123
29132
29151
29152
29155
29159
29160
29161
29164
29169
29170
29173
29195
29196
29197
29200
29241
29242
29245
29250
29251
29254
29276
29277
29278
29281
29447
29456
29475
29476
29479
29483
29484
29485
29488
29493
29494
29497
29519
29520
29521
29524
