3
4
7
8
9
10
11
12
13
19
21
22
23
24
25
26
27
28
29
30
31
32
33
34
35
36
37
38
39
40
55
57
61
63
64
65
66
68
70
71
72
73
74
75
76
78
79
80
81
82
83
84
85
86
87
88
89
90
91
93
94
96
97
100
102
104
105
106
108
109
111
112
116
117
118
120
121
169
171
176
183
187
189
190
191
192
196
197
199
204
205
207
210
212
213
216
217
218
219
220
222
225
226
227
228
230
231
233
234
235
237
240
242
243
244
246
247
250
251
252
253
254
255
256
257
260
261
262
263
264
270
271
272
273
274
278
279
280
282
283
287
288
289
291
292
293
296
297
298
300
301
302
311
312
314
315
316
318
319
323
324
325
327
328
333
334
336
337
348
349
351
352
354
355
359
360
361
363
364
547
549
550
556
567
568
570
574
576
577
610
615
626
628
630
631
635
636
637
641
646
648
649
656
657
658
659
666
667
668
698
702
703
707
709
711
712
716
717
718
720
721
722
726
727
728
729
730
732
733
736
737
738
739
741
742
750
753
755
756
757
758
759
760
761
762
764
765
766
768
769
790
792
793
799
801
802
803
807
808
809
810
811
813
814
817
818
819
820
822
823
825
833
834
835
836
837
838
840
841
842
843
845
846
847
849
850
860
861
862
864
865
888
889
906
914
915
917
923
924
926
935
936
937
942
943
945
946
948
949
954
955
957
958
969
970
972
973
975
976
981
982
984
985
999
1000
1002
1003
1007
1008
1009
1011
1012
1016
1025
1043
1044
1045
1047
1048
1052
1053
1054
1056
1057
1062
1063
1065
1066
1077
1078
1080
1081
1083
1084
1088
1089
1090
1092
1093
2187
2188
2190
2191
2196
2197
2199
2200
2214
2215
2217
2218
2222
2223
2224
2226
2227
2268
2269
2271
2272
2277
2278
2280
2281
2295
2296
2298
2299
2303
2304
2305
2307
2308
2430
2431
2433
2434
2439
2440
2442
2443
2457
2458
2460
2461
2465
2466
2467
2469
2470
2474
2483
2501
2502
2503
2505
2506
2510
2511
2512
2514
2515
2520
2521
2523
2524
2538
2539
2541
2542
2546
2547
2548
2550
2551
2555
2564
2582
2583
2584
2586
2587
2591
2636
2645
2663
2664
2665
2667
2668
2672
2798
2807
2825
2826
2827
2829
2830
2834
2835
2836
2838
2839
2844
2845
2847
2848
2862
2863
2865
2866
2870
2871
2872
2874
2875
2879
2888
2906
2907
2908
2910
2911
2915
2916
2917
2919
2920
2925
2926
2928
2929
2943
2944
2946
2947
2951
2952
2953
2955
2956
2997
2998
3000
3001
3006
3007
3009
3010
3024
3025
3027
3028
3032
3033
3034
3036
3037
3159
3160
3162
3163
3168
3169
3171
3172
3186
3187
3189
3190
3194
3195
3196
3198
3199
3203
3212
3230
3231
3232
3234
3235
3239
3240
3241
3243
3244
3249
3250
3252
3253
3267
3268
3270
3271
3275
3276
3277
3279
3280
