2
3
4
5
6
7
8
9
10
11
12
13
14
15
16
17
18
19
20
21
22
23
24
25
26
27
28
30
31
33
34
35
36
37
38
39
41
42
43
44
45
46
47
48
49
50
51
52
53
54
55
56
57
58
60
61
62
63
64
65
66
67
68
70
71
72
73
74
75
76
77
78
79
81
82
83
84
85
86
87
88
89
90
91
92
93
94
95
96
98
99
100
101
102
103
104
105
106
107
108
109
110
111
112
113
114
115
116
117
118
119
120
121
123
124
125
126
127
129
130
132
133
134
135
136
137
138
139
140
141
142
143
145
146
147
148
149
150
151
152
153
154
155
156
158
159
162
163
164
166
169
171
172
173
176
177
179
180
181
182
183
184
185
188
189
190
195
196
197
198
199
201
202
205
210
211
214
215
228
232
234
235
237
241
243
244
246
247
248
252
253
255
256
259
260
264
269
270
271
273
285
287
294
295
296
297
298
299
303
305
313
315
316
317
318
322
336
340
341
345
350
351
352
359
363
365
368
369
370
372
373
374
381
382
394
396
397
399
403
405
406
410
414
415
417
421
422
426
427
432
433
435
436
440
441
442
444
446
449
450
451
453
454
455
457
462
463
466
467
468
469
486
487
492
493
495
496
498
499
502
503
507
508
513
514
516
517
522
523
540
541
546
547
549
550
552
553
554
561
562
563
567
568
573
574
576
577
579
580
588
589
594
595
597
598
600
601
603
604
606
607
608
612
613
615
616
617
624
625
633
634
635
644
675
676
681
682
684
685
687
688
689
693
694
696
697
698
705
706
729
730
731
732
734
735
736
738
739
740
741
742
744
746
747
748
749
750
751
755
756
757
762
764
768
770
773
774
775
777
778
779
781
783
784
786
787
789
790
792
793
795
796
797
804
805
806
810
811
812
813
815
816
817
819
820
821
822
823
825
827
828
829
830
831
832
837
838
843
844
845
846
847
849
850
852
854
858
859
861
863
864
865
866
870
872
876
877
878
882
883
884
887
891
892
893
900
901
902
906
908
909
910
911
918
919
924
925
926
927
928
930
931
939
940
972
973
978
979
981
982
984
985
993
994
1014
1016
1023
1025
1026
1027
1028
1032
1033
1034
1035
1036
1038
1039
1044
1045
1046
1047
1048
1053
1054
1059
1060
1062
1063
1065
1066
1074
1075
1080
1081
1086
1087
1089
1090
1092
1093
1095
1097
1101
1102
1104
1106
1107
1108
1109
1113
1115
1125
1126
1127
1161
1162
1167
1168
1170
1171
1173
1174
1176
1178
1182
1183
1185
1187
1188
1189
1190
1194
1196
1206
1207
1208
1215
1216
1217
1224
1225
1226
1230
1232
1233
1234
1235
1248
1250
1257
1259
1266
1268
1269
1270
1271
1275
1277
1281
1282
1283
1287
1288
1289
1292
1317
1318
1323
1324
1326
1327
1332
1333
1337
1341
1342
1344
1345
1346
1353
1354
1362
1363
1364
1373
1377
1378
1379
1386
1387
1388
1392
1394
1395
1396
1397
1410
1412
1418
1422
1423
1425
1426
1427
1434
1435
1458
1459
1460
1467
1468
1469
1473
1475
1476
1477
1478
1491
1493
1539
1540
1541
1548
1549
1550
1554
1556
1557
1558
1559
1572
1574
1581
1583
1590
1592
1593
1594
1595
1599
1601
1611
1612
1613
1620
1621
1622
1629
1630
1631
1635
1637
1638
1639
1640
1653
1655
1701
1702
1707
1708
1710
1711
1713
1714
1722
1723
1743
1745
1752
1754
1755
1756
1757
1761
1762
1763
1764
1765
1767
1768
1773
1774
1775
1776
1777
1782
1783
1788
1789
1791
1792
1794
1795
1803
1804
1809
1810
1815
1816
1818
1819
1821
1822
1830
1831
1890
1891
1896
1897
1899
1900
1902
1903
1911
1912
2553
2555
2562
2564
2565
2566
2567
2571
2573
2583
2584
2585
2634
2636
2643
2645
2646
2647
2648
2652
2654
2664
2665
2666
2673
2674
2675
2682
2683
2684
2688
2690
2691
2692
2693
2706
2708
2715
2717
2724
2726
2727
2728
2729
2733
2735
2745
2746
2747
2835
2836
2837
2844
2845
2846
2850
2852
2853
2854
2855
2868
2870
