2
4
5
7
8
9
10
11
13
14
16
17
18
19
20
22
23
25
26
28
29
34
35
36
37
40
41
44
45
46
47
49
50
52
53
55
56
61
62
63
65
72
73
74
76
77
80
81
82
83
85
86
89
90
91
92
94
95
97
98
99
100
101
103
107
117
118
121
122
125
126
127
130
131
133
134
137
144
145
146
153
154
155
157
158
161
162
163
164
170
171
172
173
178
180
181
182
205
206
214
215
324
325
328
329
332
333
334
337
338
341
360
361
364
365
368
369
370
373
374
377
396
397
400
401
404
405
406
409
410
413
414
415
418
419
422
441
442
445
446
449
450
451
454
455
458
477
478
481
482
485
648
649
652
653
656
657
658
661
662
665
684
685
688
689
692
693
694
697
698
701
720
721
724
725
728
729
730
733
734
737
738
739
742
743
746
765
766
769
770
773
774
775
778
779
782
801
802
805
806
809
810
811
814
815
818
819
820
823
824
827
846
847
850
851
854
855
856
859
860
863
882
883
886
887
890
