2
3
4
5
6
7
8
9
10
11
12
13
14
15
16
17
18
19
20
21
22
23
24
25
26
27
28
29
30
31
32
33
34
35
36
37
38
39
40
41
42
43
44
45
46
47
48
49
50
51
52
53
54
55
56
57
58
59
60
61
63
64
65
66
67
68
69
70
71
72
73
74
75
76
78
79
80
81
82
83
84
85
86
87
88
89
90
91
92
93
94
95
96
97
99
100
101
102
103
104
105
106
107
108
109
110
111
112
113
114
115
116
117
118
119
123
124
125
126
127
128
129
130
131
132
133
134
135
136
137
138
139
140
141
142
144
145
146
147
148
149
150
151
155
156
157
158
159
160
162
163
164
165
166
167
168
169
171
172
173
174
175
176
177
178
180
181
182
183
185
186
187
189
190
191
192
203
205
206
207
208
209
210
212
213
214
215
216
217
218
221
222
223
225
226
227
228
230
231
232
233
234
235
237
243
244
246
248
250
251
252
253
255
266
268
269
270
271
273
275
277
278
284
286
287
288
289
291
293
295
296
306
307
309
311
313
314
315
316
318
365
367
368
369
370
372
374
376
377
387
388
390
392
394
395
396
397
399
405
406
407
408
410
411
412
413
414
415
416
417
419
420
421
423
424
425
428
429
430
431
432
433
435
437
439
440
446
448
449
450
451
452
453
455
456
457
458
459
460
461
464
465
466
468
469
470
471
473
474
475
476
477
478
480
486
487
488
491
492
493
495
496
497
500
501
502
504
505
506
509
510
511
531
532
533
536
537
538
540
541
542
545
546
547
549
550
551
554
555
556
567
568
569
572
573
574
576
577
578
581
582
583
585
586
587
590
591
592
612
613
614
617
618
619
621
622
623
626
627
628
630
631
632
635
636
637
729
730
731
734
735
736
738
739
740
743
744
745
747
748
749
752
753
754
774
775
776
779
780
781
783
784
785
788
789
790
792
793
794
797
798
799
810
811
812
815
816
817
819
820
821
824
825
826
828
829
830
833
834
835
855
856
857
860
861
862
864
865
866
869
870
871
873
874
875
878
879
880
891
892
893
896
897
898
900
901
902
905
906
907
909
910
911
914
915
916
936
937
938
941
942
943
945
946
947
950
951
952
954
955
956
959
960
961
