2
4
5
7
8
9
10
11
13
14
16
17
18
19
20
22
23
25
28
31
34
36
37
38
40
41
43
44
45
46
47
49
50
52
55
56
58
61
63
64
67
70
71
72
73
76
79
80
81
82
83
85
86
88
89
90
91
92
94
95
97
98
99
100
101
103
104
106
110
115
117
118
121
122
124
125
126
127
142
144
145
146
148
151
152
153
154
157
160
161
162
163
164
166
171
172
173
178
180
181
182
184
193
198
199
200
202
205
220
324
325
328
331
332
333
334
337
340
341
360
361
364
367
368
387
388
391
394
395
396
397
400
403
404
567
568
571
574
575
576
577
580
583
584
603
604
607
610
611
630
631
634
637
638
639
640
643
646
647
648
649
652
655
656
657
658
661
664
665
684
685
688
691
692
711
712
715
718
719
720
721
724
727
728
729
730
733
736
737
738
739
742
745
746
765
766
769
772
773
792
793
796
799
800
801
802
805
808
809
810
811
814
817
818
819
820
823
826
827
846
847
850
853
854
873
874
877
880
881
882
883
886
889
890
