2
4
5
6
7
8
9
10
11
12
13
14
15
16
17
18
19
20
21
22
23
31
32
33
34
36
37
38
39
40
41
42
43
44
45
46
47
48
49
50
51
52
53
54
55
56
57
58
59
60
61
62
63
64
65
66
67
68
69
70
71
72
73
74
75
76
77
78
79
80
81
82
83
84
85
86
87
88
89
90
91
92
93
94
95
96
97
98
99
100
101
102
103
104
105
106
107
108
109
110
111
112
113
114
115
116
117
118
119
120
121
122
123
124
125
126
127
128
129
130
131
132
133
134
135
136
137
138
139
140
142
143
144
145
146
147
148
149
150
151
152
153
154
155
156
157
158
159
160
161
162
163
164
165
167
168
169
170
171
172
173
174
175
176
177
178
179
180
181
182
183
184
185
186
187
188
189
190
191
195
198
199
200
201
203
204
205
206
207
208
209
210
211
212
282
286
289
290
292
293
294
297
299
302
306
316
317
321
324
325
326
329
330
333
334
336
337
338
339
340
341
342
343
344
346
347
348
351
352
353
354
355
357
358
360
361
362
363
365
366
367
369
370
371
372
373
374
375
376
378
379
380
383
385
386
387
388
389
390
392
393
394
395
396
397
398
399
401
402
405
406
410
411
413
414
415
416
417
418
419
420
421
422
423
428
429
430
432
433
436
437
438
439
440
441
442
443
444
446
447
450
451
453
454
455
456
457
458
459
460
462
464
465
466
467
468
469
470
471
473
477
478
479
481
482
484
486
487
491
492
494
495
496
498
499
500
504
505
508
511
512
513
514
515
516
517
519
522
523
525
526
528
529
531
532
535
536
537
538
540
541
542
543
545
546
548
552
553
554
556
557
558
560
561
563
564
567
568
569
570
571
572
575
576
578
579
581
583
584
585
586
587
588
590
591
594
595
597
598
600
601
603
604
605
606
608
609
610
612
613
614
615
616
617
618
619
621
622
623
624
625
627
630
631
632
633
634
635
636
637
638
639
640
641
642
643
644
645
648
649
650
651
652
653
654
655
656
657
658
659
660
661
662
663
664
665
666
667
668
669
670
671
672
673
674
675
676
677
678
679
680
682
683
684
685
686
687
689
690
691
692
693
694
695
696
697
698
699
700
702
703
704
705
706
707
708
709
710
711
712
713
714
716
717
718
720
721
722
723
724
725
726
727
729
730
731
733
734
735
736
737
738
739
740
741
742
743
744
745
746
747
748
749
750
751
752
753
754
755
756
757
758
759
760
761
762
763
764
765
766
767
768
769
770
771
772
773
774
775
776
777
778
779
780
781
782
783
784
785
786
787
788
789
791
792
793
794
795
796
797
798
800
801
802
803
804
805
806
807
808
810
811
812
814
815
816
817
818
819
820
821
822
823
824
825
826
827
828
829
830
831
832
833
834
835
836
837
838
839
840
842
843
844
845
846
847
849
851
852
853
854
855
856
858
859
860
861
862
863
864
865
866
867
869
870
872
873
874
875
876
877
878
879
880
881
882
883
884
885
886
887
888
891
892
893
896
897
899
900
901
902
905
906
907
908
909
910
911
912
913
914
917
918
919
920
921
922
923
924
926
927
928
929
930
932
933
934
935
936
937
938
939
940
941
942
943
944
945
946
950
952
953
954
955
956
957
958
962
963
964
965
966
967
968
969
970
972
973
974
975
978
980
981
982
983
984
986
987
990
992
995
996
997
998
999
1000
1002
1003
1004
1006
1008
1009
1011
1012
1013
1017
1018
1022
1026
1027
1031
1032
1034
1038
1039
1040
1043
1044
1045
1046
1048
1049
1053
1054
1057
1059
1061
1062
1073
1074
1075
1076
1077
1079
1080
1081
1083
1086
1095
1103
1106
1107
1108
1109
1112
1113
1114
1117
1119
1121
1127
1128
1130
1131
1134
1135
1136
1139
1140
1141
1143
1144
1146
1148
1157
1158
1161
1162
1163
1164
1165
1166
1167
1168
1171
1173
1176
1179
1180
1181
1182
1187
1193
1194
1195
1200
1202
1206
1207
1209
1211
1212
1215
1216
1217
1224
1225
1226
1230
1231
1232
1233
1234
1235
1236
1237
1238
1239
1241
1243
1245
1247
1248
1249
1253
1255
1257
1260
1261
1266
1268
1273
1274
1276
1278
1279
1280
1281
1282
1284
1288
1296
1297
1298
1305
1306
1307
1308
1311
1312
1313
1314
1315
1316
1317
1318
1319
1320
1322
1323
1324
1326
1327
1328
1330
1332
1333
1341
1342
1344
1346
1349
1350
1351
1352
1355
1357
1359
1360
1361
1362
1364
1365
1366
1367
1368
1369
1370
1371
1372
1373
1377
1378
1379
1383
1386
1387
1388
1392
1393
1394
1395
1396
1397
1398
1399
1400
1401
1403
1404
1405
1406
1407
1408
1409
1411
1413
1414
1415
1416
1419
1420
1421
1422
1423
1424
1425
1426
1427
1428
1431
1432
1436
1437
1442
1443
1444
1445
1449
1450
1451
1452
1454
1455
1458
1459
1460
1467
1468
1469
1470
1472
1473
1474
1475
1476
1477
1478
1479
1480
1481
1484
1488
1492
1496
1497
1498
1500
1503
1504
1509
1511
1512
1513
1516
1517
1518
1519
1521
1526
1531
1532
1533
1538
1539
1540
1541
1543
1546
1548
1549
1550
1551
1552
1554
1555
1556
1557
1558
1559
1560
1561
1562
1563
1565
1566
1567
1569
1572
1581
1589
1593
1594
1595
1602
1603
1604
1606
1608
1609
1610
1611
1612
1613
1614
1615
1616
1619
1620
1621
1622
1625
1629
1630
1631
1635
1636
1637
1638
1639
1640
1641
1642
1643
1647
1648
1649
1654
1656
1657
1658
1662
1663
1664
1665
1666
1667
1668
1669
1670
1673
1679
1685
1687
1692
1693
1694
1695
1701
1702
1703
1710
1711
1712
1716
1717
1718
1719
1720
1721
1722
1723
1724
1782
1783
1784
1791
1792
1793
1797
1798
1799
1800
1801
1802
1803
1804
1805
1836
1837
1838
1845
1846
1847
1851
1852
1853
1854
1855
1856
1857
1858
1859
1863
1864
1865
1872
1873
1874
1878
1879
1880
1881
1882
1883
1884
1885
1886
1890
1891
1892
1899
1900
1901
1905
1906
1907
1908
1909
1910
1911
1912
1913
2819
2820
2847
2853
2854
2855
2856
2874
2877
2882
2886
2889
2890
2891
2900
2901
3125
3129
3132
3133
3134
3159
3160
3168
3169
3183
3186
3187
3189
3192
3198
3201
3206
3210
3213
3214
3215
3281
3285
3286
3288
3289
3290
3291
3292
3321
3322
3326
3329
3330
3331
3332
3333
3339
3340
3341
3342
3348
3349
3353
3356
3357
3358
3359
3362
3366
3367
3368
3369
3370
3371
3372
3373
3375
3376
3377
3380
3383
3384
3385
3386
3395
3399
3402
3403
3411
3412
3414
3420
3421
3422
3423
3441
3444
3476
3480
3495
3501
3502
3503
3504
3507
3510
3511
3513
3516
3522
3525
3548
3549
3576
3582
3583
3584
3585
3603
3606
3611
3615
3618
3619
3620
3629
3630
3645
3646
3650
3653
3654
3655
3656
3686
3690
3691
3693
3694
3695
3696
3697
3713
3717
3718
3720
3721
3722
3723
3724
3726
3727
3731
3734
3735
3736
3737
3740
3744
3745
3747
3748
3749
3750
3751
3888
3889
3893
3896
3897
3898
3899
3929
3933
3934
3936
3937
3938
3939
3940
3942
3943
3947
3948
3956
3960
3961
3963
3964
3965
3966
3967
3969
3970
3974
3977
3978
3979
3980
3983
3987
3988
3990
3991
3992
3993
3994
3996
3997
3999
4010
4014
4015
4017
4018
4019
4020
4021
4023
4024
4028
4029
4035
4044
4046
4047
4050
4051
4055
4056
4058
4059
4060
4061
4062
4064
4077
4078
4082
4085
4086
4087
4088
4091
4095
4096
4098
4099
4100
4101
4102
4104
4105
4109
4112
4113
4114
4115
4131
4132
4136
4139
4140
4141
4142
4172
4176
4177
4179
4180
4181
4182
4183
4199
4203
4204
4206
4207
4208
4209
4210
4212
4213
4217
4220
4221
4222
4223
4226
4230
4231
4233
4234
4235
4236
4237
4374
4375
4380
4383
4384
4386
4388
4424
4428
4429
4433
4434
4455
4456
4461
4464
4465
4467
4469
4478
4482
4483
4485
4488
4494
4497
4500
4501
4667
4671
4672
4676
4677
4691
4695
4721
4722
4725
4726
4728
4731
4745
4748
4749
4752
4753
4754
4757
4758
4763
4764
4772
4773
4775
4776
4779
4780
4785
4788
4789
4791
4793
4812
4818
4821
4824
4825
4860
4861
4866
4869
4870
4872
4874
4893
4899
4902
4905
4906
4910
4914
4915
4919
4920
4926
4935
4937
4938
4964
4968
4969
4971
5006
5007
5016
5018
5019
5034
5040
5041
5042
5043
5045
5049
5050
5052
5055
5061
5064
5067
5068
5069
5072
5073
5076
5077
5078
5081
5082
5087
5088
5208
5211
5212
5214
5217
5249
5250
5265
5266
5274
5275
5277
5283
5284
5285
5286
5289
5292
5293
5295
5298
5312
5316
5319
5320
5321
5346
5347
5355
5356
5370
5373
5374
5376
5379
5385
5388
5393
5397
5400
5401
5402
5420
5424
5451
5454
5455
5457
5460
5468
5472
5473
5474
5475
5476
5477
5478
5479
5481
5482
5483
5492
5493
5501
5505
5508
5509
5513
5516
5517
5518
5519
5535
5536
5540
5543
5544
5545
5546
5549
5553
5554
5556
5557
5558
5559
5560
5562
5563
5567
5570
5571
5572
5573
5628
5631
5663
5667
5682
5688
5689
5690
5691
5694
5697
5698
5700
5703
5709
5712
5832
5833
5837
5840
5841
5842
5843
5873
5877
5878
5880
5881
5882
5883
5884
5900
5904
5905
5907
5908
5909
5910
5911
5913
5914
5918
5921
5922
5923
5924
5927
5931
5932
5934
5935
5936
5937
5938
5940
5941
5943
5946
5978
5979
5994
5995
6003
6004
6006
6012
6013
6014
6015
6018
6021
6022
6024
6027
6075
6076
6080
6083
6084
6085
6086
6116
6120
6121
6123
6124
6125
6126
6127
6143
6147
6148
6149
6150
6151
6152
6153
6154
6156
6157
6161
6164
6165
6166
6167
6170
6174
6175
6177
6178
6179
6180
6181
6183
6184
6186
6189
6197
6201
6202
6203
6204
6205
6206
6207
6208
6210
6211
6212
6221
6222
6230
6234
6237
6238
6242
6245
6246
6247
6248
6249
6255
6256
6257
6258
6264
6265
6269
6272
6273
6274
6275
6278
6282
6283
6284
6285
6286
6287
6288
6289
6291
6292
6293
6296
6299
6300
6301
6302
6311
6315
6318
6319
6323
6326
6327
6328
6329
6330
6336
6337
6338
6339
6357
6359
6360
6363
6364
6366
6367
6368
6369
6370
6386
6390
6391
6392
6393
6394
6395
6396
6397
6399
6400
6404
6407
6408
6409
6410
6411
6413
6417
6418
6419
6420
6421
6422
6423
6424
6426
6427
6429
6432
6438
6441
6561
6562
6563
6566
6567
6569
6570
6571
6572
6573
6575
6576
6577
6578
6579
6580
6581
6582
6583
6584
6600
6602
6603
6606
6607
6609
6610
6611
6612
6613
6615
6616
6620
6621
6626
6627
6629
6633
6634
6635
6636
6637
6638
6639
6640
6642
6643
6644
6647
6648
6650
6651
6652
6653
6654
6656
6657
6658
6659
6660
6661
6662
6663
6664
6665
6666
6667
6669
6670
6672
6675
6681
6684
6687
6688
6696
6697
6698
6705
6706
6707
6711
6712
6713
6714
6715
6716
6717
6718
6719
6723
6724
6725
6732
6733
6734
6738
6739
6740
6741
6742
6743
6744
6745
6746
6750
6751
6752
6759
6760
6761
6765
6766
6767
6768
6769
6770
6771
6772
6773
6878
6882
6909
6912
6913
6915
6918
6926
6930
6931
6932
6933
6934
6935
6936
6937
6939
6940
6941
6950
6951
6959
6963
6966
6967
6971
6974
6975
6976
6977
6993
6994
6998
6999
7001
7002
7003
7004
7005
7007
7008
7011
7012
7014
7015
7016
7017
7018
7020
7021
7025
7028
7029
7030
7031
7047
7048
7053
7056
7057
7059
7061
7080
7086
7089
7092
7093
7097
7101
7102
7106
7107
7113
7121
7122
7124
7125
7140
7146
7147
7148
7149
7152
7155
7156
7158
7161
7167
7169
7170
7173
7174
7176
7177
7178
7179
7180
7193
7194
7209
7210
7214
7217
7218
7219
7220
7221
7227
7228
7229
7230
7236
7237
7241
7244
7245
7246
7247
7248
7250
7251
7254
7255
7256
7257
7258
7259
7260
7261
7263
7264
7265
7268
7271
7272
7273
7274
7275
7290
7291
7292
7295
7296
7298
7299
7300
7301
7302
7304
7305
7306
7307
7308
7309
7310
7311
7312
7313
7329
7331
7332
7335
7336
7338
7339
7340
7341
7342
7344
7345
7349
7350
7355
7356
7358
7362
7363
7364
7365
7366
7367
7368
7369
7371
7372
7373
7376
7377
7379
7380
7381
7382
7383
7385
7386
7387
7388
7389
7390
7391
7392
7393
7394
7395
7396
7398
7399
7401
7404
7410
7412
7413
7416
7417
7419
7420
7421
7422
7423
7425
7426
7427
7434
7435
7436
7437
7440
7441
7442
7443
7444
7445
7446
7447
7448
7449
7452
7453
7454
7457
7460
7461
7462
7463
7467
7468
7469
7470
7471
7472
7473
7474
7475
7479
7480
7481
7484
7485
7487
7488
7489
7490
7491
7493
7494
7495
7496
7497
7498
7499
7500
7501
7502
7503
7504
7506
7507
7511
7514
7515
7516
7517
7518
7527
7529
7530
7533
7534
7539
7542
7543
7545
7547
7556
7560
7561
7563
7583
7587
7588
7592
7593
7637
7641
7642
7644
7655
7659
7660
7662
7663
7664
7665
7666
7668
7669
7673
7674
7680
7689
7691
7692
7695
7696
7700
7701
7703
7704
7705
7706
7707
7709
7722
7723
7727
7730
7731
7732
7733
7736
7740
7741
7743
7744
7745
7746
7747
7749
7750
7754
7757
7758
7759
7760
7776
7777
7778
7785
7786
7787
7791
7792
7793
7794
7795
7796
7797
7798
7799
7857
7858
7859
7866
7867
7868
7872
7873
7874
7875
7876
7877
7878
7879
7880
7884
7885
7887
7911
7912
7913
7920
7921
7922
7923
7926
7927
7928
7929
7930
7931
7932
7933
7934
7935
7938
7939
7940
7947
7948
7949
7953
7954
7955
7956
7957
7958
7959
7960
7961
7965
7966
7967
7968
7971
7974
7975
7976
7977
7980
7981
7982
7983
7984
7985
7986
7987
7988
7992
7993
7997
7998
8019
8020
8021
8024
8027
8028
8029
8030
8034
8035
8036
8037
8038
8039
8040
8041
8042
8060
8064
8065
8067
8068
8069
8070
8071
8087
8091
8092
8094
8095
8096
8097
8098
8100
8101
8102
8105
8108
8109
8110
8111
8114
8115
8116
8117
8118
8119
8120
8121
8122
8123
8124
8125
8154
8155
8156
8163
8164
8165
8169
8170
8171
8172
8173
8174
8175
8176
8177
8181
8182
8183
8190
8191
8192
8196
8197
8198
8199
8200
8201
8202
8203
8204
8208
8209
8210
8217
8218
8219
8223
8224
8225
8226
8227
8228
8229
8230
8231
8262
8263
8264
8267
8270
8271
8272
8273
8277
8278
8279
8280
8281
8282
8283
8284
8285
8303
8307
8308
8310
8311
8312
8313
8314
8316
8317
8321
8322
8330
8334
8335
8337
8338
8339
8340
8341
8343
8344
8345
8348
8351
8352
8353
8354
8357
8358
8359
8360
8361
8362
8363
8364
8365
8366
8367
8368
8370
8371
8373
8384
8388
8389
8391
8392
8393
8394
8395
8397
8398
8399
8402
8403
8406
8407
8408
8409
8412
8413
8414
8415
8416
8417
8418
8419
8420
8421
8424
8425
8426
8429
8430
8432
8433
8434
8435
8436
8438
8439
8440
8441
8442
8443
8444
8445
8446
8447
8451
8452
8453
8456
8459
8460
8461
8462
8465
8466
8467
8468
8469
8470
8471
8472
8473
8474
8475
8476
8478
8479
8483
8486
8487
8488
8489
8505
8506
8510
8513
8514
8515
8516
8546
8550
8551
8553
8554
8555
8556
8557
8573
8577
8578
8580
8581
8582
8583
8584
8586
8587
8591
8594
8595
8596
8597
8600
8604
8605
8607
8608
8609
8610
8611
8613
8614
8616
8652
8661
8663
8664
8690
8694
8695
8697
8700
8706
8709
8712
8713
8717
8721
8722
8726
8727
8748
8749
8754
8757
8758
8760
8762
8798
8802
8803
8807
8808
8829
8830
8835
8838
8839
8841
8843
8852
8856
8857
8859
8862
8868
8871
8874
8875
8895
8904
8906
8907
8943
8949
8952
8955
8956
8976
8985
8987
8988
8991
8992
8997
9000
9001
9003
9005
9014
9018
9019
9021
9186
9192
9195
9198
9199
9234
9235
9240
9243
9244
9246
9248
9267
9273
9276
9279
9280
9284
9288
9289
9293
9294
9300
9309
9311
9312
9624
9633
9635
9636
9672
9678
9681
9684
9685
9705
9714
9716
9717
9720
9721
9726
9729
9730
9732
9734
9743
9747
9748
9750
9915
9921
9924
9927
9928
9963
9964
9969
9972
9973
9975
9977
9996
10002
10005
10008
10009
10013
10017
10018
10022
10023
10029
10038
10040
10041
10067
10071
10072
10074
10110
10119
10121
10122
10148
10152
10153
10155
10158
10164
10167
10170
10171
10175
10179
10180
10184
10185
10206
10207
10212
10215
10216
10218
10220
10256
10260
10261
10265
10266
10287
10288
10293
10296
10297
10299
10301
10310
10314
10315
10317
10320
10326
10329
10332
10333
10935
10936
10937
10944
10945
10946
10950
10951
10952
10953
10954
10955
10956
10957
10958
11016
11017
11018
11025
11026
11027
11031
11032
11033
11034
11035
11036
11037
11038
11039
11070
11071
11072
11079
11080
11081
11085
11086
11087
11088
11089
11090
11091
11092
11093
11097
11098
11099
11106
11107
11108
11112
11113
11114
11115
11116
11117
11118
11119
11120
11124
11125
11126
11133
11134
11135
11139
11140
11141
11142
11143
11144
11145
11146
11147
11664
11665
11666
11673
11674
11675
11679
11680
11681
11682
11683
11684
11685
11686
11687
11745
11746
11747
11754
11755
11756
11760
11761
11762
11763
11764
11765
11766
11767
11768
11799
11800
11801
11808
11809
11810
11814
11815
11816
11817
11818
11819
11820
11821
11822
11826
11827
11828
11835
11836
11837
11841
11842
11843
11844
11845
11846
11847
11848
11849
11853
11854
11855
11862
11863
11864
11868
11869
11870
11871
11872
11873
11874
11875
11876
12150
12151
12152
12159
12160
12161
12165
12166
12167
12168
12169
12170
12171
12172
12173
12231
12232
12233
12240
12241
12242
12246
12247
12248
12249
12250
12251
12252
12253
12254
12285
12286
12287
12294
12295
12296
12300
12301
12302
12303
12304
12305
12306
12307
12308
12312
12313
12314
12321
12322
12323
12327
12328
12329
12330
12331
12332
12333
12334
12335
12339
12340
12341
12348
12349
12350
12354
12355
12356
12357
12358
12359
12360
12361
12362
12393
12394
12395
12402
12403
12404
12408
12409
12410
12411
12412
12413
12414
12415
12416
12474
12475
12476
12483
12484
12485
12489
12490
12491
12492
12493
12494
12495
12496
12497
12528
12529
12530
12537
12538
12539
12543
12544
12545
12546
12547
12548
12549
12550
12551
12555
12556
12557
12564
12565
12566
12570
12571
12572
12573
12574
12575
12576
12577
12578
12582
12583
12584
12591
12592
12593
12597
12598
12599
12600
12601
12602
12603
12604
12605
12636
12637
12638
12645
12646
12647
12651
12652
12653
12654
12655
12656
12657
12658
12659
12717
12718
12719
12726
12727
12728
12732
12733
12734
12735
12736
12737
12738
12739
12740
12771
12772
12773
12780
12781
12782
12786
12787
12788
12789
12790
12791
12792
12793
12794
12798
12799
12800
12807
12808
12809
12813
12814
12815
12816
12817
12818
12819
12820
12821
12825
12826
12827
12834
12835
12836
12840
12841
12842
12843
12844
12845
12846
12847
12848
13122
13123
13124
13131
13132
13133
13137
13138
13139
13140
13141
13142
13143
13144
13145
13203
13204
13205
13212
13213
13214
13218
13219
13220
13221
13222
13223
13224
13225
13226
13257
13258
13259
13266
13267
13268
13272
13273
13274
13275
13276
13277
13278
13279
13280
13284
13285
13286
13293
13294
13295
13299
13300
13301
13302
13303
13304
13305
13306
13307
13311
13312
13313
13320
13321
13322
13326
13327
13328
13329
13330
13331
13332
13333
13334
13851
13852
13853
13860
13861
13862
13866
13867
13868
13869
13870
13871
13872
13873
13874
13932
13933
13934
13941
13942
13943
13947
13948
13949
13950
13951
13952
13953
13954
13955
13986
13987
13988
13995
13996
13997
14001
14002
14003
14004
14005
14006
14007
14008
14009
14013
14014
14015
14022
14023
14024
14028
14029
14030
14031
14032
14033
14034
14035
14036
14040
14041
14042
14049
14050
14051
14055
14056
14057
14058
14059
14060
14061
14062
14063
14337
14338
14339
14346
14347
14348
14352
14353
14354
14355
14356
14357
14358
14359
14360
14418
14419
14420
14427
14428
14429
14433
14434
14435
14436
14437
14438
14439
14440
14441
14472
14473
14474
14481
14482
14483
14487
14488
14489
14490
14491
14492
14493
14494
14495
14499
14500
14501
14508
14509
14510
14514
14515
14516
14517
14518
14519
14520
14521
14522
14526
14527
14528
14535
14536
14537
14541
14542
14543
14544
14545
14546
14547
14548
14549
14580
14581
14582
14589
14590
14591
14595
14596
14597
14598
14599
14600
14601
14602
14603
14661
14662
14663
14670
14671
14672
14676
14677
14678
14679
14680
14681
14682
14683
14684
14715
14716
14717
14724
14725
14726
14730
14731
14732
14733
14734
14735
14736
14737
14738
14742
14743
14744
14751
14752
14753
14757
14758
14759
14760
14761
14762
14763
14764
14765
14769
14770
14771
14778
14779
14780
14784
14785
14786
14787
14788
14789
14790
14791
14792
14823
14824
14825
14832
14833
14834
14838
14839
14840
14841
14842
14843
14844
14845
14846
14904
14905
14906
14913
14914
14915
14919
14920
14921
14922
14923
14924
14925
14926
14927
14958
14959
14960
14967
14968
14969
14973
14974
14975
14976
14977
14978
14979
14980
14981
14985
14986
14987
14994
14995
14996
15000
15001
15002
15003
15004
15005
15006
15007
15008
15012
15013
15014
15021
15022
15023
15027
15028
15029
15030
15031
15032
15033
15034
15035
15309
15310
15311
15318
15319
15320
15324
15325
15326
15327
15328
15329
15330
15331
15332
15390
15391
15392
15399
15400
15401
15405
15406
15407
15408
15409
15410
15411
15412
15413
15444
15445
15446
15453
15454
15455
15459
15460
15461
15462
15463
15464
15465
15466
15467
15471
15472
15473
15480
15481
15482
15486
15487
15488
15489
15490
15491
15492
15493
15494
15498
15499
15500
15507
15508
15509
15513
15514
15515
15516
15517
15518
15519
15520
15521
16038
16039
16040
16047
16048
16049
16053
16054
16055
16056
16057
16058
16059
16060
16061
16119
16120
16121
16128
16129
16130
16134
16135
16136
16137
16138
16139
16140
16141
16142
16173
16174
16175
16182
16183
16184
16188
16189
16190
16191
16192
16193
16194
16195
16196
16200
16201
16202
16209
16210
16211
16215
16216
16217
16218
16219
16220
16221
16222
16223
16227
16228
16229
16236
16237
16238
16242
16243
16244
16245
16246
16247
16248
16249
16250
16524
16525
16526
16533
16534
16535
16539
16540
16541
16542
16543
16544
16545
16546
16547
16605
16606
16607
16614
16615
16616
16620
16621
16622
16623
16624
16625
16626
16627
16628
16659
16660
16661
16668
16669
16670
16674
16675
16676
16677
16678
16679
16680
16681
16682
16686
16687
16688
16695
16696
16697
16701
16702
16703
16704
16705
16706
16707
16708
16709
16713
16714
16715
16722
16723
16724
16728
16729
16730
16731
16732
16733
16734
16735
16736
16767
16768
16769
16776
16777
16778
16782
16783
16784
16785
16786
16787
16788
16789
16790
16848
16849
16850
16857
16858
16859
16863
16864
16865
16866
16867
16868
16869
16870
16871
16902
16903
16904
16911
16912
16913
16917
16918
16919
16920
16921
16922
16923
16924
16925
16929
16930
16931
16938
16939
16940
16944
16945
16946
16947
16948
16949
16950
16951
16952
16956
16957
16958
16965
16966
16967
16971
16972
16973
16974
16975
16976
16977
16978
16979
17010
17011
17012
17019
17020
17021
17025
17026
17027
17028
17029
17030
17031
17032
17033
17091
17092
17093
17100
17101
17102
17106
17107
17108
17109
17110
17111
17112
17113
17114
17145
17146
17147
17154
17155
17156
17160
17161
17162
17163
17164
17165
17166
17167
17168
17172
17173
17174
17181
17182
17183
17187
17188
17189
17190
17191
17192
17193
17194
17195
17199
17200
17201
17208
17209
17210
17214
17215
17216
17217
17218
17219
17220
17221
17222
