2
3
4
5
6
7
8
9
10
11
12
13
14
15
16
17
18
19
20
21
22
23
24
25
26
27
28
29
30
31
32
33
34
35
36
37
38
39
40
41
42
43
44
45
46
47
48
49
50
51
52
53
54
55
56
57
58
59
60
61
62
63
64
65
66
67
68
69
70
71
72
73
74
75
76
77
78
79
80
81
82
83
84
85
86
87
88
89
90
91
92
93
94
95
96
97
98
99
100
101
102
103
104
105
106
107
108
109
110
111
112
113
114
115
116
117
118
119
120
121
122
123
124
125
126
127
128
129
130
131
132
133
134
135
136
137
138
139
140
141
142
143
144
145
146
147
148
149
150
151
152
153
154
155
156
157
158
159
160
161
162
163
164
165
166
167
168
169
170
171
172
173
174
175
176
177
178
179
180
181
182
183
184
185
186
187
188
189
190
191
192
193
194
195
196
197
198
199
200
201
202
203
204
205
206
207
208
209
210
211
212
213
214
215
216
217
218
219
220
221
222
223
224
225
226
227
228
229
230
231
232
233
234
235
236
237
238
239
240
241
243
244
245
246
247
248
249
250
251
252
253
254
255
256
257
258
259
260
261
262
263
264
265
266
267
268
270
271
272
273
274
275
276
277
278
279
280
281
282
283
284
285
286
287
288
289
290
291
292
293
294
295
296
297
298
299
300
301
302
303
304
305
306
307
308
309
310
311
312
313
314
315
316
317
318
319
320
321
322
323
324
325
326
327
328
329
330
331
332
333
334
335
336
337
338
339
340
341
342
343
344
345
346
347
348
349
350
351
352
353
354
355
356
357
358
359
360
361
362
363
364
365
366
367
368
369
370
371
372
373
374
375
376
377
378
379
380
381
382
383
384
385
386
387
388
389
390
391
392
393
394
395
396
397
398
399
400
401
402
403
404
405
406
407
408
409
410
411
412
413
414
415
416
417
418
419
420
421
422
423
424
425
426
427
428
429
430
431
432
433
434
435
436
437
438
439
440
441
442
443
444
445
446
447
448
449
450
451
452
453
454
455
456
457
458
459
460
461
462
463
464
465
467
468
469
470
471
472
473
474
475
476
478
479
480
482
483
486
487
488
489
490
491
492
493
494
495
496
497
498
499
500
501
502
503
504
505
506
507
508
509
510
511
513
514
515
516
517
518
519
520
521
522
523
524
525
526
527
528
529
530
531
532
533
534
535
536
537
540
541
542
543
544
545
546
547
548
549
550
551
552
553
554
555
556
557
558
559
560
561
562
563
564
565
567
568
569
570
571
572
573
574
575
576
577
578
579
580
581
582
584
585
586
587
588
589
590
591
592
594
595
596
597
598
599
600
601
602
603
604
605
606
607
608
609
610
611
612
613
614
615
616
617
618
619
621
622
623
624
626
627
628
629
630
631
632
633
634
635
636
637
638
639
640
641
642
643
644
645
646
648
649
650
651
652
653
654
655
656
657
658
659
660
661
662
663
665
666
667
668
669
670
671
672
673
675
676
677
678
680
681
682
683
684
685
686
687
689
690
691
692
693
694
695
696
697
698
699
700
702
705
706
707
708
709
710
711
712
729
730
731
732
733
734
735
736
737
738
739
740
741
742
743
744
745
746
747
748
749
750
751
752
753
754
756
757
758
759
760
761
762
763
764
765
766
767
768
769
770
771
772
773
774
775
776
777
778
779
780
783
784
785
786
787
788
789
790
791
792
793
794
795
796
797
798
799
800
801
802
803
804
805
806
808
810
811
812
813
814
815
816
817
818
819
820
821
822
823
824
825
828
829
830
831
832
833
834
837
838
839
840
841
842
843
844
845
846
847
848
849
850
851
852
853
855
856
857
858
860
861
864
865
866
867
868
869
870
874
875
876
877
878
879
883
884
885
886
887
891
892
893
894
895
896
897
898
899
900
901
902
903
904
905
906
909
910
911
912
913
915
918
919
920
921
922
924
927
928
929
930
931
933
945
946
947
948
949
951
956
957
958
960
964
965
966
967
972
973
974
975
976
977
978
979
980
981
982
983
984
985
986
987
990
991
992
993
994
996
999
1000
1001
1002
1003
1004
1005
1006
1007
1008
1009
1010
1011
1012
1013
1014
1017
1018
1019
1026
1027
1028
1029
1030
1031
1032
1033
1034
1035
1036
1037
1038
1039
1040
1044
1045
1046
1053
1054
1055
1056
1057
1058
1059
1060
1061
1062
1063
1064
1065
1066
1067
1068
1071
1072
1073
1074
1075
1077
1080
1081
1082
1083
1084
1085
1086
1087
1088
1089
1090
1091
1092
1093
1094
1095
1096
1097
1098
1099
1100
1101
1103
1104
1107
1108
1109
1110
1111
1112
1113
1114
1116
1117
1119
1121
1122
1123
1124
1125
1126
1127
1128
1130
1134
1135
1136
1137
1138
1139
1140
1141
1142
1143
1144
1145
1146
1147
1148
1149
1150
1151
1152
1153
1154
1155
1157
1158
1159
1161
1162
1163
1164
1168
1175
1176
1177
1178
1179
1180
1181
1182
1184
1185
1188
1189
1190
1191
1193
1194
1202
1203
1215
1216
1217
1218
1219
1220
1221
1222
1224
1225
1226
1227
1228
1229
1230
1231
1232
1233
1234
1235
1236
1237
1238
1239
1242
1243
1244
1245
1246
1247
1248
1249
1251
1252
1253
1254
1255
1256
1257
1258
1259
1260
1261
1262
1263
1265
1266
1269
1270
1271
1272
1273
1274
1275
1276
1278
1279
1283
1284
1296
1297
1298
1299
1300
1301
1302
1303
1305
1306
1337
1338
1339
1340
1341
1342
1343
1344
1346
1347
1350
1351
1352
1353
1354
1355
1356
1357
1359
1360
1364
1365
1366
1367
1368
1369
1370
1373
1377
1378
1379
1380
1381
1382
1383
1384
1386
1387
1391
1392
1393
1394
1395
1396
1397
1400
1418
1419
1420
1421
1422
1423
1424
1427
1458
1459
1460
1461
1462
1463
1464
1465
1466
1467
1468
1469
1470
1471
1472
1473
1474
1475
1476
1477
1478
1479
1480
1481
1482
1485
1486
1487
1488
1489
1490
1491
1492
1493
1494
1495
1496
1497
1498
1499
1500
1501
1502
1503
1504
1505
1506
1508
1509
1512
1513
1514
1515
1516
1517
1518
1519
1520
1521
1522
1523
1524
1525
1526
1527
1530
1531
1532
1539
1540
1541
1542
1543
1544
1545
1546
1547
1548
1549
1550
1551
1552
1553
1554
1557
1558
1559
1560
1561
1563
1566
1567
1568
1569
1570
1571
1572
1573
1574
1575
1576
1577
1578
1579
1580
1581
1582
1583
1584
1585
1586
1587
1589
1590
1593
1594
1595
1596
1597
1598
1599
1600
1602
1603
1607
1608
1609
1610
1611
1612
1613
1616
1620
1621
1622
1623
1624
1625
1626
1627
1628
1629
1630
1631
1632
1633
1634
1635
1636
1637
1638
1639
1640
1641
1642
1643
1644
1645
1647
1648
1649
1650
1651
1653
1654
1656
1657
1658
1659
1660
1661
1662
1663
1664
1665
1666
1668
1670
1671
1674
1675
1676
1677
1678
1680
1681
1683
1684
1686
1688
1689
1690
1695
1701
1702
1703
1704
1705
1706
1707
1708
1710
1711
1712
1713
1714
1715
1716
1719
1720
1721
1722
1723
1724
1725
1726
1728
1729
1730
1731
1732
1734
1735
1737
1738
1739
1740
1741
1743
1755
1756
1757
1758
1759
1761
1762
1764
1765
1767
1769
1770
1771
1776
1782
1783
1784
1785
1786
1788
1791
1792
1793
1794
1795
1797
1800
1801
1802
1803
1804
1806
1809
1810
1811
1812
1813
1815
1818
1819
1820
1821
1822
1823
1824
1825
1827
1828
1830
1832
1833
1836
1837
1838
1839
1840
1842
1843
1845
1846
1848
1850
1851
1852
1857
1863
1864
1866
1868
1869
1870
1872
1873
1877
1878
1884
1886
1887
1888
1890
1891
1893
1897
1904
1905
1906
1908
1909
1911
1913
1914
1917
1918
1944
1945
1946
1947
1948
1949
1950
1951
1953
1954
1955
1956
1957
1958
1959
1962
1963
1964
1965
1966
1968
1971
1972
1973
1974
1975
1977
1980
1981
1982
1983
1984
1986
1998
1999
2000
2001
2002
2004
2005
2007
2008
2010
2012
2013
2014
2019
2025
2026
2028
2030
2031
2032
2034
2035
2039
2040
2046
2048
2049
2050
2052
2053
2055
2059
2066
2067
2068
2070
2071
2073
2075
2076
2079
2080
2086
2088
2089
2091
2093
2094
2095
2100
2127
2129
2130
2131
2133
2134
2136
2140
2187
2188
2189
2190
2191
2192
2193
2194
2195
2196
2197
2198
2199
2200
2201
2202
2205
2206
2207
2208
2209
2210
2211
2212
2214
2215
2216
2217
2218
2219
2220
2221
2222
2223
2224
2225
2226
2227
2228
2229
2230
2232
2233
2234
2235
2237
2238
2241
2242
2243
2244
2245
2246
2247
2248
2249
2250
2251
2252
2253
2254
2255
2256
2257
2259
2260
2261
2262
2268
2269
2270
2271
2272
2273
2274
2275
2276
2277
2278
2279
2280
2281
2282
2283
2286
2287
2288
2289
2290
2292
2295
2296
2297
2298
2299
2300
2301
2302
2303
2304
2305
2306
2307
2308
2309
2310
2311
2313
2314
2315
2316
2318
2319
2322
2323
2324
2325
2326
2327
2328
2336
2337
2349
2350
2351
2352
2353
2354
2355
2356
2357
2358
2359
2360
2361
2362
2363
2364
2367
2368
2369
2370
2371
2372
2373
2374
2376
2377
2378
2379
2380
2382
2383
2385
2386
2387
2388
2389
2390
2391
2392
2394
2395
2397
2399
2400
2403
2404
2405
2406
2407
2409
2410
2412
2413
2415
2417
2418
2419
2424
2430
2431
2432
2433
2434
2435
2436
2437
2438
2439
2440
2441
2442
2443
2444
2445
2448
2449
2450
2451
2452
2453
2454
2455
2457
2458
2459
2460
2461
2462
2463
2464
2465
2466
2467
2468
2469
2470
2471
2472
2475
2476
2477
2484
2485
2486
2487
2488
2489
2490
2491
2492
2493
2494
2495
2496
2497
2498
2499
2500
2502
2503
2504
2511
2512
2513
2514
2515
2516
2517
2518
2519
2520
2521
2522
2523
2524
2525
2526
2529
2530
2531
2532
2533
2535
2538
2539
2540
2541
2542
2543
2544
2545
2546
2547
2548
2549
2550
2551
2552
2553
2556
2557
2558
2565
2566
2567
2568
2569
2571
2592
2593
2594
2595
2596
2597
2598
2599
2600
2601
2602
2603
2604
2605
2606
2610
2611
2612
2673
2674
2675
2676
2677
2678
2679
2680
2681
2682
2683
2684
2685
2686
2687
2688
2691
2692
2693
2694
2695
2697
2700
2701
2702
2703
2704
2705
2706
2707
2708
2709
2710
2711
2712
2713
2714
2715
2718
2719
2720
2727
2728
2729
2730
2731
2732
2733
2734
2735
2736
2737
2738
2739
2740
2741
2745
2746
2747
2754
2755
2756
2757
2758
2759
2760
2761
2762
2763
2764
2765
2766
2767
2768
2772
2773
2774
2781
2782
2783
2784
2785
2786
2787
2788
2789
2790
2791
2792
2793
2794
2795
2799
2800
2801
2835
2836
2837
2838
2839
2840
2841
2842
2843
2844
2845
2846
2847
2848
2849
2853
2854
2855
2916
2917
2918
2919
2920
2921
2922
2923
2924
2925
2926
2927
2928
2929
2930
2931
2934
2935
2936
2937
2938
2940
2943
2944
2945
2946
2947
2948
2949
2950
2951
2952
2953
2954
2955
2956
2957
2958
2961
2962
2963
2970
2971
2972
2973
2974
2975
2976
2977
2978
2979
2980
2981
2982
2983
2984
2988
2989
2990
2997
2998
2999
3000
3001
3002
3003
3004
3005
3006
3007
3008
3009
3010
3011
3012
3015
3016
3017
3018
3019
3021
3024
3025
3026
3027
3028
3029
3030
3031
3032
3033
3034
3035
3036
3037
3038
3039
3042
3043
3044
3051
3052
3053
3054
3055
3057
3078
3079
3080
3081
3082
3083
3084
3085
3086
3087
3088
3089
3090
3091
3092
3093
3096
3097
3098
3099
3100
3102
3105
3106
3107
3108
3109
3111
3114
3115
3116
3117
3118
3120
3132
3133
3134
3135
3136
3138
3159
3160
3161
3162
3163
3164
3165
3166
3167
3168
3169
3170
3171
3172
3173
3174
3177
3178
3179
3180
3181
3183
3186
3187
3188
3189
3190
3191
3192
3193
3194
3195
3196
3197
3198
3199
3200
3201
3204
3205
3206
3213
3214
3215
3216
3217
3218
3219
3220
3221
3222
3223
3224
3225
3226
3227
3231
3232
3233
3240
3241
3242
3243
3244
3245
3246
3247
3248
3249
3250
3251
3252
3253
3254
3255
3258
3259
3260
3261
3262
3264
3267
3268
3269
3270
3271
3272
3273
3274
3275
3276
3277
3278
3279
3280
3281
3282
3285
3286
3287
3288
3290
3291
3294
3295
3296
3297
3298
3299
3300
3308
3309
3321
3322
3323
3324
3325
3326
3327
3328
3329
3330
3331
3332
3333
3335
3336
3339
3340
3341
3342
3348
3349
3350
3351
3362
3363
3366
3367
3368
3369
3371
3372
3375
3376
3377
3378
3380
3381
3389
3390
3402
3403
3404
3405
3406
3407
3408
3411
3412
3413
3414
3415
3416
3417
3420
3421
3422
3423
3424
3426
3429
3430
3431
3432
3433
3435
3438
3439
3440
3441
3442
3443
3444
3447
3448
3449
3450
3452
3453
3456
3457
3458
3459
3460
3461
3462
3470
3471
3524
3525
3528
3529
3530
3531
3533
3534
3537
3538
3539
3540
3542
3543
3551
3552
3645
3646
3647
3648
3650
3651
3654
3655
3656
3657
3659
3660
3663
3664
3665
3666
3672
3673
3674
3675
3686
3687
3690
3691
3692
3693
3695
3696
3699
3700
3701
3702
3704
3705
3713
3714
3726
3727
3728
3729
3731
3732
3735
3736
3737
3738
3740
3741
3744
3745
3746
3747
3753
3754
3755
3756
3767
3768
3771
3772
3773
3774
3776
3777
3780
3781
3782
3783
3785
3786
3794
3795
3807
3808
3809
3810
3812
3813
3816
3817
3818
3819
3821
3822
3825
3826
3827
3828
3834
3835
3836
3837
3888
3889
3890
3891
3893
3894
3897
3898
3899
3900
3902
3903
3906
3907
3908
3909
3915
3916
3917
3918
4010
4011
4014
4015
4016
4017
4019
4020
4023
4024
4025
4026
4028
4029
4037
4038
4050
4051
4052
4053
4055
4056
4059
4060
4061
4062
4064
4065
4068
4069
4070
4071
4077
4078
4079
4080
4091
4092
4095
4096
4097
4098
4100
4101
4104
4105
4106
4107
4109
4110
4118
4119
4131
4132
4133
4134
4136
4137
4140
4141
4142
4143
4145
4146
4149
4150
4151
4152
4158
4159
4160
4161
4172
4173
4176
4177
4178
4179
4181
4182
4185
4186
4187
4188
4190
4191
4199
4200
4253
4254
4257
4258
4259
4260
4262
4263
4266
4267
4268
4269
4271
4272
4280
4281
4374
4375
4376
4377
4378
4379
4380
4383
4384
4385
4386
4387
4388
4389
4392
4393
4394
4395
4396
4398
4401
4402
4403
4404
4405
4407
4410
4411
4412
4413
4414
4415
4416
4419
4420
4421
4422
4424
4425
4428
4429
4430
4431
4432
4433
4434
4442
4443
4455
4456
4457
4458
4459
4460
4461
4464
4465
4466
4467
4468
4469
4470
4473
4474
4475
4476
4477
4479
4482
4483
4484
4485
4486
4488
4491
4492
4493
4494
4495
4496
4497
4500
4501
4502
4503
4505
4506
4509
4510
4511
4512
4513
4514
4515
4523
4524
4536
4537
4538
4539
4540
4541
4542
4545
4546
4547
4548
4549
4550
4551
4554
4555
4556
4557
4558
4560
4563
4564
4565
4566
4567
4569
4572
4573
4574
4575
4576
4578
4590
4591
4592
4593
4594
4596
4617
4618
4619
4620
4621
4622
4623
4626
4627
4628
4629
4630
4631
4632
4635
4636
4637
4638
4639
4641
4644
4645
4646
4647
4648
4650
4653
4654
4655
4656
4657
4659
4671
4672
4673
4674
4675
4677
4698
4699
4700
4701
4702
4704
4707
4708
4709
4710
4711
4713
4716
4717
4718
4719
4720
4722
4725
4726
4727
4728
4729
4731
4734
4735
4736
4737
4738
4739
4740
4743
4744
4745
4746
4748
4749
4752
4753
4754
4755
4756
4757
4758
4766
4767
4779
4780
4781
4782
4784
4785
4788
4789
4790
4791
4793
4794
4797
4798
4799
4800
4806
4807
4808
4809
4820
4821
4824
4825
4826
4827
4829
4830
4833
4834
4835
4836
4838
4839
4847
4848
4860
4861
4862
4863
4864
4865
4866
4869
4870
4871
4872
4873
4874
4875
4878
4879
4880
4881
4882
4884
4887
4888
4889
4890
4891
4893
4896
4897
4898
4899
4900
4901
4902
4905
4906
4907
4908
4910
4911
4914
4915
4916
4917
4918
4919
4920
4928
4929
4982
4983
4986
4987
4988
4989
4991
4992
4995
4996
4997
4998
5000
6561
6562
6563
6564
6565
6567
6570
6571
6572
6573
6574
6576
6579
6580
6581
6582
6583
6585
6588
6589
6590
6591
6592
6594
6597
6598
6599
6600
6601
6603
6615
6616
6617
6618
6619
6621
6642
6643
6644
6645
6646
6648
6651
6652
6653
6654
6655
6657
6660
6661
6662
6663
6664
6666
6669
6670
6671
6672
6673
6675
6678
6679
6680
6681
6682
6684
6696
6697
6698
6699
6700
6702
6723
6724
6725
6726
6727
6729
6732
6733
6734
6735
6736
6738
6741
6742
6743
6744
6745
6747
6750
6751
6752
6753
6754
6756
6759
6760
6761
6762
6763
6765
6777
6778
6779
6780
6781
6783
6804
6805
6806
6807
6808
6810
6813
6814
6815
6816
6817
6819
6822
6823
6824
6825
6826
6828
6831
6832
6833
6834
6835
6837
6840
6841
6842
6843
6844
6846
6858
6859
6860
6861
6862
6864
6885
6886
6887
6888
6889
6891
6894
6895
6896
6897
6898
6900
6903
6904
6905
6906
6907
6909
6912
6913
6914
6915
6916
6918
6921
6922
6923
6924
6925
6927
6939
6940
6941
6942
6943
6945
7047
7048
7049
7050
7051
7053
7056
7057
7058
7059
7060
7062
7065
7066
7067
7068
7069
7071
7074
7075
7076
7077
7078
7080
7083
7084
7085
7086
7087
7089
7101
7102
7103
7104
7105
7107
7290
7291
7292
7293
7294
7296
7299
7300
7301
7302
7303
7305
7308
7309
7310
7311
7312
7314
7317
7318
7319
7320
7321
7323
7326
7327
7328
7329
7330
7332
7344
7345
7346
7347
7348
7350
7371
7372
7373
7374
7375
7377
7380
7381
7382
7383
7384
7386
7389
7390
7391
7392
7393
7395
7398
7399
7400
7401
7402
7404
7407
7408
7409
7410
7411
7413
7425
7426
7427
7428
7429
7431
7452
7453
7454
7455
7456
7458
7461
7462
7463
7464
7465
7467
7470
7471
7472
7473
7474
7476
7479
7480
7481
7482
7483
7485
7488
7489
7490
7491
7492
7494
7506
7507
7508
7509
7510
7512
7533
7534
7535
7536
7537
7539
7542
7543
7544
7545
7546
7548
7551
7552
7553
7554
7555
7557
7560
7561
7562
7563
7564
7566
7569
7570
7571
7572
7573
7575
7587
7588
7589
7590
7591
7593
7614
7615
7616
7617
7618
7620
7623
7624
7625
7626
7627
7629
7632
7633
7634
7635
7636
7638
7641
7642
7643
7644
7645
7647
7650
7651
7652
7653
7654
7656
7668
7669
7670
7671
7672
7674
7776
7777
7778
7779
7780
7782
7785
7786
7787
7788
7789
7791
7794
7795
7796
7797
7798
7800
7803
7804
7805
7806
7807
7809
7812
7813
7814
7815
7816
7818
7830
7831
7832
7833
7834
7836
8019
8020
8021
8022
8023
8025
8028
8029
8030
8031
8032
8034
8037
8038
8039
8040
8041
8043
8046
8047
8048
8049
8050
8052
8055
8056
8057
8058
8059
8061
8073
8074
8075
8076
8077
8079
8100
8101
8102
8103
8104
8106
8109
8110
8111
8112
8113
8115
8118
8119
8120
8121
8122
8124
8127
8128
8129
8130
8131
8133
8136
8137
8138
8139
8140
8142
8154
8155
8156
8157
8158
8160
8181
8182
8183
8184
8185
8187
8190
8191
8192
8193
8194
8196
8199
8200
8201
8202
8203
8205
8208
8209
8210
8211
8212
8214
8217
8218
8219
8220
8221
8223
8235
8236
8237
8238
8239
8241
8262
8263
8264
8265
8266
8268
8271
8272
8273
8274
8275
8277
8280
8281
8282
8283
8284
8286
8289
8290
8291
8292
8293
8295
8298
8299
8300
8301
8302
8304
8316
8317
8318
8319
8320
8322
8343
8344
8345
8346
8347
8349
8352
8353
8354
8355
8356
8358
8361
8362
8363
8364
8365
8367
8370
8371
8372
8373
8374
8376
8379
8380
8381
8382
8383
8385
8397
8398
8399
8400
8401
8403
8505
8506
8507
8508
8509
8511
8514
8515
8516
8517
8518
8520
8523
8524
8525
8526
8527
8529
8532
8533
8534
8535
8536
8538
8541
8542
8543
8544
8545
8547
8559
8560
8561
8562
8563
8565
8748
8749
8750
8751
8752
8754
8757
8758
8759
8760
8761
8763
8766
8767
8768
8769
8770
8772
8775
8776
8777
8778
8779
8781
8784
8785
8786
8787
8788
8790
8802
8803
8804
8805
8806
8808
8829
8830
8831
8832
8833
8835
8838
8839
8840
8841
8842
8844
8847
8848
8849
8850
8851
8853
8856
8857
8858
8859
8860
8862
8865
8866
8867
8868
8869
8871
8883
8884
8885
8886
8887
8889
8910
8911
8912
8913
8914
8916
8919
8920
8921
8922
8923
8925
8928
8929
8930
8931
8932
8934
8937
8938
8939
8940
8941
8943
8946
8947
8948
8949
8950
8952
8964
8965
8966
8967
8968
8970
8991
8992
8993
8994
8995
8997
9000
9001
9002
9003
9004
9006
9009
9010
9011
9012
9013
9015
9018
9019
9020
9021
9022
9024
9027
9028
9029
9030
9031
9033
9045
9046
9047
9048
9049
9051
9072
9073
9074
9075
9076
9078
9081
9082
9083
9084
9085
9087
9090
9091
9092
9093
9094
9096
9099
9100
9101
9102
9103
9105
9108
9109
9110
9111
9112
9114
9126
9127
9128
9129
9130
9132
9234
9235
9236
9237
9238
9240
9243
9244
9245
9246
9247
9249
9252
9253
9254
9255
9256
9258
9261
9262
9263
9264
9265
9267
9270
9271
9272
9273
9274
9276
9288
9289
9290
9291
9292
9294
9477
9478
9479
9480
9481
9483
9486
9487
9488
9489
9490
9492
9495
9496
9497
9498
9499
9501
9504
9505
9506
9507
9508
9510
9513
9514
9515
9516
9517
9519
9531
9532
9533
9534
9535
9537
9558
9559
9560
9561
9562
9564
9567
9568
9569
9570
9571
9573
9576
9577
9578
9579
9580
9582
9585
9586
9587
9588
9589
9591
9594
9595
9596
9597
9598
9600
9612
9613
9614
9615
9616
9618
9639
9640
9641
9642
9643
9645
9648
9649
9650
9651
9652
9654
9657
9658
9659
9660
9661
9663
9666
9667
9668
9669
9670
9672
9675
9676
9677
9678
9679
9681
9693
9694
9695
9696
9697
9699
9720
9721
9722
9723
9724
9726
9729
9730
9731
9732
9733
9735
9738
9739
9740
9741
9742
9744
9747
9748
9749
9750
9751
9753
9756
9757
9758
9759
9760
9762
9774
9775
9776
9777
9778
9780
9801
9802
9803
9804
9805
9807
9810
9811
9812
9813
9814
9816
9819
9820
9821
9822
9823
9825
9828
9829
9830
9831
9832
9834
9837
9838
9839
9840
9841
9843
9855
9856
9857
9858
9859
9861
9963
9964
9965
9966
9967
9969
9972
9973
9974
9975
9976
9978
9981
9982
9983
9984
9985
9987
9990
9991
9992
9993
9994
9996
9999
10000
