2
4
5
6
7
8
9
10
11
12
13
14
15
16
17
18
19
20
21
22
24
25
28
31
32
33
34
36
37
38
39
40
41
42
45
46
47
48
49
50
51
52
53
54
55
56
57
58
59
60
62
63
64
65
66
67
68
69
70
71
72
73
74
75
76
77
78
79
80
81
82
83
84
85
86
87
88
89
90
91
92
93
94
95
96
97
98
99
100
101
102
103
104
105
106
107
108
109
110
111
112
114
115
116
117
118
119
120
121
123
124
125
127
128
129
130
132
133
135
136
139
140
141
143
144
145
146
147
148
149
150
151
152
153
154
155
156
157
159
160
162
163
164
168
170
171
172
173
174
175
176
177
180
181
182
186
189
190
195
196
197
200
201
204
205
208
210
216
217
225
226
228
229
231
232
240
241
274
279
280
283
310
319
320
324
325
328
329
330
333
334
355
360
361
364
365
369
370
374
400
401
405
406
409
410
411
414
415
419
420
438
439
446
447
448
450
451
455
456
459
460
465
486
487
490
491
492
493
494
495
496
500
501
502
503
510
511
512
519
520
528
529
537
540
541
546
548
557
558
559
560
566
567
568
573
574
575
576
577
582
583
584
591
592
593
615
620
629
638
639
640
641
647
648
649
650
654
655
656
657
658
659
660
663
664
665
666
667
668
672
673
674
710
719
720
721
722
728
729
730
731
733
734
735
736
737
738
739
740
741
742
744
745
747
748
749
753
754
760
765
766
769
770
774
775
779
780
783
784
789
791
792
793
800
801
802
803
809
810
811
812
814
815
816
817
818
819
820
821
822
823
825
826
828
829
830
831
834
835
837
838
839
840
846
847
849
850
852
853
861
862
864
865
873
874
876
877
879
880
888
889
891
892
893
899
900
901
902
903
909
910
911
912
918
919
920
921
930
945
946
954
955
957
958
960
961
969
970
972
973
974
980
981
982
983
984
985
987
988
990
991
992
993
996
997
999
1000
1001
1002
1011
1020
1025
1053
1054
1062
1063
1065
1066
1068
1069
1074
1077
1078
1080
1081
1082
1083
1089
1090
1092
1093
1095
1096
1104
1105
1107
1108
1116
1117
1119
1120
1122
1123
1131
1132
1167
1168
1176
1177
1188
1189
1197
1198
1200
1201
1203
1204
1212
1213
1215
1216
1221
1222
1223
1224
1225
1227
1228
1230
1231
1232
1239
1240
1241
1248
1249
1257
1258
1296
1297
1302
1303
1304
1305
1306
1308
1309
1311
1312
1320
1321
1323
1324
1332
1333
1335
1336
1338
1339
1347
1348
1350
1351
1359
1360
1362
1363
1365
1366
1374
1375
1431
1432
1440
1441
1443
1444
1446
1447
1455
1456
1458
1459
1460
1466
1467
1468
1469
1470
1476
1477
1478
1520
1529
1530
1531
1532
1538
1539
1540
1541
1547
1548
1549
1550
1551
1557
1558
1559
1560
1566
1567
1568
1569
1578
1620
1621
1622
1628
1629
1630
1631
1632
1638
1639
1640
1944
1945
1953
1954
1956
1957
1959
1960
1968
1969
2025
2026
2034
2035
2037
2038
2040
2041
2049
2050
2052
2053
2061
2062
2064
2065
2067
2068
2076
2077
2079
2080
2088
2089
2091
2092
2094
2095
2103
2104
2160
2161
2169
2170
2172
2173
2175
2176
2184
2185
