2
3
4
5
6
7
8
9
10
11
12
13
14
15
16
17
18
19
20
21
22
23
24
25
26
27
28
29
30
31
32
33
34
35
36
37
38
39
40
41
42
43
44
45
46
47
48
49
50
51
52
53
54
55
57
58
59
60
61
63
64
65
66
67
68
69
70
72
73
74
75
76
77
78
79
80
81
82
83
84
85
86
87
88
89
90
91
92
93
94
95
96
97
98
99
100
101
102
103
104
105
106
107
108
109
110
111
112
113
114
115
116
117
118
121
122
123
124
125
126
127
128
129
130
131
132
133
134
135
136
138
139
141
142
144
145
146
148
150
151
153
154
155
156
158
159
160
161
162
163
164
165
166
167
168
169
170
171
172
173
174
176
177
178
179
180
181
182
183
184
185
188
189
190
191
192
193
194
195
196
197
198
199
200
203
204
205
207
208
209
210
211
212
213
214
215
216
217
219
220
222
223
225
226
229
231
232
234
235
236
237
239
240
241
242
243
244
245
246
247
248
249
250
251
252
253
254
255
257
258
259
260
261
262
263
264
266
267
268
269
270
271
272
273
274
275
276
277
278
279
280
285
286
288
289
290
291
293
294
295
296
297
298
300
301
303
304
306
307
312
313
315
316
317
318
320
321
322
323
324
325
327
328
329
330
331
333
334
337
338
339
340
347
348
349
360
361
364
365
366
367
369
370
373
374
375
376
378
379
382
387
388
391
401
402
403
405
406
407
408
409
410
411
412
413
414
415
416
417
418
419
420
421
422
423
424
425
426
428
429
430
431
432
433
434
435
437
440
441
442
445
446
447
448
450
451
452
453
454
455
456
457
458
459
460
463
468
469
472
477
478
479
480
482
483
484
485
486
487
490
491
492
493
495
496
499
500
648
649
650
651
653
656
657
658
659
660
662
665
666
667
668
669
671
674
675
676
677
678
680
683
693
694
695
696
698
701
720
721
722
723
725
728
729
730
731
732
734
737
738
739
740
741
743
746
747
748
749
750
752
755
756
757
758
759
761
764
774
775
776
777
779
782
801
802
803
804
806
809
810
811
812
813
815
818
819
820
821
822
824
827
828
829
830
831
833
836
837
838
839
840
842
845
855
856
857
858
860
863
882
883
884
885
887
890
891
892
893
894
896
899
900
901
902
903
905
908
909
910
911
912
914
917
918
919
920
921
923
926
936
937
938
939
941
944
963
964
965
966
968
971
972
973
974
975
977
980
981
982
983
984
986
989
990
991
992
993
995
998
999
1000
