2
3
4
5
6
7
8
9
10
11
12
13
14
15
16
17
18
19
20
21
22
23
24
25
26
27
28
29
30
31
32
33
34
35
36
37
38
39
40
41
42
43
44
45
46
47
48
49
50
51
52
53
54
55
56
57
58
59
60
61
62
63
64
65
66
67
68
69
70
71
72
73
74
75
76
77
78
79
80
81
82
83
84
85
86
87
88
89
90
91
92
93
94
95
96
97
98
99
100
101
102
103
104
105
106
107
108
109
110
111
112
113
114
115
116
117
118
119
120
121
122
123
124
125
126
127
128
129
130
131
132
133
134
135
136
137
138
139
140
141
142
143
144
145
146
147
148
149
150
151
152
153
154
155
156
157
158
159
160
161
162
163
164
165
166
167
168
169
170
171
172
173
174
175
176
177
178
179
180
181
182
183
184
185
186
187
188
189
190
191
192
193
194
195
196
197
198
199
200
201
202
203
204
205
206
207
208
209
210
211
212
213
214
215
216
217
218
219
220
221
222
223
224
225
226
227
228
229
230
231
232
233
234
235
236
237
238
239
240
241
242
243
244
245
246
247
248
249
250
251
252
253
254
255
256
257
258
259
260
261
262
263
264
265
266
267
268
269
270
271
272
273
274
275
276
277
278
279
280
281
282
283
285
286
287
288
289
290
291
292
293
294
295
296
297
298
299
300
301
302
303
304
305
306
307
308
309
310
311
312
313
314
315
316
317
318
319
321
322
323
324
325
326
327
328
329
330
331
332
333
334
335
336
337
338
339
340
341
342
343
344
345
346
347
348
349
350
351
352
353
354
355
357
358
359
360
361
362
363
364
365
366
367
368
369
370
371
372
373
374
375
376
377
378
379
380
381
382
383
384
385
386
387
388
389
390
391
392
393
394
395
396
397
398
399
401
402
403
404
405
406
407
408
409
410
411
412
413
414
415
416
417
418
419
420
421
422
423
424
426
427
428
429
430
431
432
433
435
436
437
438
439
440
441
442
443
444
445
446
447
448
449
450
451
452
453
454
455
456
457
458
459
460
461
462
463
464
465
466
467
468
469
470
471
472
474
475
476
477
478
479
480
481
482
483
484
485
486
487
488
489
490
491
492
493
494
495
496
497
498
499
500
501
502
503
504
505
506
507
508
509
510
511
512
513
514
516
517
518
519
520
521
522
523
524
525
526
527
528
529
530
531
532
533
534
535
536
537
538
539
540
541
542
543
544
545
546
547
548
549
550
553
554
555
556
557
558
559
561
562
564
565
567
568
570
571
573
574
576
577
578
579
580
581
582
583
584
585
586
588
589
590
591
592
593
594
595
596
597
598
599
600
601
602
603
604
605
606
607
608
609
610
611
612
613
614
615
616
617
618
619
620
621
622
623
625
627
628
629
630
633
634
635
636
637
640
641
642
643
644
645
646
648
649
650
651
652
653
654
656
657
658
659
660
661
662
663
664
665
666
667
668
669
670
671
672
674
675
676
677
678
679
680
681
682
683
684
685
686
687
688
689
690
691
692
693
694
695
696
697
698
699
700
701
702
703
704
705
706
707
708
709
710
711
712
713
714
715
716
717
718
720
721
722
723
724
725
726
727
728
729
730
731
732
733
734
735
736
737
738
739
740
741
742
743
744
745
746
747
748
749
750
751
752
753
754
755
756
757
758
759
760
762
763
764
765
766
767
768
769
770
771
772
773
774
775
776
777
778
779
780
781
782
783
784
785
786
787
788
789
790
791
792
793
794
795
796
797
798
799
800
801
802
803
804
805
806
807
808
809
810
811
812
813
814
815
816
817
818
819
820
821
822
823
824
825
826
827
828
829
830
831
834
835
836
837
838
839
840
843
844
845
846
847
848
850
851
852
853
854
855
856
858
859
860
861
862
863
864
865
866
867
868
870
871
872
873
874
875
876
877
878
879
880
882
883
884
885
886
887
888
889
890
891
892
893
894
895
896
897
899
900
901
902
903
904
906
907
908
909
910
911
912
913
915
916
917
918
919
920
921
922
924
925
926
927
928
929
930
933
934
935
937
938
940
941
942
943
944
945
946
947
948
949
951
952
953
954
955
960
963
964
965
966
967
968
969
970
971
972
973
974
975
976
977
978
979
980
981
982
983
984
985
987
988
989
990
991
992
993
994
995
996
998
999
1000
1001
1002
1003
1004
1005
1006
1007
1008
1009
1010
1011
1012
1014
1015
1016
1017
1018
1019
1020
1021
1022
1023
1024
1025
1026
1027
1030
1032
1033
1034
1035
1036
1037
1038
1039
1041
1042
1044
1045
1046
1047
1048
1050
1051
1052
1053
1054
1057
1058
1059
1060
1061
1062
1063
1066
1067
1068
1070
1071
1072
1074
1075
1076
1077
1078
1079
1080
1081
1082
1083
1084
1085
1086
1087
1088
1089
1090
1091
1092
1093
1094
1095
1096
1097
1098
1099
1100
1101
1102
1103
1104
1105
1106
1107
1108
1109
1110
1111
1113
1114
1115
1116
1117
1118
1120
1123
1124
1125
1126
1127
1129
1130
1131
1133
1134
1135
1138
1139
1140
1143
1144
1147
1148
1149
1150
1151
1152
1155
1156
1158
1159
1160
1161
1162
1164
1167
1168
1169
1170
1171
1174
1175
1176
1177
1178
1179
1180
1183
1184
1185
1187
1188
1189
1192
1193
1194
1196
1197
1198
1201
1202
1203
1205
1206
1207
1209
1210
1211
1212
1215
1216
1219
1220
1221
1222
1224
1225
1227
1228
1229
1230
1231
1236
1237
1239
1240
1241
1242
1246
1248
1249
1250
1251
1252
1255
1258
1259
1260
1261
1263
1266
1269
1270
1271
1274
1275
1276
1278
1282
1283
1284
1285
1286
1287
1288
1290
1291
1293
1296
1297
1302
1305
1306
1307
1309
1313
1314
1315
1319
1320
1322
1323
1327
1328
1329
1330
1331
1332
1333
1336
1340
1341
1342
1343
1344
1347
1349
1350
1351
1352
1353
1377
1378
1379
1380
1385
1386
1387
1388
1389
1391
1392
1394
1395
1396
1397
1398
1399
1400
1401
1403
1404
1405
1406
1407
1408
1409
1412
1413
1414
1417
1418
1419
1422
1423
1426
1427
1428
1431
1432
1435
1449
1450
1451
1452
1453
1454
1455
1457
1458
1459
1460
1461
1466
1467
1468
1469
1470
1475
1476
1477
1478
1479
1484
1485
1486
1487
1488
1493
1500
1501
1502
1510
1511
1512
1519
1521
1523
1524
1528
1530
1531
1532
1533
1538
1539
1540
1541
1542
1546
1547
1548
1549
1550
1551
1556
1557
1558
1559
1560
1563
1565
1566
1567
1568
1569
1572
1573
1574
1581
1582
1583
1587
1588
1593
1594
1596
1599
1600
1602
1603
1606
1611
1612
1613
1614
1619
1620
1621
1622
1623
1628
1629
1630
1631
1632
1635
1636
1637
1638
1639
1640
1641
1642
1644
1646
1647
1648
1649
1650
1653
1654
1655
1656
1660
1662
1663
1664
1671
1672
1673
1674
1675
1680
1690
1692
1693
1694
1695
1696
1700
1701
1702
1703
1704
1707
1708
1709
1710
1711
1712
1713
1714
1716
1717
1718
1719
1720
1721
1722
1723
1724
1725
1727
1728
1729
1730
1731
1732
1733
1734
1735
1736
1737
1738
1741
1743
1744
1745
1746
1747
1750
1752
1753
1754
1755
1756
1758
1761
1762
1763
1764
1765
1768
1770
1771
1773
1774
1775
1776
1777
1779
1780
1781
1782
1783
1788
1791
1792
1796
1797
1798
1801
1804
1805
1806
1807
1810
1813
1814
1815
1816
1818
1819
1822
1824
1825
1826
1828
1830
1831
1833
1834
1835
1836
1837
1841
1842
1843
1844
1845
1846
1849
1850
1851
1852
1853
1854
1855
1858
1860
1861
1862
1863
1864
1867
1869
1872
1873
1875
1877
1878
1879
1880
1881
1882
1883
1884
1885
1886
1891
1894
1896
1898
1900
1901
1905
1906
1907
1908
1909
1910
1911
1914
1915
1916
1917
1918
1919
1920
1922
1923
1924
1925
1926
1927
1930
1931
1932
1933
1934
1935
1936
1938
1939
1942
1943
1944
1945
1947
1948
1950
1951
1953
1954
1956
1961
1962
1963
1964
1966
1968
1969
1970
1971
1972
1974
1975
1977
1978
1979
1980
1981
1984
1988
1989
1990
1992
1993
1995
1996
1997
1998
1999
2000
2001
2002
2003
2004
2005
2007
2008
2011
2012
2013
2017
2020
2022
2023
2025
2026
2028
2029
2031
2032
2034
2035
2036
2039
2040
2041
2042
2043
2044
2047
2048
2049
2050
2051
2052
2053
2059
2060
2061
2062
2065
2067
2069
2070
2073
2076
2078
2079
2084
2085
2086
2087
2088
2089
2092
2093
2103
2104
2106
2107
2108
2109
2110
2112
2113
2114
2115
2116
2117
2118
2120
2121
2123
2124
2125
2126
2127
2128
2130
2132
2133
2134
2135
2136
2139
2140
2141
2142
2144
2146
2148
2149
2159
2160
2161
2162
2163
2164
2166
2167
2168
2169
2170
2178
2179
2180
2181
2182
2184
2185
2186
2187
2188
2189
2190
2191
2193
2194
2195
2196
2197
2198
2199
2204
2205
2206
2207
2208
2209
2211
2212
2213
2214
2215
2216
2217
2218
2220
2221
2222
2223
2224
2229
2231
2233
2236
2238
2239
2241
2242
2244
2245
2246
2247
2248
2249
2250
2251
2252
2253
2257
2259
2260
2261
2262
2263
2265
2266
2267
2268
2269
2270
2271
2272
2274
2275
2276
2277
2278
2279
2280
2284
2285
2286
2287
2288
2289
2291
2292
2293
2294
2295
2296
2297
2298
2302
2303
2310
2312
2313
2318
2319
2321
2322
2323
2324
2327
2328
2330
2331
2335
2336
2337
2340
2341
2342
2343
2344
2346
2348
2349
2350
2351
2352
2355
2356
2357
2358
2359
2360
2361
2365
2366
2367
2368
2369
2370
2373
2375
2376
2377
2378
2379
2380
2381
2382
2383
2384
2385
2391
2392
2393
2395
2396
2400
2401
2402
2403
2404
2405
2406
2407
2409
2410
2412
2413
2419
2421
2422
2423
2424
2427
2428
2429
2430
2431
2432
2433
2434
2436
2437
2438
2439
2440
2441
2442
2447
2448
2449
2450
2451
2452
2454
2455
2456
2457
2458
2459
2460
2461
2463
2464
2465
2466
2467
2470
2472
2473
2474
2476
2479
2481
2482
2483
2484
2485
2487
2488
2489
2490
2491
2492
2493
2494
2497
2498
2499
2500
2502
2503
2504
2505
2508
2509
2510
2511
2512
2514
2515
2517
2518
2520
2521
2527
2530
2535
2536
2538
2539
2542
2544
2545
2547
2548
2553
2554
2555
2557
2558
2559
2562
2563
2564
2565
2566
2567
2568
2569
2570
2571
2572
2573
2574
2575
2576
2577
2578
2580
2581
2582
2583
2584
2586
2587
2589
2590
2591
2601
2604
2605
2607
2608
2610
2611
2612
2613
2616
2617
2618
2619
2620
2622
2625
2627
2628
2629
2630
2633
2634
2635
2636
2637
2638
2639
2643
2644
2645
2646
2647
2649
2650
2652
2653
2654
2655
2656
2661
2662
2663
2664
2665
2667
2669
2670
2671
2672
2673
2674
2676
2677
2679
2680
2682
2683
2695
2696
2697
2698
2700
2701
2703
2704
2705
2706
2707
2709
2710
2713
2715
2718
2719
2723
2724
2725
2726
2727
2728
2730
2731
2733
2734
2735
2736
2737
2740
2741
2742
2743
2744
2745
2746
2749
2751
2752
2753
2754
2755
2757
2758
2760
2761
2763
2764
2767
2768
2769
2771
2772
2773
2775
2778
2779
2780
2781
2782
2785
2788
2789
2790
2791
2792
2794
2796
2798
2799
2801
2802
2805
2807
2808
2809
2810
2811
2812
2813
2814
2815
2816
2817
2818
2820
2821
2823
2824
2827
2832
2833
2835
2836
2837
2838
2841
2842
2843
2844
2845
2846
2847
2848
2850
2851
2852
2853
2854
2855
2856
2859
2860
2861
2862
2863
2864
2865
2869
2870
2873
2874
2878
2879
2881
2882
2883
2886
2888
2889
2890
2891
2892
2893
2895
2896
2897
2898
2899
2907
2908
2909
2910
2913
2914
2915
2916
2917
2919
2920
2921
2922
2923
2925
2926
2928
2929
2930
2931
2939
2940
2941
2943
2944
2946
2947
2949
2950
2952
2953
2956
2957
2958
2961
2962
2965
2966
2967
2968
2970
2971
2973
2974
2976
2977
2979
2980
2985
2989
2993
2994
2995
2997
2998
3000
3001
3002
3003
3004
3006
3007
3010
3011
3012
3021
3022
3023
3024
3025
3026
3027
3029
3030
3031
3032
3033
3034
3037
3038
3039
3042
3043
3044
3046
3047
3048
3051
3052
3055
3057
3059
3060
3066
3070
3071
3074
3075
3078
3079
3084
3085
3087
3088
3090
3091
3093
3094
3097
3102
3103
3104
3105
3108
3112
3113
3116
3117
3121
3122
3124
3129
3130
3131
3132
3133
3135
3136
3138
3139
3140
3141
3142
3143
3149
3150
3151
3152
3156
3157
3159
3160
3163
3168
3169
3171
3172
3174
3175
3178
3183
3184
3185
3186
3189
3190
3192
3193
3194
3195
3197
3198
3199
3201
3202
3203
3205
3210
3211
3212
3213
3214
3219
3220
3221
3222
3223
3224
3225
3226
3228
3229
3230
3231
3232
3233
3237
3240
3241
3244
3245
3246
3249
3250
3253
3254
3255
3256
3258
3259
3261
3273
3274
3276
3277
3280
3281
3282
3285
3286
3289
3290
3291
3294
3295
3298
3313
3317
3318
3321
3322
3325
3326
3327
3330
3331
3334
3335
3336
3353
3354
3357
3358
3361
3362
3363
3366
3367
3370
3371
3372
3375
3376
3379
3390
3394
3398
3399
3402
3403
3406
3407
3408
3411
3412
3414
3415
3416
3417
3419
3420
3423
3424
3426
3428
3429
3433
3435
3436
3437
3438
3439
3441
3442
3444
3445
3446
3448
3449
3450
3455
3457
3458
3459
3466
3467
3468
3469
3471
3472
3473
3474
3475
3480
3483
3484
3489
3492
3493
3500
3501
3504
3507
3510
3511
3514
3516
3517
3518
3519
3526
3527
3530
3531
3535
3536
3537
3538
3539
3540
3541
3546
3549
3550
3552
3553
3555
3556
3561
3564
3565
3570
3573
3574
3577
3581
3582
3585
3586
3588
3598
3599
3603
3605
3606
3607
3608
3609
3610
3613
3614
3615
3616
3617
3618
3619
3622
3641
3642
3645
3646
3649
3650
3651
3654
3655
3658
3659
3660
3678
3681
3682
3685
3686
3687
3690
3691
3694
3695
3696
3699
3700
3703
3714
3715
3718
3722
3723
3726
3727
3730
3731
3732
3735
3736
3739
3740
3741
3750
3753
3754
3757
3761
3762
3763
3764
3765
3766
3767
3768
3770
3771
3772
3773
3774
3775
3776
3777
3780
3781
3784
3789
3792
3793
3795
3796
3798
3799
3800
3803
3804
3807
3808
3816
3817
3819
3820
3822
3823
3826
3831
3832
3833
3834
3837
3842
3845
3846
3850
3851
3853
3858
3859
3860
3861
3862
3865
3869
3870
3871
3872
3878
3879
3880
3881
3885
3888
3889
3898
3901
3903
3904
3907
3910
3912
3913
3914
3915
3916
3918
3921
3923
3926
3927
3933
3934
3937
3938
3941
3942
3946
3950
3951
3952
3959
3960
3961
3969
3970
3973
3974
3975
3978
3979
3982
3983
3984
3985
3988
3993
3994
4002
4003
4004
4005
4006
4009
4010
4011
4014
4015
4018
4019
4020
4023
4024
4027
4032
4035
4036
4038
4039
4042
4046
4047
4050
4051
4054
4055
4056
4059
4060
4063
4064
4065
4082
4086
4087
4090
4091
4092
4095
4096
4099
4100
4101
4104
4105
4106
4107
4108
4114
4115
4122
4127
4128
4131
4132
4134
4135
4136
4137
4138
4140
4141
4144
4145
4146
4148
4149
4152
4155
4156
4157
4158
4159
4161
4162
4164
4165
4167
4168
4171
4178
4179
4182
4183
4184
4185
4186
4187
4188
4189
4191
4192
4194
4195
4196
4203
4204
4209
4210
4212
4213
4215
4216
4218
4219
4221
4222
4229
4230
4233
4234
4236
4237
4240
4244
4245
4246
4247
4255
4256
4259
4260
4261
4262
4264
4265
4267
4268
4269
4284
4285
4290
4293
4294
4299
4302
4303
4327
4328
4334
4335
4336
4337
4338
4339
4342
4343
4344
4345
4346
4347
4348
4350
4351
4353
4354
4356
4357
4370
4371
4372
4374
4375
4377
4378
4379
4380
4381
4383
4384
4387
4388
4389
4390
4393
4395
4396
4398
4399
4401
4402
4404
4405
4407
4408
4410
4411
4414
4415
4416
4419
4420
4423
4424
4425
4426
4428
4429
4431
4432
4434
4435
4437
4438
4441
4443
4444
4449
4450
4451
4452
4453
4455
4456
4458
4459
4460
4461
4462
4464
4465
4468
4469
4470
4479
4480
4485
4489
4491
4492
4495
4496
4497
4498
4500
4501
4503
4504
4505
4506
4509
4510
4513
4515
4516
4518
4522
4532
4533
4551
4552
4557
4558
4563
4564
4569
4570
4572
4576
4578
4579
4589
4590
4591
4593
4594
4596
4597
4598
4599
4600
4607
4611
4612
4614
4615
4617
4618
4620
4621
4623
4624
4626
4627
4632
4633
4636
4641
4642
4644
4645
4647
4648
4650
4651
4653
4654
4668
4669
4670
4671
4672
4674
4675
4677
4678
4679
4680
4681
4688
4689
4690
4695
4696
4698
4699
4701
4702
4703
4704
4705
4707
4708
4711
4712
4713
4714
4717
4722
4723
4731
4732
4733
4734
4735
4738
4760
4761
4762
4769
4770
4771
4774
4776
4779
4780
4788
4789
4793
4794
4801
4833
4834
4836
4837
4838
4839
4840
4842
4843
4846
4847
4848
4852
4855
4857
4858
4860
4861
4863
4864
4866
4867
4869
4870
4873
4875
4876
4881
4882
4884
4885
4887
4888
4890
4891
4893
4894
4896
4897
4900
4905
4906
4911
4912
4914
4915
4917
4918
4919
4920
4921
4923
4924
4927
4928
4929
4930
4933
4935
4936
4938
4939
4941
4942
4944
4945
4947
4948
4950
4951
4964
4965
4966
4972
4973
4975
4976
4977
4978
4981
4983
4984
4985
4986
4987
4989
4990
4992
4993
4995
4996
5001
5002
5004
5008
5013
5014
5031
5032
5036
5037
5038
5043
5044
5049
5050
5055
5056
5058
5062
5064
5065
5076
5077
5079
5080
5082
5083
5085
5086
5097
5098
5100
5101
5103
5104
5106
5107
5109
5110
5112
5113
5116
5118
5119
5124
5125
5127
5128
5130
5131
5133
5134
5136
5137
5139
5140
5154
5155
5157
5158
5160
5161
5163
5164
5166
5167
5181
5182
5184
5185
5187
5188
5190
5191
5193
5194
5208
5209
5249
5250
5256
5257
5258
5259
5265
5266
5267
5268
5273
5274
5275
5276
5302
5305
5310
5311
5316
5319
5320
5321
5322
5323
5324
5325
5326
5328
5329
5330
5331
5337
5338
5339
5340
5343
5344
5346
5347
5348
5349
5354
5361
5368
5369
5370
5377
5378
5382
5383
5386
5390
5391
5392
5394
5397
5402
5403
5407
5409
5410
5411
5412
5413
5415
5416
5418
5419
5420
5421
5422
5427
5428
5433
5436
5437
5441
5442
5449
5450
5451
5458
5459
5461
5462
5463
5467
5469
5470
5471
5475
5476
5481
5482
5483
5484
5487
5488
5490
5491
5492
5493
5494
5495
5496
5499
5500
5503
5508
5509
5517
5518
5522
5523
5524
5529
5530
5534
5535
5536
5541
5542
5544
5548
5550
5551
5562
5567
5568
5575
5576
5577
5581
5583
5584
5589
5590
5595
5596
5598
5602
5604
5605
5610
5611
5626
5629
5643
5644
5649
5650
5652
5656
5658
5659
5664
5665
5670
5671
5676
5704
5706
5710
5832
5833
5834
5835
5840
5841
5842
5843
5844
5849
5850
5851
5852
5853
5858
5859
5860
5861
5862
5867
5897
5898
5899
5900
5901
5904
5905
5906
5907
5908
5912
5913
5914
5915
5916
5921
5922
5923
5924
5925
5927
5930
5931
5932
5933
5934
5939
5940
5941
5942
5943
5948
5955
5956
5958
5959
5961
5962
5964
5967
5968
5970
5972
5973
5974
5976
5977
5978
5979
5980
5981
5982
5985
5986
5987
5988
5989
5993
5994
5995
5996
5997
6002
6003
6004
6005
6006
6009
6010
6011
6012
6013
6014
6015
6016
6020
6021
6022
6023
6024
6025
6026
6027
6028
6029
6030
6031
6034
6036
6037
6039
6040
6045
6048
6050
6051
6053
6054
6058
6059
6060
6066
6067
6068
6069
6070
6074
6075
6076
6077
6078
6081
6082
6083
6084
6085
6086
6087
6088
6090
6091
6092
6093
6094
6095
6096
6097
6098
6099
6101
6102
6103
6104
6105
6106
6107
6110
6111
6112
6115
6119
6120
6121
6123
6126
6129
6130
6131
6132
6135
6136
6138
6139
6140
6141
6142
6144
6145
6147
6148
6149
6150
6151
6155
6156
6157
6162
6165
6166
6170
6171
6178
6179
6180
6187
6188
6190
6191
6192
6196
6197
6198
6199
6201
6202
6204
6205
6206
6207
6210
6211
6214
6216
6217
6219
6223
6224
6225
6229
6233
6234
6237
6238
6241
6242
6243
6246
6247
6250
6251
6252
6253
6273
6274
6277
6278
6279
6282
6283
6286
6287
6288
6291
6292
6295
6314
6315
6318
6319
6321
6322
6323
6324
6325
6327
6328
6331
6332
6333
6342
6343
6345
6346
6348
6349
6351
6352
6354
6355
6358
6369
6370
6372
6373
6375
6376
6378
6379
6381
6382
6396
6397
6399
6400
6402
6403
6405
6406
6408
6409
6423
6424
6480
6481
6482
6483
6488
6489
6490
6491
6492
6495
6497
6498
6499
6500
6501
6502
6503
6504
6506
6507
6508
6509
6510
6511
6512
6513
6514
6515
6516
6517
6520
6521
6522
6523
6525
6526
6529
6530
6531
6534
6535
6537
6538
6540
6541
6543
6544
6552
6553
6554
6555
6556
6557
6558
6559
6560
6561
6562
6563
6564
6565
6566
6567
6568
6569
6570
6571
6572
6573
6574
6575
6576
6577
6578
6579
6580
6581
6582
6583
6584
6585
6586
6587
6588
6589
6590
6591
6592
6594
6595
6596
6597
6598
6601
6602
6603
6606
6607
6610
6611
6612
6613
6615
6616
6618
6619
6620
6621
6622
6624
6625
6626
6627
6628
6629
6630
6631
6633
6634
6635
6636
6637
6638
6639
6640
6641
6642
6643
6644
6645
6646
6647
6648
6649
6650
6651
6652
6653
6654
6655
6656
6657
6659
6660
6661
6662
6663
6666
6667
6668
6669
6670
6671
6672
6675
6676
6677
6678
6679
6682
6683
6684
6685
6686
6687
6688
6690
6691
6692
6693
6696
6697
6699
6700
6701
6702
6703
6705
6706
6707
6708
6709
6710
6711
6714
6715
6716
6717
6718
6719
6720
6722
6723
6724
6725
6726
6731
6732
6733
6734
6735
6738
6739
6740
6741
6742
6743
6744
6745
6747
6749
6750
6751
6752
6753
6754
6755
6756
6757
6758
6759
6760
6763
6765
6766
6767
6768
6769
6774
6775
6776
6777
6778
6779
6780
6781
6782
6783
6784
6786
6787
6788
6789
6795
6796
6797
6798
6799
6801
6802
6803
6804
6805
6806
6807
6808
6810
6811
6812
6813
6814
6815
6816
6819
6821
6822
6823
6824
6825
6826
6828
6829
6830
6831
6832
6833
6834
6835
6837
6838
6839
6840
6841
6846
6847
6848
6852
6855
6856
6857
6858
6859
6861
6862
6864
6865
6866
6867
6868
6874
6876
6877
6878
6879
6882
6883
6884
6885
6886
6888
6889
6890
6891
6892
6894
6895
6898
6899
6900
6909
6910
6918
6919
6921
6922
6925
6926
6927
6930
6931
6934
6935
6936
6939
6940
6943
6962
6963
6966
6967
6970
6971
6972
6975
6976
6979
6980
6981
7002
7003
7006
7007
7008
7011
7012
7015
7016
7017
7020
7021
7023
7024
7026
7027
7029
7030
7043
7044
7045
7047
7048
7050
7051
7052
7053
7054
7056
7057
7060
7061
7062
7063
7068
7069
7071
7072
7074
7075
7077
7078
7080
7081
7083
7084
7087
7092
7093
7098
7099
7101
7102
7104
7105
7106
7107
7108
7110
7111
7114
7115
7116
7120
7125
7126
7128
7129
7131
7132
7134
7135
7137
7138
7145
7146
7147
7151
7152
7153
7154
7155
7159
7160
7163
7164
7165
7168
7172
7173
7174
7176
7179
7182
7209
7210
7211
7212
7217
7218
7219
7220
7221
7223
7224
7226
7227
7228
7229
7230
7231
7232
7233
7235
7236
7237
7238
7239
7240
7241
7244
7245
7246
7249
7250
7251
7254
7255
7258
7259
7260
7263
7264
7266
7267
7269
7270
7272
7273
7281
7282
7283
7284
7285
7286
7287
7288
7289
7290
7291
7292
7293
7294
7295
7296
7297
7298
7299
7300
7301
7302
7303
7304
7305
7307
7308
7309
7310
7311
7312
7313
7314
7315
7316
7317
7318
7319
7320
7321
7323
7324
7325
7326
7327
7330
7331
7332
7335
7336
7339
7340
7341
7342
7344
7345
7347
7348
7349
7350
7351
7353
7354
7355
7356
7357
7358
7359
7362
7363
7364
7365
7366
7367
7368
7369
7370
7371
7372
7373
7374
7375
7376
7377
7378
7379
7380
7381
7382
7383
7384
7385
7386
7388
7389
7390
7391
7392
7395
7396
7397
7398
7399
7400
7401
7404
7405
7406
7407
7408
7411
7412
7413
7414
7415
7416
7417
7420
7421
7422
7425
7426
7428
7429
7435
7436
7437
7443
7444
7445
7446
7448
7449
7451
7452
7453
7454
7455
7460
7461
7462
7463
7464
7469
7470
7471
7472
7473
7476
7478
7479
7480
7481
7482
7485
7486
7487
7494
7495
7496
7503
7504
7505
7506
7507
7508
7509
7510
7512
7513
7515
7516
7524
7525
7526
7527
7530
7531
7532
7533
7534
7535
7536
7541
7542
7543
7544
7545
7550
7551
7552
7553
7554
7557
7559
7560
7561
7562
7563
7566
7567
7568
7575
7576
7577
7584
7585
7586
7587
7588
7593
7594
7595
7596
7597
7603
7605
7606
7607
7608
7613
7614
7615
7618
7619
7620
7623
7624
7627
7628
7629
7647
7648
7650
7651
7654
7655
7656
7657
7658
7659
7660
7663
7664
7665
7666
7667
7668
7669
7672
7674
7675
7676
7677
7678
7684
7685
7686
7687
7690
7691
7692
7694
7695
7696
7699
7700
7701
7704
7705
7708
7709
7710
7717
7731
7732
7735
7736
7737
7738
7739
7740
7741
7744
7745
7746
7749
7750
7753
7772
7773
7776
7777
7780
7781
7782
7785
7786
7789
7790
7791
7802
7803
7811
7812
7813
7816
7820
7824
7832
7866
7867
7868
7874
7875
7876
7883
7884
7892
7901
7905
7938
7939
7940
7941
7946
7947
7948
7949
7950
7955
7956
7957
7958
7959
7964
7965
7966
7967
7968
7973
7979
7980
7983
7984
7987
7988
7989
7992
7993
7996
8010
8011
8012
8013
8015
8016
8018
8019
8020
8021
8022
8027
8028
8029
8030
8031
8036
8037
8038
8039
8040
8045
8046
8047
8048
8049
8054
8084
8085
8091
8092
8093
8094
8099
8100
8101
8102
8103
8108
8109
8110
8111
8112
8117
8118
8119
8120
8121
8124
8126
8127
8128
8129
8130
8133
8134
8135
8142
8143
8144
8157
8164
8172
8173
8174
8175
8180
8181
8182
8183
8184
8189
8190
8191
8192
8193
8198
8199
8200
8201
8202
8205
8207
8208
8209
8210
8211
8214
8215
8216
8223
8224
8225
8232
8233
8234
8235
8236
8241
8253
8254
8255
8256
8261
8262
8263
8264
8265
8270
8271
8272
8273
8274
8279
8280
8281
8282
8283
8286
8288
8289
8290
8291
8292
8295
8296
8297
8304
8305
8306
8313
8314
8315
8316
8317
8322
8323
8324
8325
8326
8332
8334
8335
8336
8337
8342
8376
8377
8385
8386
8387
8394
8395
8396
8397
8398
8403
8404
8405
8406
8407
8413
8414
8415
8416
8423
8459
8466
8467
8468
8472
8475
8476
8477
8478
8479
8480
8481
8484
8485
8486
8487
8488
8494
8495
8496
8497
8504
8505
8506
8508
8509
8511
8512
8514
8515
8522
8523
8524
8529
8530
8532
8533
8535
8536
8538
8539
8541
8542
8556
8557
8558
8559
8560
8562
8563
8565
8566
8568
8569
8583
8584
8586
8587
8589
8590
8592
8593
8595
8596
8610
8611
8667
8668
8669
8670
8675
8676
8677
8678
8679
8684
8685
8686
8687
8688
8693
8694
8695
8696
8697
8702
8721
8722
8724
8725
8727
8728
8730
8731
8739
8740
8741
8742
8745
8746
8747
8748
8749
8750
8751
8756
8757
8758
8759
8760
8765
8766
8767
8768
8769
8774
8775
8776
8777
8778
8783
8820
8821
8822
8823
8828
8829
8830
8831
8832
8837
8838
8839
8840
8841
8846
8847
8848
8849
8850
8855
8856
8857
8858
8859
8864
8901
8902
8903
8904
8909
8910
8911
8912
8913
8918
8919
8920
8921
8922
8927
8928
8929
8930
8931
8934
8936
8937
8938
8939
8940
8943
8944
8945
8952
8953
8954
8961
8962
8963
8964
8965
8970
8982
8983
8984
8985
8990
8991
8992
8993
8994
8999
9000
9001
9002
9003
9008
9009
9010
9011
9012
9015
9017
9018
9019
9020
9021
9024
9025
9026
9033
9034
9035
9042
9043
9044
9045
9046
9051
9052
9053
9054
9055
9061
9063
9064
9065
9066
9071
9105
9106
9114
9115
9116
9123
9124
9125
9126
9127
9132
9133
9134
9135
9136
9142
9143
9144
9145
9152
9195
9196
9197
9204
9205
9206
9207
9208
9213
9214
9215
9216
9217
9223
9224
9225
9226
9233
9234
9235
9243
9244
9285
9286
9287
9288
9289
9294
9295
9296
9297
9298
9304
9305
9306
9307
9314
9315
9316
9324
9325
9376
9377
9378
9379
9385
9396
9397
9398
9399
9404
9405
9406
9407
9408
9413
9414
9415
9416
9417
9422
9423
9424
9425
9426
9431
9468
9469
9470
9471
9476
9477
9478
9481
9482
9483
9486
9487
9490
9491
9492
9513
9514
9517
9518
9519
9522
9523
9526
9527
9528
9531
9532
9535
9554
9555
9558
9559
9562
9563
9564
9567
9568
9571
9572
9573
9594
9595
9598
9599
9600
9603
9604
9607
9608
9609
9612
9613
9616
9635
9636
9753
9754
9762
9763
9764
9771
9772
9773
9774
9775
9780
9781
9782
9783
9784
9790
9801
9802
9805
9806
9807
9810
9811
9814
9815
9816
9834
9835
9837
9838
9841
9842
9843
9844
9845
9846
9847
9850
9851
9852
9853
9854
9855
9856
9859
9861
9862
9863
9864
9865
9871
9872
9873
9874
9878
9879
9881
9882
9883
9886
9887
9888
9891
9892
9895
9896
9897
9918
9919
9922
9923
9924
9925
9926
9927
9928
9931
9932
9933
9934
9935
9936
9937
9940
9942
9943
9944
9945
9946
9952
9953
9954
9955
9959
9960
9962
9963
9964
9967
9968
9969
9972
9973
9976
9977
9978
9999
10000
10003
10014
10015
10016
10017
10018
10023
10024
10025
10026
10027
10033
10034
10035
10036
10043
10044
10045
10053
10054
10105
10106
10107
10108
10114
10115
10116
10117
10124
10125
10126
10134
10135
10149
10166
10167
10170
10171
10174
10175
10176
10179
10180
10183
10196
10197
10198
10202
10203
10205
10206
10207
10210
10211
10212
10215
10216
10219
10220
10221
10242
10243
10246
10247
10248
10251
10252
10255
10256
10257
10260
10261
10264
10283
10284
10287
10288
10291
10292
10293
10296
10297
10300
10301
10302
10323
10324
10327
10328
10329
10332
10333
10336
10337
10338
10341
10342
10345
10364
10365
10530
10531
10534
10535
10536
10539
10540
10543
10544
10545
10566
10567
10570
10571
10572
10573
10574
10575
10576
10579
10580
10581
10582
10583
10584
10585
10588
10590
10591
10592
10593
10594
10600
10601
10602
10603
10607
10608
10610
10611
10612
10615
10616
10617
10620
10621
10624
10625
10626
10647
10648
10651
10652
10653
10654
10655
10656
10657
10660
10661
10662
10665
10666
10669
10688
10689
10692
10693
10696
10697
10698
10701
10702
10705
10706
10707
10728
10729
10732
10895
10896
10899
10900
10903
10904
10905
10908
10909
10912
10931
10932
10935
10936
10939
10940
10941
10944
10945
10948
10949
10950
10971
10972
10975
10976
10977
10980
10981
10984
10985
10986
10989
10990
10993
11012
11013
11016
11017
11020
11021
11022
11025
11026
11029
11030
11031
11052
11053
11056
11057
11058
11061
11062
11065
11066
11067
11070
11071
11074
11093
11094
11259
11260
11263
11264
11265
11268
11269
11272
11273
11274
11295
11296
11299
12393
12394
12395
12396
12401
12402
12403
12404
12405
12410
12411
12412
12413
12414
12419
12420
12421
12422
12423
12428
12465
12466
12467
12468
12473
12474
12475
12476
12477
12482
12483
12484
12485
12486
12491
12492
12493
12494
12495
12500
12501
12502
12503
12504
12509
12546
12547
12548
12549
12554
12555
12556
12557
12558
12563
12564
12565
12566
12567
12572
12573
12574
12575
12576
12581
12582
12583
12584
12585
12590
12627
12628
12629
12630
12635
12636
12637
12638
12639
12644
12645
12646
12647
12648
12653
12654
12655
12656
12657
12662
12663
12664
12665
12666
12671
12708
12709
12710
12711
12716
12758
12759
12762
12763
12766
12767
12768
12771
12772
12775
12794
12795
12798
12799
12802
12803
12804
12807
12808
12811
12812
12813
12834
12835
12838
12839
12840
12843
12844
12847
12848
12849
12852
12853
12856
12875
12876
12879
12880
12883
12884
12885
12888
12889
12892
12893
12894
12915
12916
12919
13041
13042
13043
13044
13049
13050
13051
13052
13053
13058
13059
13060
13061
13062
13067
13068
13069
13070
13071
13076
13082
13083
13086
13087
13090
13091
13092
13095
13096
13099
13113
13114
13115
13116
13118
13119
13121
13122
13123
13124
13125
13130
13131
13132
13133
13134
13139
13140
13141
13142
13143
13148
13149
13150
13151
13152
13157
13194
13195
13196
13197
13202
13203
13204
13205
13206
13211
13212
13213
13214
13215
13220
13221
13222
13223
13224
13229
13230
13231
13232
13233
13238
13275
13276
13277
13278
13283
13284
13285
13286
13287
13292
13293
13294
13295
13296
13301
13302
13303
13304
13305
13310
13311
13312
13313
13314
13319
13356
13357
13358
13359
13364
13365
13366
13367
13368
13373
13374
13375
13376
13377
13382
13383
13384
13385
13386
13391
13392
13393
13394
13395
13400
13437
13438
13439
13440
13445
13770
13771
13772
13773
13778
13779
13780
13781
13782
13787
13788
13789
13790
13791
13796
13797
13798
13799
13800
13805
13842
13843
13844
13845
13850
13851
13852
13853
13854
13859
13860
13861
13862
13863
13868
13869
13870
13871
13872
13877
13878
13879
13880
13881
13886
13923
13924
13925
13926
13931
13932
13933
13934
13935
13940
13941
13942
13943
13944
13949
13950
13951
13952
13953
13958
13959
13960
13961
13962
13967
14004
14005
14006
14007
14012
14013
14014
14015
14016
14021
14022
14023
14024
14025
14030
14031
14032
14033
14034
14039
14040
14041
14042
14043
14048
14085
14086
14087
14088
14093
14094
14095
14096
14097
14102
14103
14104
14105
14106
14111
14112
14113
14114
14115
14120
14121
14122
14123
14124
14129
14166
14167
14168
14169
14174
14499
14500
14501
14502
14507
14508
14509
14510
14511
14516
14517
14518
14519
14520
14525
14526
14527
14528
14529
14534
14571
14572
14573
14574
14579
14580
14581
14582
14583
14588
14589
14590
14591
14592
14597
14598
14599
14600
14601
14606
14607
14608
14609
14610
14615
14652
14653
14654
14655
14660
14661
14662
14663
14664
14669
14670
14671
14672
14673
14678
14679
14680
14681
14682
14687
14688
14689
14690
14691
14696
14733
14734
14735
14736
14741
14742
14743
14744
14745
14750
14751
14752
14753
14754
14759
14760
14761
14762
14763
14768
14769
14770
14771
14772
14777
14814
14815
14816
14817
14822
14823
14824
14825
14826
14831
14832
14833
14834
14835
14840
14841
14842
14843
14844
14849
14850
14851
14852
14853
14858
14895
14896
14897
14898
14903
15228
15229
15230
15231
15236
15237
15238
15239
15240
15245
15246
15247
15248
15249
15254
15255
15256
15257
15258
15263
15300
15301
15302
15303
15308
15309
15310
15311
15312
15317
15318
15319
15320
15321
15326
15327
15328
15329
15330
15335
15336
15337
15338
15339
15344
15381
15382
15383
15384
15389
15390
15391
15392
15393
15398
15399
15400
15401
15402
15407
15408
15409
15410
15411
15416
15417
15418
15419
15420
15425
15462
15463
15464
15465
15470
15471
15472
15473
15474
15479
15480
15481
15482
15483
15488
15489
15490
15491
15492
15497
15498
15499
15500
15501
15506
15543
15544
15545
15546
15551
15552
15553
15554
15555
15560
15561
15562
15563
15564
15569
15570
15571
15572
15573
15578
15579
15580
15581
15582
15587
15624
15625
15626
15627
15632
15957
15958
15959
15960
15965
15966
15967
15968
15969
15974
15975
15976
15977
15978
15983
15984
15985
15986
15987
15992
16029
16030
16031
16032
16037
17496
17497
17499
17500
17502
17503
17505
17506
17520
17521
17523
17524
17526
17527
17529
17530
17532
17533
17547
17548
17550
17551
17553
17554
17556
17557
17559
17560
17574
17575
17577
17578
17580
17581
17583
17584
17586
17587
17601
17602
17712
17713
17715
17716
17718
17719
17721
17722
17736
17737
17739
17740
17742
17743
17745
17746
17748
17749
17763
17764
17766
17767
17769
17770
17772
17773
17775
17776
17790
17791
17793
17794
17796
17797
17799
17800
17802
17803
17817
17818
17820
17821
17823
17824
17826
17827
17829
17830
17844
17845
17955
17956
17958
17959
17961
17962
17964
17965
17979
17980
17982
17983
17985
17986
17988
17989
17991
17992
18006
18007
18009
18010
18012
18013
18015
18016
18018
18019
18033
18034
18036
18037
18039
18040
18042
18043
18045
18046
18060
18061
18063
18064
18066
18067
18069
18070
18072
18073
18087
18088
18198
18199
18201
18202
18204
18205
18207
18208
18222
18223
18225
18226
18228
18229
18231
18232
18234
18235
18249
18250
18252
18253
18255
18256
18258
18259
18261
18262
18276
18277
18279
18280
18282
18283
18285
18286
18288
18289
18303
18304
18306
18307
18309
18310
18312
18313
18315
18316
18330
18331
18441
18442
18444
18445
18447
18448
18450
18451
18465
18466
18954
18955
18956
18957
18962
18963
18964
18965
18966
18971
18972
18973
18974
18975
18980
18981
18982
18983
18984
18989
19026
19027
19028
19029
19034
19035
19036
19037
19038
19043
19044
19045
19046
19047
19052
19053
19054
19055
19056
19061
19062
19063
19064
19065
19070
19107
19108
19109
19110
19115
19116
19117
19118
19119
19124
19125
19126
19127
19128
19133
19134
19135
19136
19137
19142
19143
19144
19145
19146
19151
19188
19189
19190
19191
19196
19197
19198
19199
19200
19205
19206
19207
19208
19209
19214
19215
19216
19217
19218
19223
19224
19225
19226
19227
19232
19269
19270
19271
19272
19277
19440
19441
19443
19444
19446
19447
19449
19450
19464
19465
19467
19468
19470
19471
19473
19474
19476
19477
19491
19492
19494
19495
19497
19498
19500
19501
19503
19504
19518
19519
19521
19522
19524
19525
19527
19528
19530
19531
19545
19546
19602
19603
19604
19605
19610
19611
19612
19613
19614
19619
19620
19621
19622
19623
19628
19629
19630
19631
19632
19637
19656
19657
19659
19660
19662
19663
19665
19666
19674
19675
19676
19677
19680
19681
19682
19683
19684
19685
19686
19687
19689
19690
19691
19692
19693
19694
19695
19700
19701
19702
19703
19704
19707
19708
19709
19710
19711
19712
19713
19714
19716
19717
19718
19719
19720
19734
19735
19737
19738
19740
19741
19743
19744
19746
19747
19755
19756
19757
19758
19761
19762
19763
19764
19765
19766
19767
19768
19770
19771
19772
19773
19774
19775
19776
19781
19782
19783
19784
19785
19788
19789
19790
19791
19792
19793
19794
19799
19836
19837
19838
19839
19844
19845
19846
19847
19848
19853
19854
19855
19856
19857
19862
19863
19864
19865
19866
19871
19872
19873
19874
19875
19880
19899
19900
19902
19903
19905
19906
19908
19909
19917
19918
19919
19920
19923
19924
19925
19926
19927
19928
19929
19930
19932
19933
19934
19935
19936
19937
19938
19943
19944
19945
19946
19947
19950
19951
19952
19953
19954
19955
19956
19957
19959
19960
19961
19962
19963
19977
19978
19980
19981
19983
19984
19986
19987
19989
19990
19998
19999
20000
20001
20004
20005
20006
20007
20008
20010
20011
20013
20014
20016
20017
20031
20032
20142
20143
20145
20146
20148
20149
20151
20152
20166
20167
20169
20170
20172
20173
20175
20176
20178
20179
20193
20194
20196
20197
20199
20200
20202
20203
20205
20206
20220
20221
20223
20224
20226
20227
20229
20230
20232
20233
20247
20248
20250
20251
20253
20254
20256
20257
20259
20260
20274
20275
20331
20332
20333
20334
20339
20340
20341
20342
20343
20348
20349
20350
20351
20352
20357
20358
20359
20360
20361
20366
20385
20386
20388
20389
20391
20392
20394
20395
20403
20404
20405
20406
20409
20410
20411
20412
20413
20414
20415
20416
20418
20419
20420
20421
20422
20423
20424
20429
20430
20431
20432
20433
20436
20437
20438
20439
20440
20441
20442
20443
20445
20446
20447
20448
20449
20463
20464
20466
20467
20469
20470
20472
20473
20475
20476
20484
20485
20486
20487
20490
20491
20492
20493
20494
20495
20496
20497
20499
20500
20501
20502
20503
20504
20505
20510
20511
20512
20513
20514
20517
20518
20519
20520
20521
20522
20523
20528
20565
20566
20567
20568
20573
20574
20575
20576
20577
20582
20583
20584
20585
20586
20591
20592
20593
20594
20595
20600
20601
20602
20603
20604
20609
20628
20629
20631
20632
20634
20635
20637
20638
20646
20647
20648
20649
20652
20653
20654
20655
20656
20657
20658
20663
20664
20665
20666
20667
20672
20673
20674
20675
20676
20681
20682
20683
20684
20685
20690
20727
20728
20729
20730
20735
21060
21061
21062
21063
21068
21069
21070
21071
21072
21077
21078
21079
21080
21081
21086
21087
21088
21089
21090
21095
21132
21133
21134
21135
21140
21141
21142
21143
21144
21149
21150
21151
21152
21153
21158
21159
21160
21161
21162
21167
21168
21169
21170
21171
21176
21213
21214
21215
21216
21221
21222
21223
21224
21225
21230
21231
21232
21233
21234
21239
21240
21241
21242
21243
21248
21249
21250
21251
21252
21257
21294
21295
21296
21297
21302
21303
21304
21305
21306
21311
21312
21313
21314
21315
21320
21321
21322
21323
21324
21329
21330
21331
21332
21333
21338
21375
21376
21377
21378
21383
21384
21385
21386
21387
21392
21393
21394
21395
21396
21401
21402
21403
21404
21405
21410
21411
21412
21413
21414
21419
21456
21457
21458
21459
21464
21627
21628
21630
21631
21633
21634
21636
21637
21651
21652
21654
21655
21657
21658
21660
21661
21663
21664
21678
21679
21681
21682
21684
21685
21687
21688
21690
21691
21705
21706
21708
21709
21711
21712
21714
21715
21717
21718
21732
21733
21789
21790
21791
21792
21797
21798
21799
21800
21801
21806
21807
21808
21809
21810
21815
21816
21817
21818
21819
21824
21843
21844
21846
21847
21849
21850
21852
21853
21861
21862
21863
21864
21867
21868
21869
21870
21871
21872
21873
21874
21876
21877
21878
21879
21880
21881
21882
21887
21888
21889
21890
21891
21894
21895
21896
21897
21898
21899
21900
21901
21903
21904
21905
21906
21907
21921
21922
21924
21925
21927
21928
21930
21931
21933
21934
21942
21943
21944
21945
21948
21949
21950
21951
21952
21953
21954
21955
21957
21958
21959
21960
21961
21962
21963
21968
21969
21970
21971
21972
21975
21976
21977
21978
21979
21980
21981
21986
22023
22024
22025
22026
22031
22032
22033
22034
22035
22040
22041
22042
22043
22044
22049
22050
22051
22052
22053
22058
22059
22060
22061
22062
22067
22086
22087
22089
22090
22092
22093
22095
22096
22104
22105
22106
22107
22110
22111
22112
22113
22114
22115
22116
22117
22119
22120
22121
22122
22123
22124
22125
22130
22131
22132
22133
22134
22137
22138
22139
22140
22141
22142
22143
22144
22146
22147
22148
22149
22150
22164
22165
22167
22168
22170
22171
22173
22174
22176
22177
22185
22186
22187
22188
22191
22192
22193
22194
22195
22197
22198
22200
22201
22203
22204
22218
22219
22329
22330
22332
22333
22335
22336
22338
22339
22353
22354
22356
22357
22359
22360
22362
22363
22365
22366
22380
22381
22383
22384
22386
22387
22389
22390
22392
22393
22407
22408
22410
22411
22413
22414
22416
22417
22419
22420
22434
22435
22437
22438
22440
22441
22443
22444
22446
22447
22461
22462
22518
22519
22520
22521
22526
22527
22528
22529
22530
22535
22536
22537
22538
22539
22544
22545
22546
22547
22548
22553
22572
22573
22575
22576
22578
22579
22581
22582
22590
22591
22592
22593
22596
22597
22598
22599
22600
22602
22603
22605
22606
22608
22609
22623
22624
22626
22627
22629
22630
22632
22633
22635
22636
22650
22651
22653
22654
22656
22657
22659
22660
22662
22663
22677
22678
22680
22681
22683
22684
22686
22687
22689
22690
22704
22705
22815
22816
22818
22819
22821
22822
22824
22825
22839
22840
23814
23815
23817
23818
23820
23821
23823
23824
23838
23839
23841
23842
23844
23845
23847
23848
23850
23851
23865
23866
23868
23869
23871
23872
23874
23875
23877
23878
23892
23893
23895
23896
23898
23899
23901
23902
23904
23905
23919
23920
24030
24031
24033
24034
24036
24037
24039
24040
24054
24055
24057
24058
24060
24061
24063
24064
24066
24067
24081
24082
24084
24085
24087
24088
24090
24091
24093
24094
24108
24109
24111
24112
24114
24115
24117
24118
24120
24121
24135
24136
24138
24139
24141
24142
24144
24145
24147
24148
24162
24163
24273
24274
24276
24277
24279
24280
24282
24283
24297
24298
24300
24301
24303
24304
24306
24307
24309
24310
24324
24325
24327
24328
24330
24331
24333
24334
24336
24337
24351
24352
24354
24355
24357
24358
24360
24361
24363
24364
24378
24379
24381
24382
24384
24385
24387
24388
24390
24391
24405
24406
24516
24517
24519
24520
24522
24523
24525
24526
24540
24541
24543
24544
24546
24547
24549
24550
24552
24553
24567
24568
24570
24571
24573
24574
24576
24577
24579
24580
24594
24595
24597
24598
24600
24601
24603
24604
24606
24607
24621
24622
24624
24625
24627
24628
24630
24631
24633
24634
24648
24649
24759
24760
24762
24763
24765
24766
24768
24769
24783
24784
24786
24787
24789
24790
24792
24793
24795
24796
24810
24811
24813
24814
24816
24817
24819
24820
24822
24823
24837
24838
24840
24841
24843
24844
24846
24847
24849
24850
24864
24865
24867
24868
24870
24871
24873
24874
24876
24877
24891
24892
25002
25003
25005
25006
25008
25009
25011
25012
25026
25027
25515
25516
25517
25518
25523
25524
25525
25526
25527
25532
25533
25534
25535
25536
25541
25542
25543
25544
25545
25550
25587
25588
25589
25590
25595
25596
25597
25598
25599
25604
25605
25606
25607
25608
25613
25614
25615
25616
25617
25622
25623
25624
25625
25626
25631
25668
25669
25670
25671
25676
25677
25678
25679
25680
25685
25686
25687
25688
25689
25694
25695
25696
25697
25698
25703
25704
25705
25706
25707
25712
25749
25750
25751
25752
25757
25758
25759
25760
25761
25766
25767
25768
25769
25770
25775
25776
25777
25778
25779
25784
25785
25786
25787
25788
25793
25830
25831
25832
25833
25838
26001
26002
26004
26005
26007
26008
26010
26011
26025
26026
26028
26029
26031
26032
26034
26035
26037
26038
26052
26053
26055
26056
26058
26059
26061
26062
26064
26065
26079
26080
26082
26083
26085
26086
26088
26089
26091
26092
26106
26107
26163
26164
26165
26166
26171
26172
26173
26174
26175
26180
26181
26182
26183
26184
26189
26190
26191
26192
26193
26198
26217
26218
26220
26221
26223
26224
26226
26227
26235
26236
26237
26238
26241
26242
26243
26244
26245
26247
26248
26249
26250
26251
26253
26254
26257
26258
26259
26268
26269
26271
26272
26274
26275
26277
26278
26280
26281
26284
26285
26286
26289
26290
26293
26294
26295
26296
26298
26299
26301
26302
26304
26305
26307
26308
26321
26322
26323
26325
26326
26328
26329
26330
26331
26332
26334
26335
26338
26339
26340
26349
26350
26361
26362
26365
26366
26367
26370
26371
26374
26375
26376
26379
26380
26383
26402
26403
26460
26461
26463
26464
26466
26467
26469
26470
26484
26485
26487
26488
26490
26491
26493
26494
26496
26497
26511
26512
26514
26515
26517
26518
26520
26521
26523
26524
26538
26539
26541
26542
26544
26545
26547
26548
26550
26551
26565
26566
26568
26569
26571
26572
26573
26574
26575
26577
26578
26581
26582
26583
26592
26593
26604
26605
26608
26609
26610
26613
26614
26617
26618
26619
26622
26623
26626
26645
26646
26649
26650
26653
26654
26655
26658
26659
26662
26663
26664
26685
26686
26689
26690
26691
26694
26695
26698
26699
26700
26703
26704
26706
26707
26709
26710
26712
26713
26726
26727
26728
26730
26731
26733
26734
26735
26736
26737
26739
26740
26743
26744
26745
26754
26755
26757
26758
26760
26761
26763
26764
26766
26767
26770
26781
26782
26784
26785
26787
26788
26790
26791
26793
26794
26808
26809
26811
26812
26814
26815
26817
26818
26820
26821
26835
26836
26933
26934
26937
26938
26941
26942
26943
26946
26947
26949
26950
26952
26953
26955
26956
26969
26970
26971
26973
26974
26976
26977
26978
26979
26980
26982
26983
26986
26987
26988
26997
26998
27000
27001
27003
27004
27006
27007
27009
27010
27013
27014
27015
27018
27019
27022
27023
27024
27025
27027
27028
27030
27031
27033
27034
27036
27037
27050
27051
27052
27054
27055
27057
27058
27059
27060
27061
27063
27064
27067
27068
27069
27078
27079
27090
27091
27094
27095
27096
27099
27100
27103
27104
27105
27108
27109
27112
27131
27132
27189
27190
27192
27193
27195
27196
27198
27199
27213
27214
27297
27298
27301
27302
27303
27306
27307
27310
27311
27312
27333
27334
27337
27338
27339
27342
27343
27346
27347
27348
27351
27352
27355
27374
27375
27378
27379
27382
27383
27384
27387
27388
27391
27392
27393
27414
27415
27418
27419
27420
27423
27424
27427
27428
27429
27432
27433
27436
27455
27456
27459
27460
27463
27464
27465
27468
27469
27472
27473
27474
27495
27496
27499
27662
27663
27666
27667
27670
27671
27672
27675
27676
27679
27698
27699
28188
28189
28191
28192
28194
28195
28197
28198
28212
28213
28215
28216
28218
28219
28221
28222
28224
28225
28239
28240
28242
28243
28245
28246
28248
28249
28251
28252
28266
28267
28269
28270
28272
28273
28275
28276
28278
28279
28293
28294
28404
28405
28407
28408
28410
28411
28413
28414
28428
28429
29160
29161
29164
29165
29166
29169
29170
29173
29174
29175
29196
29197
29200
29201
29202
29205
29206
29209
29210
29211
29214
29215
29218
29237
29238
29241
29242
29245
29246
29247
29250
29251
29254
29255
29256
29277
29278
29281
29282
29283
29286
29287
29290
29291
29292
29295
29296
29299
29318
29319
29484
29485
29488
29489
29490
29493
29494
29497
29498
29499
29520
29521
29524
29525
29526
29529
29530
29533
29534
29535
29538
29539
29542
29561
29562
29565
29566
29569
29570
29571
29574
29575
29578
29579
29580
29601
29602
29605
29606
29607
29610
29611
29614
29615
29616
29619
29620
29623
29642
29643
29646
29647
29650
29651
29652
29655
29656
29659
29660
29661
29682
29683
29686
29849
29850
29853
29854
29857
29858
29859
29862
29863
29866
29885
29886
29889
29890
29893
29894
29895
29898
29899
29902
29903
29904
29925
29926
29929
29930
29931
29934
29935
29938
29939
29940
29943
29944
29947
29966
29967
29970
29971
29974
29975
29976
29979
29980
29983
29984
29985
30006
30007
30010
30011
30012
30015
30016
30019
30020
30021
30024
30025
30028
30047
30048
30213
30214
30217
30218
30219
30222
30223
30226
30227
30228
30249
30250
30253
30254
30255
30258
30259
30262
30263
30264
30267
30268
30271
30290
30291
30294
30295
30298
30299
30300
30303
30304
30307
30308
30309
30330
30331
30334
30335
30336
30339
30340
30343
30344
30345
30348
30349
30352
30371
30372
30375
30376
30379
30380
30381
30384
30385
30388
30389
30390
30411
30412
30415
30578
30579
30582
30583
30586
30587
30588
30591
30592
30595
30614
30615
30618
30619
30622
30623
30624
30627
30628
30631
30632
30633
30654
30655
30658
30659
30660
30663
30664
30667
30668
30669
30672
30673
30676
30695
30696
30699
30700
30703
30704
30705
30708
30709
30712
30713
30714
30735
30736
30739
30740
30741
30744
30745
30748
30749
30750
30753
30754
30757
30776
30777
30942
30943
30946
30947
30948
30951
30952
30955
30956
30957
30978
30979
30982
32441
32442
32445
32446
32449
32450
32451
32454
32455
32458
32477
32478
32481
32482
32485
32486
32487
32490
32491
32494
32495
32496
32517
32518
32521
32522
32523
32526
32527
32530
32531
32532
32535
32536
32539
32558
32559
32562
32563
32566
32567
32568
32571
32572
32575
32576
32577
32598
32599
32602
32765
32766
32769
32770
32773
32774
32775
32778
32779
32782
32801
32802
32805
32806
32809
32810
32811
32814
32815
32818
32819
32820
32841
32842
32845
32846
32847
32850
32851
32854
32855
32856
32859
32860
32863
32882
32883
32886
32887
32890
32891
32892
32895
32896
32899
32900
32901
32922
32923
32926
32927
32928
32931
32932
32935
32936
32937
32940
32941
32944
32963
32964
33129
33130
33133
33134
33135
33138
33139
33142
33143
33144
33165
33166
33169
33170
33171
33174
33175
33178
33179
33180
33183
33184
33187
33206
33207
33210
33211
33214
33215
33216
33219
33220
33223
33224
33225
33246
33247
33250
33251
33252
33255
33256
33259
33260
33261
33264
33265
33268
33287
33288
33291
33292
33295
33296
33297
33300
33301
33304
33305
33306
33327
33328
33331
33494
33495
33498
33499
33502
33503
33504
33507
33508
33511
33530
33531
33534
33535
33538
33539
33540
33543
33544
33547
33548
33549
33570
33571
33574
33575
33576
33579
33580
33583
33584
33585
33588
33589
33592
33611
33612
33615
33616
33619
33620
33621
33624
33625
33628
33629
33630
33651
33652
33655
33656
33657
33660
33661
33664
33665
33666
33669
33670
33673
33692
33693
33858
33859
33862
33863
33864
33867
33868
33871
33872
33873
33894
33895
33898
33899
33900
33903
33904
33907
33908
33909
33912
33913
33916
33935
33936
33939
33940
33943
33944
33945
33948
33949
33952
33953
33954
33975
33976
33979
33980
33981
33984
33985
33988
33989
33990
33993
33994
33997
34016
34017
34020
34021
34024
34025
34026
34029
34030
34033
34034
34035
34056
34057
34060
34223
34224
34227
34228
34231
34232
34233
34236
34237
34240
34259
34260
35721
35722
35725
35726
35727
35730
35731
35734
35735
35736
35757
35758
35761
35762
35763
35766
35767
35770
35771
35772
35775
35776
35779
35798
35799
35802
35803
35806
35807
35808
35811
35812
35815
35816
35817
35838
35839
35842
35843
35844
35847
35848
35851
35852
35853
35856
35857
35860
35879
35880
36045
36046
36049
36050
36051
36054
36055
36058
36059
36060
36081
36082
36085
36086
36087
36090
36091
36094
36095
36096
36099
36100
36103
36122
36123
36126
36127
36130
36131
36132
36135
36136
36139
36140
36141
36162
36163
36166
36167
36168
36171
36172
36175
36176
36177
36180
36181
36184
36203
36204
36207
36208
36211
36212
36213
36216
36217
36220
36221
36222
36243
36244
36247
36410
36411
36414
36415
36418
36419
36420
36423
36424
36427
36446
36447
36450
36451
36454
36455
36456
36459
36460
36463
36464
36465
36486
36487
36490
36491
36492
36495
36496
36499
36500
36501
36504
36505
36508
36527
36528
36531
36532
36535
36536
36537
36540
36541
36544
36545
36546
36567
36568
36571
36572
36573
36576
36577
36580
36581
36582
36585
36586
36589
36608
36609
36774
36775
36778
36779
36780
36783
36784
36787
36788
36789
36810
36811
36814
36815
36816
36819
36820
36823
36824
36825
36828
36829
36832
36851
36852
36855
36856
36859
36860
36861
36864
36865
36868
36869
36870
36891
36892
36895
36896
36897
36900
36901
36904
36905
36906
36909
36910
36913
36932
36933
36936
36937
36940
36941
36942
36945
36946
36949
36950
36951
36972
36973
36976
37139
37140
37143
37144
37147
37148
37149
37152
37153
37156
37175
37176
37179
37180
37183
37184
37185
37188
37189
37192
37193
37194
37215
37216
37219
37220
37221
37224
37225
37228
37229
37230
37233
37234
37237
37256
37257
37260
37261
37264
37265
37266
37269
37270
37273
37274
37275
37296
37297
37300
37301
37302
37305
37306
37309
37310
37311
37314
37315
37318
37337
37338
37503
37504
37507
37508
37509
37512
37513
37516
37517
37518
37539
37540
37543
39002
39003
39006
39007
39010
39011
39012
39015
39016
39019
39038
39039
39042
39043
39046
39047
39048
39051
39052
39055
39056
39057
39078
39079
39082
39083
39084
39087
39088
39091
39092
39093
39096
39097
39100
39119
39120
39123
39124
39127
39128
39129
39132
39133
39136
39137
39138
39159
39160
39163
39326
39327
39330
39331
39334
39335
39336
39339
39340
39343
39362
39363
39366
39367
39370
39371
39372
39375
39376
39379
39380
39381
39402
39403
39406
39407
39408
39411
39412
39415
39416
39417
39420
39421
39424
39443
39444
39447
39448
39451
39452
39453
39456
39457
39460
39461
39462
39483
39484
39487
39488
39489
39492
39493
39496
39497
39498
39501
39502
39505
39524
39525
39690
39691
39694
39695
39696
39699
39700
39703
39704
39705
39726
39727
39730
39731
39732
39735
39736
39739
39740
39741
39744
39745
39748
39767
39768
39771
39772
39775
39776
39777
39780
39781
39784
39785
39786
39807
39808
39811
39812
39813
39816
39817
39820
39821
39822
39825
39826
39829
39848
39849
39852
39853
39856
39857
39858
39861
39862
39865
39866
39867
39888
39889
39892
40055
40056
40059
40060
40063
40064
40065
40068
40069
40072
40091
40092
40095
40096
40099
40100
40101
40104
40105
40108
40109
40110
40131
40132
40135
40136
40137
40140
40141
40144
40145
40146
40149
40150
40153
40172
40173
40176
40177
40180
40181
40182
40185
40186
40189
40190
40191
40212
40213
40216
40217
40218
40221
40222
40225
40226
40227
40230
40231
40234
40253
40254
40419
40420
40423
40424
40425
40428
40429
40432
40433
40434
40455
40456
40459
40460
40461
40464
40465
40468
40469
40470
40473
40474
40477
40496
40497
40500
40501
40504
40505
40506
40509
40510
40513
40514
40515
40536
40537
40540
40541
40542
40545
40546
40549
40550
40551
40554
40555
40558
40577
40578
40581
40582
40585
40586
40587
40590
40591
40594
40595
40596
40617
40618
40621
40784
40785
40788
40789
40792
40793
40794
40797
40798
40801
40820
40821
42282
42283
42286
42287
42288
42291
42292
42295
42296
42297
42318
42319
42322
42323
42324
42327
42328
42331
42332
42333
42336
42337
42340
42359
42360
42363
42364
42367
42368
42369
42372
42373
42376
42377
42378
42399
42400
42403
42404
42405
42408
42409
42412
42413
42414
42417
42418
42421
42440
42441
42606
42607
42610
42611
42612
42615
42616
42619
42620
42621
42642
42643
42646
52488
52489
52490
52491
52496
52497
52498
52499
52500
52505
52506
52507
52508
52509
52514
52515
52516
52517
52518
52523
52560
52561
52562
52563
52568
52569
52570
52571
52572
52577
52578
52579
52580
52581
52586
52587
52588
52589
52590
52595
52596
52597
52598
52599
52604
52641
52642
52643
52644
52649
52650
52651
52652
52653
52658
52659
52660
52661
52662
52667
52668
52669
52670
52671
52676
52677
52678
52679
52680
52685
52722
52723
52724
52725
52730
52731
52732
52733
52734
52739
52740
52741
52742
52743
52748
52749
52750
52751
52752
52757
52758
52759
52760
52761
52766
52803
52804
52805
52806
52811
53136
53137
53138
53139
53144
53145
53146
53147
53148
53153
53154
53155
53156
53157
53162
53163
53164
53165
53166
53171
53208
53209
53210
53211
53216
53217
53218
53219
53220
53225
53226
53227
53228
53229
53234
53235
53236
53237
53238
53243
53244
53245
53246
53247
53252
53289
53290
53291
53292
53297
53298
53299
53300
53301
53306
53307
53308
53309
53310
53315
53316
53317
53318
53319
53324
53325
53326
53327
53328
53333
53370
53371
53372
53373
53378
53379
53380
53381
53382
53387
53388
53389
53390
53391
53396
53397
53398
53399
53400
53405
53406
53407
53408
53409
53414
53451
53452
53453
53454
53459
53460
53461
53462
53463
53468
53469
53470
53471
53472
53477
53478
53479
53480
53481
53486
53487
53488
53489
53490
53495
53532
53533
53534
53535
53540
53865
53866
53867
53868
53873
53874
53875
53876
53877
53882
53883
53884
53885
53886
53891
53892
53893
53894
53895
53900
53937
53938
53939
53940
53945
53946
53947
53948
53949
53954
53955
53956
53957
53958
53963
53964
53965
53966
53967
53972
53973
53974
53975
53976
53981
54018
54019
54020
54021
54026
54027
54028
54029
54030
54035
54036
54037
54038
54039
54044
54045
54046
54047
54048
54053
54054
54055
54056
54057
54062
54099
54100
54101
54102
54107
54108
54109
54110
54111
54116
54117
54118
54119
54120
54125
54126
54127
54128
54129
54134
54135
54136
54137
54138
54143
54180
54181
54182
54183
54188
54189
54190
54191
54192
54197
54198
54199
54200
54201
54206
54207
54208
54209
54210
54215
54216
54217
54218
54219
54224
54261
54262
54263
54264
54269
54594
54595
54596
54597
54602
54603
54604
54605
54606
54611
54612
54613
54614
54615
54620
54621
54622
54623
54624
54629
54666
54667
54668
54669
54674
54675
54676
54677
54678
54683
54684
54685
54686
54687
54692
54693
54694
54695
54696
54701
54702
54703
54704
54705
54710
54747
54748
54749
54750
54755
54756
54757
54758
54759
54764
54765
54766
54767
54768
54773
54774
54775
54776
54777
54782
54783
54784
54785
54786
54791
54828
54829
54830
54831
54836
54837
54838
54839
54840
54845
54846
54847
54848
54849
54854
54855
54856
54857
54858
54863
54864
54865
54866
54867
54872
54909
54910
54911
54912
54917
54918
54919
54920
54921
54926
54927
54928
54929
54930
54935
54936
54937
54938
54939
54944
54945
54946
54947
54948
54953
54990
54991
54992
54993
54998
55323
55324
55325
55326
55331
55332
55333
55334
55335
55340
55341
55342
55343
55344
55349
55350
55351
55352
55353
55358
55395
55396
55397
55398
55403
58320
58321
58322
58323
58328
58329
58330
58331
58332
58337
58338
58339
58340
58341
58346
58347
58348
58349
58350
58355
58392
58393
58394
58395
58400
58401
58402
58403
58404
58409
58410
58411
58412
58413
58418
58419
58420
58421
58422
58427
58428
58429
58430
58431
58436
58473
58474
58475
58476
58481
58482
58483
58484
58485
58490
58491
58492
58493
58494
58499
58500
58501
58502
58503
58508
58509
58510
58511
58512
58517
58554
58555
58556
58557
58562
58563
58564
58565
58566
58571
58572
58573
58574
58575
58580
58581
58582
58583
58584
58589
58590
58591
58592
58593
58598
58635
58636
58637
58638
58643
58968
58969
58970
58971
58976
58977
58978
58979
58980
58985
58986
58987
58988
58989
58994
58995
58996
58997
58998
59003
59040
59041
59042
59043
59048
59049
59050
59051
59052
59057
59058
59059
59060
59061
59066
59067
59068
59069
59070
59075
59076
59077
59078
59079
59084
59121
59122
59123
59124
59129
59130
59131
59132
59133
59138
59139
59140
59141
59142
59147
59148
59149
59150
59151
59156
59157
59158
59159
59160
59165
59202
59203
59204
59205
59210
59211
59212
59213
59214
59219
59220
59221
59222
59223
59228
59229
59230
59231
59232
59237
59238
59239
59240
59241
59246
59283
59284
59285
59286
59291
59292
59293
59294
59295
59300
59301
59302
59303
59304
59309
59310
59311
59312
59313
59318
59319
59320
59321
59322
59327
59364
59365
59366
59367
59372
59697
59698
59699
59700
59705
59706
59707
59708
59709
59714
59715
59716
59717
59718
59723
59724
59725
59726
59727
59732
59769
59770
59771
59772
59777
59778
59779
59780
59781
59786
59787
59788
59789
59790
59795
59796
59797
59798
59799
59804
59805
59806
59807
59808
59813
59850
59851
59852
59853
59858
59859
59860
59861
59862
59867
59868
59869
59870
59871
59876
59877
59878
59879
59880
59885
59886
59887
59888
59889
59894
59931
59932
59933
59934
59939
59940
59941
59942
59943
59948
59949
59950
59951
59952
59957
59958
59959
59960
59961
59966
59967
59968
59969
59970
59975
60012
60013
60014
60015
60020
60021
60022
60023
60024
60029
60030
60031
60032
60033
60038
60039
60040
60041
60042
60047
60048
60049
60050
60051
60056
60093
60094
60095
60096
60101
60426
60427
60428
60429
60434
60435
60436
60437
60438
60443
60444
60445
60446
60447
60452
60453
60454
60455
60456
60461
60498
60499
60500
60501
60506
60507
60508
60509
60510
60515
60516
60517
60518
60519
60524
60525
60526
60527
60528
60533
60534
60535
60536
60537
60542
60579
60580
60581
60582
60587
60588
60589
60590
60591
60596
60597
60598
60599
60600
60605
60606
60607
60608
60609
60614
60615
60616
60617
60618
60623
60660
60661
60662
60663
60668
60669
60670
60671
60672
60677
60678
60679
60680
60681
60686
60687
60688
60689
60690
60695
60696
60697
60698
60699
60704
60741
60742
60743
60744
60749
60750
60751
60752
60753
60758
60759
60760
60761
60762
60767
60768
60769
60770
60771
60776
60777
60778
60779
60780
60785
60822
60823
60824
60825
60830
61155
61156
61157
61158
61163
61164
61165
61166
61167
61172
61173
61174
61175
61176
61181
61182
61183
61184
61185
61190
61227
61228
61229
61230
61235
61236
61237
61238
61239
61244
61245
61246
61247
61248
61253
61254
61255
61256
61257
61262
61263
61264
61265
61266
61271
61308
61309
61310
61311
61316
61317
61318
61319
61320
61325
61326
61327
61328
61329
61334
61335
61336
61337
61338
61343
61344
61345
61346
61347
61352
61389
61390
61391
61392
61397
61398
61399
61400
61401
61406
61407
61408
61409
61410
61415
61416
61417
61418
61419
61424
61425
61426
61427
61428
61433
61470
61471
61472
61473
61478
61479
61480
61481
61482
61487
61488
61489
61490
61491
61496
61497
61498
61499
61500
61505
61506
61507
61508
61509
61514
61551
61552
61553
61554
61559
61884
61885
61886
61887
61892
61893
61894
61895
61896
61901
61902
61903
61904
61905
61910
61911
61912
61913
61914
61919
61956
61957
61958
61959
61964
64881
64882
64883
64884
64889
64890
64891
64892
64893
64898
64899
64900
64901
64902
64907
64908
64909
64910
64911
64916
64953
64954
64955
64956
64961
64962
64963
64964
64965
64970
64971
64972
64973
64974
64979
64980
64981
64982
64983
64988
64989
64990
64991
64992
64997
65034
65035
65036
65037
65042
65043
65044
65045
65046
65051
65052
65053
65054
65055
65060
65061
65062
65063
65064
65069
65070
65071
65072
65073
65078
65115
65116
65117
65118
65123
65124
65125
65126
65127
65132
65133
65134
65135
65136
65141
65142
65143
65144
65145
65150
65151
65152
65153
65154
65159
65196
65197
65198
65199
65204
65529
65530
65531
65532
65537
65538
65539
65540
65541
65546
65547
65548
65549
65550
65555
65556
65557
65558
65559
65564
65601
65602
65603
65604
65609
65610
65611
65612
65613
65618
65619
65620
65621
65622
65627
65628
65629
65630
65631
65636
65637
65638
65639
65640
65645
65682
65683
65684
65685
65690
65691
65692
65693
65694
65699
65700
65701
65702
65703
65708
65709
65710
65711
65712
65717
65718
65719
65720
65721
65726
65763
65764
65765
65766
65771
65772
65773
65774
65775
65780
65781
65782
65783
65784
65789
65790
65791
65792
65793
65798
65799
65800
65801
65802
65807
65844
65845
65846
65847
65852
65853
65854
65855
65856
65861
65862
65863
65864
65865
65870
65871
65872
65873
65874
65879
65880
65881
65882
65883
65888
65925
65926
65927
65928
65933
66258
66259
66260
66261
66266
66267
66268
66269
66270
66275
66276
66277
66278
66279
66284
66285
66286
66287
66288
66293
66330
66331
66332
66333
66338
66339
66340
66341
66342
66347
66348
66349
66350
66351
66356
66357
66358
66359
66360
66365
66366
66367
66368
66369
66374
66411
66412
66413
66414
66419
66420
66421
66422
66423
66428
66429
66430
66431
66432
66437
66438
66439
66440
66441
66446
66447
66448
66449
66450
66455
66492
66493
66494
66495
66500
66501
66502
66503
66504
66509
66510
66511
66512
66513
66518
66519
66520
66521
66522
66527
66528
66529
66530
66531
66536
66573
66574
66575
66576
66581
66582
66583
66584
66585
66590
66591
66592
66593
66594
66599
66600
66601
66602
66603
66608
66609
66610
66611
66612
66617
66654
66655
66656
66657
66662
66987
66988
66989
66990
66995
66996
66997
66998
66999
67004
67005
67006
67007
67008
67013
67014
67015
67016
67017
67022
67059
67060
67061
67062
67067
67068
67069
67070
67071
67076
67077
67078
67079
67080
67085
67086
67087
67088
67089
67094
67095
67096
67097
67098
67103
67140
67141
67142
67143
67148
67149
67150
67151
67152
67157
67158
67159
67160
67161
67166
67167
67168
67169
67170
67175
67176
67177
67178
67179
67184
67221
67222
67223
67224
67229
67230
67231
67232
67233
67238
67239
67240
67241
67242
67247
67248
67249
67250
67251
67256
67257
67258
67259
67260
67265
67302
67303
67304
67305
67310
67311
67312
67313
67314
67319
67320
67321
67322
67323
67328
67329
67330
67331
67332
67337
67338
67339
67340
67341
67346
67383
67384
67385
67386
67391
67716
67717
67718
67719
67724
67725
67726
67727
67728
67733
67734
67735
67736
67737
67742
67743
67744
67745
67746
67751
67788
67789
67790
67791
67796
67797
67798
67799
67800
67805
67806
67807
67808
67809
67814
67815
67816
67817
67818
67823
67824
67825
67826
67827
67832
67869
67870
67871
67872
67877
67878
67879
67880
67881
67886
67887
67888
67889
67890
67895
67896
67897
67898
67899
67904
67905
67906
67907
67908
67913
67950
67951
67952
67953
67958
67959
67960
67961
67962
67967
67968
67969
67970
67971
67976
67977
67978
67979
67980
67985
67986
67987
67988
67989
67994
68031
68032
68033
68034
68039
68040
68041
68042
68043
68048
68049
68050
68051
68052
68057
68058
68059
68060
68061
68066
68067
68068
68069
68070
68075
68112
68113
68114
68115
68120
68445
68446
68447
68448
68453
68454
68455
68456
68457
68462
68463
68464
68465
68466
68471
68472
68473
68474
68475
68480
68517
68518
68519
68520
68525
71442
71443
71444
71445
71450
71451
71452
71453
71454
71459
71460
71461
71462
71463
71468
71469
71470
71471
71472
71477
71514
71515
71516
71517
71522
71523
71524
71525
71526
71531
71532
71533
71534
71535
71540
71541
71542
71543
71544
71549
71550
71551
71552
71553
71558
71595
71596
71597
71598
71603
71604
71605
71606
71607
71612
71613
71614
71615
71616
71621
71622
71623
71624
71625
71630
71631
71632
71633
71634
71639
71676
71677
71678
71679
71684
71685
71686
71687
71688
71693
71694
71695
71696
71697
71702
71703
71704
71705
71706
71711
71712
71713
71714
71715
71720
71757
71758
71759
71760
71765
72090
72091
72092
72093
72098
72099
72100
72101
72102
72107
72108
72109
72110
72111
72116
72117
72118
72119
72120
72125
72162
72163
72164
72165
72170
72171
72172
72173
72174
72179
72180
72181
72182
72183
72188
72189
72190
72191
72192
72197
72198
72199
72200
72201
72206
72243
72244
72245
72246
72251
72252
72253
72254
72255
72260
72261
72262
72263
72264
72269
72270
72271
72272
72273
72278
72279
72280
72281
72282
72287
72324
72325
72326
72327
72332
72333
72334
72335
72336
72341
72342
72343
72344
72345
72350
72351
72352
72353
72354
72359
72360
72361
72362
72363
72368
72405
72406
72407
72408
72413
72414
72415
72416
72417
72422
72423
72424
72425
72426
72431
72432
72433
72434
72435
72440
72441
72442
72443
72444
72449
72486
72487
72488
72489
72494
72819
72820
72821
72822
72827
72828
72829
72830
72831
72836
72837
72838
72839
72840
72845
72846
72847
72848
72849
72854
72891
72892
72893
72894
72899
72900
72901
72902
72903
72908
72909
72910
72911
72912
72917
72918
72919
72920
72921
72926
72927
72928
72929
72930
72935
72972
72973
72974
72975
72980
72981
72982
72983
72984
72989
72990
72991
72992
72993
72998
72999
73000
73001
73002
73007
73008
73009
73010
73011
73016
73053
73054
73055
73056
73061
73062
73063
73064
73065
73070
73071
73072
73073
73074
73079
73080
73081
73082
73083
73088
73089
73090
73091
73092
73097
73134
73135
73136
73137
73142
73143
73144
73145
73146
73151
73152
73153
73154
73155
73160
73161
73162
73163
73164
73169
73170
73171
73172
73173
73178
73215
73216
73217
73218
73223
73548
73549
73550
73551
73556
73557
73558
73559
73560
73565
73566
73567
73568
73569
73574
73575
73576
73577
73578
73583
73620
73621
73622
73623
73628
73629
73630
73631
73632
73637
73638
73639
73640
73641
73646
73647
73648
73649
73650
73655
73656
73657
73658
73659
73664
73701
73702
73703
73704
73709
73710
73711
73712
73713
73718
73719
73720
73721
73722
73727
73728
73729
73730
73731
73736
73737
73738
73739
73740
73745
73782
73783
73784
73785
73790
73791
73792
73793
73794
73799
73800
73801
73802
73803
73808
73809
73810
73811
73812
73817
73818
73819
73820
73821
73826
73863
73864
73865
73866
73871
73872
73873
73874
73875
73880
73881
73882
73883
73884
73889
73890
73891
73892
73893
73898
73899
73900
73901
73902
73907
73944
73945
73946
73947
73952
74277
74278
74279
74280
74285
74286
74287
74288
74289
74294
74295
74296
74297
74298
74303
74304
74305
74306
74307
74312
74349
74350
74351
74352
74357
74358
74359
74360
74361
74366
74367
74368
74369
74370
74375
74376
74377
74378
74379
74384
74385
74386
74387
74388
74393
74430
74431
74432
74433
74438
74439
74440
74441
74442
74447
74448
74449
74450
74451
74456
74457
74458
74459
74460
74465
74466
74467
74468
74469
74474
74511
74512
74513
74514
74519
74520
74521
74522
74523
74528
74529
74530
74531
74532
74537
74538
74539
74540
74541
74546
74547
74548
74549
74550
74555
74592
74593
74594
74595
74600
74601
74602
74603
74604
74609
74610
74611
74612
74613
74618
74619
74620
74621
74622
74627
74628
74629
74630
74631
74636
74673
74674
74675
74676
74681
75006
75007
75008
75009
75014
75015
75016
75017
75018
75023
75024
75025
75026
75027
75032
75033
75034
75035
75036
75041
75078
75079
75080
75081
75086
78003
78004
78005
78006
78011
78012
78013
78014
78015
78020
78021
78022
78023
78024
78029
78030
78031
78032
78033
78038
78075
78076
78077
78078
78083
78084
78085
78086
78087
78092
78093
78094
78095
78096
78101
78102
78103
78104
78105
78110
78111
78112
78113
78114
78119
78156
78157
78158
78159
78164
78165
78166
78167
78168
78173
78174
78175
78176
78177
78182
78183
78184
78185
78186
78191
78192
78193
78194
78195
78200
78237
78238
78239
78240
78245
78246
78247
78248
78249
78254
78255
78256
78257
78258
78263
78264
78265
78266
78267
78272
78273
78274
78275
78276
78281
78318
78319
78320
78321
78326
78651
78652
78653
78654
78659
78660
78661
78662
78663
78668
78669
78670
78671
78672
78677
78678
78679
78680
78681
78686
78723
78724
78725
78726
78731
78732
78733
78734
78735
78740
78741
78742
78743
78744
78749
78750
78751
78752
78753
78758
78759
78760
78761
78762
78767
78804
78805
78806
78807
78812
78813
78814
78815
78816
78821
78822
78823
78824
78825
78830
78831
78832
78833
78834
78839
78840
78841
78842
78843
78848
78885
78886
78887
78888
78893
78894
78895
78896
78897
78902
78903
78904
78905
78906
78911
78912
78913
78914
78915
78920
78921
78922
78923
78924
78929
78966
78967
78968
78969
78974
78975
78976
78977
78978
78983
78984
78985
78986
78987
78992
78993
78994
78995
78996
79001
79002
79003
79004
79005
79010
79047
79048
79049
79050
79055
79380
79381
79382
79383
79388
79389
79390
79391
79392
79397
79398
79399
79400
79401
79406
79407
79408
79409
79410
79415
79452
79453
79454
79455
79460
79461
79462
79463
79464
79469
79470
79471
79472
79473
79478
79479
79480
79481
79482
79487
79488
79489
79490
79491
79496
79533
79534
79535
79536
79541
79542
79543
79544
79545
79550
79551
79552
79553
79554
79559
79560
79561
79562
79563
79568
79569
79570
79571
79572
79577
79614
79615
79616
79617
79622
79623
79624
79625
79626
79631
79632
79633
79634
79635
79640
79641
79642
79643
79644
79649
79650
79651
79652
79653
79658
79695
79696
79697
79698
79703
79704
79705
79706
79707
79712
79713
79714
79715
79716
79721
79722
79723
79724
79725
79730
79731
79732
79733
79734
79739
79776
79777
79778
79779
79784
80109
80110
80111
80112
80117
80118
80119
80120
80121
80126
80127
80128
80129
80130
80135
80136
80137
80138
80139
80144
80181
80182
80183
80184
80189
80190
80191
80192
80193
80198
80199
80200
80201
80202
80207
80208
80209
80210
80211
80216
80217
80218
80219
80220
80225
80262
80263
80264
80265
80270
80271
80272
80273
80274
80279
80280
80281
80282
80283
80288
80289
80290
80291
80292
80297
80298
80299
80300
80301
80306
80343
80344
80345
80346
80351
80352
80353
80354
80355
80360
80361
80362
80363
80364
80369
80370
80371
80372
80373
80378
80379
80380
80381
80382
80387
80424
80425
80426
80427
80432
80433
80434
80435
80436
80441
80442
80443
80444
80445
80450
80451
80452
80453
80454
80459
80460
80461
80462
80463
80468
80505
80506
80507
80508
80513
80838
80839
80840
80841
80846
80847
80848
80849
80850
80855
80856
80857
80858
80859
80864
80865
80866
80867
80868
80873
80910
80911
80912
80913
80918
80919
80920
80921
80922
80927
80928
80929
80930
80931
80936
80937
80938
80939
80940
80945
80946
80947
80948
80949
80954
80991
80992
80993
80994
80999
81000
81001
81002
81003
81008
81009
81010
81011
81012
81017
81018
81019
81020
81021
81026
81027
81028
81029
81030
81035
81072
81073
81074
81075
81080
81081
81082
81083
81084
81089
81090
81091
81092
81093
81098
81099
81100
81101
81102
81107
81108
81109
81110
81111
81116
81153
81154
81155
81156
81161
81162
81163
81164
81165
81170
81171
81172
81173
81174
81179
81180
81181
81182
81183
81188
81189
81190
81191
81192
81197
81234
81235
81236
81237
81242
81567
81568
81569
81570
81575
81576
81577
81578
81579
81584
81585
81586
81587
81588
81593
81594
81595
81596
81597
81602
81639
81640
81641
81642
81647
84564
84565
84566
84567
84572
84573
84574
84575
84576
84581
84582
84583
84584
84585
84590
84591
84592
84593
84594
84599
84636
84637
84638
84639
84644
84645
84646
84647
84648
84653
84654
84655
84656
84657
84662
84663
84664
84665
84666
84671
84672
84673
84674
84675
84680
84717
84718
84719
84720
84725
84726
84727
84728
84729
84734
84735
84736
84737
84738
84743
84744
84745
84746
84747
84752
84753
84754
84755
84756
84761
84798
84799
84800
84801
84806
84807
84808
84809
84810
84815
84816
84817
84818
84819
84824
84825
84826
84827
84828
84833
84834
84835
84836
84837
84842
84879
84880
84881
84882
84887
85212
85213
85214
85215
85220
85221
85222
85223
85224
85229
85230
85231
85232
85233
85238
85239
85240
85241
85242
85247
85284
85285
85286
85287
85292
