2
4
5
7
8
9
10
11
13
17
18
19
20
22
25
26
28
36
37
38
40
41
44
45
46
47
49
50
55
56
59
61
62
63
68
70
71
72
73
74
76
77
79
80
81
82
83
85
86
89
90
91
92
94
97
98
99
100
101
106
107
109
117
118
121
125
130
139
140
145
146
149
153
154
155
157
161
162
163
164
171
172
173
176
180
181
182
197
198
199
205
206
212
215
225
250
252
265
277
280
292
296
301
307
324
325
328
332
333
334
337
341
350
360
361
364
365
368
369
370
374
386
395
396
397
400
404
405
406
410
414
415
431
446
450
451
452
455
461
467
504
505
506
511
514
533
558
563
567
568
577
581
584
586
587
593
595
614
616
620
648
649
652
656
657
658
661
665
684
685
688
692
720
721
724
728
729
730
731
733
734
736
737
738
739
740
742
746
747
748
749
754
757
765
766
769
770
773
774
775
779
801
802
805
809
810
811
812
814
815
818
819
820
821
823
827
828
829
830
846
847
850
854
882
883
886
890
891
892
893
900
901
902
909
910
911
923
926
949
953
955
963
981
1053
1054
1057
1061
1062
1063
1066
1070
1089
1090
1093
1097
1125
1126
1129
1133
1196
1377
1378
1381
1385
1386
1387
1390
1394
1413
1414
1417
1421
1449
1450
1453
1457
1458
1459
1460
1467
1468
1469
1476
1477
1478
1539
1540
1541
1548
1549
1550
1557
1558
1559
1620
1621
1622
1629
1630
1631
1638
1639
1640
1663
1825
1843
1845
1846
1847
1852
1861
1906
1987
2392
2916
2917
2920
2924
2925
2926
2929
2933
2952
2953
2956
2960
2988
2989
2992
2996
2997
2998
3001
3005
3006
3007
3010
3014
3033
3034
3037
3041
3069
3070
3073
3077
3240
3241
3244
3248
3249
3250
3253
3257
3276
3277
3280
3284
3312
3313
3316
3320
3564
3565
3568
3572
3573
3574
3577
3581
3600
3601
3604
3608
3636
3637
3640
3644
5832
5833
5836
5840
5841
5842
5845
5849
5868
5869
5872
5876
5904
5905
5908
5912
5913
5914
5917
5921
5922
5923
5926
5930
5949
5950
5953
5957
5985
5986
5989
5993
6156
6157
6160
6164
6165
6166
6169
6173
6192
6193
6196
6200
6228
6229
6232
6236
6480
6481
6484
6488
6489
6490
6493
6497
6516
6517
6520
6524
6552
6553
6556
6560
6561
6562
6565
6569
6570
6571
6574
6578
6597
6598
6601
6605
6633
6634
6637
6641
6642
6643
6646
6650
6651
6652
6655
6659
6678
6679
6682
6686
6714
6715
6718
6722
6885
6886
6889
6893
6894
6895
6898
6902
6921
6922
6925
6929
6957
6958
6961
6965
7209
7210
7213
7217
7218
7219
7222
7226
7245
7246
7249
7253
7281
7282
7285
7289
7290
7291
7294
7298
7299
7300
7303
7307
7326
7327
7330
7334
7362
7363
7366
7370
7371
7372
7375
7379
7380
7381
7384
7388
7407
7408
7411
7415
7443
7444
7447
7451
7614
7615
7618
7622
7623
7624
7627
7631
7650
7651
7654
7658
7686
7687
7690
7694
7938
7939
7942
7946
7947
7948
7951
7955
7974
7975
7978
7982
8010
8011
8014
8018
9477
9478
9481
9485
9486
9487
9490
9494
9513
9514
9517
9521
9549
9550
9553
9557
9558
9559
9562
9566
9567
9568
9571
9575
9594
9595
9598
9602
9630
9631
9634
9638
9801
9802
9805
9809
9810
9811
9814
9818
9837
9838
9841
9845
9873
9874
9877
9881
