2
4
5
7
9
10
11
13
14
18
19
20
22
23
25
28
29
31
32
34
36
37
38
40
41
43
45
46
47
49
50
52
55
56
59
61
63
64
65
68
70
73
74
77
79
81
82
83
85
86
90
91
92
94
95
99
100
101
103
104
109
112
113
115
117
118
119
121
122
126
133
136
139
140
145
146
148
149
151
154
155
158
162
163
164
166
167
169
171
172
173
175
176
180
181
182
184
185
187
191
194
198
199
200
202
203
205
207
208
209
211
212
217
220
223
225
226
227
232
239
241
244
248
250
252
254
257
261
262
263
265
266
268
279
280
281
284
288
289
292
298
299
301
302
306
308
310
313
317
322
324
325
326
328
329
331
333
334
335
337
338
342
343
344
346
347
352
355
356
360
361
362
364
365
367
369
370
371
374
379
382
383
385
387
388
389
391
394
397
398
401
403
405
406
407
409
410
414
415
416
419
423
424
425
427
430
434
436
439
441
443
445
446
448
450
451
452
455
464
468
478
479
482
488
491
495
496
497
499
504
505
508
511
514
517
518
520
524
526
527
531
532
533
536
545
549
559
567
568
574
576
585
586
598
601
604
605
608
610
612
613
614
617
622
623
625
626
630
631
632
635
637
644
646
649
650
653
657
658
659
662
666
667
668
671
676
693
694
695
697
698
707
711
712
713
716
718
721
722
725
729
730
731
733
734
736
738
739
740
742
743
747
748
749
751
752
754
757
758
765
766
767
769
770
772
774
775
776
778
779
785
788
790
793
794
799
802
803
806
810
811
812
814
815
819
820
821
823
828
829
830
832
838
844
846
847
848
850
851
853
855
860
865
869
875
878
883
891
892
893
895
896
900
901
902
904
909
910
911
913
916
919
923
925
927
928
929
931
936
937
949
956
958
959
964
965
973
981
982
1013
1017
1022
1035
1036
1042
1053
1054
1055
1057
1062
1063
1064
1066
1067
1071
1072
1073
1075
1078
1081
1089
1090
1091
1093
1123
1134
1135
1148
1193
1197
1202
1208
1211
1224
1226
1234
1240
1243
1247
1249
1260
1261
1267
1270
1274
1289
1292
1314
1316
1324
1330
1332
1333
1334
1341
1342
1345
1355
1386
1387
1390
1391
1395
1397
1399
1405
1424
1426
1458
1459
1460
1462
1463
1467
1468
1469
1471
1476
1477
1478
1480
1494
1495
1496
1498
1499
1503
1504
1505
1508
1513
1517
1521
1539
1540
1541
1543
1544
1548
1549
1550
1552
1557
1558
1559
1561
1575
1576
1577
1579
1595
1597
1604
1606
1612
1613
1620
1621
1622
1624
1625
1629
1630
1631
1633
1638
1639
1640
1642
1643
1645
1656
1657
1658
1660
1661
1663
1665
1666
1670
1675
1678
1679
1681
1683
1684
1690
1724
1726
1729
1746
1748
1751
1765
1766
1774
1782
1783
1784
1786
1791
1792
1793
1795
1800
1801
1802
1804
1813
1818
1819
1820
1822
1823
1825
1827
1828
1832
1841
1843
1845
1846
1852
1863
1864
1868
1872
1873
1904
1906
1908
1909
1913
1919
1927
1928
1940
1953
1955
1973
1975
1976
1980
1985
1990
1991
1999
2005
2007
2008
2014
2025
2026
2030
2032
2034
2035
2044
2048
2050
2075
2084
2086
2088
2089
2095
2131
2134
2138
2140
2151
2156
2169
2246
2250
2251
2257
2264
2268
2269
2286
2308
2314
2315
2324
2326
2349
2350
2372
2374
2385
2386
2387
2389
2390
2392
2394
2395
2399
2404
2410
2412
2413
2417
2419
2453
2455
2467
2468
2485
2520
2522
2529
2534
2548
2549
2628
2641
2651
2657
2659
2660
2666
2669
2682
2684
2692
2701
2709
2718
2719
2725
2731
2732
2752
2754
2755
2772
2774
2782
2790
2803
2817
2822
2824
2833
2916
2917
2918
2920
2925
2926
2927
2929
2934
2935
2936
2938
2952
2953
2954
2956
2957
2961
2984
2986
2989
2990
2993
2997
2998
2999
3001
3006
3007
3008
3010
3015
3016
3017
3019
3020
3026
3031
3033
3034
3035
3037
3042
3049
3056
3065
3078
3079
3080
3082
3087
3088
3089
3091
3096
3097
3098
3100
3107
3109
3114
3115
3116
3118
3119
3123
3124
3125
3127
3130
3151
3190
3195
3240
3241
3242
3244
3249
3250
3251
3253
3258
3259
3260
3262
3271
3276
3277
3278
3280
3281
3283
3285
3286
3287
3290
3299
3301
3303
3304
3310
3317
3319
3321
3322
3323
3326
3330
3331
3332
3335
3339
3340
3341
3355
3358
3362
3364
3366
3367
3368
3371
3380
3421
3431
3443
3447
3448
3449
3452
3458
3461
3463
3465
3466
3472
3483
3484
3488
3492
3493
3496
3501
3502
3506
3508
3530
3532
3539
3544
3546
3547
3548
3553
3609
3611
3613
3645
3646
3647
3650
3654
3655
3656
3663
3664
3665
3668
3670
3682
3686
3688
3690
3691
3692
3695
3704
3726
3727
3728
3731
3735
3736
3737
3744
3745
3746
3755
3763
3771
3799
3807
3808
3809
3812
3816
3817
3818
3825
3826
3827
3838
3843
3854
3856
3877
3880
3886
3911
3925
3947
3951
3952
3953
3958
3961
3969
3970
3971
4010
4012
4014
4015
4016
4019
4028
4030
4032
4033
4039
4050
4051
4052
4055
4059
4060
4061
4068
4069
4070
4091
4093
4095
4096
4097
4100
4109
4172
4176
4177
4178
4181
4190
4302
4303
4307
4311
4338
4411
4415
4419
4491
4528
4536
4537
4538
4543
4545
4550
4555
4567
4568
4570
4572
4583
4585
4599
4600
4606
4624
4626
4648
4653
4662
4667
4680
4681
4739
4743
4744
4745
4748
4757
4768
4779
4780
4781
4784
4788
4789
4790
4793
4797
4798
4799
4820
4824
4825
4826
4829
4838
4901
4905
4906
4907
4910
4919
5047
5050
5054
5056
5072
5103
5104
5110
5112
5117
5128
5131
5162
5166
5167
5173
5184
5185
5272
5274
5279
5284
5297
5299
5369
5383
5384
5401
5436
5438
5445
5450
5464
5465
5501
5504
5508
5509
5510
5517
5519
5531
5553
5558
5567
5578
5608
5614
5617
5621
5623
5634
5635
5644
5648
5663
5666
5670
5671
5677
5679
5689
5776
5779
5783
5785
5801
5905
5906
5913
5914
5915
5917
5922
5923
5941
5968
5972
5978
5980
5981
5986
5987
5994
5995
5996
5998
6012
6014
6031
6032
6039
6040
6049
6052
6059
6061
6062
6067
6068
6084
6085
6098
6112
6113
6130
6205
6214
6229
6230
6233
6237
6238
6239
6246
6248
6260
6561
6562
6563
6565
6566
6568
6570
6571
6572
6574
6575
6579
6580
6581
6583
6584
6586
6589
6597
6598
6599
6601
6602
6604
6606
6607
6608
6611
6620
6624
6625
6629
6631
6634
6635
6638
6642
6643
6644
6646
6647
6651
6652
6653
6655
6660
6661
6662
6664
6670
6674
6676
6678
6679
6680
6682
6687
6697
6701
6707
6709
6710
6715
6716
6723
6724
6725
6727
6728
6732
6733
6734
6736
6741
6742
6743
6745
6746
6748
6759
6760
6761
6763
6764
6766
6768
6769
6773
6784
6786
6787
6793
6811
6813
6827
6829
6841
6842
6853
6859
6862
6869
6871
6885
6886
6887
6889
6894
6895
6896
6898
6903
6904
6905
6907
6921
6922
6923
6925
6926
6928
6930
6931
6932
6935
6944
6946
6948
6949
6955
6966
6967
6968
6971
6975
6976
6977
6984
6985
6986
7007
7009
7011
7012
7013
7016
7025
7088
7092
7093
7094
7097
7106
7218
7219
7227
7229
7237
7290
7291
7292
7294
7295
7299
7300
7301
7303
7308
7309
7310
7312
7313
7315
7326
7327
7328
7330
7331
7333
7335
7336
7337
7340
7349
7363
7364
7371
7372
7373
7375
7376
7380
7381
7382
7384
7389
7390
7391
7393
7399
7407
7408
7409
7411
7452
7453
7454
7456
7457
7461
7462
7463
7465
7470
7471
7472
7474
7488
7489
7490
7492
7510
7517
7519
7525
7526
7542
7543
7614
7615
7616
7618
7623
7624
7625
7627
7632
7633
7634
7636
7650
7651
7652
7654
7754
7763
7769
7772
7785
7787
7821
7822
7831
7835
7850
7853
7894
7895
7902
7903
7916
8019
8020
8021
8023
8024
8028
8029
8030
8032
8037
8038
8039
8041
8055
8056
8057
8059
8060
8064
8065
8066
8069
8078
8100
8101
8102
8104
8105
8109
8110
8111
8113
8118
8119
8120
8122
8136
8137
8138
8140
8181
8182
8183
8185
8186
8190
8191
8192
8194
8199
8200
8201
8203
8217
8218
8219
8221
8343
8344
8345
8347
8352
8353
8354
8356
8361
8362
8363
8365
8379
8380
8381
8383
8533
8541
8563
8604
8606
8614
8622
8635
8676
8677
8685
8687
8695
8821
8822
8829
8830
8831
8833
8838
8839
8857
9477
9478
9479
9481
9486
9487
9488
9490
9495
9496
9497
9499
9513
9514
9515
9517
9558
9559
9560
9562
9567
9568
9569
9571
9576
9577
9578
9580
9594
9595
9596
9598
9639
9640
9641
9643
9648
9649
9650
9652
9657
9658
9659
9661
9675
9676
9677
9679
9801
9802
9803
9805
9810
9811
9812
9814
9819
9820
9821
9823
9837
9838
9839
9841
13122
13123
13124
13126
13127
13131
13132
13133
13135
13140
13141
13142
13144
13158
13159
13160
13162
13163
13167
13168
13169
13172
13181
13203
13204
13205
13207
13208
13212
13213
13214
13216
13221
13222
13223
13225
13239
13240
13241
13243
13284
13285
13286
13288
13289
13293
13294
13295
13297
13302
13303
13304
13306
13320
13321
13322
13324
13446
13447
13448
13450
13455
13456
13457
13459
13464
13465
13466
13468
13482
13483
13484
13486
13487
13491
13492
13493
13496
13505
13527
13528
13529
13532
13536
13537
13538
13545
13546
13547
13568
13572
13573
13574
13577
13586
13649
13653
13654
13655
13658
13667
13851
13852
13853
13855
13856
13860
13861
13862
13864
13869
13870
13871
13873
13887
13888
13889
13891
13892
13896
13897
13898
13901
13910
13932
13933
13934
13936
13937
13941
13942
13943
13945
13950
13951
13952
13954
13968
13969
13970
13972
14013
14014
14015
14017
14018
14022
14023
14024
14026
14031
14032
14033
14035
14049
14050
14051
14053
14175
14176
14177
14179
14184
14185
14186
14188
14193
14194
14195
14197
14211
14212
14213
14215
14580
14581
14582
14584
14585
14589
14590
14591
14593
14598
14599
14600
14602
14616
14617
14618
14620
14621
14625
14626
14627
14630
14639
14661
14662
14663
14665
14666
14670
14671
14672
14674
14679
14680
14681
14683
14697
14698
14699
14701
14742
14743
14744
14746
14747
14751
14752
14753
14755
14760
14761
14762
14764
14765
14767
14778
14779
14780
14782
14783
14785
14787
14788
14792
14803
14805
14806
14812
14846
14848
14904
14905
14906
14908
14913
14914
14915
14917
14922
14923
14924
14926
14940
14941
14942
14944
14945
14947
14949
14950
14954
14965
14967
14968
14974
14985
14986
14990
14994
14995
15026
15028
15030
15031
15035
15127
15129
15130
15136
15147
15148
15152
15156
15157
15170
15172
15208
15210
15211
15217
15494
15496
15512
15514
15516
15517
15521
15532
15534
15535
15541
15575
15577
16038
16039
16040
16042
16047
16048
16049
16051
16056
16057
16058
16060
16074
16075
16076
16078
16119
16120
16121
16123
16128
16129
16130
16132
16137
16138
16139
16141
16155
16156
16157
16159
16200
16201
16202
16204
16209
16210
16211
16213
16218
16219
16220
16222
16236
16237
16238
16240
16362
16363
16364
16366
16371
16372
16373
16375
16380
16381
16382
16384
16398
16399
16400
16402
16403
16405
16407
16408
16412
16423
16425
16426
16432
16443
16444
16448
16452
16453
16484
16486
16488
16489
16493
16585
16587
16588
16594
16605
16606
16610
16614
16615
16628
16630
16666
16668
16669
16675
16767
16768
16772
16776
16777
16790
16792
16808
16810
16812
16813
16817
16848
16849
16853
16857
16858
17132
17134
17136
17137
17141
17152
17154
17155
17161
17172
17173
17177
17181
17182
17213
17215
17217
17218
17222
18043
18045
18046
18052
18063
18064
18068
18072
18073
18086
18088
18124
18126
18127
18133
18225
18226
18230
18234
18235
18248
18250
18266
18268
18270
18271
18275
18306
18307
18311
18315
18316
18410
18412
18428
18430
18432
18433
18437
18448
18450
18451
18457
18491
18493
18772
18774
18775
18781
18792
18793
18797
18801
18802
18815
18817
18853
18855
18856
18862
21326
21328
21344
21346
21348
21349
21353
21364
21366
21367
21373
21407
21409
21506
21508
21510
21511
21515
21526
21528
21529
21535
21546
21547
21551
21555
21556
21587
21589
21591
21592
21596
21688
21690
21691
21697
21708
21709
21713
21717
21718
21731
21733
21769
21771
21772
21778
22055
22057
22073
22075
22077
22078
22082
22093
22095
22096
22102
22136
22138
26244
26245
26246
26248
26253
26254
26255
26257
26262
26263
26264
26266
26280
26281
26282
26284
26325
26326
26327
26329
26334
26335
26336
26338
26343
26344
26345
26347
26361
26362
26363
26365
26406
26407
26408
26410
26415
26416
26417
26419
26424
26425
26426
26428
26442
26443
26444
26446
26568
26569
26570
26572
26577
26578
26579
26581
26586
26587
26588
26590
26604
26605
26606
26608
26973
26974
26975
26977
26982
26983
26984
26986
26991
26992
26993
26995
27009
27010
27011
27013
27054
27055
27056
27058
27063
27064
27065
27067
27072
27073
27074
27076
27090
27091
27092
27094
27135
27136
27137
27139
27144
27145
27146
27148
27153
27154
27155
27157
27171
27172
27173
27175
27297
27298
27299
27301
27306
27307
27308
27310
27315
27316
27317
27319
27333
27334
27335
27337
27702
27703
27704
27706
27711
27712
27713
27715
27720
27721
27722
27724
27738
27739
27740
27742
27783
27784
27785
27787
27792
27793
27794
27796
27801
27802
27803
27805
27819
27820
27821
27823
27864
27865
27866
27868
27873
27874
27875
27877
27882
27883
27884
27886
27900
27901
27902
27904
28026
28027
28028
28030
28035
28036
28037
28039
28044
28045
28046
28048
28062
28063
28064
28066
29160
29161
29162
29164
29169
29170
29171
29173
29178
29179
29180
29182
29196
29197
29198
29200
29241
29242
29243
29245
29250
29251
29252
29254
29259
29260
29261
29263
29277
29278
29279
29281
29322
29323
29324
29326
29331
29332
29333
29335
29340
29341
29342
29344
29358
29359
29360
29362
29484
29485
29486
29488
29493
29494
29495
29497
29502
29503
29504
29506
29520
29521
29522
29524
29525
29529
29530
29531
29534
29543
29565
29566
29567
29570
29574
29575
29576
29583
29584
29585
29606
29610
29611
29612
29615
29624
29687
29691
29692
29693
29696
29705
29889
29890
29891
29894
29898
29899
29900
29907
29908
29909
29930
29934
29935
29936
29939
29948
29970
29971
29972
29975
29979
29980
29981
29988
29989
29990
30051
30052
30053
30056
30060
30061
30062
30069
30070
30071
30254
30258
30259
30260
30263
30272
30294
30295
30296
30299
30303
30304
30305
30312
30313
30314
30335
30339
30340
30341
30344
30353
30416
30420
30421
30422
30425
30434
30983
30987
30988
30989
30992
31001
31023
31024
31025
31028
31032
31033
31034
31041
31042
31043
31064
31068
31069
31070
31073
31082
31145
31149
31150
31151
31154
31163
32805
32806
32807
32810
32814
32815
32816
32823
32824
32825
32846
32850
32851
32852
32855
32864
32886
32887
32888
32891
32895
32896
32897
32904
32905
32906
32967
32968
32969
32972
32976
32977
32978
32985
32986
32987
33170
33174
33175
33176
33179
33188
33210
33211
33212
33215
33219
33220
33221
33228
33229
33230
33251
33255
33256
33257
33260
33269
33332
33336
33337
33338
33341
33350
33534
33535
33536
33539
33543
33544
33545
33552
33553
33554
33575
33579
33580
33581
33584
33593
33615
33616
33617
33620
33624
33625
33626
33633
33634
33635
33696
33697
33698
33701
33705
33706
33707
33714
33715
33716
34263
34264
34265
34268
34272
34273
34274
34281
34282
34283
34304
34308
34309
34310
34313
34322
34344
34345
34346
34349
34353
34354
34355
34362
34363
34364
34425
34426
34427
34430
34434
34435
34436
34443
34444
34445
36086
36090
36091
36092
36095
36104
36126
36127
36128
36131
36135
36136
36137
36144
36145
36146
36167
36171
36172
36173
36176
36185
36248
36252
36253
36254
36257
36266
36450
36451
36452
36455
36459
36460
36461
36468
36469
36470
36491
36495
36496
36497
36500
36509
36531
36532
36533
36536
36540
36541
36542
36549
36550
36551
36612
36613
36614
36617
36621
36622
36623
36630
36631
36632
36815
36819
36820
36821
36824
36833
36855
36856
36857
36860
36864
36865
36866
36873
36874
36875
36896
36900
36901
36902
36905
36914
36977
36981
36982
36983
36986
36995
37544
37548
37549
37550
37553
37562
37584
37585
37586
37589
37593
37594
37595
37602
37603
37604
37625
37629
37630
37631
37634
37643
37706
37710
37711
37712
37715
37724
42647
42651
42652
42653
42656
42665
42687
42688
42689
42692
42696
42697
42698
42705
42706
42707
42728
42732
42733
42734
42737
42746
42809
42813
42814
42815
42818
42827
43011
43012
43013
43016
43020
43021
43022
43029
43030
43031
43052
43056
43057
43058
43061
43070
43092
43093
43094
43097
43101
43102
43103
43110
43111
43112
43173
43174
43175
43178
43182
43183
43184
43191
43192
43193
43376
43380
43381
43382
43385
43394
43416
43417
43418
43421
43425
43426
43427
43434
43435
43436
43457
43461
43462
43463
43466
43475
43538
43542
43543
43544
43547
43556
44105
44109
44110
44111
44114
44123
44145
44146
44147
44150
44154
44155
44156
44163
44164
44165
44186
44190
44191
44192
44195
44204
44267
44271
44272
44273
44276
44285
59049
59050
59051
59053
59058
59059
59060
59062
59067
59068
59069
59071
59085
59086
59087
59089
59130
59131
59132
59134
59139
59140
59141
59143
59148
59149
59150
59152
59166
59167
59168
59170
59211
59212
59213
59215
59220
59221
59222
59224
59229
59230
59231
59233
59247
59248
59249
59251
59373
59374
59375
59377
59382
59383
59384
59386
59391
59392
59393
59395
59409
59410
59411
59413
59778
59779
59780
59782
59787
59788
59789
59791
59796
59797
59798
59800
59814
59815
59816
59818
59859
59860
59861
59863
59868
59869
59870
59872
59877
59878
59879
59881
59895
59896
59897
59899
59940
59941
59942
59944
59949
59950
59951
59953
59958
59959
59960
59962
59976
59977
59978
59980
60102
60103
60104
60106
60111
60112
60113
60115
60120
60121
60122
60124
60138
60139
60140
60142
60507
60508
60509
60511
60516
60517
60518
60520
60525
60526
60527
60529
60543
60544
60545
60547
60588
60589
60590
60592
60597
60598
60599
60601
60606
60607
60608
60610
60624
60625
60626
60628
60669
60670
60671
60673
60678
60679
60680
60682
60687
60688
60689
60691
60705
60706
60707
60709
60831
60832
60833
60835
60840
60841
60842
60844
60849
60850
60851
60853
60867
60868
60869
60871
61965
61966
61967
61969
61974
61975
61976
61978
61983
61984
61985
61987
62001
62002
62003
62005
62046
62047
62048
62050
62055
62056
62057
62059
62064
62065
62066
62068
62082
62083
62084
62086
62127
62128
62129
62131
62136
62137
62138
62140
62145
62146
62147
62149
62163
62164
62165
62167
62289
62290
62291
62293
62298
62299
62300
62302
62307
62308
62309
62311
62325
62326
62327
62329
65610
65611
65612
65614
65619
65620
65621
65623
65628
65629
65630
65632
65646
65647
65648
65650
65691
65692
65693
65695
65700
65701
65702
65704
65709
65710
65711
65713
65727
65728
65729
65731
65772
65773
65774
65776
65781
65782
65783
65785
65790
65791
65792
65794
65808
65809
65810
65812
65934
65935
65936
65938
65943
65944
65945
65947
65952
65953
65954
65956
65970
65971
65972
65974
66339
66340
66341
66343
66348
66349
66350
66352
66357
66358
66359
66361
66375
66376
66377
66379
66420
66421
66422
66424
66429
66430
66431
66433
66438
66439
66440
66442
66456
66457
66458
66460
66501
66502
66503
66505
66510
66511
66512
66514
66519
66520
66521
66523
66537
66538
66539
66541
66663
66664
66665
66667
66672
66673
66674
66676
66681
66682
66683
66685
66699
66700
66701
66703
67068
67069
67070
67072
67077
67078
67079
67081
67086
67087
67088
67090
67104
67105
67106
67108
67149
67150
67151
67153
67158
67159
67160
67162
67167
67168
67169
67171
67185
67186
67187
67189
67230
67231
67232
67234
67239
67240
67241
67243
67248
67249
67250
67252
67266
67267
67268
67270
67392
67393
67394
67396
67401
67402
67403
67405
67410
67411
67412
67414
67428
67429
67430
67432
68526
68527
68528
68530
68535
68536
68537
68539
68544
68545
68546
68548
68562
68563
68564
68566
68607
68608
68609
68611
68616
68617
68618
68620
68625
68626
68627
68629
68643
68644
68645
68647
68688
68689
68690
68692
68697
68698
68699
68701
68706
68707
68708
68710
68724
68725
68726
68728
68850
68851
68852
68854
68859
68860
68861
68863
68868
68869
68870
68872
68886
68887
68888
68890
72171
72172
72173
72175
72180
72181
72182
72184
72189
72190
72191
72193
72207
72208
72209
72211
72252
72253
72254
72256
72261
72262
72263
72265
72270
72271
72272
72274
72288
72289
72290
72292
72333
72334
72335
72337
72342
72343
72344
72346
72351
72352
72353
72355
72369
72370
72371
72373
72495
72496
72497
72499
72504
72505
72506
72508
72513
72514
72515
72517
72531
72532
72533
72535
72900
72901
72902
72904
72909
72910
72911
72913
72918
72919
72920
72922
72936
72937
72938
72940
72981
72982
72983
72985
72990
72991
72992
72994
72999
73000
73001
73003
73017
73018
73019
73021
73062
73063
73064
73066
73071
73072
73073
73075
73080
73081
73082
73084
73098
73099
73100
73102
73224
73225
73226
73228
73233
73234
73235
73237
73242
73243
73244
73246
73260
73261
73262
73264
73629
73630
73631
73633
73638
73639
73640
73642
73647
73648
73649
73651
73665
73666
73667
73669
73710
73711
73712
73714
73719
73720
73721
73723
73728
73729
73730
73732
73746
73747
73748
73750
73791
73792
73793
73795
73800
73801
73802
73804
73809
73810
73811
73813
73827
73828
73829
73831
73953
73954
73955
73957
73962
73963
73964
73966
73971
73972
73973
73975
73989
73990
73991
73993
75087
75088
75089
75091
75096
75097
75098
75100
75105
75106
75107
75109
75123
75124
75125
75127
75168
75169
75170
75172
75177
75178
75179
75181
75186
75187
75188
75190
75204
75205
75206
75208
75249
75250
75251
75253
75258
75259
75260
75262
75267
75268
75269
75271
75285
75286
75287
75289
75411
75412
75413
75415
75420
75421
75422
75424
75429
75430
75431
75433
75447
75448
75449
75451
85293
85294
85295
85297
85302
85303
85304
85306
85311
85312
85313
85315
85329
85330
85331
85333
85374
85375
85376
85378
85383
85384
85385
85387
85392
85393
85394
85396
85410
85411
85412
85414
85455
85456
85457
85459
85464
85465
85466
85468
85473
85474
85475
85477
85491
85492
85493
85495
85617
85618
85619
85621
85626
85627
85628
85630
85635
85636
85637
85639
85653
85654
85655
85657
86022
86023
86024
86026
86031
86032
86033
86035
86040
86041
86042
86044
86058
86059
86060
86062
86103
86104
86105
86107
86112
86113
86114
86116
86121
86122
86123
86125
86139
86140
86141
86143
86184
86185
86186
86188
86193
86194
86195
86197
86202
86203
86204
86206
86220
86221
86222
86224
86346
86347
86348
86350
86355
86356
86357
86359
86364
86365
86366
86368
86382
86383
86384
86386
86751
86752
86753
86755
86760
86761
86762
86764
86769
86770
86771
86773
86787
86788
86789
86791
86832
86833
86834
86836
86841
86842
86843
86845
86850
86851
86852
86854
86868
86869
86870
86872
86913
86914
86915
86917
86922
86923
86924
86926
86931
86932
86933
86935
86949
86950
86951
86953
87075
87076
87077
87079
87084
87085
87086
87088
87093
87094
87095
87097
87111
87112
87113
87115
88209
88210
88211
88213
88218
88219
88220
88222
88227
88228
88229
88231
88245
88246
88247
88249
88290
88291
88292
88294
88299
88300
88301
88303
88308
88309
88310
88312
88326
88327
88328
88330
88371
88372
88373
88375
88380
88381
88382
88384
88389
88390
88391
88393
88407
88408
88409
88411
88533
88534
88535
88537
88542
88543
88544
88546
88551
88552
88553
88555
88569
88570
88571
88573
