3
4
7
9
10
12
13
16
19
21
22
25
27
28
30
31
34
36
37
39
40
43
46
48
49
52
55
57
58
61
63
64
66
67
70
73
75
76
79
81
82
84
85
88
90
91
93
94
97
100
102
103
106
108
109
111
112
115
117
118
120
121
124
127
129
130
133
136
138
139
142
144
145
147
148
151
154
156
157
163
165
166
169
171
172
174
175
178
181
183
184
187
189
190
192
193
196
198
199
201
202
205
208
210
211
214
217
219
220
223
225
226
228
229
232
235
237
238
241
243
244
246
247
250
252
253
255
256
259
262
264
265
268
270
271
273
274
277
279
280
282
283
286
289
291
292
295
300
301
304
306
307
309
310
313
316
318
319
322
324
325
327
328
331
333
334
336
337
340
343
345
346
349
351
352
354
355
358
360
361
363
364
367
370
372
373
376
381
382
385
387
388
390
394
399
400
408
412
414
426
427
432
433
435
436
442
444
445
451
454
462
463
466
468
480
489
490
493
495
496
498
502
505
507
508
511
513
514
516
517
520
522
523
525
526
529
532
535
541
543
544
547
549
550
552
553
556
559
561
565
567
568
570
571
574
576
577
579
580
586
588
589
592
594
595
597
598
601
603
604
607
610
613
615
616
619
624
625
628
630
631
633
634
637
642
643
651
652
655
657
658
660
661
664
667
669
670
673
675
676
678
679
682
684
685
687
688
691
694
696
697
700
703
705
706
709
711
712
715
718
721
723
724
729
730
732
733
736
738
739
741
742
745
748
750
751
754
756
757
759
760
763
765
766
768
769
772
775
777
778
781
784
786
787
790
792
793
795
796
799
802
804
805
808
810
811
813
814
817
819
820
822
823
826
831
832
835
837
838
840
841
844
846
847
849
850
853
856
858
859
862
865
867
868
871
873
874
876
877
880
883
885
886
889
898
900
901
903
904
910
912
913
918
919
921
922
925
927
928
930
934
939
943
946
948
949
952
954
955
957
958
961
966
967
970
972
973
975
976
981
982
984
985
988
997
999
1000
1002
1003
1006
1008
1009
1011
1012
1015
1018
1020
1021
1024
1027
1038
1042
1047
1048
1051
1053
1054
1056
1057
1060
1062
1063
1065
1066
1072
1074
1078
1080
1081
1083
1084
1089
1090
1092
1093
1101
1105
1110
1111
1114
1116
1119
1123
1126
1128
1132
1141
1144
1147
1153
1162
1168
1170
1171
1177
1182
1200
1204
1209
1210
1219
1224
1242
1246
1249
1251
1252
1258
1263
1264
1270
1273
1276
1278
1279
1296
1297
1300
1305
1306
1308
1312
1318
1326
1327
1345
1369
1384
1386
1387
1389
1396
1402
1404
1405
1411
1423
1429
1432
1438
1444
1447
1450
1488
1489
1492
1494
1497
1504
1507
1510
1513
1515
1516
1519
1521
1522
1528
1533
1539
1540
1542
1546
1548
1549
1551
1558
1566
1567
1569
1573
1578
1585
1587
1588
1591
1594
1596
1597
1605
1606
1612
1614
1615
1627
1629
1630
1632
1639
1641
1645
1647
1648
1650
1651
1656
1659
1663
1668
1672
1675
1681
1683
1687
1701
1702
1704
1708
1710
1711
1714
1717
1720
1722
1728
1729
1731
1735
1737
1740
1747
1756
1758
1759
1764
1776
1777
1782
1783
1794
1795
1801
1804
1809
1810
1812
1821
1825
1830
1831
1834
1843
1845
1846
1848
1849
1852
1855
1858
1861
1870
1872
1876
1879
1882
1884
1888
1890
1891
1893
1894
1899
1902
1906
1909
1911
1912
1915
1924
1926
1927
1929
1930
1933
1942
1953
1956
1960
1966
1971
1972
1980
1983
1993
1996
2001
2002
2019
2025
2026
2028
2029
2034
2035
2037
2038
2044
2046
2050
2052
2053
2055
2056
2061
2062
2064
2065
2068
2074
2077
2082
2083
2088
2089
2091
2092
2095
2100
2104
2119
2122
2149
2154
2158
2161
2163
2164
2167
2169
2170
2172
2173
2176
2185
2187
2188
2190
2191
2194
2196
2197
2199
2200
2206
2208
2212
2214
2215
2217
2218
2223
2224
2226
2227
2244
2245
2248
2250
2251
2254
2257
2260
2262
2263
2268
2269
2271
2272
2275
2277
2278
2280
2281
2284
2287
2290
2293
2295
2296
2298
2299
2302
2304
2305
2307
2308
2341
2356
2358
2359
2361
2368
2370
2374
2376
2377
2379
2388
2392
2397
2401
2412
2413
2415
2416
2419
2428
2430
2431
2433
2434
2437
2439
2440
2442
2443
2449
2451
2455
2457
2458
2460
2461
2464
2466
2467
2469
2470
2482
2491
2493
2496
2503
2505
2506
2511
2512
2514
2515
2520
2521
2523
2524
2536
2538
2539
2541
2542
2545
2547
2548
2550
2551
2557
2559
2560
2566
2626
2628
2629
2635
2640
2647
2649
2650
2658
2662
2667
2668
2700
2701
2707
2709
2710
2716
2721
2722
2730
2731
2734
2736
2737
2754
2755
2758
2763
2764
2766
2770
2802
2803
2809
2815
2817
2827
2829
2830
2842
2844
2847
2854
2862
2863
2865
2866
2871
2872
2874
2875
2878
2883
2884
2910
2911
2916
2917
2919
2920
2925
2926
2928
2929
2932
2941
2943
2944
2946
2947
2950
2952
2953
2955
2956
2959
2964
2991
2992
2997
2998
3000
3001
3006
3007
3009
3010
3013
3018
3022
3024
3025
3027
3028
3033
3034
3036
3037
3046
3055
3058
3060
3061
3121
3130
3141
3142
3144
3145
3148
3157
3159
3160
3162
3163
3168
3169
3171
3172
3184
3186
3187
3189
3190
3195
3196
3198
3199
3234
3235
3240
3241
3243
3244
3249
3250
3252
3253
3265
3267
3268
3270
3271
3276
3277
3279
3280
3355
3357
3358
3364
3369
3387
3391
3396
3397
3436
3438
3439
3445
3450
3451
3460
3463
3465
3466
3483
3484
3487
3492
3493
3495
3499
3504
3510
3511
3514
3532
3541
3544
3546
3547
3585
3591
3592
3595
3598
3600
3601
3607
3612
3630
3634
3639
3640
3792
3796
3801
3802
3828
3834
3835
3838
3873
3877
3882
3883
3888
3889
3892
3897
3898
3900
3904
3922
3924
3925
3931
3936
4107
4108
4152
4158
4159
4161
4162
4167
4168
4171
4188
4189
4306
4309
4336
4341
4350
4351
4557
4563
4564
4566
4579
4584
4617
4618
4620
4624
4626
4627
4638
4644
4645
4647
4648
4653
4654
4657
4674
4675
4698
4699
4701
4705
4707
4708
4711
4714
4729
4734
4735
4738
4836
4837
4881
4887
4888
4890
4891
4896
4897
4900
4917
4918
4921
4923
4924
4927
4930
4941
4942
4944
4948
4950
4951
4972
4977
4978
4981
4984
4989
5002
5004
5005
5008
5011
5103
5104
5106
5110
5112
5113
5124
5130
5131
5133
5160
5161
5164
5166
5167
5170
5173
5184
5185
5187
5191
5193
5194
5377
5382
5383
5386
5403
5404
5427
5428
5430
5434
5436
5437
5440
5443
5458
5463
5464
5467
5470
5475
5476
5488
5490
5491
5494
5497
5502
5503
5521
5524
5529
5535
5536
5538
5539
5544
5545
5547
5548
5551
5556
5557
5583
5584
5650
5652
5653
5656
5659
5670
5671
5673
5677
5679
5680
5701
5706
5707
5710
5713
5718
5719
5731
5733
5734
5737
5740
5745
5746
5778
5779
5781
5782
5787
5788
5790
5791
5799
5800
5826
5827
6075
6076
6078
6079
6084
6085
6087
6088
6102
6103
6105
6106
6111
6112
6114
6115
6150
6151
6156
6157
6159
6160
6165
6166
6168
6169
6183
6184
6186
6187
6192
6193
6195
6196
6204
6205
6231
6232
6264
6265
6267
6268
6273
6274
6276
6277
6285
6286
6312
6313
6447
6448
6474
6475
6507
6508
6510
6511
6516
6517
6519
6520
6528
6529
6555
6556
6561
6562
6564
6565
6568
6570
6571
6573
6574
6577
6582
6586
6588
6589
6591
6592
6595
6597
6598
6600
6601
6604
6609
6618
6619
6622
6624
6625
6628
6631
6636
6637
6642
6643
6645
6646
6649
6651
6652
6654
6655
6658
6663
6667
6669
6670
6672
6673
6678
6679
6681
6682
6691
6700
6703
6705
6706
6744
6750
6751
6753
6766
6771
6775
6786
6787
6789
6790
6793
6802
6804
6805
6807
6808
6811
6813
6814
6816
6817
6825
6829
6831
6832
6834
6835
6840
6841
6843
6844
6853
6862
6865
6867
6868
6879
6880
6885
6886
6888
6889
6894
6895
6897
6898
6901
6910
6912
6913
6915
6916
6921
6922
6924
6925
6934
6943
6946
6948
6949
6951
6955
6960
6961
6987
6993
6994
6997
7023
7024
7068
7074
7075
7077
7078
7083
7084
7087
7104
7105
7108
7110
7111
7114
7117
7128
7129
7131
7135
7137
7138
7159
7164
7165
7168
7171
7176
7177
7189
7191
7192
7195
7198
7203
7204
7236
7237
7239
7240
7245
7246
7248
7249
7257
7258
7284
7285
7290
7291
7293
7294
7297
7299
7300
7302
7303
7306
7311
7315
7317
7318
7320
7321
7324
7326
7327
7329
7330
7333
7338
7347
7348
7351
7353
7354
7357
7360
7365
7366
7371
7372
7374
7375
7378
7380
7381
7383
7384
7387
7392
7396
7398
7399
7401
7402
7407
7408
7410
7411
7420
7429
7432
7434
7435
7437
7441
7446
7447
7473
7479
7480
7483
7495
7504
7515
7516
7518
7519
7522
7527
7528
7531
7533
7534
7536
7537
7542
7543
7545
7546
7549
7558
7560
7561
7563
7564
7567
7569
7570
7572
7573
7576
7581
7608
7609
7614
7615
7617
7618
7623
7624
7626
7627
7639
7641
7642
7644
7645
7650
7651
7653
7654
7729
7731
7732
7738
7743
7761
7765
7770
7771
7810
7812
7813
7819
7824
7825
7834
7837
7839
7840
7857
7858
7861
7866
7867
7869
7873
7878
7884
7885
7888
7906
7915
7918
7920
7921
7959
7965
7966
7969
7972
7974
7975
7981
7986
8004
8008
8013
8014
8166
8170
8175
8176
8202
8208
8209
8212
8247
8251
8256
8257
8262
8263
8266
8271
8272
8274
8278
8296
8298
8299
8305
8310
8386
8395
8406
8407
8409
8410
8413
8422
8467
8476
8487
8488
8490
8491
8494
8503
8586
8587
8589
8590
8595
8596
8598
8599
8607
8611
8613
8614
8616
8617
8622
8623
8625
8626
8629
8635
8638
8644
8647
8649
8650
8652
8653
8656
8665
8688
8694
8695
8698
8701
8703
8704
8710
8715
8719
8730
8731
8733
8734
8737
8742
8743
8746
8748
8749
8751
8752
8757
8758
8760
8761
8764
8773
8775
8776
8778
8779
8782
8784
8785
8787
8788
8791
8796
8823
8824
8829
8830
8832
8833
8838
8839
8841
8842
8845
8850
8854
8856
8857
8859
8860
8865
8866
8868
8869
8878
8887
8890
8892
8893
8953
8962
8973
8974
8976
8977
8980
8989
8991
8992
8994
8995
9000
9001
9003
9004
9016
9018
9019
9021
9022
9027
9028
9030
9031
9040
9049
9052
9054
9055
9066
9067
9072
9073
9075
9076
9081
9082
9084
9085
9088
9097
9099
9100
9102
9103
9108
9109
9111
9112
9121
9130
9133
9135
9136
9138
9142
9147
9148
9174
9180
9181
9184
9363
9364
9390
9391
9423
9424
9426
9427
9432
9433
9435
9436
9444
9445
9471
9472
9477
9478
9480
9481
9486
9487
9489
9490
9502
9504
9505
9507
9508
9513
9514
9516
9517
9552
9553
9558
9559
9561
9562
9567
9568
9570
9571
9583
9585
9586
9588
9589
9594
9595
9597
9598
9682
9691
9702
9703
9705
9706
9709
9718
9720
9721
9723
9724
9729
9730
9732
9733
9745
9747
9748
9750
9751
9756
9757
9759
9760
9795
9796
9801
9802
9804
9805
9810
9811
9813
9814
9826
9828
9829
9831
9832
9837
9838
9840
9841
10498
10507
10510
10512
10513
10530
10531
10534
10539
10540
10542
10546
10579
10588
10591
10593
10594
10596
10600
10605
10606
10632
10638
10639
10642
10794
10800
10801
10804
10822
10831
10834
10836
10837
10875
10881
10882
10885
10888
10890
10891
10897
10902
10920
10924
10929
10930
11227
11236
11239
11241
11242
11259
11260
11263
11268
11269
11271
11275
11308
11317
11320
11322
11323
11325
11329
11334
11335
11361
11367
11368
11371
11374
11376
11377
11383
11388
11406
11410
11415
11416
11455
11457
11458
11464
11469
11470
11479
11482
11484
11485
11502
11503
11506
11511
11512
11514
11518
11664
11665
11668
11673
11674
11676
11680
11698
11700
11701
11707
11712
11745
11746
11749
11754
11755
11757
11761
11766
11772
11773
11776
11794
11803
11806
11808
11809
16405
16414
16425
16426
16428
16429
16432
16441
16486
16495
16506
16507
16509
16510
16513
16522
16605
16606
16608
16609
16614
16615
16617
16618
16630
16632
16633
16635
16636
16641
16642
16644
16645
16648
16657
16668
16669
16671
16672
16675
16684
16729
16738
16749
16750
16752
16753
16756
16765
17134
17143
17154
17155
17157
17158
17161
17170
17215
17224
17235
17236
17238
17239
17242
17251
17334
17335
17337
17338
17343
17344
17346
17347
17359
17361
17362
17364
17365
17370
17371
17373
17374
17377
17386
17397
17398
17400
17401
17404
17413
17458
17467
17478
17479
17481
17482
17485
17494
18225
18226
18228
18229
18234
18235
18237
18238
18250
18252
18253
18255
18256
18261
18262
18264
18265
18306
18307
18309
18310
18315
18316
18318
18319
18331
18333
18334
18336
18337
18342
18343
18345
18346
18430
18439
18450
18451
18453
18454
18457
18466
18468
18469
18471
18472
18477
18478
18480
18481
18493
18495
18496
18498
18499
18504
18505
18507
18508
18549
18550
18552
18553
18558
18559
18561
18562
18574
18576
18577
18579
18580
18585
18586
18588
18589
18592
18601
18612
18613
18615
18616
18619
18628
18673
18682
18693
18694
18696
18697
18700
18709
18792
18793
18795
18796
18801
18802
18804
18805
18817
18819
18820
18822
18823
18828
18829
18831
18832
18835
18844
18855
18856
18858
18859
18862
18871
18916
18925
18936
18937
18939
18940
18943
18952
19321
19330
19341
19342
19344
19345
19348
19357
19402
19411
19422
19423
19425
19426
19429
19438
19521
19522
19524
19525
19530
19531
19533
19534
19546
19548
19549
19551
19552
19557
19558
19560
19561
19564
19573
19584
19585
19587
19588
19591
19600
19645
19654
19665
19666
19668
19669
19672
19681
19683
19684
19686
19687
19692
19693
19695
19696
19708
19710
19711
19713
19714
19719
19720
19722
19723
19764
19765
19767
19768
19773
19774
19776
19777
19789
19791
19792
19794
19795
19800
19801
19803
19804
19888
19897
19908
19909
19911
19912
19915
19924
19926
19927
19929
19930
19935
19936
19938
19939
19951
19953
19954
19956
19957
19962
19963
19965
19966
20007
20008
20010
20011
20016
20017
20019
20020
20032
20034
20035
20037
20038
20043
20044
20046
20047
20412
20413
20415
20416
20421
20422
20424
20425
20437
20439
20440
20442
20443
20448
20449
20451
20452
20493
20494
20496
20497
20502
20503
20505
20506
20518
20520
20521
20523
20524
20529
20530
20532
20533
20617
20626
20637
20638
20640
20641
20644
20653
20655
20656
20658
20659
20664
20665
20667
20668
20680
20682
20683
20685
20686
20691
20692
20694
20695
20736
20737
20739
20740
20745
20746
20748
20749
20761
20763
20764
20766
20767
20772
20773
20775
20776
21508
21517
21528
21529
21531
21532
21535
21544
21589
21598
21609
21610
21612
21613
21616
21625
21708
21709
21711
21712
21717
21718
21720
21721
21733
21735
21736
21738
21739
21744
21745
21747
21748
21751
21760
21771
21772
21774
21775
21778
21787
21832
21841
21852
21853
21855
21856
21859
21868
21870
21871
21873
21874
21879
21880
21882
21883
21895
21897
21898
21900
21901
21906
21907
21909
21910
21951
21952
21954
21955
21960
21961
21963
21964
21976
21978
21979
21981
21982
21987
21988
21990
21991
22075
22084
22095
22096
22098
22099
22102
22111
22113
22114
22116
22117
22122
22123
22125
22126
22138
22140
22141
22143
22144
22149
22150
22152
22153
22194
22195
22197
22198
22203
22204
22206
22207
22219
22221
22222
22224
22225
22230
22231
22233
22234
22599
22600
22602
22603
22608
22609
22611
22612
22624
22626
22627
22629
22630
22635
22636
22638
22639
22680
22681
22683
22684
22689
22690
22692
22693
22705
22707
22708
22710
22711
22716
22717
22719
22720
22804
22813
22824
22825
22827
22828
22831
22840
22842
22843
22845
22846
22851
22852
22854
22855
22867
22869
22870
22872
22873
22878
22879
22881
22882
22923
22924
22926
22927
22932
22933
22935
22936
22948
22950
22951
22953
22954
22959
22960
22962
22963
26244
26245
26247
26248
26253
26254
26256
26257
26269
26271
26272
26274
26275
26280
26281
26283
26284
26325
26326
26328
26329
26334
26335
26337
26338
26350
26352
26353
26355
26356
26361
26362
26364
26365
26449
26458
26469
26470
26472
26473
26476
26485
26487
26488
26490
26491
26496
26497
26499
26500
26512
26514
26515
26517
26518
26523
26524
26526
26527
26568
26569
26571
26572
26577
26578
26580
26581
26593
26595
26596
26598
26599
26604
26605
26607
26608
26973
26974
26976
26977
26982
26983
26985
26986
26998
27000
27001
27003
27004
27009
27010
27012
27013
27054
27055
27057
27058
27063
27064
27066
27067
27079
27081
27082
27084
27085
27090
27091
27093
27094
27178
27187
27198
27199
27201
27202
27205
27214
27216
27217
27219
27220
27225
27226
27228
27229
27241
27243
27244
27246
27247
27252
27253
27255
27256
27297
27298
27300
27301
27306
27307
27309
27310
27322
27324
27325
27327
27328
27333
27334
27336
27337
28069
28078
28089
28090
28092
28093
28096
28105
28150
28159
28170
28171
28173
28174
28177
28186
28269
28270
28272
28273
28278
28279
28281
28282
28294
28296
28297
28299
28300
28305
28306
28308
28309
28312
28321
28332
28333
28335
28336
28339
28348
28393
28402
28413
28414
28416
28417
28420
28429
28431
28432
28434
28435
28440
28441
28443
28444
28456
28458
28459
28461
28462
28467
28468
28470
28471
28512
28513
28515
28516
28521
28522
28524
28525
28537
28539
28540
28542
28543
28548
28549
28551
28552
28636
28645
28656
28657
28659
28660
28663
28672
28674
28675
28677
28678
28683
28684
28686
28687
28699
28701
28702
28704
28705
28710
28711
28713
28714
28755
28756
28758
28759
28764
28765
28767
28768
28780
28782
28783
28785
28786
28791
28792
28794
28795
29160
29161
29163
29164
29169
29170
29172
29173
29185
29187
29188
29190
29191
29196
29197
29199
29200
29241
29242
29244
29245
29250
29251
29253
29254
29266
29268
29269
29271
29272
29277
29278
29280
29281
29365
29374
29385
29386
29388
29389
29392
29401
29403
29404
29406
29407
29412
29413
29415
29416
29428
29430
29431
29433
29434
29439
29440
29442
29443
29484
29485
29487
29488
29493
29494
29496
29497
29509
29511
29512
29514
29515
29520
29521
29523
29524
