2
3
4
5
6
7
8
9
10
11
12
13
14
15
16
17
18
19
20
21
22
23
24
25
26
27
28
29
30
31
32
33
34
35
36
37
38
39
40
41
42
43
44
45
46
47
48
49
50
51
52
53
54
55
56
57
58
59
60
61
62
63
64
65
66
67
68
69
70
71
72
73
74
75
76
77
78
79
80
81
82
83
84
85
86
87
88
89
90
91
92
93
94
95
96
97
98
99
100
101
102
103
104
105
106
107
108
109
110
111
112
113
114
115
116
117
118
119
120
121
122
123
124
125
126
127
128
129
130
131
132
133
134
135
136
137
138
139
140
141
142
143
144
145
146
147
148
149
150
151
152
153
154
155
156
157
158
159
160
161
162
163
164
165
166
167
168
169
170
171
172
173
174
175
176
177
178
179
180
181
182
183
184
185
186
187
188
189
190
191
192
193
194
195
196
197
198
199
200
201
202
203
204
205
206
207
208
209
210
211
212
213
214
215
216
217
218
219
220
221
222
223
224
225
226
227
228
229
230
231
232
233
234
235
236
237
238
239
240
241
242
243
244
245
246
247
248
249
250
251
252
253
254
255
256
257
258
259
260
261
262
263
264
265
266
267
268
269
270
271
272
273
274
275
276
277
278
279
280
281
282
283
284
285
286
287
288
289
290
291
292
293
294
295
296
297
298
299
300
301
302
303
304
305
306
307
308
309
310
311
312
313
315
316
317
318
319
320
321
322
323
324
325
326
327
328
329
330
331
332
333
334
335
336
337
338
339
340
341
342
343
344
345
346
347
348
349
350
351
355
358
359
360
361
362
363
364
365
366
367
368
369
370
371
372
373
374
375
376
377
378
379
380
381
382
383
384
385
386
387
388
389
390
391
392
393
394
395
396
397
398
399
401
402
403
404
405
406
407
408
409
410
411
413
414
415
416
417
418
419
420
421
422
423
424
425
426
427
429
430
431
432
433
434
435
436
437
438
439
440
441
442
443
444
445
446
447
448
449
450
451
452
453
454
455
456
457
458
459
460
461
462
463
464
465
466
467
468
469
470
471
472
473
474
475
476
477
478
479
480
481
482
483
484
485
486
487
488
489
490
491
492
493
494
495
496
497
498
499
500
501
502
503
504
505
506
507
508
509
510
511
512
513
514
515
516
517
518
519
520
521
522
523
524
525
526
527
528
529
530
531
532
533
534
536
537
538
539
540
541
542
543
544
545
546
547
548
549
550
551
552
553
554
555
556
557
558
559
560
561
563
564
566
567
568
569
570
571
572
573
574
576
577
578
579
581
582
583
584
585
586
587
588
589
590
591
592
593
594
597
598
599
600
601
602
603
604
605
607
608
609
610
611
612
613
614
615
616
617
618
619
620
621
622
623
624
626
627
628
629
630
631
632
633
634
635
636
638
639
642
644
645
646
648
649
650
651
652
653
654
655
656
657
658
659
660
661
662
663
664
665
666
667
668
669
672
675
676
677
678
680
681
683
684
685
687
688
689
690
691
693
694
696
697
698
699
701
702
703
705
707
708
710
712
716
717
718
720
721
723
724
725
726
728
729
730
731
732
733
734
735
736
737
738
739
740
741
742
743
744
745
746
747
748
749
750
751
752
753
754
755
756
757
758
759
760
761
762
763
764
765
766
767
769
770
771
772
773
774
775
776
777
778
779
780
781
782
783
784
786
787
788
789
790
791
792
793
795
796
797
798
799
800
801
802
804
805
806
807
809
810
811
812
813
814
815
816
817
818
819
820
821
822
823
824
825
826
827
828
829
830
831
832
834
835
836
837
838
839
840
842
843
845
846
847
849
850
852
854
855
856
858
860
861
862
863
864
865
866
867
868
869
870
871
872
873
874
875
876
877
878
879
880
881
882
883
884
885
887
888
889
890
891
892
893
894
895
896
897
898
900
901
902
903
905
906
907
908
909
910
911
912
913
915
916
917
918
919
921
922
923
924
925
927
928
929
930
931
933
934
938
939
941
942
945
946
947
948
949
950
951
954
955
956
957
960
961
962
963
964
965
966
969
970
971
972
973
974
975
976
977
978
979
980
981
982
983
984
985
986
987
988
989
990
991
993
994
995
996
998
999
1000
1002
1004
1005
1006
1007
1010
1011
1013
1014
1015
1017
1018
1019
1020
1021
1022
1023
1025
1026
1027
1029
1031
1032
1034
1040
1041
1042
1044
1045
1047
1048
1049
1050
1052
1053
1054
1055
1058
1061
1062
1063
1065
1066
1080
1081
1082
1085
1088
1089
1090
1092
1093
1094
1095
1096
1097
1098
1099
1101
1102
1103
1104
1106
1107
1108
1109
1110
1111
1112
1113
1115
1116
1117
1119
1120
1124
1125
1126
1128
1131
1133
1134
1135
1136
1137
1139
1140
1142
1143
1144
1146
1147
1148
1149
1151
1155
1156
1158
1160
1161
1162
1163
1164
1166
1167
1168
1169
1170
1171
1172
1173
1174
1175
1176
1177
1178
1179
1180
1181
1182
1183
1184
1185
1186
1187
1188
1189
1191
1193
1194
1195
1196
1197
1198
1202
1203
1204
1206
1207
1209
1210
1211
1212
1214
1215
1216
1217
1218
1219
1220
1221
1222
1223
1224
1225
1226
1227
1228
1229
1230
1231
1232
1233
1234
1235
1236
1237
1238
1239
1240
1241
1242
1243
1244
1245
1246
1247
1248
1249
1250
1251
1252
1253
1254
1256
1257
1258
1259
1260
1261
1262
1263
1264
1265
1266
1267
1268
1269
1270
1272
1274
1275
1276
1277
1278
1279
1283
1284
1285
1287
1288
1290
1291
1292
1293
1295
1296
1297
1298
1299
1300
1301
1302
1303
1304
1305
1306
1307
1308
1309
1311
1312
1313
1314
1315
1316
1320
1321
1322
1323
1324
1325
1328
1329
1330
1331
1332
1333
1334
1335
1336
1338
1339
1343
1344
1350
1351
1352
1353
1354
1355
1359
1360
1361
1362
1365
1366
1367
1368
1369
1370
1371
1374
1375
1376
1377
1378
1379
1380
1381
1382
1383
1385
1386
1387
1388
1389
1391
1392
1393
1394
1395
1396
1397
1401
1402
1403
1404
1405
1407
1409
1410
1411
1412
1415
1416
1419
1420
1422
1423
1424
1425
1427
1428
1430
1431
1432
1433
1434
1435
1436
1437
1439
1440
1441
1442
1443
1446
1447
1448
1449
1450
1451
1452
1454
1455
1456
1457
1458
1459
1460
1461
1462
1463
1464
1465
1466
1467
1468
1469
1470
1471
1472
1473
1474
1475
1476
1477
1478
1479
1480
1481
1482
1483
1484
1485
1486
1487
1488
1489
1490
1494
1495
1496
1499
1500
1501
1502
1503
1504
1505
1506
1507
1508
1509
1510
1511
1512
1513
1518
1519
1521
1522
1526
1527
1528
1530
1531
1533
1534
1535
1538
1539
1540
1541
1542
1543
1544
1545
1546
1547
1548
1549
1550
1551
1552
1554
1555
1556
1557
1558
1559
1563
1564
1565
1566
1567
1568
1571
1574
1575
1576
1578
1579
1590
1591
1593
1594
1595
1596
1597
1598
1599
1600
1602
1603
1604
1608
1609
1610
1611
1612
1613
1617
1618
1619
1620
1621
1622
1623
1624
1625
1629
1630
1631
1635
1636
1637
1638
1639
1640
1644
1645
1646
1674
1675
1676
1677
1678
1679
1683
1684
1685
1689
1690
1691
1692
1693
1694
1698
1699
1700
1752
1753
1755
1756
1761
1762
1764
1765
1766
1767
1775
1776
1800
1801
1809
1810
1833
1834
1836
1837
1842
1843
1845
1846
1847
1848
1856
1857
1881
1882
1890
1891
1944
1945
1946
1947
1948
1949
1953
1954
1955
1959
1960
1961
1962
1963
1964
1968
1969
1970
1971
1972
1973
1974
1975
1976
1980
1981
1982
1986
1987
1988
1989
1990
1991
1995
1996
1997
2025
2026
2027
2028
2029
2030
2034
2035
2036
2040
2041
2042
2043
2044
2045
2049
2050
2051
2079
2080
2081
2082
2083
2084
2088
2089
2090
2094
2095
2096
2097
2098
2099
2103
2104
2105
2106
2107
2108
2109
2110
2111
2115
2116
2117
2121
2122
2123
2124
2125
2126
2130
2131
2132
2160
2161
2162
2163
2164
2165
2169
2170
2171
2175
2176
2177
2178
2179
2180
2184
2185
2186
2187
2188
2189
2190
2191
2192
2193
2195
2196
2197
2198
2199
2201
2202
2203
2204
2205
2206
2207
2211
2212
2213
2214
2215
2216
2217
2218
2219
2220
2222
2223
2224
2225
2229
2230
2231
2232
2233
2234
2235
2237
2238
2239
2240
2241
2242
2244
2246
2247
2249
2259
2260
2262
2264
2265
2267
2268
2269
2270
2271
2272
2273
2274
2276
2277
2278
2279
2280
2282
2283
2284
2285
2286
2287
2288
2292
2293
2294
2295
2296
2298
2300
2301
2303
2313
2314
2316
2318
2319
2321
2322
2323
2324
2325
2326
2327
2328
2330
2331
2332
2333
2337
2338
2339
2340
2341
2342
2343
2345
2346
2347
2348
2349
2350
2351
2352
2353
2354
2358
2359
2360
2364
2365
2366
2367
2368
2369
2373
2374
2375
2403
2404
2405
2406
2407
2408
2412
2413
2414
2418
2419
2420
2421
2422
2423
2427
2428
2429
2430
2431
2432
2433
2434
2435
2436
2438
2439
2440
2441
2442
2444
2445
2446
2447
2448
2449
2450
2454
2455
2456
2457
2458
2459
2460
2461
2462
2463
2465
2466
2467
2468
2472
2473
2474
2475
2476
2477
2478
2480
2481
2482
2483
2484
2485
2487
2489
2490
2492
2502
2503
2505
2507
2508
2510
2511
2512
2513
2514
2515
2516
2520
2521
2522
2526
2527
2528
2529
2530
2531
2535
2536
2537
2565
2566
2567
2568
2569
2570
2574
2575
2576
2580
2581
2582
2583
2584
2585
2589
2590
2591
2592
2593
2594
2595
2596
2597
2598
2600
2601
2602
2603
2604
2606
2607
2608
2609
2610
2611
2612
2616
2617
2618
2619
2620
2622
2624
2625
2627
2637
2638
2640
2642
2643
2645
2646
2647
2648
2649
2650
2651
2652
2654
2655
2656
2657
2661
2662
2663
2664
2665
2666
2667
2669
2670
2671
2672
2673
2674
2676
2678
2679
2681
2682
2683
2685
2687
2688
2690
2700
2701
2703
2705
2706
2708
2718
2719
2721
2723
2724
2726
2727
2728
2730
2732
2733
2735
2745
2746
2748
2750
2751
2753
2835
2836
2838
2840
2841
2843
2844
2845
2847
2849
2850
2852
2862
2863
2865
2867
2868
2870
2880
2881
2883
2885
2886
2888
2889
2890
2892
2894
2895
2897
2907
2908
2910
2912
2913
2915
2916
2917
2918
2919
2920
2921
2925
2926
2927
2931
2932
2933
2934
2935
2936
2940
2941
2942
2943
2944
2945
2946
2947
2948
2952
2953
2954
2958
2959
2960
2961
2962
2963
2967
2968
2969
2997
2998
2999
3000
3001
3002
3006
3007
3008
3012
3013
3014
3015
3016
3017
3021
3022
3023
3051
3052
3053
3054
3055
3056
3060
3061
3062
3066
3067
3068
3069
3070
3071
3075
3076
3077
3078
3079
3080
3081
3082
3083
3087
3088
3089
3093
3094
3095
3096
3097
3098
3102
3103
3104
3132
3133
3134
3135
3136
3137
3141
3142
3143
3147
3148
3149
3150
3151
3152
3156
3157
3158
3645
3646
3648
3650
3651
3653
3654
3655
3657
3659
3660
3662
3672
3673
3675
3677
3678
3680
3690
3691
3693
3695
3696
3698
3699
3700
3702
3704
3705
3707
3717
3718
3720
3722
3723
3725
3726
3727
3729
3731
3732
3734
3735
3736
3738
3740
3741
3743
3753
3754
3756
3758
3759
3761
3771
3772
3774
3776
3777
3779
3780
3781
3783
3785
3786
3788
3798
3799
3801
3803
3804
3806
3888
3889
3891
3893
3894
3896
3897
3898
3900
3902
3903
3905
3915
3916
3918
3920
3921
3923
3933
3934
3936
3938
3939
3941
3942
3943
3945
3947
3948
3950
3960
3961
3963
3965
3966
3968
4050
4051
4053
4055
4056
4058
4059
4060
4062
4064
4065
4067
4077
4078
4080
4082
4083
4085
4095
4096
4098
4100
4101
4103
4104
4105
4107
4109
4110
4112
4122
4123
4125
4127
4128
4130
4131
4132
4134
4136
4137
4139
4140
4141
4143
4145
4146
4148
4158
4159
4161
4163
4164
4166
4176
4177
4179
4181
4182
4184
4185
4186
4188
4190
4191
4193
4203
4204
4206
4208
4209
4211
4293
4294
4296
4298
4299
4301
4302
4303
4305
4307
4308
4310
4320
4321
4323
4325
4326
4328
4338
4339
4341
4343
4344
4346
4347
4348
4350
4352
4353
4355
4365
4366
4368
4370
4371
4373
4374
4375
4377
4379
4380
4382
4383
4384
4386
4388
4389
4391
4401
4402
4404
4406
4407
4409
4419
4420
4422
4424
4425
4427
4428
4429
4431
4433
4434
4436
4446
4447
4449
4451
4452
4454
4455
4456
4458
4460
4461
4463
4464
4465
4467
4469
4470
4472
4482
4483
4485
4487
4488
4490
4500
4501
4503
4505
4506
4508
4509
4510
4512
4514
4515
4517
4527
4528
4530
4532
4533
4535
4617
4618
4620
4622
4623
4625
4626
4627
4629
4631
4632
4634
4644
4645
4647
4649
4650
4652
4662
4663
4665
4667
4668
4670
4671
4672
4674
4676
4677
4679
4689
4690
4692
4694
4695
4697
4779
4780
4782
4784
4785
4787
4788
4789
4791
4793
4794
4796
4806
4807
4809
4811
4812
4814
4824
4825
4827
4829
4830
4832
4833
4834
4836
4838
4839
4841
4851
4852
4854
4856
4857
4859
4860
4861
4863
4865
4866
4868
4869
4870
4872
4874
4875
4877
4887
4888
4890
4892
4893
4895
4905
4906
4908
4910
4911
4913
4914
4915
4917
4919
4920
4922
4932
4933
4935
4937
4938
4940
5022
5023
5025
5027
5028
5030
5031
5032
5034
5036
5037
5039
5049
5050
5052
5054
5055
5057
5067
5068
5070
5072
5073
5075
5076
5077
5079
5081
5082
5084
5094
5095
5097
5099
5100
5102
5832
5833
5835
5837
5838
5840
5841
5842
5844
5846
5847
5849
5859
5860
5862
5864
5865
5867
5877
5878
5880
5882
5883
5885
5886
5887
5889
5891
5892
5894
5904
5905
5907
5909
5910
5912
5913
5914
5916
5918
5919
5921
5922
5923
5925
5927
5928
5930
5940
5941
5943
5945
5946
5948
5958
5959
5961
5963
5964
5966
5967
5968
5970
5972
5973
5975
5985
5986
5988
5990
5991
5993
6075
6076
6078
6080
6081
6083
6084
6085
6087
6089
6090
6092
6102
6103
6105
6107
6108
6110
6120
6121
6123
6125
6126
6128
6129
6130
6132
6134
6135
6137
6147
6148
6150
6152
6153
6155
6237
6238
6240
6242
6243
6245
6246
6247
6249
6251
6252
6254
6264
6265
6267
6269
6270
6272
6282
6283
6285
6287
6288
6290
6291
6292
6294
6296
6297
6299
6309
6310
6312
6314
6315
6317
6318
6319
6321
6323
6324
6326
6327
6328
6330
6332
6333
6335
6345
6346
6348
6350
6351
6353
6363
6364
6366
6368
6369
6371
6372
6373
6375
6377
6378
6380
6390
6391
6393
6395
6396
6398
6480
6481
6483
6485
6486
6488
6489
6490
6492
6494
6495
6497
6507
6508
6510
6512
6513
6515
6525
6526
6528
6530
6531
6533
6534
6535
6537
6539
6540
6542
6552
6553
6555
6557
6558
6560
6561
6562
6564
6566
6567
6569
6570
6571
6573
6575
6576
6578
6588
6589
6591
6593
6594
6596
6606
6607
6609
6611
6612
6614
6615
6616
6618
6620
6621
6623
6633
6634
6636
6638
6639
6641
6642
6643
6645
6647
6648
6650
6651
6652
6654
6656
6657
6659
6669
6670
6672
6674
6675
6677
6687
6688
6690
6692
6693
6695
6696
6697
6699
6701
6702
6704
6714
6715
6717
6719
6720
6722
6804
6805
6807
6809
6810
6812
6813
6814
6816
6818
6819
6821
6831
6832
6834
6836
6837
6839
6849
6850
6852
6854
6855
6857
6858
6859
6861
6863
6864
6866
6876
6877
6879
6881
6882
6884
6966
6967
6969
6971
6972
6974
6975
6976
6978
6980
6981
6983
6993
6994
6996
6998
6999
7001
7011
7012
7014
7016
7017
7019
7020
7021
7023
7025
7026
7028
7038
7039
7041
7043
7044
7046
7047
7048
7050
7052
7053
7055
7056
7057
7059
7061
7062
7064
7074
7075
7077
7079
7080
7082
7092
7093
7095
7097
7098
7100
7101
7102
7104
7106
7107
7109
7119
7120
7122
7124
7125
7127
7209
7210
7212
7214
7215
7217
7218
7219
7221
7223
7224
7226
7236
7237
7239
7241
7242
7244
7254
7255
7257
7259
7260
7262
7263
7264
7266
7268
7269
7271
7281
7282
7284
7286
7287
7289
7290
7291
7293
7295
7296
7298
7299
7300
7302
7304
7305
7307
7317
7318
7320
7322
7323
7325
7335
7336
7338
7340
7341
7343
7344
7345
7347
7349
7350
7352
7362
7363
7365
7367
7368
7370
7371
7372
7374
7376
7377
7379
7380
7381
7383
7385
7386
7388
7398
7399
7401
7403
7404
7406
7416
7417
7419
7421
7422
7424
7425
7426
7428
7430
7431
7433
7443
7444
7446
7448
7449
7451
7533
7534
7536
7538
7539
7541
7542
7543
7545
7547
7548
7550
7560
7561
7563
7565
7566
7568
7578
7579
7581
7583
7584
7586
7587
7588
7590
7592
7593
7595
7605
7606
7608
7610
7611
7613
7695
7696
7698
7700
7701
7703
7704
7705
7707
7709
7710
7712
7722
7723
7725
7727
7728
7730
7740
7741
7743
7745
7746
7748
7749
7750
7752
7754
7755
7757
7767
7768
7770
7772
7773
7775
7776
7777
7779
7781
7782
7784
7785
7786
7788
7790
7791
7793
7803
7804
7806
7808
7809
7811
7821
7822
7824
7826
7827
7829
7830
7831
7833
7835
7836
7838
7848
7849
7851
7853
7854
7856
7938
7939
7941
7943
7944
7946
7947
7948
7950
7952
7953
7955
7965
7966
7968
7970
7971
7973
7983
7984
7986
7988
7989
7991
7992
7993
7995
7997
7998
8000
8010
8011
8013
8015
8016
8018
8748
8749
8751
8753
8754
8756
8757
8758
8760
8762
8763
8765
8775
8776
8778
8780
8781
8783
8793
8794
8796
8798
8799
8801
8802
8803
8805
8807
8808
8810
8820
8821
8823
8825
8826
8828
8829
8830
8832
8834
8835
8837
8838
8839
8841
8843
8844
8846
8856
8857
8859
8861
8862
8864
8874
8875
8877
8879
8880
8882
8883
8884
8886
8888
8889
8891
8901
8902
8904
8906
8907
8909
8991
8992
8994
8996
8997
8999
9000
9001
9003
9005
9006
9008
9018
9019
9021
9023
9024
9026
9036
9037
9039
9041
9042
9044
9045
9046
9048
9050
9051
9053
9063
9064
9066
9068
9069
9071
9153
9154
9156
9158
9159
9161
9162
9163
9165
9167
9168
9170
9180
9181
9183
9185
9186
9188
9198
9199
9201
9203
9204
9206
9207
9208
9210
9212
9213
9215
9225
9226
9228
9230
9231
9233
9234
9235
9237
9239
9240
9242
9243
9244
9246
9248
9249
9251
9261
9262
9264
9266
9267
9269
9279
9280
9282
9284
9285
9287
9288
9289
9291
9293
9294
9296
9306
9307
9309
9311
9312
9314
9396
9397
9399
9401
9402
9404
9405
9406
9408
9410
9411
9413
9423
9424
9426
9428
9429
9431
9441
9442
9444
9446
9447
9449
9450
9451
9453
9455
9456
9458
9468
9469
9471
9473
9474
9476
