2
3
4
5
6
7
8
9
10
11
12
13
14
15
16
17
18
19
20
21
22
23
24
25
26
27
28
29
30
31
32
33
34
35
36
37
38
39
40
41
42
43
44
45
46
47
48
49
50
51
52
53
54
55
56
57
58
59
60
61
62
63
64
65
66
67
68
69
70
71
72
73
74
75
76
77
78
79
80
81
82
83
84
85
86
87
88
89
90
91
92
93
94
95
96
97
98
99
100
101
102
103
104
105
106
107
108
109
110
111
112
113
114
115
116
117
118
119
120
121
122
123
124
125
126
127
128
129
130
131
132
133
134
135
136
137
138
139
140
141
142
143
144
145
146
147
148
149
150
151
152
153
154
155
156
157
158
159
160
161
162
163
164
165
166
167
168
169
170
171
172
173
174
175
176
177
178
179
180
181
182
183
184
185
186
187
188
189
190
191
192
193
194
195
196
197
198
199
200
201
202
203
204
205
206
207
208
209
210
211
212
213
214
215
216
217
218
219
220
221
222
223
224
225
226
227
228
229
230
231
232
233
234
235
236
237
238
239
240
241
242
243
244
245
246
247
248
249
250
251
252
253
254
255
256
257
258
259
260
261
262
263
264
265
266
267
268
269
270
271
272
273
274
275
276
277
278
279
280
281
282
283
284
285
286
287
288
289
290
291
292
293
294
295
296
297
298
299
300
301
302
303
304
305
306
307
308
309
310
311
312
313
314
315
316
317
318
319
321
322
323
324
325
326
327
328
329
330
331
332
333
334
335
336
337
338
339
340
342
343
344
345
346
348
349
350
351
352
353
354
355
358
359
360
361
362
364
365
366
367
368
369
370
372
373
374
375
377
378
379
380
381
382
383
384
385
386
387
388
389
390
391
392
393
394
395
396
397
398
399
400
401
402
403
404
405
406
407
408
409
410
411
412
413
414
415
416
417
418
419
420
421
422
423
424
425
428
429
430
431
432
433
434
435
436
437
438
439
440
441
442
443
444
445
446
447
448
449
450
451
452
453
454
455
456
457
458
459
460
461
462
463
464
465
466
467
468
469
470
472
473
474
475
476
477
478
479
480
481
482
483
484
485
486
487
488
489
490
491
492
493
494
495
496
497
498
499
500
501
502
503
504
505
506
507
508
509
510
511
512
513
514
515
516
517
518
519
520
521
522
523
524
525
526
527
528
529
530
531
532
533
534
535
536
537
538
539
540
541
542
543
544
545
546
547
548
549
550
551
552
553
554
555
556
557
558
559
561
562
563
564
565
566
567
568
569
570
571
572
573
574
575
576
577
578
579
580
582
583
584
585
586
587
588
589
590
591
592
593
594
595
596
597
598
599
600
601
602
603
604
605
606
607
608
609
610
611
612
613
614
615
616
617
618
619
620
621
622
623
624
625
626
627
628
629
630
631
632
633
634
635
636
637
638
639
640
641
642
643
644
645
646
647
648
649
650
651
652
653
654
655
656
657
658
659
660
661
662
663
664
665
666
667
668
669
670
671
672
673
674
675
676
677
678
679
680
681
682
683
684
685
686
687
688
689
690
691
692
693
694
695
696
697
698
699
700
701
702
703
704
705
706
707
708
709
710
711
712
713
714
715
716
717
718
719
720
721
722
723
724
725
726
727
729
730
731
732
733
734
735
736
737
738
739
740
741
742
743
744
745
746
747
748
749
750
751
752
753
754
755
756
757
758
759
760
761
762
763
764
765
766
767
768
769
770
771
772
773
774
775
776
777
778
779
780
781
782
783
784
785
786
787
788
789
790
791
792
793
794
795
796
797
798
799
800
801
802
803
804
805
806
807
808
809
810
811
812
813
814
815
816
817
818
819
820
821
822
823
824
825
826
827
828
829
830
831
832
834
835
836
837
838
839
840
841
842
843
844
845
846
847
848
849
850
851
852
853
854
855
856
857
858
859
860
861
862
863
864
865
866
867
868
870
872
873
874
875
876
877
878
879
880
881
882
883
884
885
886
887
888
889
890
891
892
893
894
895
896
897
898
899
900
901
902
903
904
905
907
908
909
910
911
912
913
915
916
917
918
919
920
921
922
923
924
925
926
927
928
930
931
933
934
935
936
937
938
939
940
941
942
943
944
945
946
947
948
949
950
951
952
953
954
955
956
957
958
959
960
961
962
963
964
965
966
967
968
969
970
971
972
973
974
975
976
977
978
979
980
981
982
983
984
985
986
987
988
989
990
991
992
993
994
996
997
998
999
1000
1001
1002
1003
1004
1005
1006
1007
1008
1009
1010
1011
1012
1013
1014
1015
1016
1017
1018
1019
1020
1021
1022
1023
1024
1025
1026
1027
1028
1029
1030
1031
1032
1033
1034
1035
1036
1037
1038
1039
1042
1043
1044
1045
1046
1047
1048
1049
1050
1051
1052
1053
1054
1056
1057
1058
1059
1060
1061
1062
1063
1065
1066
1067
1068
1069
1070
1071
1072
1073
1076
1077
1078
1079
1080
1081
1082
1083
1084
1085
1086
1087
1088
1089
1090
1091
1093
1094
1095
1096
1097
1098
1099
1101
1102
1103
1104
1106
1107
1108
1109
1110
1111
1112
1113
1114
1115
1116
1117
1118
1119
1120
1121
1122
1123
1124
1125
1126
1127
1128
1129
1130
1131
1132
1133
1134
1135
1136
1137
1138
1139
1140
1141
1142
1143
1144
1145
1146
1147
1148
1149
1150
1151
1152
1153
1154
1155
1156
1157
1158
1160
1161
1162
1163
1164
1165
1166
1167
1168
1169
1170
1171
1172
1173
1174
1175
1176
1177
1179
1180
1181
1182
1184
1185
1186
1187
1188
1189
1190
1191
1192
1193
1194
1195
1196
1197
1198
1199
1201
1202
1203
1204
1205
1206
1207
1210
1211
1212
1213
1214
1215
1216
1217
1218
1219
1220
1221
1222
1223
1224
1225
1227
1228
1229
1230
1231
1232
1233
1234
1236
1237
1238
1240
1241
1242
1243
1246
1247
1248
1249
1250
1251
1252
1253
1254
1255
1256
1259
1260
1261
1262
1263
1264
1267
1268
1269
1270
1271
1273
1274
1275
1276
1277
1278
1279
1282
1283
1284
1285
1286
1287
1288
1290
1291
1292
1293
1294
1295
1296
1297
1302
1305
1306
1308
1309
1313
1314
1315
1317
1318
1319
1321
1322
1323
1324
1325
1326
1327
1328
1329
1330
1331
1332
1333
1334
1335
1336
1339
1340
1341
1342
1343
1344
1345
1346
1347
1349
1350
1351
1352
1353
1354
1355
1357
1358
1359
1363
1364
1367
1368
1369
1371
1372
1373
1374
1376
1377
1378
1379
1380
1381
1382
1383
1384
1385
1386
1387
1388
1389
1390
1391
1392
1393
1394
1395
1396
1399
1400
1401
1403
1404
1408
1409
1410
1412
1413
1414
1416
1417
1418
1419
1422
1423
1426
1427
1428
1429
1430
1431
1432
1435
1436
1437
1438
1442
1443
1444
1445
1446
1447
1448
1449
1450
1451
1452
1453
1454
1458
1459
1460
1461
1466
1467
1468
1469
1470
1473
1475
1476
1477
1478
1479
1483
1484
1485
1486
1487
1488
1490
1491
1492
1493
1494
1496
1497
1498
1499
1501
1502
1504
1505
1506
1507
1508
1509
1510
1511
1512
1513
1514
1515
1516
1517
1518
1519
1520
1521
1522
1523
1524
1527
1528
1530
1531
1532
1533
1534
1536
1538
1539
1540
1541
1542
1545
1548
1549
1550
1551
1552
1556
1557
1558
1559
1560
1561
1562
1564
1565
1566
1567
1568
1569
1570
1571
1572
1573
1574
1575
1576
1577
1578
1579
1580
1581
1582
1583
1584
1585
1586
1587
1588
1590
1591
1592
1593
1594
1595
1596
1599
1600
1601
1602
1605
1606
1607
1611
1612
1619
1620
1621
1622
1623
1624
1626
1629
1630
1631
1632
1633
1634
1635
1637
1638
1639
1640
1641
1642
1643
1644
1645
1646
1647
1648
1649
1650
1651
1652
1654
1655
1656
1657
1658
1659
1660
1662
1663
1664
1665
1666
1667
1668
1672
1673
1674
1675
1678
1679
1680
1681
1682
1683
1684
1685
1686
1690
1691
1692
1693
1694
1695
1698
1700
1701
1702
1703
1704
1705
1707
1708
1709
1710
1711
1712
1713
1714
1715
1716
1717
1718
1719
1720
1721
1722
1723
1724
1725
1726
1727
1728
1729
1730
1731
1732
1733
1735
1736
1737
1738
1739
1740
1741
1744
1745
1746
1747
1750
1751
1752
1753
1754
1757
1762
1763
1764
1765
1766
1767
1770
1771
1772
1773
1774
1775
1776
1777
1778
1779
1781
1782
1783
1785
1788
1789
1790
1791
1792
1794
1795
1797
1799
1800
1801
1805
1806
1808
1809
1810
1814
1815
1816
1817
1818
1824
1825
1826
1830
1831
1834
1835
1836
1837
1838
1839
1840
1841
1842
1843
1844
1845
1846
1847
1848
1849
1851
1852
1853
1854
1855
1856
1857
1858
1859
1860
1861
1862
1863
1864
1866
1869
1870
1871
1872
1873
1875
1876
1877
1878
1879
1880
1881
1882
1883
1885
1886
1890
1893
1894
1895
1897
1898
1901
1902
1904
1905
1906
1907
1909
1910
1911
1914
1915
1916
1917
1918
1919
1920
1921
1922
1923
1924
1925
1926
1927
1928
1929
1930
1931
1932
1933
1934
1935
1936
1937
1938
1939
1941
1942
1943
1944
1945
1948
1950
1951
1952
1953
1954
1957
1958
1959
1961
1962
1963
1964
1969
1970
1971
1972
1976
1977
1978
1979
1980
1981
1983
1984
1987
1988
1989
1990
1991
1992
1993
1996
1997
1998
1999
2000
2003
2004
2005
2006
2007
2008
2009
2010
2011
2012
2013
2014
2015
2016
2017
2018
2019
2020
2021
2024
2025
2026
2027
2028
2029
2031
2033
2034
2035
2036
2037
2038
2039
2040
2042
2043
2044
2045
2046
2048
2049
2050
2051
2052
2053
2054
2055
2058
2059
2060
2061
2062
2063
2064
2067
2068
2069
2070
2072
2073
2074
2077
2078
2079
2080
2083
2084
2085
2086
2087
2088
2089
2090
2091
2092
2095
2096
2097
2098
2099
2100
2105
2106
2107
2108
2109
2110
2112
2113
2114
2115
2116
2117
2118
2119
2121
2122
2124
2125
2126
2127
2128
2130
2131
2132
2133
2134
2135
2136
2138
2139
2140
2141
2142
2143
2144
2145
2146
2147
2148
2149
2150
2151
2152
2153
2154
2155
2156
2157
2158
2159
2160
2161
2162
2164
2165
2167
2168
2169
2170
2171
2172
2173
2174
2175
2176
2177
2178
2179
2180
2181
2182
2183
2187
2188
2189
2190
2191
2193
2194
2195
2196
2197
2198
2199
2204
2205
2206
2207
2208
2209
2210
2212
2213
2214
2215
2216
2217
2218
2219
2220
2221
2222
2223
2224
2226
2228
2233
2234
2235
2236
2237
2238
2240
2241
2242
2243
2244
2245
2246
2247
2248
2249
2250
2251
2252
2253
2255
2256
2262
2263
2265
2266
2268
2269
2270
2271
2272
2274
2275
2277
2278
2279
2280
2281
2282
2286
2287
2288
2289
2290
2292
2293
2294
2295
2296
2297
2298
2301
2302
2303
2304
2305
2307
2308
2313
2314
2315
2316
2320
2321
2322
2323
2324
2325
2327
2328
2330
2336
2337
2338
2339
2340
2341
2344
2346
2347
2348
2349
2350
2351
2352
2355
2356
2357
2358
2359
2360
2361
2364
2366
2367
2368
2369
2370
2373
2374
2375
2376
2377
2378
2379
2382
2383
2384
2388
2392
2393
2396
2397
2401
2402
2403
2404
2405
2410
2411
2412
2413
2414
2415
2419
2420
2421
2422
2423
2424
2427
2428
2430
2431
2432
2433
2434
2436
2437
2439
2440
2441
2442
2445
2447
2448
2449
2450
2451
2454
2455
2456
2457
2458
2459
2460
2461
2463
2464
2465
2466
2467
2468
2469
2472
2473
2474
2477
2482
2483
2484
2485
2486
2487
2488
2490
2491
2492
2493
2494
2495
2496
2500
2501
2502
2503
2504
2505
2506
2508
2509
2510
2511
2512
2514
2515
2517
2518
2520
2521
2526
2528
2529
2530
2531
2532
2533
2535
2536
2538
2546
2549
2553
2554
2555
2558
2563
2564
2565
2566
2567
2568
2572
2573
2574
2575
2576
2577
2581
2582
2583
2584
2585
2586
2589
2590
2607
2609
2610
2611
2612
2627
2628
2629
2630
2632
2633
2634
2635
2636
2637
2638
2644
2645
2653
2654
2655
2656
2657
2658
2662
2663
2664
2665
2666
2667
2668
2669
2670
2671
2673
2674
2676
2677
2679
2680
2681
2682
2683
2688
2690
2691
2692
2693
2694
2699
2700
2701
2703
2704
2706
2707
2709
2710
2713
2714
2716
2717
2718
2719
2722
2723
2725
2726
2727
2728
2730
2731
2732
2733
2734
2735
2736
2737
2738
2739
2743
2744
2745
2746
2747
2748
2749
2750
2751
2752
2754
2755
2756
2757
2758
2760
2761
2763
2764
2765
2766
2772
2773
2774
2775
2776
2778
2779
2780
2781
2782
2783
2784
2788
2789
2797
2798
2802
2803
2805
2806
2807
2815
2816
2817
2818
2819
2820
2824
2825
2826
2827
2828
2829
2830
2832
2833
2835
2836
2837
2838
2844
2845
2846
2847
2853
2854
2855
2856
2857
2859
2860
2861
2862
2863
2864
2865
2866
2868
2869
2870
2871
2872
2883
2884
2886
2887
2889
2890
2892
2893
2895
2896
2898
2899
2916
2917
2919
2920
2921
2922
2923
2924
2925
2926
2928
2929
2930
2943
2944
2946
2947
2949
2950
2952
2953
2956
2957
2960
2961
2962
2970
2971
2973
2974
2976
2977
2979
2980
2982
2988
2989
2991
2992
2993
2994
2995
2997
2998
3000
3001
3002
3003
3004
3005
3006
3007
3009
3010
3011
3014
3018
3019
3021
3022
3023
3024
3025
3027
3033
3034
3037
3038
3041
3042
3043
3045
3046
3048
3049
3072
3073
3075
3076
3099
3100
3102
3103
3105
3106
3108
3109
3111
3112
3114
3115
3126
3127
3129
3130
3132
3133
3135
3136
3138
3139
3141
3142
3208
3209
3212
3216
3217
3218
3221
3240
3241
3244
3245
3248
3249
3250
3252
3253
3254
3276
3277
3280
3281
3282
3284
3285
3286
3289
3290
3291
3293
3294
3295
3297
3298
3299
3302
3306
3312
3313
3315
3316
3317
3321
3322
3325
3326
3327
3329
3330
3331
3333
3334
3335
3336
3338
3357
3358
3361
3362
3363
3365
3366
3367
3371
3372
3374
3375
3376
3379
3383
3387
3388
3392
3393
3394
3396
3397
3398
3399
3402
3403
3407
3408
3411
3412
3415
3416
3417
3419
3423
3424
3428
3429
3430
3432
3433
3434
3435
3437
3438
3439
3442
3443
3446
3447
3448
3451
3452
3455
3459
3460
3461
3464
3468
3474
3475
3477
3478
3479
3500
3504
3509
3510
3511
3513
3532
3533
3536
3540
3541
3542
3545
3564
3565
3568
3569
3572
3573
3574
3576
3577
3578
3581
3585
3590
3591
3592
3594
3600
3601
3604
3605
3608
3609
3610
3613
3614
3617
3621
3622
3623
3626
3645
3646
3649
3650
3651
3653
3654
3655
3657
3658
3659
3660
3662
3681
3682
3685
3686
3687
3689
3690
3691
3695
3696
3698
3699
3700
3703
3711
3717
3718
3720
3721
3722
3726
3727
3730
3731
3732
3734
3735
3736
3738
3739
3740
3741
3743
3747
3748
3750
3752
3753
3754
3755
3756
3757
3758
3759
3761
3762
3763
3766
3767
3768
3770
3771
3772
3773
3776
3777
3778
3779
3780
3781
3782
3784
3788
3793
3796
3797
3798
3799
3802
3803
3804
3805
3807
3808
3813
3814
3815
3816
3817
3822
3824
3825
3826
3827
3831
3833
3836
3840
3958
3960
3961
3966
3967
3984
3986
3987
3988
3989
4004
4007
4010
4011
4012
4013
4014
4015
4016
4019
4020
4021
4022
4023
4024
4025
4027
4030
4032
4033
4034
4039
4041
4042
4047
4048
4050
4051
4055
4056
4059
4060
4063
4064
4065
4067
4091
4092
4095
4096
4100
4101
4103
4104
4105
4108
4112
4117
4121
4122
4123
4126
4127
4128
4131
4132
4136
4137
4140
4141
4144
4145
4146
4148
4153
4157
4162
4163
4164
4166
4167
4168
4169
4173
4174
4175
4192
4193
4194
4195
4196
4198
4202
4203
4204
4207
4208
4209
4212
4213
4218
4219
4220
4221
4222
4227
4229
4230
4231
4232
4234
4236
4238
4241
4243
4244
4245
4247
4248
4249
4250
4254
4255
4256
4273
4274
4275
4276
4277
4279
4283
4284
4285
4288
4289
4290
4293
4294
4298
4299
4300
4301
4302
4303
4306
4307
4308
4310
4315
4317
4319
4322
4324
4325
4326
4328
4329
4330
4331
4334
4335
4336
4337
4338
4339
4340
4343
4344
4345
4346
4347
4348
4349
4351
4354
4356
4357
4358
4374
4375
4377
4378
4379
4380
4381
4382
4383
4384
4387
4388
4389
4391
4398
4400
4401
4402
4403
4404
4405
4407
4408
4410
4411
4415
4416
4419
4420
4421
4424
4425
4426
4427
4428
4429
4430
4431
4432
4434
4435
4437
4438
4439
4444
4446
4447
4449
4450
4452
4453
4455
4456
4458
4459
4460
4461
4462
4463
4464
4465
4468
4469
4470
4472
4476
4477
4479
4480
4481
4484
4486
4487
4488
4490
4491
4492
4496
4497
4500
4501
4502
4505
4506
4507
4508
4509
4510
4511
4513
4517
4522
4525
4526
4527
4528
4531
4532
4533
4534
4536
4537
4542
4543
4544
4545
4546
4551
4553
4554
4555
4556
4558
4560
4562
4565
4567
4568
4569
4571
4572
4573
4598
4603
4607
4608
4609
4612
4613
4614
4617
4618
4620
4621
4623
4624
4626
4627
4639
4643
4644
4645
4647
4648
4649
4650
4651
4652
4653
4654
4658
4659
4662
4663
4667
4668
4670
4671
4672
4674
4675
4677
4678
4679
4680
4681
4684
4687
4688
4689
4690
4692
4693
4694
4695
4696
4698
4699
4701
4702
4703
4704
4705
4707
4708
4711
4712
4713
4715
4716
4717
4718
4719
4720
4722
4723
4733
4736
4740
4741
4742
4745
4750
4751
4752
4753
4754
4759
4761
4762
4763
4768
4770
4771
4776
4777
4860
4861
4863
4864
4866
4867
4869
4870
4887
4888
4890
4891
4893
4894
4895
4896
4897
4898
4902
4903
4904
4914
4915
4917
4918
4920
4921
4923
4924
4925
4935
4936
4938
4939
4941
4942
4944
4945
4947
4948
4949
4950
4951
4956
4958
4959
4960
4961
4962
4963
4965
4966
4967
4970
4974
4976
4979
4983
4984
4985
4989
4990
4992
4993
5016
5017
5019
5020
5043
5044
5046
5047
5049
5050
5052
5053
5055
5056
5058
5059
5070
5071
5073
5074
5076
5077
5079
5080
5082
5083
5085
5086
5103
5104
5106
5107
5109
5110
5111
5112
5113
5127
5129
5130
5131
5132
5133
5134
5136
5137
5139
5140
5150
5155
5156
5157
5158
5159
5160
5161
5163
5164
5166
5167
5168
5173
5175
5176
5178
5179
5181
5182
5184
5185
5187
5188
5190
5191
5192
5193
5194
5205
5206
5208
5209
5210
5213
5217
5231
5232
5233
5235
5236
5237
5238
5239
5240
5250
5254
5256
5257
5259
5260
5261
5262
5263
5265
5266
5271
5272
5273
5274
5275
5280
5282
5283
5284
5285
5286
5287
5289
5290
5291
5292
5293
5294
5295
5296
5298
5299
5301
5302
5312
5313
5314
5315
5316
5317
5318
5319
5320
5321
5322
5323
5324
5325
5326
5327
5328
5329
5331
5335
5337
5338
5340
5341
5342
5343
5344
5346
5347
5350
5351
5354
5355
5356
5358
5359
5360
5361
5363
5364
5365
5366
5367
5370
5372
5373
5374
5375
5376
5379
5381
5384
5388
5389
5390
5393
5398
5399
5400
5401
5402
5416
5418
5419
5424
5425
5442
5444
5445
5446
5447
5462
5465
5469
5470
5471
5474
5475
5476
5478
5479
5480
5481
5482
5483
5488
5490
5491
5492
5497
5499
5500
5502
5503
5505
5506
5529
5530
5532
5533
5535
5536
5538
5539
5541
5542
5544
5545
5548
5549
5552
5553
5554
5556
5557
5559
5560
5562
5563
5565
5566
5568
5569
5571
5572
5574
5580
5581
5583
5584
5585
5606
5610
5615
5616
5617
5619
5624
5625
5626
5627
5629
5630
5631
5632
5633
5634
5635
5638
5639
5642
5646
5647
5648
5650
5651
5652
5653
5654
5655
5661
5662
5664
5665
5666
5670
5671
5676
5677
5678
5679
5680
5685
5687
5688
5689
5690
5694
5696
5699
5703
5705
5708
5712
5713
5714
5718
5719
5721
5722
5745
5746
5748
5749
5772
5773
5775
5776
5778
5779
5781
5782
5784
5785
5787
5788
5799
5800
5802
5803
5805
5806
5808
5809
5811
5812
5814
5815
5832
5833
5836
5837
5838
5839
5840
5841
5842
5844
5845
5846
5856
5858
5861
5865
5868
5869
5872
5873
5876
5877
5878
5879
5884
5885
5886
5887
5888
5893
5895
5896
5897
5898
5902
5904
5905
5907
5908
5909
5910
5911
5913
5914
5917
5918
5919
5920
5921
5922
5923
5925
5926
5927
5930
5934
5939
5940
5941
5943
5949
5950
5953
5954
5957
5958
5959
5961
5962
5964
5965
5979
5985
5986
5988
5989
5990
5991
5992
6011
6015
6016
6018
6019
6020
6021
6022
6024
6025
6027
6028
6030
6031
6041
6042
6043
6044
6045
6046
6047
6048
6049
6050
6051
6052
6053
6054
6055
6056
6057
6058
6060
6064
6066
6067
6069
6070
6071
6072
6073
6075
6076
6078
6079
6080
6081
6082
6083
6084
6085
6087
6088
6089
6090
6092
6093
6094
6095
6096
6099
6101
6102
6103
6104
6105
6106
6108
6109
6110
6111
6112
6113
6117
6118
6119
6122
6124
6125
6127
6128
6129
6130
6131
6132
6133
6134
6135
6136
6137
6138
6139
6145
6147
6148
6150
6151
6153
6154
6156
6157
6159
6160
6161
6162
6163
6164
6165
6166
6168
6169
6170
6171
6173
6174
6175
6176
6177
6178
6180
6181
6191
6192
6193
6194
6196
6197
6198
6199
6200
6201
6202
6203
6204
6205
6206
6207
6208
6209
6210
6211
6212
6213
6214
6215
6217
6218
6219
6220
6221
6222
6226
6228
6229
6231
6232
6233
6234
6235
6237
6238
6241
6242
6245
6246
6247
6249
6250
6251
6252
6254
6255
6256
6257
6258
6259
6261
6262
6264
6265
6267
6268
6270
6271
6272
6273
6274
6275
6277
6278
6279
6280
6281
6282
6283
6285
6286
6288
6289
6291
6292
6294
6295
6297
6298
6300
6301
6302
6303
6307
6309
6310
6312
6313
6314
6315
6316
6318
6319
6321
6322
6324
6325
6326
6327
6328
6333
6335
6336
6337
6338
6339
6344
6345
6346
6348
6349
6351
6352
6353
6354
6355
6356
6358
6359
6360
6361
6362
6363
6364
6367
6368
6371
6372
6373
6375
6376
6377
6378
6379
6380
6381
6382
6383
6384
6390
6391
6393
6394
6395
6396
6397
6399
6400
6402
6403
6405
6406
6407
6408
6409
6414
6416
6417
6418
6419
6420
6421
6423
6424
6425
6428
6432
6434
6437
6441
6442
6443
6561
6562
6563
6564
6565
6566
6567
6568
6569
6570
6571
6572
6573
6574
6575
6576
6578
6579
6580
6581
6582
6585
6586
6587
6588
6589
6590
6591
6592
6594
6595
6596
6597
6598
6601
6602
6603
6605
6606
6607
6608
6611
6612
6613
6614
6615
6616
6617
6618
6619
6621
6622
6624
6625
6626
6627
6631
6633
6634
6636
6637
6638
6639
6640
6642
6643
6644
6645
6646
6647
6648
6649
6650
6651
6652
6653
6654
6655
6656
6657
6659
6660
6661
6662
6663
6664
6666
6667
6668
6669
6670
6671
6672
6673
6674
6675
6676
6677
6678
6679
6682
6683
6684
6686
6687
6688
6692
6693
6695
6696
6697
6700
6704
6709
6713
6714
6715
6718
6719
6720
6723
6724
6725
6726
6732
6733
6734
6735
6741
6742
6743
6744
6748
6749
6750
6751
6752
6753
6757
6758
6766
6767
6770
6775
6776
6777
6778
6779
6784
6785
6786
6787
6788
6789
6793
6794
6795
6796
6797
6798
6801
6802
6804
6805
6806
6807
6808
6810
6811
6813
6814
6815
6816
6819
6821
6822
6823
6824
6825
6828
6829
6830
6831
6832
6833
6834
6835
6837
6838
6839
6840
6841
6842
6846
6847
6848
6851
6853
6854
6856
6857
6858
6859
6860
6861
6862
6863
6864
6865
6866
6867
6868
6869
6870
6874
6875
6876
6877
6878
6879
6880
6882
6883
6885
6886
6888
6889
6890
6891
6892
6893
6894
6895
6897
6898
6899
6906
6907
6909
6910
6921
6922
6925
6926
6927
6929
6930
6931
6934
6935
6936
6938
6939
6940
6942
6943
6944
6947
6951
6957
6958
6960
6961
6962
6966
6967
6970
6971
6972
6974
6975
6976
6978
6979
6980
6981
6983
6984
6985
6986
7001
7004
7007
7008
7009
7010
7011
7012
7016
7017
7019
7020
7021
7024
7027
7028
7029
7030
7031
7033
7036
7037
7038
7039
7042
7043
7044
7045
7047
7048
7050
7051
7052
7053
7054
7055
7056
7057
7060
7061
7062
7064
7065
7066
7067
7069
7073
7074
7075
7077
7078
7079
7080
7081
7082
7083
7084
7085
7089
7090
7091
7101
7102
7104
7105
7107
7108
7110
7111
7112
7122
7123
7125
7126
7128
7129
7131
7132
7134
7135
7136
7137
7138
7143
7145
7146
7147
7148
7149
7150
7152
7153
7154
7155
7156
7157
7158
7161
7163
7166
7170
7171
7172
7176
7177
7178
7179
7180
7181
7185
7186
7187
7189
7190
7191
7192
7193
7203
7204
7206
7207
7209
7210
7213
7214
7215
7216
7217
7218
7219
7221
7222
7223
7226
7230
7231
7233
7234
7235
7236
7237
7238
7239
7240
7242
7243
7244
7245
7246
7247
7249
7250
7251
7252
7253
7254
7255
7256
7257
7258
7259
7260
7261
7262
7263
7264
7265
7266
7267
7268
7269
7270
7271
7272
7273
7274
7290
7291
7292
7293
7294
7295
7296
7297
7298
7299
7300
7301
7302
7303
7304
7305
7307
7308
7309
7310
7311
7314
7315
7316
7317
7318
7319
7320
7321
7323
7324
7325
7326
7327
7330
7331
7332
7334
7335
7336
7337
7340
7341
7342
7343
7344
7345
7346
7347
7348
7350
7351
7353
7354
7355
7356
7360
7362
7363
7365
7366
7367
7368
7369
7371
7372
7373
7374
7375
7376
7377
7378
7379
7380
7381
7382
7383
7384
7385
7386
7388
7389
7390
7391
7392
7393
7395
7396
7397
7398
7399
7400
7401
7402
7403
7404
7405
7406
7407
7408
7411
7412
7413
7415
7416
7417
7419
7420
7421
7422
7423
7424
7425
7426
7429
7433
7437
7438
7442
7443
7444
7446
7447
7448
7449
7450
7452
7453
7454
7455
7461
7462
7463
7464
7469
7470
7471
7472
7473
7474
7476
7477
7478
7479
7480
7481
7482
7483
7484
7485
7486
7487
7488
7489
7495
7496
7500
7501
7502
7503
7504
7505
7506
7507
7509
7510
7511
7512
7513
7514
7515
7516
7517
7518
7519
7522
7523
7524
7525
7526
7527
7528
7529
7530
7533
7534
7535
7536
7537
7538
7541
7542
7543
7544
7545
7546
7547
7550
7551
7552
7553
7554
7555
7558
7559
7560
7561
7562
7563
7564
7565
7566
7567
7568
7569
7570
7574
7575
7576
7577
7578
7579
7582
7583
7584
7585
7586
7587
7588
7590
7591
7592
7594
7595
7596
7597
7598
7599
7600
7603
7604
7605
7606
7607
7608
7609
7610
7611
7614
7615
7618
7619
7620
7622
7623
7624
7626
7627
7628
7629
7631
7650
7651
7654
7655
7656
7658
7659
7660
7662
7663
7664
7665
7666
7667
7668
7669
7671
7672
7673
7676
7680
7686
7687
7689
7690
7691
7692
7693
7695
7696
7699
7700
7701
7703
7704
7705
7707
7708
7709
7710
7712
7716
7717
7719
7720
7722
7723
7725
7726
7728
7729
7731
7732
7736
7737
7740
7741
7743
7744
7745
7746
7747
7748
7749
7750
7752
7753
7755
7756
7757
7758
7759
7762
7766
7767
7768
7771
7772
7773
7776
7777
7781
7782
7785
7786
7789
7790
7791
7793
7798
7802
7807
7808
7809
7811
7812
7813
7838
7843
7847
7848
7849
7852
7853
7854
7874
7878
7879
7883
7884
7885
7887
7888
7889
7890
7892
7893
7894
7905
7906
7907
7908
7909
7910
7914
7915
7916
7919
7924
7928
7929
7930
7932
7933
7934
7935
7936
7938
7939
7942
7943
7944
7946
7947
7948
7950
7951
7952
7953
7955
7959
7960
7962
7963
7964
7965
7966
7968
7969
7970
7971
7972
7973
7974
7975
7978
7979
7980
7982
7983
7984
7986
7987
7988
7989
7990
7991
7992
7993
7995
7996
7997
7998
7999
8000
8001
8002
8019
8020
8021
8022
8028
8029
8030
8031
8037
8038
8039
8040
8044
8045
8046
8047
8048
8049
8053
8054
8100
8101
8102
8103
8109
8110
8111
8112
8118
8119
8120
8121
8125
8126
8127
8128
8129
8130
8134
8135
8148
8149
8151
8152
8166
8172
8173
8175
8176
8177
8178
8179
8181
8182
8183
8184
8190
8191
8192
8193
8198
8199
8200
8201
8202
8203
8205
8206
8207
8208
8209
8210
8211
8212
8213
8214
8215
8216
8217
8218
8224
8225
8229
8230
8231
8232
8233
8234
8235
8236
8238
8239
8240
8241
8242
8243
8244
8245
8246
8247
8248
8251
8252
8253
8254
8255
8256
8257
8258
8259
8262
8263
8264
8265
8266
8267
8268
8269
8270
8271
8272
8273
8274
8275
8276
8279
8280
8281
8282
8283
8284
8287
8288
8289
8290
8291
8292
8293
8294
8295
8296
8297
8298
8299
8303
8304
8305
8306
8307
8308
8312
8313
8314
8315
8316
8317
8319
8320
8322
8323
8324
8325
8326
8327
8328
8329
8332
8333
8334
8335
8336
8337
8338
8339
8340
8341
8343
8344
8346
8347
8348
8349
8350
8352
8353
8356
8357
8358
8360
8364
8365
8367
8368
8386
8387
8391
8392
8394
8395
8396
8404
8405
8406
8407
8408
8409
8413
8414
8415
8416
8417
8418
8419
8421
8422
8445
8446
8448
8449
8451
8452
8454
8455
8457
8458
8460
8461
8464
8465
8467
8468
8469
8470
8472
8473
8475
8476
8477
8478
8479
8481
8482
8484
8485
8486
8487
8488
8489
8490
8494
8495
8496
8497
8498
8499
8500
8501
8505
8506
8508
8509
8511
8512
8514
8515
8522
8526
8531
8532
8533
8535
8536
8538
8539
8541
8542
8545
8546
8548
8549
8550
8551
8554
8555
8557
8558
8559
8560
8562
8563
8564
8565
8566
8567
8568
8569
8570
8571
8572
8575
8576
8577
8578
8579
8580
8581
8582
8583
8584
8586
8587
8588
8589
8590
8592
8593
8595
8596
8597
8598
8603
8604
8605
8606
8607
8608
8610
8611
8612
8613
8614
8615
8616
8617
8618
8619
8620
8621
8622
8623
8629
8630
8635
8636
8638
8639
8643
8644
8645
8647
8648
8649
8650
8651
8652
8653
8656
8657
8658
8659
8660
8661
8662
8663
8664
8667
8668
8669
8670
8671
8672
8673
8675
8676
8677
8678
8679
8680
8681
8682
8684
8685
8686
8687
8688
8689
8692
8693
8694
8695
8696
8697
8698
8699
8700
8701
8702
8703
8704
8707
8708
8709
8711
8712
8713
8716
8717
8718
8720
8721
8722
8724
8725
8726
8729
8748
8749
8750
8751
8752
8753
8756
8757
8758
8759
8760
8761
8762
8766
8767
8768
8769
8773
8774
8775
8776
8777
8778
8782
8783
8784
8785
8788
8789
8792
8793
8794
8814
8820
8821
8823
8824
8825
8829
8830
8831
8832
8833
8834
8837
8838
8839
8840
8841
8842
8843
8846
8847
8848
8849
8850
8854
8855
8856
8857
8858
8859
8863
8864
8865
8866
8869
8870
8873
8874
8875
8895
8901
8902
8904
8905
8906
8910
8911
8912
8913
8919
8920
8921
8922
8927
8928
8929
8930
8931
8932
8935
8936
8937
8938
8939
8940
8941
8942
8943
8944
8945
8946
8947
8953
8954
8959
8960
8962
8963
8967
8968
8969
8971
8972
8973
8974
8975
8976
8977
8980
8981
8982
8983
8984
8985
8986
8987
8988
8991
8992
8993
8994
8995
8996
8999
9000
9001
9002
9003
9004
9005
9008
9009
9010
9011
9012
9013
9016
9017
9018
9019
9020
9021
9022
9023
9024
9025
9026
9027
9028
9032
9033
9034
9035
9036
9037
9041
9042
9043
9044
9045
9046
9049
9052
9053
9054
9055
9056
9057
9058
9061
9062
9063
9064
9065
9066
9067
9068
9069
9072
9073
9077
9078
9081
9082
9085
9086
9087
9089
9113
9114
9115
9116
9117
9118
9122
9123
9124
9125
9126
9127
9130
9133
9134
9135
9136
9137
9138
9142
9143
9144
9145
9146
9147
9153
9154
9158
9159
9162
9163
9166
9167
9168
9170
9189
9190
9193
9194
9195
9196
9197
9198
9199
9203
9204
9205
9206
9207
9208
9211
9214
9215
9216
9217
9218
9219
9220
9223
9224
9225
9226
9227
9228
9229
9230
9231
9234
9235
9239
9240
9243
9244
9247
9248
9249
9251
9255
9256
9260
9261
9262
9264
9265
9266
9267
9269
9270
9271
9274
9275
9277
9278
9279
9280
9283
9284
9286
9287
9291
9292
9293
9295
9296
9297
9298
9299
9300
9301
9304
9305
9306
9307
9308
9309
9310
9311
9312
9315
9316
9317
9318
9324
9325
9326
9327
9333
9334
9335
9336
9337
9340
9341
9342
9343
9344
9345
9346
9347
9348
9349
9350
9351
9352
9358
9359
9367
9368
9376
9377
9378
9379
9380
9381
9382
9385
9386
9387
9388
9389
9390
9391
9392
9393
9396
9397
9398
9399
9401
9402
9405
9406
9407
9408
9409
9410
9411
9413
9414
9415
9416
9417
9418
9421
9422
9423
9424
9425
9426
9427
9428
9429
9430
9431
9432
9433
9437
9438
9441
9442
9446
9447
9449
9450
9451
9454
9477
9478
9481
9482
9483
9485
9486
9487
9489
9490
9491
9492
9494
9513
9514
9517
9518
9519
9521
9522
9523
9527
9528
9530
9531
9532
9535
9543
9549
9550
9552
9553
9554
9558
9559
9562
9563
9564
9566
9567
9568
9570
9571
9572
9573
9575
9579
9580
9584
9585
9586
9588
9589
9590
9591
9593
9594
9595
9598
9599
9600
9602
9603
9604
9608
9609
9611
9612
9613
9616
9620
9625
9629
9630
9631
9634
9635
9636
9769
9770
9773
9777
9778
9779
9782
9801
9802
9805
9806
9809
9810
9811
9813
9814
9815
9837
9838
9841
9842
9843
9845
9846
9847
9850
9851
9852
9854
9855
9856
9858
9859
9860
9863
9867
9873
9874
9876
9877
9878
9882
9883
9886
9887
9888
9890
9891
9892
9894
9895
9896
9897
9899
9918
9919
9922
9923
9924
9926
9927
9928
9932
9933
9935
9936
9937
9940
9944
9948
9949
9953
9954
9955
9957
9958
9959
9960
9963
9964
9968
9969
9972
9973
9976
9977
9978
9980
9984
9985
9989
9990
9991
9993
9994
9995
9996
9998
9999
10000
10003
10004
10007
10008
10009
10012
10013
10016
10020
10021
10022
10025
10029
10035
10036
10038
10039
10040
10061
10065
10070
10071
10072
10074
10093
10094
10097
10101
10102
10103
10106
10125
10126
10129
10130
10133
10134
10135
10137
10138
10139
10142
10146
10151
10152
10153
10155
10161
10162
10165
10166
10169
10170
10171
10174
10175
10178
10182
10183
10184
10187
10206
10207
10210
10211
10212
10214
10215
10216
10218
10219
10220
10221
10223
10242
10243
10246
10247
10248
10250
10251
10252
10256
10257
10259
10260
10261
10264
10272
10278
10279
10281
10282
10283
10287
10288
10291
10292
10293
10295
10296
10297
10299
10300
10301
10302
10304
10308
10309
10313
10314
10315
10317
10318
10319
10320
10322
10323
10324
10327
10328
10329
10331
10332
10333
10337
10338
10340
10341
10342
10345
10349
10354
10358
10359
10360
10363
10364
10365
10571
10572
10575
10576
10580
10581
10583
10584
10585
10588
10611
10612
10616
10617
10620
10621
10624
10625
10626
10628
10652
10653
10656
10657
10661
10662
10664
10665
10666
10669
10673
10678
10682
10683
10684
10687
10688
10689
10692
10693
10697
10698
10701
10702
10705
10706
10707
10709
10714
10718
10723
10724
10725
10727
10728
10729
10754
10759
10763
10764
10765
10768
10769
10770
10795
10799
10804
10805
10806
10808
10809
10810
10835
10840
10844
10845
10846
10849
10850
10851
10854
10855
10859
10860
10863
10864
10867
10868
10869
10871
10876
10880
10885
10886
10887
10889
10890
10891
10895
10896
10899
10900
10904
10905
10907
10908
10909
10912
10935
10936
10940
10941
10944
10945
10948
10949
10950
10952
10976
10977
10980
10981
10985
10986
10988
10989
10990
10993
11016
11017
11021
11022
11025
11026
11029
11030
11031
11033
11038
11042
11047
11048
11049
11051
11052
11053
11057
11058
11061
11062
11066
11067
11069
11070
11071
11074
11078
11083
11087
11088
11089
11092
11093
11094
11119
11123
11128
11129
11130
11132
11133
11134
11159
11164
11168
11169
11170
11173
11174
11175
11200
11204
11209
11210
11211
11213
11214
11215
11219
11220
11223
11224
11228
11229
11231
11232
11233
11236
11240
11245
11249
11250
11251
11254
11255
11256
11259
11260
11264
11265
11268
11269
11272
11273
11274
11276
11483
11488
11492
11493
11494
11497
11498
11499
11524
11528
11533
11534
11535
11537
11538
11539
11564
11569
11573
11574
11575
11578
11579
11580
11583
11584
11588
11589
11592
11593
11596
11597
11598
11600
11605
11609
11614
11615
11616
11618
11619
11620
11624
11625
11628
11629
11633
11634
11636
11637
11638
11641
11848
11852
11857
11858
11859
11861
11862
11863
11888
11893
11897
11898
11899
11902
11903
11904
11929
11933
11938
11939
11940
11942
11943
11944
11948
11949
11952
11953
11957
11958
11960
11961
11962
11965
11969
11974
11978
11979
11980
11983
11984
11985
11988
11989
11993
11994
11997
11998
12001
12002
12003
12005
12212
12217
12221
12222
12223
12226
12227
12228
12253
12257
12262
12263
12264
12266
12267
12268
12293
12298
12302
12303
12304
12307
12308
12309
12312
12313
12317
12318
12321
12322
12325
12326
12327
12329
12334
12338
12343
12344
12345
12347
12348
12349
12353
12354
12357
12358
12362
12363
12365
12366
12367
12370
12393
12394
12398
12399
12402
12403
12406
12407
12408
12410
12434
12435
12438
12439
12443
12444
12446
12447
12448
12451
12474
12475
12479
12480
12483
12484
12487
12488
12489
12491
12496
12500
12505
12506
12507
12509
12510
12511
12515
12516
12519
12520
12524
12525
12527
12528
12529
12532
12536
12541
12545
12546
12547
12550
12551
12552
12577
12581
12586
12587
12588
12590
12591
12592
12617
12622
12626
12627
12628
12631
12632
12633
12658
12662
12667
12668
12669
12671
12672
12673
12677
12678
12681
12682
12686
12687
12689
12690
12691
12694
12698
12703
12707
12708
12709
12712
12713
12714
12717
12718
12722
12723
12726
12727
12730
12731
12732
12734
12758
12759
12762
12763
12767
12768
12770
12771
12772
12775
12798
12799
12803
12804
12807
12808
12811
12812
12813
12815
12839
12840
12843
12844
12848
12849
12851
12852
12853
12856
12860
12865
12869
12870
12871
12874
12875
12876
12879
12880
12884
12885
12888
12889
12892
12893
12894
12896
12901
12905
12910
12911
12912
12914
12915
12916
13122
13123
13124
13125
13131
13132
13133
13134
13140
13141
13142
13143
13147
13148
13149
13150
13151
13152
13156
13157
13203
13204
13205
13206
13212
13213
13214
13215
13221
13222
13223
13224
13228
13229
13230
13231
13232
13233
13237
13238
13284
13285
13286
13287
13293
13294
13295
13296
13302
13303
13304
13305
13309
13310
13311
13312
13313
13314
13318
13319
13327
13328
13336
13337
13345
13346
13347
13348
13349
13350
13354
13355
13356
13357
13358
13359
13365
13366
13367
13368
13374
13375
13376
13377
13383
13384
13385
13386
13390
13391
13392
13393
13394
13395
13399
13400
13408
13409
13417
13418
13426
13427
13428
13429
13430
13431
13435
13436
13437
13438
13439
13440
13851
13852
13853
13854
13860
13861
13862
13863
13869
13870
13871
13872
13876
13877
13878
13879
13880
13881
13885
13886
13932
13933
13934
13935
13941
13942
13943
13944
13950
13951
13952
13953
13957
13958
13959
13960
13961
13962
13966
13967
14013
14014
14015
14016
14022
14023
14024
14025
14031
14032
14033
14034
14038
14039
14040
14041
14042
14043
14047
14048
14056
14057
14065
14066
14074
14075
14076
14077
14078
14079
14083
14084
14085
14086
14087
14088
14094
14095
14096
14097
14103
14104
14105
14106
14112
14113
14114
14115
14119
14120
14121
14122
14123
14124
14128
14129
14137
14138
14146
14147
14155
14156
14157
14158
14159
14160
14164
14165
14166
14167
14168
14169
14580
14581
14582
14583
14589
14590
14591
14592
14598
14599
14600
14601
14605
14606
14607
14608
14609
14610
14614
14615
14661
14662
14663
14664
14670
14671
14672
14673
14679
14680
14681
14682
14686
14687
14688
14689
14690
14691
14695
14696
14742
14743
14744
14745
14751
14752
14753
14754
14760
14761
14762
14763
14767
14768
14769
14770
14771
14772
14776
14777
14785
14786
14794
14795
14803
14804
14805
14806
14807
14808
14812
14813
14814
14815
14816
14817
14823
14824
14825
14826
14832
14833
14834
14835
14841
14842
14843
14844
14848
14849
14850
14851
14852
14853
14857
14858
14866
14867
14875
14876
14884
14885
14886
14887
14888
14889
14893
14894
14895
14896
14897
14898
14947
14948
14956
14957
14965
14966
14967
14968
14969
14970
14974
14975
14976
14977
14978
14979
15028
15029
15037
15038
15046
15047
15048
15049
15050
15051
15055
15056
15057
15058
15059
15060
15109
15110
15118
15119
15127
15128
15129
15130
15131
15132
15136
15137
15138
15139
15140
15141
15147
15148
15149
15150
15156
15157
15158
15159
15165
15166
15167
15168
15172
15173
15174
15175
15176
15177
15181
15182
15190
15191
15199
15200
15208
15209
15210
15211
15212
15213
15217
15218
15219
15220
15221
15222
15228
15229
15230
15231
15237
15238
15239
15240
15246
15247
15248
15249
15253
15254
15255
15256
15257
15258
15262
15263
15309
15310
15311
15312
15318
15319
15320
15321
15327
15328
15329
15330
15334
15335
15336
15337
15338
15339
15343
15344
15390
15391
15392
15393
15399
15400
15401
15402
15408
15409
15410
15411
15415
15416
15417
15418
15419
15420
15424
15425
15471
15472
15473
15474
15480
15481
15482
15483
15489
15490
15491
15492
15496
15497
15498
15499
15500
15501
15505
15506
15514
15515
15523
15524
15532
15533
15534
15535
15536
15537
15541
15542
15543
15544
15545
15546
15552
15553
15554
15555
15561
15562
15563
15564
15570
15571
15572
15573
15577
15578
15579
15580
15581
15582
15586
15587
15595
15596
15604
15605
15613
15614
15615
15616
15617
15618
15622
15623
15624
15625
15626
15627
15676
15677
15685
15686
15694
15695
15696
15697
15698
15699
15703
15704
15705
15706
15707
15708
15757
15758
15766
15767
15775
15776
15777
15778
15779
15780
15784
15785
15786
15787
15788
15789
15838
15839
15847
15848
15856
15857
15858
15859
15860
15861
15865
15866
15867
15868
15869
15870
15876
15877
15878
15879
15885
15886
15887
15888
15894
15895
15896
15897
15901
15902
15903
15904
15905
15906
15910
15911
15919
15920
15928
15929
15937
15938
15939
15940
15941
15942
15946
15947
15948
15949
15950
15951
15957
15958
15959
15960
15966
15967
15968
15969
15975
15976
15977
15978
15982
15983
15984
15985
15986
15987
15991
15992
16405
16406
16414
16415
16423
16424
16425
16426
16427
16428
16432
16433
16434
16435
16436
16437
16486
16487
16495
16496
16504
16505
16506
16507
16508
16509
16513
16514
16515
16516
16517
16518
16567
16568
16576
16577
16585
16586
16587
16588
16589
16590
16594
16595
16596
16597
16598
16599
16605
16606
16607
16608
16614
16615
16616
16617
16623
16624
16625
16626
16630
16631
16632
16633
16634
16635
16639
16640
16648
16649
16657
16658
16666
16667
16668
16669
16670
16671
16675
16676
16677
16678
16679
16680
16686
16687
16688
16689
16695
16696
16697
16698
16704
16705
16706
16707
16711
16712
16713
16714
16715
16716
16720
16721
17134
17135
17143
17144
17152
17153
17154
17155
17156
17157
17161
17162
17163
17164
17165
17166
17215
17216
17224
17225
17233
17234
17235
17236
17237
17238
17242
17243
17244
17245
17246
17247
17296
17297
17305
17306
17314
17315
17316
17317
17318
17319
17323
17324
17325
17326
17327
17328
17334
17335
17336
17337
17343
17344
17345
17346
17352
17353
17354
17355
17359
17360
17361
17362
17363
17364
17368
17369
17377
17378
17386
17387
17395
17396
17397
17398
17399
17400
17404
17405
17406
17407
17408
17409
17415
17416
17417
17418
17424
17425
17426
17427
17433
17434
17435
17436
17440
17441
17442
17443
17444
17445
17449
17450
17863
17864
17872
17873
17881
17882
17883
17884
17885
17886
17890
17891
17892
17893
17894
17895
17944
17945
17953
17954
17962
17963
17964
17965
17966
17967
17971
17972
17973
17974
17975
17976
18025
18026
18034
18035
18043
18044
18045
18046
18047
18048
18052
18053
18054
18055
18056
18057
18063
18064
18065
18066
18072
18073
18074
18075
18081
18082
18083
18084
18088
18089
18090
18091
18092
18093
18097
18098
18106
18107
18115
18116
18124
18125
18126
18127
18128
18129
18133
18134
18135
18136
18137
18138
18144
18145
18146
18147
18153
18154
18155
18156
18162
18163
18164
18165
18169
18170
18171
18172
18173
18174
18178
18179
18225
18226
18227
18228
18234
18235
18236
18237
18243
18244
18245
18246
18250
18251
18252
18253
18254
18255
18259
18260
18306
18307
18308
18309
18315
18316
18317
18318
18324
18325
18326
18327
18331
18332
18333
18334
18335
18336
18340
18341
18387
18388
18389
18390
18396
18397
18398
18399
18405
18406
18407
18408
18412
18413
18414
18415
18416
18417
18421
18422
18430
18431
18439
18440
18448
18449
18450
18451
18452
18453
18457
18458
18459
18460
18461
18462
18468
18469
18470
18471
18477
18478
18479
18480
18486
18487
18488
18489
18493
18494
18495
18496
18497
18498
18502
18503
18511
18512
18520
18521
18529
18530
18531
18532
18533
18534
18538
18539
18540
18541
18542
18543
18592
18593
18601
18602
18610
18611
18612
18613
18614
18615
18619
18620
18621
18622
18623
18624
18673
18674
18682
18683
18691
18692
18693
18694
18695
18696
18700
18701
18702
18703
18704
18705
18754
18755
18763
18764
18772
18773
18774
18775
18776
18777
18781
18782
18783
18784
18785
18786
18792
18793
18794
18795
18801
18802
18803
18804
18810
18811
18812
18813
18817
18818
18819
18820
18821
18822
18826
18827
18835
18836
18844
18845
18853
18854
18855
18856
18857
18858
18862
18863
18864
18865
18866
18867
18873
18874
18875
18876
18882
18883
18884
18885
18891
18892
18893
18894
18898
18899
18900
18901
18902
18903
18907
18908
18954
18955
18956
18957
18963
18964
18965
18966
18972
18973
18974
18975
18979
18980
18981
18982
18983
18984
18988
18989
19035
19036
19037
19038
19044
19045
19046
19047
19053
19054
19055
19056
19060
19061
19062
19063
19064
19065
19069
19070
19116
19117
19118
19119
19125
19126
19127
19128
19134
19135
19136
19137
19141
19142
19143
19144
19145
19146
19150
19151
19159
19160
19168
19169
19177
19178
19179
19180
19181
19182
19186
19187
19188
19189
19190
19191
19197
19198
19199
19200
19206
19207
19208
19209
19215
19216
19217
19218
19222
19223
19224
19225
19226
19227
19231
19232
19240
19241
19249
19250
19258
19259
19260
19261
19262
19263
19267
19268
19269
19270
19271
19272
19683
19684
19685
19686
19692
19693
19694
19695
19701
19702
19703
19704
19708
19709
19710
19711
19712
19713
19717
19718
19764
19765
19766
19767
19773
19774
19775
19776
19782
19783
19784
19785
19789
19790
19791
19792
19793
19794
19798
19799
19845
19846
19847
19848
19854
19855
19856
19857
19863
19864
19865
19866
19870
19871
19872
19873
19874
19875
19879
19880
19888
19889
19897
19898
19906
19907
19908
19909
19910
19911
19915
19916
19917
19918
19919
19920
19926
19927
19928
19929
19935
19936
19937
19938
19944
19945
19946
19947
19951
19952
19953
19954
19955
19956
19960
19961
19969
19970
19978
19979
19987
19988
19989
19990
19991
19992
19996
19997
19998
19999
20000
20001
20412
20413
20414
20415
20421
20422
20423
20424
20430
20431
20432
20433
20437
20438
20439
20440
20441
20442
20446
20447
20493
20494
20495
20496
20502
20503
20504
20505
20511
20512
20513
20514
20518
20519
20520
20521
20522
20523
20527
20528
20574
20575
20576
20577
20583
20584
20585
20586
20592
20593
20594
20595
20599
20600
20601
20602
20603
20604
20608
20609
20617
20618
20626
20627
20635
20636
20637
20638
20639
20640
20644
20645
20646
20647
20648
20649
20655
20656
20657
20658
20664
20665
20666
20667
20673
20674
20675
20676
20680
20681
20682
20683
20684
20685
20689
20690
20698
20699
20707
20708
20716
20717
20718
20719
20720
20721
20725
20726
20727
20728
20729
20730
21141
21142
21143
21144
21150
21151
21152
21153
21159
21160
21161
21162
21166
21167
21168
21169
21170
21171
21175
21176
21222
21223
21224
21225
21231
21232
21233
21234
21240
21241
21242
21243
21247
21248
21249
21250
21251
21252
21256
21257
21303
21304
21305
21306
21312
21313
21314
21315
21321
21322
21323
21324
21328
21329
21330
21331
21332
21333
21337
21338
21346
21347
21355
21356
21364
21365
21366
21367
21368
21369
21373
21374
21375
21376
21377
21378
21384
21385
21386
21387
21393
21394
21395
21396
21402
21403
21404
21405
21409
21410
21411
21412
21413
21414
21418
21419
21427
21428
21436
21437
21445
21446
21447
21448
21449
21450
21454
21455
21456
21457
21458
21459
21508
21509
21517
21518
21526
21527
21528
21529
21530
21531
21535
21536
21537
21538
21539
21540
21589
21590
21598
21599
21607
21608
21609
21610
21611
21612
21616
21617
21618
21619
21620
21621
21670
21671
21679
21680
21688
21689
21690
21691
21692
21693
21697
21698
21699
21700
21701
21702
21708
21709
21710
21711
21717
21718
21719
21720
21726
21727
21728
21729
21733
21734
21735
21736
21737
21738
21742
21743
21751
21752
21760
21761
21769
21770
21771
21772
21773
21774
21778
21779
21780
21781
21782
21783
21789
21790
21791
21792
21798
21799
21800
21801
21807
21808
21809
21810
21814
21815
21816
21817
21818
21819
21823
21824
21870
21871
21872
21873
21879
21880
21881
21882
21888
21889
21890
21891
21895
21896
21897
21898
21899
21900
21904
21905
21951
21952
21953
21954
21960
21961
21962
21963
21969
21970
21971
21972
21976
21977
21978
21979
21980
21981
21985
21986
22032
22033
22034
22035
22041
22042
22043
22044
22050
22051
22052
22053
22057
22058
22059
22060
22061
22062
22066
22067
22075
22076
22084
22085
22093
22094
22095
22096
22097
22098
22102
22103
22104
22105
22106
22107
22113
22114
22115
22116
22122
22123
22124
22125
22131
22132
22133
22134
22138
22139
22140
22141
22142
22143
22147
22148
22156
22157
22165
22166
22174
22175
22176
22177
22178
22179
22183
22184
22185
22186
22187
22188
22237
22238
22246
22247
22255
22256
22257
22258
22259
22260
22264
22265
22266
22267
22268
22269
22318
22319
22327
22328
22336
22337
22338
22339
22340
22341
22345
22346
22347
22348
22349
22350
22399
22400
22408
22409
22417
22418
22419
22420
22421
22422
22426
22427
22428
22429
22430
22431
22437
22438
22439
22440
22446
22447
22448
22449
22455
22456
22457
22458
22462
22463
22464
22465
22466
22467
22471
22472
22480
22481
22489
22490
22498
22499
22500
22501
22502
22503
22507
22508
22509
22510
22511
22512
22518
22519
22520
22521
22527
22528
22529
22530
22536
22537
22538
22539
22543
22544
22545
22546
22547
22548
22552
22553
22966
22967
22975
22976
22984
22985
22986
22987
22988
22989
22993
22994
22995
22996
22997
22998
23047
23048
23056
23057
23065
23066
23067
23068
23069
23070
23074
23075
23076
23077
23078
23079
23128
23129
23137
23138
23146
23147
23148
23149
23150
23151
23155
23156
23157
23158
23159
23160
23166
23167
23168
23169
23175
23176
23177
23178
23184
23185
23186
23187
23191
23192
23193
23194
23195
23196
23200
23201
23209
23210
23218
23219
23227
23228
23229
23230
23231
23232
23236
23237
23238
23239
23240
23241
23247
23248
23249
23250
23256
23257
23258
23259
23265
23266
23267
23268
23272
23273
23274
23275
23276
23277
23281
23282
23695
23696
23704
23705
23713
23714
23715
23716
23717
23718
23722
23723
23724
23725
23726
23727
23776
23777
23785
23786
23794
23795
23796
23797
23798
23799
23803
23804
23805
23806
23807
23808
23857
23858
23866
23867
23875
23876
23877
23878
23879
23880
23884
23885
23886
23887
23888
23889
23895
23896
23897
23898
23904
23905
23906
23907
23913
23914
23915
23916
23920
23921
23922
23923
23924
23925
23929
23930
23938
23939
23947
23948
23956
23957
23958
23959
23960
23961
23965
23966
23967
23968
23969
23970
23976
23977
23978
23979
23985
23986
23987
23988
23994
23995
23996
23997
24001
24002
24003
24004
24005
24006
24010
24011
24424
24425
24433
24434
24442
24443
24444
24445
24446
24447
24451
24452
24453
24454
24455
24456
24505
24506
24514
24515
24523
24524
24525
24526
24527
24528
24532
24533
24534
24535
24536
24537
24586
24587
24595
24596
24604
24605
24606
24607
24608
24609
24613
24614
24615
24616
24617
24618
24624
24625
24626
24627
24633
24634
24635
24636
24642
24643
24644
24645
24649
24650
24651
24652
24653
24654
24658
24659
24667
24668
24676
24677
24685
24686
24687
24688
24689
24690
24694
24695
24696
24697
24698
24699
24705
24706
24707
24708
24714
24715
24716
24717
24723
24724
24725
24726
24730
24731
24732
24733
24734
24735
24739
24740
24786
24787
24788
24789
24795
24796
24797
24798
24804
24805
24806
24807
24811
24812
24813
24814
24815
24816
24820
24821
24867
24868
24869
24870
24876
24877
24878
24879
24885
24886
24887
24888
24892
24893
24894
24895
24896
24897
24901
24902
24948
24949
24950
24951
24957
24958
24959
24960
24966
24967
24968
24969
24973
24974
24975
24976
24977
24978
24982
24983
24991
24992
25000
25001
25009
25010
25011
25012
25013
25014
25018
25019
25020
25021
25022
25023
25029
25030
25031
25032
25038
25039
25040
25041
25047
25048
25049
25050
25054
25055
25056
25057
25058
25059
25063
25064
25072
25073
25081
25082
25090
25091
25092
25093
25094
25095
25099
25100
25101
25102
25103
25104
25153
25154
25162
25163
25171
25172
25173
25174
25175
25176
25180
25181
25182
25183
25184
25185
25234
25235
25243
25244
25252
25253
25254
25255
25256
25257
25261
25262
25263
25264
25265
25266
25315
25316
25324
25325
25333
25334
25335
25336
25337
25338
25342
25343
25344
25345
25346
25347
25353
25354
25355
25356
25362
25363
25364
25365
25371
25372
25373
25374
25378
25379
25380
25381
25382
25383
25387
25388
25396
25397
25405
25406
25414
25415
25416
25417
25418
25419
25423
25424
25425
25426
25427
25428
25434
25435
25436
25437
25443
25444
25445
25446
25452
25453
25454
25455
25459
25460
25461
25462
25463
25464
25468
25469
25515
25516
25517
25518
25524
25525
25526
25527
25533
25534
25535
25536
25540
25541
25542
25543
25544
25545
25549
25550
25596
25597
25598
25599
25605
25606
25607
25608
25614
25615
25616
25617
25621
25622
25623
25624
25625
25626
25630
25631
25677
25678
25679
25680
25686
25687
25688
25689
25695
25696
25697
25698
25702
25703
25704
25705
25706
25707
25711
25712
25720
25721
25729
25730
25738
25739
25740
25741
25742
25743
25747
25748
25749
25750
25751
25752
25758
25759
25760
25761
25767
25768
25769
25770
25776
25777
25778
25779
25783
25784
25785
25786
25787
25788
25792
25793
25801
25802
25810
25811
25819
25820
25821
25822
25823
25824
25828
25829
25830
25831
25832
25833
