2
3
4
5
6
7
8
9
10
11
12
13
15
17
18
19
20
21
22
23
24
25
26
27
28
30
31
32
33
35
36
37
38
39
41
44
45
46
50
51
52
54
55
56
60
61
62
63
64
65
72
73
74
75
76
77
78
81
82
83
84
85
86
87
88
89
90
91
92
93
95
96
98
99
100
101
102
103
104
105
106
108
109
111
114
116
123
125
132
134
135
136
138
150
152
153
154
156
162
163
164
168
169
170
171
172
173
180
181
182
183
184
185
189
190
191
195
196
197
198
199
200
207
208
209
210
211
212
243
244
246
252
253
255
258
260
270
271
273
276
278
285
287
294
296
297
298
300
312
314
315
316
318
