2
3
4
5
6
7
8
9
10
11
12
13
14
15
16
17
18
19
20
21
22
23
24
25
26
27
28
29
30
31
32
33
34
35
36
37
38
39
40
41
42
43
44
45
46
47
48
49
50
51
52
53
54
55
56
57
58
59
60
61
62
63
64
65
66
67
68
69
70
71
72
73
74
75
76
77
78
79
80
81
82
83
84
85
86
87
88
89
90
91
92
93
94
95
96
97
98
99
100
101
102
103
104
105
106
107
108
109
110
111
112
113
114
115
116
117
118
119
120
121
122
123
124
125
126
127
128
129
130
131
132
133
134
135
136
137
138
139
140
141
142
143
144
145
146
147
148
150
151
152
153
154
155
156
157
158
159
160
161
162
163
164
165
166
167
168
169
170
171
172
173
174
175
176
177
178
179
180
181
182
183
184
185
186
187
188
189
190
191
192
193
194
195
196
197
198
199
201
202
204
205
206
207
208
210
211
212
213
214
215
216
217
218
219
220
221
222
224
225
226
227
228
229
231
232
233
234
235
236
237
238
239
240
242
243
244
245
246
247
249
250
251
252
253
254
255
256
259
260
261
262
264
265
269
270
271
273
274
276
277
278
279
280
281
282
283
284
285
286
287
288
289
290
291
292
293
294
295
296
297
298
299
300
301
304
305
306
307
309
310
311
313
316
318
319
320
322
324
325
327
328
331
333
334
340
341
342
343
345
346
348
349
350
351
352
353
354
355
356
357
358
361
362
363
365
366
368
369
370
372
374
376
377
378
379
381
382
383
384
386
387
388
389
390
391
392
393
394
395
396
397
398
399
400
401
402
403
405
406
408
410
411
412
413
414
415
416
417
418
419
420
421
422
423
424
425
426
427
429
430
431
432
433
434
435
436
437
438
439
440
441
442
443
444
445
446
447
448
449
450
451
452
453
454
455
456
457
458
459
460
461
462
463
464
465
466
467
468
469
471
472
474
475
477
478
479
480
481
482
483
484
485
486
487
489
490
491
492
494
495
496
498
500
501
502
503
504
505
507
508
509
510
511
512
513
514
515
516
517
518
519
520
521
522
523
524
525
526
530
531
532
534
536
537
538
539
540
541
543
544
545
546
547
548
549
550
552
553
555
556
557
558
559
561
562
563
564
565
566
567
568
569
570
571
574
575
576
577
580
584
586
587
588
589
590
591
592
593
594
595
596
597
598
599
600
601
602
603
604
605
606
607
609
610
611
612
614
615
616
617
618
619
620
621
622
623
624
625
626
627
628
629
630
631
633
634
638
639
640
642
643
645
646
647
648
649
651
652
653
654
655
656
657
658
659
660
662
663
664
665
666
667
668
669
670
671
672
673
674
675
676
678
679
681
682
684
685
686
687
688
689
690
691
692
693
694
695
696
697
698
699
700
701
702
703
704
705
706
707
708
710
711
712
714
715
716
717
718
719
720
721
723
724
725
726
727
728
729
730
731
732
733
734
735
736
737
738
739
740
741
742
743
744
745
746
747
748
749
750
751
752
753
754
755
756
757
758
759
760
761
762
763
765
766
767
768
769
770
771
772
773
774
775
776
777
779
780
781
782
783
784
785
786
787
788
789
790
791
792
793
795
796
797
798
799
800
801
802
803
804
805
806
807
809
810
811
812
813
814
815
816
817
818
819
820
821
822
823
824
825
826
827
828
829
830
831
832
835
836
837
838
840
842
843
846
847
848
849
850
853
854
855
856
858
859
860
861
862
863
864
865
867
869
870
871
872
873
874
875
876
877
881
882
883
884
885
887
888
889
890
891
892
893
894
895
898
899
900
901
902
903
905
907
908
909
910
911
912
913
915
916
917
918
919
920
921
922
925
927
928
929
931
936
937
944
945
948
949
950
951
953
954
955
956
957
960
961
962
963
964
965
966
969
970
971
972
973
974
975
979
980
981
982
983
984
985
986
987
988
989
990
991
993
994
997
998
999
1000
1001
1002
1003
1006
1007
1008
1009
1010
1011
1012
1014
1015
1017
1018
1019
1020
1022
1023
1025
1026
1030
1032
1034
1036
1038
1039
1041
1042
1043
1044
1045
1047
1048
1050
1051
1053
1054
1057
1058
1059
1062
1063
1064
1065
1066
1067
1068
1069
1070
1071
1074
1076
1077
1079
1080
1081
1082
1083
1084
1086
1087
1088
1089
1090
1092
1093
1094
1095
1096
1098
1099
1101
1102
1103
1107
1108
1110
1111
1114
1115
1116
1117
1118
1119
1120
1123
1125
1126
1127
1128
1129
1130
1131
1132
1134
1135
1136
1137
1138
1139
1140
1142
1143
1144
1145
1146
1148
1149
1150
1151
1152
1153
1155
1157
1158
1159
1160
1161
1162
1164
1166
1167
1168
1170
1171
1173
1174
1176
1177
1179
1180
1181
1182
1183
1184
1185
1186
1187
1188
1189
1190
1191
1192
1193
1194
1195
1196
1197
1198
1200
1202
1203
1204
1205
1206
1207
1209
1210
1211
1212
1214
1215
1216
1218
1220
1221
1222
1223
1224
1225
1227
1228
1229
1230
1231
1232
1236
1237
1238
1239
1240
1241
1242
1243
1245
1246
1247
1248
1249
1251
1252
1254
1258
1259
1260
1261
1262
1263
1264
1265
1266
1267
1268
1269
1270
1271
1272
1274
1275
1276
1277
1278
1279
1281
1282
1283
1284
1285
1286
1287
1288
1290
1291
1292
1293
1294
1295
1296
1297
1298
1299
1305
1306
1307
1308
1309
1310
1311
1312
1314
1315
1317
1319
1320
1322
1323
1324
1327
1330
1331
1332
1333
1335
1336
1339
1340
1343
1344
1349
1350
1351
1355
1358
1359
1360
1363
1364
1365
1366
1367
1368
1369
1373
1374
1375
1376
1377
1378
1382
1383
1385
1386
1387
1391
1392
1394
1395
1396
1401
1402
1404
1405
1411
1420
1421
1422
1423
1424
1425
1427
1428
1429
1430
1431
1432
1434
1435
1436
1437
1438
1439
1440
1442
1443
1445
1448
1449
1450
1451
1452
1454
1455
1457
1458
1459
1460
1461
1467
1468
1469
1470
1474
1476
1477
1484
1485
1486
1489
1494
1502
1504
1509
1520
1531
1533
1539
1540
1541
1542
1543
1547
1548
1549
1550
1551
1552
1554
1555
1556
1557
1558
1559
1560
1561
1562
1563
1564
1565
1566
1567
1568
1569
1577
1583
1587
1591
1593
1594
1596
1600
1601
1602
1603
1605
1606
1610
1611
1612
1619
1620
1621
1627
1629
1631
1632
1635
1637
1638
1639
1640
1641
1647
1648
1654
1657
1658
1660
1668
1671
1673
1675
1679
1680
1682
1683
1690
1691
1692
1693
1701
1702
1710
1711
1713
1714
1716
1717
1722
1723
1736
1738
1741
1746
1747
1751
1752
1756
1770
1771
1776
1777
1779
1782
1783
1788
1791
1792
1794
1795
1797
1803
1805
1809
1810
1812
1817
1818
1819
1821
1822
1824
1825
1828
1830
1831
1836
1837
1838
1839
1844
1845
1846
1847
1848
1849
1852
1857
1858
1861
1866
1867
1872
1875
1880
1882
1884
1887
1888
1890
1891
1899
1900
1902
1903
1905
1906
1910
1911
1912
1917
1918
1919
1920
1924
1926
1929
1930
1932
1933
1934
1935
1938
1939
1944
1945
1947
1953
1954
1957
1961
1962
1963
1965
1971
1978
1980
1981
1983
1991
1992
1996
1997
1998
2001
2002
2006
2011
2012
2013
2015
2016
2043
2044
2052
2053
2059
2067
2068
2072
2073
2074
2078
2079
2080
2085
2087
2088
2089
2091
2092
2093
2094
2102
2106
2107
2124
2125
2133
2134
2138
2139
2140
2142
2143
2145
2146
2148
2149
2150
2151
2152
2153
2154
2155
2157
2166
2168
2171
2172
2173
2175
2176
2177
2180
2181
2182
2187
2188
2189
2190
2191
2193
2195
2196
2197
2198
2199
2203
2205
2206
2214
2215
2217
2218
2220
2223
2226
2235
2236
2239
2241
2242
2244
2245
2263
2266
2268
2269
2270
2271
2272
2276
2277
2278
2279
2280
2281
2284
2286
2287
2295
2296
2304
2305
2314
2316
2320
2321
2325
2329
2331
2332
2340
2343
2344
2347
2349
2350
2357
2358
2359
2362
2366
2368
2376
2378
2379
2385
2386
2388
2395
2396
2397
2401
2405
2428
2430
2431
2433
2434
2436
2439
2442
2446
2457
2458
2460
2461
2463
2466
2478
2479
2482
2484
2485
2487
2488
2491
2493
2494
2495
2496
2504
2505
2506
2509
2511
2512
2514
2515
2527
2533
2538
2557
2559
2563
2569
2572
2573
2574
2575
2576
2577
2578
2581
2582
2585
2586
2600
2601
2602
2604
2605
2608
2610
2611
2613
2614
2619
2620
2622
2623
2625
2628
2635
2638
2639
2644
2652
2655
2656
2659
2662
2663
2664
2665
2667
2668
2671
2673
2674
2676
2677
2679
2682
2683
2685
2686
2689
2690
2691
2692
2694
2700
2701
2702
2703
2704
2706
2709
2721
2761
2763
2764
2765
2766
2770
2792
2793
2800
2810
2817
2818
2842
2844
2845
2846
2847
2851
2862
2864
2865
2868
2871
2873
2874
2878
2895
2898
2899
2905
2911
2914
2916
2917
2919
2920
2922
2925
2943
2944
2946
2947
2949
2952
2964
3018
3019
3022
3045
3046
3049
3057
3060
3076
3078
3079
3088
3091
3095
3097
3105
3107
3108
3114
3115
3117
3124
3125
3126
3130
3131
3134
3135
3136
3157
3159
3160
3162
3169
3171
3172
3175
3229
3232
3234
3238
3258
3261
3267
3278
3279
3281
3282
3285
3286
3290
3294
3302
3307
3311
3321
3322
3326
3327
3329
3330
3331
3334
3335
3343
3347
3348
3353
3354
3358
3362
3363
3366
3367
3369
3374
3378
3383
3394
3399
3402
3403
3407
3408
3410
3419
3426
3438
3439
3455
3459
3460
3469
3473
3474
3477
3478
3500
3502
3504
3505
3508
3519
3520
3522
3531
3532
3535
3541
3543
3545
3546
3553
3555
3558
3559
3580
3585
3591
3592
3594
3595
3645
3646
3650
3651
3653
3654
3655
3659
3660
3662
3686
3687
3690
3691
3693
3695
3696
3698
3699
3700
3704
3705
3707
3712
3716
3717
3718
3720
3721
3722
3723
3725
3726
3727
3729
3731
3732
3734
3735
3736
3739
3740
3741
3743
3747
3748
3751
3753
3755
3756
3759
3762
3763
3767
3768
3771
3772
3774
3775
3776
3777
3778
3779
3780
3781
3782
3785
3786
3788
3789
3790
3796
3798
3799
3801
3803
3804
3805
3806
3807
3808
3817
3820
3823
3824
3826
3828
3834
3835
3836
3837
3838
3843
3844
3846
3853
3855
3860
3864
3865
3869
3871
3878
3879
3888
3889
3891
3892
3894
3897
3898
3901
3905
3907
3910
3912
3914
3915
3916
3918
3919
3920
3921
3924
3927
3929
3930
3933
3934
3936
3937
3938
3940
3941
3942
3943
3945
3946
3950
3952
3964
3967
3969
3970
3972
3973
3978
3983
3985
3986
3990
3991
3993
3994
4002
4006
4010
4011
4014
4015
4016
4017
4018
4019
4021
4023
4029
4032
4039
4042
4044
4048
4050
4051
4055
4056
4057
4058
4059
4060
4061
4062
4064
4065
4066
4067
4068
4071
4076
4077
4082
4095
4096
4097
4098
4100
4101
4102
4103
4104
4105
4107
4108
4109
4110
4112
4113
4117
4121
4122
4123
4125
4126
4127
4128
4130
4131
4132
4136
4137
4139
4140
4141
4144
4145
4146
4148
4150
4152
4153
4157
4158
4159
4161
4162
4167
4168
4169
4170
4171
4176
4177
4180
4181
4182
4183
4184
4185
4186
4188
4189
4190
4191
4193
4195
4198
4201
4202
4203
4204
4206
4207
4208
4209
4210
4211
4212
4213
4215
4216
4219
4221
4222
4223
4224
4228
4229
4231
4233
4234
4237
4243
4248
4249
4250
4251
4252
4258
4260
4261
4264
4268
4272
4274
4275
4276
4279
4293
4294
4298
4299
4300
4301
4302
4303
4304
4305
4307
4308
4309
4310
4317
4320
4326
4329
4336
4338
4339
4343
4344
4346
4347
4348
4352
4353
4355
4356
4357
4363
4365
4366
4369
4370
4371
4372
4373
4374
4375
4377
4378
4379
4380
4382
4383
4384
4388
4389
4391
4401
4402
4404
4405
4407
4410
4415
4416
4419
4420
4422
4423
4424
4425
4426
4427
4428
4429
4431
4432
4433
4434
4436
4445
4446
4447
4450
4451
4452
4453
4454
4455
4456
4458
4459
4460
4461
4463
4464
4465
4469
4470
4471
4472
4482
4484
4485
4500
4501
4505
4506
4508
4509
4510
4511
4514
4515
4517
4518
4525
4526
4527
4528
4530
4532
4533
4534
4535
4536
4537
4557
4558
4562
4563
4564
4565
4566
4567
4568
4569
4572
4573
4576
4582
4586
4590
4607
4608
4609
4616
4617
4618
4620
4621
4623
4626
4627
4635
4638
4639
4643
4644
4645
4647
4648
4650
4653
4654
4657
4664
4665
4666
4669
4671
4672
4673
4674
4675
4681
4687
4690
4692
4693
4696
4698
4699
4701
4702
4707
4708
4710
4714
4715
4716
4719
4725
4729
4734
4735
4736
4737
4738
4744
4745
4750
4768
4771
4773
4777
4779
4780
4784
4785
4786
4787
4788
4789
4790
4793
4794
4795
4796
4800
4806
4807
4809
4810
4824
4825
4829
4830
4832
4833
4834
4836
4837
4838
4839
4841
4846
4851
4852
4856
4857
4859
4860
4861
4865
4866
4868
4869
4870
4874
4875
4877
4881
4882
4886
4887
4888
4890
4891
4896
4897
4900
4905
4906
4910
4911
4913
4914
4915
4917
4918
4919
4920
4922
4927
4931
4932
4933
4937
4938
4940
4948
4950
4951
4952
4953
4957
4972
4977
4978
4979
4980
4981
4987
4989
4997
5003
5004
5005
5008
5012
5013
5014
5021
5022
5023
5027
5028
5029
5030
5031
5032
5033
5034
5036
5037
5038
5039
5049
5067
5068
5070
5072
5073
5075
5076
5077
5079
5080
5081
5082
5084
5093
5094
5095
5099
5100
5102
5103
5104
5110
5112
5113
5114
5132
5133
5141
5142
5150
5155
5255
5256
5257
5262
5291
5297
5298
5302
5315
5319
5327
5329
5336
5337
5363
5370
5372
5377
5378
5382
5383
5386
5387
5388
5391
5392
5394
5404
5408
5427
5428
5430
5435
5436
5437
5439
5444
5446
5449
5454
5458
5463
5464
5467
5469
5470
5473
5475
5476
5481
5482
5484
5485
5490
5491
5493
5494
5520
5525
5529
5530
5534
5535
5536
5538
5544
5545
5547
5548
5550
5551
5556
5557
5577
5578
5583
5584
5589
5590
5598
5599
5601
5602
5604
5605
5610
5611
5615
5621
5622
5625
5626
5642
5646
5647
5651
5656
5658
5659
5660
5661
5662
5664
5665
5667
5669
5670
5671
5679
5680
5682
5683
5684
5687
5689
5692
5694
5696
5697
5698
5701
5702
5706
5707
5709
5710
5718
5732
5734
5737
5741
5742
5751
5752
5754
5756
5757
5759
5773
5778
5787
5788
5790
5797
5813
5818
5822
5832
5833
5835
5837
5838
5840
5841
5842
5846
5847
5849
5859
5871
5873
5874
5877
5878
5882
5883
5885
5886
5887
5891
5892
5894
5903
5904
5905
5909
5910
5912
5913
5914
5918
5919
5921
5922
5923
5927
5928
5930
5946
5950
5954
5955
5958
5959
5963
5964
5966
5967
5968
5972
5973
5975
5977
5984
5985
5986
5990
5991
5993
6020
6026
6027
6031
6044
6048
6075
6076
6084
6085
6087
6088
6090
6091
6096
6097
6124
6127
6129
6130
6132
6133
6144
6145
6150
6151
6154
6156
6157
6159
6160
6165
6166
6168
6169
6172
6177
6178
6181
6183
6184
6192
6193
6195
6196
6198
6199
6204
6205
6208
6210
6211
6216
6219
6220
6222
6223
6237
6238
6242
6243
6245
6246
6247
6251
6252
6254
6264
6265
6270
6273
6274
6276
6277
6278
6279
6280
6282
6283
6285
6286
6287
6288
6290
6291
6292
6296
6297
6299
6306
6307
6309
6310
6312
6313
6314
6315
6317
6318
6319
6323
6324
6326
6327
6328
6332
6333
6335
6342
6344
6350
6351
6355
6363
6364
6367
6368
6369
6370
6371
6372
6373
6375
6376
6377
6378
6380
6389
6390
6391
6394
6395
6396
6397
6398
6399
6400
6402
6403
6408
6413
6415
6420
6421
6424
6441
6442
6447
6448
6451
6453
6454
6459
6462
6463
6465
6466
6480
6481
6485
6486
6488
6489
6490
6494
6495
6497
6504
6507
6508
6513
6516
6517
6519
6520
6522
6523
6525
6526
6528
6529
6530
6531
6533
6534
6535
6539
6540
6542
6543
6544
6549
6550
6552
6553
6555
6556
6557
6558
6559
6560
6561
6562
6563
6564
6565
6566
6567
6568
6569
6570
6571
6572
6573
6574
6575
6576
6577
6578
6579
6580
6582
6583
6588
6589
6590
6591
6592
6594
6597
6599
6600
6602
6603
6606
6607
6608
6609
6610
6611
6612
6613
6614
6615
6616
6617
6618
6619
6620
6621
6623
6624
6628
6630
6631
6632
6633
6634
6636
6637
6638
6639
6640
6641
6642
6643
6644
6645
6646
6647
6648
6649
6650
6651
6652
6653
6654
6655
6656
6657
6658
6659
6660
6661
6663
6664
6668
6669
6670
6672
6675
6678
6679
6681
6682
6683
6684
6685
6687
6688
6690
6691
6692
6693
6694
6695
6696
6697
6701
6702
6703
6704
6705
6706
6707
6708
6709
6713
6714
6715
6716
6717
6719
6720
6722
6723
6724
6725
6726
6732
6733
6734
6735
6739
6740
6750
6751
6759
6760
6762
6763
6765
6766
6771
6772
6788
6789
6792
6793
6797
6798
6799
6804
6805
6806
6807
6813
6814
6815
6816
6820
6822
6825
6831
6838
6847
6851
6852
6856
6860
6868
6874
6877
6879
6883
6903
6906
6912
6923
6924
6926
6927
6930
6931
6935
6939
6966
6967
6971
6972
6974
6975
6976
6978
6980
6981
6982
6983
6984
6987
6992
6998
6999
7003
7007
7008
7011
7012
7013
7016
7017
7018
7019
7020
7021
7023
7024
7025
7026
7028
7029
7030
7033
7036
7038
7039
7041
7043
7044
7046
7047
7048
7052
7053
7055
7056
7057
7059
7061
7062
7063
7064
7065
7068
7069
7071
7073
7074
7075
7076
7077
7078
7083
7084
7085
7086
7087
7092
7093
7097
7098
7100
7101
7102
7104
7105
7106
7107
7109
7111
7114
7117
7118
7119
7120
7122
7124
7125
7127
7128
7129
7145
7152
7154
7159
7160
7164
7165
7168
7170
7171
7176
7177
7182
7183
7190
7191
7192
7194
7195
7199
7200
7209
7210
7214
7215
7217
7218
7219
7223
7224
7226
7236
7237
7245
7246
7248
7249
7251
7252
7254
7255
7257
7258
7259
7260
7262
7263
7264
7268
7269
7271
7278
7279
7281
7282
7284
7285
7286
7287
7289
7290
7291
7292
7293
7295
7296
7298
7299
7300
7301
7302
7303
7304
7305
7306
7307
7308
7309
7311
7312
7317
7318
7335
7336
7340
7341
7343
7344
7345
7347
7348
7349
7350
7352
7357
7359
7360
7362
7363
7365
7366
7367
7368
7370
7371
7372
7373
7374
7376
7377
7379
7380
7381
7382
7383
7384
7385
7386
7387
7388
7389
7390
7392
7393
7397
7398
7399
7401
7407
7408
7410
7411
7416
7417
7421
7422
7423
7424
7425
7426
7430
7431
7432
7433
7434
7435
7436
7437
7438
7442
7443
7444
7445
7446
7448
7449
7451
7452
7453
7454
7455
7461
7462
7463
7464
7468
7469
7473
7474
7478
7479
7480
7482
7483
7488
7489
7492
7517
7518
7523
7524
7525
7526
7527
7532
7533
7534
7535
7536
7542
7543
7544
7545
7546
7548
7549
7554
7555
7559
7560
7561
7563
7567
7576
7580
7581
7602
7603
7608
7609
7614
7615
7623
7624
7626
7627
7641
7642
7650
7651
7653
7654
7695
7696
7700
7701
7703
7704
7705
7709
7710
7712
7729
7738
7740
7741
7742
7743
7745
7746
7747
7748
7749
7750
7754
7755
7756
7757
7758
7759
7767
7768
7772
7773
7775
7776
7777
7781
7782
7784
7785
7786
7790
7791
7793
7810
7819
7821
7822
7823
7824
7826
7827
7828
7829
7830
7831
7835
7836
7837
7838
7839
7840
7843
7847
7848
7849
7853
7854
7856
7857
7858
7859
7860
7866
7867
7868
7869
7873
7875
7876
7884
7885
7888
7891
7893
7894
7897
7900
7904
7905
7919
7924
7928
7929
7930
7937
7938
7939
7943
7944
7946
7947
7948
7952
7953
7955
7956
7957
7965
7966
7972
7981
7983
7984
7985
7986
7988
7989
7991
7992
7993
7995
7996
7997
7998
8000
8003
8004
8009
8010
8011
8012
8013
8015
8016
8018
8019
8020
8021
8022
8028
8029
8030
8031
8035
8037
8038
8046
8047
8100
8101
8102
8103
8109
8110
8111
8112
8116
8117
8118
8119
8121
8122
8126
8127
8128
8130
8152
8161
8162
8163
8164
8167
8171
8172
8173
8180
8193
8198
8202
8203
8207
8208
8209
8211
8212
8217
8218
8221
8252
8253
8254
8261
8262
8263
8271
8272
8283
8284
8288
8289
8290
8292
8293
8298
8299
8302
8310
8343
8344
8352
8353
8355
8360
8374
8379
8380
8383
8604
8605
8613
8614
8620
8629
8633
8634
8657
8658
8659
8666
8667
8668
8676
8677
8685
8686
8694
8695
8701
8710
8714
8715
8724
8725
8732
8733
8738
8739
8740
8741
8742
8747
8748
8749
8750
8751
8757
8758
8759
8760
8761
8763
8764
8765
8766
8767
8769
8770
8775
8776
8805
8806
8810
8815
8817
8818
8823
8824
8829
8830
8831
8832
8838
8839
8840
8841
8842
8845
8847
8848
8856
8857
8865
8866
8868
8869
8871
8872
8877
8878
8881
8883
8884
8890
8892
8893
8895
8896
8931
8932
8936
8937
8938
8940
8941
8946
8947
8949
8950
8952
8953
8958
8959
8979
8980
8981
8982
8983
8985
8986
8990
8991
8992
9000
9001
9012
9013
9017
9018
9019
9021
9043
9052
9054
9055
9056
9057
9065
9066
9124
9133
9135
9136
9137
9138
9146
9147
9171
9172
9180
9181
9186
9190
9194
9195
9198
9199
9226
9231
9234
9235
9239
9240
9242
9251
9258
9260
9266
9267
9271
9305
9306
9307
9312
9324
9329
9357
9358
9363
9364
9369
9370
9378
9379
9381
9382
9423
9424
9432
9433
9435
9436
9438
9439
9444
9445
9465
9466
9471
9472
9477
9478
9486
9487
9489
9490
9492
9493
9498
9499
9546
9547
9550
9552
9553
9555
9558
9559
9563
9564
9566
9567
9568
9570
9571
9585
9586
9591
9594
9595
9597
9598
9599
9600
9603
9604
9620
9622
9629
9630
9631
9636
9665
9671
9672
9676
9689
9693
9720
9721
9729
9730
9732
9733
9735
9736
9741
9742
9770
9774
9782
9784
9789
9790
9795
9796
9801
9802
9810
9811
9813
9814
9815
9818
9825
9828
9829
9834
9837
9838
9840
9841
9842
9843
9844
9846
9847
9849
9850
9851
9855
9856
9864
9865
9867
9868
9882
9883
9887
9888
9890
9891
9896
9908
9909
9910
9914
9915
9918
9919
9921
9922
9923
9924
9925
9927
9928
9930
9931
9951
9952
9955
9957
9958
9960
9963
9964
9968
9969
9971
9972
9973
9975
9976
9978
9979
9980
9984
9985
9987
10032
10033
10038
10039
10044
10045
10053
10054
10056
10057
10071
10072
10080
10081
10083
10084
10206
10207
10211
10212
10214
10215
10216
10220
10221
10223
10251
10252
10256
10257
10259
10260
10261
10265
10266
10268
10278
10279
10283
10284
10286
10287
10288
10292
10293
10295
10296
10297
10301
10302
10304
10332
10333
10337
10338
10340
10341
10342
10346
10347
10349
10359
10360
10364
10365
10367
10449
10450
10458
10459
10461
10462
10464
10465
10470
10471
10501
10510
10512
10513
10514
10515
10518
10519
10523
10524
10525
10530
10531
10539
10540
10542
10543
10557
10558
10566
10567
10569
10570
10572
10573
10578
10579
10582
10584
10585
10591
10593
10594
10595
10596
10597
10604
10605
10611
10612
10616
10617
10619
10620
10621
10625
10626
10628
10629
10630
10638
10639
10645
10647
10648
10650
10651
10653
10654
10656
10657
10658
10659
10660
10661
10662
10663
10664
10665
10666
10670
10671
10672
10673
10674
10675
10680
10681
10683
10684
10686
10687
10688
10689
10691
10692
10693
10697
10698
10700
10701
10702
10706
10707
10709
10726
10735
10737
10738
10739
10740
10742
10743
10744
10745
10746
10747
10751
10752
10753
10754
10755
10756
10764
10765
10769
10770
10772
10773
10774
10775
10776
10782
10783
10784
10785
10789
10815
10816
10821
10822
10827
10828
10836
10837
10839
10840
10854
10855
10859
10860
10862
10863
10864
10868
10869
10871
10881
10882
10890
10891
10893
10894
10896
10897
10899
10900
10902
10903
10904
10905
10907
10908
10909
10913
10914
10916
10923
10924
10926
10927
10929
10930
10931
10932
10934
10935
10936
10940
10941
10943
10944
10945
10947
10948
10949
10950
10951
10952
10956
10957
10980
10981
10985
10986
10988
10989
10990
10994
10995
10997
11004
11005
11007
11008
11010
11011
11012
11013
11015
11016
11017
11021
11022
11024
11025
11026
11028
11029
11030
11031
11033
11043
11044
11052
11053
11055
11056
11058
11059
11061
11062
11064
11065
11066
11067
11069
11070
11071
11075
11076
11078
11079
11080
11082
11083
11088
11089
11093
11094
11096
11124
11125
11133
11134
11136
11137
11139
11140
11145
11146
11166
11167
11172
11173
11230
11239
11241
11242
11243
11244
11252
11253
11311
11320
11322
11323
11324
11325
11333
11334
11340
11341
11345
11346
11348
11349
11350
11354
11355
11357
11358
11359
11367
11368
11374
11383
11385
11386
11387
11388
11390
11391
11392
11393
11394
11395
11399
11400
11401
11402
11403
11404
11412
11413
11417
11418
11420
11421
11422
11426
11427
11429
11430
11431
11435
11436
11438
11455
11464
11466
11467
11468
11469
11471
11472
11473
11474
11475
11476
11480
11481
11482
11483
11484
11485
11488
11492
11493
11494
11498
11499
11501
11502
11503
11504
11505
11511
11512
11513
11514
11518
11533
11538
11539
11542
11544
11545
11550
11551
11556
11557
11564
11565
11566
11568
11569
11573
11574
11575
11582
11583
11584
11588
11589
11591
11592
11593
11597
11598
11600
11610
11611
11619
11620
11622
11623
11625
11626
11628
11629
11631
11632
11633
11634
11636
11637
11638
11640
11641
11642
11643
11645
11652
11653
11654
11655
11656
11658
11659
11660
11661
11663
11664
11665
11666
11667
11673
11674
11675
11676
11677
11679
11680
11682
11683
11685
11686
11691
11692
11733
11734
11739
11740
11745
11746
11747
11748
11754
11755
11756
11757
11758
11761
11763
11764
11772
11773
11781
11782
11784
11785
11797
11806
11808
11809
11810
11811
11819
11820
11826
11827
11828
11829
11835
11836
11837
11838
11842
11891
11892
11900
11901
11907
11908
11909
11910
11916
11917
11918
11919
11920
11922
11923
11928
11929
11938
11941
11943
11944
11947
11950
11954
11955
11959
11968
11970
11971
11972
11973
11976
11977
11981
11982
11983
11988
11989
11997
11998
12000
12001
12005
12015
12016
12019
12024
12025
12027
12028
12036
12040
12045
12046
12049
12051
12052
12053
12054
12062
12063
12081
12086
12087
12088
12090
12091
12095
12096
12097
12099
12117
12212
12217
12221
12222
12223
12230
12262
12267
12268
12271
12279
12293
12298
12302
12303
12304
12311
12312
12313
12321
12322
12360
12369
12370
12383
12384
12385
12392
12393
12394
12398
12399
12401
12402
12403
12405
12407
12408
12410
12438
12439
12443
12444
12446
12447
12448
12450
12451
12452
12453
12455
12460
12465
12466
12470
12471
12473
12474
12475
12479
12480
12482
12483
12484
12488
12489
12491
12519
12520
12524
12525
12527
12528
12529
12533
12534
12536
12539
12540
12546
12547
12548
12549
12551
12552
12554
12555
12556
12557
12558
12564
12565
12566
12567
12571
12620
12621
12629
12630
12636
12637
12638
12639
12645
12646
12647
12648
12652
12670
12679
12683
12684
12688
12697
12699
12700
12701
12702
12710
12711
12769
12778
12780
12781
12782
12783
12791
12792
12798
12799
12803
12804
12806
12807
12808
12812
12813
12815
12816
12817
12825
12826
12843
12844
12848
12849
12851
12852
12853
12857
12858
12860
12870
12871
12875
12876
12878
12879
12880
12884
12885
12887
12888
12889
12893
12894
12896
12924
12925
12929
12930
12932
12933
12934
12938
12939
12941
12951
12952
12956
12957
12959
12978
12979
12987
12988
12994
13003
13007
13008
13041
13042
13046
13047
13049
13050
13051
13055
13056
13058
13059
13060
13068
13069
13075
13084
13086
13087
13088
13089
13091
13092
13094
13095
13096
13100
13101
13103
13106
13107
13113
13114
13115
13116
13118
13119
13121
13122
13123
13124
13125
13131
13132
13133
13134
13138
13140
13141
13149
13150
13203
13204
13205
13206
13212
13213
13214
13215
13219
13221
13222
13230
13231
13255
13264
13266
13267
13268
13269
13277
13278
13284
13285
13286
13287
13293
13294
13295
13296
13300
13349
13350
13358
13359
13365
13366
13367
13368
13374
13375
13376
13377
13381
13399
13408
13412
13413
13851
13852
13853
13854
13860
13861
13862
13863
13867
13869
13870
13878
13879
13932
13933
13934
13935
13941
13942
13943
13944
13948
13950
13951
13959
13960
13984
13993
13995
13996
13997
13998
14006
14007
14013
14014
14015
14016
14022
14023
14024
14025
14029
14078
14079
14087
14088
14094
14095
14096
14097
14103
14104
14105
14106
14110
14128
14137
14141
14142
14290
14299
14303
14304
14308
14317
14319
14320
14371
14380
14384
14385
14389
14398
14400
14401
14418
14419
14420
14421
14427
14428
14429
14430
14434
15309
15310
15318
15319
15321
15322
15324
15325
15330
15331
15378
15379
15384
15385
15390
15391
15399
15400
15402
15403
15417
15418
15426
15427
15429
15430
15432
15433
15438
15439
15444
15445
15453
15454
15456
15457
15498
15499
15507
15508
15510
15511
15513
15514
15519
15520
15540
15541
15546
15547
15918
15919
15924
15925
15930
15931
15939
15940
15942
15943
15984
15985
15993
15994
15996
15997
15999
16000
16005
16006
16026
16027
16032
16033
16038
16039
16047
16048
16050
16051
16053
16054
16059
16060
16107
16108
16113
16114
16119
16120
16128
16129
16131
16132
16146
16147
16155
16156
16158
16159
16281
16282
16290
16291
16293
16294
16296
16297
16302
16303
16350
16351
16356
16357
16362
16363
16371
16372
16374
16375
16389
16390
16398
16399
16401
16402
16404
16405
16410
16411
16416
16417
16425
16426
16428
16429
16470
16471
16479
16480
16482
16483
16485
16486
16491
16492
16512
16513
16518
16519
16524
16525
16533
16534
16536
16537
16539
16540
16545
16546
16593
16594
16599
16600
16605
16606
16614
16615
16617
16618
16632
16633
16641
16642
16644
16645
18371
18372
18380
18381
18387
18388
18389
18390
18396
18397
18398
18399
18403
18452
18453
18461
18462
18468
18469
18470
18471
18477
18478
18479
18480
18484
18502
18511
18515
18516
18520
18529
18531
18532
18533
18534
18542
18543
18601
18610
18612
18613
18614
18615
18623
18624
18648
18649
18657
18658
19100
19101
19109
19110
19116
19117
19118
19119
19125
19126
19127
19128
19132
19181
19182
19190
19191
19197
19198
19199
19200
19206
19207
19208
19209
19213
19231
19240
19244
19245
19249
19258
19260
19261
19262
19263
19271
19272
19330
19339
19341
19342
19343
19344
19352
19353
19377
19378
19386
19387
19539
19540
19548
19549
19555
19564
19568
19569
19620
19621
19629
19630
19636
19645
19649
19650
19667
19668
19676
19677
19683
19684
19685
19686
19692
19693
19694
19695
19699
19701
19702
19710
19711
19764
19765
19766
19767
19773
19774
19775
19776
19780
19782
19783
19791
19792
19816
19825
19827
19828
19829
19830
19838
19839
19845
19846
19847
19848
19854
19855
19856
19857
19861
19910
19911
19919
19920
19926
19927
19928
19929
19935
19936
19937
19938
19942
19960
19969
19973
19974
32805
32806
32810
32811
32813
32814
32815
32819
32820
32822
32850
32851
32855
32856
32858
32859
32860
32864
32865
32867
32877
32878
32882
32883
32885
32886
32887
32891
32892
32894
32895
32896
32900
32901
32903
32931
32932
32936
32937
32939
32940
32941
32945
32946
32948
32958
32959
32963
32964
32966
33210
33211
33215
33216
33218
33219
33220
33224
33225
33227
33255
33256
33260
33261
33263
33264
33265
33269
33270
33272
33282
33283
33287
33288
33290
33291
33292
33296
33297
33299
33300
33301
33305
33306
33308
33336
33337
33341
33342
33344
33345
33346
33350
33351
33353
33363
33364
33368
33369
33371
33453
33454
33458
33459
33461
33462
33463
33467
33468
33470
33498
33499
33503
33504
33506
33507
33508
33512
33513
33515
33525
33526
33530
33531
33533
33534
33535
33539
33540
33542
33543
33544
33548
33549
33551
33579
33580
33584
33585
33587
33588
33589
33593
33594
33596
33606
33607
33611
33612
33614
33615
33616
33620
33621
33623
33624
33625
33629
33630
33632
33660
33661
33665
33666
33668
33669
33670
33674
33675
33677
33687
33688
33692
33693
33695
33939
33940
33944
33945
33947
33948
33949
33953
33954
33956
33984
33985
33989
33990
33992
33993
33994
33998
33999
34001
34011
34012
34016
34017
34019
34020
34021
34025
34026
34028
34029
34030
34034
34035
34037
34065
34066
34070
34071
34073
34074
34075
34079
34080
34082
34092
34093
34097
34098
34100
34182
34183
34187
34188
34190
34191
34192
34196
34197
34199
34227
34228
34232
34233
34235
34236
34237
34241
34242
34244
34254
34255
34259
34260
34262
36450
36451
36455
36456
36458
36459
36460
36464
36465
36467
36495
36496
36500
36501
36503
36504
36505
36509
36510
36512
36522
36523
36527
36528
36530
36531
36532
36536
36537
36539
36540
36541
36545
36546
36548
36576
36577
36581
36582
36584
36585
36586
36590
36591
36593
36603
36604
36608
36609
36611
36855
36856
36860
36861
36863
36864
36865
36869
36870
36872
36900
36901
36905
36906
36908
36909
36910
36914
36915
36917
36927
36928
36932
36933
36935
36936
36937
36941
36942
36944
36945
36946
36950
36951
36953
36981
36982
36986
36987
36989
36990
36991
36995
36996
36998
37008
37009
37013
37014
37016
37098
37099
37103
37104
37106
37107
37108
37112
37113
37115
37143
37144
37148
37149
37151
37152
37153
37157
37158
37160
37170
37171
37175
37176
37178
37179
37180
37184
37185
37187
37188
37189
37193
37194
37196
37224
37225
37229
37230
37232
37233
37234
37238
37239
37241
37251
37252
37256
37257
37259
37260
37261
37265
37266
37268
37269
37270
37274
37275
37277
37305
37306
37310
37311
37313
37314
37315
37319
37320
37322
37332
37333
37337
37338
37340
37584
37585
37589
37590
37592
37593
37594
37598
37599
37601
37629
37630
37634
37635
37637
37638
37639
37643
37644
37646
37656
37657
37661
37662
37664
37665
37666
37670
37671
37673
37674
37675
37679
37680
37682
37710
37711
37715
37716
37718
37719
37720
37724
37725
37727
37737
37738
37742
37743
37745
37827
37828
37832
37833
37835
37836
37837
37841
37842
37844
37872
37873
37877
37878
37880
37881
37882
37886
37887
37889
37899
37900
37904
37905
37907
38637
38638
38642
38643
38645
38646
38647
38651
38652
38654
38682
38683
38687
38688
38690
38691
38692
38696
38697
38699
38709
38710
38714
38715
38717
38718
38719
38723
38724
38726
38727
38728
38732
38733
38735
38763
38764
38768
38769
38771
38772
38773
38777
38778
38780
38790
38791
38795
38796
38798
39042
39043
39047
39048
39050
39051
39052
39056
39057
39059
39087
39088
39092
39093
39095
39096
39097
39101
39102
39104
39114
39115
39119
39120
39122
39123
39124
39128
39129
39131
39132
39133
39137
39138
39140
39168
39169
39173
39174
39176
39177
39178
39182
39183
39185
39195
39196
39200
39201
39203
39285
39286
39290
39291
39293
39294
39295
39299
39300
39302
39330
39331
39335
39336
39338
39339
39340
39344
39345
39347
39357
39358
39362
39363
39365
39366
39367
39371
39372
39374
39375
39376
39380
39381
39383
39411
39412
39416
39417
39419
39420
39421
39425
39426
39428
39438
39439
39443
39444
39446
39447
39448
39452
39453
39455
39456
39457
39461
39462
39464
39492
39493
39497
39498
39500
39501
39502
39506
39507
39509
39519
39520
39524
39525
39527
39771
39772
39776
39777
39779
39780
39781
39785
39786
39788
39816
39817
39821
39822
39824
39825
39826
39830
39831
39833
39843
39844
39848
39849
39851
39852
39853
39857
39858
39860
39861
39862
39866
39867
39869
39897
39898
39902
39903
39905
39906
39907
39911
39912
39914
39924
39925
39929
39930
39932
40014
40015
40019
40020
40022
40023
40024
40028
40029
40031
40059
40060
40064
40065
40067
40068
40069
40073
40074
40076
40086
40087
40091
40092
40094
40095
40096
40100
40101
40103
40104
40105
40109
40110
40112
40140
40141
40145
40146
40148
40149
40150
40154
40155
40157
40167
40168
40172
40173
40175
40176
40177
40181
40182
40184
40185
40186
40190
40191
40193
40221
40222
40226
40227
40229
40230
40231
40235
40236
40238
40248
40249
40253
40254
40256
40500
40501
40505
40506
40508
40509
40510
40514
40515
40517
40545
40546
40550
40551
40553
40554
40555
40559
40560
40562
40572
40573
40577
40578
40580
40581
40582
40586
40587
40589
40590
40591
40595
40596
40598
40626
40627
40631
40632
40634
40635
40636
40640
40641
40643
40653
40654
40658
40659
40661
40743
40744
40748
40749
40751
40752
40753
40757
40758
40760
40788
40789
40793
40794
40796
40797
40798
40802
40803
40805
40815
40816
40820
40821
40823
43011
43012
43016
43017
43019
43020
43021
43025
43026
43028
43056
43057
43061
43062
43064
43065
43066
43070
43071
43073
43083
43084
43088
43089
43091
43092
43093
43097
43098
43100
43101
43102
43106
43107
43109
43137
43138
43142
43143
43145
43146
43147
43151
43152
43154
43164
43165
43169
43170
43172
43416
43417
43421
43422
43424
43425
43426
43430
43431
43433
43461
43462
43466
43467
43469
43470
43471
43475
43476
43478
43488
43489
43493
43494
43496
43497
43498
43502
43503
43505
43506
43507
43511
43512
43514
43542
43543
43547
43548
43550
43551
43552
43556
43557
43559
43569
43570
43574
43575
43577
43659
43660
43664
43665
43667
43668
43669
43673
43674
43676
43704
43705
43709
43710
43712
43713
43714
43718
43719
43721
43731
43732
43736
43737
43739
43740
43741
43745
43746
43748
43749
43750
43754
43755
43757
43785
43786
43790
43791
43793
43794
43795
43799
43800
43802
43812
43813
43817
43818
43820
43821
43822
43826
43827
43829
43830
43831
43835
43836
43838
43866
43867
43871
43872
43874
43875
43876
43880
43881
43883
43893
43894
43898
43899
43901
44145
44146
44150
44151
44153
44154
44155
44159
44160
44162
44190
44191
44195
44196
44198
44199
44200
44204
44205
44207
44217
44218
44222
44223
44225
44226
44227
44231
44232
44234
44235
44236
44240
44241
44243
44271
44272
44276
44277
44279
44280
44281
44285
44286
44288
44298
44299
44303
44304
44306
44388
44389
44393
44394
44396
44397
44398
44402
44403
44405
44433
44434
44438
44439
44441
44442
44443
44447
44448
44450
44460
44461
44465
44466
44468
45198
45199
45203
45204
45206
45207
45208
45212
45213
45215
45243
45244
45248
45249
45251
45252
45253
45257
45258
45260
45270
45271
45275
45276
45278
45279
45280
45284
45285
45287
45288
45289
45293
45294
45296
45324
45325
45329
45330
45332
45333
45334
45338
45339
45341
45351
45352
45356
45357
45359
45603
45604
45608
45609
45611
45612
45613
45617
45618
45620
45648
45649
45653
45654
45656
45657
45658
45662
45663
45665
45675
45676
45680
45681
45683
45684
45685
45689
45690
45692
45693
45694
45698
45699
45701
45729
45730
45734
45735
45737
45738
45739
45743
45744
45746
45756
45757
45761
45762
45764
45846
45847
45851
45852
45854
45855
45856
45860
45861
45863
45891
45892
45896
45897
45899
45900
45901
45905
45906
45908
45918
45919
45923
45924
45926
52488
52489
52493
52494
52496
52497
52498
52502
52503
52505
52533
52534
52538
52539
52541
52542
52543
52547
52548
52550
52560
52561
52565
52566
52568
52569
52570
52574
52575
52577
52578
52579
52583
52584
52586
52614
52615
52619
52620
52622
52623
52624
52628
52629
52631
52641
52642
52646
52647
52649
52893
52894
52898
52899
52901
52902
52903
52907
52908
52910
52938
52939
52943
52944
52946
52947
52948
52952
52953
52955
52965
52966
52970
52971
52973
52974
52975
52979
52980
52982
52983
52984
52988
52989
52991
53019
53020
53024
53025
53027
53028
53029
53033
53034
53036
53046
53047
53051
53052
53054
53136
53137
53141
53142
53144
53145
53146
53150
53151
53153
53181
53182
53186
53187
53189
53190
53191
53195
53196
53198
53208
53209
53213
53214
53216
53217
53218
53222
53223
53225
53226
53227
53231
53232
53234
53262
53263
53267
53268
53270
53271
53272
53276
53277
53279
53289
53290
53294
53295
53297
53298
53299
53303
53304
53306
53307
53308
53312
53313
53315
53343
53344
53348
53349
53351
53352
53353
53357
53358
53360
53370
53371
53375
53376
53378
53622
53623
53627
53628
53630
53631
53632
53636
53637
53639
53667
53668
53672
53673
53675
53676
53677
53681
53682
53684
53694
53695
53699
53700
53702
53703
53704
53708
53709
53711
53712
53713
53717
53718
53720
53748
53749
53753
53754
53756
53757
53758
53762
53763
53765
53775
53776
53780
53781
53783
53865
53866
53870
53871
53873
53874
53875
53879
53880
53882
53910
53911
53915
53916
53918
53919
53920
53924
53925
53927
53937
53938
53942
53943
53945
56133
56134
56138
56139
56141
56142
56143
56147
56148
56150
56178
56179
56183
56184
56186
56187
56188
56192
56193
56195
56205
56206
56210
56211
56213
56214
56215
56219
56220
56222
56223
56224
56228
56229
56231
56259
56260
56264
56265
56267
56268
56269
56273
56274
56276
56286
56287
56291
56292
56294
56538
56539
56543
56544
56546
56547
56548
56552
56553
56555
56583
56584
56588
56589
56591
56592
56593
56597
56598
56600
56610
56611
56615
56616
56618
56619
56620
56624
56625
56627
56628
56629
56633
56634
56636
56664
56665
56669
56670
56672
56673
56674
56678
56679
56681
56691
56692
56696
56697
56699
56781
56782
56786
56787
56789
56790
56791
56795
56796
56798
56826
56827
56831
56832
56834
56835
56836
56840
56841
56843
56853
56854
56858
56859
56861
56862
56863
56867
56868
56870
56871
56872
56876
56877
56879
56907
56908
56912
56913
56915
56916
56917
56921
56922
56924
56934
56935
56939
56940
56942
56943
56944
56948
56949
56951
56952
56953
56957
56958
56960
56988
56989
56993
56994
56996
56997
56998
57002
57003
57005
57015
57016
57020
57021
57023
57267
57268
57272
57273
57275
57276
57277
57281
57282
57284
57312
57313
57317
57318
57320
57321
57322
57326
57327
57329
57339
57340
57344
57345
57347
57348
57349
57353
57354
57356
57357
57358
57362
57363
57365
57393
57394
57398
57399
57401
57402
57403
57407
57408
57410
57420
57421
57425
57426
57428
57510
57511
57515
57516
57518
57519
57520
57524
57525
57527
57555
57556
57560
57561
57563
57564
57565
57569
57570
57572
57582
57583
57587
57588
57590
58320
58321
58325
58326
58328
58329
58330
58334
58335
58337
58365
58366
58370
58371
58373
58374
58375
58379
58380
58382
58392
58393
58397
58398
58400
58401
58402
58406
58407
58409
58410
58411
58415
58416
58418
58446
58447
58451
58452
58454
58455
58456
58460
58461
58463
58473
58474
58478
58479
58481
58725
58726
58730
58731
58733
58734
58735
58739
58740
58742
58770
58771
58775
58776
58778
58779
58780
58784
58785
58787
58797
58798
58802
58803
58805
58806
58807
58811
58812
58814
58815
58816
58820
58821
58823
58851
58852
58856
58857
58859
58860
58861
58865
58866
58868
58878
58879
58883
58884
58886
58968
58969
58973
58974
58976
58977
58978
58982
58983
58985
59013
59014
59018
59019
59021
59022
59023
59027
59028
59030
59040
59041
59045
59046
59048
59049
59050
59054
59055
59057
59058
59059
59063
59064
59066
59094
59095
59099
59100
59102
59103
59104
59108
59109
59111
59121
59122
59126
59127
59129
59130
59131
59135
59136
59138
59139
59140
59144
59145
59147
59175
59176
59180
59181
59183
59184
59185
59189
59190
59192
59202
59203
59207
59208
59210
59454
59455
59459
59460
59462
59463
59464
59468
59469
59471
59499
59500
59504
59505
59507
59508
59509
59513
59514
59516
59526
59527
59531
59532
59534
59535
59536
59540
59541
59543
59544
59545
59549
59550
59552
59580
59581
59585
59586
59588
59589
59590
59594
59595
59597
59607
59608
59612
59613
59615
59697
59698
59702
59703
59705
59706
59707
59711
59712
59714
59742
59743
59747
59748
59750
59751
59752
59756
59757
59759
59769
59770
59774
59775
59777
59778
59779
59783
59784
59786
59787
59788
59792
59793
59795
59823
59824
59828
59829
59831
59832
59833
59837
59838
59840
59850
59851
59855
59856
59858
59859
59860
59864
59865
59867
59868
59869
59873
59874
59876
59904
59905
59909
59910
59912
59913
59914
59918
59919
59921
59931
59932
59936
59937
59939
60183
60184
60188
60189
60191
60192
60193
60197
60198
60200
60228
60229
60233
60234
60236
60237
60238
60242
60243
60245
60255
60256
60260
60261
60263
60264
60265
60269
60270
60272
60273
60274
60278
60279
60281
60309
60310
60314
60315
60317
60318
60319
60323
60324
60326
60336
60337
60341
60342
60344
60426
60427
60431
60432
60434
60435
60436
60440
60441
60443
60471
60472
60476
60477
60479
60480
60481
60485
60486
60488
60498
60499
60503
60504
60506
62694
62695
62699
62700
62702
62703
62704
62708
62709
62711
62739
62740
62744
62745
62747
62748
62749
62753
62754
62756
62766
62767
62771
62772
62774
62775
62776
62780
62781
62783
62784
62785
62789
62790
62792
62820
62821
62825
62826
62828
62829
62830
62834
62835
62837
62847
62848
62852
62853
62855
63099
63100
63104
63105
63107
63108
63109
63113
63114
63116
63144
63145
63149
63150
63152
63153
63154
63158
63159
63161
63171
63172
63176
63177
63179
63180
63181
63185
63186
63188
63189
63190
63194
63195
63197
63225
63226
63230
63231
63233
63234
63235
63239
63240
63242
63252
63253
63257
63258
63260
63342
63343
63347
63348
63350
63351
63352
63356
63357
63359
63387
63388
63392
63393
63395
63396
63397
63401
63402
63404
63414
63415
63419
63420
63422
63423
63424
63428
63429
63431
63432
63433
63437
63438
63440
63468
63469
63473
63474
63476
63477
63478
63482
63483
63485
63495
63496
63500
63501
63503
63504
63505
63509
63510
63512
63513
63514
63518
63519
63521
63549
63550
63554
63555
63557
63558
63559
63563
63564
63566
63576
63577
63581
63582
63584
63828
63829
63833
63834
63836
63837
63838
63842
63843
63845
63873
63874
63878
63879
63881
63882
63883
63887
63888
63890
63900
63901
63905
63906
63908
63909
63910
63914
63915
63917
63918
63919
63923
63924
63926
63954
63955
63959
63960
63962
63963
63964
63968
63969
63971
63981
63982
63986
63987
63989
64071
64072
64076
64077
64079
64080
64081
64085
64086
64088
64116
64117
64121
64122
64124
64125
64126
64130
64131
64133
64143
64144
64148
64149
64151
64881
64882
64886
64887
64889
64890
64891
64895
64896
64898
64926
64927
64931
64932
64934
64935
64936
64940
64941
64943
64953
64954
64958
64959
64961
64962
64963
64967
64968
64970
64971
64972
64976
64977
64979
65007
65008
65012
65013
65015
65016
65017
65021
65022
65024
65034
65035
65039
65040
65042
65286
65287
65291
65292
65294
65295
65296
65300
65301
65303
65331
65332
65336
65337
65339
65340
65341
65345
65346
65348
65358
65359
65363
65364
65366
65367
65368
65372
65373
65375
65376
65377
65381
65382
65384
65412
65413
65417
65418
65420
65421
65422
65426
65427
65429
65439
65440
65444
65445
65447
65529
65530
65534
65535
65537
65538
65539
65543
65544
65546
65574
65575
65579
65580
65582
65583
65584
65588
65589
65591
65601
65602
65606
65607
65609
65610
65611
65615
65616
65618
65619
65620
65624
65625
65627
65655
65656
65660
65661
65663
65664
65665
65669
65670
65672
65682
65683
65687
65688
65690
65691
65692
65696
65697
65699
65700
65701
65705
65706
65708
65736
65737
65741
65742
65744
65745
65746
65750
65751
65753
65763
65764
65768
65769
65771
66015
66016
66020
66021
66023
66024
66025
66029
66030
66032
66060
66061
66065
66066
66068
66069
66070
66074
66075
66077
66087
66088
66092
66093
66095
66096
66097
66101
66102
66104
66105
66106
66110
66111
66113
66141
66142
66146
66147
66149
66150
66151
66155
66156
66158
66168
66169
66173
66174
66176
66258
66259
66263
66264
66266
66267
66268
66272
66273
66275
66303
66304
66308
66309
66311
66312
66313
66317
66318
66320
66330
66331
66335
66336
66338
66339
66340
66344
66345
66347
66348
66349
66353
66354
66356
66384
66385
66389
66390
66392
66393
66394
66398
66399
66401
66411
66412
66416
66417
66419
66420
66421
66425
66426
66428
66429
66430
66434
66435
66437
66465
66466
66470
66471
66473
66474
66475
66479
66480
66482
66492
66493
66497
66498
66500
66744
66745
66749
66750
66752
66753
66754
66758
66759
66761
66789
66790
66794
66795
66797
66798
66799
66803
66804
66806
66816
66817
66821
66822
66824
66825
66826
66830
66831
66833
66834
66835
66839
66840
66842
66870
66871
66875
66876
66878
66879
66880
66884
66885
66887
66897
66898
66902
66903
66905
66987
66988
66992
66993
66995
66996
66997
67001
67002
67004
67032
67033
67037
67038
67040
67041
67042
67046
67047
67049
67059
67060
67064
67065
67067
69255
69256
69260
69261
69263
69264
69265
69269
69270
69272
69300
69301
69305
69306
69308
69309
69310
69314
69315
69317
69327
69328
69332
69333
69335
69336
69337
69341
69342
69344
69345
69346
69350
69351
69353
69381
69382
69386
69387
69389
69390
69391
69395
69396
69398
69408
69409
69413
69414
69416
69660
69661
69665
69666
69668
69669
69670
69674
69675
69677
69705
69706
69710
69711
69713
69714
69715
69719
69720
69722
69732
69733
69737
69738
69740
69741
69742
69746
69747
69749
69750
69751
69755
69756
69758
69786
69787
69791
69792
69794
69795
69796
69800
69801
69803
69813
69814
69818
69819
69821
69903
69904
69908
69909
69911
69912
69913
69917
69918
69920
69948
69949
69953
69954
69956
69957
69958
69962
69963
69965
69975
69976
69980
69981
69983
69984
69985
69989
69990
69992
69993
69994
69998
69999
70001
70029
70030
70034
70035
70037
70038
70039
70043
70044
70046
70056
70057
70061
70062
70064
70065
70066
70070
70071
70073
70074
70075
70079
70080
70082
70110
70111
70115
70116
70118
70119
70120
70124
70125
70127
70137
70138
70142
70143
70145
70389
70390
70394
70395
70397
70398
70399
70403
70404
70406
70434
70435
70439
70440
70442
70443
70444
70448
70449
70451
70461
70462
70466
70467
70469
70470
70471
70475
70476
70478
70479
70480
70484
70485
70487
70515
70516
70520
70521
70523
70524
70525
70529
70530
70532
70542
70543
70547
70548
70550
70632
70633
70637
70638
70640
70641
70642
70646
70647
70649
70677
70678
70682
70683
70685
70686
70687
70691
70692
70694
70704
70705
70709
70710
70712
71442
71443
71447
71448
71450
71451
71452
71456
71457
71459
71487
71488
71492
71493
71495
71496
71497
71501
71502
71504
71514
71515
71519
71520
71522
71523
71524
71528
71529
71531
71532
71533
71537
71538
71540
71568
71569
71573
71574
71576
71577
71578
71582
71583
71585
71595
71596
71600
71601
71603
71847
71848
71852
71853
71855
71856
71857
71861
71862
71864
71892
71893
71897
71898
71900
71901
71902
71906
71907
71909
71919
71920
71924
71925
71927
71928
71929
71933
71934
71936
71937
71938
71942
71943
71945
71973
71974
71978
71979
71981
71982
71983
71987
71988
71990
72000
72001
72005
72006
72008
72090
72091
72095
72096
72098
72099
72100
72104
72105
72107
72135
72136
72140
72141
72143
72144
72145
72149
72150
72152
72162
72163
72167
72168
72170
91854
91855
91859
91860
91862
91863
91864
91868
91869
91871
91899
91900
91904
91905
91907
91908
91909
91913
91914
91916
91926
91927
91931
91932
91934
91935
91936
91940
91941
91943
91944
91945
91949
91950
91952
91980
91981
91985
91986
91988
91989
91990
91994
91995
91997
92007
92008
92012
92013
92015
92259
92260
92264
92265
92267
92268
92269
92273
92274
92276
92304
92305
92309
92310
92312
92313
92314
92318
92319
92321
92331
92332
92336
92337
92339
92340
92341
92345
92346
92348
92349
92350
92354
92355
92357
92385
92386
92390
92391
92393
92394
92395
92399
92400
92402
92412
92413
92417
92418
92420
92502
92503
92507
92508
92510
92511
92512
92516
92517
92519
92547
92548
92552
92553
92555
92556
92557
92561
92562
92564
92574
92575
92579
92580
92582
92583
92584
92588
92589
92591
92592
92593
92597
92598
92600
92628
92629
92633
92634
92636
92637
92638
92642
92643
92645
92655
92656
92660
92661
92663
92664
92665
92669
92670
92672
92673
92674
92678
92679
92681
92709
92710
92714
92715
92717
92718
92719
92723
92724
92726
92736
92737
92741
92742
92744
92988
92989
92993
92994
92996
92997
92998
93002
93003
93005
93033
93034
93038
93039
93041
93042
93043
93047
93048
93050
93060
93061
93065
93066
93068
93069
93070
93074
93075
93077
93078
93079
93083
93084
93086
93114
93115
93119
93120
93122
93123
93124
93128
93129
93131
93141
93142
93146
93147
93149
93231
93232
93236
93237
93239
93240
93241
93245
93246
93248
93276
93277
93281
93282
93284
93285
93286
93290
93291
93293
93303
93304
93308
93309
93311
95499
95500
95504
95505
95507
95508
95509
95513
95514
95516
95544
95545
95549
95550
95552
95553
95554
95558
95559
95561
95571
95572
95576
95577
95579
95580
95581
95585
95586
95588
95589
95590
95594
95595
95597
95625
95626
95630
95631
95633
95634
95635
95639
95640
95642
95652
95653
95657
95658
95660
95904
95905
95909
95910
95912
95913
95914
95918
95919
95921
95949
95950
95954
95955
95957
95958
95959
95963
95964
95966
95976
95977
95981
95982
95984
95985
95986
95990
95991
95993
95994
95995
95999
96000
96002
96030
96031
96035
96036
96038
96039
96040
96044
96045
96047
96057
96058
96062
96063
96065
96147
96148
96152
96153
96155
96156
96157
96161
96162
96164
96192
96193
96197
96198
96200
96201
96202
96206
96207
96209
96219
96220
96224
96225
96227
96228
96229
96233
96234
96236
96237
96238
96242
96243
96245
96273
96274
96278
96279
96281
96282
96283
96287
96288
96290
96300
96301
96305
96306
96308
96309
96310
96314
96315
96317
96318
96319
96323
96324
96326
96354
96355
96359
96360
96362
96363
96364
96368
96369
96371
96381
96382
96386
96387
96389
96633
96634
96638
96639
96641
96642
96643
96647
96648
96650
96678
96679
96683
96684
96686
96687
96688
96692
96693
96695
96705
96706
96710
96711
96713
96714
96715
96719
96720
96722
96723
96724
96728
96729
96731
96759
96760
96764
96765
96767
96768
96769
96773
96774
96776
96786
96787
96791
96792
96794
96876
96877
96881
96882
96884
96885
96886
96890
96891
96893
96921
96922
96926
96927
96929
96930
96931
96935
96936
96938
96948
96949
96953
96954
96956
97686
97687
97691
97692
97694
97695
97696
97700
97701
97703
97731
97732
97736
97737
97739
97740
97741
97745
97746
97748
97758
97759
97763
97764
97766
97767
97768
97772
97773
97775
97776
97777
97781
97782
97784
97812
97813
97817
97818
97820
97821
97822
97826
97827
97829
97839
97840
97844
97845
97847
98091
98092
98096
98097
98099
98100
98101
98105
98106
98108
98136
98137
98141
98142
98144
98145
98146
98150
98151
98153
98163
98164
98168
98169
98171
98172
98173
98177
98178
98180
98181
98182
98186
98187
98189
98217
98218
98222
98223
98225
98226
98227
98231
98232
98234
98244
98245
98249
98250
98252
98334
98335
98339
98340
98342
98343
98344
98348
98349
98351
98379
98380
98384
98385
98387
98388
98389
98393
98394
98396
98406
98407
98411
98412
98414
98415
98416
98420
98421
98423
98424
98425
98429
98430
98432
98460
98461
98465
98466
98468
98469
98470
98474
98475
98477
98487
98488
98492
98493
98495
98496
98497
98501
98502
98504
98505
98506
98510
98511
98513
98541
98542
98546
98547
98549
98550
98551
98555
98556
98558
98568
98569
98573
98574
98576
98820
98821
98825
98826
98828
98829
98830
98834
98835
98837
98865
98866
98870
98871
98873
98874
98875
98879
98880
98882
98892
98893
98897
98898
98900
98901
98902
98906
98907
98909
98910
98911
98915
98916
98918
98946
98947
98951
98952
98954
98955
98956
98960
98961
98963
98973
98974
98978
98979
98981
99063
99064
99068
99069
99071
99072
99073
99077
99078
99080
99108
99109
99113
99114
99116
99117
99118
99122
99123
99125
99135
99136
99140
99141
99143
99144
99145
99149
99150
99152
99153
99154
99158
99159
99161
99189
99190
99194
99195
99197
99198
99199
99203
99204
99206
99216
99217
99221
99222
99224
99225
99226
99230
99231
99233
99234
99235
99239
99240
99242
99270
99271
99275
99276
99278
99279
99280
99284
99285
99287
99297
99298
99302
99303
99305
99549
99550
99554
99555
99557
99558
99559
99563
99564
99566
99594
99595
99599
99600
99602
99603
99604
99608
99609
99611
99621
99622
99626
99627
99629
99630
99631
99635
99636
99638
99639
99640
99644
99645
99647
99675
99676
99680
99681
99683
99684
99685
99689
99690
99692
99702
99703
99707
99708
99710
99792
99793
99797
99798
99800
99801
99802
99806
99807
99809
99837
99838
99842
99843
99845
99846
99847
99851
99852
99854
99864
99865
99869
99870
99872
