2
4
5
6
7
8
9
10
11
12
13
14
15
16
17
18
19
20
21
22
23
24
25
26
28
29
31
33
34
35
36
37
40
41
42
43
44
45
46
47
48
49
50
51
52
53
54
55
56
57
58
59
60
61
62
63
64
65
66
67
68
69
70
72
73
74
75
76
77
78
79
80
81
82
83
84
85
86
87
88
89
90
91
92
93
94
96
97
98
99
100
101
102
104
105
106
107
108
109
110
111
112
113
114
115
116
117
118
120
121
123
124
125
126
127
128
129
130
131
132
134
135
136
137
138
139
140
141
142
144
145
146
147
149
150
151
152
153
154
155
159
160
161
162
163
164
168
169
170
171
172
173
175
177
178
179
180
181
182
185
186
187
188
189
190
193
195
196
197
198
199
204
205
208
209
213
216
217
218
225
226
227
231
232
233
234
235
236
240
241
242
274
279
280
283
310
324
325
328
330
333
334
355
360
361
364
365
369
370
372
373
374
377
405
406
410
413
414
415
417
418
432
433
437
438
439
440
441
442
444
445
446
447
448
450
451
453
454
455
456
458
459
460
462
463
465
473
477
478
480
481
482
485
486
487
490
492
493
495
496
498
501
502
507
510
513
514
516
517
519
520
522
523
525
526
528
529
534
537
540
541
543
544
546
547
549
550
553
567
568
573
574
576
577
579
582
583
598
603
604
607
608
612
613
615
616
617
620
634
648
649
653
656
657
658
660
661
675
676
680
683
684
685
687
688
689
693
694
696
697
698
701
716
720
721
723
724
725
728
729
730
731
733
734
735
736
737
738
739
740
741
742
744
745
746
747
748
749
753
754
755
760
765
766
769
770
774
775
777
778
779
780
782
783
784
786
787
789
790
792
793
796
797
801
802
804
805
806
809
810
811
812
814
815
816
817
818
819
820
821
822
823
825
826
827
828
829
830
834
835
836
837
838
842
845
846
847
849
850
864
865
866
870
871
873
874
875
876
879
880
881
882
883
884
885
888
889
890
891
892
893
900
901
902
906
907
908
909
910
911
915
916
917
924
925
930
933
934
939
945
946
947
954
955
956
957
960
961
962
963
964
965
966
969
970
971
972
973
977
978
979
980
981
982
984
985
987
988
1005
1006
1011
1013
1014
1015
1017
1018
1020
1021
1022
1025
1040
1044
1045
1047
1048
1049
1052
1053
1054
1058
1061
1062
1063
1065
1066
1080
1081
1085
1088
1089
1090
1092
1093
1167
1168
1173
1176
1177
1182
1215
1216
1217
1221
1222
1224
1225
1226
1227
1230
1231
1232
1233
1234
1235
1239
1240
1241
1248
1249
1254
1257
1258
1263
1269
1270
1275
1276
1278
1279
1296
1297
1298
1302
1303
1305
1306
1307
1308
1311
1312
1313
1314
1315
1316
1320
1321
1322
1350
1351
1352
1359
1360
1361
1365
1366
1367
1368
1369
1370
1374
1375
1376
1377
1378
1379
1386
1387
1388
1392
1393
1394
1395
1396
1397
1401
1402
1403
1431
1432
1433
1440
1441
1442
1446
1447
1448
1449
1450
1451
1455
1456
1457
1458
1459
1460
1467
1468
1469
1473
1474
1475
1476
1477
1478
1482
1483
1484
1539
1540
1541
1548
1549
1550
1554
1555
1556
1557
1558
1559
1563
1564
1565
1593
1594
1595
1602
1603
1604
1608
1609
1610
1611
1612
1613
1617
1618
1619
1620
1621
1622
1629
1630
1631
1635
1636
1637
1638
1639
1640
1644
1645
1646
1674
1675
1676
1683
1684
1685
1689
1690
1691
1692
1693
1694
1698
1699
1700
1944
1945
1946
1953
1954
1955
1959
1960
1961
1962
1963
1964
1968
1969
1970
2025
2026
2027
2034
2035
2036
2040
2041
2042
2043
2044
2045
2049
2050
2051
2079
2080
2081
2088
2089
2090
2094
2095
2096
2097
2098
2099
2103
2104
2105
2106
2107
2108
2115
2116
2117
2121
2122
2123
2124
2125
2126
2130
2131
2132
2160
2161
2162
2169
2170
2171
2175
2176
2177
2178
2179
2180
2184
2185
2186
