2
4
5
6
7
8
9
10
11
12
13
14
15
16
17
18
19
20
21
22
23
24
25
26
28
29
31
32
33
34
35
36
37
38
39
40
41
42
43
44
45
46
47
48
49
50
51
52
53
54
55
56
57
58
59
60
61
62
63
64
65
66
67
68
69
70
71
72
73
74
75
76
77
78
79
80
81
82
83
84
85
86
87
88
89
90
91
92
93
94
95
96
97
98
99
100
101
102
103
104
105
106
107
108
109
110
111
112
113
114
115
116
117
118
119
120
121
122
123
124
125
126
127
128
129
130
131
132
133
134
135
136
137
138
139
140
141
142
143
144
145
146
147
148
149
150
151
152
153
154
155
156
157
158
159
160
161
162
163
164
167
168
169
170
171
172
173
174
175
176
177
178
179
180
181
182
185
186
187
188
189
190
193
195
196
197
198
199
200
201
204
205
207
208
209
210
212
213
216
217
218
225
226
227
228
229
230
231
232
233
234
235
236
240
241
242
274
279
280
283
309
310
311
318
319
320
321
324
325
328
329
330
333
334
338
339
355
360
361
364
365
369
370
371
372
373
374
377
399
400
401
402
405
406
409
410
411
412
413
414
415
417
418
419
420
423
424
425
426
427
428
429
431
432
433
435
437
438
439
440
441
442
444
445
446
447
448
449
450
451
452
453
454
455
456
458
459
460
462
463
465
473
477
478
479
480
481
482
485
486
487
490
491
492
493
494
495
496
498
499
500
501
502
503
507
510
511
512
513
514
516
517
519
520
522
523
525
526
527
528
529
530
531
532
533
534
535
536
537
539
540
541
543
544
545
546
547
548
549
550
552
553
554
555
557
558
559
560
561
562
563
566
567
568
572
573
574
575
576
577
579
580
581
582
583
584
588
591
592
593
594
595
597
598
599
600
601
602
603
604
606
607
608
609
612
613
614
615
616
617
618
620
621
622
623
627
629
633
634
635
636
638
639
640
641
642
647
648
649
650
653
654
655
656
657
658
659
660
661
662
663
664
665
666
667
668
669
670
671
672
673
674
675
676
677
678
680
681
682
683
684
685
687
688
689
690
691
692
693
694
695
696
697
698
701
710
714
716
717
719
720
721
722
723
724
725
728
729
730
731
733
734
735
736
737
738
739
740
741
742
743
744
745
746
747
748
749
753
754
755
760
765
766
769
770
774
775
776
777
778
779
780
782
783
784
786
787
788
789
790
791
792
793
795
796
797
798
800
801
802
803
804
805
806
809
810
811
812
814
815
816
817
818
819
820
821
822
823
824
825
826
827
828
829
830
831
834
835
836
837
838
839
840
842
843
844
845
846
847
848
849
850
851
852
853
854
855
856
857
858
861
862
863
864
865
866
867
870
871
873
874
875
876
877
878
879
880
881
882
883
884
885
888
889
890
891
892
893
899
900
901
902
903
904
905
906
907
908
909
910
911
912
915
916
917
918
919
920
921
924
925
926
930
933
934
935
939
945
946
947
948
951
952
954
955
956
957
958
959
960
961
962
963
964
965
966
969
970
971
972
973
974
977
978
979
980
981
982
983
984
985
986
987
988
989
990
991
992
993
996
997
998
999
1000
1001
1002
1005
1006
1007
1011
1013
1014
1015
1016
1017
1018
1019
1020
1021
1022
1023
1025
1026
1027
1028
1031
1032
1033
1034
1035
1036
1038
1039
1040
1041
1043
1044
1045
1046
1047
1048
1049
1052
1053
1054
1055
1058
1059
1060
1061
1062
1063
1064
1065
1066
1067
1068
1069
1070
1071
1072
1073
1074
1077
1078
1079
1080
1081
1082
1083
1085
1086
1087
1088
1089
1090
1091
1092
1093
1094
1095
1096
1097
1098
1099
1100
1101
1104
1105
1106
1107
1108
1109
1113
1116
1117
1118
1119
1120
1121
1122
1123
1124
1125
1126
1127
1131
1132
1133
1134
1135
1136
1143
1144
1145
1146
1147
1148
1149
1150
1151
1152
1153
1154
1155
1158
1159
1160
1161
1162
1163
1164
1167
1168
1169
1173
1176
1177
1178
1182
1185
1187
1188
1189
1190
1194
1196
1197
1198
1199
1200
1201
1202
1203
1204
1205
1206
1207
1208
1209
1212
1213
1214
1215
1216
1217
1221
1222
1223
1224
1225
1226
1227
1228
1229
1230
1231
1232
1233
1234
1235
1239
1240
1241
1242
1243
1248
1249
1254
1257
1258
1259
1263
1266
1268
1269
1270
1271
1272
1275
1276
1278
1279
1296
1297
1298
1302
1303
1304
1305
1306
1307
1308
1309
1310
1311
1312
1313
1314
1315
1316
1320
1321
1322
1323
1324
1325
1332
1333
1334
1335
1336
1337
1338
1339
1340
1341
1342
1343
1347
1348
1349
1350
1351
1352
1359
1360
1361
1362
1363
1364
1365
1366
1367
1368
1369
1370
1374
1375
1376
1377
1378
1379
1386
1387
1388
1389
1390
1391
1392
1393
1394
1395
1396
1397
1401
1402
1403
1431
1432
1433
1440
1441
1442
1443
1444
1445
1446
1447
1448
1449
1450
1451
1455
1456
1457
1458
1459
1460
1466
1467
1468
1469
1470
1471
1472
1473
1474
1475
1476
1477
1478
1482
1483
1484
1520
1527
1529
1530
1531
1532
1533
1538
1539
1540
1541
1547
1548
1549
1550
1551
1552
1553
1554
1555
1556
1557
1558
1559
1560
1563
1564
1565
1566
1567
1568
1569
1572
1574
1575
1576
1577
1578
1579
1580
1581
1582
1583
1584
1585
1586
1587
1590
1591
1592
1593
1594
1595
1599
1602
1603
1604
1605
1606
1607
1608
1609
1610
1611
1612
1613
1617
1618
1619
1620
1621
1622
1628
1629
1630
1631
1632
1633
1634
1635
1636
1637
1638
1639
1640
1644
1645
1646
1674
1675
1676
1683
1684
1685
1686
1687
1688
1689
1690
1691
1692
1693
1694
1698
1699
1700
1944
1945
1946
1953
1954
1955
1956
1957
1958
1959
1960
1961
1962
1963
1964
1968
1969
1970
2025
2026
2027
2034
2035
2036
2037
2038
2039
2040
2041
2042
2043
2044
2045
2049
2050
2051
2052
2053
2054
2061
2062
2063
2064
2065
2066
2067
2068
2069
2070
2071
2072
2076
2077
2078
2079
2080
2081
2088
2089
2090
2091
2092
2093
2094
2095
2096
2097
2098
2099
2103
2104
2105
2106
2107
2108
2115
2116
2117
2118
2119
2120
2121
2122
2123
2124
2125
2126
2130
2131
2132
2160
2161
2162
2169
2170
2171
2172
2173
2174
2175
2176
2177
2178
2179
2180
2184
2185
2186
